timestamp,unix_time,instrument,price,direction,tick_size,session_id
2026-07-11 11:20:10,1783768810,R_75,55869.4456,1,2089.9784,BACKFILL_AUTO
2026-07-11 11:20:12,1783768812,R_75,55864.4084,-1,5.0371999999988475,BACKFILL_AUTO
2026-07-11 11:20:14,1783768814,R_75,55874.0582,1,9.649799999999232,BACKFILL_AUTO
2026-07-11 11:20:16,1783768816,R_75,55875.44,1,1.3818000000028405,BACKFILL_AUTO
2026-07-11 11:20:18,1783768818,R_75,55881.1959,1,5.755899999996473,BACKFILL_AUTO
2026-07-11 11:20:20,1783768820,R_75,55877.0487,-1,4.14719999999943,BACKFILL_AUTO
2026-07-11 11:20:22,1783768822,R_75,55871.7463,-1,5.302400000000489,BACKFILL_AUTO
2026-07-11 11:20:24,1783768824,R_75,55876.9894,1,5.243099999999686,BACKFILL_AUTO
2026-07-11 11:20:26,1783768826,R_75,55872.695,-1,4.294399999998859,BACKFILL_AUTO
2026-07-11 11:20:28,1783768828,R_75,55858.6776,-1,14.017399999996996,BACKFILL_AUTO
2026-07-11 11:20:30,1783768830,R_75,55843.5286,1,2083.846099999995,BACKFILL_AUTO
2026-07-11 11:20:32,1783768832,R_75,55844.4354,1,0.9068000000042957,BACKFILL_AUTO
2026-07-11 11:20:34,1783768834,R_75,55819.8055,-1,24.629899999999907,BACKFILL_AUTO
2026-07-11 11:20:36,1783768836,R_75,55814.6882,-1,5.1173000000053435,BACKFILL_AUTO
2026-07-11 11:20:38,1783768838,R_75,55818.3541,1,3.665899999999965,BACKFILL_AUTO
2026-07-11 11:20:40,1783768840,R_75,55826.4172,1,8.06310000000667,BACKFILL_AUTO
2026-07-11 11:20:42,1783768842,R_75,55835.6181,1,9.200899999996182,BACKFILL_AUTO
2026-07-11 11:20:44,1783768844,R_75,55838.4107,1,2.792600000000675,BACKFILL_AUTO
2026-07-11 11:20:46,1783768846,R_75,55848.8559,1,10.445200000001932,BACKFILL_AUTO
2026-07-11 11:20:48,1783768848,R_75,55843.7519,-1,5.10399999999936,BACKFILL_AUTO
2026-07-11 11:20:50,1783768850,R_75,55855.2785,1,2128.6382999999987,BACKFILL_AUTO
2026-07-11 11:20:52,1783768852,R_75,55873.4182,1,18.13969999999972,BACKFILL_AUTO
2026-07-11 11:20:54,1783768854,R_75,55872.7348,-1,0.6834000000017113,BACKFILL_AUTO
2026-07-11 11:20:56,1783768856,R_75,55869.3739,-1,3.360899999999674,BACKFILL_AUTO
2026-07-11 11:20:58,1783768858,R_75,55872.3897,1,3.015800000001036,BACKFILL_AUTO
2026-07-11 11:21:00,1783768860,R_75,55884.1117,1,11.722000000001572,BACKFILL_AUTO
2026-07-11 11:21:02,1783768862,R_75,55904.0485,1,19.936799999995856,BACKFILL_AUTO
2026-07-11 11:21:04,1783768864,R_75,55886.6391,-1,17.409399999996822,BACKFILL_AUTO
2026-07-11 11:21:06,1783768866,R_75,55886.7926,1,0.15350000000034925,BACKFILL_AUTO
2026-07-11 11:21:08,1783768868,R_75,55886.3024,-1,0.49020000000018626,BACKFILL_AUTO
2026-07-11 11:21:10,1783768870,R_75,55889.5551,1,3.252699999997276,BACKFILL_AUTO
2026-07-11 11:21:12,1783768872,R_75,55882.9537,1,2153.5161000000007,BACKFILL_AUTO
2026-07-11 11:21:14,1783768874,R_75,55878.1228,-1,4.830900000000838,BACKFILL_AUTO
2026-07-11 11:21:16,1783768876,R_75,55862.1536,-1,15.969199999999546,BACKFILL_AUTO
2026-07-11 11:21:18,1783768878,R_75,55861.0177,-1,1.1359000000011292,BACKFILL_AUTO
2026-07-11 11:21:20,1783768880,R_75,55857.5337,-1,3.4839999999967404,BACKFILL_AUTO
2026-07-11 11:21:22,1783768882,R_75,55865.4325,1,7.898800000002666,BACKFILL_AUTO
2026-07-11 11:21:24,1783768884,R_75,55874.6717,1,9.239199999996345,BACKFILL_AUTO
2026-07-11 11:21:26,1783768886,R_75,55872.2964,-1,2.3752999999996973,BACKFILL_AUTO
2026-07-11 11:21:28,1783768888,R_75,55846.4678,-1,25.828600000000733,BACKFILL_AUTO
2026-07-11 11:21:30,1783768890,R_75,55819.6703,-1,26.797500000000582,BACKFILL_AUTO
2026-07-11 11:21:32,1783768892,R_75,55839.7569,1,2085.4493999999977,BACKFILL_AUTO
2026-07-11 11:21:34,1783768894,R_75,55845.4747,1,5.717799999998533,BACKFILL_AUTO
2026-07-11 11:21:36,1783768896,R_75,55857.4114,1,11.936699999998382,BACKFILL_AUTO
2026-07-11 11:21:38,1783768898,R_75,55853.5964,-1,3.8149999999950523,BACKFILL_AUTO
2026-07-11 11:21:40,1783768900,R_75,55868.7495,1,15.153099999995902,BACKFILL_AUTO
2026-07-11 11:21:42,1783768902,R_75,55876.9442,1,8.194700000000012,BACKFILL_AUTO
2026-07-11 11:21:44,1783768904,R_75,55869.0537,-1,7.890500000001339,BACKFILL_AUTO
2026-07-11 11:21:46,1783768906,R_75,55868.4034,-1,0.6502999999938766,BACKFILL_AUTO
2026-07-11 11:21:48,1783768908,R_75,55868.679,1,0.2755999999935739,BACKFILL_AUTO
2026-07-11 11:21:50,1783768910,R_75,55872.8935,1,4.214500000001863,BACKFILL_AUTO
2026-07-11 11:21:52,1783768912,R_75,55860.3611,1,2177.298600000002,BACKFILL_AUTO
2026-07-11 11:21:54,1783768914,R_75,55860.0804,-1,0.28070000000298023,BACKFILL_AUTO
2026-07-11 11:21:56,1783768916,R_75,55853.6459,-1,6.434499999995751,BACKFILL_AUTO
2026-07-11 11:21:58,1783768918,R_75,55854.9507,1,1.3047999999980675,BACKFILL_AUTO
2026-07-11 11:22:00,1783768920,R_75,55840.6766,-1,14.274100000002363,BACKFILL_AUTO
2026-07-11 11:22:02,1783768922,R_75,55841.9509,1,1.2743000000045868,BACKFILL_AUTO
2026-07-11 11:22:04,1783768924,R_75,55849.7757,1,7.824799999994866,BACKFILL_AUTO
2026-07-11 11:22:06,1783768926,R_75,55841.4837,-1,8.29200000000128,BACKFILL_AUTO
2026-07-11 11:22:08,1783768928,R_75,55843.7209,1,2.237200000003213,BACKFILL_AUTO
2026-07-11 11:22:10,1783768930,R_75,55846.2558,1,2.5348999999987427,BACKFILL_AUTO
2026-07-11 11:22:12,1783768932,R_75,55854.6267,1,8.370900000001711,BACKFILL_AUTO
2026-07-11 11:22:14,1783768934,R_75,55846.8235,1,2161.578300000001,BACKFILL_AUTO
2026-07-11 11:22:16,1783768936,R_75,55868.9446,1,22.121100000003935,BACKFILL_AUTO
2026-07-11 11:22:18,1783768938,R_75,55855.0578,-1,13.886800000000221,BACKFILL_AUTO
2026-07-11 11:22:20,1783768940,R_75,55842.6374,-1,12.4204000000027,BACKFILL_AUTO
2026-07-11 11:22:22,1783768942,R_75,55855.9542,1,13.316800000000512,BACKFILL_AUTO
2026-07-11 11:22:24,1783768944,R_75,55876.6309,1,20.676699999996345,BACKFILL_AUTO
2026-07-11 11:22:26,1783768946,R_75,55885.205,1,8.574100000005274,BACKFILL_AUTO
2026-07-11 11:22:28,1783768948,R_75,55886.0602,1,0.855199999998149,BACKFILL_AUTO
2026-07-11 11:22:30,1783768950,R_75,55875.4296,-1,10.630599999996775,BACKFILL_AUTO
2026-07-11 11:22:32,1783768952,R_75,55862.1644,-1,13.265200000001641,BACKFILL_AUTO
2026-07-11 11:22:34,1783768954,R_75,55880.492,1,2125.8559999999998,BACKFILL_AUTO
2026-07-11 11:22:36,1783768956,R_75,55850.4606,-1,30.03139999999985,BACKFILL_AUTO
2026-07-11 11:22:38,1783768958,R_75,55843.834,-1,6.62659999999596,BACKFILL_AUTO
2026-07-11 11:22:40,1783768960,R_75,55851.0859,1,7.251899999995658,BACKFILL_AUTO
2026-07-11 11:22:42,1783768962,R_75,55858.054,1,6.9680999999982305,BACKFILL_AUTO
2026-07-11 11:22:44,1783768964,R_75,55861.0649,1,3.0109000000011292,BACKFILL_AUTO
2026-07-11 11:22:46,1783768966,R_75,55859.6606,-1,1.4042999999946915,BACKFILL_AUTO
2026-07-11 11:22:48,1783768968,R_75,55868.5303,1,8.869699999995646,BACKFILL_AUTO
2026-07-11 11:22:50,1783768970,R_75,55874.9914,1,6.461100000000442,BACKFILL_AUTO
2026-07-11 11:22:52,1783768972,R_75,55873.5145,-1,1.4769000000014785,BACKFILL_AUTO
2026-07-11 11:22:54,1783768974,R_75,55882.4222,1,2138.560900000004,BACKFILL_AUTO
2026-07-11 11:22:56,1783768976,R_75,55889.6657,1,7.243499999996857,BACKFILL_AUTO
2026-07-11 11:22:58,1783768978,R_75,55893.0883,1,3.422600000005332,BACKFILL_AUTO
2026-07-11 11:23:00,1783768980,R_75,55881.9659,-1,11.122400000000198,BACKFILL_AUTO
2026-07-11 11:23:02,1783768982,R_75,55889.8633,1,7.897399999994377,BACKFILL_AUTO
2026-07-11 11:23:04,1783768984,R_75,55897.8167,1,7.953400000005786,BACKFILL_AUTO
2026-07-11 11:23:06,1783768986,R_75,55910.1701,1,12.353399999999965,BACKFILL_AUTO
2026-07-11 11:23:08,1783768988,R_75,55911.1225,1,0.9523999999946682,BACKFILL_AUTO
2026-07-11 11:23:10,1783768990,R_75,55908.4048,-1,2.7177000000010594,BACKFILL_AUTO
2026-07-11 11:23:12,1783768992,R_75,55922.5193,1,14.114500000003318,BACKFILL_AUTO
2026-07-11 11:23:14,1783768994,R_75,55926.1041,1,3.5847999999969034,BACKFILL_AUTO
2026-07-11 11:23:16,1783768996,R_75,55931.0236,1,2202.6007000000027,BACKFILL_AUTO
2026-07-11 11:23:18,1783768998,R_75,55942.0072,1,10.98359999999957,BACKFILL_AUTO
2026-07-11 11:23:20,1783769000,R_75,55943.6706,1,1.6633999999976368,BACKFILL_AUTO
2026-07-11 11:23:22,1783769002,R_75,55940.8089,-1,2.8616999999940163,BACKFILL_AUTO
2026-07-11 11:23:24,1783769004,R_75,55940.2477,-1,0.5612000000037369,BACKFILL_AUTO
2026-07-11 11:23:26,1783769006,R_75,55939.4759,-1,0.7718000000022585,BACKFILL_AUTO
2026-07-11 11:23:28,1783769008,R_75,55934.9023,-1,4.573599999996077,BACKFILL_AUTO
2026-07-11 11:23:30,1783769010,R_75,55918.4575,-1,16.44480000000476,BACKFILL_AUTO
2026-07-11 11:23:32,1783769012,R_75,55935.9666,1,17.509100000002945,BACKFILL_AUTO
2026-07-11 11:23:34,1783769014,R_75,55933.0509,-1,2.9156999999977415,BACKFILL_AUTO
2026-07-11 11:23:36,1783769016,R_75,55943.3934,1,2165.7136000000028,BACKFILL_AUTO
2026-07-11 11:23:38,1783769018,R_75,55953.8256,1,10.432199999995646,BACKFILL_AUTO
2026-07-11 11:23:40,1783769020,R_75,55922.2978,-1,31.527799999996205,BACKFILL_AUTO
2026-07-11 11:23:42,1783769022,R_75,55932.0854,1,9.787600000003295,BACKFILL_AUTO
2026-07-11 11:23:44,1783769024,R_75,55934.8996,1,2.814199999993434,BACKFILL_AUTO
2026-07-11 11:23:46,1783769026,R_75,55943.0285,1,8.128900000003341,BACKFILL_AUTO
2026-07-11 11:23:48,1783769028,R_75,55938.1397,-1,4.888800000000629,BACKFILL_AUTO
2026-07-11 11:23:50,1783769030,R_75,55928.9543,-1,9.185400000002119,BACKFILL_AUTO
2026-07-11 11:23:52,1783769032,R_75,55929.8711,1,0.916799999999057,BACKFILL_AUTO
2026-07-11 11:23:54,1783769034,R_75,55937.1272,1,7.256100000005972,BACKFILL_AUTO
2026-07-11 11:23:56,1783769036,R_75,55937.6922,1,0.5649999999950523,BACKFILL_AUTO
2026-07-11 11:23:58,1783769038,R_75,55956.2392,1,18.547000000005937,BACKFILL_AUTO
2026-07-11 11:24:00,1783769040,R_75,55941.4903,-1,14.74890000000596,BACKFILL_AUTO
2026-07-11 11:24:02,1783769042,R_75,55938.7137,-1,2.7765999999974156,BACKFILL_AUTO
2026-07-11 11:24:04,1783769044,R_75,55939.5648,1,0.8510999999998603,BACKFILL_AUTO
2026-07-11 11:24:06,1783769046,R_75,55947.1908,1,7.625999999996566,BACKFILL_AUTO
2026-07-11 11:24:08,1783769048,R_75,55962.0313,1,14.840500000005704,BACKFILL_AUTO
2026-07-11 11:24:10,1783769050,R_75,55947.8471,-1,14.18420000000333,BACKFILL_AUTO
2026-07-11 11:24:12,1783769052,R_75,55939.408,-1,8.43909999999596,BACKFILL_AUTO
2026-07-11 11:24:14,1783769054,R_75,55928.4667,-1,10.941300000005867,BACKFILL_AUTO
2026-07-11 11:24:16,1783769056,R_75,55923.9231,-1,4.543599999997241,BACKFILL_AUTO
2026-07-11 11:24:18,1783769058,R_75,55907.0854,-1,16.837699999996403,BACKFILL_AUTO
2026-07-11 11:24:20,1783769060,R_75,55891.0754,-1,16.010000000002037,BACKFILL_AUTO
2026-07-11 11:24:22,1783769062,R_75,55892.1117,1,1.0362999999997555,BACKFILL_AUTO
2026-07-11 11:24:24,1783769064,R_75,55898.4236,1,6.311900000000605,BACKFILL_AUTO
2026-07-11 11:24:26,1783769066,R_75,55889.6292,-1,8.79439999999886,BACKFILL_AUTO
2026-07-11 11:24:28,1783769068,R_75,55893.8446,1,4.215399999993679,BACKFILL_AUTO
2026-07-11 11:24:30,1783769070,R_75,55903.3528,1,9.508200000003853,BACKFILL_AUTO
2026-07-11 11:24:32,1783769072,R_75,55901.3855,-1,1.9673000000038883,BACKFILL_AUTO
2026-07-11 11:24:34,1783769074,R_75,55888.8434,-1,12.542099999998754,BACKFILL_AUTO
2026-07-11 11:24:36,1783769076,R_75,55882.2176,-1,6.625799999994342,BACKFILL_AUTO
2026-07-11 11:24:38,1783769078,R_75,55889.9224,1,7.704799999999523,BACKFILL_AUTO
2026-07-11 11:24:40,1783769080,R_75,55891.2881,1,1.3656999999948312,BACKFILL_AUTO
2026-07-11 11:24:42,1783769082,R_75,55898.7259,1,7.437799999999697,BACKFILL_AUTO
2026-07-11 11:24:44,1783769084,R_75,55907.1055,1,8.37960000000021,BACKFILL_AUTO
2026-07-11 11:24:46,1783769086,R_75,55910.2822,1,3.1767000000036205,BACKFILL_AUTO
2026-07-11 11:24:48,1783769088,R_75,55921.7203,1,11.438099999999395,BACKFILL_AUTO
2026-07-11 11:24:50,1783769090,R_75,55924.4056,1,2.685299999997369,BACKFILL_AUTO
2026-07-11 11:24:52,1783769092,R_75,55917.4366,-1,6.9689999999973224,BACKFILL_AUTO
2026-07-11 11:24:54,1783769094,R_75,55915.562,-1,1.874600000002829,BACKFILL_AUTO
2026-07-11 11:24:56,1783769096,R_75,55901.2276,-1,14.334399999999732,BACKFILL_AUTO
2026-07-11 11:24:58,1783769098,R_75,55898.3521,-1,2.875500000001921,BACKFILL_AUTO
2026-07-11 11:25:00,1783769100,R_75,55891.5624,-1,6.7896999999939,BACKFILL_AUTO
2026-07-11 11:25:02,1783769102,R_75,55897.4465,1,5.884099999995669,BACKFILL_AUTO
2026-07-11 11:25:04,1783769104,R_75,55919.1224,1,21.675900000002002,BACKFILL_AUTO
2026-07-11 11:25:06,1783769106,R_75,55904.7723,-1,14.350100000003295,BACKFILL_AUTO
2026-07-11 11:25:08,1783769108,R_75,55912.0998,1,7.327500000006694,BACKFILL_AUTO
2026-07-11 11:25:10,1783769110,R_75,55916.5346,1,4.434799999995448,BACKFILL_AUTO
2026-07-11 11:25:12,1783769112,R_75,55923.8855,1,7.350899999997637,BACKFILL_AUTO
2026-07-11 11:25:14,1783769114,R_75,55911.5853,-1,12.300199999997858,BACKFILL_AUTO
2026-07-11 11:25:16,1783769116,R_75,55915.6042,1,4.018900000002759,BACKFILL_AUTO
2026-07-11 11:25:18,1783769118,R_75,55910.6282,-1,4.9760000000023865,BACKFILL_AUTO
2026-07-11 11:25:20,1783769120,R_75,55917.6304,1,7.002200000002631,BACKFILL_AUTO
2026-07-11 11:25:22,1783769122,R_75,55911.8101,-1,5.820299999999406,BACKFILL_AUTO
2026-07-11 11:25:24,1783769124,R_75,55903.5356,-1,8.274499999999534,BACKFILL_AUTO
2026-07-11 11:25:26,1783769126,R_75,55922.4679,1,18.932300000000396,BACKFILL_AUTO
2026-07-11 11:25:28,1783769128,R_75,55917.1016,-1,5.366300000001502,BACKFILL_AUTO
2026-07-11 11:25:30,1783769130,R_75,55903.9134,-1,13.188200000004144,BACKFILL_AUTO
2026-07-11 11:25:32,1783769132,R_75,55898.1422,-1,5.771199999995588,BACKFILL_AUTO
2026-07-11 11:25:34,1783769134,R_75,55889.0065,-1,9.135699999998906,BACKFILL_AUTO
2026-07-11 11:25:36,1783769136,R_75,55880.7879,-1,8.218600000000151,BACKFILL_AUTO
2026-07-11 11:25:38,1783769138,R_75,55888.9573,1,8.16939999999886,BACKFILL_AUTO
2026-07-11 11:25:40,1783769140,R_75,55895.3616,1,6.4042999999946915,BACKFILL_AUTO
2026-07-11 11:25:42,1783769142,R_75,55885.2323,-1,10.129299999993236,BACKFILL_AUTO
2026-07-11 11:25:44,1783769144,R_75,55874.3726,-1,10.859700000000885,BACKFILL_AUTO
2026-07-11 11:25:46,1783769146,R_75,55888.0266,1,13.653999999994994,BACKFILL_AUTO
2026-07-11 11:25:48,1783769148,R_75,55873.9892,-1,14.037399999993795,BACKFILL_AUTO
2026-07-11 11:25:50,1783769150,R_75,55869.4148,-1,4.574400000004971,BACKFILL_AUTO
2026-07-11 11:25:52,1783769152,R_75,55875.6121,1,6.197299999999814,BACKFILL_AUTO
2026-07-11 11:25:54,1783769154,R_75,55879.2057,1,3.5936000000001513,BACKFILL_AUTO
2026-07-11 11:25:56,1783769156,R_75,55883.7536,1,4.547899999997753,BACKFILL_AUTO
2026-07-11 11:25:58,1783769158,R_75,55865.7507,-1,18.0028999999995,BACKFILL_AUTO
2026-07-11 11:26:00,1783769160,R_75,55874.2416,1,8.49090000000433,BACKFILL_AUTO
2026-07-11 11:26:02,1783769162,R_75,55871.2019,-1,3.039700000001176,BACKFILL_AUTO
2026-07-11 11:26:04,1783769164,R_75,55869.4028,-1,1.7990999999965425,BACKFILL_AUTO
2026-07-11 11:26:06,1783769166,R_75,55863.4421,-1,5.960700000003271,BACKFILL_AUTO
2026-07-11 11:26:08,1783769168,R_75,55868.8553,1,5.413200000002689,BACKFILL_AUTO
2026-07-11 11:26:10,1783769170,R_75,55860.3197,-1,8.535600000002887,BACKFILL_AUTO
2026-07-11 11:26:12,1783769172,R_75,55873.1424,1,12.822699999996985,BACKFILL_AUTO
2026-07-11 11:26:14,1783769174,R_75,55877.0574,1,3.915000000000873,BACKFILL_AUTO
2026-07-11 11:26:16,1783769176,R_75,55871.8111,-1,5.246299999998882,BACKFILL_AUTO
2026-07-11 11:26:18,1783769178,R_75,55868.1825,-1,3.628599999996368,BACKFILL_AUTO
2026-07-11 11:26:20,1783769180,R_75,55866.9924,-1,1.190099999999802,BACKFILL_AUTO
2026-07-11 11:26:22,1783769182,R_75,55864.1627,-1,2.829700000002049,BACKFILL_AUTO
2026-07-11 11:26:24,1783769184,R_75,55874.0344,1,9.871699999996054,BACKFILL_AUTO
2026-07-11 11:26:26,1783769186,R_75,55872.9376,-1,1.096799999999348,BACKFILL_AUTO
2026-07-11 11:26:28,1783769188,R_75,55856.3307,-1,16.60689999999886,BACKFILL_AUTO
2026-07-11 11:26:30,1783769190,R_75,55841.9809,-1,14.349799999996321,BACKFILL_AUTO
2026-07-11 11:26:32,1783769192,R_75,55837.3834,-1,4.5975000000034925,BACKFILL_AUTO
2026-07-11 11:26:34,1783769194,R_75,55818.6871,-1,18.696299999995972,BACKFILL_AUTO
2026-07-11 11:26:36,1783769196,R_75,55803.765,-1,14.922100000003411,BACKFILL_AUTO
2026-07-11 11:26:38,1783769198,R_75,55796.2889,-1,7.47609999999986,BACKFILL_AUTO
2026-07-11 11:26:40,1783769200,R_75,55797.2733,1,0.9844000000011874,BACKFILL_AUTO
2026-07-11 11:26:42,1783769202,R_75,55789.7578,-1,7.515500000001339,BACKFILL_AUTO
2026-07-11 11:26:44,1783769204,R_75,55779.9933,-1,9.764499999997497,BACKFILL_AUTO
2026-07-11 11:26:46,1783769206,R_75,55775.8273,-1,4.166000000004715,BACKFILL_AUTO
2026-07-11 11:26:48,1783769208,R_75,55793.6958,1,17.868500000004133,BACKFILL_AUTO
2026-07-11 11:26:50,1783769210,R_75,55796.3798,1,2.684000000001106,BACKFILL_AUTO
2026-07-11 11:26:52,1783769212,R_75,55814.2811,1,17.90129999999772,BACKFILL_AUTO
2026-07-11 11:26:54,1783769214,R_75,55814.903,1,0.621899999998277,BACKFILL_AUTO
2026-07-11 11:26:56,1783769216,R_75,55804.9795,-1,9.923499999997148,BACKFILL_AUTO
2026-07-11 11:26:58,1783769218,R_75,55811.2752,1,6.295699999995122,BACKFILL_AUTO
2026-07-11 11:27:00,1783769220,R_75,55800.4203,-1,10.854899999998452,BACKFILL_AUTO
2026-07-11 11:27:02,1783769222,R_75,55815.2999,1,14.87960000000021,BACKFILL_AUTO
2026-07-11 11:27:04,1783769224,R_75,55802.3388,-1,12.961100000000442,BACKFILL_AUTO
2026-07-11 11:27:06,1783769226,R_75,55822.4896,1,20.150800000003073,BACKFILL_AUTO
2026-07-11 11:27:08,1783769228,R_75,55814.71,-1,7.779600000001665,BACKFILL_AUTO
2026-07-11 11:27:10,1783769230,R_75,55833.6413,1,18.93130000000383,BACKFILL_AUTO
2026-07-11 11:27:12,1783769232,R_75,55841.6864,1,8.045099999995728,BACKFILL_AUTO
2026-07-11 11:27:14,1783769234,R_75,55853.6911,1,12.004699999997683,BACKFILL_AUTO
2026-07-11 11:27:16,1783769236,R_75,55845.8407,-1,7.850399999995716,BACKFILL_AUTO
2026-07-11 11:27:18,1783769238,R_75,55857.8607,1,12.019999999996799,BACKFILL_AUTO
2026-07-11 11:27:20,1783769240,R_75,55869.9841,1,12.12340000000404,BACKFILL_AUTO
2026-07-11 11:27:22,1783769242,R_75,55884.1286,1,14.144499999994878,BACKFILL_AUTO
2026-07-11 11:27:24,1783769244,R_75,55871.2205,-1,12.908099999993283,BACKFILL_AUTO
2026-07-11 11:27:26,1783769246,R_75,55871.0461,-1,0.17440000000351574,BACKFILL_AUTO
2026-07-11 11:27:28,1783769248,R_75,55877.0258,1,5.979700000003504,BACKFILL_AUTO
2026-07-11 11:27:30,1783769250,R_75,55888.2706,1,11.244800000000396,BACKFILL_AUTO
2026-07-11 11:27:32,1783769252,R_75,55877.5264,-1,10.744200000001001,BACKFILL_AUTO
2026-07-11 11:27:34,1783769254,R_75,55879.6936,1,2.167199999996228,BACKFILL_AUTO
2026-07-11 11:27:36,1783769256,R_75,55881.7747,1,2.0811000000030617,BACKFILL_AUTO
2026-07-11 11:27:38,1783769258,R_75,55882.9824,1,1.2076999999990221,BACKFILL_AUTO
2026-07-11 11:27:40,1783769260,R_75,55865.9168,-1,17.065600000001723,BACKFILL_AUTO
2026-07-11 11:27:42,1783769262,R_75,55862.7734,-1,3.143400000000838,BACKFILL_AUTO
2026-07-11 11:27:44,1783769264,R_75,55859.9784,-1,2.7949999999982538,BACKFILL_AUTO
2026-07-11 11:27:46,1783769266,R_75,55854.5763,-1,5.402099999999336,BACKFILL_AUTO
2026-07-11 11:27:48,1783769268,R_75,55858.1603,1,3.584000000002561,BACKFILL_AUTO
2026-07-11 11:27:50,1783769270,R_75,55845.6457,-1,12.514600000002247,BACKFILL_AUTO
2026-07-11 11:27:52,1783769272,R_75,55829.4504,-1,16.195299999999406,BACKFILL_AUTO
2026-07-11 11:27:54,1783769274,R_75,55817.4741,-1,11.976300000002084,BACKFILL_AUTO
2026-07-11 11:27:56,1783769276,R_75,55803.6329,-1,13.841200000002573,BACKFILL_AUTO
2026-07-11 11:27:58,1783769278,R_75,55801.5859,-1,2.0469999999986612,BACKFILL_AUTO
2026-07-11 11:28:00,1783769280,R_75,55782.596,-1,18.98990000000049,BACKFILL_AUTO
2026-07-11 11:28:02,1783769282,R_75,55788.5928,1,5.996800000000803,BACKFILL_AUTO
2026-07-11 11:28:04,1783769284,R_75,55794.5493,1,5.956500000000233,BACKFILL_AUTO
2026-07-11 11:28:06,1783769286,R_75,55792.2833,-1,2.2659999999959837,BACKFILL_AUTO
2026-07-11 11:28:08,1783769288,R_75,55782.9294,-1,9.353900000001886,BACKFILL_AUTO
2026-07-11 11:28:10,1783769290,R_75,55780.1216,-1,2.8078000000023167,BACKFILL_AUTO
2026-07-11 11:28:12,1783769292,R_75,55782.9018,1,2.7802000000010594,BACKFILL_AUTO
2026-07-11 11:28:14,1783769294,R_75,55787.1233,1,4.221499999999651,BACKFILL_AUTO
2026-07-11 11:28:16,1783769296,R_75,55782.5594,-1,4.563900000001013,BACKFILL_AUTO
2026-07-11 11:28:18,1783769298,R_75,55768.4188,-1,14.140599999998813,BACKFILL_AUTO
2026-07-11 11:28:20,1783769300,R_75,55766.9115,-1,1.5072999999974854,BACKFILL_AUTO
2026-07-11 11:28:22,1783769302,R_75,55782.6701,1,15.758600000001024,BACKFILL_AUTO
2026-07-11 11:28:24,1783769304,R_75,55792.4719,1,9.801799999993818,BACKFILL_AUTO
2026-07-11 11:28:26,1783769306,R_75,55787.5543,-1,4.917599999993399,BACKFILL_AUTO
2026-07-11 11:28:28,1783769308,R_75,55801.8303,1,14.275999999998021,BACKFILL_AUTO
2026-07-11 11:28:30,1783769310,R_75,55792.2845,-1,9.545799999999872,BACKFILL_AUTO
2026-07-11 11:28:32,1783769312,R_75,55787.9546,-1,4.329900000004272,BACKFILL_AUTO
2026-07-11 11:28:34,1783769314,R_75,55786.3727,-1,1.581899999997404,BACKFILL_AUTO
2026-07-11 11:28:36,1783769316,R_75,55784.3267,-1,2.0460000000020955,BACKFILL_AUTO
2026-07-11 11:28:38,1783769318,R_75,55767.055,-1,17.27169999999751,BACKFILL_AUTO
2026-07-11 11:28:40,1783769320,R_75,55770.7646,1,3.7096000000019558,BACKFILL_AUTO
2026-07-11 11:28:42,1783769322,R_75,55776.3851,1,5.620499999997264,BACKFILL_AUTO
2026-07-11 11:28:44,1783769324,R_75,55781.0799,1,4.694799999997485,BACKFILL_AUTO
2026-07-11 11:28:46,1783769326,R_75,55764.5536,-1,16.52629999999772,BACKFILL_AUTO
2026-07-11 11:28:48,1783769328,R_75,55773.4443,1,8.890700000003562,BACKFILL_AUTO
2026-07-11 11:28:50,1783769330,R_75,55782.1508,1,8.706500000000233,BACKFILL_AUTO
2026-07-11 11:28:52,1783769332,R_75,55779.9604,-1,2.1903999999994994,BACKFILL_AUTO
2026-07-11 11:28:54,1783769334,R_75,55772.9791,-1,6.9813000000067404,BACKFILL_AUTO
2026-07-11 11:28:56,1783769336,R_75,55766.2226,-1,6.756499999995867,BACKFILL_AUTO
2026-07-11 11:28:58,1783769338,R_75,55790.7903,1,24.567699999999604,BACKFILL_AUTO
2026-07-11 11:29:00,1783769340,R_75,55800.9157,1,10.125399999997171,BACKFILL_AUTO
2026-07-11 11:29:02,1783769342,R_75,55790.9381,-1,9.977599999998347,BACKFILL_AUTO
2026-07-11 11:29:04,1783769344,R_75,55789.804,-1,1.1341000000029453,BACKFILL_AUTO
2026-07-11 11:29:06,1783769346,R_75,55777.0295,-1,12.774499999999534,BACKFILL_AUTO
2026-07-11 11:29:08,1783769348,R_75,55779.9322,1,2.902700000006007,BACKFILL_AUTO
2026-07-11 11:29:10,1783769350,R_75,55793.6032,1,13.67099999999482,BACKFILL_AUTO
2026-07-11 11:29:12,1783769352,R_75,55779.8625,-1,13.740699999994831,BACKFILL_AUTO
2026-07-11 11:29:14,1783769354,R_75,55792.3598,1,12.497299999995448,BACKFILL_AUTO
2026-07-11 11:29:16,1783769356,R_75,55795.3018,1,2.9420000000027358,BACKFILL_AUTO
2026-07-11 11:29:18,1783769358,R_75,55781.8457,-1,13.456100000003062,BACKFILL_AUTO
2026-07-11 11:29:20,1783769360,R_75,55783.0565,1,1.210800000000745,BACKFILL_AUTO
2026-07-11 11:29:22,1783769362,R_75,55769.7224,-1,13.334100000000035,BACKFILL_AUTO
2026-07-11 11:29:24,1783769364,R_75,55750.4142,-1,19.308199999999488,BACKFILL_AUTO
2026-07-11 11:29:26,1783769366,R_75,55761.1057,1,10.691500000000815,BACKFILL_AUTO
2026-07-11 11:29:28,1783769368,R_75,55760.494,-1,0.6117000000012922,BACKFILL_AUTO
2026-07-11 11:29:30,1783769370,R_75,55764.9006,1,4.406600000002072,BACKFILL_AUTO
2026-07-11 11:29:32,1783769372,R_75,55750.7847,-1,14.11590000000433,BACKFILL_AUTO
2026-07-11 11:29:34,1783769374,R_75,55751.0117,1,0.22700000000622822,BACKFILL_AUTO
2026-07-11 11:29:36,1783769376,R_75,55746.1714,-1,4.840300000003481,BACKFILL_AUTO
2026-07-11 11:29:38,1783769378,R_75,55750.0844,1,3.9130000000004657,BACKFILL_AUTO
2026-07-11 11:29:40,1783769380,R_75,55754.1593,1,4.074899999999616,BACKFILL_AUTO
2026-07-11 11:29:42,1783769382,R_75,55752.6831,-1,1.476199999997334,BACKFILL_AUTO
2026-07-11 11:29:44,1783769384,R_75,55756.5731,1,3.889999999999418,BACKFILL_AUTO
2026-07-11 11:29:46,1783769386,R_75,55772.7414,1,16.168299999997544,BACKFILL_AUTO
2026-07-11 11:29:48,1783769388,R_75,55783.0299,1,10.288500000002387,BACKFILL_AUTO
2026-07-11 11:29:50,1783769390,R_75,55798.5697,1,15.53979999999865,BACKFILL_AUTO
2026-07-11 11:29:52,1783769392,R_75,55786.4527,-1,12.11699999999837,BACKFILL_AUTO
2026-07-11 11:29:54,1783769394,R_75,55790.7661,1,4.313399999999092,BACKFILL_AUTO
2026-07-11 11:29:56,1783769396,R_75,55787.8856,-1,2.8804999999993015,BACKFILL_AUTO
2026-07-11 11:29:58,1783769398,R_75,55796.7747,1,8.889100000000326,BACKFILL_AUTO
2026-07-11 11:30:00,1783769400,R_75,55806.151,1,9.376299999996263,BACKFILL_AUTO
2026-07-11 11:30:02,1783769402,R_75,55813.8433,1,7.692300000002433,BACKFILL_AUTO
2026-07-11 11:30:04,1783769404,R_75,55807.9243,-1,5.919000000001688,BACKFILL_AUTO
2026-07-11 11:30:06,1783769406,R_75,55795.7533,-1,12.171000000002095,BACKFILL_AUTO
2026-07-11 11:30:08,1783769408,R_75,55780.8276,-1,14.925699999999779,BACKFILL_AUTO
2026-07-11 11:30:10,1783769410,R_75,55778.6703,-1,2.1572999999989406,BACKFILL_AUTO
2026-07-11 11:30:12,1783769412,R_75,55768.4878,-1,10.182499999995343,BACKFILL_AUTO
2026-07-11 11:30:14,1783769414,R_75,55757.2761,-1,11.211699999999837,BACKFILL_AUTO
2026-07-11 11:30:16,1783769416,R_75,55750.0073,-1,7.268800000005285,BACKFILL_AUTO
2026-07-11 11:30:18,1783769418,R_75,55747.7538,-1,2.253499999998894,BACKFILL_AUTO
2026-07-11 11:30:20,1783769420,R_75,55749.4234,1,1.6696000000010827,BACKFILL_AUTO
2026-07-11 11:30:22,1783769422,R_75,55744.6251,-1,4.7983000000022,BACKFILL_AUTO
2026-07-11 11:30:24,1783769424,R_75,55744.0443,-1,0.5807999999960884,BACKFILL_AUTO
2026-07-11 11:30:26,1783769426,R_75,55756.9456,1,12.901299999997718,BACKFILL_AUTO
2026-07-11 11:30:28,1783769428,R_75,55757.5511,1,0.6054999999978463,BACKFILL_AUTO
2026-07-11 11:30:30,1783769430,R_75,55770.0162,1,12.465100000001257,BACKFILL_AUTO
2026-07-11 11:30:32,1783769432,R_75,55776.2077,1,6.191500000000815,BACKFILL_AUTO
2026-07-11 11:30:34,1783769434,R_75,55774.9464,-1,1.2612999999983003,BACKFILL_AUTO
2026-07-11 11:30:36,1783769436,R_75,55778.1345,1,3.1880999999993946,BACKFILL_AUTO
2026-07-11 11:30:38,1783769438,R_75,55778.1199,-1,0.014600000002246816,BACKFILL_AUTO
2026-07-11 11:30:40,1783769440,R_75,55786.827,1,8.707099999999627,BACKFILL_AUTO
2026-07-11 11:30:42,1783769442,R_75,55789.3117,1,2.4847000000008848,BACKFILL_AUTO
2026-07-11 11:30:44,1783769444,R_75,55794.0531,1,4.7413999999989755,BACKFILL_AUTO
2026-07-11 11:30:46,1783769446,R_75,55781.6618,-1,12.391299999995681,BACKFILL_AUTO
2026-07-11 11:30:48,1783769448,R_75,55763.2844,-1,18.377400000004855,BACKFILL_AUTO
2026-07-11 11:30:50,1783769450,R_75,55760.347,-1,2.9373999999952503,BACKFILL_AUTO
2026-07-11 11:30:52,1783769452,R_75,55757.9832,-1,2.3637999999991735,BACKFILL_AUTO
2026-07-11 11:30:54,1783769454,R_75,55771.9239,1,13.940699999999197,BACKFILL_AUTO
2026-07-11 11:30:56,1783769456,R_75,55776.7745,1,4.8505999999979394,BACKFILL_AUTO
2026-07-11 11:30:58,1783769458,R_75,55787.5779,1,10.803399999997055,BACKFILL_AUTO
2026-07-11 11:31:00,1783769460,R_75,55797.7239,1,10.14600000000064,BACKFILL_AUTO
2026-07-11 11:31:02,1783769462,R_75,55788.2745,-1,9.449399999997695,BACKFILL_AUTO
2026-07-11 11:31:04,1783769464,R_75,55797.3644,1,9.089899999999034,BACKFILL_AUTO
2026-07-11 11:31:06,1783769466,R_75,55810.6936,1,13.329200000000128,BACKFILL_AUTO
2026-07-11 11:31:08,1783769468,R_75,55812.4183,1,1.7246999999988475,BACKFILL_AUTO
2026-07-11 11:31:10,1783769470,R_75,55807.274,-1,5.14429999999993,BACKFILL_AUTO
2026-07-11 11:31:12,1783769472,R_75,55815.8224,1,8.548399999999674,BACKFILL_AUTO
2026-07-11 11:31:14,1783769474,R_75,55803.0375,-1,12.784899999998743,BACKFILL_AUTO
2026-07-11 11:31:16,1783769476,R_75,55799.4398,-1,3.59769999999844,BACKFILL_AUTO
2026-07-11 11:31:18,1783769478,R_75,55813.8134,1,14.373599999998987,BACKFILL_AUTO
2026-07-11 11:31:20,1783769480,R_75,55809.5124,-1,4.300999999999476,BACKFILL_AUTO
2026-07-11 11:31:22,1783769482,R_75,55807.2677,-1,2.244700000002922,BACKFILL_AUTO
2026-07-11 11:31:24,1783769484,R_75,55805.6644,-1,1.6032999999952153,BACKFILL_AUTO
2026-07-11 11:31:26,1783769486,R_75,55798.2328,-1,7.431600000003527,BACKFILL_AUTO
2026-07-11 11:31:28,1783769488,R_75,55801.6798,1,3.4470000000001164,BACKFILL_AUTO
2026-07-11 11:31:30,1783769490,R_75,55823.9165,1,22.236700000001292,BACKFILL_AUTO
2026-07-11 11:31:32,1783769492,R_75,55834.4804,1,10.563900000001013,BACKFILL_AUTO
2026-07-11 11:31:34,1783769494,R_75,55843.9762,1,9.495799999996962,BACKFILL_AUTO
2026-07-11 11:31:36,1783769496,R_75,55820.7095,-1,23.266700000000128,BACKFILL_AUTO
2026-07-11 11:31:38,1783769498,R_75,55818.6285,-1,2.080999999998312,BACKFILL_AUTO
2026-07-11 11:31:40,1783769500,R_75,55835.0602,1,16.431700000001,BACKFILL_AUTO
2026-07-11 11:31:42,1783769502,R_75,55842.1561,1,7.095900000000256,BACKFILL_AUTO
2026-07-11 11:31:44,1783769504,R_75,55831.2481,-1,10.908000000003085,BACKFILL_AUTO
2026-07-11 11:31:46,1783769506,R_75,55840.0043,1,8.756200000003446,BACKFILL_AUTO
2026-07-11 11:31:48,1783769508,R_75,55834.3603,-1,5.644000000000233,BACKFILL_AUTO
2026-07-11 11:31:50,1783769510,R_75,55824.9891,-1,9.371200000001409,BACKFILL_AUTO
2026-07-11 11:31:52,1783769512,R_75,55829.5391,1,4.55000000000291,BACKFILL_AUTO
2026-07-11 11:31:54,1783769514,R_75,55810.6444,-1,18.894700000004377,BACKFILL_AUTO
2026-07-11 11:31:56,1783769516,R_75,55812.4984,1,1.8539999999993597,BACKFILL_AUTO
2026-07-11 11:31:58,1783769518,R_75,55825.6546,1,13.156200000004901,BACKFILL_AUTO
2026-07-11 11:32:00,1783769520,R_75,55824.5667,-1,1.0878999999986263,BACKFILL_AUTO
2026-07-11 11:32:02,1783769522,R_75,55815.27,-1,9.29670000000624,BACKFILL_AUTO
2026-07-11 11:32:04,1783769524,R_75,55803.3478,-1,11.922199999993609,BACKFILL_AUTO
2026-07-11 11:32:06,1783769526,R_75,55813.0267,1,9.678899999998976,BACKFILL_AUTO
2026-07-11 11:32:08,1783769528,R_75,55810.8941,-1,2.1326000000044587,BACKFILL_AUTO
2026-07-11 11:32:10,1783769530,R_75,55810.0,-1,0.8940999999977066,BACKFILL_AUTO
2026-07-11 11:32:12,1783769532,R_75,55806.4687,-1,3.531300000002375,BACKFILL_AUTO
2026-07-11 11:32:14,1783769534,R_75,55801.058,-1,5.410700000000361,BACKFILL_AUTO
2026-07-11 11:32:16,1783769536,R_75,55799.9816,-1,1.0763999999981024,BACKFILL_AUTO
2026-07-11 11:32:18,1783769538,R_75,55824.4378,1,24.456200000000536,BACKFILL_AUTO
2026-07-11 11:32:20,1783769540,R_75,55846.6299,1,22.19210000000021,BACKFILL_AUTO
2026-07-11 11:32:22,1783769542,R_75,55850.6644,1,4.034500000001572,BACKFILL_AUTO
2026-07-11 11:32:24,1783769544,R_75,55845.7987,-1,4.865700000002107,BACKFILL_AUTO
2026-07-11 11:32:26,1783769546,R_75,55851.0513,1,5.252599999999802,BACKFILL_AUTO
2026-07-11 11:32:28,1783769548,R_75,55855.6759,1,4.624600000002829,BACKFILL_AUTO
2026-07-11 11:32:30,1783769550,R_75,55853.3675,-1,2.3084000000017113,BACKFILL_AUTO
2026-07-11 11:32:32,1783769552,R_75,55845.0732,-1,8.294300000001385,BACKFILL_AUTO
2026-07-11 11:32:34,1783769554,R_75,55853.0223,1,7.949099999997998,BACKFILL_AUTO
2026-07-11 11:32:36,1783769556,R_75,55846.979,-1,6.043299999997544,BACKFILL_AUTO
2026-07-11 11:32:38,1783769558,R_75,55850.5444,1,3.5653999999994994,BACKFILL_AUTO
2026-07-11 11:32:40,1783769560,R_75,55857.9923,1,7.447899999999208,BACKFILL_AUTO
2026-07-11 11:32:42,1783769562,R_75,55852.4771,-1,5.5152000000016415,BACKFILL_AUTO
2026-07-11 11:32:44,1783769564,R_75,55853.5857,1,1.1086000000068452,BACKFILL_AUTO
2026-07-11 11:32:46,1783769566,R_75,55857.7693,1,4.183599999996659,BACKFILL_AUTO
2026-07-11 11:32:48,1783769568,R_75,55829.332,-1,28.437299999997776,BACKFILL_AUTO
2026-07-11 11:32:50,1783769570,R_75,55842.509,1,13.176999999996042,BACKFILL_AUTO
2026-07-11 11:32:52,1783769572,R_75,55848.5658,1,6.056799999998475,BACKFILL_AUTO
2026-07-11 11:32:54,1783769574,R_75,55856.2526,1,7.686800000003132,BACKFILL_AUTO
2026-07-11 11:32:56,1783769576,R_75,55862.6263,1,6.373700000003737,BACKFILL_AUTO
2026-07-11 11:32:58,1783769578,R_75,55857.8929,-1,4.733400000004622,BACKFILL_AUTO
2026-07-11 11:33:00,1783769580,R_75,55874.8365,1,16.943599999998696,BACKFILL_AUTO
2026-07-11 11:33:02,1783769582,R_75,55873.9389,-1,0.8975999999966007,BACKFILL_AUTO
2026-07-11 11:33:04,1783769584,R_75,55860.218,-1,13.720900000000256,BACKFILL_AUTO
2026-07-11 11:33:06,1783769586,R_75,55844.8747,-1,15.343300000000454,BACKFILL_AUTO
2026-07-11 11:33:08,1783769588,R_75,55843.5277,-1,1.3470000000015716,BACKFILL_AUTO
2026-07-11 11:33:10,1783769590,R_75,55833.2315,-1,10.296199999997043,BACKFILL_AUTO
2026-07-11 11:33:12,1783769592,R_75,55826.8477,-1,6.383800000003248,BACKFILL_AUTO
2026-07-11 11:33:14,1783769594,R_75,55820.9789,-1,5.868799999996554,BACKFILL_AUTO
2026-07-11 11:33:16,1783769596,R_75,55804.346,-1,16.632900000004156,BACKFILL_AUTO
2026-07-11 11:33:18,1783769598,R_75,55807.9667,1,3.6206999999994878,BACKFILL_AUTO
2026-07-11 11:33:20,1783769600,R_75,55807.5369,-1,0.4297999999980675,BACKFILL_AUTO
2026-07-11 11:33:22,1783769602,R_75,55791.5996,-1,15.937299999997776,BACKFILL_AUTO
2026-07-11 11:33:24,1783769604,R_75,55800.2569,1,8.65729999999894,BACKFILL_AUTO
2026-07-11 11:33:26,1783769606,R_75,55797.352,-1,2.904900000001362,BACKFILL_AUTO
2026-07-11 11:33:28,1783769608,R_75,55800.9275,1,3.5754999999990105,BACKFILL_AUTO
2026-07-11 11:33:30,1783769610,R_75,55802.3419,1,1.4144000000014785,BACKFILL_AUTO
2026-07-11 11:33:32,1783769612,R_75,55800.3426,-1,1.9992999999958556,BACKFILL_AUTO
2026-07-11 11:33:34,1783769614,R_75,55802.615,1,2.272399999994377,BACKFILL_AUTO
2026-07-11 11:33:36,1783769616,R_75,55789.86,-1,12.75499999999738,BACKFILL_AUTO
2026-07-11 11:33:38,1783769618,R_75,55778.3076,-1,11.552400000000489,BACKFILL_AUTO
2026-07-11 11:33:40,1783769620,R_75,55773.4065,-1,4.901100000002771,BACKFILL_AUTO
2026-07-11 11:33:42,1783769622,R_75,55764.5656,-1,8.8408999999956,BACKFILL_AUTO
2026-07-11 11:33:44,1783769624,R_75,55766.8128,1,2.2471999999979744,BACKFILL_AUTO
2026-07-11 11:33:46,1783769626,R_75,55767.829,1,1.0161999999982072,BACKFILL_AUTO
2026-07-11 11:33:48,1783769628,R_75,55761.6083,-1,6.220699999998033,BACKFILL_AUTO
2026-07-11 11:33:50,1783769630,R_75,55768.3307,1,6.722399999998743,BACKFILL_AUTO
2026-07-11 11:33:52,1783769632,R_75,55768.8378,1,0.5071000000025379,BACKFILL_AUTO
2026-07-11 11:33:54,1783769634,R_75,55767.1263,-1,1.7114999999976135,BACKFILL_AUTO
2026-07-11 11:33:56,1783769636,R_75,55768.7837,1,1.6573999999964144,BACKFILL_AUTO
2026-07-11 11:33:58,1783769638,R_75,55770.6577,1,1.8740000000034343,BACKFILL_AUTO
2026-07-11 11:34:00,1783769640,R_75,55768.6847,-1,1.9730000000054133,BACKFILL_AUTO
2026-07-11 11:34:02,1783769642,R_75,55792.166,1,23.481299999999464,BACKFILL_AUTO
2026-07-11 11:34:04,1783769644,R_75,55777.9954,-1,14.170599999997648,BACKFILL_AUTO
2026-07-11 11:34:06,1783769646,R_75,55761.9741,-1,16.021300000000338,BACKFILL_AUTO
2026-07-11 11:34:08,1783769648,R_75,55774.3912,1,12.417099999998754,BACKFILL_AUTO
2026-07-11 11:34:10,1783769650,R_75,55790.2723,1,15.881099999998696,BACKFILL_AUTO
2026-07-11 11:34:12,1783769652,R_75,55790.6836,1,0.41129999999975553,BACKFILL_AUTO
2026-07-11 11:34:14,1783769654,R_75,55784.4494,-1,6.234199999998964,BACKFILL_AUTO
2026-07-11 11:34:16,1783769656,R_75,55786.4765,1,2.0270999999993364,BACKFILL_AUTO
2026-07-11 11:34:18,1783769658,R_75,55784.5435,-1,1.9329999999972642,BACKFILL_AUTO
2026-07-11 11:34:20,1783769660,R_75,55765.9495,-1,18.593999999997322,BACKFILL_AUTO
2026-07-11 11:34:22,1783769662,R_75,55766.6927,1,0.7431999999971595,BACKFILL_AUTO
2026-07-11 11:34:24,1783769664,R_75,55779.0707,1,12.377999999996973,BACKFILL_AUTO
2026-07-11 11:34:26,1783769666,R_75,55768.7783,-1,10.292399999998452,BACKFILL_AUTO
2026-07-11 11:34:28,1783769668,R_75,55769.0363,1,0.2580000000016298,BACKFILL_AUTO
2026-07-11 11:34:30,1783769670,R_75,55751.0665,-1,17.96979999999894,BACKFILL_AUTO
2026-07-11 11:34:32,1783769672,R_75,55754.9679,1,3.901400000002468,BACKFILL_AUTO
2026-07-11 11:34:34,1783769674,R_75,55761.4579,1,6.489999999997963,BACKFILL_AUTO
2026-07-11 11:34:36,1783769676,R_75,55751.5135,-1,9.944400000000314,BACKFILL_AUTO
2026-07-11 11:34:38,1783769678,R_75,55744.4795,-1,7.033999999999651,BACKFILL_AUTO
2026-07-11 11:34:40,1783769680,R_75,55761.7811,1,17.30159999999887,BACKFILL_AUTO
2026-07-11 11:34:42,1783769682,R_75,55760.094,-1,1.687100000002829,BACKFILL_AUTO
2026-07-11 11:34:44,1783769684,R_75,55748.3836,-1,11.710399999996298,BACKFILL_AUTO
2026-07-11 11:34:46,1783769686,R_75,55742.0094,-1,6.374199999998382,BACKFILL_AUTO
2026-07-11 11:34:48,1783769688,R_75,55745.8081,1,3.7986999999993714,BACKFILL_AUTO
2026-07-11 11:34:50,1783769690,R_75,55738.7377,-1,7.070400000004156,BACKFILL_AUTO
2026-07-11 11:34:52,1783769692,R_75,55749.284,1,10.546300000001793,BACKFILL_AUTO
2026-07-11 11:34:54,1783769694,R_75,55740.187,-1,9.097000000001572,BACKFILL_AUTO
2026-07-11 11:34:56,1783769696,R_75,55723.6527,-1,16.534299999999348,BACKFILL_AUTO
2026-07-11 11:34:58,1783769698,R_75,55716.3446,-1,7.308100000002014,BACKFILL_AUTO
2026-07-11 11:35:00,1783769700,R_75,55713.7736,-1,2.5709999999962747,BACKFILL_AUTO
2026-07-11 11:35:02,1783769702,R_75,55714.1634,1,0.3897999999971944,BACKFILL_AUTO
2026-07-11 11:35:04,1783769704,R_75,55715.2054,1,1.0420000000012806,BACKFILL_AUTO
2026-07-11 11:35:06,1783769706,R_75,55714.5092,-1,0.6961999999984982,BACKFILL_AUTO
2026-07-11 11:35:08,1783769708,R_75,55709.2245,-1,5.284700000003795,BACKFILL_AUTO
2026-07-11 11:35:10,1783769710,R_75,55706.3872,-1,2.8372999999992317,BACKFILL_AUTO
2026-07-11 11:35:12,1783769712,R_75,55709.5574,1,3.1702000000004773,BACKFILL_AUTO
2026-07-11 11:35:14,1783769714,R_75,55704.0611,-1,5.496299999998882,BACKFILL_AUTO
2026-07-11 11:35:16,1783769716,R_75,55719.7101,1,15.648999999997613,BACKFILL_AUTO
2026-07-11 11:35:18,1783769718,R_75,55716.7736,-1,2.9364999999961583,BACKFILL_AUTO
2026-07-11 11:35:20,1783769720,R_75,55717.8976,1,1.1239999999961583,BACKFILL_AUTO
2026-07-11 11:35:22,1783769722,R_75,55730.6826,1,12.785000000003492,BACKFILL_AUTO
2026-07-11 11:35:24,1783769724,R_75,55742.6222,1,11.939599999997881,BACKFILL_AUTO
2026-07-11 11:35:26,1783769726,R_75,55721.59,-1,21.032200000001467,BACKFILL_AUTO
2026-07-11 11:35:28,1783769728,R_75,55725.8416,1,4.251600000003236,BACKFILL_AUTO
2026-07-11 11:35:30,1783769730,R_75,55718.9134,-1,6.928200000002107,BACKFILL_AUTO
2026-07-11 11:35:32,1783769732,R_75,55715.2338,-1,3.679599999995844,BACKFILL_AUTO
2026-07-11 11:35:34,1783769734,R_75,55698.1465,-1,17.08729999999923,BACKFILL_AUTO
2026-07-11 11:35:36,1783769736,R_75,55684.5318,-1,13.614700000005541,BACKFILL_AUTO
2026-07-11 11:35:38,1783769738,R_75,55681.3029,-1,3.22889999999461,BACKFILL_AUTO
2026-07-11 11:35:40,1783769740,R_75,55680.1208,-1,1.1821000000054482,BACKFILL_AUTO
2026-07-11 11:35:42,1783769742,R_75,55673.5096,-1,6.611199999999371,BACKFILL_AUTO
2026-07-11 11:35:44,1783769744,R_75,55672.8542,-1,0.655399999996007,BACKFILL_AUTO
2026-07-11 11:35:46,1783769746,R_75,55668.1409,-1,4.713300000003073,BACKFILL_AUTO
2026-07-11 11:35:48,1783769748,R_75,55660.2517,-1,7.8891999999978,BACKFILL_AUTO
2026-07-11 11:35:50,1783769750,R_75,55662.893,1,2.641299999995681,BACKFILL_AUTO
2026-07-11 11:35:52,1783769752,R_75,55640.8925,-1,22.000499999994645,BACKFILL_AUTO
2026-07-11 11:35:54,1783769754,R_75,55618.3263,-1,22.566200000001118,BACKFILL_AUTO
2026-07-11 11:35:56,1783769756,R_75,55631.4262,1,13.099900000001071,BACKFILL_AUTO
2026-07-11 11:35:58,1783769758,R_75,55622.5615,-1,8.864699999998265,BACKFILL_AUTO
2026-07-11 11:36:00,1783769760,R_75,55615.8656,-1,6.695900000006077,BACKFILL_AUTO
2026-07-11 11:36:02,1783769762,R_75,55610.7229,-1,5.142699999996694,BACKFILL_AUTO
2026-07-11 11:36:04,1783769764,R_75,55613.9395,1,3.216599999999744,BACKFILL_AUTO
2026-07-11 11:36:06,1783769766,R_75,55602.0506,-1,11.888899999998102,BACKFILL_AUTO
2026-07-11 11:36:08,1783769768,R_75,55608.1942,1,6.143599999995786,BACKFILL_AUTO
2026-07-11 11:36:10,1783769770,R_75,55617.6403,1,9.446100000001024,BACKFILL_AUTO
2026-07-11 11:36:12,1783769772,R_75,55601.2942,-1,16.34610000000248,BACKFILL_AUTO
2026-07-11 11:36:14,1783769774,R_75,55608.0679,1,6.773700000005192,BACKFILL_AUTO
2026-07-11 11:36:16,1783769776,R_75,55596.404,-1,11.663899999999558,BACKFILL_AUTO
2026-07-11 11:36:18,1783769778,R_75,55587.568,-1,8.836000000002969,BACKFILL_AUTO
2026-07-11 11:36:20,1783769780,R_75,55571.6686,-1,15.89940000000206,BACKFILL_AUTO
2026-07-11 11:36:22,1783769782,R_75,55573.8736,1,2.2050000000017462,BACKFILL_AUTO
2026-07-11 11:36:24,1783769784,R_75,55586.7217,1,12.848100000002887,BACKFILL_AUTO
2026-07-11 11:36:26,1783769786,R_75,55585.3907,-1,1.330999999998312,BACKFILL_AUTO
2026-07-11 11:36:28,1783769788,R_75,55590.2406,1,4.849899999993795,BACKFILL_AUTO
2026-07-11 11:36:30,1783769790,R_75,55601.9539,1,11.713300000003073,BACKFILL_AUTO
2026-07-11 11:36:32,1783769792,R_75,55607.8593,1,5.905399999996007,BACKFILL_AUTO
2026-07-11 11:36:34,1783769794,R_75,55598.7208,-1,9.138499999993655,BACKFILL_AUTO
2026-07-11 11:36:36,1783769796,R_75,55609.6224,1,10.901599999997416,BACKFILL_AUTO
2026-07-11 11:36:38,1783769798,R_75,55590.0466,-1,19.575799999998708,BACKFILL_AUTO
2026-07-11 11:36:40,1783769800,R_75,55588.0659,-1,1.9807000000000698,BACKFILL_AUTO
2026-07-11 11:36:42,1783769802,R_75,55598.5335,1,10.46759999999631,BACKFILL_AUTO
2026-07-11 11:36:44,1783769804,R_75,55599.7773,1,1.24380000000383,BACKFILL_AUTO
2026-07-11 11:36:46,1783769806,R_75,55600.913,1,1.1356999999989057,BACKFILL_AUTO
2026-07-11 11:36:48,1783769808,R_75,55599.607,-1,1.3059999999968568,BACKFILL_AUTO
2026-07-11 11:36:50,1783769810,R_75,55599.4515,-1,0.1555000000007567,BACKFILL_AUTO
2026-07-11 11:36:52,1783769812,R_75,55610.0194,1,10.567899999994552,BACKFILL_AUTO
2026-07-11 11:36:54,1783769814,R_75,55598.6745,-1,11.344899999996414,BACKFILL_AUTO
2026-07-11 11:36:56,1783769816,R_75,55589.2831,-1,9.39140000000043,BACKFILL_AUTO
2026-07-11 11:36:58,1783769818,R_75,55593.8306,1,4.547500000000582,BACKFILL_AUTO
2026-07-11 11:37:00,1783769820,R_75,55602.619,1,8.788399999997637,BACKFILL_AUTO
2026-07-11 11:37:02,1783769822,R_75,55601.0444,-1,1.5745999999999185,BACKFILL_AUTO
2026-07-11 11:37:04,1783769824,R_75,55614.7332,1,13.688800000003539,BACKFILL_AUTO
2026-07-11 11:37:06,1783769826,R_75,55608.008,-1,6.725200000000768,BACKFILL_AUTO
2026-07-11 11:37:08,1783769828,R_75,55596.5582,-1,11.449800000002142,BACKFILL_AUTO
2026-07-11 11:37:10,1783769830,R_75,55614.7766,1,18.218399999997928,BACKFILL_AUTO
2026-07-11 11:37:12,1783769832,R_75,55628.7414,1,13.96480000000156,BACKFILL_AUTO
2026-07-11 11:37:14,1783769834,R_75,55634.4906,1,5.749199999998382,BACKFILL_AUTO
2026-07-11 11:37:16,1783769836,R_75,55630.876,-1,3.6146000000007916,BACKFILL_AUTO
2026-07-11 11:37:18,1783769838,R_75,55631.3623,1,0.4863000000041211,BACKFILL_AUTO
2026-07-11 11:37:20,1783769840,R_75,55639.2092,1,7.846899999996822,BACKFILL_AUTO
2026-07-11 11:37:22,1783769842,R_75,55622.7174,-1,16.491799999996147,BACKFILL_AUTO
2026-07-11 11:37:24,1783769844,R_75,55616.7936,-1,5.923800000004121,BACKFILL_AUTO
2026-07-11 11:37:26,1783769846,R_75,55613.8868,-1,2.9067999999970198,BACKFILL_AUTO
2026-07-11 11:37:28,1783769848,R_75,55618.6103,1,4.723500000000058,BACKFILL_AUTO
2026-07-11 11:37:30,1783769850,R_75,55625.134,1,6.523699999997916,BACKFILL_AUTO
2026-07-11 11:37:32,1783769852,R_75,55632.2782,1,7.144200000002456,BACKFILL_AUTO
2026-07-11 11:37:34,1783769854,R_75,55634.5271,1,2.2488999999986845,BACKFILL_AUTO
2026-07-11 11:37:36,1783769856,R_75,55625.8131,-1,8.713999999999942,BACKFILL_AUTO
2026-07-11 11:37:38,1783769858,R_75,55624.8345,-1,0.9786000000021886,BACKFILL_AUTO
2026-07-11 11:37:40,1783769860,R_75,55621.9823,-1,2.8521999999939,BACKFILL_AUTO
2026-07-11 11:37:42,1783769862,R_75,55614.5636,-1,7.418700000001991,BACKFILL_AUTO
2026-07-11 11:37:44,1783769864,R_75,55598.2676,-1,16.296000000002095,BACKFILL_AUTO
2026-07-11 11:37:46,1783769866,R_75,55605.2801,1,7.012500000004366,BACKFILL_AUTO
2026-07-11 11:37:48,1783769868,R_75,55618.0739,1,12.793799999999464,BACKFILL_AUTO
2026-07-11 11:37:50,1783769870,R_75,55600.0842,-1,17.98970000000554,BACKFILL_AUTO
2026-07-11 11:37:52,1783769872,R_75,55614.3399,1,14.255700000001525,BACKFILL_AUTO
2026-07-11 11:37:54,1783769874,R_75,55623.937,1,9.597099999999045,BACKFILL_AUTO
2026-07-11 11:37:56,1783769876,R_75,55632.323,1,8.385999999998603,BACKFILL_AUTO
2026-07-11 11:37:58,1783769878,R_75,55654.4035,1,22.080500000003667,BACKFILL_AUTO
2026-07-11 11:38:00,1783769880,R_75,55660.0584,1,5.654900000001362,BACKFILL_AUTO
2026-07-11 11:38:02,1783769882,R_75,55652.3077,-1,7.750700000004144,BACKFILL_AUTO
2026-07-11 11:38:04,1783769884,R_75,55658.5904,1,6.282700000003388,BACKFILL_AUTO
2026-07-11 11:38:06,1783769886,R_75,55664.8797,1,6.289299999996729,BACKFILL_AUTO
2026-07-11 11:38:08,1783769888,R_75,55666.0492,1,1.1695000000036089,BACKFILL_AUTO
2026-07-11 11:38:10,1783769890,R_75,55691.6305,1,25.58129999999801,BACKFILL_AUTO
2026-07-11 11:38:12,1783769892,R_75,55686.2089,-1,5.42160000000149,BACKFILL_AUTO
2026-07-11 11:38:14,1783769894,R_75,55677.4156,-1,8.793299999997544,BACKFILL_AUTO
2026-07-11 11:38:16,1783769896,R_75,55681.2751,1,3.8594999999986612,BACKFILL_AUTO
2026-07-11 11:38:18,1783769898,R_75,55682.4638,1,1.1886999999987893,BACKFILL_AUTO
2026-07-11 11:38:20,1783769900,R_75,55686.6506,1,4.186800000003132,BACKFILL_AUTO
2026-07-11 11:38:22,1783769902,R_75,55682.8201,-1,3.830500000003667,BACKFILL_AUTO
2026-07-11 11:38:24,1783769904,R_75,55699.9185,1,17.098400000002584,BACKFILL_AUTO
2026-07-11 11:38:26,1783769906,R_75,55716.4309,1,16.512399999999616,BACKFILL_AUTO
2026-07-11 11:38:28,1783769908,R_75,55714.0188,-1,2.4121000000013737,BACKFILL_AUTO
2026-07-11 11:38:30,1783769910,R_75,55691.5985,-1,22.42029999999795,BACKFILL_AUTO
2026-07-11 11:38:32,1783769912,R_75,55701.0589,1,9.460400000003574,BACKFILL_AUTO
2026-07-11 11:38:34,1783769914,R_75,55704.4488,1,3.389899999994668,BACKFILL_AUTO
2026-07-11 11:38:36,1783769916,R_75,55697.8401,-1,6.608699999997043,BACKFILL_AUTO
2026-07-11 11:38:38,1783769918,R_75,55696.0435,-1,1.7966000000014901,BACKFILL_AUTO
2026-07-11 11:38:40,1783769920,R_75,55689.6363,-1,6.407200000001467,BACKFILL_AUTO
2026-07-11 11:38:42,1783769922,R_75,55666.0457,-1,23.590599999995902,BACKFILL_AUTO
2026-07-11 11:38:44,1783769924,R_75,55659.4261,-1,6.619600000005448,BACKFILL_AUTO
2026-07-11 11:38:46,1783769926,R_75,55671.5565,1,12.130400000001828,BACKFILL_AUTO
2026-07-11 11:38:48,1783769928,R_75,55665.0107,-1,6.545799999999872,BACKFILL_AUTO
2026-07-11 11:38:50,1783769930,R_75,55682.5756,1,17.56489999999758,BACKFILL_AUTO
2026-07-11 11:38:52,1783769932,R_75,55673.9865,-1,8.589099999997416,BACKFILL_AUTO
2026-07-11 11:38:54,1783769934,R_75,55687.2013,1,13.21480000000156,BACKFILL_AUTO
2026-07-11 11:38:56,1783769936,R_75,55674.6111,-1,12.590199999998731,BACKFILL_AUTO
2026-07-11 11:38:58,1783769938,R_75,55644.7061,-1,29.904999999998836,BACKFILL_AUTO
2026-07-11 11:39:00,1783769940,R_75,55661.7687,1,17.062599999997474,BACKFILL_AUTO
2026-07-11 11:39:02,1783769942,R_75,55681.0054,1,19.236700000001292,BACKFILL_AUTO
2026-07-11 11:39:04,1783769944,R_75,55684.4822,1,3.4767999999967287,BACKFILL_AUTO
2026-07-11 11:39:06,1783769946,R_75,55687.5116,1,3.029399999999441,BACKFILL_AUTO
2026-07-11 11:39:08,1783769948,R_75,55689.3262,1,1.8146000000051572,BACKFILL_AUTO
2026-07-11 11:39:10,1783769950,R_75,55701.853,1,12.52679999999964,BACKFILL_AUTO
2026-07-11 11:39:12,1783769952,R_75,55672.3366,-1,29.51640000000043,BACKFILL_AUTO
2026-07-11 11:39:14,1783769954,R_75,55661.5983,-1,10.738300000004529,BACKFILL_AUTO
2026-07-11 11:39:16,1783769956,R_75,55662.7227,1,1.1244000000006054,BACKFILL_AUTO
2026-07-11 11:39:18,1783769958,R_75,55675.8416,1,13.118900000001304,BACKFILL_AUTO
2026-07-11 11:39:20,1783769960,R_75,55670.5702,-1,5.271399999997811,BACKFILL_AUTO
2026-07-11 11:39:22,1783769962,R_75,55655.7573,-1,14.812900000004447,BACKFILL_AUTO
2026-07-11 11:39:24,1783769964,R_75,55655.7659,1,0.008600000001024455,BACKFILL_AUTO
2026-07-11 11:39:26,1783769966,R_75,55652.5992,-1,3.1667000000015832,BACKFILL_AUTO
2026-07-11 11:39:28,1783769968,R_75,55655.9679,1,3.3687000000063563,BACKFILL_AUTO
2026-07-11 11:39:30,1783769970,R_75,55650.2917,-1,5.6762000000017,BACKFILL_AUTO
2026-07-11 11:39:32,1783769972,R_75,55647.693,-1,2.5987000000022817,BACKFILL_AUTO
2026-07-11 11:39:34,1783769974,R_75,55658.435,1,10.74199999999837,BACKFILL_AUTO
2026-07-11 11:39:36,1783769976,R_75,55652.2064,-1,6.228599999994913,BACKFILL_AUTO
2026-07-11 11:39:38,1783769978,R_75,55649.9594,-1,2.247000000003027,BACKFILL_AUTO
2026-07-11 11:39:40,1783769980,R_75,55640.7835,-1,9.175900000002002,BACKFILL_AUTO
2026-07-11 11:39:42,1783769982,R_75,55644.4039,1,3.6203999999997905,BACKFILL_AUTO
2026-07-11 11:39:44,1783769984,R_75,55646.835,1,2.4311000000016065,BACKFILL_AUTO
2026-07-11 11:39:46,1783769986,R_75,55639.4535,-1,7.381499999995867,BACKFILL_AUTO
2026-07-11 11:39:48,1783769988,R_75,55638.6047,-1,0.8487999999997555,BACKFILL_AUTO
2026-07-11 11:39:50,1783769990,R_75,55632.9679,-1,5.636800000000221,BACKFILL_AUTO
2026-07-11 11:39:52,1783769992,R_75,55639.4153,1,6.4473999999972875,BACKFILL_AUTO
2026-07-11 11:39:54,1783769994,R_75,55630.9963,-1,8.419000000001688,BACKFILL_AUTO
2026-07-11 11:39:56,1783769996,R_75,55631.5572,1,0.5609000000040396,BACKFILL_AUTO
2026-07-11 11:39:58,1783769998,R_75,55620.7558,-1,10.801400000003923,BACKFILL_AUTO
2026-07-11 11:40:00,1783770000,R_75,55619.8937,-1,0.8620999999984633,BACKFILL_AUTO
2026-07-11 11:40:02,1783770002,R_75,55623.2664,1,3.3726999999998952,BACKFILL_AUTO
2026-07-11 11:40:04,1783770004,R_75,55619.1746,-1,4.091800000001967,BACKFILL_AUTO
2026-07-11 11:40:06,1783770006,R_75,55627.6406,1,8.46600000000035,BACKFILL_AUTO
2026-07-11 11:40:08,1783770008,R_75,55627.0055,-1,0.6350999999995111,BACKFILL_AUTO
2026-07-11 11:40:10,1783770010,R_75,55622.8082,-1,4.197299999999814,BACKFILL_AUTO
2026-07-11 11:40:12,1783770012,R_75,55635.8628,1,13.05460000000312,BACKFILL_AUTO
2026-07-11 11:40:14,1783770014,R_75,55646.2806,1,10.417799999995623,BACKFILL_AUTO
2026-07-11 11:40:16,1783770016,R_75,55650.441,1,4.160400000000664,BACKFILL_AUTO
2026-07-11 11:40:18,1783770018,R_75,55659.7875,1,9.34649999999965,BACKFILL_AUTO
2026-07-11 11:40:20,1783770020,R_75,55670.3697,1,10.582200000004377,BACKFILL_AUTO
2026-07-11 11:40:22,1783770022,R_75,55643.5056,-1,26.864100000006147,BACKFILL_AUTO
2026-07-11 11:40:24,1783770024,R_75,55648.0501,1,4.544500000003609,BACKFILL_AUTO
2026-07-11 11:40:26,1783770026,R_75,55649.6593,1,1.609199999998964,BACKFILL_AUTO
2026-07-11 11:40:28,1783770028,R_75,55651.1811,1,1.5218000000022585,BACKFILL_AUTO
2026-07-11 11:40:30,1783770030,R_75,55645.0893,-1,6.091800000001967,BACKFILL_AUTO
2026-07-11 11:40:32,1783770032,R_75,55627.973,-1,17.1163000000015,BACKFILL_AUTO
2026-07-11 11:40:34,1783770034,R_75,55619.5656,-1,8.407399999996414,BACKFILL_AUTO
2026-07-11 11:40:36,1783770036,R_75,55622.2578,1,2.6921999999976833,BACKFILL_AUTO
2026-07-11 11:40:38,1783770038,R_75,55626.222,1,3.9642000000021653,BACKFILL_AUTO
2026-07-11 11:40:40,1783770040,R_75,55617.3125,-1,8.909500000001572,BACKFILL_AUTO
2026-07-11 11:40:42,1783770042,R_75,55587.852,-1,29.460500000001048,BACKFILL_AUTO
2026-07-11 11:40:44,1783770044,R_75,55597.1879,1,9.335899999998219,BACKFILL_AUTO
2026-07-11 11:40:46,1783770046,R_75,55595.6788,-1,1.5090999999956694,BACKFILL_AUTO
2026-07-11 11:40:48,1783770048,R_75,55591.2253,-1,4.45350000000326,BACKFILL_AUTO
2026-07-11 11:40:50,1783770050,R_75,55589.9808,-1,1.2445000000006985,BACKFILL_AUTO
2026-07-11 11:40:52,1783770052,R_75,55573.4608,-1,16.5199999999968,BACKFILL_AUTO
2026-07-11 11:40:54,1783770054,R_75,55568.862,-1,4.5987999999997555,BACKFILL_AUTO
2026-07-11 11:40:56,1783770056,R_75,55569.0016,1,0.13960000000224682,BACKFILL_AUTO
2026-07-11 11:40:58,1783770058,R_75,55564.5531,-1,4.448500000005879,BACKFILL_AUTO
2026-07-11 11:41:00,1783770060,R_75,55577.2089,1,12.655800000000454,BACKFILL_AUTO
2026-07-11 11:41:02,1783770062,R_75,55585.5076,1,8.298699999999371,BACKFILL_AUTO
2026-07-11 11:41:04,1783770064,R_75,55590.7467,1,5.239100000006147,BACKFILL_AUTO
2026-07-11 11:41:06,1783770066,R_75,55570.6678,-1,20.07890000000043,BACKFILL_AUTO
2026-07-11 11:41:08,1783770068,R_75,55585.8965,1,15.228699999999662,BACKFILL_AUTO
2026-07-11 11:41:10,1783770070,R_75,55583.4604,-1,2.436099999998987,BACKFILL_AUTO
2026-07-11 11:41:12,1783770072,R_75,55576.1049,-1,7.355500000005122,BACKFILL_AUTO
2026-07-11 11:41:14,1783770074,R_75,55555.3321,-1,20.772799999998824,BACKFILL_AUTO
2026-07-11 11:41:16,1783770076,R_75,55554.0314,-1,1.3006999999997788,BACKFILL_AUTO
2026-07-11 11:41:18,1783770078,R_75,55558.6844,1,4.652999999998428,BACKFILL_AUTO
2026-07-11 11:41:20,1783770080,R_75,55548.5959,-1,10.088499999998021,BACKFILL_AUTO
2026-07-11 11:41:22,1783770082,R_75,55557.8152,1,9.21929999999702,BACKFILL_AUTO
2026-07-11 11:41:24,1783770084,R_75,55574.4485,1,16.633300000001327,BACKFILL_AUTO
2026-07-11 11:41:26,1783770086,R_75,55586.0147,1,11.566200000001118,BACKFILL_AUTO
2026-07-11 11:41:28,1783770088,R_75,55592.6189,1,6.604200000001583,BACKFILL_AUTO
2026-07-11 11:41:30,1783770090,R_75,55584.5066,-1,8.112300000000687,BACKFILL_AUTO
2026-07-11 11:41:32,1783770092,R_75,55603.4696,1,18.9629999999961,BACKFILL_AUTO
2026-07-11 11:41:34,1783770094,R_75,55608.3101,1,4.840500000005704,BACKFILL_AUTO
2026-07-11 11:41:36,1783770096,R_75,55622.4354,1,14.125299999999697,BACKFILL_AUTO
2026-07-11 11:41:38,1783770098,R_75,55639.1742,1,16.738799999999173,BACKFILL_AUTO
2026-07-11 11:41:40,1783770100,R_75,55634.5655,-1,4.608700000004319,BACKFILL_AUTO
2026-07-11 11:41:42,1783770102,R_75,55646.0727,1,11.507200000000012,BACKFILL_AUTO
2026-07-11 11:41:44,1783770104,R_75,55632.0777,-1,13.994999999995343,BACKFILL_AUTO
2026-07-11 11:41:46,1783770106,R_75,55634.4287,1,2.3509999999951106,BACKFILL_AUTO
2026-07-11 11:41:48,1783770108,R_75,55627.3202,-1,7.1084999999948195,BACKFILL_AUTO
2026-07-11 11:41:50,1783770110,R_75,55619.0083,-1,8.311900000000605,BACKFILL_AUTO
2026-07-11 11:41:52,1783770112,R_75,55614.7032,-1,4.305099999997765,BACKFILL_AUTO
2026-07-11 11:41:54,1783770114,R_75,55613.6362,-1,1.0670000000027358,BACKFILL_AUTO
2026-07-11 11:41:56,1783770116,R_75,55620.2376,1,6.601399999999558,BACKFILL_AUTO
2026-07-11 11:41:58,1783770118,R_75,55629.0036,1,8.765999999995984,BACKFILL_AUTO
2026-07-11 11:42:00,1783770120,R_75,55637.3328,1,8.329200000000128,BACKFILL_AUTO
2026-07-11 11:42:02,1783770122,R_75,55656.2779,1,18.94510000000446,BACKFILL_AUTO
2026-07-11 11:42:04,1783770124,R_75,55661.5283,1,5.250399999997171,BACKFILL_AUTO
2026-07-11 11:42:06,1783770126,R_75,55658.1267,-1,3.4015999999974156,BACKFILL_AUTO
2026-07-11 11:42:08,1783770128,R_75,55659.4004,1,1.2736999999979162,BACKFILL_AUTO
2026-07-11 11:42:10,1783770130,R_75,55651.9627,-1,7.4377000000022235,BACKFILL_AUTO
2026-07-11 11:42:12,1783770132,R_75,55668.9484,1,16.985700000004726,BACKFILL_AUTO
2026-07-11 11:42:14,1783770134,R_75,55656.7066,-1,12.241800000003423,BACKFILL_AUTO
2026-07-11 11:42:16,1783770136,R_75,55659.6278,1,2.921200000004319,BACKFILL_AUTO
2026-07-11 11:42:18,1783770138,R_75,55659.1675,-1,0.4602999999988242,BACKFILL_AUTO
2026-07-11 11:42:20,1783770140,R_75,55641.464,-1,17.70350000000326,BACKFILL_AUTO
2026-07-11 11:42:22,1783770142,R_75,55649.7079,1,8.243900000001304,BACKFILL_AUTO
2026-07-11 11:42:24,1783770144,R_75,55650.6208,1,0.9128999999957159,BACKFILL_AUTO
2026-07-11 11:42:26,1783770146,R_75,55642.4233,-1,8.197499999994761,BACKFILL_AUTO
2026-07-11 11:42:28,1783770148,R_75,55645.7407,1,3.317399999999907,BACKFILL_AUTO
2026-07-11 11:42:30,1783770150,R_75,55645.4418,-1,0.2989000000015949,BACKFILL_AUTO
2026-07-11 11:42:32,1783770152,R_75,55643.015,-1,2.4268000000010943,BACKFILL_AUTO
2026-07-11 11:42:34,1783770154,R_75,55639.4874,-1,3.5276000000012573,BACKFILL_AUTO
2026-07-11 11:42:36,1783770156,R_75,55628.5213,-1,10.966099999997823,BACKFILL_AUTO
2026-07-11 11:42:38,1783770158,R_75,55622.7716,-1,5.749700000000303,BACKFILL_AUTO
2026-07-11 11:42:40,1783770160,R_75,55641.017,1,18.24539999999979,BACKFILL_AUTO
2026-07-11 11:42:42,1783770162,R_75,55646.0884,1,5.071400000000722,BACKFILL_AUTO
2026-07-11 11:42:44,1783770164,R_75,55647.6101,1,1.5216999999975087,BACKFILL_AUTO
2026-07-11 11:42:46,1783770166,R_75,55653.6046,1,5.9945000000006985,BACKFILL_AUTO
2026-07-11 11:42:48,1783770168,R_75,55645.5721,-1,8.032500000001164,BACKFILL_AUTO
2026-07-11 11:42:50,1783770170,R_75,55671.2681,1,25.69600000000355,BACKFILL_AUTO
2026-07-11 11:42:52,1783770172,R_75,55659.6755,-1,11.592600000003586,BACKFILL_AUTO
2026-07-11 11:42:54,1783770174,R_75,55665.2262,1,5.550699999999779,BACKFILL_AUTO
2026-07-11 11:42:56,1783770176,R_75,55667.6862,1,2.459999999999127,BACKFILL_AUTO
2026-07-11 11:42:58,1783770178,R_75,55675.6324,1,7.946200000005774,BACKFILL_AUTO
2026-07-11 11:43:00,1783770180,R_75,55672.6248,-1,3.0076000000044587,BACKFILL_AUTO
2026-07-11 11:43:02,1783770182,R_75,55676.6606,1,4.035800000005111,BACKFILL_AUTO
2026-07-11 11:43:04,1783770184,R_75,55681.7943,1,5.133699999998498,BACKFILL_AUTO
2026-07-11 11:43:06,1783770186,R_75,55682.2158,1,0.42149999999674037,BACKFILL_AUTO
2026-07-11 11:43:08,1783770188,R_75,55682.0633,-1,0.15249999999650754,BACKFILL_AUTO
2026-07-11 11:43:10,1783770190,R_75,55679.9719,-1,2.0914000000047963,BACKFILL_AUTO
2026-07-11 11:43:12,1783770192,R_75,55678.1257,-1,1.8461999999999534,BACKFILL_AUTO
2026-07-11 11:43:14,1783770194,R_75,55678.3891,1,0.26340000000345754,BACKFILL_AUTO
2026-07-11 11:43:16,1783770196,R_75,55685.4651,1,7.076000000000931,BACKFILL_AUTO
2026-07-11 11:43:18,1783770198,R_75,55683.2289,-1,2.2361999999993714,BACKFILL_AUTO
2026-07-11 11:43:20,1783770200,R_75,55684.6578,1,1.4288999999989755,BACKFILL_AUTO
2026-07-11 11:43:22,1783770202,R_75,55691.7697,1,7.11189999999624,BACKFILL_AUTO
2026-07-11 11:43:24,1783770204,R_75,55690.8902,-1,0.8794999999954598,BACKFILL_AUTO
2026-07-11 11:43:26,1783770206,R_75,55693.3216,1,2.431400000001304,BACKFILL_AUTO
2026-07-11 11:43:28,1783770208,R_75,55695.7523,1,2.4306999999971595,BACKFILL_AUTO
2026-07-11 11:43:30,1783770210,R_75,55692.0566,-1,3.6956999999965774,BACKFILL_AUTO
2026-07-11 11:43:32,1783770212,R_75,55706.0511,1,13.994499999993423,BACKFILL_AUTO
2026-07-11 11:43:34,1783770214,R_75,55704.3613,-1,1.6898000000001048,BACKFILL_AUTO
2026-07-11 11:43:36,1783770216,R_75,55714.5197,1,10.158400000000256,BACKFILL_AUTO
2026-07-11 11:43:38,1783770218,R_75,55705.4962,-1,9.023499999995693,BACKFILL_AUTO
2026-07-11 11:43:40,1783770220,R_75,55701.349,-1,4.14719999999943,BACKFILL_AUTO
2026-07-11 11:43:42,1783770222,R_75,55700.8789,-1,0.47009999999863794,BACKFILL_AUTO
2026-07-11 11:43:44,1783770224,R_75,55696.2832,-1,4.5957000000053085,BACKFILL_AUTO
2026-07-11 11:43:46,1783770226,R_75,55715.2445,1,18.961300000002666,BACKFILL_AUTO
2026-07-11 11:43:48,1783770228,R_75,55721.8895,1,6.644999999996799,BACKFILL_AUTO
2026-07-11 11:43:50,1783770230,R_75,55734.2781,1,12.388600000005681,BACKFILL_AUTO
2026-07-11 11:43:52,1783770232,R_75,55730.4797,-1,3.798399999999674,BACKFILL_AUTO
2026-07-11 11:43:54,1783770234,R_75,55728.6839,-1,1.795799999999872,BACKFILL_AUTO
2026-07-11 11:43:56,1783770236,R_75,55733.7788,1,5.094899999996414,BACKFILL_AUTO
2026-07-11 11:43:58,1783770238,R_75,55726.9209,-1,6.857900000002701,BACKFILL_AUTO
2026-07-11 11:44:00,1783770240,R_75,55705.1251,-1,21.795799999999872,BACKFILL_AUTO
2026-07-11 11:44:02,1783770242,R_75,55698.2634,-1,6.861699999994016,BACKFILL_AUTO
2026-07-11 11:44:04,1783770244,R_75,55705.5417,1,7.278299999998126,BACKFILL_AUTO
2026-07-11 11:44:06,1783770246,R_75,55716.808,1,11.266299999995681,BACKFILL_AUTO
2026-07-11 11:44:08,1783770248,R_75,55717.7534,1,0.945400000004156,BACKFILL_AUTO
2026-07-11 11:44:10,1783770250,R_75,55713.6811,-1,4.072299999999814,BACKFILL_AUTO
2026-07-11 11:44:12,1783770252,R_75,55710.365,-1,3.316100000003644,BACKFILL_AUTO
2026-07-11 11:44:14,1783770254,R_75,55735.706,1,25.34100000000035,BACKFILL_AUTO
2026-07-11 11:44:16,1783770256,R_75,55743.6529,1,7.946900000002643,BACKFILL_AUTO
2026-07-11 11:44:18,1783770258,R_75,55747.6007,1,3.9478000000017346,BACKFILL_AUTO
2026-07-11 11:44:20,1783770260,R_75,55731.1401,-1,16.460600000005797,BACKFILL_AUTO
2026-07-11 11:44:22,1783770262,R_75,55720.4649,-1,10.675199999997858,BACKFILL_AUTO
2026-07-11 11:44:24,1783770264,R_75,55734.1486,1,13.683700000001409,BACKFILL_AUTO
2026-07-11 11:44:26,1783770266,R_75,55746.366,1,12.217400000001362,BACKFILL_AUTO
2026-07-11 11:44:28,1783770268,R_75,55744.3171,-1,2.048900000001595,BACKFILL_AUTO
2026-07-11 11:44:30,1783770270,R_75,55730.9354,-1,13.38169999999809,BACKFILL_AUTO
2026-07-11 11:44:32,1783770272,R_75,55740.5019,1,9.566500000000815,BACKFILL_AUTO
2026-07-11 11:44:34,1783770274,R_75,55751.6076,1,11.10570000000007,BACKFILL_AUTO
2026-07-11 11:44:36,1783770276,R_75,55757.8995,1,6.291899999996531,BACKFILL_AUTO
2026-07-11 11:44:38,1783770278,R_75,55755.487,-1,2.412499999998545,BACKFILL_AUTO
2026-07-11 11:44:40,1783770280,R_75,55762.7297,1,7.242700000002515,BACKFILL_AUTO
2026-07-11 11:44:42,1783770282,R_75,55775.6246,1,12.894899999999325,BACKFILL_AUTO
2026-07-11 11:44:44,1783770284,R_75,55771.4983,-1,4.126300000003539,BACKFILL_AUTO
2026-07-11 11:44:46,1783770286,R_75,55781.3905,1,9.892200000002049,BACKFILL_AUTO
2026-07-11 11:44:48,1783770288,R_75,55779.575,-1,1.8155000000042492,BACKFILL_AUTO
2026-07-11 11:44:50,1783770290,R_75,55799.048,1,19.473000000005413,BACKFILL_AUTO
2026-07-11 11:44:52,1783770292,R_75,55803.9938,1,4.945799999994051,BACKFILL_AUTO
2026-07-11 11:44:54,1783770294,R_75,55807.8571,1,3.8633000000045286,BACKFILL_AUTO
2026-07-11 11:44:56,1783770296,R_75,55807.3443,-1,0.5128000000040629,BACKFILL_AUTO
2026-07-11 11:44:58,1783770298,R_75,55820.014,1,12.669700000005832,BACKFILL_AUTO
2026-07-11 11:45:00,1783770300,R_75,55811.2978,-1,8.716200000002573,BACKFILL_AUTO
2026-07-11 11:45:02,1783770302,R_75,55802.8,-1,8.497799999997369,BACKFILL_AUTO
2026-07-11 11:45:04,1783770304,R_75,55784.9666,-1,17.833400000003166,BACKFILL_AUTO
2026-07-11 11:45:06,1783770306,R_75,55780.7029,-1,4.263700000003155,BACKFILL_AUTO
2026-07-11 11:45:08,1783770308,R_75,55786.7383,1,6.035400000000664,BACKFILL_AUTO
2026-07-11 11:45:10,1783770310,R_75,55794.7696,1,8.031300000002375,BACKFILL_AUTO
2026-07-11 11:45:12,1783770312,R_75,55788.3085,-1,6.461100000000442,BACKFILL_AUTO
2026-07-11 11:45:14,1783770314,R_75,55792.0583,1,3.7497999999977765,BACKFILL_AUTO
2026-07-11 11:45:16,1783770316,R_75,55792.5632,1,0.5048999999999069,BACKFILL_AUTO
2026-07-11 11:45:18,1783770318,R_75,55781.8858,-1,10.677400000000489,BACKFILL_AUTO
2026-07-11 11:45:20,1783770320,R_75,55789.959,1,8.073200000006182,BACKFILL_AUTO
2026-07-11 11:45:22,1783770322,R_75,55786.8708,-1,3.0882000000055996,BACKFILL_AUTO
2026-07-11 11:45:24,1783770324,R_75,55788.5452,1,1.6744000000035157,BACKFILL_AUTO
2026-07-11 11:45:26,1783770326,R_75,55793.2183,1,4.673099999999977,BACKFILL_AUTO
2026-07-11 11:45:28,1783770328,R_75,55801.5614,1,8.34309999999823,BACKFILL_AUTO
2026-07-11 11:45:30,1783770330,R_75,55804.4876,1,2.9262000000016997,BACKFILL_AUTO
2026-07-11 11:45:32,1783770332,R_75,55809.2007,1,4.71310000000085,BACKFILL_AUTO
2026-07-11 11:45:34,1783770334,R_75,55835.4228,1,26.222099999999045,BACKFILL_AUTO
2026-07-11 11:45:36,1783770336,R_75,55841.6429,1,6.220099999998638,BACKFILL_AUTO
2026-07-11 11:45:38,1783770338,R_75,55844.0716,1,2.428700000004028,BACKFILL_AUTO
2026-07-11 11:45:40,1783770340,R_75,55841.3529,-1,2.718700000004901,BACKFILL_AUTO
2026-07-11 11:45:42,1783770342,R_75,55828.4363,-1,12.916599999996834,BACKFILL_AUTO
2026-07-11 11:45:44,1783770344,R_75,55820.7921,-1,7.644200000002456,BACKFILL_AUTO
2026-07-11 11:45:46,1783770346,R_75,55831.0737,1,10.281600000002072,BACKFILL_AUTO
2026-07-11 11:45:48,1783770348,R_75,55832.019,1,0.9452999999994063,BACKFILL_AUTO
2026-07-11 11:45:50,1783770350,R_75,55842.9559,1,10.936900000000605,BACKFILL_AUTO
2026-07-11 11:45:52,1783770352,R_75,55840.3719,-1,2.584000000002561,BACKFILL_AUTO
2026-07-11 11:45:54,1783770354,R_75,55848.0002,1,7.6283000000039465,BACKFILL_AUTO
2026-07-11 11:45:56,1783770356,R_75,55850.4221,1,2.4219000000011874,BACKFILL_AUTO
2026-07-11 11:45:58,1783770358,R_75,55836.0346,-1,14.387500000004366,BACKFILL_AUTO
2026-07-11 11:46:00,1783770360,R_75,55838.2237,1,2.1891000000032363,BACKFILL_AUTO
2026-07-11 11:46:02,1783770362,R_75,55844.6442,1,6.420500000000175,BACKFILL_AUTO
2026-07-11 11:46:04,1783770364,R_75,55847.8615,1,3.2172999999966123,BACKFILL_AUTO
2026-07-11 11:46:06,1783770366,R_75,55841.0411,-1,6.82039999999688,BACKFILL_AUTO
2026-07-11 11:46:08,1783770368,R_75,55816.4486,-1,24.592499999998836,BACKFILL_AUTO
2026-07-11 11:46:10,1783770370,R_75,55815.0215,-1,1.4271000000007916,BACKFILL_AUTO
2026-07-11 11:46:12,1783770372,R_75,55799.6481,-1,15.37340000000404,BACKFILL_AUTO
2026-07-11 11:46:14,1783770374,R_75,55793.3854,-1,6.262699999999313,BACKFILL_AUTO
2026-07-11 11:46:16,1783770376,R_75,55795.1398,1,1.754399999997986,BACKFILL_AUTO
2026-07-11 11:46:18,1783770378,R_75,55787.6555,-1,7.484299999996438,BACKFILL_AUTO
2026-07-11 11:46:20,1783770380,R_75,55793.6461,1,5.990599999997357,BACKFILL_AUTO
2026-07-11 11:46:22,1783770382,R_75,55782.6888,-1,10.957299999994575,BACKFILL_AUTO
2026-07-11 11:46:24,1783770384,R_75,55790.7045,1,8.015699999996286,BACKFILL_AUTO
2026-07-11 11:46:26,1783770386,R_75,55804.8284,1,14.123899999998685,BACKFILL_AUTO
2026-07-11 11:46:28,1783770388,R_75,55817.2641,1,12.435700000001816,BACKFILL_AUTO
2026-07-11 11:46:30,1783770390,R_75,55820.3542,1,3.0901000000012573,BACKFILL_AUTO
2026-07-11 11:46:32,1783770392,R_75,55828.5639,1,8.20969999999943,BACKFILL_AUTO
2026-07-11 11:46:34,1783770394,R_75,55823.0925,-1,5.471400000002177,BACKFILL_AUTO
2026-07-11 11:46:36,1783770396,R_75,55839.777,1,16.684500000003027,BACKFILL_AUTO
2026-07-11 11:46:38,1783770398,R_75,55825.516,-1,14.260999999998603,BACKFILL_AUTO
2026-07-11 11:46:40,1783770400,R_75,55832.6102,1,7.094199999999546,BACKFILL_AUTO
2026-07-11 11:46:42,1783770402,R_75,55857.5304,1,24.920200000000477,BACKFILL_AUTO
2026-07-11 11:46:44,1783770404,R_75,55845.5992,-1,11.931200000006356,BACKFILL_AUTO
2026-07-11 11:46:46,1783770406,R_75,55832.6704,-1,12.928799999994226,BACKFILL_AUTO
2026-07-11 11:46:48,1783770408,R_75,55819.2855,-1,13.384900000004563,BACKFILL_AUTO
2026-07-11 11:46:50,1783770410,R_75,55831.7459,1,12.460400000003574,BACKFILL_AUTO
2026-07-11 11:46:52,1783770412,R_75,55806.006,-1,25.73990000000049,BACKFILL_AUTO
2026-07-11 11:46:54,1783770414,R_75,55801.8768,-1,4.129200000003038,BACKFILL_AUTO
2026-07-11 11:46:56,1783770416,R_75,55806.6416,1,4.76480000000447,BACKFILL_AUTO
2026-07-11 11:46:58,1783770418,R_75,55812.4268,1,5.78519999999844,BACKFILL_AUTO
2026-07-11 11:47:00,1783770420,R_75,55807.8448,-1,4.582000000002154,BACKFILL_AUTO
2026-07-11 11:47:02,1783770422,R_75,55818.4813,1,10.636500000000524,BACKFILL_AUTO
2026-07-11 11:47:04,1783770424,R_75,55821.2541,1,2.772799999998824,BACKFILL_AUTO
2026-07-11 11:47:06,1783770426,R_75,55818.7295,-1,2.524599999997008,BACKFILL_AUTO
2026-07-11 11:47:08,1783770428,R_75,55811.835,-1,6.894500000002154,BACKFILL_AUTO
2026-07-11 11:47:10,1783770430,R_75,55811.9059,1,0.07089999999880092,BACKFILL_AUTO
2026-07-11 11:47:12,1783770432,R_75,55816.4228,1,4.516900000002352,BACKFILL_AUTO
2026-07-11 11:47:14,1783770434,R_75,55814.0357,-1,2.3870999999999185,BACKFILL_AUTO
2026-07-11 11:47:16,1783770436,R_75,55807.9084,-1,6.127300000000105,BACKFILL_AUTO
2026-07-11 11:47:18,1783770438,R_75,55817.3992,1,9.490799999999581,BACKFILL_AUTO
2026-07-11 11:47:20,1783770440,R_75,55811.123,-1,6.2762000000002445,BACKFILL_AUTO
2026-07-11 11:47:22,1783770442,R_75,55809.4381,-1,1.684900000000198,BACKFILL_AUTO
2026-07-11 11:47:24,1783770444,R_75,55807.3478,-1,2.090299999996205,BACKFILL_AUTO
2026-07-11 11:47:26,1783770446,R_75,55808.3213,1,0.9735000000000582,BACKFILL_AUTO
2026-07-11 11:47:28,1783770448,R_75,55831.8157,1,23.49439999999595,BACKFILL_AUTO
2026-07-11 11:47:30,1783770450,R_75,55847.0264,1,15.210700000003271,BACKFILL_AUTO
2026-07-11 11:47:32,1783770452,R_75,55847.9359,1,0.9094999999942956,BACKFILL_AUTO
2026-07-11 11:47:34,1783770454,R_75,55837.7973,-1,10.138599999998405,BACKFILL_AUTO
2026-07-11 11:47:36,1783770456,R_75,55844.5435,1,6.746200000001409,BACKFILL_AUTO
2026-07-11 11:47:38,1783770458,R_75,55842.1984,-1,2.345099999998638,BACKFILL_AUTO
2026-07-11 11:47:40,1783770460,R_75,55855.2943,1,13.095900000000256,BACKFILL_AUTO
2026-07-11 11:47:42,1783770462,R_75,55837.1897,-1,18.104599999998754,BACKFILL_AUTO
2026-07-11 11:47:44,1783770464,R_75,55835.9952,-1,1.194500000005064,BACKFILL_AUTO
2026-07-11 11:47:46,1783770466,R_75,55849.2874,1,13.292200000003504,BACKFILL_AUTO
2026-07-11 11:47:48,1783770468,R_75,55852.8897,1,3.6022999999986496,BACKFILL_AUTO
2026-07-11 11:47:50,1783770470,R_75,55848.96,-1,3.9297000000005937,BACKFILL_AUTO
2026-07-11 11:47:52,1783770472,R_75,55870.3328,1,21.37279999999737,BACKFILL_AUTO
2026-07-11 11:47:54,1783770474,R_75,55867.4182,-1,2.914599999996426,BACKFILL_AUTO
2026-07-11 11:47:56,1783770476,R_75,55861.8756,-1,5.542600000000675,BACKFILL_AUTO
2026-07-11 11:47:58,1783770478,R_75,55859.393,-1,2.4826000000030035,BACKFILL_AUTO
2026-07-11 11:48:00,1783770480,R_75,55854.0476,-1,5.345399999998335,BACKFILL_AUTO
2026-07-11 11:48:02,1783770482,R_75,55853.3652,-1,0.6823999999978696,BACKFILL_AUTO
2026-07-11 11:48:04,1783770484,R_75,55863.5014,1,10.136200000000827,BACKFILL_AUTO
2026-07-11 11:48:06,1783770486,R_75,55848.2425,-1,15.258900000000722,BACKFILL_AUTO
2026-07-11 11:48:08,1783770488,R_75,55868.3129,1,20.07039999999688,BACKFILL_AUTO
2026-07-11 11:48:10,1783770490,R_75,55874.0482,1,5.735300000000279,BACKFILL_AUTO
2026-07-11 11:48:12,1783770492,R_75,55863.6697,-1,10.378499999998894,BACKFILL_AUTO
2026-07-11 11:48:14,1783770494,R_75,55857.0619,-1,6.607799999997951,BACKFILL_AUTO
2026-07-11 11:48:16,1783770496,R_75,55851.4061,-1,5.655800000000454,BACKFILL_AUTO
2026-07-11 11:48:18,1783770498,R_75,55852.8806,1,1.474499999996624,BACKFILL_AUTO
2026-07-11 11:48:20,1783770500,R_75,55865.8686,1,12.988000000004831,BACKFILL_AUTO
2026-07-11 11:48:22,1783770502,R_75,55855.987,-1,9.881600000000617,BACKFILL_AUTO
2026-07-11 11:48:24,1783770504,R_75,55860.1389,1,4.151899999997113,BACKFILL_AUTO
2026-07-11 11:48:26,1783770506,R_75,55852.4407,-1,7.698199999998906,BACKFILL_AUTO
2026-07-11 11:48:28,1783770508,R_75,55849.1086,-1,3.3320999999996275,BACKFILL_AUTO
2026-07-11 11:48:30,1783770510,R_75,55854.4838,1,5.3752000000022235,BACKFILL_AUTO
2026-07-11 11:48:32,1783770512,R_75,55865.4531,1,10.96929999999702,BACKFILL_AUTO
2026-07-11 11:48:34,1783770514,R_75,55860.4151,-1,5.038000000000466,BACKFILL_AUTO
2026-07-11 11:48:36,1783770516,R_75,55854.7025,-1,5.712599999998929,BACKFILL_AUTO
2026-07-11 11:48:38,1783770518,R_75,55856.442,1,1.7395000000033178,BACKFILL_AUTO
2026-07-11 11:48:40,1783770520,R_75,55842.8123,-1,13.62970000000496,BACKFILL_AUTO
2026-07-11 11:48:42,1783770522,R_75,55850.2289,1,7.4166000000041095,BACKFILL_AUTO
2026-07-11 11:48:44,1783770524,R_75,55856.7434,1,6.514499999997497,BACKFILL_AUTO
2026-07-11 11:48:46,1783770526,R_75,55868.0029,1,11.259500000000116,BACKFILL_AUTO
2026-07-11 11:48:48,1783770528,R_75,55873.1466,1,5.1437000000005355,BACKFILL_AUTO
2026-07-11 11:48:50,1783770530,R_75,55859.6258,-1,13.520799999998417,BACKFILL_AUTO
2026-07-11 11:48:52,1783770532,R_75,55840.5187,-1,19.107100000001083,BACKFILL_AUTO
2026-07-11 11:48:54,1783770534,R_75,55836.6521,-1,3.866600000001199,BACKFILL_AUTO
2026-07-11 11:48:56,1783770536,R_75,55839.4318,1,2.7796999999991385,BACKFILL_AUTO
2026-07-11 11:48:58,1783770538,R_75,55818.1736,-1,21.258199999996577,BACKFILL_AUTO
2026-07-11 11:49:00,1783770540,R_75,55806.0309,-1,12.14270000000397,BACKFILL_AUTO
2026-07-11 11:49:02,1783770542,R_75,55786.4574,-1,19.573499999998603,BACKFILL_AUTO
2026-07-11 11:49:04,1783770544,R_75,55786.7718,1,0.31440000000293367,BACKFILL_AUTO
2026-07-11 11:49:06,1783770546,R_75,55786.5077,-1,0.26410000000032596,BACKFILL_AUTO
2026-07-11 11:49:08,1783770548,R_75,55758.5506,-1,27.957099999999627,BACKFILL_AUTO
2026-07-11 11:49:10,1783770550,R_75,55756.7125,-1,1.8381000000008498,BACKFILL_AUTO
2026-07-11 11:49:12,1783770552,R_75,55738.5086,-1,18.20390000000043,BACKFILL_AUTO
2026-07-11 11:49:14,1783770554,R_75,55736.8839,-1,1.6247000000003027,BACKFILL_AUTO
2026-07-11 11:49:16,1783770556,R_75,55742.6521,1,5.768199999998615,BACKFILL_AUTO
2026-07-11 11:49:18,1783770558,R_75,55741.5271,-1,1.125,BACKFILL_AUTO
2026-07-11 11:49:20,1783770560,R_75,55733.8686,-1,7.65849999999773,BACKFILL_AUTO
2026-07-11 11:49:22,1783770562,R_75,55733.9658,1,0.09719999999651918,BACKFILL_AUTO
2026-07-11 11:49:24,1783770564,R_75,55736.3384,1,2.3726000000024214,BACKFILL_AUTO
2026-07-11 11:49:26,1783770566,R_75,55723.6443,-1,12.694100000000617,BACKFILL_AUTO
2026-07-11 11:49:28,1783770568,R_75,55717.873,-1,5.771300000000338,BACKFILL_AUTO
2026-07-11 11:49:30,1783770570,R_75,55696.1331,-1,21.73990000000049,BACKFILL_AUTO
2026-07-11 11:49:32,1783770572,R_75,55698.0203,1,1.8871999999973923,BACKFILL_AUTO
2026-07-11 11:49:34,1783770574,R_75,55686.9332,-1,11.087099999997008,BACKFILL_AUTO
2026-07-11 11:49:36,1783770576,R_75,55688.4652,1,1.5319999999992433,BACKFILL_AUTO
2026-07-11 11:49:38,1783770578,R_75,55690.2486,1,1.7834000000002561,BACKFILL_AUTO
2026-07-11 11:49:40,1783770580,R_75,55694.5493,1,4.300699999999779,BACKFILL_AUTO
2026-07-11 11:49:42,1783770582,R_75,55680.0169,-1,14.532399999996414,BACKFILL_AUTO
2026-07-11 11:49:44,1783770584,R_75,55665.3052,-1,14.711699999999837,BACKFILL_AUTO
2026-07-11 11:49:46,1783770586,R_75,55670.8252,1,5.519999999996799,BACKFILL_AUTO
2026-07-11 11:49:48,1783770588,R_75,55689.2415,1,18.416299999997136,BACKFILL_AUTO
2026-07-11 11:49:50,1783770590,R_75,55681.5512,-1,7.69029999999475,BACKFILL_AUTO
2026-07-11 11:49:52,1783770592,R_75,55685.8696,1,4.318399999996473,BACKFILL_AUTO
2026-07-11 11:49:54,1783770594,R_75,55698.3309,1,12.461300000002666,BACKFILL_AUTO
2026-07-11 11:49:56,1783770596,R_75,55689.5124,-1,8.818500000001222,BACKFILL_AUTO
2026-07-11 11:49:58,1783770598,R_75,55711.6338,1,22.121400000003632,BACKFILL_AUTO
2026-07-11 11:50:00,1783770600,R_75,55715.9295,1,4.295699999995122,BACKFILL_AUTO
2026-07-11 11:50:02,1783770602,R_75,55731.0339,1,15.104400000003807,BACKFILL_AUTO
2026-07-11 11:50:04,1783770604,R_75,55710.0786,-1,20.955300000001444,BACKFILL_AUTO
2026-07-11 11:50:06,1783770606,R_75,55708.9185,-1,1.1601000000009662,BACKFILL_AUTO
2026-07-11 11:50:08,1783770608,R_75,55690.47,-1,18.448499999998603,BACKFILL_AUTO
2026-07-11 11:50:10,1783770610,R_75,55712.109,1,21.638999999995576,BACKFILL_AUTO
2026-07-11 11:50:12,1783770612,R_75,55707.6481,-1,4.460899999998219,BACKFILL_AUTO
2026-07-11 11:50:14,1783770614,R_75,55701.7961,-1,5.851999999998952,BACKFILL_AUTO
2026-07-11 11:50:16,1783770616,R_75,55698.8949,-1,2.9012000000002445,BACKFILL_AUTO
2026-07-11 11:50:18,1783770618,R_75,55698.2033,-1,0.6915999999982887,BACKFILL_AUTO
2026-07-11 11:50:20,1783770620,R_75,55681.4749,-1,16.728399999999965,BACKFILL_AUTO
2026-07-11 11:50:22,1783770622,R_75,55693.8963,1,12.421399999999267,BACKFILL_AUTO
2026-07-11 11:50:24,1783770624,R_75,55706.802,1,12.90570000000298,BACKFILL_AUTO
2026-07-11 11:50:26,1783770626,R_75,55700.2453,-1,6.556700000001001,BACKFILL_AUTO
2026-07-11 11:50:28,1783770628,R_75,55706.0696,1,5.824300000000221,BACKFILL_AUTO
2026-07-11 11:50:30,1783770630,R_75,55709.3291,1,3.2595000000001164,BACKFILL_AUTO
2026-07-11 11:50:32,1783770632,R_75,55706.9079,-1,2.421200000004319,BACKFILL_AUTO
2026-07-11 11:50:34,1783770634,R_75,55706.7359,-1,0.17199999999866122,BACKFILL_AUTO
2026-07-11 11:50:36,1783770636,R_75,55716.5083,1,9.772400000001653,BACKFILL_AUTO
2026-07-11 11:50:38,1783770638,R_75,55707.0992,-1,9.4091000000044,BACKFILL_AUTO
2026-07-11 11:50:40,1783770640,R_75,55687.8445,-1,19.254699999997683,BACKFILL_AUTO
2026-07-11 11:50:42,1783770642,R_75,55674.2114,-1,13.633099999999104,BACKFILL_AUTO
2026-07-11 11:50:44,1783770644,R_75,55636.5304,-1,37.68099999999686,BACKFILL_AUTO
2026-07-11 11:50:46,1783770646,R_75,55620.9877,-1,15.542700000005425,BACKFILL_AUTO
2026-07-11 11:50:48,1783770648,R_75,55622.459,1,1.4713000000047032,BACKFILL_AUTO
2026-07-11 11:50:50,1783770650,R_75,55612.4514,-1,10.007600000004459,BACKFILL_AUTO
2026-07-11 11:50:52,1783770652,R_75,55622.8257,1,10.374300000003132,BACKFILL_AUTO
2026-07-11 11:50:54,1783770654,R_75,55601.2299,-1,21.595800000002782,BACKFILL_AUTO
2026-07-11 11:50:56,1783770656,R_75,55594.8645,-1,6.365399999995134,BACKFILL_AUTO
2026-07-11 11:50:58,1783770658,R_75,55592.3057,-1,2.5588000000061584,BACKFILL_AUTO
2026-07-11 11:51:00,1783770660,R_75,55578.4629,-1,13.842799999998533,BACKFILL_AUTO
2026-07-11 11:51:02,1783770662,R_75,55588.8932,1,10.430299999999988,BACKFILL_AUTO
2026-07-11 11:51:04,1783770664,R_75,55589.4116,1,0.5184000000008382,BACKFILL_AUTO
2026-07-11 11:51:06,1783770666,R_75,55596.5785,1,7.166900000003807,BACKFILL_AUTO
2026-07-11 11:51:08,1783770668,R_75,55593.4309,-1,3.1476000000038766,BACKFILL_AUTO
2026-07-11 11:51:10,1783770670,R_75,55590.6028,-1,2.8280999999988126,BACKFILL_AUTO
2026-07-11 11:51:12,1783770672,R_75,55592.3267,1,1.7238999999972293,BACKFILL_AUTO
2026-07-11 11:51:14,1783770674,R_75,55579.0206,-1,13.30609999999433,BACKFILL_AUTO
2026-07-11 11:51:16,1783770676,R_75,55594.3414,1,15.320799999994051,BACKFILL_AUTO
2026-07-11 11:51:18,1783770678,R_75,55615.6576,1,21.316200000001118,BACKFILL_AUTO
2026-07-11 11:51:20,1783770680,R_75,55627.369,1,11.71140000000014,BACKFILL_AUTO
2026-07-11 11:51:22,1783770682,R_75,55632.7371,1,5.368099999999686,BACKFILL_AUTO
2026-07-11 11:51:24,1783770684,R_75,55646.7598,1,14.02270000000135,BACKFILL_AUTO
2026-07-11 11:51:26,1783770686,R_75,55636.0022,-1,10.757599999997183,BACKFILL_AUTO
2026-07-11 11:51:28,1783770688,R_75,55646.2526,1,10.250399999997171,BACKFILL_AUTO
2026-07-11 11:51:30,1783770690,R_75,55675.2325,1,28.97989999999845,BACKFILL_AUTO
2026-07-11 11:51:32,1783770692,R_75,55700.9458,1,25.713300000003073,BACKFILL_AUTO
2026-07-11 11:51:34,1783770694,R_75,55691.4705,-1,9.475299999998242,BACKFILL_AUTO
2026-07-11 11:51:36,1783770696,R_75,55695.3241,1,3.8535999999949127,BACKFILL_AUTO
2026-07-11 11:51:38,1783770698,R_75,55687.7437,-1,7.580399999998917,BACKFILL_AUTO
2026-07-11 11:51:40,1783770700,R_75,55682.6131,-1,5.130599999996775,BACKFILL_AUTO
2026-07-11 11:51:42,1783770702,R_75,55680.8109,-1,1.8022000000055414,BACKFILL_AUTO
2026-07-11 11:51:44,1783770704,R_75,55680.3889,-1,0.4219999999986612,BACKFILL_AUTO
2026-07-11 11:51:46,1783770706,R_75,55685.4676,1,5.078700000005483,BACKFILL_AUTO
2026-07-11 11:51:48,1783770708,R_75,55675.5077,-1,9.959900000001653,BACKFILL_AUTO
2026-07-11 11:51:50,1783770710,R_75,55694.5434,1,19.03570000000036,BACKFILL_AUTO
2026-07-11 11:51:52,1783770712,R_75,55706.0659,1,11.522499999999127,BACKFILL_AUTO
2026-07-11 11:51:54,1783770714,R_75,55705.2401,-1,0.8257999999987078,BACKFILL_AUTO
2026-07-11 11:51:56,1783770716,R_75,55710.6335,1,5.393400000000838,BACKFILL_AUTO
2026-07-11 11:51:58,1783770718,R_75,55702.4836,-1,8.149900000003981,BACKFILL_AUTO
2026-07-11 11:52:00,1783770720,R_75,55697.647,-1,4.836600000002363,BACKFILL_AUTO
2026-07-11 11:52:02,1783770722,R_75,55701.7721,1,4.12510000000475,BACKFILL_AUTO
2026-07-11 11:52:04,1783770724,R_75,55695.7317,-1,6.04040000000532,BACKFILL_AUTO
2026-07-11 11:52:06,1783770726,R_75,55700.1168,1,4.385100000006787,BACKFILL_AUTO
2026-07-11 11:52:08,1783770728,R_75,55707.181,1,7.064199999993434,BACKFILL_AUTO
2026-07-11 11:52:10,1783770730,R_75,55710.0508,1,2.869800000000396,BACKFILL_AUTO
2026-07-11 11:52:12,1783770732,R_75,55721.5149,1,11.464100000004692,BACKFILL_AUTO
2026-07-11 11:52:14,1783770734,R_75,55737.4466,1,15.931700000001001,BACKFILL_AUTO
2026-07-11 11:52:16,1783770736,R_75,55735.2381,-1,2.2085000000006403,BACKFILL_AUTO
2026-07-11 11:52:18,1783770738,R_75,55731.7634,-1,3.4746999999988475,BACKFILL_AUTO
2026-07-11 11:52:20,1783770740,R_75,55743.2128,1,11.449399999997695,BACKFILL_AUTO
2026-07-11 11:52:22,1783770742,R_75,55728.8721,-1,14.340700000000652,BACKFILL_AUTO
2026-07-11 11:52:24,1783770744,R_75,55741.4986,1,12.626499999998487,BACKFILL_AUTO
2026-07-11 11:52:26,1783770746,R_75,55765.5401,1,24.04149999999936,BACKFILL_AUTO
2026-07-11 11:52:28,1783770748,R_75,55763.7826,-1,1.757499999999709,BACKFILL_AUTO
2026-07-11 11:52:30,1783770750,R_75,55766.6905,1,2.9078999999983353,BACKFILL_AUTO
2026-07-11 11:52:32,1783770752,R_75,55773.7979,1,7.10740000000078,BACKFILL_AUTO
2026-07-11 11:52:34,1783770754,R_75,55780.2808,1,6.482900000002701,BACKFILL_AUTO
2026-07-11 11:52:36,1783770756,R_75,55781.0539,1,0.7730999999985215,BACKFILL_AUTO
2026-07-11 11:52:38,1783770758,R_75,55780.0089,-1,1.0449999999982538,BACKFILL_AUTO
2026-07-11 11:52:40,1783770760,R_75,55768.785,-1,11.22389999999723,BACKFILL_AUTO
2026-07-11 11:52:42,1783770762,R_75,55746.8686,-1,21.916400000001886,BACKFILL_AUTO
2026-07-11 11:52:44,1783770764,R_75,55743.6232,-1,3.2453999999997905,BACKFILL_AUTO
2026-07-11 11:52:46,1783770766,R_75,55748.9806,1,5.35740000000078,BACKFILL_AUTO
2026-07-11 11:52:48,1783770768,R_75,55759.9476,1,10.966999999996915,BACKFILL_AUTO
2026-07-11 11:52:50,1783770770,R_75,55754.4243,-1,5.523300000000745,BACKFILL_AUTO
2026-07-11 11:52:52,1783770772,R_75,55744.1176,-1,10.306700000001001,BACKFILL_AUTO
2026-07-11 11:52:54,1783770774,R_75,55752.5001,1,8.382499999999709,BACKFILL_AUTO
2026-07-11 11:52:56,1783770776,R_75,55725.8284,-1,26.671699999998964,BACKFILL_AUTO
2026-07-11 11:52:58,1783770778,R_75,55735.5842,1,9.755799999998999,BACKFILL_AUTO
2026-07-11 11:53:00,1783770780,R_75,55726.9911,-1,8.59309999999823,BACKFILL_AUTO
2026-07-11 11:53:02,1783770782,R_75,55722.2567,-1,4.734400000001187,BACKFILL_AUTO
2026-07-11 11:53:04,1783770784,R_75,55724.1135,1,1.8568000000013853,BACKFILL_AUTO
2026-07-11 11:53:06,1783770786,R_75,55718.8549,-1,5.2586000000010245,BACKFILL_AUTO
2026-07-11 11:53:08,1783770788,R_75,55713.4913,-1,5.36359999999695,BACKFILL_AUTO
2026-07-11 11:53:10,1783770790,R_75,55714.5101,1,1.0187999999980093,BACKFILL_AUTO
2026-07-11 11:53:12,1783770792,R_75,55725.7572,1,11.2471000000005,BACKFILL_AUTO
2026-07-11 11:53:14,1783770794,R_75,55732.1677,1,6.410499999998137,BACKFILL_AUTO
2026-07-11 11:53:16,1783770796,R_75,55717.9761,-1,14.191599999998289,BACKFILL_AUTO
2026-07-11 11:53:18,1783770798,R_75,55714.3479,-1,3.6281999999991967,BACKFILL_AUTO
2026-07-11 11:53:20,1783770800,R_75,55710.2657,-1,4.082199999997101,BACKFILL_AUTO
2026-07-11 11:53:22,1783770802,R_75,55705.864,-1,4.401700000002165,BACKFILL_AUTO
2026-07-11 11:53:24,1783770804,R_75,55705.2417,-1,0.6223000000027241,BACKFILL_AUTO
2026-07-11 11:53:26,1783770806,R_75,55723.9693,1,18.727599999998347,BACKFILL_AUTO
2026-07-11 11:53:28,1783770808,R_75,55737.9629,1,13.993600000001607,BACKFILL_AUTO
2026-07-11 11:53:30,1783770810,R_75,55750.2539,1,12.291000000004715,BACKFILL_AUTO
2026-07-11 11:53:32,1783770812,R_75,55743.3632,-1,6.890700000003562,BACKFILL_AUTO
2026-07-11 11:53:34,1783770814,R_75,55746.4356,1,3.0723999999972875,BACKFILL_AUTO
2026-07-11 11:53:36,1783770816,R_75,55732.4853,-1,13.950299999996787,BACKFILL_AUTO
2026-07-11 11:53:38,1783770818,R_75,55736.1779,1,3.6926000000021304,BACKFILL_AUTO
2026-07-11 11:53:40,1783770820,R_75,55755.8862,1,19.708299999998417,BACKFILL_AUTO
2026-07-11 11:53:42,1783770822,R_75,55762.8869,1,7.000699999996868,BACKFILL_AUTO
2026-07-11 11:53:44,1783770824,R_75,55752.3313,-1,10.555599999999686,BACKFILL_AUTO
2026-07-11 11:53:46,1783770826,R_75,55771.2195,1,18.888200000001234,BACKFILL_AUTO
2026-07-11 11:53:48,1783770828,R_75,55742.3309,-1,28.888599999998405,BACKFILL_AUTO
2026-07-11 11:53:50,1783770830,R_75,55743.5261,1,1.1952000000019325,BACKFILL_AUTO
2026-07-11 11:53:52,1783770832,R_75,55749.0275,1,5.501399999993737,BACKFILL_AUTO
2026-07-11 11:53:54,1783770834,R_75,55744.0563,-1,4.971199999999953,BACKFILL_AUTO
2026-07-11 11:53:56,1783770836,R_75,55741.3958,-1,2.6604999999981374,BACKFILL_AUTO
2026-07-11 11:53:58,1783770838,R_75,55731.2341,-1,10.161699999996927,BACKFILL_AUTO
2026-07-11 11:54:00,1783770840,R_75,55715.1528,-1,16.08129999999801,BACKFILL_AUTO
2026-07-11 11:54:02,1783770842,R_75,55726.2837,1,11.130899999996473,BACKFILL_AUTO
2026-07-11 11:54:04,1783770844,R_75,55723.4902,-1,2.793499999999767,BACKFILL_AUTO
2026-07-11 11:54:06,1783770846,R_75,55714.9382,-1,8.552000000003318,BACKFILL_AUTO
2026-07-11 11:54:08,1783770848,R_75,55703.0457,-1,11.89249999999447,BACKFILL_AUTO
2026-07-11 11:54:10,1783770850,R_75,55709.9853,1,6.939599999997881,BACKFILL_AUTO
2026-07-11 11:54:12,1783770852,R_75,55723.5765,1,13.591200000002573,BACKFILL_AUTO
2026-07-11 11:54:14,1783770854,R_75,55718.4249,-1,5.1516000000046915,BACKFILL_AUTO
2026-07-11 11:54:16,1783770856,R_75,55719.1099,1,0.6850000000049477,BACKFILL_AUTO
2026-07-11 11:54:18,1783770858,R_75,55715.4398,-1,3.6701000000030035,BACKFILL_AUTO
2026-07-11 11:54:20,1783770860,R_75,55726.8446,1,11.404799999996612,BACKFILL_AUTO
2026-07-11 11:54:22,1783770862,R_75,55723.4192,-1,3.4254000000000815,BACKFILL_AUTO
2026-07-11 11:54:24,1783770864,R_75,55716.2715,-1,7.1476999999940745,BACKFILL_AUTO
2026-07-11 11:54:26,1783770866,R_75,55728.8916,1,12.620100000000093,BACKFILL_AUTO
2026-07-11 11:54:28,1783770868,R_75,55738.8565,1,9.964899999999034,BACKFILL_AUTO
2026-07-11 11:54:30,1783770870,R_75,55728.7938,-1,10.062700000002224,BACKFILL_AUTO
2026-07-11 11:54:32,1783770872,R_75,55720.7908,-1,8.002999999996973,BACKFILL_AUTO
2026-07-11 11:54:34,1783770874,R_75,55714.5938,-1,6.197000000000116,BACKFILL_AUTO
2026-07-11 11:54:36,1783770876,R_75,55713.3893,-1,1.2044999999998254,BACKFILL_AUTO
2026-07-11 11:54:38,1783770878,R_75,55725.9828,1,12.593499999995402,BACKFILL_AUTO
2026-07-11 11:54:40,1783770880,R_75,55734.9809,1,8.998100000004342,BACKFILL_AUTO
2026-07-11 11:54:42,1783770882,R_75,55719.0788,-1,15.902099999999336,BACKFILL_AUTO
2026-07-11 11:54:44,1783770884,R_75,55718.9264,-1,0.1524000000063097,BACKFILL_AUTO
2026-07-11 11:54:46,1783770886,R_75,55723.7429,1,4.816500000000815,BACKFILL_AUTO
2026-07-11 11:54:48,1783770888,R_75,55720.9013,-1,2.841599999999744,BACKFILL_AUTO
2026-07-11 11:54:50,1783770890,R_75,55698.8278,-1,22.073499999998603,BACKFILL_AUTO
2026-07-11 11:54:52,1783770892,R_75,55703.8516,1,5.023800000002666,BACKFILL_AUTO
2026-07-11 11:54:54,1783770894,R_75,55704.8497,1,0.9980999999970663,BACKFILL_AUTO
2026-07-11 11:54:56,1783770896,R_75,55709.1871,1,4.337400000003981,BACKFILL_AUTO
2026-07-11 11:54:58,1783770898,R_75,55709.3187,1,0.131600000000617,BACKFILL_AUTO
2026-07-11 11:55:00,1783770900,R_75,55703.7548,-1,5.563900000001013,BACKFILL_AUTO
2026-07-11 11:55:02,1783770902,R_75,55698.4393,-1,5.315500000004249,BACKFILL_AUTO
2026-07-11 11:55:04,1783770904,R_75,55697.5978,-1,0.8414999999949941,BACKFILL_AUTO
2026-07-11 11:55:06,1783770906,R_75,55704.4901,1,6.892299999999523,BACKFILL_AUTO
2026-07-11 11:55:08,1783770908,R_75,55676.629,-1,27.861100000001898,BACKFILL_AUTO
2026-07-11 11:55:10,1783770910,R_75,55661.8073,-1,14.821700000000419,BACKFILL_AUTO
2026-07-11 11:55:12,1783770912,R_75,55675.7036,1,13.896300000000338,BACKFILL_AUTO
2026-07-11 11:55:14,1783770914,R_75,55657.5381,-1,18.165500000002794,BACKFILL_AUTO
2026-07-11 11:55:16,1783770916,R_75,55664.1422,1,6.6041000000041095,BACKFILL_AUTO
2026-07-11 11:55:18,1783770918,R_75,55660.3855,-1,3.7567000000053667,BACKFILL_AUTO
2026-07-11 11:55:20,1783770920,R_75,55656.7459,-1,3.639599999994971,BACKFILL_AUTO
2026-07-11 11:55:22,1783770922,R_75,55664.2182,1,7.472300000001269,BACKFILL_AUTO
2026-07-11 11:55:24,1783770924,R_75,55667.7762,1,3.5579999999972642,BACKFILL_AUTO
2026-07-11 11:55:26,1783770926,R_75,55674.2943,1,6.518100000001141,BACKFILL_AUTO
2026-07-11 11:55:28,1783770928,R_75,55684.9252,1,10.630899999996473,BACKFILL_AUTO
2026-07-11 11:55:30,1783770930,R_75,55685.9124,1,0.9872000000032131,BACKFILL_AUTO
2026-07-11 11:55:32,1783770932,R_75,55693.5571,1,7.644699999997101,BACKFILL_AUTO
2026-07-11 11:55:34,1783770934,R_75,55702.1539,1,8.596799999999348,BACKFILL_AUTO
2026-07-11 11:55:36,1783770936,R_75,55707.9693,1,5.815399999999499,BACKFILL_AUTO
2026-07-11 11:55:38,1783770938,R_75,55702.6375,-1,5.33179999999993,BACKFILL_AUTO
2026-07-11 11:55:40,1783770940,R_75,55706.3428,1,3.7053000000014435,BACKFILL_AUTO
2026-07-11 11:55:42,1783770942,R_75,55701.373,-1,4.969799999998941,BACKFILL_AUTO
2026-07-11 11:55:44,1783770944,R_75,55688.4438,-1,12.929199999998673,BACKFILL_AUTO
2026-07-11 11:55:46,1783770946,R_75,55685.3292,-1,3.1146000000007916,BACKFILL_AUTO
2026-07-11 11:55:48,1783770948,R_75,55674.323,-1,11.006200000003446,BACKFILL_AUTO
2026-07-11 11:55:50,1783770950,R_75,55670.9095,-1,3.4134999999951106,BACKFILL_AUTO
2026-07-11 11:55:52,1783770952,R_75,55666.2441,-1,4.665399999998044,BACKFILL_AUTO
2026-07-11 11:55:54,1783770954,R_75,55662.4247,-1,3.8194000000003143,BACKFILL_AUTO
2026-07-11 11:55:56,1783770956,R_75,55672.0989,1,9.674199999994016,BACKFILL_AUTO
2026-07-11 11:55:58,1783770958,R_75,55680.7531,1,8.654200000004494,BACKFILL_AUTO
2026-07-11 11:56:00,1783770960,R_75,55694.8903,1,14.137199999997392,BACKFILL_AUTO
2026-07-11 11:56:02,1783770962,R_75,55688.0968,-1,6.793499999999767,BACKFILL_AUTO
2026-07-11 11:56:04,1783770964,R_75,55690.8544,1,2.7575999999971827,BACKFILL_AUTO
2026-07-11 11:56:06,1783770966,R_75,55709.1581,1,18.303700000004028,BACKFILL_AUTO
2026-07-11 11:56:08,1783770968,R_75,55697.9052,-1,11.2528999999995,BACKFILL_AUTO
2026-07-11 11:56:10,1783770970,R_75,55703.5909,1,5.685700000001816,BACKFILL_AUTO
2026-07-11 11:56:12,1783770972,R_75,55708.1474,1,4.556499999998778,BACKFILL_AUTO
2026-07-11 11:56:14,1783770974,R_75,55728.3675,1,20.220099999998638,BACKFILL_AUTO
2026-07-11 11:56:16,1783770976,R_75,55720.3798,-1,7.987699999997858,BACKFILL_AUTO
2026-07-11 11:56:18,1783770978,R_75,55723.2935,1,2.913699999997334,BACKFILL_AUTO
2026-07-11 11:56:20,1783770980,R_75,55713.9161,-1,9.377399999997579,BACKFILL_AUTO
2026-07-11 11:56:22,1783770982,R_75,55724.9937,1,11.077599999996892,BACKFILL_AUTO
2026-07-11 11:56:24,1783770984,R_75,55728.0241,1,3.030400000003283,BACKFILL_AUTO
2026-07-11 11:56:26,1783770986,R_75,55719.5706,-1,8.45350000000326,BACKFILL_AUTO
2026-07-11 11:56:28,1783770988,R_75,55722.9582,1,3.3876000000018394,BACKFILL_AUTO
2026-07-11 11:56:30,1783770990,R_75,55726.8846,1,3.9263999999966472,BACKFILL_AUTO
2026-07-11 11:56:32,1783770992,R_75,55727.1533,1,0.2687000000005355,BACKFILL_AUTO
2026-07-11 11:56:34,1783770994,R_75,55736.3502,1,9.196900000002643,BACKFILL_AUTO
2026-07-11 11:56:36,1783770996,R_75,55721.2905,-1,15.059699999997974,BACKFILL_AUTO
2026-07-11 11:56:38,1783770998,R_75,55712.4434,-1,8.847100000006321,BACKFILL_AUTO
2026-07-11 11:56:40,1783771000,R_75,55720.3164,1,7.8730000000068685,BACKFILL_AUTO
2026-07-11 11:56:42,1783771002,R_75,55732.6868,1,12.37039999999979,BACKFILL_AUTO
2026-07-11 11:56:44,1783771004,R_75,55734.6065,1,1.9196999999985565,BACKFILL_AUTO
2026-07-11 11:56:46,1783771006,R_75,55747.4336,1,12.82709999999497,BACKFILL_AUTO
2026-07-11 11:56:48,1783771008,R_75,55757.877,1,10.443400000003749,BACKFILL_AUTO
2026-07-11 11:56:50,1783771010,R_75,55757.4458,-1,0.4311999999990803,BACKFILL_AUTO
2026-07-11 11:56:52,1783771012,R_75,55736.7321,-1,20.713700000000244,BACKFILL_AUTO
2026-07-11 11:56:54,1783771014,R_75,55740.1537,1,3.42160000000149,BACKFILL_AUTO
2026-07-11 11:56:56,1783771016,R_75,55739.1316,-1,1.0221000000019558,BACKFILL_AUTO
2026-07-11 11:56:58,1783771018,R_75,55709.2969,-1,29.83469999999943,BACKFILL_AUTO
2026-07-11 11:57:00,1783771020,R_75,55712.0701,1,2.7731999999959953,BACKFILL_AUTO
2026-07-11 11:57:02,1783771022,R_75,55708.8169,-1,3.2531999999991967,BACKFILL_AUTO
2026-07-11 11:57:04,1783771024,R_75,55698.3713,-1,10.445599999999104,BACKFILL_AUTO
2026-07-11 11:57:06,1783771026,R_75,55686.6246,-1,11.746699999996054,BACKFILL_AUTO
2026-07-11 11:57:08,1783771028,R_75,55686.6884,1,0.06379999999626307,BACKFILL_AUTO
2026-07-11 11:57:10,1783771030,R_75,55689.4627,1,2.774299999997311,BACKFILL_AUTO
2026-07-11 11:57:12,1783771032,R_75,55693.2049,1,3.7422000000005937,BACKFILL_AUTO
2026-07-11 11:57:14,1783771034,R_75,55686.7791,-1,6.425799999997253,BACKFILL_AUTO
2026-07-11 11:57:16,1783771036,R_75,55685.6554,-1,1.123699999996461,BACKFILL_AUTO
2026-07-11 11:57:18,1783771038,R_75,55679.8688,-1,5.786600000006729,BACKFILL_AUTO
2026-07-11 11:57:20,1783771040,R_75,55674.4002,-1,5.468600000000151,BACKFILL_AUTO
2026-07-11 11:57:22,1783771042,R_75,55683.531,1,9.130800000006275,BACKFILL_AUTO
2026-07-11 11:57:24,1783771044,R_75,55694.5474,1,11.01640000000043,BACKFILL_AUTO
2026-07-11 11:57:26,1783771046,R_75,55706.8038,1,12.256399999998393,BACKFILL_AUTO
2026-07-11 11:57:28,1783771048,R_75,55697.7925,-1,9.0112999999983,BACKFILL_AUTO
2026-07-11 11:57:30,1783771050,R_75,55699.3857,1,1.5931999999957043,BACKFILL_AUTO
2026-07-11 11:57:32,1783771052,R_75,55695.3158,-1,4.069900000002235,BACKFILL_AUTO
2026-07-11 11:57:34,1783771054,R_75,55684.3603,-1,10.955499999996391,BACKFILL_AUTO
2026-07-11 11:57:36,1783771056,R_75,55669.571,-1,14.789299999996729,BACKFILL_AUTO
2026-07-11 11:57:38,1783771058,R_75,55672.4731,1,2.9020999999993364,BACKFILL_AUTO
2026-07-11 11:57:40,1783771060,R_75,55664.8742,-1,7.598900000004505,BACKFILL_AUTO
2026-07-11 11:57:42,1783771062,R_75,55686.7771,1,21.902900000000955,BACKFILL_AUTO
2026-07-11 11:57:44,1783771064,R_75,55689.2157,1,2.4386000000013155,BACKFILL_AUTO
2026-07-11 11:57:46,1783771066,R_75,55690.2696,1,1.0538999999989755,BACKFILL_AUTO
2026-07-11 11:57:48,1783771068,R_75,55707.3679,1,17.098299999997835,BACKFILL_AUTO
2026-07-11 11:57:50,1783771070,R_75,55698.3384,-1,9.029499999996915,BACKFILL_AUTO
2026-07-11 11:57:52,1783771072,R_75,55685.9383,-1,12.400099999998929,BACKFILL_AUTO
2026-07-11 11:57:54,1783771074,R_75,55689.0067,1,3.0683999999964726,BACKFILL_AUTO
2026-07-11 11:57:56,1783771076,R_75,55700.8594,1,11.852700000003097,BACKFILL_AUTO
2026-07-11 11:57:58,1783771078,R_75,55715.5957,1,14.736299999996845,BACKFILL_AUTO
2026-07-11 11:58:00,1783771080,R_75,55704.4162,-1,11.17949999999837,BACKFILL_AUTO
2026-07-11 11:58:02,1783771082,R_75,55681.0929,-1,23.32329999999638,BACKFILL_AUTO
2026-07-11 11:58:04,1783771084,R_75,55677.0267,-1,4.066200000001118,BACKFILL_AUTO
2026-07-11 11:58:06,1783771086,R_75,55668.5359,-1,8.490799999999581,BACKFILL_AUTO
2026-07-11 11:58:08,1783771088,R_75,55654.0057,-1,14.53020000000106,BACKFILL_AUTO
2026-07-11 11:58:10,1783771090,R_75,55656.7802,1,2.7744999999995343,BACKFILL_AUTO
2026-07-11 11:58:12,1783771092,R_75,55669.9531,1,13.172899999997753,BACKFILL_AUTO
2026-07-11 11:58:14,1783771094,R_75,55664.9921,-1,4.960999999995693,BACKFILL_AUTO
2026-07-11 11:58:16,1783771096,R_75,55680.6415,1,15.649399999994785,BACKFILL_AUTO
2026-07-11 11:58:18,1783771098,R_75,55679.5118,-1,1.1296999999976833,BACKFILL_AUTO
2026-07-11 11:58:20,1783771100,R_75,55654.0171,-1,25.494700000002922,BACKFILL_AUTO
2026-07-11 11:58:22,1783771102,R_75,55646.715,-1,7.302100000000792,BACKFILL_AUTO
2026-07-11 11:58:24,1783771104,R_75,55647.0297,1,0.314700000002631,BACKFILL_AUTO
2026-07-11 11:58:26,1783771106,R_75,55650.9286,1,3.8989000000001397,BACKFILL_AUTO
2026-07-11 11:58:28,1783771108,R_75,55655.4338,1,4.505199999999604,BACKFILL_AUTO
2026-07-11 11:58:30,1783771110,R_75,55653.9714,-1,1.4623999999967054,BACKFILL_AUTO
2026-07-11 11:58:32,1783771112,R_75,55670.3251,1,16.353699999999662,BACKFILL_AUTO
2026-07-11 11:58:34,1783771114,R_75,55673.9197,1,3.594599999996717,BACKFILL_AUTO
2026-07-11 11:58:36,1783771116,R_75,55689.2174,1,15.297700000002806,BACKFILL_AUTO
2026-07-11 11:58:38,1783771118,R_75,55681.849,-1,7.368399999999383,BACKFILL_AUTO
2026-07-11 11:58:40,1783771120,R_75,55687.5998,1,5.750800000001618,BACKFILL_AUTO
2026-07-11 11:58:42,1783771122,R_75,55692.5906,1,4.990799999999581,BACKFILL_AUTO
2026-07-11 11:58:44,1783771124,R_75,55682.2142,-1,10.376400000001013,BACKFILL_AUTO
2026-07-11 11:58:46,1783771126,R_75,55701.1206,1,18.90639999999985,BACKFILL_AUTO
2026-07-11 11:58:48,1783771128,R_75,55692.4946,-1,8.626000000003842,BACKFILL_AUTO
2026-07-11 11:58:50,1783771130,R_75,55702.1804,1,9.68579999999929,BACKFILL_AUTO
2026-07-11 11:58:52,1783771132,R_75,55687.7786,-1,14.40179999999964,BACKFILL_AUTO
2026-07-11 11:58:54,1783771134,R_75,55686.4692,-1,1.309399999998277,BACKFILL_AUTO
2026-07-11 11:58:56,1783771136,R_75,55693.6614,1,7.192199999997683,BACKFILL_AUTO
2026-07-11 11:58:58,1783771138,R_75,55696.3651,1,2.703700000005483,BACKFILL_AUTO
2026-07-11 11:59:00,1783771140,R_75,55684.5136,-1,11.851500000004307,BACKFILL_AUTO
2026-07-11 11:59:02,1783771142,R_75,55682.6938,-1,1.8197999999974854,BACKFILL_AUTO
2026-07-11 11:59:04,1783771144,R_75,55686.3595,1,3.6656999999977415,BACKFILL_AUTO
2026-07-11 11:59:06,1783771146,R_75,55700.1766,1,13.81710000000021,BACKFILL_AUTO
2026-07-11 11:59:08,1783771148,R_75,55692.0109,-1,8.165699999997742,BACKFILL_AUTO
2026-07-11 11:59:10,1783771150,R_75,55683.8281,-1,8.182800000002317,BACKFILL_AUTO
2026-07-11 11:59:12,1783771152,R_75,55672.8723,-1,10.955799999996088,BACKFILL_AUTO
2026-07-11 11:59:14,1783771154,R_75,55668.1818,-1,4.690500000004249,BACKFILL_AUTO
2026-07-11 11:59:16,1783771156,R_75,55671.7783,1,3.5964999999996508,BACKFILL_AUTO
2026-07-11 11:59:18,1783771158,R_75,55670.9678,-1,0.8104999999995925,BACKFILL_AUTO
2026-07-11 11:59:20,1783771160,R_75,55686.9098,1,15.942000000002736,BACKFILL_AUTO
2026-07-11 11:59:22,1783771162,R_75,55695.4795,1,8.569700000000012,BACKFILL_AUTO
2026-07-11 11:59:24,1783771164,R_75,55713.2943,1,17.814800000000105,BACKFILL_AUTO
2026-07-11 11:59:26,1783771166,R_75,55708.3097,-1,4.984600000003411,BACKFILL_AUTO
2026-07-11 11:59:28,1783771168,R_75,55719.7999,1,11.490200000000186,BACKFILL_AUTO
2026-07-11 11:59:30,1783771170,R_75,55714.8978,-1,4.902099999999336,BACKFILL_AUTO
2026-07-11 11:59:32,1783771172,R_75,55725.2787,1,10.380900000003749,BACKFILL_AUTO
2026-07-11 11:59:34,1783771174,R_75,55730.8319,1,5.553199999994831,BACKFILL_AUTO
2026-07-11 11:59:36,1783771176,R_75,55734.0415,1,3.2096000000019558,BACKFILL_AUTO
2026-07-11 11:59:38,1783771178,R_75,55725.5366,-1,8.504899999999907,BACKFILL_AUTO
2026-07-11 11:59:40,1783771180,R_75,55713.7147,-1,11.821900000002643,BACKFILL_AUTO
2026-07-11 11:59:42,1783771182,R_75,55715.6805,1,1.9658000000054017,BACKFILL_AUTO
2026-07-11 11:59:44,1783771184,R_75,55703.5492,-1,12.13130000000092,BACKFILL_AUTO
2026-07-11 11:59:46,1783771186,R_75,55723.2454,1,19.6961999999985,BACKFILL_AUTO
2026-07-11 11:59:48,1783771188,R_75,55718.2689,-1,4.976499999997031,BACKFILL_AUTO
2026-07-11 11:59:50,1783771190,R_75,55711.6806,-1,6.588300000003073,BACKFILL_AUTO
2026-07-11 11:59:52,1783771192,R_75,55693.3951,-1,18.285499999998137,BACKFILL_AUTO
2026-07-11 11:59:54,1783771194,R_75,55697.6227,1,4.227599999998347,BACKFILL_AUTO
2026-07-11 11:59:56,1783771196,R_75,55698.3947,1,0.771999999997206,BACKFILL_AUTO
2026-07-11 11:59:58,1783771198,R_75,55713.35,1,14.955300000001444,BACKFILL_AUTO
2026-07-11 12:00:00,1783771200,R_75,55721.7993,1,8.449300000000221,BACKFILL_AUTO
2026-07-11 12:00:02,1783771202,R_75,55720.2821,-1,1.517200000002049,BACKFILL_AUTO
2026-07-11 12:00:04,1783771204,R_75,55720.1265,-1,0.1555999999982305,BACKFILL_AUTO
2026-07-11 12:00:06,1783771206,R_75,55712.7068,-1,7.4196999999985565,BACKFILL_AUTO
2026-07-11 12:00:08,1783771208,R_75,55689.9295,-1,22.77730000000156,BACKFILL_AUTO
2026-07-11 12:00:10,1783771210,R_75,55711.8799,1,21.950400000001537,BACKFILL_AUTO
2026-07-11 12:00:12,1783771212,R_75,55719.2283,1,7.348400000002584,BACKFILL_AUTO
2026-07-11 12:00:14,1783771214,R_75,55691.6455,-1,27.582800000003772,BACKFILL_AUTO
2026-07-11 12:00:16,1783771216,R_75,55688.0679,-1,3.5775999999968917,BACKFILL_AUTO
2026-07-11 12:00:18,1783771218,R_75,55687.6611,-1,0.4068000000042957,BACKFILL_AUTO
2026-07-11 12:00:20,1783771220,R_75,55688.0296,1,0.36850000000413274,BACKFILL_AUTO
2026-07-11 12:00:22,1783771222,R_75,55689.5316,1,1.5020000000004075,BACKFILL_AUTO
2026-07-11 12:00:24,1783771224,R_75,55695.4395,1,5.907899999998335,BACKFILL_AUTO
2026-07-11 12:00:26,1783771226,R_75,55700.0535,1,4.614000000001397,BACKFILL_AUTO
2026-07-11 12:00:28,1783771228,R_75,55693.9932,-1,6.060300000004645,BACKFILL_AUTO
2026-07-11 12:00:30,1783771230,R_75,55703.334,1,9.340800000005402,BACKFILL_AUTO
2026-07-11 12:00:32,1783771232,R_75,55704.2037,1,0.8696999999956461,BACKFILL_AUTO
2026-07-11 12:00:34,1783771234,R_75,55685.6047,-1,18.598999999994703,BACKFILL_AUTO
2026-07-11 12:00:36,1783771236,R_75,55678.8756,-1,6.7291000000041095,BACKFILL_AUTO
2026-07-11 12:00:38,1783771238,R_75,55676.8821,-1,1.9934999999968568,BACKFILL_AUTO
2026-07-11 12:00:40,1783771240,R_75,55696.4586,1,19.576499999995576,BACKFILL_AUTO
2026-07-11 12:00:42,1783771242,R_75,55686.1071,-1,10.351499999997031,BACKFILL_AUTO
2026-07-11 12:00:44,1783771244,R_75,55681.6692,-1,4.437900000004447,BACKFILL_AUTO
2026-07-11 12:00:46,1783771246,R_75,55666.6616,-1,15.007599999997183,BACKFILL_AUTO
2026-07-11 12:00:48,1783771248,R_75,55672.5893,1,5.927700000000186,BACKFILL_AUTO
2026-07-11 12:00:50,1783771250,R_75,55663.5722,-1,9.0170999999973,BACKFILL_AUTO
2026-07-11 12:00:52,1783771252,R_75,55661.7587,-1,1.8135000000038417,BACKFILL_AUTO
2026-07-11 12:00:54,1783771254,R_75,55659.8777,-1,1.8810000000012224,BACKFILL_AUTO
2026-07-11 12:00:56,1783771256,R_75,55672.2372,1,12.359500000005937,BACKFILL_AUTO
2026-07-11 12:00:58,1783771258,R_75,55680.1844,1,7.947199999995064,BACKFILL_AUTO
2026-07-11 12:01:00,1783771260,R_75,55667.5379,-1,12.646499999995285,BACKFILL_AUTO
2026-07-11 12:01:02,1783771262,R_75,55653.1011,-1,14.436800000003132,BACKFILL_AUTO
2026-07-11 12:01:04,1783771264,R_75,55668.8679,1,15.766799999997602,BACKFILL_AUTO
2026-07-11 12:01:06,1783771266,R_75,55694.1219,1,25.254000000000815,BACKFILL_AUTO
2026-07-11 12:01:08,1783771268,R_75,55706.699,1,12.577100000002247,BACKFILL_AUTO
2026-07-11 12:01:10,1783771270,R_75,55696.5599,-1,10.139100000000326,BACKFILL_AUTO
2026-07-11 12:01:12,1783771272,R_75,55686.4416,-1,10.11830000000191,BACKFILL_AUTO
2026-07-11 12:01:14,1783771274,R_75,55691.5143,1,5.072700000004261,BACKFILL_AUTO
2026-07-11 12:01:16,1783771276,R_75,55682.7366,-1,8.777700000006007,BACKFILL_AUTO
2026-07-11 12:01:18,1783771278,R_75,55687.5493,1,4.8127000000022235,BACKFILL_AUTO
2026-07-11 12:01:20,1783771280,R_75,55693.017,1,5.467700000001059,BACKFILL_AUTO
2026-07-11 12:01:22,1783771282,R_75,55702.4837,1,9.466699999997218,BACKFILL_AUTO
2026-07-11 12:01:24,1783771284,R_75,55677.0404,-1,25.443299999999,BACKFILL_AUTO
2026-07-11 12:01:26,1783771286,R_75,55686.0835,1,9.043100000002596,BACKFILL_AUTO
2026-07-11 12:01:28,1783771288,R_75,55673.7296,-1,12.353900000001886,BACKFILL_AUTO
2026-07-11 12:01:30,1783771290,R_75,55686.6918,1,12.962200000001758,BACKFILL_AUTO
2026-07-11 12:01:32,1783771292,R_75,55670.592,-1,16.099800000003597,BACKFILL_AUTO
2026-07-11 12:01:34,1783771294,R_75,55682.7259,1,12.133900000000722,BACKFILL_AUTO
2026-07-11 12:01:36,1783771296,R_75,55697.8217,1,15.095800000002782,BACKFILL_AUTO
2026-07-11 12:01:38,1783771298,R_75,55677.0466,-1,20.77509999999893,BACKFILL_AUTO
2026-07-11 12:01:40,1783771300,R_75,55682.3951,1,5.348500000000058,BACKFILL_AUTO
2026-07-11 12:01:42,1783771302,R_75,55685.011,1,2.6158999999970547,BACKFILL_AUTO
2026-07-11 12:01:44,1783771304,R_75,55688.6667,1,3.6557000000029802,BACKFILL_AUTO
2026-07-11 12:01:46,1783771306,R_75,55706.6307,1,17.963999999999942,BACKFILL_AUTO
2026-07-11 12:01:48,1783771308,R_75,55697.7238,-1,8.90690000000177,BACKFILL_AUTO
2026-07-11 12:01:50,1783771310,R_75,55691.7904,-1,5.933400000001711,BACKFILL_AUTO
2026-07-11 12:01:52,1783771312,R_75,55710.6104,1,18.81999999999971,BACKFILL_AUTO
2026-07-11 12:01:54,1783771314,R_75,55728.4789,1,17.868500000004133,BACKFILL_AUTO
2026-07-11 12:01:56,1783771316,R_75,55726.2555,-1,2.2234000000025844,BACKFILL_AUTO
2026-07-11 12:01:58,1783771318,R_75,55745.9403,1,19.684800000002724,BACKFILL_AUTO
2026-07-11 12:02:00,1783771320,R_75,55755.3503,1,9.409999999996217,BACKFILL_AUTO
2026-07-11 12:02:02,1783771322,R_75,55764.8582,1,9.507900000004156,BACKFILL_AUTO
2026-07-11 12:02:04,1783771324,R_75,55759.5606,-1,5.297600000005332,BACKFILL_AUTO
2026-07-11 12:02:06,1783771326,R_75,55749.9638,-1,9.596799999999348,BACKFILL_AUTO
2026-07-11 12:02:08,1783771328,R_75,55758.0422,1,8.078400000005786,BACKFILL_AUTO
2026-07-11 12:02:10,1783771330,R_75,55752.1342,-1,5.908000000003085,BACKFILL_AUTO
2026-07-11 12:02:12,1783771332,R_75,55748.7125,-1,3.421699999998964,BACKFILL_AUTO
2026-07-11 12:02:14,1783771334,R_75,55741.2097,-1,7.502800000002026,BACKFILL_AUTO
2026-07-11 12:02:16,1783771336,R_75,55725.0139,-1,16.195800000001327,BACKFILL_AUTO
2026-07-11 12:02:18,1783771338,R_75,55719.6256,-1,5.388299999998708,BACKFILL_AUTO
2026-07-11 12:02:20,1783771340,R_75,55700.5732,-1,19.05240000000049,BACKFILL_AUTO
2026-07-11 12:02:22,1783771342,R_75,55713.9231,1,13.349900000001071,BACKFILL_AUTO
2026-07-11 12:02:24,1783771344,R_75,55699.261,-1,14.662100000001374,BACKFILL_AUTO
2026-07-11 12:02:26,1783771346,R_75,55706.563,1,7.302000000003318,BACKFILL_AUTO
2026-07-11 12:02:28,1783771348,R_75,55705.5252,-1,1.037800000005518,BACKFILL_AUTO
2026-07-11 12:02:30,1783771350,R_75,55702.3859,-1,3.1392999999952735,BACKFILL_AUTO
2026-07-11 12:02:32,1783771352,R_75,55699.2284,-1,3.157500000001164,BACKFILL_AUTO
2026-07-11 12:02:34,1783771354,R_75,55712.5677,1,13.33929999999964,BACKFILL_AUTO
2026-07-11 12:02:36,1783771356,R_75,55719.9223,1,7.354599999998754,BACKFILL_AUTO
2026-07-11 12:02:38,1783771358,R_75,55724.9358,1,5.013500000000931,BACKFILL_AUTO
2026-07-11 12:02:40,1783771360,R_75,55729.753,1,4.817199999997683,BACKFILL_AUTO
2026-07-11 12:02:42,1783771362,R_75,55716.0067,-1,13.746299999998882,BACKFILL_AUTO
2026-07-11 12:02:44,1783771364,R_75,55710.5741,-1,5.432600000000093,BACKFILL_AUTO
2026-07-11 12:02:46,1783771366,R_75,55715.1547,1,4.580600000001141,BACKFILL_AUTO
2026-07-11 12:02:48,1783771368,R_75,55718.0257,1,2.870999999999185,BACKFILL_AUTO
2026-07-11 12:02:50,1783771370,R_75,55703.0527,-1,14.972999999998137,BACKFILL_AUTO
2026-07-11 12:02:52,1783771372,R_75,55704.544,1,1.4913000000015018,BACKFILL_AUTO
2026-07-11 12:02:54,1783771374,R_75,55717.825,1,13.280999999995402,BACKFILL_AUTO
2026-07-11 12:02:56,1783771376,R_75,55719.2722,1,1.44720000000234,BACKFILL_AUTO
2026-07-11 12:02:58,1783771378,R_75,55714.208,-1,5.06420000000071,BACKFILL_AUTO
2026-07-11 12:03:00,1783771380,R_75,55715.3032,1,1.0952000000033877,BACKFILL_AUTO
2026-07-11 12:03:02,1783771382,R_75,55710.3138,-1,4.989399999998568,BACKFILL_AUTO
2026-07-11 12:03:04,1783771384,R_75,55688.1066,-1,22.207200000004377,BACKFILL_AUTO
2026-07-11 12:03:06,1783771386,R_75,55697.7143,1,9.607700000000477,BACKFILL_AUTO
2026-07-11 12:03:08,1783771388,R_75,55682.2234,-1,15.490899999997055,BACKFILL_AUTO
2026-07-11 12:03:10,1783771390,R_75,55684.028,1,1.804599999995844,BACKFILL_AUTO
2026-07-11 12:03:12,1783771392,R_75,55687.9856,1,3.9576000000015483,BACKFILL_AUTO
2026-07-11 12:03:14,1783771394,R_75,55680.1747,-1,7.810899999996764,BACKFILL_AUTO
2026-07-11 12:03:16,1783771396,R_75,55675.0537,-1,5.121000000006461,BACKFILL_AUTO
2026-07-11 12:03:18,1783771398,R_75,55666.4919,-1,8.561799999995856,BACKFILL_AUTO
2026-07-11 12:03:20,1783771400,R_75,55655.6549,-1,10.836999999999534,BACKFILL_AUTO
2026-07-11 12:03:22,1783771402,R_75,55658.1688,1,2.5138999999981024,BACKFILL_AUTO
2026-07-11 12:03:24,1783771404,R_75,55649.2,-1,8.968800000002375,BACKFILL_AUTO
2026-07-11 12:03:26,1783771406,R_75,55649.7555,1,0.5555000000022119,BACKFILL_AUTO
2026-07-11 12:03:28,1783771408,R_75,55647.6622,-1,2.093300000000454,BACKFILL_AUTO
2026-07-11 12:03:30,1783771410,R_75,55654.947,1,7.284800000001269,BACKFILL_AUTO
2026-07-11 12:03:32,1783771412,R_75,55638.9959,-1,15.951099999998405,BACKFILL_AUTO
2026-07-11 12:03:34,1783771414,R_75,55613.8354,-1,25.160499999998137,BACKFILL_AUTO
2026-07-11 12:03:36,1783771416,R_75,55599.9165,-1,13.918900000004214,BACKFILL_AUTO
2026-07-11 12:03:38,1783771418,R_75,55601.8325,1,1.9159999999974389,BACKFILL_AUTO
2026-07-11 12:03:40,1783771420,R_75,55594.5804,-1,7.252099999997881,BACKFILL_AUTO
2026-07-11 12:03:42,1783771422,R_75,55591.7108,-1,2.8695999999981723,BACKFILL_AUTO
2026-07-11 12:03:44,1783771424,R_75,55597.5851,1,5.874299999995856,BACKFILL_AUTO
2026-07-11 12:03:46,1783771426,R_75,55622.2852,1,24.70010000000184,BACKFILL_AUTO
2026-07-11 12:03:48,1783771428,R_75,55630.9193,1,8.634100000002945,BACKFILL_AUTO
2026-07-11 12:03:50,1783771430,R_75,55654.2093,1,23.290000000000873,BACKFILL_AUTO
2026-07-11 12:03:52,1783771432,R_75,55652.3156,-1,1.8937000000005355,BACKFILL_AUTO
2026-07-11 12:03:54,1783771434,R_75,55647.2879,-1,5.027699999998731,BACKFILL_AUTO
2026-07-11 12:03:56,1783771436,R_75,55646.2555,-1,1.0324000000036904,BACKFILL_AUTO
2026-07-11 12:03:58,1783771438,R_75,55643.1448,-1,3.1106999999974505,BACKFILL_AUTO
2026-07-11 12:04:00,1783771440,R_75,55641.0409,-1,2.103900000001886,BACKFILL_AUTO
2026-07-11 12:04:02,1783771442,R_75,55645.1991,1,4.158199999998033,BACKFILL_AUTO
2026-07-11 12:04:04,1783771444,R_75,55633.6855,-1,11.513599999998405,BACKFILL_AUTO
2026-07-11 12:04:06,1783771446,R_75,55640.7665,1,7.080999999998312,BACKFILL_AUTO
2026-07-11 12:04:08,1783771448,R_75,55654.7913,1,14.024799999999232,BACKFILL_AUTO
2026-07-11 12:04:10,1783771450,R_75,55662.9363,1,8.145000000004075,BACKFILL_AUTO
2026-07-11 12:04:12,1783771452,R_75,55681.9962,1,19.059900000000198,BACKFILL_AUTO
2026-07-11 12:04:14,1783771454,R_75,55689.0711,1,7.074899999999616,BACKFILL_AUTO
2026-07-11 12:04:16,1783771456,R_75,55690.2829,1,1.2117999999973108,BACKFILL_AUTO
2026-07-11 12:04:18,1783771458,R_75,55710.5762,1,20.29330000000482,BACKFILL_AUTO
2026-07-11 12:04:20,1783771460,R_75,55724.0778,1,13.50159999999596,BACKFILL_AUTO
2026-07-11 12:04:22,1783771462,R_75,55723.6872,-1,0.39059999999881256,BACKFILL_AUTO
2026-07-11 12:04:24,1783771464,R_75,55727.6638,1,3.976600000001781,BACKFILL_AUTO
2026-07-11 12:04:26,1783771466,R_75,55734.0022,1,6.338400000000547,BACKFILL_AUTO
2026-07-11 12:04:28,1783771468,R_75,55735.5633,1,1.5610999999989872,BACKFILL_AUTO
2026-07-11 12:04:30,1783771470,R_75,55725.5173,-1,10.046000000002095,BACKFILL_AUTO
2026-07-11 12:04:32,1783771472,R_75,55733.3852,1,7.867899999997462,BACKFILL_AUTO
2026-07-11 12:04:34,1783771474,R_75,55733.5073,1,0.12210000000050059,BACKFILL_AUTO
2026-07-11 12:04:36,1783771476,R_75,55722.9466,-1,10.56069999999454,BACKFILL_AUTO
2026-07-11 12:04:38,1783771478,R_75,55718.9649,-1,3.9817000000039116,BACKFILL_AUTO
2026-07-11 12:04:40,1783771480,R_75,55686.6691,-1,32.29579999999987,BACKFILL_AUTO
2026-07-11 12:04:42,1783771482,R_75,55689.3345,1,2.6653999999980442,BACKFILL_AUTO
2026-07-11 12:04:44,1783771484,R_75,55703.4179,1,14.083400000003166,BACKFILL_AUTO
2026-07-11 12:04:46,1783771486,R_75,55677.4978,-1,25.920100000003004,BACKFILL_AUTO
2026-07-11 12:04:48,1783771488,R_75,55680.5086,1,3.0108000000036554,BACKFILL_AUTO
2026-07-11 12:04:50,1783771490,R_75,55678.1821,-1,2.326500000002852,BACKFILL_AUTO
2026-07-11 12:04:52,1783771492,R_75,55687.2008,1,9.018700000000536,BACKFILL_AUTO
2026-07-11 12:04:54,1783771494,R_75,55692.7257,1,5.524900000003981,BACKFILL_AUTO
2026-07-11 12:04:56,1783771496,R_75,55687.9912,-1,4.734500000005937,BACKFILL_AUTO
2026-07-11 12:04:58,1783771498,R_75,55690.2637,1,2.272500000006403,BACKFILL_AUTO
2026-07-11 12:05:00,1783771500,R_75,55678.4735,-1,11.790200000003097,BACKFILL_AUTO
2026-07-11 12:05:02,1783771502,R_75,55677.3511,-1,1.122400000000198,BACKFILL_AUTO
2026-07-11 12:05:04,1783771504,R_75,55687.1203,1,9.769200000002456,BACKFILL_AUTO
2026-07-11 12:05:06,1783771506,R_75,55699.7439,1,12.623599999998987,BACKFILL_AUTO
2026-07-11 12:05:08,1783771508,R_75,55704.231,1,4.487099999998463,BACKFILL_AUTO
2026-07-11 12:05:10,1783771510,R_75,55697.8813,-1,6.3496999999988475,BACKFILL_AUTO
2026-07-11 12:05:12,1783771512,R_75,55712.4834,1,14.602099999996426,BACKFILL_AUTO
2026-07-11 12:05:14,1783771514,R_75,55717.5019,1,5.018500000005588,BACKFILL_AUTO
2026-07-11 12:05:16,1783771516,R_75,55718.8481,1,1.3461999999999534,BACKFILL_AUTO
2026-07-11 12:05:18,1783771518,R_75,55719.0369,1,0.18879999999626307,BACKFILL_AUTO
2026-07-11 12:05:20,1783771520,R_75,55702.0323,-1,17.00460000000021,BACKFILL_AUTO
2026-07-11 12:05:22,1783771522,R_75,55694.5948,-1,7.4375,BACKFILL_AUTO
2026-07-11 12:05:24,1783771524,R_75,55738.594,1,43.99919999999838,BACKFILL_AUTO
2026-07-11 12:05:26,1783771526,R_75,55719.5271,-1,19.066899999997986,BACKFILL_AUTO
2026-07-11 12:05:28,1783771528,R_75,55703.8173,-1,15.709799999996903,BACKFILL_AUTO
2026-07-11 12:05:30,1783771530,R_75,55709.3641,1,5.546799999996438,BACKFILL_AUTO
2026-07-11 12:05:32,1783771532,R_75,55708.7962,-1,0.5679000000018277,BACKFILL_AUTO
2026-07-11 12:05:34,1783771534,R_75,55713.4441,1,4.647900000003574,BACKFILL_AUTO
2026-07-11 12:05:36,1783771536,R_75,55688.1843,-1,25.259799999999814,BACKFILL_AUTO
2026-07-11 12:05:38,1783771538,R_75,55680.8713,-1,7.313000000001921,BACKFILL_AUTO
2026-07-11 12:05:40,1783771540,R_75,55687.101,1,6.229700000003504,BACKFILL_AUTO
2026-07-11 12:05:42,1783771542,R_75,55693.2942,1,6.193199999994249,BACKFILL_AUTO
2026-07-11 12:05:44,1783771544,R_75,55690.1411,-1,3.153099999995902,BACKFILL_AUTO
2026-07-11 12:05:46,1783771546,R_75,55701.1132,1,10.972099999999045,BACKFILL_AUTO
2026-07-11 12:05:48,1783771548,R_75,55697.4734,-1,3.6397999999971944,BACKFILL_AUTO
2026-07-11 12:05:50,1783771550,R_75,55686.8394,-1,10.634000000005472,BACKFILL_AUTO
2026-07-11 12:05:52,1783771552,R_75,55685.3053,-1,1.5340999999971245,BACKFILL_AUTO
2026-07-11 12:05:54,1783771554,R_75,55691.1666,1,5.861299999996845,BACKFILL_AUTO
2026-07-11 12:05:56,1783771556,R_75,55685.5667,-1,5.599899999993795,BACKFILL_AUTO
2026-07-11 12:05:58,1783771558,R_75,55686.7268,1,1.1600999999936903,BACKFILL_AUTO
2026-07-11 12:06:00,1783771560,R_75,55692.7756,1,6.048800000004121,BACKFILL_AUTO
2026-07-11 12:06:02,1783771562,R_75,55706.6457,1,13.870100000000093,BACKFILL_AUTO
2026-07-11 12:06:04,1783771564,R_75,55706.4779,-1,0.16780000000289874,BACKFILL_AUTO
2026-07-11 12:06:06,1783771566,R_75,55684.8537,-1,21.624199999998382,BACKFILL_AUTO
2026-07-11 12:06:08,1783771568,R_75,55680.2537,-1,4.599999999998545,BACKFILL_AUTO
2026-07-11 12:06:10,1783771570,R_75,55670.8445,-1,9.409200000001874,BACKFILL_AUTO
2026-07-11 12:06:12,1783771572,R_75,55664.1171,-1,6.727399999996123,BACKFILL_AUTO
2026-07-11 12:06:14,1783771574,R_75,55651.8702,-1,12.246900000005553,BACKFILL_AUTO
2026-07-11 12:06:16,1783771576,R_75,55647.1681,-1,4.702099999994971,BACKFILL_AUTO
2026-07-11 12:06:18,1783771578,R_75,55648.7717,1,1.6035999999949127,BACKFILL_AUTO
2026-07-11 12:06:20,1783771580,R_75,55650.0933,1,1.3216000000029453,BACKFILL_AUTO
2026-07-11 12:06:22,1783771582,R_75,55671.2463,1,21.15299999999843,BACKFILL_AUTO
2026-07-11 12:06:24,1783771584,R_75,55651.7494,-1,19.496899999998277,BACKFILL_AUTO
2026-07-11 12:06:26,1783771586,R_75,55669.3713,1,17.621899999998277,BACKFILL_AUTO
2026-07-11 12:06:28,1783771588,R_75,55658.9618,-1,10.409500000001572,BACKFILL_AUTO
2026-07-11 12:06:30,1783771590,R_75,55652.7519,-1,6.209899999994377,BACKFILL_AUTO
2026-07-11 12:06:32,1783771592,R_75,55644.0321,-1,8.719800000006217,BACKFILL_AUTO
2026-07-11 12:06:34,1783771594,R_75,55640.7486,-1,3.28349999999773,BACKFILL_AUTO
2026-07-11 12:06:36,1783771596,R_75,55651.7945,1,11.045900000004622,BACKFILL_AUTO
2026-07-11 12:06:38,1783771598,R_75,55646.5227,-1,5.2718000000022585,BACKFILL_AUTO
2026-07-11 12:06:40,1783771600,R_75,55651.1673,1,4.6445999999996275,BACKFILL_AUTO
2026-07-11 12:06:42,1783771602,R_75,55654.5051,1,3.3378000000011525,BACKFILL_AUTO
2026-07-11 12:06:44,1783771604,R_75,55645.8271,-1,8.677999999999884,BACKFILL_AUTO
2026-07-11 12:06:46,1783771606,R_75,55641.1643,-1,4.662800000005518,BACKFILL_AUTO
2026-07-11 12:06:48,1783771608,R_75,55652.6593,1,11.49500000000262,BACKFILL_AUTO
2026-07-11 12:06:50,1783771610,R_75,55658.8949,1,6.235599999999977,BACKFILL_AUTO
2026-07-11 12:06:52,1783771612,R_75,55662.7669,1,3.872000000003027,BACKFILL_AUTO
2026-07-11 12:06:54,1783771614,R_75,55642.4764,-1,20.290500000002794,BACKFILL_AUTO
2026-07-11 12:06:56,1783771616,R_75,55635.0082,-1,7.46820000000298,BACKFILL_AUTO
2026-07-11 12:06:58,1783771618,R_75,55630.9026,-1,4.10559999999532,BACKFILL_AUTO
2026-07-11 12:07:00,1783771620,R_75,55628.7852,-1,2.1174000000028173,BACKFILL_AUTO
2026-07-11 12:07:02,1783771622,R_75,55632.9684,1,4.183199999999488,BACKFILL_AUTO
2026-07-11 12:07:04,1783771624,R_75,55621.1497,-1,11.81869999999617,BACKFILL_AUTO
2026-07-11 12:07:06,1783771626,R_75,55625.4745,1,4.324799999994866,BACKFILL_AUTO
2026-07-11 12:07:08,1783771628,R_75,55621.984,-1,3.4904999999998836,BACKFILL_AUTO
2026-07-11 12:07:10,1783771630,R_75,55605.3885,-1,16.59549999999581,BACKFILL_AUTO
2026-07-11 12:07:12,1783771632,R_75,55612.6347,1,7.246200000001409,BACKFILL_AUTO
2026-07-11 12:07:14,1783771634,R_75,55618.836,1,6.201300000000629,BACKFILL_AUTO
2026-07-11 12:07:16,1783771636,R_75,55605.3438,-1,13.492200000000594,BACKFILL_AUTO
2026-07-11 12:07:18,1783771638,R_75,55593.6873,-1,11.656500000004598,BACKFILL_AUTO
2026-07-11 12:07:20,1783771640,R_75,55586.6688,-1,7.018499999998312,BACKFILL_AUTO
2026-07-11 12:07:22,1783771642,R_75,55599.8325,1,13.163699999997334,BACKFILL_AUTO
2026-07-11 12:07:24,1783771644,R_75,55602.2049,1,2.372400000000198,BACKFILL_AUTO
2026-07-11 12:07:26,1783771646,R_75,55609.2737,1,7.06880000000092,BACKFILL_AUTO
2026-07-11 12:07:28,1783771648,R_75,55619.4701,1,10.196400000000722,BACKFILL_AUTO
2026-07-11 12:07:30,1783771650,R_75,55617.3199,-1,2.1501999999964028,BACKFILL_AUTO
2026-07-11 12:07:32,1783771652,R_75,55606.3697,-1,10.950199999999313,BACKFILL_AUTO
2026-07-11 12:07:34,1783771654,R_75,55604.8076,-1,1.562100000002829,BACKFILL_AUTO
2026-07-11 12:07:36,1783771656,R_75,55613.6635,1,8.855900000002293,BACKFILL_AUTO
2026-07-11 12:07:38,1783771658,R_75,55617.9152,1,4.25170000000071,BACKFILL_AUTO
2026-07-11 12:07:40,1783771660,R_75,55597.9221,-1,19.993099999999686,BACKFILL_AUTO
2026-07-11 12:07:42,1783771662,R_75,55605.5391,1,7.61699999999837,BACKFILL_AUTO
2026-07-11 12:07:44,1783771664,R_75,55624.4267,1,18.88760000000184,BACKFILL_AUTO
2026-07-11 12:07:46,1783771666,R_75,55631.0364,1,6.609699999993609,BACKFILL_AUTO
2026-07-11 12:07:48,1783771668,R_75,55618.3116,-1,12.724799999996321,BACKFILL_AUTO
2026-07-11 12:07:50,1783771670,R_75,55636.7221,1,18.410499999998137,BACKFILL_AUTO
2026-07-11 12:07:52,1783771672,R_75,55646.6374,1,9.91530000000057,BACKFILL_AUTO
2026-07-11 12:07:54,1783771674,R_75,55646.8847,1,0.24730000000272412,BACKFILL_AUTO
2026-07-11 12:07:56,1783771676,R_75,55656.4726,1,9.587899999998626,BACKFILL_AUTO
2026-07-11 12:07:58,1783771678,R_75,55643.3451,-1,13.127500000002328,BACKFILL_AUTO
2026-07-11 12:08:00,1783771680,R_75,55648.1408,1,4.795700000002398,BACKFILL_AUTO
2026-07-11 12:08:02,1783771682,R_75,55656.262,1,8.121200000001409,BACKFILL_AUTO
2026-07-11 12:08:04,1783771684,R_75,55637.4448,-1,18.81720000000496,BACKFILL_AUTO
2026-07-11 12:08:06,1783771686,R_75,55625.4607,-1,11.984099999994214,BACKFILL_AUTO
2026-07-11 12:08:08,1783771688,R_75,55633.3181,1,7.857399999993504,BACKFILL_AUTO
2026-07-11 12:08:10,1783771690,R_75,55638.1412,1,4.823100000001432,BACKFILL_AUTO
2026-07-11 12:08:12,1783771692,R_75,55628.9627,-1,9.178500000001804,BACKFILL_AUTO
2026-07-11 12:08:14,1783771694,R_75,55639.0538,1,10.091100000005099,BACKFILL_AUTO
2026-07-11 12:08:16,1783771696,R_75,55644.4702,1,5.416400000001886,BACKFILL_AUTO
2026-07-11 12:08:18,1783771698,R_75,55642.8267,-1,1.643500000005588,BACKFILL_AUTO
2026-07-11 12:08:20,1783771700,R_75,55632.6558,-1,10.170899999997346,BACKFILL_AUTO
2026-07-11 12:08:22,1783771702,R_75,55632.2425,-1,0.413300000000163,BACKFILL_AUTO
2026-07-11 12:08:24,1783771704,R_75,55651.4882,1,19.245699999999488,BACKFILL_AUTO
2026-07-11 12:08:26,1783771706,R_75,55666.3246,1,14.83640000000014,BACKFILL_AUTO
2026-07-11 12:08:28,1783771708,R_75,55668.7017,1,2.3770999999978812,BACKFILL_AUTO
2026-07-11 12:08:30,1783771710,R_75,55665.7302,-1,2.9714999999996508,BACKFILL_AUTO
2026-07-11 12:08:32,1783771712,R_75,55664.3197,-1,1.4104999999981374,BACKFILL_AUTO
2026-07-11 12:08:34,1783771714,R_75,55656.2092,-1,8.110500000002503,BACKFILL_AUTO
2026-07-11 12:08:36,1783771716,R_75,55663.6305,1,7.421300000001793,BACKFILL_AUTO
2026-07-11 12:08:38,1783771718,R_75,55659.9258,-1,3.704700000002049,BACKFILL_AUTO
2026-07-11 12:08:40,1783771720,R_75,55651.232,-1,8.693799999993644,BACKFILL_AUTO
2026-07-11 12:08:42,1783771722,R_75,55660.3945,1,9.162499999998545,BACKFILL_AUTO
2026-07-11 12:08:44,1783771724,R_75,55659.6224,-1,0.7721000000019558,BACKFILL_AUTO
2026-07-11 12:08:46,1783771726,R_75,55676.7758,1,17.153400000002875,BACKFILL_AUTO
2026-07-11 12:08:48,1783771728,R_75,55685.1713,1,8.39549999999872,BACKFILL_AUTO
2026-07-11 12:08:50,1783771730,R_75,55686.8825,1,1.7111999999979162,BACKFILL_AUTO
2026-07-11 12:08:52,1783771732,R_75,55685.3869,-1,1.495600000002014,BACKFILL_AUTO
2026-07-11 12:08:54,1783771734,R_75,55680.5619,-1,4.82499999999709,BACKFILL_AUTO
2026-07-11 12:08:56,1783771736,R_75,55678.3252,-1,2.236700000001292,BACKFILL_AUTO
2026-07-11 12:08:58,1783771738,R_75,55679.7758,1,1.4506000000037602,BACKFILL_AUTO
2026-07-11 12:09:00,1783771740,R_75,55665.1148,-1,14.661000000000058,BACKFILL_AUTO
2026-07-11 12:09:02,1783771742,R_75,55648.288,-1,16.82680000000255,BACKFILL_AUTO
2026-07-11 12:09:04,1783771744,R_75,55648.5416,1,0.25359999999636784,BACKFILL_AUTO
2026-07-11 12:09:06,1783771746,R_75,55643.4035,-1,5.138099999996484,BACKFILL_AUTO
2026-07-11 12:09:08,1783771748,R_75,55637.2695,-1,6.133999999998196,BACKFILL_AUTO
2026-07-11 12:09:10,1783771750,R_75,55638.4315,1,1.161999999996624,BACKFILL_AUTO
2026-07-11 12:09:12,1783771752,R_75,55639.4667,1,1.03519999999844,BACKFILL_AUTO
2026-07-11 12:09:14,1783771754,R_75,55649.1596,1,9.692900000001828,BACKFILL_AUTO
2026-07-11 12:09:16,1783771756,R_75,55626.775,-1,22.38459999999759,BACKFILL_AUTO
2026-07-11 12:09:18,1783771758,R_75,55626.8216,1,0.046600000001490116,BACKFILL_AUTO
2026-07-11 12:09:20,1783771760,R_75,55633.6819,1,6.860300000000279,BACKFILL_AUTO
2026-07-11 12:09:22,1783771762,R_75,55640.8973,1,7.215399999993679,BACKFILL_AUTO
2026-07-11 12:09:24,1783771764,R_75,55631.0955,-1,9.801799999993818,BACKFILL_AUTO
2026-07-11 12:09:26,1783771766,R_75,55629.8254,-1,1.2701000000015483,BACKFILL_AUTO
2026-07-11 12:09:28,1783771768,R_75,55623.0717,-1,6.753700000001118,BACKFILL_AUTO
2026-07-11 12:09:30,1783771770,R_75,55622.1235,-1,0.9481999999989057,BACKFILL_AUTO
2026-07-11 12:09:32,1783771772,R_75,55622.9413,1,0.817799999997078,BACKFILL_AUTO
2026-07-11 12:09:34,1783771774,R_75,55622.8127,-1,0.12859999999636784,BACKFILL_AUTO
2026-07-11 12:09:36,1783771776,R_75,55627.6853,1,4.8725999999951455,BACKFILL_AUTO
2026-07-11 12:09:38,1783771778,R_75,55605.2592,-1,22.42609999999695,BACKFILL_AUTO
2026-07-11 12:09:40,1783771780,R_75,55595.4149,-1,9.84429999999702,BACKFILL_AUTO
2026-07-11 12:09:42,1783771782,R_75,55603.4227,1,8.007799999999406,BACKFILL_AUTO
2026-07-11 12:09:44,1783771784,R_75,55609.3317,1,5.908999999999651,BACKFILL_AUTO
2026-07-11 12:09:46,1783771786,R_75,55601.1401,-1,8.191600000005565,BACKFILL_AUTO
2026-07-11 12:09:48,1783771788,R_75,55602.9968,1,1.8567000000039116,BACKFILL_AUTO
2026-07-11 12:09:50,1783771790,R_75,55590.8749,-1,12.121899999998277,BACKFILL_AUTO
2026-07-11 12:09:52,1783771792,R_75,55606.7056,1,15.830699999998615,BACKFILL_AUTO
2026-07-11 12:09:54,1783771794,R_75,55605.1949,-1,1.5106999999989057,BACKFILL_AUTO
2026-07-11 12:09:56,1783771796,R_75,55620.6527,1,15.457799999996496,BACKFILL_AUTO
2026-07-11 12:09:58,1783771798,R_75,55642.4378,1,21.785100000000966,BACKFILL_AUTO
2026-07-11 12:10:00,1783771800,R_75,55626.1904,-1,16.247400000000198,BACKFILL_AUTO
2026-07-11 12:10:02,1783771802,R_75,55633.5823,1,7.391900000002352,BACKFILL_AUTO
2026-07-11 12:10:04,1783771804,R_75,55633.0454,-1,0.5368999999991502,BACKFILL_AUTO
2026-07-11 12:10:06,1783771806,R_75,55634.5283,1,1.4828999999954249,BACKFILL_AUTO
2026-07-11 12:10:08,1783771808,R_75,55629.8949,-1,4.633399999998801,BACKFILL_AUTO
2026-07-11 12:10:10,1783771810,R_75,55626.2567,-1,3.638200000001234,BACKFILL_AUTO
2026-07-11 12:10:12,1783771812,R_75,55635.9959,1,9.73920000000362,BACKFILL_AUTO
2026-07-11 12:10:14,1783771814,R_75,55647.4699,1,11.473999999994703,BACKFILL_AUTO
2026-07-11 12:10:16,1783771816,R_75,55640.2598,-1,7.210099999996601,BACKFILL_AUTO
2026-07-11 12:10:18,1783771818,R_75,55639.3647,-1,0.8951000000015483,BACKFILL_AUTO
2026-07-11 12:10:20,1783771820,R_75,55634.5351,-1,4.829599999997299,BACKFILL_AUTO
2026-07-11 12:10:22,1783771822,R_75,55643.3985,1,8.863400000002002,BACKFILL_AUTO
2026-07-11 12:10:24,1783771824,R_75,55632.6605,-1,10.738000000004831,BACKFILL_AUTO
2026-07-11 12:10:26,1783771826,R_75,55624.5727,-1,8.087800000001153,BACKFILL_AUTO
2026-07-11 12:10:28,1783771828,R_75,55626.429,1,1.8562999999994645,BACKFILL_AUTO
2026-07-11 12:10:30,1783771830,R_75,55620.3977,-1,6.031299999995099,BACKFILL_AUTO
2026-07-11 12:10:32,1783771832,R_75,55653.9567,1,33.559000000001106,BACKFILL_AUTO
2026-07-11 12:10:34,1783771834,R_75,55656.4908,1,2.5340999999971245,BACKFILL_AUTO
2026-07-11 12:10:36,1783771836,R_75,55644.8197,-1,11.67109999999957,BACKFILL_AUTO
2026-07-11 12:10:38,1783771838,R_75,55640.0942,-1,4.725500000000466,BACKFILL_AUTO
2026-07-11 12:10:40,1783771840,R_75,55635.0389,-1,5.055299999999988,BACKFILL_AUTO
2026-07-11 12:10:42,1783771842,R_75,55636.0685,1,1.0296000000016647,BACKFILL_AUTO
2026-07-11 12:10:44,1783771844,R_75,55634.4591,-1,1.6094000000011874,BACKFILL_AUTO
2026-07-11 12:10:46,1783771846,R_75,55629.8918,-1,4.567300000002433,BACKFILL_AUTO
2026-07-11 12:10:48,1783771848,R_75,55642.278,1,12.386200000000827,BACKFILL_AUTO
2026-07-11 12:10:50,1783771850,R_75,55650.9549,1,8.676899999998568,BACKFILL_AUTO
2026-07-11 12:10:52,1783771852,R_75,55646.3713,-1,4.583599999998114,BACKFILL_AUTO
2026-07-11 12:10:54,1783771854,R_75,55655.452,1,9.080699999998615,BACKFILL_AUTO
2026-07-11 12:10:56,1783771856,R_75,55660.726,1,5.274000000004889,BACKFILL_AUTO
2026-07-11 12:10:58,1783771858,R_75,55660.7215,-1,0.00450000000273576,BACKFILL_AUTO
2026-07-11 12:11:00,1783771860,R_75,55642.2703,-1,18.451200000003155,BACKFILL_AUTO
2026-07-11 12:11:02,1783771862,R_75,55651.5314,1,9.261100000003353,BACKFILL_AUTO
2026-07-11 12:11:04,1783771864,R_75,55628.2231,-1,23.30829999999696,BACKFILL_AUTO
2026-07-11 12:11:06,1783771866,R_75,55645.3377,1,17.114599999993516,BACKFILL_AUTO
2026-07-11 12:11:08,1783771868,R_75,55645.6459,1,0.30820000000676373,BACKFILL_AUTO
2026-07-11 12:11:10,1783771870,R_75,55634.8488,-1,10.797100000003411,BACKFILL_AUTO
2026-07-11 12:11:12,1783771872,R_75,55641.5605,1,6.711699999999837,BACKFILL_AUTO
2026-07-11 12:11:14,1783771874,R_75,55633.6571,-1,7.9034000000028755,BACKFILL_AUTO
2026-07-11 12:11:16,1783771876,R_75,55619.223,-1,14.43409999999858,BACKFILL_AUTO
2026-07-11 12:11:18,1783771878,R_75,55614.9736,-1,4.249400000000605,BACKFILL_AUTO
2026-07-11 12:11:20,1783771880,R_75,55607.5408,-1,7.432799999995041,BACKFILL_AUTO
2026-07-11 12:11:22,1783771882,R_75,55602.2501,-1,5.2907000000050175,BACKFILL_AUTO
2026-07-11 12:11:24,1783771884,R_75,55598.6441,-1,3.605999999999767,BACKFILL_AUTO
2026-07-11 12:11:26,1783771886,R_75,55598.2211,-1,0.42299999999522697,BACKFILL_AUTO
2026-07-11 12:11:28,1783771888,R_75,55600.3409,1,2.119800000000396,BACKFILL_AUTO
2026-07-11 12:11:30,1783771890,R_75,55600.2288,-1,0.11210000000573928,BACKFILL_AUTO
2026-07-11 12:11:32,1783771892,R_75,55603.7649,1,3.536100000004808,BACKFILL_AUTO
2026-07-11 12:11:34,1783771894,R_75,55596.8605,-1,6.904399999999441,BACKFILL_AUTO
2026-07-11 12:11:36,1783771896,R_75,55582.8388,-1,14.021700000004785,BACKFILL_AUTO
2026-07-11 12:11:38,1783771898,R_75,55562.2871,-1,20.551699999996345,BACKFILL_AUTO
2026-07-11 12:11:40,1783771900,R_75,55558.2214,-1,4.065699999999197,BACKFILL_AUTO
2026-07-11 12:11:42,1783771902,R_75,55564.1501,1,5.928699999996752,BACKFILL_AUTO
2026-07-11 12:11:44,1783771904,R_75,55573.0568,1,8.906699999999546,BACKFILL_AUTO
2026-07-11 12:11:46,1783771906,R_75,55572.8408,-1,0.21600000000034925,BACKFILL_AUTO
2026-07-11 12:11:48,1783771908,R_75,55560.8989,-1,11.941899999997986,BACKFILL_AUTO
2026-07-11 12:11:50,1783771910,R_75,55549.8166,-1,11.082300000001851,BACKFILL_AUTO
2026-07-11 12:11:52,1783771912,R_75,55545.7453,-1,4.071299999995972,BACKFILL_AUTO
2026-07-11 12:11:54,1783771914,R_75,55539.9738,-1,5.771500000002561,BACKFILL_AUTO
2026-07-11 12:11:56,1783771916,R_75,55549.495,1,9.521200000002864,BACKFILL_AUTO
2026-07-11 12:11:58,1783771918,R_75,55535.6269,-1,13.868099999999686,BACKFILL_AUTO
2026-07-11 12:12:00,1783771920,R_75,55541.7435,1,6.116599999993923,BACKFILL_AUTO
2026-07-11 12:12:02,1783771922,R_75,55538.6199,-1,3.123599999998987,BACKFILL_AUTO
2026-07-11 12:12:04,1783771924,R_75,55548.7808,1,10.160900000002584,BACKFILL_AUTO
2026-07-11 12:12:06,1783771926,R_75,55541.0314,-1,7.749400000000605,BACKFILL_AUTO
2026-07-11 12:12:08,1783771928,R_75,55544.6175,1,3.5861000000004424,BACKFILL_AUTO
2026-07-11 12:12:10,1783771930,R_75,55533.5282,-1,11.08929999999964,BACKFILL_AUTO
2026-07-11 12:12:12,1783771932,R_75,55510.8735,-1,22.65469999999914,BACKFILL_AUTO
2026-07-11 12:12:14,1783771934,R_75,55510.0126,-1,0.860899999999674,BACKFILL_AUTO
2026-07-11 12:12:16,1783771936,R_75,55508.8961,-1,1.1165000000037253,BACKFILL_AUTO
2026-07-11 12:12:18,1783771938,R_75,55513.677,1,4.780900000005204,BACKFILL_AUTO
2026-07-11 12:12:20,1783771940,R_75,55503.6141,-1,10.062900000004447,BACKFILL_AUTO
2026-07-11 12:12:22,1783771942,R_75,55502.9008,-1,0.7132999999957974,BACKFILL_AUTO
2026-07-11 12:12:24,1783771944,R_75,55521.443,1,18.542199999996228,BACKFILL_AUTO
2026-07-11 12:12:26,1783771946,R_75,55515.0213,-1,6.421699999998964,BACKFILL_AUTO
2026-07-11 12:12:28,1783771948,R_75,55511.3149,-1,3.706400000002759,BACKFILL_AUTO
2026-07-11 12:12:30,1783771950,R_75,55521.4049,1,10.090000000003783,BACKFILL_AUTO
2026-07-11 12:12:32,1783771952,R_75,55511.3155,-1,10.089400000004389,BACKFILL_AUTO
2026-07-11 12:12:34,1783771954,R_75,55495.5253,-1,15.79019999999582,BACKFILL_AUTO
2026-07-11 12:12:36,1783771956,R_75,55496.4168,1,0.8914999999979045,BACKFILL_AUTO
2026-07-11 12:12:38,1783771958,R_75,55488.6117,-1,7.805099999997765,BACKFILL_AUTO
2026-07-11 12:12:40,1783771960,R_75,55482.6602,-1,5.951500000002852,BACKFILL_AUTO
2026-07-11 12:12:42,1783771962,R_75,55474.7311,-1,7.929100000001199,BACKFILL_AUTO
2026-07-11 12:12:44,1783771964,R_75,55487.1648,1,12.433700000001409,BACKFILL_AUTO
2026-07-11 12:12:46,1783771966,R_75,55477.1671,-1,9.997699999999895,BACKFILL_AUTO
2026-07-11 12:12:48,1783771968,R_75,55477.2238,1,0.05670000000100117,BACKFILL_AUTO
2026-07-11 12:12:50,1783771970,R_75,55482.4692,1,5.2453999999997905,BACKFILL_AUTO
2026-07-11 12:12:52,1783771972,R_75,55468.3718,-1,14.097399999998743,BACKFILL_AUTO
2026-07-11 12:12:54,1783771974,R_75,55471.6163,1,3.2445000000006985,BACKFILL_AUTO
2026-07-11 12:12:56,1783771976,R_75,55488.9264,1,17.310099999995145,BACKFILL_AUTO
2026-07-11 12:12:58,1783771978,R_75,55481.5575,-1,7.368899999994028,BACKFILL_AUTO
2026-07-11 12:13:00,1783771980,R_75,55485.9203,1,4.362799999995332,BACKFILL_AUTO
2026-07-11 12:13:02,1783771982,R_75,55473.3211,-1,12.599199999996927,BACKFILL_AUTO
2026-07-11 12:13:04,1783771984,R_75,55472.1088,-1,1.2122999999992317,BACKFILL_AUTO
2026-07-11 12:13:06,1783771986,R_75,55481.3054,1,9.19659999999567,BACKFILL_AUTO
2026-07-11 12:13:08,1783771988,R_75,55495.3195,1,14.014100000000326,BACKFILL_AUTO
2026-07-11 12:13:10,1783771990,R_75,55504.9894,1,9.66990000000078,BACKFILL_AUTO
2026-07-11 12:13:12,1783771992,R_75,55503.0641,-1,1.9252999999953317,BACKFILL_AUTO
2026-07-11 12:13:14,1783771994,R_75,55504.9427,1,1.8785999999963678,BACKFILL_AUTO
2026-07-11 12:13:16,1783771996,R_75,55509.5699,1,4.627200000002631,BACKFILL_AUTO
2026-07-11 12:13:18,1783771998,R_75,55514.6295,1,5.059600000000501,BACKFILL_AUTO
2026-07-11 12:13:20,1783772000,R_75,55525.2519,1,10.622400000000198,BACKFILL_AUTO
2026-07-11 12:13:22,1783772002,R_75,55521.097,-1,4.154900000001362,BACKFILL_AUTO
2026-07-11 12:13:24,1783772004,R_75,55527.4991,1,6.402099999999336,BACKFILL_AUTO
2026-07-11 12:13:26,1783772006,R_75,55529.9571,1,2.4579999999987194,BACKFILL_AUTO
2026-07-11 12:13:28,1783772008,R_75,55539.9403,1,9.983200000002398,BACKFILL_AUTO
2026-07-11 12:13:30,1783772010,R_75,55546.0084,1,6.068099999996775,BACKFILL_AUTO
2026-07-11 12:13:32,1783772012,R_75,55560.9854,1,14.976999999998952,BACKFILL_AUTO
2026-07-11 12:13:34,1783772014,R_75,55558.2317,-1,2.7537000000011176,BACKFILL_AUTO
2026-07-11 12:13:36,1783772016,R_75,55554.4211,-1,3.8105999999970663,BACKFILL_AUTO
2026-07-11 12:13:38,1783772018,R_75,55545.6502,-1,8.770900000003166,BACKFILL_AUTO
2026-07-11 12:13:40,1783772020,R_75,55539.7539,-1,5.896299999993062,BACKFILL_AUTO
2026-07-11 12:13:42,1783772022,R_75,55553.9421,1,14.188199999996868,BACKFILL_AUTO
2026-07-11 12:13:44,1783772024,R_75,55550.5144,-1,3.4277000000001863,BACKFILL_AUTO
2026-07-11 12:13:46,1783772026,R_75,55529.77,-1,20.744400000003225,BACKFILL_AUTO
2026-07-11 12:13:48,1783772028,R_75,55536.1761,1,6.406100000000151,BACKFILL_AUTO
2026-07-11 12:13:50,1783772030,R_75,55538.0662,1,1.8901000000041677,BACKFILL_AUTO
2026-07-11 12:13:52,1783772032,R_75,55537.4987,-1,0.5675000000046566,BACKFILL_AUTO
2026-07-11 12:13:54,1783772034,R_75,55529.4978,-1,8.000899999999092,BACKFILL_AUTO
2026-07-11 12:13:56,1783772036,R_75,55508.1874,-1,21.310399999994843,BACKFILL_AUTO
2026-07-11 12:13:58,1783772038,R_75,55506.7399,-1,1.4475000000020373,BACKFILL_AUTO
2026-07-11 12:14:00,1783772040,R_75,55496.5355,-1,10.204400000002352,BACKFILL_AUTO
2026-07-11 12:14:02,1783772042,R_75,55492.3531,-1,4.18239999999787,BACKFILL_AUTO
2026-07-11 12:14:04,1783772044,R_75,55497.1861,1,4.832999999998719,BACKFILL_AUTO
2026-07-11 12:14:06,1783772046,R_75,55512.5438,1,15.357700000000477,BACKFILL_AUTO
2026-07-11 12:14:08,1783772048,R_75,55511.5251,-1,1.0187000000005355,BACKFILL_AUTO
2026-07-11 12:14:10,1783772050,R_75,55514.9132,1,3.38810000000376,BACKFILL_AUTO
2026-07-11 12:14:12,1783772052,R_75,55541.656,1,26.74279999999999,BACKFILL_AUTO
2026-07-11 12:14:14,1783772054,R_75,55552.8265,1,11.170500000000175,BACKFILL_AUTO
2026-07-11 12:14:16,1783772056,R_75,55546.8188,-1,6.0077000000019325,BACKFILL_AUTO
2026-07-11 12:14:18,1783772058,R_75,55560.4877,1,13.668899999996938,BACKFILL_AUTO
2026-07-11 12:14:20,1783772060,R_75,55557.0532,-1,3.434499999995751,BACKFILL_AUTO
2026-07-11 12:14:22,1783772062,R_75,55566.3859,1,9.332699999999022,BACKFILL_AUTO
2026-07-11 12:14:24,1783772064,R_75,55582.028,1,15.6420999999973,BACKFILL_AUTO
2026-07-11 12:14:26,1783772066,R_75,55589.6521,1,7.624100000000908,BACKFILL_AUTO
2026-07-11 12:14:28,1783772068,R_75,55576.0876,-1,13.564500000000407,BACKFILL_AUTO
2026-07-11 12:14:30,1783772070,R_75,55573.6868,-1,2.4007999999957974,BACKFILL_AUTO
2026-07-11 12:14:32,1783772072,R_75,55575.5896,1,1.9027999999962049,BACKFILL_AUTO
2026-07-11 12:14:34,1783772074,R_75,55565.0886,-1,10.500999999996566,BACKFILL_AUTO
2026-07-11 12:14:36,1783772076,R_75,55540.0661,-1,25.022500000006403,BACKFILL_AUTO
2026-07-11 12:14:38,1783772078,R_75,55549.0239,1,8.957800000003772,BACKFILL_AUTO
2026-07-11 12:14:40,1783772080,R_75,55536.7852,-1,12.2387000000017,BACKFILL_AUTO
2026-07-11 12:14:42,1783772082,R_75,55546.69,1,9.904800000003888,BACKFILL_AUTO
2026-07-11 12:14:44,1783772084,R_75,55539.3772,-1,7.312799999999697,BACKFILL_AUTO
2026-07-11 12:14:46,1783772086,R_75,55542.9554,1,3.5781999999962864,BACKFILL_AUTO
2026-07-11 12:14:48,1783772088,R_75,55555.1724,1,12.217000000004191,BACKFILL_AUTO
2026-07-11 12:14:50,1783772090,R_75,55541.0913,-1,14.081100000003062,BACKFILL_AUTO
2026-07-11 12:14:52,1783772092,R_75,55550.6335,1,9.542200000003504,BACKFILL_AUTO
2026-07-11 12:14:54,1783772094,R_75,55553.1459,1,2.512399999999616,BACKFILL_AUTO
2026-07-11 12:14:56,1783772096,R_75,55543.3291,-1,9.816800000000512,BACKFILL_AUTO
2026-07-11 12:14:58,1783772098,R_75,55541.6727,-1,1.6563999999998487,BACKFILL_AUTO
2026-07-11 12:15:00,1783772100,R_75,55529.5255,-1,12.14719999999943,BACKFILL_AUTO
2026-07-11 12:15:02,1783772102,R_75,55508.449,-1,21.076500000002852,BACKFILL_AUTO
2026-07-11 12:15:04,1783772104,R_75,55519.1352,1,10.686199999996461,BACKFILL_AUTO
2026-07-11 12:15:06,1783772106,R_75,55499.8453,-1,19.289899999996123,BACKFILL_AUTO
2026-07-11 12:15:08,1783772108,R_75,55496.3994,-1,3.445899999998801,BACKFILL_AUTO
2026-07-11 12:15:10,1783772110,R_75,55493.1148,-1,3.2845999999990454,BACKFILL_AUTO
2026-07-11 12:15:12,1783772112,R_75,55481.6193,-1,11.49550000000454,BACKFILL_AUTO
2026-07-11 12:15:14,1783772114,R_75,55480.2898,-1,1.3294999999998254,BACKFILL_AUTO
2026-07-11 12:15:16,1783772116,R_75,55486.8205,1,6.53070000000298,BACKFILL_AUTO
2026-07-11 12:15:18,1783772118,R_75,55488.5467,1,1.726199999997334,BACKFILL_AUTO
2026-07-11 12:15:20,1783772120,R_75,55493.9538,1,5.407100000003993,BACKFILL_AUTO
2026-07-11 12:15:22,1783772122,R_75,55497.0488,1,3.094999999993888,BACKFILL_AUTO
2026-07-11 12:15:24,1783772124,R_75,55486.7401,-1,10.308699999994133,BACKFILL_AUTO
2026-07-11 12:15:26,1783772126,R_75,55494.3837,1,7.643599999995786,BACKFILL_AUTO
2026-07-11 12:15:28,1783772128,R_75,55473.0032,-1,21.3804999999993,BACKFILL_AUTO
2026-07-11 12:15:30,1783772130,R_75,55467.3569,-1,5.646300000000338,BACKFILL_AUTO
2026-07-11 12:15:32,1783772132,R_75,55444.0158,-1,23.341099999997823,BACKFILL_AUTO
2026-07-11 12:15:34,1783772134,R_75,55442.8667,-1,1.1491000000023632,BACKFILL_AUTO
2026-07-11 12:15:36,1783772136,R_75,55443.0997,1,0.23300000000017462,BACKFILL_AUTO
2026-07-11 12:15:38,1783772138,R_75,55441.1926,-1,1.907099999996717,BACKFILL_AUTO
2026-07-11 12:15:40,1783772140,R_75,55456.4245,1,15.23189999999886,BACKFILL_AUTO
2026-07-11 12:15:42,1783772142,R_75,55464.7441,1,8.319600000002538,BACKFILL_AUTO
2026-07-11 12:15:44,1783772144,R_75,55476.4509,1,11.70679999999993,BACKFILL_AUTO
2026-07-11 12:15:46,1783772146,R_75,55477.247,1,0.7960999999995693,BACKFILL_AUTO
2026-07-11 12:15:48,1783772148,R_75,55503.1415,1,25.894499999994878,BACKFILL_AUTO
2026-07-11 12:15:50,1783772150,R_75,55512.966,1,9.824500000002445,BACKFILL_AUTO
2026-07-11 12:15:52,1783772152,R_75,55507.2268,-1,5.7392000000036205,BACKFILL_AUTO
2026-07-11 12:15:54,1783772154,R_75,55526.0309,1,18.8041000000012,BACKFILL_AUTO
2026-07-11 12:15:56,1783772156,R_75,55516.3794,-1,9.651499999999942,BACKFILL_AUTO
2026-07-11 12:15:58,1783772158,R_75,55514.7137,-1,1.6656999999977415,BACKFILL_AUTO
2026-07-11 12:16:00,1783772160,R_75,55509.6419,-1,5.071799999997893,BACKFILL_AUTO
2026-07-11 12:16:02,1783772162,R_75,55515.3948,1,5.752899999999499,BACKFILL_AUTO
2026-07-11 12:16:04,1783772164,R_75,55513.2782,-1,2.116600000001199,BACKFILL_AUTO
2026-07-11 12:16:06,1783772166,R_75,55522.136,1,8.857799999997951,BACKFILL_AUTO
2026-07-11 12:16:08,1783772168,R_75,55520.3956,-1,1.7403999999951338,BACKFILL_AUTO
2026-07-11 12:16:10,1783772170,R_75,55516.4977,-1,3.897900000003574,BACKFILL_AUTO
2026-07-11 12:16:12,1783772172,R_75,55524.6666,1,8.168899999996938,BACKFILL_AUTO
2026-07-11 12:16:14,1783772174,R_75,55525.5934,1,0.9268000000010943,BACKFILL_AUTO
2026-07-11 12:16:16,1783772176,R_75,55518.8599,-1,6.7334999999948195,BACKFILL_AUTO
2026-07-11 12:16:18,1783772178,R_75,55520.555,1,1.6950999999971827,BACKFILL_AUTO
2026-07-11 12:16:20,1783772180,R_75,55529.2473,1,8.692300000002433,BACKFILL_AUTO
2026-07-11 12:16:22,1783772182,R_75,55511.6479,-1,17.59939999999915,BACKFILL_AUTO
2026-07-11 12:16:24,1783772184,R_75,55515.9763,1,4.32839999999851,BACKFILL_AUTO
2026-07-11 12:16:26,1783772186,R_75,55491.3363,-1,24.639999999999418,BACKFILL_AUTO
2026-07-11 12:16:28,1783772188,R_75,55507.9737,1,16.637399999999616,BACKFILL_AUTO
2026-07-11 12:16:30,1783772190,R_75,55516.2773,1,8.303599999999278,BACKFILL_AUTO
2026-07-11 12:16:32,1783772192,R_75,55534.2651,1,17.98779999999533,BACKFILL_AUTO
2026-07-11 12:16:34,1783772194,R_75,55538.0943,1,3.829200000000128,BACKFILL_AUTO
2026-07-11 12:16:36,1783772196,R_75,55552.8852,1,14.790899999999965,BACKFILL_AUTO
2026-07-11 12:16:38,1783772198,R_75,55551.5628,-1,1.3223999999972875,BACKFILL_AUTO
2026-07-11 12:16:40,1783772200,R_75,55577.6072,1,26.04439999999886,BACKFILL_AUTO
2026-07-11 12:16:42,1783772202,R_75,55569.408,-1,8.199199999995471,BACKFILL_AUTO
2026-07-11 12:16:44,1783772204,R_75,55571.0677,1,1.6596999999965192,BACKFILL_AUTO
2026-07-11 12:16:46,1783772206,R_75,55579.9809,1,8.91320000000269,BACKFILL_AUTO
2026-07-11 12:16:48,1783772208,R_75,55593.0005,1,13.019599999999627,BACKFILL_AUTO
2026-07-11 12:16:50,1783772210,R_75,55604.9525,1,11.951999999997497,BACKFILL_AUTO
2026-07-11 12:16:52,1783772212,R_75,55595.4895,-1,9.4629999999961,BACKFILL_AUTO
2026-07-11 12:16:54,1783772214,R_75,55593.3289,-1,2.160600000002887,BACKFILL_AUTO
2026-07-11 12:16:56,1783772216,R_75,55594.3373,1,1.008399999998801,BACKFILL_AUTO
2026-07-11 12:16:58,1783772218,R_75,55591.106,-1,3.2312999999994645,BACKFILL_AUTO
2026-07-11 12:17:00,1783772220,R_75,55609.4635,1,18.357499999998254,BACKFILL_AUTO
2026-07-11 12:17:02,1783772222,R_75,55604.6403,-1,4.823199999998906,BACKFILL_AUTO
2026-07-11 12:17:04,1783772224,R_75,55608.8229,1,4.182600000000093,BACKFILL_AUTO
2026-07-11 12:17:06,1783772226,R_75,55608.1249,-1,0.6979999999966822,BACKFILL_AUTO
2026-07-11 12:17:08,1783772228,R_75,55591.8686,-1,16.25630000000092,BACKFILL_AUTO
2026-07-11 12:17:10,1783772230,R_75,55601.3836,1,9.514999999999418,BACKFILL_AUTO
2026-07-11 12:17:12,1783772232,R_75,55617.0517,1,15.668100000002596,BACKFILL_AUTO
2026-07-11 12:17:14,1783772234,R_75,55610.7102,-1,6.34150000000227,BACKFILL_AUTO
2026-07-11 12:17:16,1783772236,R_75,55614.4517,1,3.7414999999964493,BACKFILL_AUTO
2026-07-11 12:17:18,1783772238,R_75,55616.5282,1,2.076500000002852,BACKFILL_AUTO
2026-07-11 12:17:20,1783772240,R_75,55624.1468,1,7.6186000000016065,BACKFILL_AUTO
2026-07-11 12:17:22,1783772242,R_75,55623.4876,-1,0.6592000000018743,BACKFILL_AUTO
2026-07-11 12:17:24,1783772244,R_75,55622.9993,-1,0.4882999999972526,BACKFILL_AUTO
2026-07-11 12:17:26,1783772246,R_75,55602.9588,-1,20.040500000002794,BACKFILL_AUTO
2026-07-11 12:17:28,1783772248,R_75,55601.5375,-1,1.4213000000017928,BACKFILL_AUTO
2026-07-11 12:17:30,1783772250,R_75,55590.0885,-1,11.449000000000524,BACKFILL_AUTO
2026-07-11 12:17:32,1783772252,R_75,55576.3154,-1,13.773099999998522,BACKFILL_AUTO
2026-07-11 12:17:34,1783772254,R_75,55581.9847,1,5.669300000001385,BACKFILL_AUTO
2026-07-11 12:17:36,1783772256,R_75,55580.5903,-1,1.394399999997404,BACKFILL_AUTO
2026-07-11 12:17:38,1783772258,R_75,55574.7734,-1,5.816900000005262,BACKFILL_AUTO
2026-07-11 12:17:40,1783772260,R_75,55579.4882,1,4.71480000000156,BACKFILL_AUTO
2026-07-11 12:17:42,1783772262,R_75,55578.3434,-1,1.144800000001851,BACKFILL_AUTO
2026-07-11 12:17:44,1783772264,R_75,55577.399,-1,0.9444000000003143,BACKFILL_AUTO
2026-07-11 12:17:46,1783772266,R_75,55577.3007,-1,0.09829999999783468,BACKFILL_AUTO
2026-07-11 12:17:48,1783772268,R_75,55566.2082,-1,11.092499999998836,BACKFILL_AUTO
2026-07-11 12:17:50,1783772270,R_75,55560.016,-1,6.192199999997683,BACKFILL_AUTO
2026-07-11 12:17:52,1783772272,R_75,55550.9257,-1,9.09030000000348,BACKFILL_AUTO
2026-07-11 12:17:54,1783772274,R_75,55559.7625,1,8.83679999999731,BACKFILL_AUTO
2026-07-11 12:17:56,1783772276,R_75,55546.0342,-1,13.728299999995215,BACKFILL_AUTO
2026-07-11 12:17:58,1783772278,R_75,55559.5267,1,13.492500000000291,BACKFILL_AUTO
2026-07-11 12:18:00,1783772280,R_75,55547.9724,-1,11.554300000003423,BACKFILL_AUTO
2026-07-11 12:18:02,1783772282,R_75,55535.8829,-1,12.089500000001863,BACKFILL_AUTO
2026-07-11 12:18:04,1783772284,R_75,55523.9025,-1,11.980400000000373,BACKFILL_AUTO
2026-07-11 12:18:06,1783772286,R_75,55507.1494,-1,16.753099999994447,BACKFILL_AUTO
2026-07-11 12:18:08,1783772288,R_75,55503.0295,-1,4.119900000005146,BACKFILL_AUTO
2026-07-11 12:18:10,1783772290,R_75,55493.2055,-1,9.824000000000524,BACKFILL_AUTO
2026-07-11 12:18:12,1783772292,R_75,55502.9777,1,9.772200000006706,BACKFILL_AUTO
2026-07-11 12:18:14,1783772294,R_75,55505.2876,1,2.309900000000198,BACKFILL_AUTO
2026-07-11 12:18:16,1783772296,R_75,55498.8355,-1,6.452100000002247,BACKFILL_AUTO
2026-07-11 12:18:18,1783772298,R_75,55504.0309,1,5.19539999999688,BACKFILL_AUTO
2026-07-11 12:18:20,1783772300,R_75,55506.5967,1,2.5658000000039465,BACKFILL_AUTO
2026-07-11 12:18:22,1783772302,R_75,55502.128,-1,4.468700000004901,BACKFILL_AUTO
2026-07-11 12:18:24,1783772304,R_75,55521.0052,1,18.87720000000263,BACKFILL_AUTO
2026-07-11 12:18:26,1783772306,R_75,55522.0939,1,1.0887000000002445,BACKFILL_AUTO
2026-07-11 12:18:28,1783772308,R_75,55520.9851,-1,1.1088000000017928,BACKFILL_AUTO
2026-07-11 12:18:30,1783772310,R_75,55520.2119,-1,0.7731999999959953,BACKFILL_AUTO
2026-07-11 12:18:32,1783772312,R_75,55516.8246,-1,3.387300000002142,BACKFILL_AUTO
2026-07-11 12:18:34,1783772314,R_75,55505.3267,-1,11.497900000002119,BACKFILL_AUTO
2026-07-11 12:18:36,1783772316,R_75,55496.0516,-1,9.275099999998929,BACKFILL_AUTO
2026-07-11 12:18:38,1783772318,R_75,55490.852,-1,5.1995999999999185,BACKFILL_AUTO
2026-07-11 12:18:40,1783772320,R_75,55488.231,-1,2.620999999999185,BACKFILL_AUTO
2026-07-11 12:18:42,1783772322,R_75,55490.0387,1,1.807699999997567,BACKFILL_AUTO
2026-07-11 12:18:44,1783772324,R_75,55511.9745,1,21.93579999999929,BACKFILL_AUTO
2026-07-11 12:18:46,1783772326,R_75,55510.9691,-1,1.0053999999945518,BACKFILL_AUTO
2026-07-11 12:18:48,1783772328,R_75,55504.5186,-1,6.4504999999990105,BACKFILL_AUTO
2026-07-11 12:18:50,1783772330,R_75,55496.2923,-1,8.226300000002084,BACKFILL_AUTO
2026-07-11 12:18:52,1783772332,R_75,55498.6962,1,2.4038999999975204,BACKFILL_AUTO
2026-07-11 12:18:54,1783772334,R_75,55493.5005,-1,5.195699999996577,BACKFILL_AUTO
2026-07-11 12:18:56,1783772336,R_75,55513.5478,1,20.04729999999836,BACKFILL_AUTO
2026-07-11 12:18:58,1783772338,R_75,55504.0457,-1,9.502099999997881,BACKFILL_AUTO
2026-07-11 12:19:00,1783772340,R_75,55506.7699,1,2.7241999999969266,BACKFILL_AUTO
2026-07-11 12:19:02,1783772342,R_75,55519.0938,1,12.32390000000305,BACKFILL_AUTO
2026-07-11 12:19:04,1783772344,R_75,55509.5933,-1,9.50050000000192,BACKFILL_AUTO
2026-07-11 12:19:06,1783772346,R_75,55508.5701,-1,1.0232000000032713,BACKFILL_AUTO
2026-07-11 12:19:08,1783772348,R_75,55523.5878,1,15.01770000000397,BACKFILL_AUTO
2026-07-11 12:19:10,1783772350,R_75,55510.8652,-1,12.722600000000966,BACKFILL_AUTO
2026-07-11 12:19:12,1783772352,R_75,55492.0252,-1,18.840000000003783,BACKFILL_AUTO
2026-07-11 12:19:14,1783772354,R_75,55503.39,1,11.364800000003015,BACKFILL_AUTO
2026-07-11 12:19:16,1783772356,R_75,55496.5538,-1,6.836199999997916,BACKFILL_AUTO
2026-07-11 12:19:18,1783772358,R_75,55511.9136,1,15.359799999998359,BACKFILL_AUTO
2026-07-11 12:19:20,1783772360,R_75,55514.3518,1,2.4381999999968684,BACKFILL_AUTO
2026-07-11 12:19:22,1783772362,R_75,55508.3516,-1,6.000199999994948,BACKFILL_AUTO
2026-07-11 12:19:24,1783772364,R_75,55514.348,1,5.996399999996356,BACKFILL_AUTO
2026-07-11 12:19:26,1783772366,R_75,55507.7898,-1,6.558199999999488,BACKFILL_AUTO
2026-07-11 12:19:28,1783772368,R_75,55522.8913,1,15.101500000004307,BACKFILL_AUTO
2026-07-11 12:19:30,1783772370,R_75,55509.5479,-1,13.343400000005204,BACKFILL_AUTO
2026-07-11 12:19:32,1783772372,R_75,55518.8505,1,9.302600000002712,BACKFILL_AUTO
2026-07-11 12:19:34,1783772374,R_75,55525.8503,1,6.9997999999977765,BACKFILL_AUTO
2026-07-11 12:19:36,1783772376,R_75,55521.1488,-1,4.701499999995576,BACKFILL_AUTO
2026-07-11 12:19:38,1783772378,R_75,55545.5798,1,24.430999999996857,BACKFILL_AUTO
2026-07-11 12:19:40,1783772380,R_75,55535.2068,-1,10.372999999999593,BACKFILL_AUTO
2026-07-11 12:19:42,1783772382,R_75,55532.9953,-1,2.2114999999976135,BACKFILL_AUTO
2026-07-11 12:19:44,1783772384,R_75,55517.9352,-1,15.060100000002421,BACKFILL_AUTO
2026-07-11 12:19:46,1783772386,R_75,55529.1773,1,11.24210000000312,BACKFILL_AUTO
2026-07-11 12:19:48,1783772388,R_75,55536.4498,1,7.272499999999127,BACKFILL_AUTO
2026-07-11 12:19:50,1783772390,R_75,55524.1483,-1,12.301500000001397,BACKFILL_AUTO
2026-07-11 12:19:52,1783772392,R_75,55523.8926,-1,0.25570000000152504,BACKFILL_AUTO
2026-07-11 12:19:54,1783772394,R_75,55518.0894,-1,5.803200000002107,BACKFILL_AUTO
2026-07-11 12:19:56,1783772396,R_75,55504.031,-1,14.058399999994435,BACKFILL_AUTO
2026-07-11 12:19:58,1783772398,R_75,55501.8883,-1,2.1427000000039698,BACKFILL_AUTO
2026-07-11 12:20:00,1783772400,R_75,55500.7287,-1,1.1595999999990454,BACKFILL_AUTO
2026-07-11 12:20:02,1783772402,R_75,55509.5634,1,8.83469999999943,BACKFILL_AUTO
2026-07-11 12:20:04,1783772404,R_75,55487.2791,-1,22.284299999999348,BACKFILL_AUTO
2026-07-11 12:20:06,1783772406,R_75,55481.3939,-1,5.885199999996985,BACKFILL_AUTO
2026-07-11 12:20:08,1783772408,R_75,55467.0899,-1,14.304000000003725,BACKFILL_AUTO
2026-07-11 12:20:10,1783772410,R_75,55496.2323,1,29.142400000004272,BACKFILL_AUTO
2026-07-11 12:20:12,1783772412,R_75,55494.0145,-1,2.217800000005809,BACKFILL_AUTO
2026-07-11 12:20:14,1783772414,R_75,55495.5011,1,1.4866000000038184,BACKFILL_AUTO
2026-07-11 12:20:16,1783772416,R_75,55498.8834,1,3.3822999999974854,BACKFILL_AUTO
2026-07-11 12:20:18,1783772418,R_75,55497.3385,-1,1.54490000000078,BACKFILL_AUTO
2026-07-11 12:20:20,1783772420,R_75,55499.1529,1,1.8144000000029337,BACKFILL_AUTO
2026-07-11 12:20:22,1783772422,R_75,55505.9036,1,6.750699999996868,BACKFILL_AUTO
2026-07-11 12:20:24,1783772424,R_75,55517.2133,1,11.30970000000525,BACKFILL_AUTO
2026-07-11 12:20:26,1783772426,R_75,55520.4842,1,3.2708999999958905,BACKFILL_AUTO
2026-07-11 12:20:28,1783772428,R_75,55507.2704,-1,13.213799999997718,BACKFILL_AUTO
2026-07-11 12:20:30,1783772430,R_75,55517.2403,1,9.969899999996414,BACKFILL_AUTO
2026-07-11 12:20:32,1783772432,R_75,55520.1554,1,2.915100000005623,BACKFILL_AUTO
2026-07-11 12:20:34,1783772434,R_75,55530.25,1,10.094599999996717,BACKFILL_AUTO
2026-07-11 12:20:36,1783772436,R_75,55527.6317,-1,2.618300000001909,BACKFILL_AUTO
2026-07-11 12:20:38,1783772438,R_75,55515.6818,-1,11.949899999999616,BACKFILL_AUTO
2026-07-11 12:20:40,1783772440,R_75,55531.0269,1,15.345099999998638,BACKFILL_AUTO
2026-07-11 12:20:42,1783772442,R_75,55534.5546,1,3.527700000006007,BACKFILL_AUTO
2026-07-11 12:20:44,1783772444,R_75,55515.4651,-1,19.089500000001863,BACKFILL_AUTO
2026-07-11 12:20:46,1783772446,R_75,55508.8735,-1,6.591599999999744,BACKFILL_AUTO
2026-07-11 12:20:48,1783772448,R_75,55509.2678,1,0.39429999999993015,BACKFILL_AUTO
2026-07-11 12:20:50,1783772450,R_75,55512.0939,1,2.826099999998405,BACKFILL_AUTO
2026-07-11 12:20:52,1783772452,R_75,55501.268,-1,10.825900000003458,BACKFILL_AUTO
2026-07-11 12:20:54,1783772454,R_75,55494.6114,-1,6.656599999994796,BACKFILL_AUTO
2026-07-11 12:20:56,1783772456,R_75,55494.7398,1,0.12840000000142027,BACKFILL_AUTO
2026-07-11 12:20:58,1783772458,R_75,55505.1392,1,10.399399999994785,BACKFILL_AUTO
2026-07-11 12:21:00,1783772460,R_75,55518.9721,1,13.832900000001246,BACKFILL_AUTO
2026-07-11 12:21:02,1783772462,R_75,55506.7011,-1,12.27100000000064,BACKFILL_AUTO
2026-07-11 12:21:04,1783772464,R_75,55515.1066,1,8.405500000000757,BACKFILL_AUTO
2026-07-11 12:21:06,1783772466,R_75,55518.4526,1,3.34599999999773,BACKFILL_AUTO
2026-07-11 12:21:08,1783772468,R_75,55518.1028,-1,0.3497999999963213,BACKFILL_AUTO
2026-07-11 12:21:10,1783772470,R_75,55523.1427,1,5.039899999996123,BACKFILL_AUTO
2026-07-11 12:21:12,1783772472,R_75,55528.1416,1,4.9989000000059605,BACKFILL_AUTO
2026-07-11 12:21:14,1783772474,R_75,55523.2121,-1,4.929500000005646,BACKFILL_AUTO
2026-07-11 12:21:16,1783772476,R_75,55518.0849,-1,5.127199999995355,BACKFILL_AUTO
2026-07-11 12:21:18,1783772478,R_75,55518.5137,1,0.42880000000150176,BACKFILL_AUTO
2026-07-11 12:21:20,1783772480,R_75,55537.64,1,19.126299999996263,BACKFILL_AUTO
2026-07-11 12:21:22,1783772482,R_75,55535.9276,-1,1.7123999999967054,BACKFILL_AUTO
2026-07-11 12:21:24,1783772484,R_75,55535.4691,-1,0.4585000000006403,BACKFILL_AUTO
2026-07-11 12:21:26,1783772486,R_75,55528.6147,-1,6.854400000003807,BACKFILL_AUTO
2026-07-11 12:21:28,1783772488,R_75,55530.6998,1,2.0851000000038766,BACKFILL_AUTO
2026-07-11 12:21:30,1783772490,R_75,55539.5795,1,8.879699999997683,BACKFILL_AUTO
2026-07-11 12:21:32,1783772492,R_75,55559.5706,1,19.99109999999928,BACKFILL_AUTO
2026-07-11 12:21:34,1783772494,R_75,55555.1298,-1,4.4407999999966705,BACKFILL_AUTO
2026-07-11 12:21:36,1783772496,R_75,55555.9957,1,0.8658999999970547,BACKFILL_AUTO
2026-07-11 12:21:38,1783772498,R_75,55566.2217,1,10.226000000002387,BACKFILL_AUTO
2026-07-11 12:21:40,1783772500,R_75,55554.7631,-1,11.45860000000539,BACKFILL_AUTO
2026-07-11 12:21:42,1783772502,R_75,55565.8522,1,11.089100000004692,BACKFILL_AUTO
2026-07-11 12:21:44,1783772504,R_75,55575.3446,1,9.492399999995541,BACKFILL_AUTO
2026-07-11 12:21:46,1783772506,R_75,55563.3873,-1,11.957299999994575,BACKFILL_AUTO
2026-07-11 12:21:48,1783772508,R_75,55556.3033,-1,7.084000000002561,BACKFILL_AUTO
2026-07-11 12:21:50,1783772510,R_75,55539.9831,-1,16.320200000001932,BACKFILL_AUTO
2026-07-11 12:21:52,1783772512,R_75,55537.3193,-1,2.663799999994808,BACKFILL_AUTO
2026-07-11 12:21:54,1783772514,R_75,55519.8914,-1,17.42790000000241,BACKFILL_AUTO
2026-07-11 12:21:56,1783772516,R_75,55513.5498,-1,6.341599999999744,BACKFILL_AUTO
2026-07-11 12:21:58,1783772518,R_75,55506.6058,-1,6.944000000003143,BACKFILL_AUTO
2026-07-11 12:22:00,1783772520,R_75,55502.5745,-1,4.031299999995099,BACKFILL_AUTO
2026-07-11 12:22:02,1783772522,R_75,55482.8417,-1,19.732800000005227,BACKFILL_AUTO
2026-07-11 12:22:04,1783772524,R_75,55471.8202,-1,11.021499999995285,BACKFILL_AUTO
2026-07-11 12:22:06,1783772526,R_75,55467.5423,-1,4.277900000000955,BACKFILL_AUTO
2026-07-11 12:22:08,1783772528,R_75,55468.5519,1,1.0095999999975902,BACKFILL_AUTO
2026-07-11 12:22:10,1783772530,R_75,55473.2469,1,4.694999999999709,BACKFILL_AUTO
2026-07-11 12:22:12,1783772532,R_75,55490.6962,1,17.44930000000022,BACKFILL_AUTO
2026-07-11 12:22:14,1783772534,R_75,55474.8918,-1,15.804400000000896,BACKFILL_AUTO
2026-07-11 12:22:16,1783772536,R_75,55475.535,1,0.6432000000058906,BACKFILL_AUTO
2026-07-11 12:22:18,1783772538,R_75,55468.7184,-1,6.816600000005565,BACKFILL_AUTO
2026-07-11 12:22:20,1783772540,R_75,55461.9632,-1,6.755199999999604,BACKFILL_AUTO
2026-07-11 12:22:22,1783772542,R_75,55465.2282,1,3.264999999999418,BACKFILL_AUTO
2026-07-11 12:22:24,1783772544,R_75,55463.4464,-1,1.7817999999970198,BACKFILL_AUTO
2026-07-11 12:22:26,1783772546,R_75,55460.0414,-1,3.404999999998836,BACKFILL_AUTO
2026-07-11 12:22:28,1783772548,R_75,55459.0264,-1,1.014999999999418,BACKFILL_AUTO
2026-07-11 12:22:30,1783772550,R_75,55451.1749,-1,7.851500000004307,BACKFILL_AUTO
2026-07-11 12:22:32,1783772552,R_75,55442.7007,-1,8.474199999996927,BACKFILL_AUTO
2026-07-11 12:22:34,1783772554,R_75,55437.3162,-1,5.384500000000116,BACKFILL_AUTO
2026-07-11 12:22:36,1783772556,R_75,55447.4773,1,10.161099999997532,BACKFILL_AUTO
2026-07-11 12:22:38,1783772558,R_75,55444.165,-1,3.3122999999977765,BACKFILL_AUTO
2026-07-11 12:22:40,1783772560,R_75,55456.789,1,12.623999999996158,BACKFILL_AUTO
2026-07-11 12:22:42,1783772562,R_75,55459.9959,1,3.20690000000468,BACKFILL_AUTO
2026-07-11 12:22:44,1783772564,R_75,55447.1761,-1,12.819800000004761,BACKFILL_AUTO
2026-07-11 12:22:46,1783772566,R_75,55466.5628,1,19.386700000002747,BACKFILL_AUTO
2026-07-11 12:22:48,1783772568,R_75,55472.1705,1,5.607700000000477,BACKFILL_AUTO
2026-07-11 12:22:50,1783772570,R_75,55464.9424,-1,7.228100000000268,BACKFILL_AUTO
2026-07-11 12:22:52,1783772572,R_75,55453.5822,-1,11.360200000002806,BACKFILL_AUTO
2026-07-11 12:22:54,1783772574,R_75,55446.6997,-1,6.882499999999709,BACKFILL_AUTO
2026-07-11 12:22:56,1783772576,R_75,55423.4541,-1,23.245599999994738,BACKFILL_AUTO
2026-07-11 12:22:58,1783772578,R_75,55433.881,1,10.426899999998568,BACKFILL_AUTO
2026-07-11 12:23:00,1783772580,R_75,55428.2666,-1,5.614399999998568,BACKFILL_AUTO
2026-07-11 12:23:02,1783772582,R_75,55428.5328,1,0.2661999999982072,BACKFILL_AUTO
2026-07-11 12:23:04,1783772584,R_75,55419.7658,-1,8.766999999999825,BACKFILL_AUTO
2026-07-11 12:23:06,1783772586,R_75,55408.1172,-1,11.648600000000442,BACKFILL_AUTO
2026-07-11 12:23:08,1783772588,R_75,55405.2192,-1,2.8980000000010477,BACKFILL_AUTO
2026-07-11 12:23:10,1783772590,R_75,55406.5269,1,1.307699999997567,BACKFILL_AUTO
2026-07-11 12:23:12,1783772592,R_75,55419.4019,1,12.875,BACKFILL_AUTO
2026-07-11 12:23:14,1783772594,R_75,55425.3791,1,5.977200000001176,BACKFILL_AUTO
2026-07-11 12:23:16,1783772596,R_75,55417.1889,-1,8.190199999997276,BACKFILL_AUTO
2026-07-11 12:23:18,1783772598,R_75,55414.6179,-1,2.5710000000035507,BACKFILL_AUTO
2026-07-11 12:23:20,1783772600,R_75,55417.9842,1,3.3663000000015018,BACKFILL_AUTO
2026-07-11 12:23:22,1783772602,R_75,55414.0604,-1,3.923799999996845,BACKFILL_AUTO
2026-07-11 12:23:24,1783772604,R_75,55408.2315,-1,5.828900000000431,BACKFILL_AUTO
2026-07-11 12:23:26,1783772606,R_75,55420.5503,1,12.31880000000092,BACKFILL_AUTO
2026-07-11 12:23:28,1783772608,R_75,55423.9021,1,3.3517999999967287,BACKFILL_AUTO
2026-07-11 12:23:30,1783772610,R_75,55422.3083,-1,1.5938000000023749,BACKFILL_AUTO
2026-07-11 12:23:32,1783772612,R_75,55431.3371,1,9.028800000000047,BACKFILL_AUTO
2026-07-11 12:23:34,1783772614,R_75,55418.589,-1,12.748099999997066,BACKFILL_AUTO
2026-07-11 12:23:36,1783772616,R_75,55426.6792,1,8.090199999998731,BACKFILL_AUTO
2026-07-11 12:23:38,1783772618,R_75,55432.0466,1,5.367400000002817,BACKFILL_AUTO
2026-07-11 12:23:40,1783772620,R_75,55431.4221,-1,0.6244999999980791,BACKFILL_AUTO
2026-07-11 12:23:42,1783772622,R_75,55426.8597,-1,4.562400000002526,BACKFILL_AUTO
2026-07-11 12:23:44,1783772624,R_75,55411.1126,-1,15.7471000000005,BACKFILL_AUTO
2026-07-11 12:23:46,1783772626,R_75,55415.4364,1,4.3237999999983,BACKFILL_AUTO
2026-07-11 12:23:48,1783772628,R_75,55424.9576,1,9.521200000002864,BACKFILL_AUTO
2026-07-11 12:23:50,1783772630,R_75,55416.2667,-1,8.69090000000142,BACKFILL_AUTO
2026-07-11 12:23:52,1783772632,R_75,55407.7119,-1,8.554799999998068,BACKFILL_AUTO
2026-07-11 12:23:54,1783772634,R_75,55408.6131,1,0.9012000000002445,BACKFILL_AUTO
2026-07-11 12:23:56,1783772636,R_75,55393.7694,-1,14.843700000004901,BACKFILL_AUTO
2026-07-11 12:23:58,1783772638,R_75,55380.2697,-1,13.499700000000303,BACKFILL_AUTO
2026-07-11 12:24:00,1783772640,R_75,55383.9969,1,3.727200000001176,BACKFILL_AUTO
2026-07-11 12:24:02,1783772642,R_75,55387.8779,1,3.8810000000012224,BACKFILL_AUTO
2026-07-11 12:24:04,1783772644,R_75,55385.4762,-1,2.4017000000021653,BACKFILL_AUTO
2026-07-11 12:24:06,1783772646,R_75,55393.774,1,8.29780000000028,BACKFILL_AUTO
2026-07-11 12:24:08,1783772648,R_75,55380.3021,-1,13.471899999996822,BACKFILL_AUTO
2026-07-11 12:24:10,1783772650,R_75,55375.1872,-1,5.114900000000489,BACKFILL_AUTO
2026-07-11 12:24:12,1783772652,R_75,55403.2035,1,28.016300000002957,BACKFILL_AUTO
2026-07-11 12:24:14,1783772654,R_75,55424.69,1,21.48649999999907,BACKFILL_AUTO
2026-07-11 12:24:16,1783772656,R_75,55438.3364,1,13.646399999997811,BACKFILL_AUTO
2026-07-11 12:24:18,1783772658,R_75,55422.9075,-1,15.428899999998976,BACKFILL_AUTO
2026-07-11 12:24:20,1783772660,R_75,55415.2736,-1,7.633900000000722,BACKFILL_AUTO
2026-07-11 12:24:22,1783772662,R_75,55427.0637,1,11.790099999998347,BACKFILL_AUTO
2026-07-11 12:24:24,1783772664,R_75,55426.7076,-1,0.35609999999724096,BACKFILL_AUTO
2026-07-11 12:24:26,1783772666,R_75,55444.8211,1,18.113499999999476,BACKFILL_AUTO
2026-07-11 12:24:28,1783772668,R_75,55459.2105,1,14.389400000000023,BACKFILL_AUTO
2026-07-11 12:24:30,1783772670,R_75,55456.1691,-1,3.041400000001886,BACKFILL_AUTO
2026-07-11 12:24:32,1783772672,R_75,55463.7099,1,7.540800000002491,BACKFILL_AUTO
2026-07-11 12:24:34,1783772674,R_75,55455.6341,-1,8.075799999998708,BACKFILL_AUTO
2026-07-11 12:24:36,1783772676,R_75,55461.0494,1,5.41530000000057,BACKFILL_AUTO
2026-07-11 12:24:38,1783772678,R_75,55447.0103,-1,14.039100000001781,BACKFILL_AUTO
2026-07-11 12:24:40,1783772680,R_75,55441.1024,-1,5.907899999998335,BACKFILL_AUTO
2026-07-11 12:24:42,1783772682,R_75,55429.5004,-1,11.602000000006228,BACKFILL_AUTO
2026-07-11 12:24:44,1783772684,R_75,55421.8506,-1,7.649799999999232,BACKFILL_AUTO
2026-07-11 12:24:46,1783772686,R_75,55419.2654,-1,2.5852000000013504,BACKFILL_AUTO
2026-07-11 12:24:48,1783772688,R_75,55422.7259,1,3.4605000000010477,BACKFILL_AUTO
2026-07-11 12:24:50,1783772690,R_75,55432.5071,1,9.781200000004901,BACKFILL_AUTO
2026-07-11 12:24:52,1783772692,R_75,55437.5325,1,5.025399999998626,BACKFILL_AUTO
2026-07-11 12:24:54,1783772694,R_75,55436.4394,-1,1.0930999999982305,BACKFILL_AUTO
2026-07-11 12:24:56,1783772696,R_75,55431.7851,-1,4.654300000001967,BACKFILL_AUTO
2026-07-11 12:24:58,1783772698,R_75,55421.1642,-1,10.620900000001711,BACKFILL_AUTO
2026-07-11 12:25:00,1783772700,R_75,55417.56,-1,3.6042000000015832,BACKFILL_AUTO
2026-07-11 12:25:02,1783772702,R_75,55412.7196,-1,4.840400000000955,BACKFILL_AUTO
2026-07-11 12:25:04,1783772704,R_75,55406.5879,-1,6.131699999998091,BACKFILL_AUTO
2026-07-11 12:25:06,1783772706,R_75,55399.9022,-1,6.685700000001816,BACKFILL_AUTO
2026-07-11 12:25:08,1783772708,R_75,55395.8079,-1,4.09429999999702,BACKFILL_AUTO
2026-07-11 12:25:10,1783772710,R_75,55409.0979,1,13.290000000000873,BACKFILL_AUTO
2026-07-11 12:25:12,1783772712,R_75,55395.1343,-1,13.96360000000277,BACKFILL_AUTO
2026-07-11 12:25:14,1783772714,R_75,55385.2333,-1,9.900999999998021,BACKFILL_AUTO
2026-07-11 12:25:16,1783772716,R_75,55374.0817,-1,11.151599999997416,BACKFILL_AUTO
2026-07-11 12:25:18,1783772718,R_75,55368.3339,-1,5.747800000004645,BACKFILL_AUTO
2026-07-11 12:25:20,1783772720,R_75,55360.4641,-1,7.869800000000396,BACKFILL_AUTO
2026-07-11 12:25:22,1783772722,R_75,55355.7159,-1,4.74819999999454,BACKFILL_AUTO
2026-07-11 12:25:24,1783772724,R_75,55359.3393,1,3.6233999999967637,BACKFILL_AUTO
2026-07-11 12:25:26,1783772726,R_75,55367.0998,1,7.760500000003958,BACKFILL_AUTO
2026-07-11 12:25:28,1783772728,R_75,55365.6786,-1,1.421200000004319,BACKFILL_AUTO
2026-07-11 12:25:30,1783772730,R_75,55384.8554,1,19.176800000001094,BACKFILL_AUTO
2026-07-11 12:25:32,1783772732,R_75,55388.9708,1,4.11540000000241,BACKFILL_AUTO
2026-07-11 12:25:34,1783772734,R_75,55386.0419,-1,2.9289000000062515,BACKFILL_AUTO
2026-07-11 12:25:36,1783772736,R_75,55391.1581,1,5.116200000004028,BACKFILL_AUTO
2026-07-11 12:25:38,1783772738,R_75,55409.693,1,18.534899999998743,BACKFILL_AUTO
2026-07-11 12:25:40,1783772740,R_75,55418.3393,1,8.646300000000338,BACKFILL_AUTO
2026-07-11 12:25:42,1783772742,R_75,55418.7408,1,0.4014999999999418,BACKFILL_AUTO
2026-07-11 12:25:44,1783772744,R_75,55420.5208,1,1.7799999999988358,BACKFILL_AUTO
2026-07-11 12:25:46,1783772746,R_75,55392.6948,-1,27.82600000000093,BACKFILL_AUTO
2026-07-11 12:25:48,1783772748,R_75,55394.9463,1,2.2515000000057626,BACKFILL_AUTO
2026-07-11 12:25:50,1783772750,R_75,55375.8268,-1,19.1195000000007,BACKFILL_AUTO
2026-07-11 12:25:52,1783772752,R_75,55364.0797,-1,11.7471000000005,BACKFILL_AUTO
2026-07-11 12:25:54,1783772754,R_75,55353.2543,-1,10.825400000001537,BACKFILL_AUTO
2026-07-11 12:25:56,1783772756,R_75,55369.7567,1,16.50239999999758,BACKFILL_AUTO
2026-07-11 12:25:58,1783772758,R_75,55363.0033,-1,6.75340000000142,BACKFILL_AUTO
2026-07-11 12:26:00,1783772760,R_75,55370.6763,1,7.673000000002503,BACKFILL_AUTO
2026-07-11 12:26:02,1783772762,R_75,55377.7056,1,7.029300000001967,BACKFILL_AUTO
2026-07-11 12:26:04,1783772764,R_75,55354.4732,-1,23.23240000000078,BACKFILL_AUTO
2026-07-11 12:26:06,1783772766,R_75,55353.5908,-1,0.8824000000022352,BACKFILL_AUTO
2026-07-11 12:26:08,1783772768,R_75,55366.0715,1,12.48070000000007,BACKFILL_AUTO
2026-07-11 12:26:10,1783772770,R_75,55361.6481,-1,4.423399999999674,BACKFILL_AUTO
2026-07-11 12:26:12,1783772772,R_75,55372.8567,1,11.208599999998114,BACKFILL_AUTO
2026-07-11 12:26:14,1783772774,R_75,55374.2627,1,1.4060000000026776,BACKFILL_AUTO
2026-07-11 12:26:16,1783772776,R_75,55366.6997,-1,7.563000000001921,BACKFILL_AUTO
2026-07-11 12:26:18,1783772778,R_75,55376.3031,1,9.603399999999965,BACKFILL_AUTO
2026-07-11 12:26:20,1783772780,R_75,55387.7003,1,11.39719999999943,BACKFILL_AUTO
2026-07-11 12:26:22,1783772782,R_75,55395.6485,1,7.948200000006182,BACKFILL_AUTO
2026-07-11 12:26:24,1783772784,R_75,55409.5568,1,13.908299999995506,BACKFILL_AUTO
2026-07-11 12:26:26,1783772786,R_75,55398.7297,-1,10.82709999999497,BACKFILL_AUTO
2026-07-11 12:26:28,1783772788,R_75,55396.2896,-1,2.440100000007078,BACKFILL_AUTO
2026-07-11 12:26:30,1783772790,R_75,55381.2727,-1,15.016899999995076,BACKFILL_AUTO
2026-07-11 12:26:32,1783772792,R_75,55374.8226,-1,6.450100000001839,BACKFILL_AUTO
2026-07-11 12:26:34,1783772794,R_75,55366.2314,-1,8.591200000002573,BACKFILL_AUTO
2026-07-11 12:26:36,1783772796,R_75,55370.0683,1,3.8369000000020606,BACKFILL_AUTO
2026-07-11 12:26:38,1783772798,R_75,55367.6173,-1,2.4510000000009313,BACKFILL_AUTO
2026-07-11 12:26:40,1783772800,R_75,55358.7434,-1,8.873899999998685,BACKFILL_AUTO
2026-07-11 12:26:42,1783772802,R_75,55367.7199,1,8.976499999997031,BACKFILL_AUTO
2026-07-11 12:26:44,1783772804,R_75,55366.5084,-1,1.2114999999976135,BACKFILL_AUTO
2026-07-11 12:26:46,1783772806,R_75,55354.2468,-1,12.261599999997998,BACKFILL_AUTO
2026-07-11 12:26:48,1783772808,R_75,55369.5969,1,15.350099999996019,BACKFILL_AUTO
2026-07-11 12:26:50,1783772810,R_75,55382.4072,1,12.810300000004645,BACKFILL_AUTO
2026-07-11 12:26:52,1783772812,R_75,55383.7247,1,1.3174999999973807,BACKFILL_AUTO
2026-07-11 12:26:54,1783772814,R_75,55359.7542,-1,23.97049999999581,BACKFILL_AUTO
2026-07-11 12:26:56,1783772816,R_75,55352.3972,-1,7.357000000003609,BACKFILL_AUTO
2026-07-11 12:26:58,1783772818,R_75,55373.8631,1,21.465900000002875,BACKFILL_AUTO
2026-07-11 12:27:00,1783772820,R_75,55371.7361,-1,2.1270000000004075,BACKFILL_AUTO
2026-07-11 12:27:02,1783772822,R_75,55380.6251,1,8.888999999995576,BACKFILL_AUTO
2026-07-11 12:27:04,1783772824,R_75,55389.124,1,8.49890000000596,BACKFILL_AUTO
2026-07-11 12:27:06,1783772826,R_75,55392.154,1,3.029999999998836,BACKFILL_AUTO
2026-07-11 12:27:08,1783772828,R_75,55400.2966,1,8.14259999999922,BACKFILL_AUTO
2026-07-11 12:27:10,1783772830,R_75,55382.7888,-1,17.507799999999406,BACKFILL_AUTO
2026-07-11 12:27:12,1783772832,R_75,55392.203,1,9.414199999999255,BACKFILL_AUTO
2026-07-11 12:27:14,1783772834,R_75,55371.652,-1,20.550999999999476,BACKFILL_AUTO
2026-07-11 12:27:16,1783772836,R_75,55369.0189,-1,2.6330999999991036,BACKFILL_AUTO
2026-07-11 12:27:18,1783772838,R_75,55387.444,1,18.425100000000384,BACKFILL_AUTO
2026-07-11 12:27:20,1783772840,R_75,55391.9738,1,4.529799999996612,BACKFILL_AUTO
2026-07-11 12:27:22,1783772842,R_75,55396.6977,1,4.723899999997229,BACKFILL_AUTO
2026-07-11 12:27:24,1783772844,R_75,55389.5643,-1,7.133399999998801,BACKFILL_AUTO
2026-07-11 12:27:26,1783772846,R_75,55372.3382,-1,17.22609999999986,BACKFILL_AUTO
2026-07-11 12:27:28,1783772848,R_75,55365.2186,-1,7.119599999998172,BACKFILL_AUTO
2026-07-11 12:27:30,1783772850,R_75,55371.3836,1,6.165000000000873,BACKFILL_AUTO
2026-07-11 12:27:32,1783772852,R_75,55363.2301,-1,8.15350000000035,BACKFILL_AUTO
2026-07-11 12:27:34,1783772854,R_75,55354.3425,-1,8.88760000000184,BACKFILL_AUTO
2026-07-11 12:27:36,1783772856,R_75,55337.4236,-1,16.91889999999694,BACKFILL_AUTO
2026-07-11 12:27:38,1783772858,R_75,55318.4798,-1,18.94380000000092,BACKFILL_AUTO
2026-07-11 12:27:40,1783772860,R_75,55321.6531,1,3.1733000000022002,BACKFILL_AUTO
2026-07-11 12:27:42,1783772862,R_75,55305.9036,-1,15.749500000005355,BACKFILL_AUTO
2026-07-11 12:27:44,1783772864,R_75,55318.2614,1,12.357800000005227,BACKFILL_AUTO
2026-07-11 12:27:46,1783772866,R_75,55325.3421,1,7.080699999998615,BACKFILL_AUTO
2026-07-11 12:27:48,1783772868,R_75,55332.1798,1,6.837699999996403,BACKFILL_AUTO
2026-07-11 12:27:50,1783772870,R_75,55319.7813,-1,12.398499999995693,BACKFILL_AUTO
2026-07-11 12:27:52,1783772872,R_75,55303.6695,-1,16.111799999998766,BACKFILL_AUTO
2026-07-11 12:27:54,1783772874,R_75,55304.0913,1,0.4217999999964377,BACKFILL_AUTO
2026-07-11 12:27:56,1783772876,R_75,55320.5145,1,16.42319999999745,BACKFILL_AUTO
2026-07-11 12:27:58,1783772878,R_75,55323.9487,1,3.4342000000033295,BACKFILL_AUTO
2026-07-11 12:28:00,1783772880,R_75,55327.6329,1,3.6841999999960535,BACKFILL_AUTO
2026-07-11 12:28:02,1783772882,R_75,55339.5703,1,11.937400000002526,BACKFILL_AUTO
2026-07-11 12:28:04,1783772884,R_75,55348.0084,1,8.438099999999395,BACKFILL_AUTO
2026-07-11 12:28:06,1783772886,R_75,55347.3897,-1,0.6186999999990803,BACKFILL_AUTO
2026-07-11 12:28:08,1783772888,R_75,55349.7451,1,2.3554000000003725,BACKFILL_AUTO
2026-07-11 12:28:10,1783772890,R_75,55337.5097,-1,12.235399999997753,BACKFILL_AUTO
2026-07-11 12:28:12,1783772892,R_75,55345.4717,1,7.961999999999534,BACKFILL_AUTO
2026-07-11 12:28:14,1783772894,R_75,55358.0922,1,12.620499999997264,BACKFILL_AUTO
2026-07-11 12:28:16,1783772896,R_75,55359.9063,1,1.8141000000032363,BACKFILL_AUTO
2026-07-11 12:28:18,1783772898,R_75,55371.3063,1,11.39999999999418,BACKFILL_AUTO
2026-07-11 12:28:20,1783772900,R_75,55367.8356,-1,3.4706999999980326,BACKFILL_AUTO
2026-07-11 12:28:22,1783772902,R_75,55365.3529,-1,2.4827000000004773,BACKFILL_AUTO
2026-07-11 12:28:24,1783772904,R_75,55383.2697,1,17.916799999999057,BACKFILL_AUTO
2026-07-11 12:28:26,1783772906,R_75,55394.6538,1,11.384100000002945,BACKFILL_AUTO
2026-07-11 12:28:28,1783772908,R_75,55401.3739,1,6.720099999998638,BACKFILL_AUTO
2026-07-11 12:28:30,1783772910,R_75,55385.8654,-1,15.508499999996275,BACKFILL_AUTO
2026-07-11 12:28:32,1783772912,R_75,55382.3475,-1,3.5178999999989173,BACKFILL_AUTO
2026-07-11 12:28:34,1783772914,R_75,55377.5995,-1,4.7480000000068685,BACKFILL_AUTO
2026-07-11 12:28:36,1783772916,R_75,55359.2278,-1,18.371699999996054,BACKFILL_AUTO
2026-07-11 12:28:38,1783772918,R_75,55348.878,-1,10.349800000003597,BACKFILL_AUTO
2026-07-11 12:28:40,1783772920,R_75,55357.4344,1,8.556400000001304,BACKFILL_AUTO
2026-07-11 12:28:42,1783772922,R_75,55367.5668,1,10.132400000002235,BACKFILL_AUTO
2026-07-11 12:28:44,1783772924,R_75,55353.8175,-1,13.749300000003132,BACKFILL_AUTO
2026-07-11 12:28:46,1783772926,R_75,55350.0314,-1,3.786099999997532,BACKFILL_AUTO
2026-07-11 12:28:48,1783772928,R_75,55341.4,-1,8.631399999998393,BACKFILL_AUTO
2026-07-11 12:28:50,1783772930,R_75,55327.4474,-1,13.952600000004168,BACKFILL_AUTO
2026-07-11 12:28:52,1783772932,R_75,55320.1074,-1,7.3399999999965075,BACKFILL_AUTO
2026-07-11 12:28:54,1783772934,R_75,55325.51,1,5.402600000001257,BACKFILL_AUTO
2026-07-11 12:28:56,1783772936,R_75,55314.6254,-1,10.884600000004866,BACKFILL_AUTO
2026-07-11 12:28:58,1783772938,R_75,55311.4024,-1,3.2229999999981374,BACKFILL_AUTO
2026-07-11 12:29:00,1783772940,R_75,55283.4614,-1,27.940999999998894,BACKFILL_AUTO
2026-07-11 12:29:02,1783772942,R_75,55288.4063,1,4.944900000002235,BACKFILL_AUTO
2026-07-11 12:29:04,1783772944,R_75,55292.5352,1,4.128899999996065,BACKFILL_AUTO
2026-07-11 12:29:06,1783772946,R_75,55303.5401,1,11.004899999999907,BACKFILL_AUTO
2026-07-11 12:29:08,1783772948,R_75,55307.971,1,4.430899999999383,BACKFILL_AUTO
2026-07-11 12:29:10,1783772950,R_75,55305.4842,-1,2.486799999998766,BACKFILL_AUTO
2026-07-11 12:29:12,1783772952,R_75,55283.6752,-1,21.809000000001106,BACKFILL_AUTO
2026-07-11 12:29:14,1783772954,R_75,55262.6874,-1,20.98779999999533,BACKFILL_AUTO
2026-07-11 12:29:16,1783772956,R_75,55275.549,1,12.861599999996542,BACKFILL_AUTO
2026-07-11 12:29:18,1783772958,R_75,55293.5578,1,18.008800000003248,BACKFILL_AUTO
2026-07-11 12:29:20,1783772960,R_75,55311.2192,1,17.66139999999723,BACKFILL_AUTO
2026-07-11 12:29:22,1783772962,R_75,55299.6784,-1,11.540800000002491,BACKFILL_AUTO
2026-07-11 12:29:24,1783772964,R_75,55303.4923,1,3.813900000001013,BACKFILL_AUTO
2026-07-11 12:29:26,1783772966,R_75,55286.486,-1,17.00630000000092,BACKFILL_AUTO
2026-07-11 12:29:28,1783772968,R_75,55278.449,-1,8.036999999996624,BACKFILL_AUTO
2026-07-11 12:29:30,1783772970,R_75,55292.3529,1,13.90389999999752,BACKFILL_AUTO
2026-07-11 12:29:32,1783772972,R_75,55280.7533,-1,11.599600000001374,BACKFILL_AUTO
2026-07-11 12:29:34,1783772974,R_75,55276.7342,-1,4.019099999997707,BACKFILL_AUTO
2026-07-11 12:29:36,1783772976,R_75,55276.7767,1,0.04250000000320142,BACKFILL_AUTO
2026-07-11 12:29:38,1783772978,R_75,55279.4805,1,2.703799999995681,BACKFILL_AUTO
2026-07-11 12:29:40,1783772980,R_75,55280.1344,1,0.6539000000047963,BACKFILL_AUTO
2026-07-11 12:29:42,1783772982,R_75,55288.5922,1,8.457799999996496,BACKFILL_AUTO
2026-07-11 12:29:44,1783772984,R_75,55297.4429,1,8.85070000000269,BACKFILL_AUTO
2026-07-11 12:29:46,1783772986,R_75,55293.1342,-1,4.308700000001409,BACKFILL_AUTO
2026-07-11 12:29:48,1783772988,R_75,55305.9562,1,12.822000000000116,BACKFILL_AUTO
2026-07-11 12:29:50,1783772990,R_75,55303.1803,-1,2.775900000000547,BACKFILL_AUTO
2026-07-11 12:29:52,1783772992,R_75,55308.9185,1,5.738199999999779,BACKFILL_AUTO
2026-07-11 12:29:54,1783772994,R_75,55302.2215,-1,6.697000000000116,BACKFILL_AUTO
2026-07-11 12:29:56,1783772996,R_75,55290.1529,-1,12.068599999998696,BACKFILL_AUTO
2026-07-11 12:29:58,1783772998,R_75,55300.269,1,10.116099999999278,BACKFILL_AUTO
2026-07-11 12:30:00,1783773000,R_75,55305.2575,1,4.988499999999476,BACKFILL_AUTO
2026-07-11 12:30:02,1783773002,R_75,55318.0679,1,12.810400000002119,BACKFILL_AUTO
2026-07-11 12:30:04,1783773004,R_75,55315.6591,-1,2.408800000004703,BACKFILL_AUTO
2026-07-11 12:30:06,1783773006,R_75,55300.3742,-1,15.284899999998743,BACKFILL_AUTO
2026-07-11 12:30:08,1783773008,R_75,55310.4821,1,10.1079000000027,BACKFILL_AUTO
2026-07-11 12:30:10,1783773010,R_75,55314.6881,1,4.205999999998312,BACKFILL_AUTO
2026-07-11 12:30:12,1783773012,R_75,55315.5483,1,0.8602000000028056,BACKFILL_AUTO
2026-07-11 12:30:14,1783773014,R_75,55314.2027,-1,1.3456000000005588,BACKFILL_AUTO
2026-07-11 12:30:16,1783773016,R_75,55315.4696,1,1.2668999999950756,BACKFILL_AUTO
2026-07-11 12:30:18,1783773018,R_75,55305.4661,-1,10.003499999998894,BACKFILL_AUTO
2026-07-11 12:30:20,1783773020,R_75,55292.383,-1,13.083099999996193,BACKFILL_AUTO
2026-07-11 12:30:22,1783773022,R_75,55293.0055,1,0.6224999999976717,BACKFILL_AUTO
2026-07-11 12:30:24,1783773024,R_75,55300.7353,1,7.729800000000978,BACKFILL_AUTO
2026-07-11 12:30:26,1783773026,R_75,55303.0854,1,2.3501000000032946,BACKFILL_AUTO
2026-07-11 12:30:28,1783773028,R_75,55308.2688,1,5.183399999994435,BACKFILL_AUTO
2026-07-11 12:30:30,1783773030,R_75,55305.8477,-1,2.4210999999995693,BACKFILL_AUTO
2026-07-11 12:30:32,1783773032,R_75,55283.708,-1,22.13969999999972,BACKFILL_AUTO
2026-07-11 12:30:34,1783773034,R_75,55266.5404,-1,17.167600000000675,BACKFILL_AUTO
2026-07-11 12:30:36,1783773036,R_75,55266.905,1,0.3646000000007916,BACKFILL_AUTO
2026-07-11 12:30:38,1783773038,R_75,55289.3245,1,22.41950000000361,BACKFILL_AUTO
2026-07-11 12:30:40,1783773040,R_75,55291.3579,1,2.033400000000256,BACKFILL_AUTO
2026-07-11 12:30:42,1783773042,R_75,55301.7129,1,10.354999999995925,BACKFILL_AUTO
2026-07-11 12:30:44,1783773044,R_75,55312.7099,1,10.997000000003027,BACKFILL_AUTO
2026-07-11 12:30:46,1783773046,R_75,55311.3836,-1,1.3263000000006286,BACKFILL_AUTO
2026-07-11 12:30:48,1783773048,R_75,55322.0501,1,10.66649999999936,BACKFILL_AUTO
2026-07-11 12:30:50,1783773050,R_75,55327.5024,1,5.452299999997194,BACKFILL_AUTO
2026-07-11 12:30:52,1783773052,R_75,55331.6347,1,4.132300000004761,BACKFILL_AUTO
2026-07-11 12:30:54,1783773054,R_75,55328.196,-1,3.4386999999987893,BACKFILL_AUTO
2026-07-11 12:30:56,1783773056,R_75,55327.5926,-1,0.6033999999999651,BACKFILL_AUTO
2026-07-11 12:30:58,1783773058,R_75,55319.379,-1,8.21360000000277,BACKFILL_AUTO
2026-07-11 12:31:00,1783773060,R_75,55296.5033,-1,22.875700000004144,BACKFILL_AUTO
2026-07-11 12:31:02,1783773062,R_75,55300.8179,1,4.314600000005157,BACKFILL_AUTO
2026-07-11 12:31:04,1783773064,R_75,55305.2984,1,4.480499999997846,BACKFILL_AUTO
2026-07-11 12:31:06,1783773066,R_75,55302.8851,-1,2.413300000000163,BACKFILL_AUTO
2026-07-11 12:31:08,1783773068,R_75,55304.9414,1,2.05630000000383,BACKFILL_AUTO
2026-07-11 12:31:10,1783773070,R_75,55307.5452,1,2.603799999997136,BACKFILL_AUTO
2026-07-11 12:31:12,1783773072,R_75,55302.0673,-1,5.477899999998044,BACKFILL_AUTO
2026-07-11 12:31:14,1783773074,R_75,55296.6367,-1,5.430599999999686,BACKFILL_AUTO
2026-07-11 12:31:16,1783773076,R_75,55290.0138,-1,6.622900000002119,BACKFILL_AUTO
2026-07-11 12:31:18,1783773078,R_75,55288.1544,-1,1.8594000000011874,BACKFILL_AUTO
2026-07-11 12:31:20,1783773080,R_75,55280.7298,-1,7.424599999998463,BACKFILL_AUTO
2026-07-11 12:31:22,1783773082,R_75,55281.3577,1,0.6278999999994994,BACKFILL_AUTO
2026-07-11 12:31:24,1783773084,R_75,55260.9067,-1,20.45100000000093,BACKFILL_AUTO
2026-07-11 12:31:26,1783773086,R_75,55277.9225,1,17.015800000001036,BACKFILL_AUTO
2026-07-11 12:31:28,1783773088,R_75,55283.1806,1,5.258099999999104,BACKFILL_AUTO
2026-07-11 12:31:30,1783773090,R_75,55293.8805,1,10.699899999999616,BACKFILL_AUTO
2026-07-11 12:31:32,1783773092,R_75,55295.6241,1,1.7436000000016065,BACKFILL_AUTO
2026-07-11 12:31:34,1783773094,R_75,55290.1415,-1,5.4826000000030035,BACKFILL_AUTO
2026-07-11 12:31:36,1783773096,R_75,55275.491,-1,14.6504999999961,BACKFILL_AUTO
2026-07-11 12:31:38,1783773098,R_75,55295.1842,1,19.693200000001525,BACKFILL_AUTO
2026-07-11 12:31:40,1783773100,R_75,55291.0282,-1,4.1560000000026776,BACKFILL_AUTO
2026-07-11 12:31:42,1783773102,R_75,55272.079,-1,18.949200000002747,BACKFILL_AUTO
2026-07-11 12:31:44,1783773104,R_75,55250.8521,-1,21.22690000000148,BACKFILL_AUTO
2026-07-11 12:31:46,1783773106,R_75,55255.9259,1,5.073800000005576,BACKFILL_AUTO
2026-07-11 12:31:48,1783773108,R_75,55273.5919,1,17.66599999999744,BACKFILL_AUTO
2026-07-11 12:31:50,1783773110,R_75,55262.1174,-1,11.474499999996624,BACKFILL_AUTO
2026-07-11 12:31:52,1783773112,R_75,55261.9701,-1,0.1473000000041793,BACKFILL_AUTO
2026-07-11 12:31:54,1783773114,R_75,55275.6434,1,13.6733000000022,BACKFILL_AUTO
2026-07-11 12:31:56,1783773116,R_75,55298.2912,1,22.647799999998824,BACKFILL_AUTO
2026-07-11 12:31:58,1783773118,R_75,55302.8294,1,4.538200000002689,BACKFILL_AUTO
2026-07-11 12:32:00,1783773120,R_75,55307.532,1,4.702599999996892,BACKFILL_AUTO
2026-07-11 12:32:02,1783773122,R_75,55316.417,1,8.885000000002037,BACKFILL_AUTO
2026-07-11 12:32:04,1783773124,R_75,55327.8997,1,11.482700000000477,BACKFILL_AUTO
2026-07-11 12:32:06,1783773126,R_75,55333.8054,1,5.905699999995704,BACKFILL_AUTO
2026-07-11 12:32:08,1783773128,R_75,55342.7345,1,8.929100000001199,BACKFILL_AUTO
2026-07-11 12:32:10,1783773130,R_75,55347.6063,1,4.871800000000803,BACKFILL_AUTO
2026-07-11 12:32:12,1783773132,R_75,55336.0628,-1,11.543499999999767,BACKFILL_AUTO
2026-07-11 12:32:14,1783773134,R_75,55349.7782,1,13.715400000000955,BACKFILL_AUTO
2026-07-11 12:32:16,1783773136,R_75,55343.9003,-1,5.877899999999499,BACKFILL_AUTO
2026-07-11 12:32:18,1783773138,R_75,55368.0114,1,24.111100000001898,BACKFILL_AUTO
2026-07-11 12:32:20,1783773140,R_75,55367.1341,-1,0.8773000000001048,BACKFILL_AUTO
2026-07-11 12:32:22,1783773142,R_75,55380.0573,1,12.92319999999745,BACKFILL_AUTO
2026-07-11 12:32:24,1783773144,R_75,55385.0649,1,5.007599999997183,BACKFILL_AUTO
2026-07-11 12:32:26,1783773146,R_75,55391.1076,1,6.042700000005425,BACKFILL_AUTO
2026-07-11 12:32:28,1783773148,R_75,55392.3823,1,1.274699999994482,BACKFILL_AUTO
2026-07-11 12:32:30,1783773150,R_75,55395.3774,1,2.995100000000093,BACKFILL_AUTO
2026-07-11 12:32:32,1783773152,R_75,55384.5084,-1,10.868999999998778,BACKFILL_AUTO
2026-07-11 12:32:34,1783773154,R_75,55386.0496,1,1.5411999999996624,BACKFILL_AUTO
2026-07-11 12:32:36,1783773156,R_75,55392.0473,1,5.997699999999895,BACKFILL_AUTO
2026-07-11 12:32:38,1783773158,R_75,55383.6734,-1,8.373899999998685,BACKFILL_AUTO
2026-07-11 12:32:40,1783773160,R_75,55377.3685,-1,6.304900000002817,BACKFILL_AUTO
2026-07-11 12:32:42,1783773162,R_75,55379.5453,1,2.1768000000010943,BACKFILL_AUTO
2026-07-11 12:32:44,1783773164,R_75,55403.0425,1,23.49720000000525,BACKFILL_AUTO
2026-07-11 12:32:46,1783773166,R_75,55396.1382,-1,6.904300000001967,BACKFILL_AUTO
2026-07-11 12:32:48,1783773168,R_75,55400.584,1,4.445800000001327,BACKFILL_AUTO
2026-07-11 12:32:50,1783773170,R_75,55394.4819,-1,6.102100000003702,BACKFILL_AUTO
2026-07-11 12:32:52,1783773172,R_75,55384.801,-1,9.680899999999383,BACKFILL_AUTO
2026-07-11 12:32:54,1783773174,R_75,55384.9644,1,0.16339999999763677,BACKFILL_AUTO
2026-07-11 12:32:56,1783773176,R_75,55379.9622,-1,5.002199999995355,BACKFILL_AUTO
2026-07-11 12:32:58,1783773178,R_75,55384.5485,1,4.58629999999539,BACKFILL_AUTO
2026-07-11 12:33:00,1783773180,R_75,55386.3093,1,1.7608000000036554,BACKFILL_AUTO
2026-07-11 12:33:02,1783773182,R_75,55369.2079,-1,17.101399999999558,BACKFILL_AUTO
2026-07-11 12:33:04,1783773184,R_75,55375.5676,1,6.359700000000885,BACKFILL_AUTO
2026-07-11 12:33:06,1783773186,R_75,55371.0796,-1,4.488000000004831,BACKFILL_AUTO
2026-07-11 12:33:08,1783773188,R_75,55368.7216,-1,2.3580000000001746,BACKFILL_AUTO
2026-07-11 12:33:10,1783773190,R_75,55381.1756,1,12.45400000000518,BACKFILL_AUTO
2026-07-11 12:33:12,1783773192,R_75,55354.006,-1,27.169600000001083,BACKFILL_AUTO
2026-07-11 12:33:14,1783773194,R_75,55321.5661,-1,32.439900000004855,BACKFILL_AUTO
2026-07-11 12:33:16,1783773196,R_75,55315.8196,-1,5.74649999999383,BACKFILL_AUTO
2026-07-11 12:33:18,1783773198,R_75,55309.676,-1,6.143600000003062,BACKFILL_AUTO
2026-07-11 12:33:20,1783773200,R_75,55305.9965,-1,3.67949999999837,BACKFILL_AUTO
2026-07-11 12:33:22,1783773202,R_75,55300.1606,-1,5.835899999998219,BACKFILL_AUTO
2026-07-11 12:33:24,1783773204,R_75,55301.9278,1,1.767199999994773,BACKFILL_AUTO
2026-07-11 12:33:26,1783773206,R_75,55293.7848,-1,8.142999999996391,BACKFILL_AUTO
2026-07-11 12:33:28,1783773208,R_75,55297.3273,1,3.5424999999959255,BACKFILL_AUTO
2026-07-11 12:33:30,1783773210,R_75,55293.7662,-1,3.561099999998987,BACKFILL_AUTO
2026-07-11 12:33:32,1783773212,R_75,55303.9158,1,10.149600000004284,BACKFILL_AUTO
2026-07-11 12:33:34,1783773214,R_75,55292.8669,-1,11.048900000001595,BACKFILL_AUTO
2026-07-11 12:33:36,1783773216,R_75,55304.0623,1,11.19539999999688,BACKFILL_AUTO
2026-07-11 12:33:38,1783773218,R_75,55316.9262,1,12.863900000003923,BACKFILL_AUTO
2026-07-11 12:33:40,1783773220,R_75,55303.9485,-1,12.977700000003097,BACKFILL_AUTO
2026-07-11 12:33:42,1783773222,R_75,55307.7694,1,3.820899999998801,BACKFILL_AUTO
2026-07-11 12:33:44,1783773224,R_75,55305.7131,-1,2.056299999996554,BACKFILL_AUTO
2026-07-11 12:33:46,1783773226,R_75,55299.2935,-1,6.419600000001083,BACKFILL_AUTO
2026-07-11 12:33:48,1783773228,R_75,55302.4543,1,3.1607999999978347,BACKFILL_AUTO
2026-07-11 12:33:50,1783773230,R_75,55301.6855,-1,0.7687999999980093,BACKFILL_AUTO
2026-07-11 12:33:52,1783773232,R_75,55302.7235,1,1.0380000000004657,BACKFILL_AUTO
2026-07-11 12:33:54,1783773234,R_75,55297.1743,-1,5.549200000001292,BACKFILL_AUTO
2026-07-11 12:33:56,1783773236,R_75,55294.2664,-1,2.9078999999983353,BACKFILL_AUTO
2026-07-11 12:33:58,1783773238,R_75,55306.2541,1,11.987699999997858,BACKFILL_AUTO
2026-07-11 12:34:00,1783773240,R_75,55292.7319,-1,13.52219999999943,BACKFILL_AUTO
2026-07-11 12:34:02,1783773242,R_75,55298.52,1,5.7880999999979394,BACKFILL_AUTO
2026-07-11 12:34:04,1783773244,R_75,55294.1776,-1,4.342399999994086,BACKFILL_AUTO
2026-07-11 12:34:06,1783773246,R_75,55297.3091,1,3.1314999999958673,BACKFILL_AUTO
2026-07-11 12:34:08,1783773248,R_75,55295.4514,-1,1.8577000000004773,BACKFILL_AUTO
2026-07-11 12:34:10,1783773250,R_75,55296.8931,1,1.4417000000030384,BACKFILL_AUTO
2026-07-11 12:34:12,1783773252,R_75,55302.7111,1,5.8179999999993015,BACKFILL_AUTO
2026-07-11 12:34:14,1783773254,R_75,55297.55,-1,5.161099999997532,BACKFILL_AUTO
2026-07-11 12:34:16,1783773256,R_75,55297.4015,-1,0.1485000000029686,BACKFILL_AUTO
2026-07-11 12:34:18,1783773258,R_75,55288.8692,-1,8.53229999999894,BACKFILL_AUTO
2026-07-11 12:34:20,1783773260,R_75,55283.6622,-1,5.207000000002154,BACKFILL_AUTO
2026-07-11 12:34:22,1783773262,R_75,55284.4773,1,0.8150999999998021,BACKFILL_AUTO
2026-07-11 12:34:24,1783773264,R_75,55279.5918,-1,4.885499999996682,BACKFILL_AUTO
2026-07-11 12:34:26,1783773266,R_75,55288.8489,1,9.257099999995262,BACKFILL_AUTO
2026-07-11 12:34:28,1783773268,R_75,55279.9871,-1,8.861799999998766,BACKFILL_AUTO
2026-07-11 12:34:30,1783773270,R_75,55274.9238,-1,5.063300000001618,BACKFILL_AUTO
2026-07-11 12:34:32,1783773272,R_75,55275.6624,1,0.7386000000042259,BACKFILL_AUTO
2026-07-11 12:34:34,1783773274,R_75,55277.027,1,1.3646000000007916,BACKFILL_AUTO
2026-07-11 12:34:36,1783773276,R_75,55265.6091,-1,11.417900000000373,BACKFILL_AUTO
2026-07-11 12:34:38,1783773278,R_75,55282.0421,1,16.432999999997264,BACKFILL_AUTO
2026-07-11 12:34:40,1783773280,R_75,55294.2975,1,12.255400000001828,BACKFILL_AUTO
2026-07-11 12:34:42,1783773282,R_75,55305.856,1,11.558499999999185,BACKFILL_AUTO
2026-07-11 12:34:44,1783773284,R_75,55314.4042,1,8.54819999999745,BACKFILL_AUTO
2026-07-11 12:34:46,1783773286,R_75,55295.104,-1,19.300199999997858,BACKFILL_AUTO
2026-07-11 12:34:48,1783773288,R_75,55285.4507,-1,9.653299999998126,BACKFILL_AUTO
2026-07-11 12:34:50,1783773290,R_75,55275.5051,-1,9.945599999999104,BACKFILL_AUTO
2026-07-11 12:34:52,1783773292,R_75,55276.7412,1,1.2360999999946216,BACKFILL_AUTO
2026-07-11 12:34:54,1783773294,R_75,55283.9844,1,7.243200000004435,BACKFILL_AUTO
2026-07-11 12:34:56,1783773296,R_75,55280.8486,-1,3.1358000000036554,BACKFILL_AUTO
2026-07-11 12:34:58,1783773298,R_75,55295.1637,1,14.315099999999802,BACKFILL_AUTO
2026-07-11 12:35:00,1783773300,R_75,55298.7904,1,3.62670000000071,BACKFILL_AUTO
2026-07-11 12:35:02,1783773302,R_75,55292.0583,-1,6.732100000001083,BACKFILL_AUTO
2026-07-11 12:35:04,1783773304,R_75,55279.5996,-1,12.458699999995588,BACKFILL_AUTO
2026-07-11 12:35:06,1783773306,R_75,55271.5489,-1,8.050699999999779,BACKFILL_AUTO
2026-07-11 12:35:08,1783773308,R_75,55265.7958,-1,5.753100000001723,BACKFILL_AUTO
2026-07-11 12:35:10,1783773310,R_75,55272.6602,1,6.864399999998568,BACKFILL_AUTO
2026-07-11 12:35:12,1783773312,R_75,55260.4749,-1,12.185299999997369,BACKFILL_AUTO
2026-07-11 12:35:14,1783773314,R_75,55267.0664,1,6.59150000000227,BACKFILL_AUTO
2026-07-11 12:35:16,1783773316,R_75,55273.4086,1,6.3421999999991385,BACKFILL_AUTO
2026-07-11 12:35:18,1783773318,R_75,55288.261,1,14.852399999996123,BACKFILL_AUTO
2026-07-11 12:35:20,1783773320,R_75,55296.1046,1,7.843600000000151,BACKFILL_AUTO
2026-07-11 12:35:22,1783773322,R_75,55296.0226,-1,0.08200000000215368,BACKFILL_AUTO
2026-07-11 12:35:24,1783773324,R_75,55283.7358,-1,12.2867999999944,BACKFILL_AUTO
2026-07-11 12:35:26,1783773326,R_75,55295.5796,1,11.843799999995099,BACKFILL_AUTO
2026-07-11 12:35:28,1783773328,R_75,55294.3929,-1,1.1866999999983818,BACKFILL_AUTO
2026-07-11 12:35:30,1783773330,R_75,55306.3355,1,11.94260000000213,BACKFILL_AUTO
2026-07-11 12:35:32,1783773332,R_75,55308.168,1,1.8324999999967986,BACKFILL_AUTO
2026-07-11 12:35:34,1783773334,R_75,55317.7609,1,9.592900000003283,BACKFILL_AUTO
2026-07-11 12:35:36,1783773336,R_75,55325.9996,1,8.2387000000017,BACKFILL_AUTO
2026-07-11 12:35:38,1783773338,R_75,55333.4362,1,7.436599999993632,BACKFILL_AUTO
2026-07-11 12:35:40,1783773340,R_75,55326.5808,-1,6.855399999993097,BACKFILL_AUTO
2026-07-11 12:35:42,1783773342,R_75,55344.2573,1,17.67649999999412,BACKFILL_AUTO
2026-07-11 12:35:44,1783773344,R_75,55353.8004,1,9.543100000002596,BACKFILL_AUTO
2026-07-11 12:35:46,1783773346,R_75,55358.614,1,4.8136000000013155,BACKFILL_AUTO
2026-07-11 12:35:48,1783773348,R_75,55355.5676,-1,3.0463999999992666,BACKFILL_AUTO
2026-07-11 12:35:50,1783773350,R_75,55345.7429,-1,9.824700000004668,BACKFILL_AUTO
2026-07-11 12:35:52,1783773352,R_75,55319.2817,-1,26.461199999997916,BACKFILL_AUTO
2026-07-11 12:35:54,1783773354,R_75,55320.5393,1,1.2575999999971827,BACKFILL_AUTO
2026-07-11 12:35:56,1783773356,R_75,55311.1951,-1,9.344199999999546,BACKFILL_AUTO
2026-07-11 12:35:58,1783773358,R_75,55305.4467,-1,5.748399999996764,BACKFILL_AUTO
2026-07-11 12:36:00,1783773360,R_75,55294.1028,-1,11.343899999999849,BACKFILL_AUTO
2026-07-11 12:36:02,1783773362,R_75,55304.5027,1,10.399899999996705,BACKFILL_AUTO
2026-07-11 12:36:04,1783773364,R_75,55284.1869,-1,20.31579999999667,BACKFILL_AUTO
2026-07-11 12:36:06,1783773366,R_75,55284.9711,1,0.7842000000018743,BACKFILL_AUTO
2026-07-11 12:36:08,1783773368,R_75,55285.4188,1,0.44769999999698484,BACKFILL_AUTO
2026-07-11 12:36:10,1783773370,R_75,55283.6126,-1,1.8061999999990803,BACKFILL_AUTO
2026-07-11 12:36:12,1783773372,R_75,55277.2318,-1,6.380799999998999,BACKFILL_AUTO
2026-07-11 12:36:14,1783773374,R_75,55284.6188,1,7.386999999995169,BACKFILL_AUTO
2026-07-11 12:36:16,1783773376,R_75,55282.4534,-1,2.1653999999980442,BACKFILL_AUTO
2026-07-11 12:36:18,1783773378,R_75,55280.5347,-1,1.9187000000019907,BACKFILL_AUTO
2026-07-11 12:36:20,1783773380,R_75,55278.3671,-1,2.1675999999933993,BACKFILL_AUTO
2026-07-11 12:36:22,1783773382,R_75,55266.9424,-1,11.424700000003213,BACKFILL_AUTO
2026-07-11 12:36:24,1783773384,R_75,55275.1985,1,8.256099999998696,BACKFILL_AUTO
2026-07-11 12:36:26,1783773386,R_75,55269.673,-1,5.5254999999961,BACKFILL_AUTO
2026-07-11 12:36:28,1783773388,R_75,55293.1954,1,23.522399999994377,BACKFILL_AUTO
2026-07-11 12:36:30,1783773390,R_75,55304.3252,1,11.129800000002433,BACKFILL_AUTO
2026-07-11 12:36:32,1783773392,R_75,55330.7459,1,26.420700000002398,BACKFILL_AUTO
2026-07-11 12:36:34,1783773394,R_75,55327.1959,-1,3.5500000000029104,BACKFILL_AUTO
2026-07-11 12:36:36,1783773396,R_75,55320.879,-1,6.316899999997986,BACKFILL_AUTO
2026-07-11 12:36:38,1783773398,R_75,55328.0668,1,7.187799999999697,BACKFILL_AUTO
2026-07-11 12:36:40,1783773400,R_75,55303.0445,-1,25.022299999996903,BACKFILL_AUTO
2026-07-11 12:36:42,1783773402,R_75,55288.0228,-1,15.021700000004785,BACKFILL_AUTO
2026-07-11 12:36:44,1783773404,R_75,55289.7577,1,1.7349000000031083,BACKFILL_AUTO
2026-07-11 12:36:46,1783773406,R_75,55294.9408,1,5.183099999994738,BACKFILL_AUTO
2026-07-11 12:36:48,1783773408,R_75,55283.2331,-1,11.707699999999022,BACKFILL_AUTO
2026-07-11 12:36:50,1783773410,R_75,55298.1966,1,14.963500000005297,BACKFILL_AUTO
2026-07-11 12:36:52,1783773412,R_75,55294.0255,-1,4.171099999999569,BACKFILL_AUTO
2026-07-11 12:36:54,1783773414,R_75,55303.0383,1,9.012799999996787,BACKFILL_AUTO
2026-07-11 12:36:56,1783773416,R_75,55310.3186,1,7.280299999998533,BACKFILL_AUTO
2026-07-11 12:36:58,1783773418,R_75,55318.4775,1,8.158900000002177,BACKFILL_AUTO
2026-07-11 12:37:00,1783773420,R_75,55322.5567,1,4.079200000000128,BACKFILL_AUTO
2026-07-11 12:37:02,1783773422,R_75,55322.3414,-1,0.21530000000348082,BACKFILL_AUTO
2026-07-11 12:37:04,1783773424,R_75,55332.493,1,10.151600000004692,BACKFILL_AUTO
2026-07-11 12:37:06,1783773426,R_75,55334.0063,1,1.5132999999987078,BACKFILL_AUTO
2026-07-11 12:37:08,1783773428,R_75,55315.7183,-1,18.288000000000466,BACKFILL_AUTO
2026-07-11 12:37:10,1783773430,R_75,55310.2588,-1,5.459499999997206,BACKFILL_AUTO
2026-07-11 12:37:12,1783773432,R_75,55295.0646,-1,15.194200000005367,BACKFILL_AUTO
2026-07-11 12:37:14,1783773434,R_75,55310.536,1,15.471400000002177,BACKFILL_AUTO
2026-07-11 12:37:16,1783773436,R_75,55310.6329,1,0.09689999999682186,BACKFILL_AUTO
2026-07-11 12:37:18,1783773438,R_75,55319.9412,1,9.308300000004238,BACKFILL_AUTO
2026-07-11 12:37:20,1783773440,R_75,55317.4059,-1,2.53530000000319,BACKFILL_AUTO
2026-07-11 12:37:22,1783773442,R_75,55312.6799,-1,4.725999999995111,BACKFILL_AUTO
2026-07-11 12:37:24,1783773444,R_75,55331.97,1,19.290099999998347,BACKFILL_AUTO
2026-07-11 12:37:26,1783773446,R_75,55340.2575,1,8.287499999998545,BACKFILL_AUTO
2026-07-11 12:37:28,1783773448,R_75,55357.4724,1,17.214899999999034,BACKFILL_AUTO
2026-07-11 12:37:30,1783773450,R_75,55353.8949,-1,3.577499999999418,BACKFILL_AUTO
2026-07-11 12:37:32,1783773452,R_75,55365.64,1,11.745100000000093,BACKFILL_AUTO
2026-07-11 12:37:34,1783773454,R_75,55345.5488,-1,20.091200000002573,BACKFILL_AUTO
2026-07-11 12:37:36,1783773456,R_75,55345.3571,-1,0.19169999999576248,BACKFILL_AUTO
2026-07-11 12:37:38,1783773458,R_75,55349.4186,1,4.061499999996158,BACKFILL_AUTO
2026-07-11 12:37:40,1783773460,R_75,55341.2301,-1,8.188499999996566,BACKFILL_AUTO
2026-07-11 12:37:42,1783773462,R_75,55351.4776,1,10.247499999997672,BACKFILL_AUTO
2026-07-11 12:37:44,1783773464,R_75,55357.2522,1,5.774600000004284,BACKFILL_AUTO
2026-07-11 12:37:46,1783773466,R_75,55367.2795,1,10.027299999994284,BACKFILL_AUTO
2026-07-11 12:37:48,1783773468,R_75,55371.2014,1,3.9219000000011874,BACKFILL_AUTO
2026-07-11 12:37:50,1783773470,R_75,55369.6806,-1,1.5207999999984168,BACKFILL_AUTO
2026-07-11 12:37:52,1783773472,R_75,55375.1466,1,5.466000000000349,BACKFILL_AUTO
2026-07-11 12:37:54,1783773474,R_75,55372.5105,-1,2.6361000000033528,BACKFILL_AUTO
2026-07-11 12:37:56,1783773476,R_75,55369.5855,-1,2.9249999999956344,BACKFILL_AUTO
2026-07-11 12:37:58,1783773478,R_75,55360.0536,-1,9.53190000000177,BACKFILL_AUTO
2026-07-11 12:38:00,1783773480,R_75,55375.2181,1,15.164499999998952,BACKFILL_AUTO
2026-07-11 12:38:02,1783773482,R_75,55367.725,-1,7.493099999999686,BACKFILL_AUTO
2026-07-11 12:38:04,1783773484,R_75,55348.8959,-1,18.82909999999538,BACKFILL_AUTO
2026-07-11 12:38:06,1783773486,R_75,55354.8327,1,5.936799999995856,BACKFILL_AUTO
2026-07-11 12:38:08,1783773488,R_75,55346.9959,-1,7.836799999997311,BACKFILL_AUTO
2026-07-11 12:38:10,1783773490,R_75,55364.1866,1,17.190699999999197,BACKFILL_AUTO
2026-07-11 12:38:12,1783773492,R_75,55389.3813,1,25.19470000000001,BACKFILL_AUTO
2026-07-11 12:38:14,1783773494,R_75,55379.0966,-1,10.284700000003795,BACKFILL_AUTO
2026-07-11 12:38:16,1783773496,R_75,55396.3803,1,17.283699999999953,BACKFILL_AUTO
2026-07-11 12:38:18,1783773498,R_75,55398.247,1,1.8667000000059488,BACKFILL_AUTO
2026-07-11 12:38:20,1783773500,R_75,55395.7029,-1,2.5441000000064378,BACKFILL_AUTO
2026-07-11 12:38:22,1783773502,R_75,55398.2407,1,2.537800000005518,BACKFILL_AUTO
2026-07-11 12:38:24,1783773504,R_75,55408.5164,1,10.275699999998324,BACKFILL_AUTO
2026-07-11 12:38:26,1783773506,R_75,55406.4926,-1,2.023800000002666,BACKFILL_AUTO
2026-07-11 12:38:28,1783773508,R_75,55390.0254,-1,16.46719999999914,BACKFILL_AUTO
2026-07-11 12:38:30,1783773510,R_75,55391.8527,1,1.8273000000044703,BACKFILL_AUTO
2026-07-11 12:38:32,1783773512,R_75,55391.0461,-1,0.8066000000035274,BACKFILL_AUTO
2026-07-11 12:38:34,1783773514,R_75,55390.2665,-1,0.7796000000016647,BACKFILL_AUTO
2026-07-11 12:38:36,1783773516,R_75,55378.4158,-1,11.850699999995413,BACKFILL_AUTO
2026-07-11 12:38:38,1783773518,R_75,55365.7398,-1,12.675999999999476,BACKFILL_AUTO
2026-07-11 12:38:40,1783773520,R_75,55359.9801,-1,5.75970000000234,BACKFILL_AUTO
2026-07-11 12:38:42,1783773522,R_75,55361.6464,1,1.6662999999971362,BACKFILL_AUTO
2026-07-11 12:38:44,1783773524,R_75,55367.6397,1,5.993300000001909,BACKFILL_AUTO
2026-07-11 12:38:46,1783773526,R_75,55354.7281,-1,12.911599999999453,BACKFILL_AUTO
2026-07-11 12:38:48,1783773528,R_75,55340.0648,-1,14.663300000000163,BACKFILL_AUTO
2026-07-11 12:38:50,1783773530,R_75,55314.49,-1,25.574800000002142,BACKFILL_AUTO
2026-07-11 12:38:52,1783773532,R_75,55321.9618,1,7.471799999999348,BACKFILL_AUTO
2026-07-11 12:38:54,1783773534,R_75,55314.7082,-1,7.253599999996368,BACKFILL_AUTO
2026-07-11 12:38:56,1783773536,R_75,55331.7631,1,17.05489999999554,BACKFILL_AUTO
2026-07-11 12:38:58,1783773538,R_75,55321.8729,-1,9.890199999994365,BACKFILL_AUTO
2026-07-11 12:39:00,1783773540,R_75,55314.5113,-1,7.361600000003818,BACKFILL_AUTO
2026-07-11 12:39:02,1783773542,R_75,55300.9088,-1,13.602500000000873,BACKFILL_AUTO
2026-07-11 12:39:04,1783773544,R_75,55296.9748,-1,3.93399999999383,BACKFILL_AUTO
2026-07-11 12:39:06,1783773546,R_75,55294.8579,-1,2.1169000000008964,BACKFILL_AUTO
2026-07-11 12:39:08,1783773548,R_75,55311.7889,1,16.930999999996857,BACKFILL_AUTO
2026-07-11 12:39:10,1783773550,R_75,55314.0902,1,2.3012999999991735,BACKFILL_AUTO
2026-07-11 12:39:12,1783773552,R_75,55341.202,1,27.111799999998766,BACKFILL_AUTO
2026-07-11 12:39:14,1783773554,R_75,55330.1221,-1,11.079899999996996,BACKFILL_AUTO
2026-07-11 12:39:16,1783773556,R_75,55314.1078,-1,16.01430000000255,BACKFILL_AUTO
2026-07-11 12:39:18,1783773558,R_75,55309.3084,-1,4.79939999999624,BACKFILL_AUTO
2026-07-11 12:39:20,1783773560,R_75,55322.3878,1,13.079399999995076,BACKFILL_AUTO
2026-07-11 12:39:22,1783773562,R_75,55325.8283,1,3.440500000004249,BACKFILL_AUTO
2026-07-11 12:39:24,1783773564,R_75,55319.3543,-1,6.474000000001979,BACKFILL_AUTO
2026-07-11 12:39:26,1783773566,R_75,55309.3998,-1,9.954499999999825,BACKFILL_AUTO
2026-07-11 12:39:28,1783773568,R_75,55297.3374,-1,12.062400000002526,BACKFILL_AUTO
2026-07-11 12:39:30,1783773570,R_75,55295.7001,-1,1.637299999994866,BACKFILL_AUTO
2026-07-11 12:39:32,1783773572,R_75,55282.7081,-1,12.99199999999837,BACKFILL_AUTO
2026-07-11 12:39:34,1783773574,R_75,55269.9797,-1,12.728399999999965,BACKFILL_AUTO
2026-07-11 12:39:36,1783773576,R_75,55274.8143,1,4.83459999999468,BACKFILL_AUTO
2026-07-11 12:39:38,1783773578,R_75,55272.8817,-1,1.9326000000000931,BACKFILL_AUTO
2026-07-11 12:39:40,1783773580,R_75,55278.4257,1,5.544000000001688,BACKFILL_AUTO
2026-07-11 12:39:42,1783773582,R_75,55274.7046,-1,3.7211000000024796,BACKFILL_AUTO
2026-07-11 12:39:44,1783773584,R_75,55261.969,-1,12.735599999999977,BACKFILL_AUTO
2026-07-11 12:39:46,1783773586,R_75,55259.1401,-1,2.8289000000004307,BACKFILL_AUTO
2026-07-11 12:39:48,1783773588,R_75,55245.6161,-1,13.523999999997613,BACKFILL_AUTO
2026-07-11 12:39:50,1783773590,R_75,55241.6972,-1,3.9188999999969383,BACKFILL_AUTO
2026-07-11 12:39:52,1783773592,R_75,55260.8765,1,19.179299999996147,BACKFILL_AUTO
2026-07-11 12:39:54,1783773594,R_75,55261.9683,1,1.0918000000019674,BACKFILL_AUTO
2026-07-11 12:39:56,1783773596,R_75,55278.0099,1,16.041599999996834,BACKFILL_AUTO
2026-07-11 12:39:58,1783773598,R_75,55275.2265,-1,2.783400000000256,BACKFILL_AUTO
2026-07-11 12:40:00,1783773600,R_75,55283.3678,1,8.141300000002957,BACKFILL_AUTO
2026-07-11 12:40:02,1783773602,R_75,55283.0129,-1,0.3548999999984517,BACKFILL_AUTO
2026-07-11 12:40:04,1783773604,R_75,55288.9211,1,5.908199999998033,BACKFILL_AUTO
2026-07-11 12:40:06,1783773606,R_75,55290.7885,1,1.8674000000028173,BACKFILL_AUTO
2026-07-11 12:40:08,1783773608,R_75,55274.6036,-1,16.184900000000198,BACKFILL_AUTO
2026-07-11 12:40:10,1783773610,R_75,55269.9887,-1,4.614900000000489,BACKFILL_AUTO
2026-07-11 12:40:12,1783773612,R_75,55264.3462,-1,5.642500000001746,BACKFILL_AUTO
2026-07-11 12:40:14,1783773614,R_75,55247.271,-1,17.075199999999313,BACKFILL_AUTO
2026-07-11 12:40:16,1783773616,R_75,55257.9045,1,10.633499999996275,BACKFILL_AUTO
2026-07-11 12:40:18,1783773618,R_75,55252.3252,-1,5.579299999997602,BACKFILL_AUTO
2026-07-11 12:40:20,1783773620,R_75,55254.4025,1,2.0772999999971944,BACKFILL_AUTO
2026-07-11 12:40:22,1783773622,R_75,55240.2673,-1,14.135199999996985,BACKFILL_AUTO
2026-07-11 12:40:24,1783773624,R_75,55236.9001,-1,3.3672000000005937,BACKFILL_AUTO
2026-07-11 12:40:26,1783773626,R_75,55235.9245,-1,0.9755999999979394,BACKFILL_AUTO
2026-07-11 12:40:28,1783773628,R_75,55232.194,-1,3.7304999999978463,BACKFILL_AUTO
2026-07-11 12:40:30,1783773630,R_75,55229.5235,-1,2.6705000000001746,BACKFILL_AUTO
2026-07-11 12:40:32,1783773632,R_75,55234.0622,1,4.538699999997334,BACKFILL_AUTO
2026-07-11 12:40:34,1783773634,R_75,55224.5004,-1,9.561800000003132,BACKFILL_AUTO
2026-07-11 12:40:36,1783773636,R_75,55219.134,-1,5.3663999999989755,BACKFILL_AUTO
2026-07-11 12:40:38,1783773638,R_75,55213.1238,-1,6.010199999996985,BACKFILL_AUTO
2026-07-11 12:40:40,1783773640,R_75,55212.4871,-1,0.6367000000027474,BACKFILL_AUTO
2026-07-11 12:40:42,1783773642,R_75,55220.378,1,7.89089999999851,BACKFILL_AUTO
2026-07-11 12:40:44,1783773644,R_75,55224.5832,1,4.20520000000397,BACKFILL_AUTO
2026-07-11 12:40:46,1783773646,R_75,55210.2426,-1,14.340600000003178,BACKFILL_AUTO
2026-07-11 12:40:48,1783773648,R_75,55209.5916,-1,0.6509999999980209,BACKFILL_AUTO
2026-07-11 12:40:50,1783773650,R_75,55201.509,-1,8.082600000001548,BACKFILL_AUTO
2026-07-11 12:40:52,1783773652,R_75,55204.5939,1,3.084900000001653,BACKFILL_AUTO
2026-07-11 12:40:54,1783773654,R_75,55198.3075,-1,6.286399999997229,BACKFILL_AUTO
2026-07-11 12:40:56,1783773656,R_75,55194.7448,-1,3.5627000000022235,BACKFILL_AUTO
2026-07-11 12:40:58,1783773658,R_75,55183.1217,-1,11.623099999997066,BACKFILL_AUTO
2026-07-11 12:41:00,1783773660,R_75,55177.7872,-1,5.334500000004482,BACKFILL_AUTO
2026-07-11 12:41:02,1783773662,R_75,55208.0031,1,30.215900000002875,BACKFILL_AUTO
2026-07-11 12:41:04,1783773664,R_75,55232.0801,1,24.076999999997497,BACKFILL_AUTO
2026-07-11 12:41:06,1783773666,R_75,55227.5064,-1,4.5737000000008265,BACKFILL_AUTO
2026-07-11 12:41:08,1783773668,R_75,55231.6017,1,4.0953000000008615,BACKFILL_AUTO
2026-07-11 12:41:10,1783773670,R_75,55234.3664,1,2.7646999999997206,BACKFILL_AUTO
2026-07-11 12:41:12,1783773672,R_75,55249.3046,1,14.938200000004144,BACKFILL_AUTO
2026-07-11 12:41:14,1783773674,R_75,55264.7813,1,15.476699999999255,BACKFILL_AUTO
2026-07-11 12:41:16,1783773676,R_75,55233.8198,-1,30.96150000000489,BACKFILL_AUTO
2026-07-11 12:41:18,1783773678,R_75,55231.2105,-1,2.6092999999964377,BACKFILL_AUTO
2026-07-11 12:41:20,1783773680,R_75,55225.2345,-1,5.9760000000023865,BACKFILL_AUTO
2026-07-11 12:41:22,1783773682,R_75,55222.1107,-1,3.1238000000012107,BACKFILL_AUTO
2026-07-11 12:41:24,1783773684,R_75,55226.7094,1,4.598700000002282,BACKFILL_AUTO
2026-07-11 12:41:26,1783773686,R_75,55227.9061,1,1.196700000000419,BACKFILL_AUTO
2026-07-11 12:41:28,1783773688,R_75,55215.7878,-1,12.11830000000191,BACKFILL_AUTO
2026-07-11 12:41:30,1783773690,R_75,55206.621,-1,9.166799999999057,BACKFILL_AUTO
2026-07-11 12:41:32,1783773692,R_75,55202.3819,-1,4.239099999998871,BACKFILL_AUTO
2026-07-11 12:41:34,1783773694,R_75,55201.0047,-1,1.377200000002631,BACKFILL_AUTO
2026-07-11 12:41:36,1783773696,R_75,55209.1981,1,8.193400000003749,BACKFILL_AUTO
2026-07-11 12:41:38,1783773698,R_75,55196.9549,-1,12.243200000004435,BACKFILL_AUTO
2026-07-11 12:41:40,1783773700,R_75,55186.5069,-1,10.447999999996682,BACKFILL_AUTO
2026-07-11 12:41:42,1783773702,R_75,55188.5437,1,2.0368000000016764,BACKFILL_AUTO
2026-07-11 12:41:44,1783773704,R_75,55180.698,-1,7.8457000000053085,BACKFILL_AUTO
2026-07-11 12:41:46,1783773706,R_75,55184.7656,1,4.06760000000213,BACKFILL_AUTO
2026-07-11 12:41:48,1783773708,R_75,55197.7829,1,13.017299999999523,BACKFILL_AUTO
2026-07-11 12:41:50,1783773710,R_75,55190.0819,-1,7.701000000000931,BACKFILL_AUTO
2026-07-11 12:41:52,1783773712,R_75,55188.8172,-1,1.2646999999997206,BACKFILL_AUTO
2026-07-11 12:41:54,1783773714,R_75,55175.7626,-1,13.054599999995844,BACKFILL_AUTO
2026-07-11 12:41:56,1783773716,R_75,55189.6851,1,13.922500000000582,BACKFILL_AUTO
2026-07-11 12:41:58,1783773718,R_75,55215.7591,1,26.074000000000524,BACKFILL_AUTO
2026-07-11 12:42:00,1783773720,R_75,55212.7168,-1,3.042300000000978,BACKFILL_AUTO
2026-07-11 12:42:02,1783773722,R_75,55222.1007,1,9.383900000000722,BACKFILL_AUTO
2026-07-11 12:42:04,1783773724,R_75,55232.5086,1,10.407899999998335,BACKFILL_AUTO
2026-07-11 12:42:06,1783773726,R_75,55242.324,1,9.8153999999995,BACKFILL_AUTO
2026-07-11 12:42:08,1783773728,R_75,55225.3934,-1,16.930599999999686,BACKFILL_AUTO
2026-07-11 12:42:10,1783773730,R_75,55225.2213,-1,0.17210000000341097,BACKFILL_AUTO
2026-07-11 12:42:12,1783773732,R_75,55221.5515,-1,3.6697999999960302,BACKFILL_AUTO
2026-07-11 12:42:14,1783773734,R_75,55225.6187,1,4.067199999997683,BACKFILL_AUTO
2026-07-11 12:42:16,1783773736,R_75,55227.2466,1,1.6278999999994994,BACKFILL_AUTO
2026-07-11 12:42:18,1783773738,R_75,55228.0239,1,0.77730000000156,BACKFILL_AUTO
2026-07-11 12:42:20,1783773740,R_75,55229.6843,1,1.6604000000006636,BACKFILL_AUTO
2026-07-11 12:42:22,1783773742,R_75,55242.2677,1,12.58339999999589,BACKFILL_AUTO
2026-07-11 12:42:24,1783773744,R_75,55233.0559,-1,9.21179999999731,BACKFILL_AUTO
2026-07-11 12:42:26,1783773746,R_75,55239.309,1,6.253100000001723,BACKFILL_AUTO
2026-07-11 12:42:28,1783773748,R_75,55244.4285,1,5.1195000000006985,BACKFILL_AUTO
2026-07-11 12:42:30,1783773750,R_75,55239.8286,-1,4.599900000001071,BACKFILL_AUTO
2026-07-11 12:42:32,1783773752,R_75,55249.7798,1,9.951199999995879,BACKFILL_AUTO
2026-07-11 12:42:34,1783773754,R_75,55246.0508,-1,3.7289999999993597,BACKFILL_AUTO
2026-07-11 12:42:36,1783773756,R_75,55248.8996,1,2.8487999999997555,BACKFILL_AUTO
2026-07-11 12:42:38,1783773758,R_75,55250.1392,1,1.2396000000007916,BACKFILL_AUTO
2026-07-11 12:42:40,1783773760,R_75,55242.2342,-1,7.904999999998836,BACKFILL_AUTO
2026-07-11 12:42:42,1783773762,R_75,55258.4001,1,16.165899999999965,BACKFILL_AUTO
2026-07-11 12:42:44,1783773764,R_75,55271.4584,1,13.058300000004238,BACKFILL_AUTO
2026-07-11 12:42:46,1783773766,R_75,55263.5545,-1,7.903900000004796,BACKFILL_AUTO
2026-07-11 12:42:48,1783773768,R_75,55259.2154,-1,4.339099999997416,BACKFILL_AUTO
2026-07-11 12:42:50,1783773770,R_75,55259.2757,1,0.060299999997369014,BACKFILL_AUTO
2026-07-11 12:42:52,1783773772,R_75,55243.9564,-1,15.319299999995565,BACKFILL_AUTO
2026-07-11 12:42:54,1783773774,R_75,55249.7205,1,5.764100000000326,BACKFILL_AUTO
2026-07-11 12:42:56,1783773776,R_75,55251.116,1,1.3954999999987194,BACKFILL_AUTO
2026-07-11 12:42:58,1783773778,R_75,55239.9988,-1,11.117200000000594,BACKFILL_AUTO
2026-07-11 12:43:00,1783773780,R_75,55244.2951,1,4.296300000001793,BACKFILL_AUTO
2026-07-11 12:43:02,1783773782,R_75,55250.5118,1,6.216699999997218,BACKFILL_AUTO
2026-07-11 12:43:04,1783773784,R_75,55248.9045,-1,1.6073000000033062,BACKFILL_AUTO
2026-07-11 12:43:06,1783773786,R_75,55239.7369,-1,9.1675999999934,BACKFILL_AUTO
2026-07-11 12:43:08,1783773788,R_75,55228.5046,-1,11.232300000003306,BACKFILL_AUTO
2026-07-11 12:43:10,1783773790,R_75,55222.5095,-1,5.995100000000093,BACKFILL_AUTO
2026-07-11 12:43:12,1783773792,R_75,55230.0388,1,7.529300000001967,BACKFILL_AUTO
2026-07-11 12:43:14,1783773794,R_75,55229.2739,-1,0.7649000000019441,BACKFILL_AUTO
2026-07-11 12:43:16,1783773796,R_75,55228.9866,-1,0.28730000000359723,BACKFILL_AUTO
2026-07-11 12:43:18,1783773798,R_75,55212.8833,-1,16.103299999995215,BACKFILL_AUTO
2026-07-11 12:43:20,1783773800,R_75,55193.352,-1,19.531300000002375,BACKFILL_AUTO
2026-07-11 12:43:22,1783773802,R_75,55192.7348,-1,0.6172000000005937,BACKFILL_AUTO
2026-07-11 12:43:24,1783773804,R_75,55183.7251,-1,9.009699999995064,BACKFILL_AUTO
2026-07-11 12:43:26,1783773806,R_75,55196.8165,1,13.09139999999752,BACKFILL_AUTO
2026-07-11 12:43:28,1783773808,R_75,55186.501,-1,10.31550000000425,BACKFILL_AUTO
2026-07-11 12:43:30,1783773810,R_75,55190.5338,1,4.0328000000008615,BACKFILL_AUTO
2026-07-11 12:43:32,1783773812,R_75,55180.2728,-1,10.260999999998603,BACKFILL_AUTO
2026-07-11 12:43:34,1783773814,R_75,55172.9826,-1,7.290199999995821,BACKFILL_AUTO
2026-07-11 12:43:36,1783773816,R_75,55186.4027,1,13.420099999995728,BACKFILL_AUTO
2026-07-11 12:43:38,1783773818,R_75,55184.1572,-1,2.2454999999972642,BACKFILL_AUTO
2026-07-11 12:43:40,1783773820,R_75,55178.9993,-1,5.157899999998335,BACKFILL_AUTO
2026-07-11 12:43:42,1783773822,R_75,55196.5589,1,17.5596000000005,BACKFILL_AUTO
2026-07-11 12:43:44,1783773824,R_75,55210.5078,1,13.948899999995774,BACKFILL_AUTO
2026-07-11 12:43:46,1783773826,R_75,55224.5126,1,14.004800000002433,BACKFILL_AUTO
2026-07-11 12:43:48,1783773828,R_75,55223.284,-1,1.2286000000021886,BACKFILL_AUTO
2026-07-11 12:43:50,1783773830,R_75,55233.9073,1,10.62329999999929,BACKFILL_AUTO
2026-07-11 12:43:52,1783773832,R_75,55218.2243,-1,15.682999999997264,BACKFILL_AUTO
2026-07-11 12:43:54,1783773834,R_75,55230.6004,1,12.376100000001315,BACKFILL_AUTO
2026-07-11 12:43:56,1783773836,R_75,55237.9424,1,7.341999999996915,BACKFILL_AUTO
2026-07-11 12:43:58,1783773838,R_75,55251.8567,1,13.914299999996729,BACKFILL_AUTO
2026-07-11 12:44:00,1783773840,R_75,55229.9634,-1,21.89329999999609,BACKFILL_AUTO
2026-07-11 12:44:02,1783773842,R_75,55219.1455,-1,10.817900000001828,BACKFILL_AUTO
2026-07-11 12:44:04,1783773844,R_75,55221.2642,1,2.1186999999990803,BACKFILL_AUTO
2026-07-11 12:44:06,1783773846,R_75,55210.6174,-1,10.646799999994982,BACKFILL_AUTO
2026-07-11 12:44:08,1783773848,R_75,55209.5534,-1,1.0640000000057626,BACKFILL_AUTO
2026-07-11 12:44:10,1783773850,R_75,55186.4727,-1,23.080699999998615,BACKFILL_AUTO
2026-07-11 12:44:12,1783773852,R_75,55187.5228,1,1.0501000000003842,BACKFILL_AUTO
2026-07-11 12:44:14,1783773854,R_75,55186.9855,-1,0.5372999999963213,BACKFILL_AUTO
2026-07-11 12:44:16,1783773856,R_75,55166.7376,-1,20.24790000000212,BACKFILL_AUTO
2026-07-11 12:44:18,1783773858,R_75,55140.3364,-1,26.401200000000244,BACKFILL_AUTO
2026-07-11 12:44:20,1783773860,R_75,55158.2514,1,17.915000000000873,BACKFILL_AUTO
2026-07-11 12:44:22,1783773862,R_75,55140.9005,-1,17.350899999997637,BACKFILL_AUTO
2026-07-11 12:44:24,1783773864,R_75,55135.0623,-1,5.8382000000056,BACKFILL_AUTO
2026-07-11 12:44:26,1783773866,R_75,55160.1663,1,25.10399999999936,BACKFILL_AUTO
2026-07-11 12:44:28,1783773868,R_75,55145.0161,-1,15.150199999996403,BACKFILL_AUTO
2026-07-11 12:44:30,1783773870,R_75,55159.0202,1,14.004099999998289,BACKFILL_AUTO
2026-07-11 12:44:32,1783773872,R_75,55174.2586,1,15.238400000002002,BACKFILL_AUTO
2026-07-11 12:44:34,1783773874,R_75,55173.0971,-1,1.161500000001979,BACKFILL_AUTO
2026-07-11 12:44:36,1783773876,R_75,55174.3834,1,1.2862999999997555,BACKFILL_AUTO
2026-07-11 12:44:38,1783773878,R_75,55189.8561,1,15.47269999999844,BACKFILL_AUTO
2026-07-11 12:44:40,1783773880,R_75,55176.7757,-1,13.080399999998917,BACKFILL_AUTO
2026-07-11 12:44:42,1783773882,R_75,55183.6212,1,6.845500000003085,BACKFILL_AUTO
2026-07-11 12:44:44,1783773884,R_75,55204.6814,1,21.060199999999895,BACKFILL_AUTO
2026-07-11 12:44:46,1783773886,R_75,55199.4479,-1,5.2335000000020955,BACKFILL_AUTO
2026-07-11 12:44:48,1783773888,R_75,55205.4979,1,6.05000000000291,BACKFILL_AUTO
2026-07-11 12:44:50,1783773890,R_75,55203.4108,-1,2.087100000004284,BACKFILL_AUTO
2026-07-11 12:44:52,1783773892,R_75,55204.107,1,0.6962000000057742,BACKFILL_AUTO
2026-07-11 12:44:54,1783773894,R_75,55199.8555,-1,4.251500000005763,BACKFILL_AUTO
2026-07-11 12:44:56,1783773896,R_75,55200.0314,1,0.17590000000200234,BACKFILL_AUTO
2026-07-11 12:44:58,1783773898,R_75,55200.1594,1,0.1279999999969732,BACKFILL_AUTO
2026-07-11 12:45:00,1783773900,R_75,55200.9943,1,0.8349000000016531,BACKFILL_AUTO
2026-07-11 12:45:02,1783773902,R_75,55212.6839,1,11.689600000005157,BACKFILL_AUTO
2026-07-11 12:45:04,1783773904,R_75,55229.9291,1,17.245199999997567,BACKFILL_AUTO
2026-07-11 12:45:06,1783773906,R_75,55249.0043,1,19.075199999999313,BACKFILL_AUTO
2026-07-11 12:45:08,1783773908,R_75,55251.3749,1,2.370600000002014,BACKFILL_AUTO
2026-07-11 12:45:10,1783773910,R_75,55245.9497,-1,5.425200000005134,BACKFILL_AUTO
2026-07-11 12:45:12,1783773912,R_75,55226.2693,-1,19.680399999997462,BACKFILL_AUTO
2026-07-11 12:45:14,1783773914,R_75,55246.8708,1,20.60149999999703,BACKFILL_AUTO
2026-07-11 12:45:16,1783773916,R_75,55231.7091,-1,15.161699999996927,BACKFILL_AUTO
2026-07-11 12:45:18,1783773918,R_75,55228.8771,-1,2.8320000000021537,BACKFILL_AUTO
2026-07-11 12:45:20,1783773920,R_75,55236.1283,1,7.251199999998789,BACKFILL_AUTO
2026-07-11 12:45:22,1783773922,R_75,55228.2406,-1,7.887699999999313,BACKFILL_AUTO
2026-07-11 12:45:24,1783773924,R_75,55215.4995,-1,12.741099999999278,BACKFILL_AUTO
2026-07-11 12:45:26,1783773926,R_75,55228.2535,1,12.754000000000815,BACKFILL_AUTO
2026-07-11 12:45:28,1783773928,R_75,55208.3825,-1,19.870999999999185,BACKFILL_AUTO
2026-07-11 12:45:30,1783773930,R_75,55216.2709,1,7.8884000000034575,BACKFILL_AUTO
2026-07-11 12:45:32,1783773932,R_75,55219.5527,1,3.2817999999970198,BACKFILL_AUTO
2026-07-11 12:45:34,1783773934,R_75,55223.3918,1,3.8390999999974156,BACKFILL_AUTO
2026-07-11 12:45:36,1783773936,R_75,55229.1264,1,5.734600000003411,BACKFILL_AUTO
2026-07-11 12:45:38,1783773938,R_75,55227.3938,-1,1.7326000000030035,BACKFILL_AUTO
2026-07-11 12:45:40,1783773940,R_75,55215.0,-1,12.39379999999801,BACKFILL_AUTO
2026-07-11 12:45:42,1783773942,R_75,55224.1458,1,9.145799999998417,BACKFILL_AUTO
2026-07-11 12:45:44,1783773944,R_75,55218.5119,-1,5.633900000000722,BACKFILL_AUTO
2026-07-11 12:45:46,1783773946,R_75,55231.7231,1,13.211200000005192,BACKFILL_AUTO
2026-07-11 12:45:48,1783773948,R_75,55243.4669,1,11.743799999996554,BACKFILL_AUTO
2026-07-11 12:45:50,1783773950,R_75,55252.7692,1,9.302300000003015,BACKFILL_AUTO
2026-07-11 12:45:52,1783773952,R_75,55238.873,-1,13.896200000002864,BACKFILL_AUTO
2026-07-11 12:45:54,1783773954,R_75,55239.736,1,0.8629999999975553,BACKFILL_AUTO
2026-07-11 12:45:56,1783773956,R_75,55248.5519,1,8.81590000000142,BACKFILL_AUTO
2026-07-11 12:45:58,1783773958,R_75,55239.7594,-1,8.792499999995925,BACKFILL_AUTO
2026-07-11 12:46:00,1783773960,R_75,55232.7604,-1,6.999000000003434,BACKFILL_AUTO
2026-07-11 12:46:02,1783773962,R_75,55252.4152,1,19.65480000000389,BACKFILL_AUTO
2026-07-11 12:46:04,1783773964,R_75,55238.7866,-1,13.628600000003644,BACKFILL_AUTO
2026-07-11 12:46:06,1783773966,R_75,55236.0749,-1,2.711699999999837,BACKFILL_AUTO
2026-07-11 12:46:08,1783773968,R_75,55230.2844,-1,5.790500000002794,BACKFILL_AUTO
2026-07-11 12:46:10,1783773970,R_75,55229.0535,-1,1.2308999999950174,BACKFILL_AUTO
2026-07-11 12:46:12,1783773972,R_75,55224.4463,-1,4.6071999999985565,BACKFILL_AUTO
2026-07-11 12:46:14,1783773974,R_75,55206.2649,-1,18.181400000001304,BACKFILL_AUTO
2026-07-11 12:46:16,1783773976,R_75,55199.9722,-1,6.292700000005425,BACKFILL_AUTO
2026-07-11 12:46:18,1783773978,R_75,55195.9079,-1,4.064299999998184,BACKFILL_AUTO
2026-07-11 12:46:20,1783773980,R_75,55185.2033,-1,10.7045999999973,BACKFILL_AUTO
2026-07-11 12:46:22,1783773982,R_75,55183.5708,-1,1.632499999999709,BACKFILL_AUTO
2026-07-11 12:46:24,1783773984,R_75,55170.9464,-1,12.624400000000605,BACKFILL_AUTO
2026-07-11 12:46:26,1783773986,R_75,55166.2465,-1,4.699899999999616,BACKFILL_AUTO
2026-07-11 12:46:28,1783773988,R_75,55186.4251,1,20.17859999999928,BACKFILL_AUTO
2026-07-11 12:46:30,1783773990,R_75,55176.1214,-1,10.303699999996752,BACKFILL_AUTO
2026-07-11 12:46:32,1783773992,R_75,55150.24,-1,25.88140000000567,BACKFILL_AUTO
2026-07-11 12:46:34,1783773994,R_75,55144.7511,-1,5.488899999996647,BACKFILL_AUTO
2026-07-11 12:46:36,1783773996,R_75,55129.341,-1,15.410100000000966,BACKFILL_AUTO
2026-07-11 12:46:38,1783773998,R_75,55131.1655,1,1.8245000000024447,BACKFILL_AUTO
2026-07-11 12:46:40,1783774000,R_75,55128.2025,-1,2.963000000003376,BACKFILL_AUTO
2026-07-11 12:46:42,1783774002,R_75,55119.9777,-1,8.224799999996321,BACKFILL_AUTO
2026-07-11 12:46:44,1783774004,R_75,55116.9234,-1,3.0543000000034226,BACKFILL_AUTO
2026-07-11 12:46:46,1783774006,R_75,55106.4035,-1,10.519899999999325,BACKFILL_AUTO
2026-07-11 12:46:48,1783774008,R_75,55101.783,-1,4.620499999997264,BACKFILL_AUTO
2026-07-11 12:46:50,1783774010,R_75,55103.6346,1,1.8515999999945052,BACKFILL_AUTO
2026-07-11 12:46:52,1783774012,R_75,55105.2549,1,1.6203000000023167,BACKFILL_AUTO
2026-07-11 12:46:54,1783774014,R_75,55108.4947,1,3.239800000003015,BACKFILL_AUTO
2026-07-11 12:46:56,1783774016,R_75,55102.7173,-1,5.77740000000631,BACKFILL_AUTO
2026-07-11 12:46:58,1783774018,R_75,55112.1034,1,9.386100000003353,BACKFILL_AUTO
2026-07-11 12:47:00,1783774020,R_75,55106.9861,-1,5.1172999999980675,BACKFILL_AUTO
2026-07-11 12:47:02,1783774022,R_75,55112.5321,1,5.5459999999948195,BACKFILL_AUTO
2026-07-11 12:47:04,1783774024,R_75,55102.8949,-1,9.637199999997392,BACKFILL_AUTO
2026-07-11 12:47:06,1783774026,R_75,55094.6163,-1,8.278599999997823,BACKFILL_AUTO
2026-07-11 12:47:08,1783774028,R_75,55095.5237,1,0.9073999999964144,BACKFILL_AUTO
2026-07-11 12:47:10,1783774030,R_75,55091.5991,-1,3.9245999999984633,BACKFILL_AUTO
2026-07-11 12:47:12,1783774032,R_75,55092.6354,1,1.0362999999997555,BACKFILL_AUTO
2026-07-11 12:47:14,1783774034,R_75,55086.0823,-1,6.553099999997357,BACKFILL_AUTO
2026-07-11 12:47:16,1783774036,R_75,55092.7868,1,6.704499999999825,BACKFILL_AUTO
2026-07-11 12:47:18,1783774038,R_75,55099.9971,1,7.210299999998824,BACKFILL_AUTO
2026-07-11 12:47:20,1783774040,R_75,55103.5054,1,3.508300000001327,BACKFILL_AUTO
2026-07-11 12:47:22,1783774042,R_75,55113.5411,1,10.03570000000036,BACKFILL_AUTO
2026-07-11 12:47:24,1783774044,R_75,55132.5702,1,19.029099999999744,BACKFILL_AUTO
2026-07-11 12:47:26,1783774046,R_75,55135.8676,1,3.2973999999958323,BACKFILL_AUTO
2026-07-11 12:47:28,1783774048,R_75,55139.2449,1,3.3773000000001048,BACKFILL_AUTO
2026-07-11 12:47:30,1783774050,R_75,55129.1678,-1,10.07709999999497,BACKFILL_AUTO
2026-07-11 12:47:32,1783774052,R_75,55147.8744,1,18.706599999997707,BACKFILL_AUTO
2026-07-11 12:47:34,1783774054,R_75,55131.3054,-1,16.569000000003143,BACKFILL_AUTO
2026-07-11 12:47:36,1783774056,R_75,55133.5777,1,2.2723000000041793,BACKFILL_AUTO
2026-07-11 12:47:38,1783774058,R_75,55125.2582,-1,8.319500000005064,BACKFILL_AUTO
2026-07-11 12:47:40,1783774060,R_75,55129.1617,1,3.9035000000003492,BACKFILL_AUTO
2026-07-11 12:47:42,1783774062,R_75,55136.895,1,7.733299999999872,BACKFILL_AUTO
2026-07-11 12:47:44,1783774064,R_75,55130.2655,-1,6.62949999999546,BACKFILL_AUTO
2026-07-11 12:47:46,1783774066,R_75,55126.8335,-1,3.4320000000006985,BACKFILL_AUTO
2026-07-11 12:47:48,1783774068,R_75,55108.7671,-1,18.06640000000334,BACKFILL_AUTO
2026-07-11 12:47:50,1783774070,R_75,55105.2753,-1,3.4917999999961467,BACKFILL_AUTO
2026-07-11 12:47:52,1783774072,R_75,55106.0608,1,0.7854999999981374,BACKFILL_AUTO
2026-07-11 12:47:54,1783774074,R_75,55107.7275,1,1.6667000000015832,BACKFILL_AUTO
2026-07-11 12:47:56,1783774076,R_75,55104.276,-1,3.451500000002852,BACKFILL_AUTO
2026-07-11 12:47:58,1783774078,R_75,55101.3661,-1,2.9098999999987427,BACKFILL_AUTO
2026-07-11 12:48:00,1783774080,R_75,55109.6544,1,8.288300000000163,BACKFILL_AUTO
2026-07-11 12:48:02,1783774082,R_75,55116.895,1,7.240599999997357,BACKFILL_AUTO
2026-07-11 12:48:04,1783774084,R_75,55111.5845,-1,5.3104999999995925,BACKFILL_AUTO
2026-07-11 12:48:06,1783774086,R_75,55109.0728,-1,2.5116999999954714,BACKFILL_AUTO
2026-07-11 12:48:08,1783774088,R_75,55112.4215,1,3.348699999995006,BACKFILL_AUTO
2026-07-11 12:48:10,1783774090,R_75,55129.5828,1,17.161299999999756,BACKFILL_AUTO
2026-07-11 12:48:12,1783774092,R_75,55124.1166,-1,5.466199999995297,BACKFILL_AUTO
2026-07-11 12:48:14,1783774094,R_75,55114.6968,-1,9.419800000003306,BACKFILL_AUTO
2026-07-11 12:48:16,1783774096,R_75,55131.867,1,17.170200000000477,BACKFILL_AUTO
2026-07-11 12:48:18,1783774098,R_75,55123.1585,-1,8.70850000000064,BACKFILL_AUTO
2026-07-11 12:48:20,1783774100,R_75,55117.7629,-1,5.395599999996193,BACKFILL_AUTO
2026-07-11 12:48:22,1783774102,R_75,55106.0251,-1,11.737800000002608,BACKFILL_AUTO
2026-07-11 12:48:24,1783774104,R_75,55097.6128,-1,8.412299999996321,BACKFILL_AUTO
2026-07-11 12:48:26,1783774106,R_75,55097.753,1,0.1401999999943655,BACKFILL_AUTO
2026-07-11 12:48:28,1783774108,R_75,55093.4993,-1,4.253699999993842,BACKFILL_AUTO
2026-07-11 12:48:30,1783774110,R_75,55092.317,-1,1.1823000000003958,BACKFILL_AUTO
2026-07-11 12:48:32,1783774112,R_75,55078.4441,-1,13.872900000002119,BACKFILL_AUTO
2026-07-11 12:48:34,1783774114,R_75,55079.3283,1,0.8842000000004191,BACKFILL_AUTO
2026-07-11 12:48:36,1783774116,R_75,55090.2972,1,10.968899999999849,BACKFILL_AUTO
2026-07-11 12:48:38,1783774118,R_75,55100.6752,1,10.377999999996973,BACKFILL_AUTO
2026-07-11 12:48:40,1783774120,R_75,55084.3833,-1,16.29189999999653,BACKFILL_AUTO
2026-07-11 12:48:42,1783774122,R_75,55081.2371,-1,3.146200000002864,BACKFILL_AUTO
2026-07-11 12:48:44,1783774124,R_75,55088.8905,1,7.6534000000028755,BACKFILL_AUTO
2026-07-11 12:48:46,1783774126,R_75,55074.3124,-1,14.578099999998813,BACKFILL_AUTO
2026-07-11 12:48:48,1783774128,R_75,55079.3336,1,5.021199999995588,BACKFILL_AUTO
2026-07-11 12:48:50,1783774130,R_75,55091.1759,1,11.842300000003888,BACKFILL_AUTO
2026-07-11 12:48:52,1783774132,R_75,55059.0188,-1,32.15710000000399,BACKFILL_AUTO
2026-07-11 12:48:54,1783774134,R_75,55053.6719,-1,5.346899999996822,BACKFILL_AUTO
2026-07-11 12:48:56,1783774136,R_75,55070.2526,1,16.580699999998615,BACKFILL_AUTO
2026-07-11 12:48:58,1783774138,R_75,55065.4719,-1,4.78070000000298,BACKFILL_AUTO
2026-07-11 12:49:00,1783774140,R_75,55069.6903,1,4.218400000005204,BACKFILL_AUTO
2026-07-11 12:49:02,1783774142,R_75,55074.3471,1,4.65679999999702,BACKFILL_AUTO
2026-07-11 12:49:04,1783774144,R_75,55073.9464,-1,0.4006999999983236,BACKFILL_AUTO
2026-07-11 12:49:06,1783774146,R_75,55065.6552,-1,8.291199999999662,BACKFILL_AUTO
2026-07-11 12:49:08,1783774148,R_75,55064.1417,-1,1.5135000000009313,BACKFILL_AUTO
2026-07-11 12:49:10,1783774150,R_75,55064.9655,1,0.8237999999983003,BACKFILL_AUTO
2026-07-11 12:49:12,1783774152,R_75,55054.109,-1,10.856500000001688,BACKFILL_AUTO
2026-07-11 12:49:14,1783774154,R_75,55049.231,-1,4.877999999996973,BACKFILL_AUTO
2026-07-11 12:49:16,1783774156,R_75,55064.5701,1,15.339099999997416,BACKFILL_AUTO
2026-07-11 12:49:18,1783774158,R_75,55035.9015,-1,28.66859999999724,BACKFILL_AUTO
2026-07-11 12:49:20,1783774160,R_75,55012.4054,-1,23.49609999999666,BACKFILL_AUTO
2026-07-11 12:49:22,1783774162,R_75,55010.5479,-1,1.8575000000055297,BACKFILL_AUTO
2026-07-11 12:49:24,1783774164,R_75,55004.6159,-1,5.9320000000006985,BACKFILL_AUTO
2026-07-11 12:49:26,1783774166,R_75,55014.93,1,10.314100000003236,BACKFILL_AUTO
2026-07-11 12:49:28,1783774168,R_75,55004.2082,-1,10.721799999999348,BACKFILL_AUTO
2026-07-11 12:49:30,1783774170,R_75,54999.0366,-1,5.17160000000149,BACKFILL_AUTO
2026-07-11 12:49:32,1783774172,R_75,55012.8082,1,13.771600000000035,BACKFILL_AUTO
2026-07-11 12:49:34,1783774174,R_75,55009.3309,-1,3.4772999999986496,BACKFILL_AUTO
2026-07-11 12:49:36,1783774176,R_75,55005.8033,-1,3.5276000000012573,BACKFILL_AUTO
2026-07-11 12:49:38,1783774178,R_75,54994.4616,-1,11.341699999997218,BACKFILL_AUTO
2026-07-11 12:49:40,1783774180,R_75,54959.534,-1,34.92760000000271,BACKFILL_AUTO
2026-07-11 12:49:42,1783774182,R_75,54963.68,1,4.14600000000064,BACKFILL_AUTO
2026-07-11 12:49:44,1783774184,R_75,54963.3717,-1,0.30829999999696156,BACKFILL_AUTO
2026-07-11 12:49:46,1783774186,R_75,54950.3451,-1,13.026600000004692,BACKFILL_AUTO
2026-07-11 12:49:48,1783774188,R_75,54948.0432,-1,2.301899999998568,BACKFILL_AUTO
2026-07-11 12:49:50,1783774190,R_75,54951.5097,1,3.46650000000227,BACKFILL_AUTO
2026-07-11 12:49:52,1783774192,R_75,54947.2209,-1,4.288800000002084,BACKFILL_AUTO
2026-07-11 12:49:54,1783774194,R_75,54942.9301,-1,4.290800000002491,BACKFILL_AUTO
2026-07-11 12:49:56,1783774196,R_75,54938.2181,-1,4.711999999999534,BACKFILL_AUTO
2026-07-11 12:49:58,1783774198,R_75,54941.064,1,2.845900000000256,BACKFILL_AUTO
2026-07-11 12:50:00,1783774200,R_75,54924.6526,-1,16.41139999999723,BACKFILL_AUTO
2026-07-11 12:50:02,1783774202,R_75,54913.4125,-1,11.240100000002712,BACKFILL_AUTO
2026-07-11 12:50:04,1783774204,R_75,54917.2819,1,3.8694000000032247,BACKFILL_AUTO
2026-07-11 12:50:06,1783774206,R_75,54934.0538,1,16.771899999999732,BACKFILL_AUTO
2026-07-11 12:50:08,1783774208,R_75,54936.9639,1,2.9101000000009662,BACKFILL_AUTO
2026-07-11 12:50:10,1783774210,R_75,54947.7743,1,10.810399999994843,BACKFILL_AUTO
2026-07-11 12:50:12,1783774212,R_75,54954.9366,1,7.162300000003597,BACKFILL_AUTO
2026-07-11 12:50:14,1783774214,R_75,54949.8191,-1,5.117500000000291,BACKFILL_AUTO
2026-07-11 12:50:16,1783774216,R_75,54954.7137,1,4.8945999999996275,BACKFILL_AUTO
2026-07-11 12:50:18,1783774218,R_75,54951.658,-1,3.0556999999971595,BACKFILL_AUTO
2026-07-11 12:50:20,1783774220,R_75,54955.4222,1,3.7641999999977998,BACKFILL_AUTO
2026-07-11 12:50:22,1783774222,R_75,54956.8123,1,1.3900999999968917,BACKFILL_AUTO
2026-07-11 12:50:24,1783774224,R_75,54953.2463,-1,3.565999999998894,BACKFILL_AUTO
2026-07-11 12:50:26,1783774226,R_75,54949.3472,-1,3.8991000000023632,BACKFILL_AUTO
2026-07-11 12:50:28,1783774228,R_75,54959.9234,1,10.576200000003155,BACKFILL_AUTO
2026-07-11 12:50:30,1783774230,R_75,54949.1226,-1,10.800799999997253,BACKFILL_AUTO
2026-07-11 12:50:32,1783774232,R_75,54949.7059,1,0.5832999999984168,BACKFILL_AUTO
2026-07-11 12:50:34,1783774234,R_75,54957.6553,1,7.949399999997695,BACKFILL_AUTO
2026-07-11 12:50:36,1783774236,R_75,54958.0815,1,0.42620000000169966,BACKFILL_AUTO
2026-07-11 12:50:38,1783774238,R_75,54964.4423,1,6.3608000000022,BACKFILL_AUTO
2026-07-11 12:50:40,1783774240,R_75,54945.0902,-1,19.352100000003702,BACKFILL_AUTO
2026-07-11 12:50:42,1783774242,R_75,54945.194,1,0.10380000000441214,BACKFILL_AUTO
2026-07-11 12:50:44,1783774244,R_75,54943.0095,-1,2.184500000003027,BACKFILL_AUTO
2026-07-11 12:50:46,1783774246,R_75,54941.7427,-1,1.2667999999976018,BACKFILL_AUTO
2026-07-11 12:50:48,1783774248,R_75,54940.9542,-1,0.7885000000023865,BACKFILL_AUTO
2026-07-11 12:50:50,1783774250,R_75,54923.8011,-1,17.153100000003178,BACKFILL_AUTO
2026-07-11 12:50:52,1783774252,R_75,54910.4977,-1,13.303399999997055,BACKFILL_AUTO
2026-07-11 12:50:54,1783774254,R_75,54912.3009,1,1.8032000000021071,BACKFILL_AUTO
2026-07-11 12:50:56,1783774256,R_75,54912.7676,1,0.4666999999972177,BACKFILL_AUTO
2026-07-11 12:50:58,1783774258,R_75,54921.5586,1,8.790999999997439,BACKFILL_AUTO
2026-07-11 12:51:00,1783774260,R_75,54918.976,-1,2.5825999999942724,BACKFILL_AUTO
2026-07-11 12:51:02,1783774262,R_75,54918.5859,-1,0.39010000000416767,BACKFILL_AUTO
2026-07-11 12:51:04,1783774264,R_75,54922.8391,1,4.253199999999197,BACKFILL_AUTO
2026-07-11 12:51:06,1783774266,R_75,54930.3019,1,7.4628000000011525,BACKFILL_AUTO
2026-07-11 12:51:08,1783774268,R_75,54945.8975,1,15.595600000000559,BACKFILL_AUTO
2026-07-11 12:51:10,1783774270,R_75,54954.4168,1,8.51929999999993,BACKFILL_AUTO
2026-07-11 12:51:12,1783774272,R_75,54965.2542,1,10.837400000003981,BACKFILL_AUTO
2026-07-11 12:51:14,1783774274,R_75,54959.62,-1,5.634200000000419,BACKFILL_AUTO
2026-07-11 12:51:16,1783774276,R_75,54955.8463,-1,3.773700000005192,BACKFILL_AUTO
2026-07-11 12:51:18,1783774278,R_75,54953.2127,-1,2.6336000000010245,BACKFILL_AUTO
2026-07-11 12:51:20,1783774280,R_75,54950.6156,-1,2.5970999999990454,BACKFILL_AUTO
2026-07-11 12:51:22,1783774282,R_75,54979.0762,1,28.460600000005797,BACKFILL_AUTO
2026-07-11 12:51:24,1783774284,R_75,54976.7507,-1,2.3255000000062864,BACKFILL_AUTO
2026-07-11 12:51:26,1783774286,R_75,54991.1296,1,14.378900000003341,BACKFILL_AUTO
2026-07-11 12:51:28,1783774288,R_75,55000.2478,1,9.11819999999716,BACKFILL_AUTO
2026-07-11 12:51:30,1783774290,R_75,54997.6174,-1,2.6303999999945518,BACKFILL_AUTO
2026-07-11 12:51:32,1783774292,R_75,54998.0464,1,0.42899999999644933,BACKFILL_AUTO
2026-07-11 12:51:34,1783774294,R_75,54988.1727,-1,9.873699999996461,BACKFILL_AUTO
2026-07-11 12:51:36,1783774296,R_75,54989.6157,1,1.4429999999993015,BACKFILL_AUTO
2026-07-11 12:51:38,1783774298,R_75,54970.2493,-1,19.366399999998976,BACKFILL_AUTO
2026-07-11 12:51:40,1783774300,R_75,54955.1715,-1,15.077800000006391,BACKFILL_AUTO
2026-07-11 12:51:42,1783774302,R_75,54956.0617,1,0.8902000000016415,BACKFILL_AUTO
2026-07-11 12:51:44,1783774304,R_75,54936.2167,-1,19.845000000001164,BACKFILL_AUTO
2026-07-11 12:51:46,1783774306,R_75,54924.4997,-1,11.716999999996915,BACKFILL_AUTO
2026-07-11 12:51:48,1783774308,R_75,54913.9975,-1,10.502200000002631,BACKFILL_AUTO
2026-07-11 12:51:50,1783774310,R_75,54906.2247,-1,7.772799999998824,BACKFILL_AUTO
2026-07-11 12:51:52,1783774312,R_75,54913.1494,1,6.924700000003213,BACKFILL_AUTO
2026-07-11 12:51:54,1783774314,R_75,54904.7469,-1,8.402500000003783,BACKFILL_AUTO
2026-07-11 12:51:56,1783774316,R_75,54904.8985,1,0.15160000000469154,BACKFILL_AUTO
2026-07-11 12:51:58,1783774318,R_75,54907.494,1,2.595499999995809,BACKFILL_AUTO
2026-07-11 12:52:00,1783774320,R_75,54880.7474,-1,26.74659999999858,BACKFILL_AUTO
2026-07-11 12:52:02,1783774322,R_75,54875.0294,-1,5.718000000000757,BACKFILL_AUTO
2026-07-11 12:52:04,1783774324,R_75,54877.4083,1,2.378900000003341,BACKFILL_AUTO
2026-07-11 12:52:06,1783774326,R_75,54864.6188,-1,12.789500000006228,BACKFILL_AUTO
2026-07-11 12:52:08,1783774328,R_75,54854.5494,-1,10.069399999993038,BACKFILL_AUTO
2026-07-11 12:52:10,1783774330,R_75,54855.4251,1,0.8756999999968684,BACKFILL_AUTO
2026-07-11 12:52:12,1783774332,R_75,54854.4363,-1,0.9887999999991735,BACKFILL_AUTO
2026-07-11 12:52:14,1783774334,R_75,54852.5532,-1,1.8830999999991036,BACKFILL_AUTO
2026-07-11 12:52:16,1783774336,R_75,54859.9315,1,7.3782999999966705,BACKFILL_AUTO
2026-07-11 12:52:18,1783774338,R_75,54870.575,1,10.643499999998312,BACKFILL_AUTO
2026-07-11 12:52:20,1783774340,R_75,54872.7019,1,2.1269000000029337,BACKFILL_AUTO
2026-07-11 12:52:22,1783774342,R_75,54872.1077,-1,0.594199999999546,BACKFILL_AUTO
2026-07-11 12:52:24,1783774344,R_75,54874.7795,1,2.6717999999964377,BACKFILL_AUTO
2026-07-11 12:52:26,1783774346,R_75,54877.2459,1,2.4664000000047963,BACKFILL_AUTO
2026-07-11 12:52:28,1783774348,R_75,54872.0978,-1,5.1480999999985215,BACKFILL_AUTO
2026-07-11 12:52:30,1783774350,R_75,54865.0784,-1,7.01940000000468,BACKFILL_AUTO
2026-07-11 12:52:32,1783774352,R_75,54854.9224,-1,10.155999999995402,BACKFILL_AUTO
2026-07-11 12:52:34,1783774354,R_75,54857.5432,1,2.6207999999969616,BACKFILL_AUTO
2026-07-11 12:52:36,1783774356,R_75,54846.235,-1,11.308199999999488,BACKFILL_AUTO
2026-07-11 12:52:38,1783774358,R_75,54836.2116,-1,10.023399999998219,BACKFILL_AUTO
2026-07-11 12:52:40,1783774360,R_75,54837.6025,1,1.3908999999985099,BACKFILL_AUTO
2026-07-11 12:52:42,1783774362,R_75,54830.5331,-1,7.069400000000314,BACKFILL_AUTO
2026-07-11 12:52:44,1783774364,R_75,54831.9306,1,1.3974999999991269,BACKFILL_AUTO
2026-07-11 12:52:46,1783774366,R_75,54832.4702,1,0.539600000003702,BACKFILL_AUTO
2026-07-11 12:52:48,1783774368,R_75,54828.8882,-1,3.5820000000021537,BACKFILL_AUTO
2026-07-11 12:52:50,1783774370,R_75,54828.7374,-1,0.15080000000307336,BACKFILL_AUTO
2026-07-11 12:52:52,1783774372,R_75,54841.6334,1,12.89600000000064,BACKFILL_AUTO
2026-07-11 12:52:54,1783774374,R_75,54836.7945,-1,4.838899999995192,BACKFILL_AUTO
2026-07-11 12:52:56,1783774376,R_75,54841.3412,1,4.546699999998964,BACKFILL_AUTO
2026-07-11 12:52:58,1783774378,R_75,54838.1986,-1,3.14259999999922,BACKFILL_AUTO
2026-07-11 12:53:00,1783774380,R_75,54833.3552,-1,4.843400000005204,BACKFILL_AUTO
2026-07-11 12:53:02,1783774382,R_75,54829.5001,-1,3.855100000000675,BACKFILL_AUTO
2026-07-11 12:53:04,1783774384,R_75,54840.339,1,10.838900000002468,BACKFILL_AUTO
2026-07-11 12:53:06,1783774386,R_75,54832.7954,-1,7.543599999997241,BACKFILL_AUTO
2026-07-11 12:53:08,1783774388,R_75,54839.5928,1,6.797399999995832,BACKFILL_AUTO
2026-07-11 12:53:10,1783774390,R_75,54841.1228,1,1.5299999999988358,BACKFILL_AUTO
2026-07-11 12:53:12,1783774392,R_75,54823.6454,-1,17.477399999996123,BACKFILL_AUTO
2026-07-11 12:53:14,1783774394,R_75,54832.5005,1,8.855100000000675,BACKFILL_AUTO
2026-07-11 12:53:16,1783774396,R_75,54823.7804,-1,8.720099999998638,BACKFILL_AUTO
2026-07-11 12:53:18,1783774398,R_75,54821.4074,-1,2.3730000000068685,BACKFILL_AUTO
2026-07-11 12:53:20,1783774400,R_75,54831.6853,1,10.277900000000955,BACKFILL_AUTO
2026-07-11 12:53:22,1783774402,R_75,54837.3125,1,5.627200000002631,BACKFILL_AUTO
2026-07-11 12:53:24,1783774404,R_75,54835.4341,-1,1.8784000000014203,BACKFILL_AUTO
2026-07-11 12:53:26,1783774406,R_75,54831.8761,-1,3.5579999999972642,BACKFILL_AUTO
2026-07-11 12:53:28,1783774408,R_75,54839.4474,1,7.571299999995972,BACKFILL_AUTO
2026-07-11 12:53:30,1783774410,R_75,54854.9564,1,15.509000000005472,BACKFILL_AUTO
2026-07-11 12:53:32,1783774412,R_75,54856.5538,1,1.5973999999987427,BACKFILL_AUTO
2026-07-11 12:53:34,1783774414,R_75,54849.1208,-1,7.43300000000454,BACKFILL_AUTO
2026-07-11 12:53:36,1783774416,R_75,54843.4323,-1,5.688499999996566,BACKFILL_AUTO
2026-07-11 12:53:38,1783774418,R_75,54833.5615,-1,9.870799999996962,BACKFILL_AUTO
2026-07-11 12:53:40,1783774420,R_75,54843.1879,1,9.626399999993737,BACKFILL_AUTO
2026-07-11 12:53:42,1783774422,R_75,54836.3483,-1,6.839599999999336,BACKFILL_AUTO
2026-07-11 12:53:44,1783774424,R_75,54847.1688,1,10.82050000000163,BACKFILL_AUTO
2026-07-11 12:53:46,1783774426,R_75,54868.7429,1,21.574099999997998,BACKFILL_AUTO
2026-07-11 12:53:48,1783774428,R_75,54872.0182,1,3.2753000000011525,BACKFILL_AUTO
2026-07-11 12:53:50,1783774430,R_75,54871.8611,-1,0.1570999999967171,BACKFILL_AUTO
2026-07-11 12:53:52,1783774432,R_75,54877.122,1,5.260900000001129,BACKFILL_AUTO
2026-07-11 12:53:54,1783774434,R_75,54871.5063,-1,5.615700000002107,BACKFILL_AUTO
2026-07-11 12:53:56,1783774436,R_75,54883.3342,1,11.827899999996589,BACKFILL_AUTO
2026-07-11 12:53:58,1783774438,R_75,54870.587,-1,12.747199999997974,BACKFILL_AUTO
2026-07-11 12:54:00,1783774440,R_75,54881.6929,1,11.105900000002293,BACKFILL_AUTO
2026-07-11 12:54:02,1783774442,R_75,54905.6288,1,23.935899999996764,BACKFILL_AUTO
2026-07-11 12:54:04,1783774444,R_75,54902.4724,-1,3.1563999999998487,BACKFILL_AUTO
2026-07-11 12:54:06,1783774446,R_75,54906.7751,1,4.302700000000186,BACKFILL_AUTO
2026-07-11 12:54:08,1783774448,R_75,54910.0412,1,3.2661000000007334,BACKFILL_AUTO
2026-07-11 12:54:10,1783774450,R_75,54920.8807,1,10.839500000001863,BACKFILL_AUTO
2026-07-11 12:54:12,1783774452,R_75,54927.0792,1,6.198499999998603,BACKFILL_AUTO
2026-07-11 12:54:14,1783774454,R_75,54929.2405,1,2.1612999999997555,BACKFILL_AUTO
2026-07-11 12:54:16,1783774456,R_75,54907.5057,-1,21.73479999999836,BACKFILL_AUTO
2026-07-11 12:54:18,1783774458,R_75,54909.5128,1,2.007099999995262,BACKFILL_AUTO
2026-07-11 12:54:20,1783774460,R_75,54894.2666,-1,15.246199999994133,BACKFILL_AUTO
2026-07-11 12:54:22,1783774462,R_75,54885.3065,-1,8.960100000003877,BACKFILL_AUTO
2026-07-11 12:54:24,1783774464,R_75,54890.0534,1,4.746899999998277,BACKFILL_AUTO
2026-07-11 12:54:26,1783774466,R_75,54853.7709,-1,36.28249999999389,BACKFILL_AUTO
2026-07-11 12:54:28,1783774468,R_75,54852.2663,-1,1.5046000000002095,BACKFILL_AUTO
2026-07-11 12:54:30,1783774470,R_75,54836.2695,-1,15.996800000000803,BACKFILL_AUTO
2026-07-11 12:54:32,1783774472,R_75,54857.0103,1,20.74079999999958,BACKFILL_AUTO
2026-07-11 12:54:34,1783774474,R_75,54882.201,1,25.190699999999197,BACKFILL_AUTO
2026-07-11 12:54:36,1783774476,R_75,54876.8763,-1,5.324699999997392,BACKFILL_AUTO
2026-07-11 12:54:38,1783774478,R_75,54882.1589,1,5.282599999998638,BACKFILL_AUTO
2026-07-11 12:54:40,1783774480,R_75,54884.1404,1,1.981499999994412,BACKFILL_AUTO
2026-07-11 12:54:42,1783774482,R_75,54887.4701,1,3.329700000002049,BACKFILL_AUTO
2026-07-11 12:54:44,1783774484,R_75,54892.2167,1,4.74659999999858,BACKFILL_AUTO
2026-07-11 12:54:46,1783774486,R_75,54882.8819,-1,9.334799999996903,BACKFILL_AUTO
2026-07-11 12:54:48,1783774488,R_75,54893.4564,1,10.574500000002445,BACKFILL_AUTO
2026-07-11 12:54:50,1783774490,R_75,54905.6035,1,12.14709999999468,BACKFILL_AUTO
2026-07-11 12:54:52,1783774492,R_75,54887.1634,-1,18.440099999999802,BACKFILL_AUTO
2026-07-11 12:54:54,1783774494,R_75,54868.2821,-1,18.88130000000092,BACKFILL_AUTO
2026-07-11 12:54:56,1783774496,R_75,54861.6958,-1,6.58629999999539,BACKFILL_AUTO
2026-07-11 12:54:58,1783774498,R_75,54861.4822,-1,0.21360000000277068,BACKFILL_AUTO
2026-07-11 12:55:00,1783774500,R_75,54879.1115,1,17.629300000000512,BACKFILL_AUTO
2026-07-11 12:55:02,1783774502,R_75,54876.1332,-1,2.9783000000024913,BACKFILL_AUTO
2026-07-11 12:55:04,1783774504,R_75,54879.7363,1,3.6031000000002678,BACKFILL_AUTO
2026-07-11 12:55:06,1783774506,R_75,54892.7493,1,13.013000000006286,BACKFILL_AUTO
2026-07-11 12:55:08,1783774508,R_75,54896.6803,1,3.930999999996857,BACKFILL_AUTO
2026-07-11 12:55:10,1783774510,R_75,54904.7841,1,8.103799999997136,BACKFILL_AUTO
2026-07-11 12:55:12,1783774512,R_75,54888.1805,-1,16.603599999994913,BACKFILL_AUTO
2026-07-11 12:55:14,1783774514,R_75,54879.1499,-1,9.030600000005506,BACKFILL_AUTO
2026-07-11 12:55:16,1783774516,R_75,54871.8701,-1,7.279799999996612,BACKFILL_AUTO
2026-07-11 12:55:18,1783774518,R_75,54863.7073,-1,8.162799999998242,BACKFILL_AUTO
2026-07-11 12:55:20,1783774520,R_75,54849.0356,-1,14.671699999998964,BACKFILL_AUTO
2026-07-11 12:55:22,1783774522,R_75,54852.0585,1,3.022899999996298,BACKFILL_AUTO
2026-07-11 12:55:24,1783774524,R_75,54861.3904,1,9.331899999997404,BACKFILL_AUTO
2026-07-11 12:55:26,1783774526,R_75,54867.6288,1,6.238400000002002,BACKFILL_AUTO
2026-07-11 12:55:28,1783774528,R_75,54885.4696,1,17.840799999998126,BACKFILL_AUTO
2026-07-11 12:55:30,1783774530,R_75,54866.9407,-1,18.52889999999752,BACKFILL_AUTO
2026-07-11 12:55:32,1783774532,R_75,54863.3891,-1,3.5515999999988708,BACKFILL_AUTO
2026-07-11 12:55:34,1783774534,R_75,54860.6516,-1,2.7375000000029104,BACKFILL_AUTO
2026-07-11 12:55:36,1783774536,R_75,54860.2919,-1,0.35970000000088476,BACKFILL_AUTO
2026-07-11 12:55:38,1783774538,R_75,54865.3136,1,5.021700000004785,BACKFILL_AUTO
2026-07-11 12:55:40,1783774540,R_75,54863.2721,-1,2.0414999999993597,BACKFILL_AUTO
2026-07-11 12:55:42,1783774542,R_75,54864.0915,1,0.8194000000003143,BACKFILL_AUTO
2026-07-11 12:55:44,1783774544,R_75,54869.0152,1,4.923699999999371,BACKFILL_AUTO
2026-07-11 12:55:46,1783774546,R_75,54865.3707,-1,3.6445000000021537,BACKFILL_AUTO
2026-07-11 12:55:48,1783774548,R_75,54869.6386,1,4.267899999998917,BACKFILL_AUTO
2026-07-11 12:55:50,1783774550,R_75,54858.4817,-1,11.15690000000177,BACKFILL_AUTO
2026-07-11 12:55:52,1783774552,R_75,54837.5558,-1,20.925899999994726,BACKFILL_AUTO
2026-07-11 12:55:54,1783774554,R_75,54834.4804,-1,3.0754000000015367,BACKFILL_AUTO
2026-07-11 12:55:56,1783774556,R_75,54834.8318,1,0.3513999999995576,BACKFILL_AUTO
2026-07-11 12:55:58,1783774558,R_75,54836.6839,1,1.852100000003702,BACKFILL_AUTO
2026-07-11 12:56:00,1783774560,R_75,54833.7382,-1,2.9457000000038533,BACKFILL_AUTO
2026-07-11 12:56:02,1783774562,R_75,54844.6642,1,10.925999999999476,BACKFILL_AUTO
2026-07-11 12:56:04,1783774564,R_75,54851.4383,1,6.774100000002363,BACKFILL_AUTO
2026-07-11 12:56:06,1783774566,R_75,54864.4849,1,13.04660000000149,BACKFILL_AUTO
2026-07-11 12:56:08,1783774568,R_75,54877.4882,1,13.00329999999667,BACKFILL_AUTO
2026-07-11 12:56:10,1783774570,R_75,54854.8908,-1,22.597399999998743,BACKFILL_AUTO
2026-07-11 12:56:12,1783774572,R_75,54851.8823,-1,3.0085000000035507,BACKFILL_AUTO
2026-07-11 12:56:14,1783774574,R_75,54854.6389,1,2.756600000000617,BACKFILL_AUTO
2026-07-11 12:56:16,1783774576,R_75,54851.1395,-1,3.4994000000006054,BACKFILL_AUTO
2026-07-11 12:56:18,1783774578,R_75,54846.8796,-1,4.2598999999972875,BACKFILL_AUTO
2026-07-11 12:56:20,1783774580,R_75,54855.1177,1,8.238100000002305,BACKFILL_AUTO
2026-07-11 12:56:22,1783774582,R_75,54851.7351,-1,3.3826000000044587,BACKFILL_AUTO
2026-07-11 12:56:24,1783774584,R_75,54850.9504,-1,0.7846999999965192,BACKFILL_AUTO
2026-07-11 12:56:26,1783774586,R_75,54852.3147,1,1.3643000000010943,BACKFILL_AUTO
2026-07-11 12:56:28,1783774588,R_75,54865.5726,1,13.25789999999688,BACKFILL_AUTO
2026-07-11 12:56:30,1783774590,R_75,54892.4496,1,26.877000000000407,BACKFILL_AUTO
2026-07-11 12:56:32,1783774592,R_75,54891.2267,-1,1.2229000000006636,BACKFILL_AUTO
2026-07-11 12:56:34,1783774594,R_75,54882.1875,-1,9.039199999999255,BACKFILL_AUTO
2026-07-11 12:56:36,1783774596,R_75,54906.3843,1,24.196799999997893,BACKFILL_AUTO
2026-07-11 12:56:38,1783774598,R_75,54908.4515,1,2.0672000000049593,BACKFILL_AUTO
2026-07-11 12:56:40,1783774600,R_75,54929.0068,1,20.55529999999999,BACKFILL_AUTO
2026-07-11 12:56:42,1783774602,R_75,54930.2069,1,1.2000999999945634,BACKFILL_AUTO
2026-07-11 12:56:44,1783774604,R_75,54934.9244,1,4.717500000006112,BACKFILL_AUTO
2026-07-11 12:56:46,1783774606,R_75,54938.7647,1,3.840299999996205,BACKFILL_AUTO
2026-07-11 12:56:48,1783774608,R_75,54946.5716,1,7.806900000003225,BACKFILL_AUTO
2026-07-11 12:56:50,1783774610,R_75,54942.4878,-1,4.083800000000338,BACKFILL_AUTO
2026-07-11 12:56:52,1783774612,R_75,54944.0309,1,1.54309999999532,BACKFILL_AUTO
2026-07-11 12:56:54,1783774614,R_75,54951.0664,1,7.035500000005413,BACKFILL_AUTO
2026-07-11 12:56:56,1783774616,R_75,54942.6554,-1,8.411000000000058,BACKFILL_AUTO
2026-07-11 12:56:58,1783774618,R_75,54949.8232,1,7.167799999995623,BACKFILL_AUTO
2026-07-11 12:57:00,1783774620,R_75,54949.2033,-1,0.6198999999978696,BACKFILL_AUTO
2026-07-11 12:57:02,1783774622,R_75,54945.4507,-1,3.752599999999802,BACKFILL_AUTO
2026-07-11 12:57:04,1783774624,R_75,54935.0515,-1,10.399199999999837,BACKFILL_AUTO
2026-07-11 12:57:06,1783774626,R_75,54924.66,-1,10.391499999997905,BACKFILL_AUTO
2026-07-11 12:57:08,1783774628,R_75,54918.4624,-1,6.197600000006787,BACKFILL_AUTO
2026-07-11 12:57:10,1783774630,R_75,54909.3062,-1,9.156199999997625,BACKFILL_AUTO
2026-07-11 12:57:12,1783774632,R_75,54896.6305,-1,12.675699999999779,BACKFILL_AUTO
2026-07-11 12:57:14,1783774634,R_75,54908.8719,1,12.241399999998976,BACKFILL_AUTO
2026-07-11 12:57:16,1783774636,R_75,54893.7458,-1,15.126100000001315,BACKFILL_AUTO
2026-07-11 12:57:18,1783774638,R_75,54890.4603,-1,3.2854999999981374,BACKFILL_AUTO
2026-07-11 12:57:20,1783774640,R_75,54891.0317,1,0.5714000000007218,BACKFILL_AUTO
2026-07-11 12:57:22,1783774642,R_75,54878.1429,-1,12.888800000000629,BACKFILL_AUTO
2026-07-11 12:57:24,1783774644,R_75,54884.6386,1,6.495699999999488,BACKFILL_AUTO
2026-07-11 12:57:26,1783774646,R_75,54864.6554,-1,19.983199999995122,BACKFILL_AUTO
2026-07-11 12:57:28,1783774648,R_75,54854.0617,-1,10.593700000004901,BACKFILL_AUTO
2026-07-11 12:57:30,1783774650,R_75,54846.6656,-1,7.396099999998114,BACKFILL_AUTO
2026-07-11 12:57:32,1783774652,R_75,54848.9422,1,2.2765999999974156,BACKFILL_AUTO
2026-07-11 12:57:34,1783774654,R_75,54844.3216,-1,4.620599999994738,BACKFILL_AUTO
2026-07-11 12:57:36,1783774656,R_75,54837.2047,-1,7.116900000000896,BACKFILL_AUTO
2026-07-11 12:57:38,1783774658,R_75,54840.5769,1,3.3721999999979744,BACKFILL_AUTO
2026-07-11 12:57:40,1783774660,R_75,54836.3562,-1,4.220699999998033,BACKFILL_AUTO
2026-07-11 12:57:42,1783774662,R_75,54843.5975,1,7.241300000001502,BACKFILL_AUTO
2026-07-11 12:57:44,1783774664,R_75,54827.6098,-1,15.987700000005134,BACKFILL_AUTO
2026-07-11 12:57:46,1783774666,R_75,54837.4727,1,9.862900000000081,BACKFILL_AUTO
2026-07-11 12:57:48,1783774668,R_75,54834.7021,-1,2.770599999996193,BACKFILL_AUTO
2026-07-11 12:57:50,1783774670,R_75,54833.62,-1,1.0820999999996275,BACKFILL_AUTO
2026-07-11 12:57:52,1783774672,R_75,54826.0575,-1,7.5625,BACKFILL_AUTO
2026-07-11 12:57:54,1783774674,R_75,54826.0424,-1,0.015100000004167669,BACKFILL_AUTO
2026-07-11 12:57:56,1783774676,R_75,54811.6255,-1,14.41689999999653,BACKFILL_AUTO
2026-07-11 12:57:58,1783774678,R_75,54807.6243,-1,4.001199999998789,BACKFILL_AUTO
2026-07-11 12:58:00,1783774680,R_75,54801.2157,-1,6.40860000000248,BACKFILL_AUTO
2026-07-11 12:58:02,1783774682,R_75,54802.8981,1,1.6823999999978696,BACKFILL_AUTO
2026-07-11 12:58:04,1783774684,R_75,54801.0759,-1,1.822199999995064,BACKFILL_AUTO
2026-07-11 12:58:06,1783774686,R_75,54805.7581,1,4.682199999995646,BACKFILL_AUTO
2026-07-11 12:58:08,1783774688,R_75,54814.9581,1,9.200000000004366,BACKFILL_AUTO
2026-07-11 12:58:10,1783774690,R_75,54826.4353,1,11.4771999999939,BACKFILL_AUTO
2026-07-11 12:58:12,1783774692,R_75,54821.0444,-1,5.39089999999851,BACKFILL_AUTO
2026-07-11 12:58:14,1783774694,R_75,54820.9989,-1,0.04550000000017462,BACKFILL_AUTO
2026-07-11 12:58:16,1783774696,R_75,54817.3572,-1,3.641700000000128,BACKFILL_AUTO
2026-07-11 12:58:18,1783774698,R_75,54813.2795,-1,4.0777000000016415,BACKFILL_AUTO
2026-07-11 12:58:20,1783774700,R_75,54804.457,-1,8.822499999994761,BACKFILL_AUTO
2026-07-11 12:58:22,1783774702,R_75,54806.1783,1,1.7212999999974272,BACKFILL_AUTO
2026-07-11 12:58:24,1783774704,R_75,54797.8562,-1,8.32209999999759,BACKFILL_AUTO
2026-07-11 12:58:26,1783774706,R_75,54791.6748,-1,6.181400000001304,BACKFILL_AUTO
2026-07-11 12:58:28,1783774708,R_75,54820.9751,1,29.300300000002608,BACKFILL_AUTO
2026-07-11 12:58:30,1783774710,R_75,54813.3853,-1,7.58980000000156,BACKFILL_AUTO
2026-07-11 12:58:32,1783774712,R_75,54809.2424,-1,4.142899999998917,BACKFILL_AUTO
2026-07-11 12:58:34,1783774714,R_75,54810.8564,1,1.613999999994121,BACKFILL_AUTO
2026-07-11 12:58:36,1783774716,R_75,54814.7638,1,3.9074000000036904,BACKFILL_AUTO
2026-07-11 12:58:38,1783774718,R_75,54824.1875,1,9.423699999999371,BACKFILL_AUTO
2026-07-11 12:58:40,1783774720,R_75,54815.159,-1,9.02850000000035,BACKFILL_AUTO
2026-07-11 12:58:42,1783774722,R_75,54800.8086,-1,14.350400000002992,BACKFILL_AUTO
2026-07-11 12:58:44,1783774724,R_75,54797.8911,-1,2.9174999999959255,BACKFILL_AUTO
2026-07-11 12:58:46,1783774726,R_75,54799.2941,1,1.4029999999984284,BACKFILL_AUTO
2026-07-11 12:58:48,1783774728,R_75,54799.3794,1,0.0852999999988242,BACKFILL_AUTO
2026-07-11 12:58:50,1783774730,R_75,54787.1552,-1,12.224199999996927,BACKFILL_AUTO
2026-07-11 12:58:52,1783774732,R_75,54788.0064,1,0.8511999999973341,BACKFILL_AUTO
2026-07-11 12:58:54,1783774734,R_75,54790.6808,1,2.6744000000035157,BACKFILL_AUTO
2026-07-11 12:58:56,1783774736,R_75,54783.6233,-1,7.057500000002619,BACKFILL_AUTO
2026-07-11 12:58:58,1783774738,R_75,54769.4382,-1,14.185100000002421,BACKFILL_AUTO
2026-07-11 12:59:00,1783774740,R_75,54779.1401,1,9.701900000000023,BACKFILL_AUTO
2026-07-11 12:59:02,1783774742,R_75,54790.326,1,11.18590000000404,BACKFILL_AUTO
2026-07-11 12:59:04,1783774744,R_75,54793.3427,1,3.016700000000128,BACKFILL_AUTO
2026-07-11 12:59:06,1783774746,R_75,54781.5568,-1,11.785900000002584,BACKFILL_AUTO
2026-07-11 12:59:08,1783774748,R_75,54768.322,-1,13.234799999998359,BACKFILL_AUTO
2026-07-11 12:59:10,1783774750,R_75,54781.5733,1,13.251299999996263,BACKFILL_AUTO
2026-07-11 12:59:12,1783774752,R_75,54770.2362,-1,11.337099999997008,BACKFILL_AUTO
2026-07-11 12:59:14,1783774754,R_75,54761.715,-1,8.521200000002864,BACKFILL_AUTO
2026-07-11 12:59:16,1783774756,R_75,54761.4228,-1,0.29219999999622814,BACKFILL_AUTO
2026-07-11 12:59:18,1783774758,R_75,54782.1632,1,20.74040000000241,BACKFILL_AUTO
2026-07-11 12:59:20,1783774760,R_75,54759.4057,-1,22.75749999999971,BACKFILL_AUTO
2026-07-11 12:59:22,1783774762,R_75,54749.1189,-1,10.286800000001676,BACKFILL_AUTO
2026-07-11 12:59:24,1783774764,R_75,54743.1067,-1,6.012200000004668,BACKFILL_AUTO
2026-07-11 12:59:26,1783774766,R_75,54751.0659,1,7.959200000004785,BACKFILL_AUTO
2026-07-11 12:59:28,1783774768,R_75,54762.105,1,11.039100000001781,BACKFILL_AUTO
2026-07-11 12:59:30,1783774770,R_75,54770.6948,1,8.589799999994284,BACKFILL_AUTO
2026-07-11 12:59:32,1783774772,R_75,54773.04,1,2.3452000000033877,BACKFILL_AUTO
2026-07-11 12:59:34,1783774774,R_75,54768.2925,-1,4.747499999997672,BACKFILL_AUTO
2026-07-11 12:59:36,1783774776,R_75,54779.9261,1,11.633599999993748,BACKFILL_AUTO
2026-07-11 12:59:38,1783774778,R_75,54771.1422,-1,8.783899999994901,BACKFILL_AUTO
2026-07-11 12:59:40,1783774780,R_75,54764.0367,-1,7.105500000005122,BACKFILL_AUTO
2026-07-11 12:59:42,1783774782,R_75,54774.3071,1,10.270400000001246,BACKFILL_AUTO
2026-07-11 12:59:44,1783774784,R_75,54763.7049,-1,10.602200000001176,BACKFILL_AUTO
2026-07-11 12:59:46,1783774786,R_75,54759.4619,-1,4.242999999994936,BACKFILL_AUTO
2026-07-11 12:59:48,1783774788,R_75,54754.3275,-1,5.134400000002643,BACKFILL_AUTO
2026-07-11 12:59:50,1783774790,R_75,54755.9538,1,1.626300000003539,BACKFILL_AUTO
2026-07-11 12:59:52,1783774792,R_75,54743.9403,-1,12.013500000000931,BACKFILL_AUTO
2026-07-11 12:59:54,1783774794,R_75,54741.082,-1,2.858299999999872,BACKFILL_AUTO
2026-07-11 12:59:56,1783774796,R_75,54742.6506,1,1.5685999999986961,BACKFILL_AUTO
2026-07-11 12:59:58,1783774798,R_75,54731.0128,-1,11.637800000004063,BACKFILL_AUTO
2026-07-11 13:00:00,1783774800,R_75,54722.7428,-1,8.269999999996799,BACKFILL_AUTO
2026-07-11 13:00:02,1783774802,R_75,54739.4467,1,16.70390000000043,BACKFILL_AUTO
2026-07-11 13:00:04,1783774804,R_75,54722.9479,-1,16.49880000000121,BACKFILL_AUTO
2026-07-11 13:00:06,1783774806,R_75,54718.2741,-1,4.673799999996845,BACKFILL_AUTO
2026-07-11 13:00:08,1783774808,R_75,54723.2834,1,5.009299999997893,BACKFILL_AUTO
2026-07-11 13:00:10,1783774810,R_75,54732.9001,1,9.616699999998673,BACKFILL_AUTO
2026-07-11 13:00:12,1783774812,R_75,54733.0506,1,0.15050000000337604,BACKFILL_AUTO
2026-07-11 13:00:14,1783774814,R_75,54731.514,-1,1.5365999999994528,BACKFILL_AUTO
2026-07-11 13:00:16,1783774816,R_75,54723.297,-1,8.217000000004191,BACKFILL_AUTO
2026-07-11 13:00:18,1783774818,R_75,54707.8972,-1,15.399799999999232,BACKFILL_AUTO
2026-07-11 13:00:20,1783774820,R_75,54729.2489,1,21.351699999999255,BACKFILL_AUTO
2026-07-11 13:00:22,1783774822,R_75,54716.1115,-1,13.137399999999616,BACKFILL_AUTO
2026-07-11 13:00:24,1783774824,R_75,54726.5924,1,10.480900000002293,BACKFILL_AUTO
2026-07-11 13:00:26,1783774826,R_75,54738.2404,1,11.648000000001048,BACKFILL_AUTO
2026-07-11 13:00:28,1783774828,R_75,54728.4245,-1,9.81590000000142,BACKFILL_AUTO
2026-07-11 13:00:30,1783774830,R_75,54728.3442,-1,0.08030000000144355,BACKFILL_AUTO
2026-07-11 13:00:32,1783774832,R_75,54720.809,-1,7.53519999999844,BACKFILL_AUTO
2026-07-11 13:00:34,1783774834,R_75,54713.7844,-1,7.024600000004284,BACKFILL_AUTO
2026-07-11 13:00:36,1783774836,R_75,54699.1328,-1,14.651599999997416,BACKFILL_AUTO
2026-07-11 13:00:38,1783774838,R_75,54687.6711,-1,11.461699999999837,BACKFILL_AUTO
2026-07-11 13:00:40,1783774840,R_75,54684.3051,-1,3.3660000000018044,BACKFILL_AUTO
2026-07-11 13:00:42,1783774842,R_75,54686.6716,1,2.3665000000037253,BACKFILL_AUTO
2026-07-11 13:00:44,1783774844,R_75,54704.3232,1,17.651599999997416,BACKFILL_AUTO
2026-07-11 13:00:46,1783774846,R_75,54699.8595,-1,4.4637000000002445,BACKFILL_AUTO
2026-07-11 13:00:48,1783774848,R_75,54698.0134,-1,1.8460999999952037,BACKFILL_AUTO
2026-07-11 13:00:50,1783774850,R_75,54706.939,1,8.925599999995029,BACKFILL_AUTO
2026-07-11 13:00:52,1783774852,R_75,54698.2386,-1,8.700400000001537,BACKFILL_AUTO
2026-07-11 13:00:54,1783774854,R_75,54685.0622,-1,13.176399999996647,BACKFILL_AUTO
2026-07-11 13:00:56,1783774856,R_75,54704.359,1,19.296799999996438,BACKFILL_AUTO
2026-07-11 13:00:58,1783774858,R_75,54695.4044,-1,8.9545999999973,BACKFILL_AUTO
2026-07-11 13:01:00,1783774860,R_75,54687.5009,-1,7.903500000000349,BACKFILL_AUTO
2026-07-11 13:01:02,1783774862,R_75,54688.061,1,0.5601000000024214,BACKFILL_AUTO
2026-07-11 13:01:04,1783774864,R_75,54679.653,-1,8.408000000003085,BACKFILL_AUTO
2026-07-11 13:01:06,1783774866,R_75,54688.2804,1,8.627400000004855,BACKFILL_AUTO
2026-07-11 13:01:08,1783774868,R_75,54708.5984,1,20.3179999999993,BACKFILL_AUTO
2026-07-11 13:01:10,1783774870,R_75,54719.2435,1,10.645099999994272,BACKFILL_AUTO
2026-07-11 13:01:12,1783774872,R_75,54738.4437,1,19.20020000000659,BACKFILL_AUTO
2026-07-11 13:01:14,1783774874,R_75,54742.5841,1,4.140399999996589,BACKFILL_AUTO
2026-07-11 13:01:16,1783774876,R_75,54733.8549,-1,8.729200000001583,BACKFILL_AUTO
2026-07-11 13:01:18,1783774878,R_75,54745.0695,1,11.214599999999336,BACKFILL_AUTO
2026-07-11 13:01:20,1783774880,R_75,54747.4804,1,2.4109000000025844,BACKFILL_AUTO
2026-07-11 13:01:22,1783774882,R_75,54733.6755,-1,13.804900000002817,BACKFILL_AUTO
2026-07-11 13:01:24,1783774884,R_75,54727.0988,-1,6.5766999999978,BACKFILL_AUTO
2026-07-11 13:01:26,1783774886,R_75,54736.594,1,9.495199999997567,BACKFILL_AUTO
2026-07-11 13:01:28,1783774888,R_75,54746.5857,1,9.991700000005949,BACKFILL_AUTO
2026-07-11 13:01:30,1783774890,R_75,54741.4802,-1,5.105500000005122,BACKFILL_AUTO
2026-07-11 13:01:32,1783774892,R_75,54752.8245,1,11.344300000004296,BACKFILL_AUTO
2026-07-11 13:01:34,1783774894,R_75,54759.4158,1,6.591300000000047,BACKFILL_AUTO
2026-07-11 13:01:36,1783774896,R_75,54762.911,1,3.495199999997567,BACKFILL_AUTO
2026-07-11 13:01:38,1783774898,R_75,54752.745,-1,10.165999999997439,BACKFILL_AUTO
2026-07-11 13:01:40,1783774900,R_75,54754.6994,1,1.9543999999950756,BACKFILL_AUTO
2026-07-11 13:01:42,1783774902,R_75,54764.8597,1,10.16030000000319,BACKFILL_AUTO
2026-07-11 13:01:44,1783774904,R_75,54770.6924,1,5.832699999999022,BACKFILL_AUTO
2026-07-11 13:01:46,1783774906,R_75,54766.6746,-1,4.0178000000014435,BACKFILL_AUTO
2026-07-11 13:01:48,1783774908,R_75,54757.4368,-1,9.237799999995332,BACKFILL_AUTO
2026-07-11 13:01:50,1783774910,R_75,54747.7305,-1,9.706300000005285,BACKFILL_AUTO
2026-07-11 13:01:52,1783774912,R_75,54757.8335,1,10.103000000002794,BACKFILL_AUTO
2026-07-11 13:01:54,1783774914,R_75,54748.3638,-1,9.469700000001467,BACKFILL_AUTO
2026-07-11 13:01:56,1783774916,R_75,54758.4963,1,10.132499999999709,BACKFILL_AUTO
2026-07-11 13:01:58,1783774918,R_75,54764.1951,1,5.6987999999983,BACKFILL_AUTO
2026-07-11 13:02:00,1783774920,R_75,54760.7332,-1,3.4618999999947846,BACKFILL_AUTO
2026-07-11 13:02:02,1783774922,R_75,54757.4132,-1,3.319999999999709,BACKFILL_AUTO
2026-07-11 13:02:04,1783774924,R_75,54748.472,-1,8.941200000001118,BACKFILL_AUTO
2026-07-11 13:02:06,1783774926,R_75,54746.2726,-1,2.199400000004971,BACKFILL_AUTO
2026-07-11 13:02:08,1783774928,R_75,54735.8512,-1,10.421399999999267,BACKFILL_AUTO
2026-07-11 13:02:10,1783774930,R_75,54726.2655,-1,9.585699999995995,BACKFILL_AUTO
2026-07-11 13:02:12,1783774932,R_75,54741.9214,1,15.655899999997928,BACKFILL_AUTO
2026-07-11 13:02:14,1783774934,R_75,54746.8325,1,4.911099999997532,BACKFILL_AUTO
2026-07-11 13:02:16,1783774936,R_75,54751.4158,1,4.583300000005693,BACKFILL_AUTO
2026-07-11 13:02:18,1783774938,R_75,54770.4939,1,19.078099999998813,BACKFILL_AUTO
2026-07-11 13:02:20,1783774940,R_75,54757.382,-1,13.111900000003516,BACKFILL_AUTO
2026-07-11 13:02:22,1783774942,R_75,54773.1065,1,15.7245000000039,BACKFILL_AUTO
2026-07-11 13:02:24,1783774944,R_75,54789.8553,1,16.74880000000121,BACKFILL_AUTO
2026-07-11 13:02:26,1783774946,R_75,54777.4673,-1,12.388000000006286,BACKFILL_AUTO
2026-07-11 13:02:28,1783774948,R_75,54788.3637,1,10.896400000005087,BACKFILL_AUTO
2026-07-11 13:02:30,1783774950,R_75,54776.8605,-1,11.503199999999197,BACKFILL_AUTO
2026-07-11 13:02:32,1783774952,R_75,54788.4168,1,11.556299999996554,BACKFILL_AUTO
2026-07-11 13:02:34,1783774954,R_75,54806.5429,1,18.126100000001315,BACKFILL_AUTO
2026-07-11 13:02:36,1783774956,R_75,54804.092,-1,2.4509000000034575,BACKFILL_AUTO
2026-07-11 13:02:38,1783774958,R_75,54804.4879,1,0.3959000000031665,BACKFILL_AUTO
2026-07-11 13:02:40,1783774960,R_75,54817.6828,1,13.194900000002235,BACKFILL_AUTO
2026-07-11 13:02:42,1783774962,R_75,54815.5402,-1,2.14259999999922,BACKFILL_AUTO
2026-07-11 13:02:44,1783774964,R_75,54807.2974,-1,8.242799999999988,BACKFILL_AUTO
2026-07-11 13:02:46,1783774966,R_75,54811.2056,1,3.9081999999980326,BACKFILL_AUTO
2026-07-11 13:02:48,1783774968,R_75,54825.2737,1,14.068099999996775,BACKFILL_AUTO
2026-07-11 13:02:50,1783774970,R_75,54853.3476,1,28.07390000000305,BACKFILL_AUTO
2026-07-11 13:02:52,1783774972,R_75,54846.4059,-1,6.941700000003038,BACKFILL_AUTO
2026-07-11 13:02:54,1783774974,R_75,54843.1985,-1,3.207399999999325,BACKFILL_AUTO
2026-07-11 13:02:56,1783774976,R_75,54844.1241,1,0.925600000002305,BACKFILL_AUTO
2026-07-11 13:02:58,1783774978,R_75,54842.1574,-1,1.9667000000044936,BACKFILL_AUTO
2026-07-11 13:03:00,1783774980,R_75,54842.588,1,0.43060000000696164,BACKFILL_AUTO
2026-07-11 13:03:02,1783774982,R_75,54834.3959,-1,8.19210000000021,BACKFILL_AUTO
2026-07-11 13:03:04,1783774984,R_75,54829.5312,-1,4.864700000005541,BACKFILL_AUTO
2026-07-11 13:03:06,1783774986,R_75,54834.6445,1,5.113300000004529,BACKFILL_AUTO
2026-07-11 13:03:08,1783774988,R_75,54831.6273,-1,3.017200000002049,BACKFILL_AUTO
2026-07-11 13:03:10,1783774990,R_75,54828.9804,-1,2.6468999999997322,BACKFILL_AUTO
2026-07-11 13:03:12,1783774992,R_75,54820.8042,-1,8.1762000000017,BACKFILL_AUTO
2026-07-11 13:03:14,1783774994,R_75,54812.8316,-1,7.972600000000966,BACKFILL_AUTO
2026-07-11 13:03:16,1783774996,R_75,54803.6708,-1,9.160799999997835,BACKFILL_AUTO
2026-07-11 13:03:18,1783774998,R_75,54804.1533,1,0.48249999999825377,BACKFILL_AUTO
2026-07-11 13:03:20,1783775000,R_75,54808.0956,1,3.942300000002433,BACKFILL_AUTO
2026-07-11 13:03:22,1783775002,R_75,54812.2766,1,4.180999999996857,BACKFILL_AUTO
2026-07-11 13:03:24,1783775004,R_75,54809.1063,-1,3.170299999997951,BACKFILL_AUTO
2026-07-11 13:03:26,1783775006,R_75,54824.3571,1,15.250800000001618,BACKFILL_AUTO
2026-07-11 13:03:28,1783775008,R_75,54834.9214,1,10.564299999998184,BACKFILL_AUTO
2026-07-11 13:03:30,1783775010,R_75,54823.1921,-1,11.729299999999057,BACKFILL_AUTO
2026-07-11 13:03:32,1783775012,R_75,54826.7096,1,3.5175000000017462,BACKFILL_AUTO
2026-07-11 13:03:34,1783775014,R_75,54826.3492,-1,0.36040000000502914,BACKFILL_AUTO
2026-07-11 13:03:36,1783775016,R_75,54816.8231,-1,9.526099999995495,BACKFILL_AUTO
2026-07-11 13:03:38,1783775018,R_75,54824.2107,1,7.387600000001839,BACKFILL_AUTO
2026-07-11 13:03:40,1783775020,R_75,54831.6177,1,7.406999999999243,BACKFILL_AUTO
2026-07-11 13:03:42,1783775022,R_75,54838.0161,1,6.398399999998219,BACKFILL_AUTO
2026-07-11 13:03:44,1783775024,R_75,54831.4956,-1,6.520499999998719,BACKFILL_AUTO
2026-07-11 13:03:46,1783775026,R_75,54824.9681,-1,6.5275000000037835,BACKFILL_AUTO
2026-07-11 13:03:48,1783775028,R_75,54835.2164,1,10.24829999999929,BACKFILL_AUTO
2026-07-11 13:03:50,1783775030,R_75,54846.628,1,11.411599999999453,BACKFILL_AUTO
2026-07-11 13:03:52,1783775032,R_75,54830.8036,-1,15.824399999997695,BACKFILL_AUTO
2026-07-11 13:03:54,1783775034,R_75,54842.2556,1,11.451999999997497,BACKFILL_AUTO
2026-07-11 13:03:56,1783775036,R_75,54847.2079,1,4.95230000000447,BACKFILL_AUTO
2026-07-11 13:03:58,1783775038,R_75,54852.3488,1,5.14089999999851,BACKFILL_AUTO
2026-07-11 13:04:00,1783775040,R_75,54850.8599,-1,1.4888999999966472,BACKFILL_AUTO
2026-07-11 13:04:02,1783775042,R_75,54836.0676,-1,14.792300000000978,BACKFILL_AUTO
2026-07-11 13:04:04,1783775044,R_75,54811.275,-1,24.792600000000675,BACKFILL_AUTO
2026-07-11 13:04:06,1783775046,R_75,54814.0144,1,2.739399999998568,BACKFILL_AUTO
2026-07-11 13:04:08,1783775048,R_75,54815.8453,1,1.8309000000008382,BACKFILL_AUTO
2026-07-11 13:04:10,1783775050,R_75,54815.8851,1,0.03979999999864958,BACKFILL_AUTO
2026-07-11 13:04:12,1783775052,R_75,54816.4851,1,0.5999999999985448,BACKFILL_AUTO
2026-07-11 13:04:14,1783775054,R_75,54809.4391,-1,7.0459999999948195,BACKFILL_AUTO
2026-07-11 13:04:16,1783775056,R_75,54800.7352,-1,8.70390000000043,BACKFILL_AUTO
2026-07-11 13:04:18,1783775058,R_75,54796.5603,-1,4.174900000005437,BACKFILL_AUTO
2026-07-11 13:04:20,1783775060,R_75,54799.4608,1,2.900500000003376,BACKFILL_AUTO
2026-07-11 13:04:22,1783775062,R_75,54804.3277,1,4.866900000000896,BACKFILL_AUTO
2026-07-11 13:04:24,1783775064,R_75,54791.738,-1,12.589700000004086,BACKFILL_AUTO
2026-07-11 13:04:26,1783775066,R_75,54797.1059,1,5.367900000004738,BACKFILL_AUTO
2026-07-11 13:04:28,1783775068,R_75,54787.8502,-1,9.255700000001525,BACKFILL_AUTO
2026-07-11 13:04:30,1783775070,R_75,54796.1346,1,8.284399999996822,BACKFILL_AUTO
2026-07-11 13:04:32,1783775072,R_75,54766.55,-1,29.58459999999468,BACKFILL_AUTO
2026-07-11 13:04:34,1783775074,R_75,54758.6119,-1,7.938099999999395,BACKFILL_AUTO
2026-07-11 13:04:36,1783775076,R_75,54774.5891,1,15.9771999999939,BACKFILL_AUTO
2026-07-11 13:04:38,1783775078,R_75,54770.3088,-1,4.280299999998533,BACKFILL_AUTO
2026-07-11 13:04:40,1783775080,R_75,54780.9745,1,10.665699999997742,BACKFILL_AUTO
2026-07-11 13:04:42,1783775082,R_75,54771.3575,-1,9.61699999999837,BACKFILL_AUTO
2026-07-11 13:04:44,1783775084,R_75,54778.0262,1,6.668700000001991,BACKFILL_AUTO
2026-07-11 13:04:46,1783775086,R_75,54780.5657,1,2.5394999999989523,BACKFILL_AUTO
2026-07-11 13:04:48,1783775088,R_75,54785.9522,1,5.386500000000524,BACKFILL_AUTO
2026-07-11 13:04:50,1783775090,R_75,54762.7582,-1,23.194000000003143,BACKFILL_AUTO
2026-07-11 13:04:52,1783775092,R_75,54771.4846,1,8.726400000006834,BACKFILL_AUTO
2026-07-11 13:04:54,1783775094,R_75,54763.9303,-1,7.554300000003423,BACKFILL_AUTO
2026-07-11 13:04:56,1783775096,R_75,54770.811,1,6.880700000001525,BACKFILL_AUTO
2026-07-11 13:04:58,1783775098,R_75,54773.1473,1,2.33629999999539,BACKFILL_AUTO
2026-07-11 13:05:00,1783775100,R_75,54776.9217,1,3.7744000000020606,BACKFILL_AUTO
2026-07-11 13:05:02,1783775102,R_75,54787.4752,1,10.553500000001804,BACKFILL_AUTO
2026-07-11 13:05:04,1783775104,R_75,54784.3618,-1,3.1134000000020023,BACKFILL_AUTO
2026-07-11 13:05:06,1783775106,R_75,54789.0926,1,4.73080000000482,BACKFILL_AUTO
2026-07-11 13:05:08,1783775108,R_75,54798.3129,1,9.220299999993586,BACKFILL_AUTO
2026-07-11 13:05:10,1783775110,R_75,54784.9752,-1,13.337699999996403,BACKFILL_AUTO
2026-07-11 13:05:12,1783775112,R_75,54782.2715,-1,2.703699999998207,BACKFILL_AUTO
2026-07-11 13:05:14,1783775114,R_75,54789.2299,1,6.9583999999958905,BACKFILL_AUTO
2026-07-11 13:05:16,1783775116,R_75,54790.924,1,1.694100000000617,BACKFILL_AUTO
2026-07-11 13:05:18,1783775118,R_75,54806.1388,1,15.21480000000156,BACKFILL_AUTO
2026-07-11 13:05:20,1783775120,R_75,54823.0191,1,16.880299999997078,BACKFILL_AUTO
2026-07-11 13:05:22,1783775122,R_75,54820.7029,-1,2.3162000000011176,BACKFILL_AUTO
2026-07-11 13:05:24,1783775124,R_75,54823.2115,1,2.5086000000010245,BACKFILL_AUTO
2026-07-11 13:05:26,1783775126,R_75,54811.0336,-1,12.177899999995134,BACKFILL_AUTO
2026-07-11 13:05:28,1783775128,R_75,54799.7106,-1,11.323000000003958,BACKFILL_AUTO
2026-07-11 13:05:30,1783775130,R_75,54808.4855,1,8.774900000003981,BACKFILL_AUTO
2026-07-11 13:05:32,1783775132,R_75,54801.8085,-1,6.677000000003318,BACKFILL_AUTO
2026-07-11 13:05:34,1783775134,R_75,54811.6444,1,9.835899999998219,BACKFILL_AUTO
2026-07-11 13:05:36,1783775136,R_75,54818.7721,1,7.127700000004552,BACKFILL_AUTO
2026-07-11 13:05:38,1783775138,R_75,54825.1628,1,6.390699999996286,BACKFILL_AUTO
2026-07-11 13:05:40,1783775140,R_75,54846.4287,1,21.26589999999851,BACKFILL_AUTO
2026-07-11 13:05:42,1783775142,R_75,54833.4488,-1,12.979899999998452,BACKFILL_AUTO
2026-07-11 13:05:44,1783775144,R_75,54847.7663,1,14.317500000004657,BACKFILL_AUTO
2026-07-11 13:05:46,1783775146,R_75,54857.9914,1,10.225099999996019,BACKFILL_AUTO
2026-07-11 13:05:48,1783775148,R_75,54872.9592,1,14.967799999998533,BACKFILL_AUTO
2026-07-11 13:05:50,1783775150,R_75,54891.7412,1,18.781999999999243,BACKFILL_AUTO
2026-07-11 13:05:52,1783775152,R_75,54893.4915,1,1.7502999999996973,BACKFILL_AUTO
2026-07-11 13:05:54,1783775154,R_75,54878.5911,-1,14.900399999998626,BACKFILL_AUTO
2026-07-11 13:05:56,1783775156,R_75,54873.3234,-1,5.267699999996694,BACKFILL_AUTO
2026-07-11 13:05:58,1783775158,R_75,54877.8715,1,4.548099999999977,BACKFILL_AUTO
2026-07-11 13:06:00,1783775160,R_75,54885.6477,1,7.7762000000002445,BACKFILL_AUTO
2026-07-11 13:06:02,1783775162,R_75,54864.432,-1,21.215700000000652,BACKFILL_AUTO
2026-07-11 13:06:04,1783775164,R_75,54888.2103,1,23.778299999998126,BACKFILL_AUTO
2026-07-11 13:06:06,1783775166,R_75,54895.2045,1,6.994200000001001,BACKFILL_AUTO
2026-07-11 13:06:08,1783775168,R_75,54909.4075,1,14.203000000001339,BACKFILL_AUTO
2026-07-11 13:06:10,1783775170,R_75,54897.4345,-1,11.972999999998137,BACKFILL_AUTO
2026-07-11 13:06:12,1783775172,R_75,54902.7729,1,5.338400000000547,BACKFILL_AUTO
2026-07-11 13:06:14,1783775174,R_75,54908.0991,1,5.326199999995879,BACKFILL_AUTO
2026-07-11 13:06:16,1783775176,R_75,54907.4438,-1,0.6552999999985332,BACKFILL_AUTO
2026-07-11 13:06:18,1783775178,R_75,54910.3754,1,2.9315999999962514,BACKFILL_AUTO
2026-07-11 13:06:20,1783775180,R_75,54920.1683,1,9.792900000000373,BACKFILL_AUTO
2026-07-11 13:06:22,1783775182,R_75,54913.5126,-1,6.655699999995704,BACKFILL_AUTO
2026-07-11 13:06:24,1783775184,R_75,54892.3472,-1,21.16540000000532,BACKFILL_AUTO
2026-07-11 13:06:26,1783775186,R_75,54881.0347,-1,11.3125,BACKFILL_AUTO
2026-07-11 13:06:28,1783775188,R_75,54890.9873,1,9.952600000004168,BACKFILL_AUTO
2026-07-11 13:06:30,1783775190,R_75,54894.7024,1,3.7151000000012573,BACKFILL_AUTO
2026-07-11 13:06:32,1783775192,R_75,54893.3227,-1,1.3797000000049593,BACKFILL_AUTO
2026-07-11 13:06:34,1783775194,R_75,54889.3691,-1,3.9535999999934575,BACKFILL_AUTO
2026-07-11 13:06:36,1783775196,R_75,54903.8389,1,14.46979999999894,BACKFILL_AUTO
2026-07-11 13:06:38,1783775198,R_75,54895.973,-1,7.865900000004331,BACKFILL_AUTO
2026-07-11 13:06:40,1783775200,R_75,54905.0309,1,9.05789999999979,BACKFILL_AUTO
2026-07-11 13:06:42,1783775202,R_75,54896.4937,-1,8.537199999998847,BACKFILL_AUTO
2026-07-11 13:06:44,1783775204,R_75,54893.4596,-1,3.0340999999971245,BACKFILL_AUTO
2026-07-11 13:06:46,1783775206,R_75,54891.4207,-1,2.0388999999995576,BACKFILL_AUTO
2026-07-11 13:06:48,1783775208,R_75,54889.3809,-1,2.0398000000059255,BACKFILL_AUTO
2026-07-11 13:06:50,1783775210,R_75,54878.4334,-1,10.947499999994761,BACKFILL_AUTO
2026-07-11 13:06:52,1783775212,R_75,54887.6898,1,9.256399999998393,BACKFILL_AUTO
2026-07-11 13:06:54,1783775214,R_75,54877.4303,-1,10.259500000000116,BACKFILL_AUTO
2026-07-11 13:06:56,1783775216,R_75,54880.2219,1,2.7915999999968335,BACKFILL_AUTO
2026-07-11 13:06:58,1783775218,R_75,54880.9564,1,0.7345000000059372,BACKFILL_AUTO
2026-07-11 13:07:00,1783775220,R_75,54864.8938,-1,16.06260000000475,BACKFILL_AUTO
2026-07-11 13:07:02,1783775222,R_75,54860.1557,-1,4.738099999995029,BACKFILL_AUTO
2026-07-11 13:07:04,1783775224,R_75,54858.4961,-1,1.6596000000063214,BACKFILL_AUTO
2026-07-11 13:07:06,1783775226,R_75,54871.37,1,12.87390000000596,BACKFILL_AUTO
2026-07-11 13:07:08,1783775228,R_75,54884.8031,1,13.433099999994738,BACKFILL_AUTO
2026-07-11 13:07:10,1783775230,R_75,54877.349,-1,7.454099999995378,BACKFILL_AUTO
2026-07-11 13:07:12,1783775232,R_75,54863.2796,-1,14.069400000000314,BACKFILL_AUTO
2026-07-11 13:07:14,1783775234,R_75,54866.7734,1,3.493799999996554,BACKFILL_AUTO
2026-07-11 13:07:16,1783775236,R_75,54885.0569,1,18.283500000005006,BACKFILL_AUTO
2026-07-11 13:07:18,1783775238,R_75,54869.8544,-1,15.202500000006694,BACKFILL_AUTO
2026-07-11 13:07:20,1783775240,R_75,54871.7198,1,1.8654000000024098,BACKFILL_AUTO
2026-07-11 13:07:22,1783775242,R_75,54859.1966,-1,12.523199999995995,BACKFILL_AUTO
2026-07-11 13:07:24,1783775244,R_75,54846.8485,-1,12.348100000002887,BACKFILL_AUTO
2026-07-11 13:07:26,1783775246,R_75,54841.0725,-1,5.775999999998021,BACKFILL_AUTO
2026-07-11 13:07:28,1783775248,R_75,54832.9835,-1,8.088999999999942,BACKFILL_AUTO
2026-07-11 13:07:30,1783775250,R_75,54822.4269,-1,10.556600000003527,BACKFILL_AUTO
2026-07-11 13:07:32,1783775252,R_75,54807.9082,-1,14.518700000000536,BACKFILL_AUTO
2026-07-11 13:07:34,1783775254,R_75,54799.4274,-1,8.480799999997544,BACKFILL_AUTO
2026-07-11 13:07:36,1783775256,R_75,54784.474,-1,14.95339999999851,BACKFILL_AUTO
2026-07-11 13:07:38,1783775258,R_75,54776.0169,-1,8.457099999999627,BACKFILL_AUTO
2026-07-11 13:07:40,1783775260,R_75,54773.863,-1,2.1539000000047963,BACKFILL_AUTO
2026-07-11 13:07:42,1783775262,R_75,54778.1685,1,4.305500000002212,BACKFILL_AUTO
2026-07-11 13:07:44,1783775264,R_75,54776.5436,-1,1.6249000000025262,BACKFILL_AUTO
2026-07-11 13:07:46,1783775266,R_75,54769.779,-1,6.764599999994971,BACKFILL_AUTO
2026-07-11 13:07:48,1783775268,R_75,54756.2483,-1,13.53070000000298,BACKFILL_AUTO
2026-07-11 13:07:50,1783775270,R_75,54756.4632,1,0.21489999999903375,BACKFILL_AUTO
2026-07-11 13:07:52,1783775272,R_75,54759.373,1,2.909800000001269,BACKFILL_AUTO
2026-07-11 13:07:54,1783775274,R_75,54758.0126,-1,1.3603999999977532,BACKFILL_AUTO
2026-07-11 13:07:56,1783775276,R_75,54775.5712,1,17.55859999999666,BACKFILL_AUTO
2026-07-11 13:07:58,1783775278,R_75,54768.1284,-1,7.442799999997078,BACKFILL_AUTO
2026-07-11 13:08:00,1783775280,R_75,54769.8297,1,1.7013000000006286,BACKFILL_AUTO
2026-07-11 13:08:02,1783775282,R_75,54778.1347,1,8.305000000000291,BACKFILL_AUTO
2026-07-11 13:08:04,1783775284,R_75,54778.8274,1,0.6926999999996042,BACKFILL_AUTO
2026-07-11 13:08:06,1783775286,R_75,54765.8756,-1,12.95180000000255,BACKFILL_AUTO
2026-07-11 13:08:08,1783775288,R_75,54772.2309,1,6.355300000002899,BACKFILL_AUTO
2026-07-11 13:08:10,1783775290,R_75,54791.0039,1,18.773000000001048,BACKFILL_AUTO
2026-07-11 13:08:12,1783775292,R_75,54790.8597,-1,0.14420000000245636,BACKFILL_AUTO
2026-07-11 13:08:14,1783775294,R_75,54804.4696,1,13.609899999995832,BACKFILL_AUTO
2026-07-11 13:08:16,1783775296,R_75,54786.521,-1,17.948599999996077,BACKFILL_AUTO
2026-07-11 13:08:18,1783775298,R_75,54789.6431,1,3.1221000000005006,BACKFILL_AUTO
2026-07-11 13:08:20,1783775300,R_75,54790.0814,1,0.4383000000016182,BACKFILL_AUTO
2026-07-11 13:08:22,1783775302,R_75,54791.6407,1,1.5593000000008033,BACKFILL_AUTO
2026-07-11 13:08:24,1783775304,R_75,54786.3198,-1,5.320900000006077,BACKFILL_AUTO
2026-07-11 13:08:26,1783775306,R_75,54789.0716,1,2.75180000000546,BACKFILL_AUTO
2026-07-11 13:08:28,1783775308,R_75,54790.3591,1,1.2874999999985448,BACKFILL_AUTO
2026-07-11 13:08:30,1783775310,R_75,54781.507,-1,8.852100000003702,BACKFILL_AUTO
2026-07-11 13:08:32,1783775312,R_75,54775.7714,-1,5.735599999999977,BACKFILL_AUTO
2026-07-11 13:08:34,1783775314,R_75,54780.9738,1,5.202400000001944,BACKFILL_AUTO
2026-07-11 13:08:36,1783775316,R_75,54790.1641,1,9.190300000002026,BACKFILL_AUTO
2026-07-11 13:08:38,1783775318,R_75,54788.7951,-1,1.3689999999987776,BACKFILL_AUTO
2026-07-11 13:08:40,1783775320,R_75,54784.6714,-1,4.123700000003737,BACKFILL_AUTO
2026-07-11 13:08:42,1783775322,R_75,54774.8301,-1,9.841300000000047,BACKFILL_AUTO
2026-07-11 13:08:44,1783775324,R_75,54769.4702,-1,5.359899999995832,BACKFILL_AUTO
2026-07-11 13:08:46,1783775326,R_75,54761.8657,-1,7.604500000001281,BACKFILL_AUTO
2026-07-11 13:08:48,1783775328,R_75,54747.385,-1,14.48070000000007,BACKFILL_AUTO
2026-07-11 13:08:50,1783775330,R_75,54743.8428,-1,3.542200000003504,BACKFILL_AUTO
2026-07-11 13:08:52,1783775332,R_75,54756.3472,1,12.504399999997986,BACKFILL_AUTO
2026-07-11 13:08:54,1783775334,R_75,54775.0211,1,18.673900000001595,BACKFILL_AUTO
2026-07-11 13:08:56,1783775336,R_75,54783.8515,1,8.830399999998917,BACKFILL_AUTO
2026-07-11 13:08:58,1783775338,R_75,54795.4293,1,11.577800000006391,BACKFILL_AUTO
2026-07-11 13:09:00,1783775340,R_75,54780.4018,-1,15.027500000003783,BACKFILL_AUTO
2026-07-11 13:09:02,1783775342,R_75,54791.3859,1,10.98410000000149,BACKFILL_AUTO
2026-07-11 13:09:04,1783775344,R_75,54805.7382,1,14.35229999999865,BACKFILL_AUTO
2026-07-11 13:09:06,1783775346,R_75,54801.8911,-1,3.8470999999990454,BACKFILL_AUTO
2026-07-11 13:09:08,1783775348,R_75,54801.6201,-1,0.2710000000006403,BACKFILL_AUTO
2026-07-11 13:09:10,1783775350,R_75,54800.2599,-1,1.3602000000028056,BACKFILL_AUTO
2026-07-11 13:09:12,1783775352,R_75,54807.0788,1,6.818900000005669,BACKFILL_AUTO
2026-07-11 13:09:14,1783775354,R_75,54797.4712,-1,9.607600000003004,BACKFILL_AUTO
2026-07-11 13:09:16,1783775356,R_75,54795.847,-1,1.6241999999983818,BACKFILL_AUTO
2026-07-11 13:09:18,1783775358,R_75,54815.8383,1,19.9913000000015,BACKFILL_AUTO
2026-07-11 13:09:20,1783775360,R_75,54798.2664,-1,17.571900000002643,BACKFILL_AUTO
2026-07-11 13:09:22,1783775362,R_75,54836.4715,1,38.20509999999922,BACKFILL_AUTO
2026-07-11 13:09:24,1783775364,R_75,54838.5167,1,2.0452000000004773,BACKFILL_AUTO
2026-07-11 13:09:26,1783775366,R_75,54848.527,1,10.010300000001735,BACKFILL_AUTO
2026-07-11 13:09:28,1783775368,R_75,54836.9274,-1,11.599600000001374,BACKFILL_AUTO
2026-07-11 13:09:30,1783775370,R_75,54835.272,-1,1.655400000003283,BACKFILL_AUTO
2026-07-11 13:09:32,1783775372,R_75,54849.0085,1,13.736500000006345,BACKFILL_AUTO
2026-07-11 13:09:34,1783775374,R_75,54828.3695,-1,20.639000000002852,BACKFILL_AUTO
2026-07-11 13:09:36,1783775376,R_75,54824.0785,-1,4.290999999997439,BACKFILL_AUTO
2026-07-11 13:09:38,1783775378,R_75,54826.698,1,2.6194999999934225,BACKFILL_AUTO
2026-07-11 13:09:40,1783775380,R_75,54820.7039,-1,5.994099999996251,BACKFILL_AUTO
2026-07-11 13:09:42,1783775382,R_75,54832.4447,1,11.740799999999581,BACKFILL_AUTO
2026-07-11 13:09:44,1783775384,R_75,54830.235,-1,2.2096999999994296,BACKFILL_AUTO
2026-07-11 13:09:46,1783775386,R_75,54806.2857,-1,23.94930000000022,BACKFILL_AUTO
2026-07-11 13:09:48,1783775388,R_75,54808.2395,1,1.953800000002957,BACKFILL_AUTO
2026-07-11 13:09:50,1783775390,R_75,54807.415,-1,0.8245000000024447,BACKFILL_AUTO
2026-07-11 13:09:52,1783775392,R_75,54807.3223,-1,0.09270000000105938,BACKFILL_AUTO
2026-07-11 13:09:54,1783775394,R_75,54818.1722,1,10.849900000001071,BACKFILL_AUTO
2026-07-11 13:09:56,1783775396,R_75,54808.8693,-1,9.30290000000241,BACKFILL_AUTO
2026-07-11 13:09:58,1783775398,R_75,54798.9731,-1,9.896199999995588,BACKFILL_AUTO
2026-07-11 13:10:00,1783775400,R_75,54790.8224,-1,8.1507000000056,BACKFILL_AUTO
2026-07-11 13:10:02,1783775402,R_75,54785.999,-1,4.823399999993853,BACKFILL_AUTO
2026-07-11 13:10:04,1783775404,R_75,54775.5411,-1,10.457900000001246,BACKFILL_AUTO
2026-07-11 13:10:06,1783775406,R_75,54789.3824,1,13.841300000000047,BACKFILL_AUTO
2026-07-11 13:10:08,1783775408,R_75,54790.8068,1,1.4243999999962398,BACKFILL_AUTO
2026-07-11 13:10:10,1783775410,R_75,54792.9778,1,2.1710000000020955,BACKFILL_AUTO
2026-07-11 13:10:12,1783775412,R_75,54794.106,1,1.1281999999991967,BACKFILL_AUTO
2026-07-11 13:10:14,1783775414,R_75,54782.1351,-1,11.970900000000256,BACKFILL_AUTO
2026-07-11 13:10:16,1783775416,R_75,54776.5007,-1,5.634400000002643,BACKFILL_AUTO
2026-07-11 13:10:18,1783775418,R_75,54753.8643,-1,22.636399999995774,BACKFILL_AUTO
2026-07-11 13:10:20,1783775420,R_75,54745.4139,-1,8.450400000001537,BACKFILL_AUTO
2026-07-11 13:10:22,1783775422,R_75,54733.162,-1,12.251900000002934,BACKFILL_AUTO
2026-07-11 13:10:24,1783775424,R_75,54739.5462,1,6.384200000000419,BACKFILL_AUTO
2026-07-11 13:10:26,1783775426,R_75,54729.813,-1,9.733199999995122,BACKFILL_AUTO
2026-07-11 13:10:28,1783775428,R_75,54726.2414,-1,3.5716000000029453,BACKFILL_AUTO
2026-07-11 13:10:30,1783775430,R_75,54721.1466,-1,5.094799999998941,BACKFILL_AUTO
2026-07-11 13:10:32,1783775432,R_75,54740.6859,1,19.53929999999673,BACKFILL_AUTO
2026-07-11 13:10:34,1783775434,R_75,54730.6645,-1,10.021399999997811,BACKFILL_AUTO
2026-07-11 13:10:36,1783775436,R_75,54713.8882,-1,16.77629999999772,BACKFILL_AUTO
2026-07-11 13:10:38,1783775438,R_75,54715.4751,1,1.5869000000020606,BACKFILL_AUTO
2026-07-11 13:10:40,1783775440,R_75,54708.9275,-1,6.547600000005332,BACKFILL_AUTO
2026-07-11 13:10:42,1783775442,R_75,54690.7191,-1,18.20839999999589,BACKFILL_AUTO
2026-07-11 13:10:44,1783775444,R_75,54668.1821,-1,22.5370000000039,BACKFILL_AUTO
2026-07-11 13:10:46,1783775446,R_75,54670.4277,1,2.245600000002014,BACKFILL_AUTO
2026-07-11 13:10:48,1783775448,R_75,54668.4808,-1,1.9469000000026426,BACKFILL_AUTO
2026-07-11 13:10:50,1783775450,R_75,54684.6197,1,16.13890000000538,BACKFILL_AUTO
2026-07-11 13:10:52,1783775452,R_75,54686.2629,1,1.6431999999986147,BACKFILL_AUTO
2026-07-11 13:10:54,1783775454,R_75,54676.8656,-1,9.39730000000418,BACKFILL_AUTO
2026-07-11 13:10:56,1783775456,R_75,54693.2068,1,16.341200000002573,BACKFILL_AUTO
2026-07-11 13:10:58,1783775458,R_75,54699.2815,1,6.074699999997392,BACKFILL_AUTO
2026-07-11 13:11:00,1783775460,R_75,54710.7613,1,11.479800000000978,BACKFILL_AUTO
2026-07-11 13:11:02,1783775462,R_75,54714.091,1,3.329700000002049,BACKFILL_AUTO
2026-07-11 13:11:04,1783775464,R_75,54704.7134,-1,9.377599999999802,BACKFILL_AUTO
2026-07-11 13:11:06,1783775466,R_75,54702.392,-1,2.3214000000007218,BACKFILL_AUTO
2026-07-11 13:11:08,1783775468,R_75,54713.3324,1,10.9403999999995,BACKFILL_AUTO
2026-07-11 13:11:10,1783775470,R_75,54694.3381,-1,18.994299999998475,BACKFILL_AUTO
2026-07-11 13:11:12,1783775472,R_75,54691.5471,-1,2.790999999997439,BACKFILL_AUTO
2026-07-11 13:11:14,1783775474,R_75,54687.7073,-1,3.83980000000156,BACKFILL_AUTO
2026-07-11 13:11:16,1783775476,R_75,54679.0632,-1,8.644100000004983,BACKFILL_AUTO
2026-07-11 13:11:18,1783775478,R_75,54686.5058,1,7.44260000000213,BACKFILL_AUTO
2026-07-11 13:11:20,1783775480,R_75,54702.5914,1,16.08559999999852,BACKFILL_AUTO
2026-07-11 13:11:22,1783775482,R_75,54689.3481,-1,13.243299999994633,BACKFILL_AUTO
2026-07-11 13:11:24,1783775484,R_75,54685.7414,-1,3.6067000000039116,BACKFILL_AUTO
2026-07-11 13:11:26,1783775486,R_75,54706.2151,1,20.47370000000228,BACKFILL_AUTO
2026-07-11 13:11:28,1783775488,R_75,54712.3913,1,6.1762000000017,BACKFILL_AUTO
2026-07-11 13:11:30,1783775490,R_75,54716.5915,1,4.200199999999313,BACKFILL_AUTO
2026-07-11 13:11:32,1783775492,R_75,54723.232,1,6.640500000001339,BACKFILL_AUTO
2026-07-11 13:11:34,1783775494,R_75,54740.4763,1,17.244299999998475,BACKFILL_AUTO
2026-07-11 13:11:36,1783775496,R_75,54761.4585,1,20.982199999998556,BACKFILL_AUTO
2026-07-11 13:11:38,1783775498,R_75,54770.69,1,9.231500000001688,BACKFILL_AUTO
2026-07-11 13:11:40,1783775500,R_75,54763.9974,-1,6.69260000000213,BACKFILL_AUTO
2026-07-11 13:11:42,1783775502,R_75,54766.3984,1,2.400999999998021,BACKFILL_AUTO
2026-07-11 13:11:44,1783775504,R_75,54764.3417,-1,2.056700000001001,BACKFILL_AUTO
2026-07-11 13:11:46,1783775506,R_75,54763.8501,-1,0.4915999999939231,BACKFILL_AUTO
2026-07-11 13:11:48,1783775508,R_75,54750.4178,-1,13.432300000000396,BACKFILL_AUTO
2026-07-11 13:11:50,1783775510,R_75,54761.4945,1,11.0766999999978,BACKFILL_AUTO
2026-07-11 13:11:52,1783775512,R_75,54751.6797,-1,9.814800000000105,BACKFILL_AUTO
2026-07-11 13:11:54,1783775514,R_75,54738.7197,-1,12.959999999999127,BACKFILL_AUTO
2026-07-11 13:11:56,1783775516,R_75,54732.6405,-1,6.079200000000128,BACKFILL_AUTO
2026-07-11 13:11:58,1783775518,R_75,54743.331,1,10.690499999996973,BACKFILL_AUTO
2026-07-11 13:12:00,1783775520,R_75,54732.0842,-1,11.246800000000803,BACKFILL_AUTO
2026-07-11 13:12:02,1783775522,R_75,54724.1716,-1,7.912599999996019,BACKFILL_AUTO
2026-07-11 13:12:04,1783775524,R_75,54727.1144,1,2.942799999997078,BACKFILL_AUTO
2026-07-11 13:12:06,1783775526,R_75,54724.2994,-1,2.8149999999950523,BACKFILL_AUTO
2026-07-11 13:12:08,1783775528,R_75,54736.6698,1,12.37039999999979,BACKFILL_AUTO
2026-07-11 13:12:10,1783775530,R_75,54726.4912,-1,10.178600000006554,BACKFILL_AUTO
2026-07-11 13:12:12,1783775532,R_75,54713.3418,-1,13.149399999994785,BACKFILL_AUTO
2026-07-11 13:12:14,1783775534,R_75,54720.2356,1,6.893799999998009,BACKFILL_AUTO
2026-07-11 13:12:16,1783775536,R_75,54720.9494,1,0.7137999999977183,BACKFILL_AUTO
2026-07-11 13:12:18,1783775538,R_75,54728.2907,1,7.341300000000047,BACKFILL_AUTO
2026-07-11 13:12:20,1783775540,R_75,54718.4681,-1,9.822599999999511,BACKFILL_AUTO
2026-07-11 13:12:22,1783775542,R_75,54726.5921,1,8.124000000003434,BACKFILL_AUTO
2026-07-11 13:12:24,1783775544,R_75,54743.1865,1,16.59440000000177,BACKFILL_AUTO
2026-07-11 13:12:26,1783775546,R_75,54730.1229,-1,13.063600000001315,BACKFILL_AUTO
2026-07-11 13:12:28,1783775548,R_75,54731.8636,1,1.7406999999948312,BACKFILL_AUTO
2026-07-11 13:12:30,1783775550,R_75,54729.7311,-1,2.132499999999709,BACKFILL_AUTO
2026-07-11 13:12:32,1783775552,R_75,54739.8733,1,10.142200000002049,BACKFILL_AUTO
2026-07-11 13:12:34,1783775554,R_75,54730.546,-1,9.327299999997194,BACKFILL_AUTO
2026-07-11 13:12:36,1783775556,R_75,54742.0814,1,11.535400000000664,BACKFILL_AUTO
2026-07-11 13:12:38,1783775558,R_75,54726.6612,-1,15.420200000000477,BACKFILL_AUTO
2026-07-11 13:12:40,1783775560,R_75,54721.2315,-1,5.429700000000594,BACKFILL_AUTO
2026-07-11 13:12:42,1783775562,R_75,54714.5814,-1,6.650099999998929,BACKFILL_AUTO
2026-07-11 13:12:44,1783775564,R_75,54705.4115,-1,9.16990000000078,BACKFILL_AUTO
2026-07-11 13:12:46,1783775566,R_75,54702.0497,-1,3.361799999998766,BACKFILL_AUTO
2026-07-11 13:12:48,1783775568,R_75,54709.8797,1,7.82999999999447,BACKFILL_AUTO
2026-07-11 13:12:50,1783775570,R_75,54722.4865,1,12.606800000001385,BACKFILL_AUTO
2026-07-11 13:12:52,1783775572,R_75,54712.0176,-1,10.468899999999849,BACKFILL_AUTO
2026-07-11 13:12:54,1783775574,R_75,54700.4773,-1,11.54030000000057,BACKFILL_AUTO
2026-07-11 13:12:56,1783775576,R_75,54707.1446,1,6.667300000000978,BACKFILL_AUTO
2026-07-11 13:12:58,1783775578,R_75,54701.9365,-1,5.208099999996193,BACKFILL_AUTO
2026-07-11 13:13:00,1783775580,R_75,54716.9171,1,14.98059999999532,BACKFILL_AUTO
2026-07-11 13:13:02,1783775582,R_75,54702.0888,-1,14.828300000001036,BACKFILL_AUTO
2026-07-11 13:13:04,1783775584,R_75,54694.3074,-1,7.781399999999849,BACKFILL_AUTO
2026-07-11 13:13:06,1783775586,R_75,54694.2138,-1,0.09360000000015134,BACKFILL_AUTO
2026-07-11 13:13:08,1783775588,R_75,54689.3028,-1,4.911000000000058,BACKFILL_AUTO
2026-07-11 13:13:10,1783775590,R_75,54678.1375,-1,11.16530000000057,BACKFILL_AUTO
2026-07-11 13:13:12,1783775592,R_75,54690.1714,1,12.033900000002177,BACKFILL_AUTO
2026-07-11 13:13:14,1783775594,R_75,54691.8934,1,1.7220000000015716,BACKFILL_AUTO
2026-07-11 13:13:16,1783775596,R_75,54688.8089,-1,3.084499999997206,BACKFILL_AUTO
2026-07-11 13:13:18,1783775598,R_75,54687.716,-1,1.092900000003283,BACKFILL_AUTO
2026-07-11 13:13:20,1783775600,R_75,54692.2021,1,4.486100000001898,BACKFILL_AUTO
2026-07-11 13:13:22,1783775602,R_75,54703.5927,1,11.390599999998813,BACKFILL_AUTO
2026-07-11 13:13:24,1783775604,R_75,54711.253,1,7.660299999995914,BACKFILL_AUTO
2026-07-11 13:13:26,1783775606,R_75,54711.0732,-1,0.1797999999980675,BACKFILL_AUTO
2026-07-11 13:13:28,1783775608,R_75,54704.9814,-1,6.091800000001967,BACKFILL_AUTO
2026-07-11 13:13:30,1783775610,R_75,54694.8406,-1,10.14079999999376,BACKFILL_AUTO
2026-07-11 13:13:32,1783775612,R_75,54688.9331,-1,5.907500000001164,BACKFILL_AUTO
2026-07-11 13:13:34,1783775614,R_75,54686.2999,-1,2.6332000000038533,BACKFILL_AUTO
2026-07-11 13:13:36,1783775616,R_75,54675.3465,-1,10.95339999999851,BACKFILL_AUTO
2026-07-11 13:13:38,1783775618,R_75,54681.0165,1,5.669999999998254,BACKFILL_AUTO
2026-07-11 13:13:40,1783775620,R_75,54682.741,1,1.7245000000039,BACKFILL_AUTO
2026-07-11 13:13:42,1783775622,R_75,54697.3502,1,14.609199999998964,BACKFILL_AUTO
2026-07-11 13:13:44,1783775624,R_75,54697.6178,1,0.26759999999922,BACKFILL_AUTO
2026-07-11 13:13:46,1783775626,R_75,54697.9149,1,0.29710000000341097,BACKFILL_AUTO
2026-07-11 13:13:48,1783775628,R_75,54711.5613,1,13.646399999997811,BACKFILL_AUTO
2026-07-11 13:13:50,1783775630,R_75,54719.4745,1,7.913199999995413,BACKFILL_AUTO
2026-07-11 13:13:52,1783775632,R_75,54712.7182,-1,6.756299999993644,BACKFILL_AUTO
2026-07-11 13:13:54,1783775634,R_75,54720.0905,1,7.372299999995448,BACKFILL_AUTO
2026-07-11 13:13:56,1783775636,R_75,54728.4817,1,8.391199999998207,BACKFILL_AUTO
2026-07-11 13:13:58,1783775638,R_75,54747.2511,1,18.76940000000468,BACKFILL_AUTO
2026-07-11 13:14:00,1783775640,R_75,54732.4204,-1,14.830699999998615,BACKFILL_AUTO
2026-07-11 13:14:02,1783775642,R_75,54721.1677,-1,11.252700000004552,BACKFILL_AUTO
2026-07-11 13:14:04,1783775644,R_75,54738.9605,1,17.7928000000029,BACKFILL_AUTO
2026-07-11 13:14:06,1783775646,R_75,54731.619,-1,7.34150000000227,BACKFILL_AUTO
2026-07-11 13:14:08,1783775648,R_75,54727.7205,-1,3.8984999999956926,BACKFILL_AUTO
2026-07-11 13:14:10,1783775650,R_75,54728.1818,1,0.46129999999538995,BACKFILL_AUTO
2026-07-11 13:14:12,1783775652,R_75,54715.2949,-1,12.886899999997695,BACKFILL_AUTO
2026-07-11 13:14:14,1783775654,R_75,54720.0853,1,4.790399999998044,BACKFILL_AUTO
2026-07-11 13:14:16,1783775656,R_75,54715.4572,-1,4.628100000001723,BACKFILL_AUTO
2026-07-11 13:14:18,1783775658,R_75,54724.9334,1,9.47620000000461,BACKFILL_AUTO
2026-07-11 13:14:20,1783775660,R_75,54741.9502,1,17.016799999997602,BACKFILL_AUTO
2026-07-11 13:14:22,1783775662,R_75,54723.9572,-1,17.993000000002212,BACKFILL_AUTO
2026-07-11 13:14:24,1783775664,R_75,54719.0871,-1,4.870100000000093,BACKFILL_AUTO
2026-07-11 13:14:26,1783775666,R_75,54710.3368,-1,8.750299999999697,BACKFILL_AUTO
2026-07-11 13:14:28,1783775668,R_75,54709.5053,-1,0.8315000000002328,BACKFILL_AUTO
2026-07-11 13:14:30,1783775670,R_75,54706.3642,-1,3.1410999999934575,BACKFILL_AUTO
2026-07-11 13:14:32,1783775672,R_75,54728.0773,1,21.713099999993574,BACKFILL_AUTO
2026-07-11 13:14:34,1783775674,R_75,54732.8583,1,4.7810000000026776,BACKFILL_AUTO
2026-07-11 13:14:36,1783775676,R_75,54753.8432,1,20.98490000000311,BACKFILL_AUTO
2026-07-11 13:14:38,1783775678,R_75,54751.0022,-1,2.8410000000003492,BACKFILL_AUTO
2026-07-11 13:14:40,1783775680,R_75,54743.5702,-1,7.4320000000006985,BACKFILL_AUTO
2026-07-11 13:14:42,1783775682,R_75,54749.0034,1,5.433199999999488,BACKFILL_AUTO
2026-07-11 13:14:44,1783775684,R_75,54761.3224,1,12.318999999995867,BACKFILL_AUTO
2026-07-11 13:14:46,1783775686,R_75,54776.4793,1,15.15690000000177,BACKFILL_AUTO
2026-07-11 13:14:48,1783775688,R_75,54773.7116,-1,2.767699999996694,BACKFILL_AUTO
2026-07-11 13:14:50,1783775690,R_75,54764.3948,-1,9.316800000000512,BACKFILL_AUTO
2026-07-11 13:14:52,1783775692,R_75,54779.4883,1,15.093499999995402,BACKFILL_AUTO
2026-07-11 13:14:54,1783775694,R_75,54799.3144,1,19.82610000000568,BACKFILL_AUTO
2026-07-11 13:14:56,1783775696,R_75,54789.3313,-1,9.983100000004924,BACKFILL_AUTO
2026-07-11 13:14:58,1783775698,R_75,54799.3723,1,10.041000000004715,BACKFILL_AUTO
2026-07-11 13:15:00,1783775700,R_75,54797.4375,-1,1.9348000000027241,BACKFILL_AUTO
2026-07-11 13:15:02,1783775702,R_75,54805.8855,1,8.447999999996682,BACKFILL_AUTO
2026-07-11 13:15:04,1783775704,R_75,54813.1417,1,7.256200000003446,BACKFILL_AUTO
2026-07-11 13:15:06,1783775706,R_75,54804.0999,-1,9.041799999999057,BACKFILL_AUTO
2026-07-11 13:15:08,1783775708,R_75,54813.6387,1,9.538800000002084,BACKFILL_AUTO
2026-07-11 13:15:10,1783775710,R_75,54833.4313,1,19.7925999999934,BACKFILL_AUTO
2026-07-11 13:15:12,1783775712,R_75,54835.1273,1,1.6960000000035507,BACKFILL_AUTO
2026-07-11 13:15:14,1783775714,R_75,54812.5168,-1,22.610500000002503,BACKFILL_AUTO
2026-07-11 13:15:16,1783775716,R_75,54807.4576,-1,5.0591999999960535,BACKFILL_AUTO
2026-07-11 13:15:18,1783775718,R_75,54822.0657,1,14.608099999997648,BACKFILL_AUTO
2026-07-11 13:15:20,1783775720,R_75,54807.1189,-1,14.946799999997893,BACKFILL_AUTO
2026-07-11 13:15:22,1783775722,R_75,54805.4868,-1,1.6321000000025379,BACKFILL_AUTO
2026-07-11 13:15:24,1783775724,R_75,54811.5734,1,6.086600000002363,BACKFILL_AUTO
2026-07-11 13:15:26,1783775726,R_75,54823.5556,1,11.982199999998556,BACKFILL_AUTO
2026-07-11 13:15:28,1783775728,R_75,54825.0671,1,1.5115000000005239,BACKFILL_AUTO
2026-07-11 13:15:30,1783775730,R_75,54832.4088,1,7.341699999997218,BACKFILL_AUTO
2026-07-11 13:15:32,1783775732,R_75,54841.7742,1,9.36540000000241,BACKFILL_AUTO
2026-07-11 13:15:34,1783775734,R_75,54836.4653,-1,5.308899999996356,BACKFILL_AUTO
2026-07-11 13:15:36,1783775736,R_75,54823.639,-1,12.826300000000629,BACKFILL_AUTO
2026-07-11 13:15:38,1783775738,R_75,54810.8502,-1,12.788800000002084,BACKFILL_AUTO
2026-07-11 13:15:40,1783775740,R_75,54812.1911,1,1.3408999999955995,BACKFILL_AUTO
2026-07-11 13:15:42,1783775742,R_75,54819.2954,1,7.104300000006333,BACKFILL_AUTO
2026-07-11 13:15:44,1783775744,R_75,54839.2316,1,19.93619999999646,BACKFILL_AUTO
2026-07-11 13:15:46,1783775746,R_75,54844.7423,1,5.510699999998906,BACKFILL_AUTO
2026-07-11 13:15:48,1783775748,R_75,54851.2011,1,6.458800000000338,BACKFILL_AUTO
2026-07-11 13:15:50,1783775750,R_75,54867.1261,1,15.92500000000291,BACKFILL_AUTO
2026-07-11 13:15:52,1783775752,R_75,54884.8564,1,17.730299999995623,BACKFILL_AUTO
2026-07-11 13:15:54,1783775754,R_75,54874.2708,-1,10.585599999998522,BACKFILL_AUTO
2026-07-11 13:15:56,1783775756,R_75,54861.9195,-1,12.351299999994808,BACKFILL_AUTO
2026-07-11 13:15:58,1783775758,R_75,54874.7995,1,12.87999999999738,BACKFILL_AUTO
2026-07-11 13:16:00,1783775760,R_75,54851.7779,-1,23.021600000000035,BACKFILL_AUTO
2026-07-11 13:16:02,1783775762,R_75,54850.3965,-1,1.3813999999983935,BACKFILL_AUTO
2026-07-11 13:16:04,1783775764,R_75,54840.9324,-1,9.464100000004692,BACKFILL_AUTO
2026-07-11 13:16:06,1783775766,R_75,54836.8924,-1,4.040000000000873,BACKFILL_AUTO
2026-07-11 13:16:08,1783775768,R_75,54841.5094,1,4.617000000005646,BACKFILL_AUTO
2026-07-11 13:16:10,1783775770,R_75,54837.6207,-1,3.888700000003155,BACKFILL_AUTO
2026-07-11 13:16:12,1783775772,R_75,54831.8746,-1,5.746099999996659,BACKFILL_AUTO
2026-07-11 13:16:14,1783775774,R_75,54818.7331,-1,13.14150000000518,BACKFILL_AUTO
2026-07-11 13:16:16,1783775776,R_75,54823.158,1,4.424900000005437,BACKFILL_AUTO
2026-07-11 13:16:18,1783775778,R_75,54829.2885,1,6.1304999999993015,BACKFILL_AUTO
2026-07-11 13:16:20,1783775780,R_75,54831.591,1,2.3024999999979627,BACKFILL_AUTO
2026-07-11 13:16:22,1783775782,R_75,54819.0449,-1,12.54609999999957,BACKFILL_AUTO
2026-07-11 13:16:24,1783775784,R_75,54802.0813,-1,16.96360000000277,BACKFILL_AUTO
2026-07-11 13:16:26,1783775786,R_75,54791.8668,-1,10.214499999994587,BACKFILL_AUTO
2026-07-11 13:16:28,1783775788,R_75,54804.6282,1,12.761399999995774,BACKFILL_AUTO
2026-07-11 13:16:30,1783775790,R_75,54814.6324,1,10.004200000003038,BACKFILL_AUTO
2026-07-11 13:16:32,1783775792,R_75,54810.4485,-1,4.183900000003632,BACKFILL_AUTO
2026-07-11 13:16:34,1783775794,R_75,54804.1799,-1,6.268599999995786,BACKFILL_AUTO
2026-07-11 13:16:36,1783775796,R_75,54803.7216,-1,0.4583000000056927,BACKFILL_AUTO
2026-07-11 13:16:38,1783775798,R_75,54820.1729,1,16.45130000000063,BACKFILL_AUTO
2026-07-11 13:16:40,1783775800,R_75,54821.3077,1,1.1347999999998137,BACKFILL_AUTO
2026-07-11 13:16:42,1783775802,R_75,54827.0938,1,5.786100000004808,BACKFILL_AUTO
2026-07-11 13:16:44,1783775804,R_75,54821.0466,-1,6.047200000000885,BACKFILL_AUTO
2026-07-11 13:16:46,1783775806,R_75,54821.0774,1,0.03080000000045402,BACKFILL_AUTO
2026-07-11 13:16:48,1783775808,R_75,54812.6748,-1,8.402600000001257,BACKFILL_AUTO
2026-07-11 13:16:50,1783775810,R_75,54806.3926,-1,6.282200000001467,BACKFILL_AUTO
2026-07-11 13:16:52,1783775812,R_75,54799.122,-1,7.270599999996193,BACKFILL_AUTO
2026-07-11 13:16:54,1783775814,R_75,54789.0333,-1,10.088700000000244,BACKFILL_AUTO
2026-07-11 13:16:56,1783775816,R_75,54785.265,-1,3.7683000000033644,BACKFILL_AUTO
2026-07-11 13:16:58,1783775818,R_75,54790.342,1,5.076999999997497,BACKFILL_AUTO
2026-07-11 13:17:00,1783775820,R_75,54792.9948,1,2.652800000003481,BACKFILL_AUTO
2026-07-11 13:17:02,1783775822,R_75,54778.1994,-1,14.7954000000027,BACKFILL_AUTO
2026-07-11 13:17:04,1783775824,R_75,54767.5662,-1,10.633199999996577,BACKFILL_AUTO
2026-07-11 13:17:06,1783775826,R_75,54761.903,-1,5.663200000002689,BACKFILL_AUTO
2026-07-11 13:17:08,1783775828,R_75,54753.6445,-1,8.258499999996275,BACKFILL_AUTO
2026-07-11 13:17:10,1783775830,R_75,54749.9552,-1,3.68930000000546,BACKFILL_AUTO
2026-07-11 13:17:12,1783775832,R_75,54746.651,-1,3.304199999998673,BACKFILL_AUTO
2026-07-11 13:17:14,1783775834,R_75,54752.1634,1,5.512399999999616,BACKFILL_AUTO
2026-07-11 13:17:16,1783775836,R_75,54771.3102,1,19.14680000000226,BACKFILL_AUTO
2026-07-11 13:17:18,1783775838,R_75,54767.6748,-1,3.6353999999992084,BACKFILL_AUTO
2026-07-11 13:17:20,1783775840,R_75,54768.7563,1,1.0815000000002328,BACKFILL_AUTO
2026-07-11 13:17:22,1783775842,R_75,54767.2061,-1,1.550199999997858,BACKFILL_AUTO
2026-07-11 13:17:24,1783775844,R_75,54754.3967,-1,12.809400000005553,BACKFILL_AUTO
2026-07-11 13:17:26,1783775846,R_75,54734.7243,-1,19.672399999995832,BACKFILL_AUTO
2026-07-11 13:17:28,1783775848,R_75,54733.0439,-1,1.680400000004738,BACKFILL_AUTO
2026-07-11 13:17:30,1783775850,R_75,54732.7143,-1,0.32959999999729916,BACKFILL_AUTO
2026-07-11 13:17:32,1783775852,R_75,54739.9925,1,7.278200000000652,BACKFILL_AUTO
2026-07-11 13:17:34,1783775854,R_75,54739.5653,-1,0.4271999999982654,BACKFILL_AUTO
2026-07-11 13:17:36,1783775856,R_75,54746.3634,1,6.798099999999977,BACKFILL_AUTO
2026-07-11 13:17:38,1783775858,R_75,54745.6437,-1,0.7197000000014668,BACKFILL_AUTO
2026-07-11 13:17:40,1783775860,R_75,54753.2653,1,7.62159999999858,BACKFILL_AUTO
2026-07-11 13:17:42,1783775862,R_75,54732.9811,-1,20.284200000001874,BACKFILL_AUTO
2026-07-11 13:17:44,1783775864,R_75,54749.0387,1,16.057600000000093,BACKFILL_AUTO
2026-07-11 13:17:46,1783775866,R_75,54747.4836,-1,1.5550999999977648,BACKFILL_AUTO
2026-07-11 13:17:48,1783775868,R_75,54753.7954,1,6.311800000003132,BACKFILL_AUTO
2026-07-11 13:17:50,1783775870,R_75,54758.6755,1,4.880099999994854,BACKFILL_AUTO
2026-07-11 13:17:52,1783775872,R_75,54757.3545,-1,1.3209999999962747,BACKFILL_AUTO
2026-07-11 13:17:54,1783775874,R_75,54757.8454,1,0.4908999999970547,BACKFILL_AUTO
2026-07-11 13:17:56,1783775876,R_75,54773.86,1,16.014600000002247,BACKFILL_AUTO
2026-07-11 13:17:58,1783775878,R_75,54773.439,-1,0.4210000000020955,BACKFILL_AUTO
2026-07-11 13:18:00,1783775880,R_75,54780.3917,1,6.9527000000016415,BACKFILL_AUTO
2026-07-11 13:18:02,1783775882,R_75,54770.9058,-1,9.485899999999674,BACKFILL_AUTO
2026-07-11 13:18:04,1783775884,R_75,54777.2416,1,6.335800000000745,BACKFILL_AUTO
2026-07-11 13:18:06,1783775886,R_75,54757.5187,-1,19.722900000000664,BACKFILL_AUTO
2026-07-11 13:18:08,1783775888,R_75,54741.6561,-1,15.862600000000384,BACKFILL_AUTO
2026-07-11 13:18:10,1783775890,R_75,54739.9849,-1,1.671199999997043,BACKFILL_AUTO
2026-07-11 13:18:12,1783775892,R_75,54731.5399,-1,8.444999999999709,BACKFILL_AUTO
2026-07-11 13:18:14,1783775894,R_75,54740.9945,1,9.4545999999973,BACKFILL_AUTO
2026-07-11 13:18:16,1783775896,R_75,54755.8924,1,14.897899999996298,BACKFILL_AUTO
2026-07-11 13:18:18,1783775898,R_75,54747.7834,-1,8.10899999999674,BACKFILL_AUTO
2026-07-11 13:18:20,1783775900,R_75,54745.3443,-1,2.4391000000032363,BACKFILL_AUTO
2026-07-11 13:18:22,1783775902,R_75,54749.5556,1,4.211300000002666,BACKFILL_AUTO
2026-07-11 13:18:24,1783775904,R_75,54768.9021,1,19.34649999999965,BACKFILL_AUTO
2026-07-11 13:18:26,1783775906,R_75,54772.2405,1,3.338400000000547,BACKFILL_AUTO
2026-07-11 13:18:28,1783775908,R_75,54756.7729,-1,15.46759999999631,BACKFILL_AUTO
2026-07-11 13:18:30,1783775910,R_75,54754.2628,-1,2.510100000006787,BACKFILL_AUTO
2026-07-11 13:18:32,1783775912,R_75,54769.3349,1,15.072100000004866,BACKFILL_AUTO
2026-07-11 13:18:34,1783775914,R_75,54768.1486,-1,1.1863000000012107,BACKFILL_AUTO
2026-07-11 13:18:36,1783775916,R_75,54774.3777,1,6.2290999999968335,BACKFILL_AUTO
2026-07-11 13:18:38,1783775918,R_75,54776.4614,1,2.083700000002864,BACKFILL_AUTO
2026-07-11 13:18:40,1783775920,R_75,54770.9498,-1,5.511599999997998,BACKFILL_AUTO
2026-07-11 13:18:42,1783775922,R_75,54766.6775,-1,4.272300000004179,BACKFILL_AUTO
2026-07-11 13:18:44,1783775924,R_75,54759.6131,-1,7.064399999995658,BACKFILL_AUTO
2026-07-11 13:18:46,1783775926,R_75,54776.0887,1,16.47559999999794,BACKFILL_AUTO
2026-07-11 13:18:48,1783775928,R_75,54770.4874,-1,5.601300000002084,BACKFILL_AUTO
2026-07-11 13:18:50,1783775930,R_75,54775.0803,1,4.592900000003283,BACKFILL_AUTO
2026-07-11 13:18:52,1783775932,R_75,54768.9135,-1,6.166799999999057,BACKFILL_AUTO
2026-07-11 13:18:54,1783775934,R_75,54772.1619,1,3.2483999999967637,BACKFILL_AUTO
2026-07-11 13:18:56,1783775936,R_75,54748.9977,-1,23.164199999999255,BACKFILL_AUTO
2026-07-11 13:18:58,1783775938,R_75,54743.4643,-1,5.533400000000256,BACKFILL_AUTO
2026-07-11 13:19:00,1783775940,R_75,54727.3017,-1,16.16259999999602,BACKFILL_AUTO
2026-07-11 13:19:02,1783775942,R_75,54720.4597,-1,6.842000000004191,BACKFILL_AUTO
2026-07-11 13:19:04,1783775944,R_75,54718.8884,-1,1.571299999995972,BACKFILL_AUTO
2026-07-11 13:19:06,1783775946,R_75,54722.3528,1,3.464399999997113,BACKFILL_AUTO
2026-07-11 13:19:08,1783775948,R_75,54724.6311,1,2.2782999999981257,BACKFILL_AUTO
2026-07-11 13:19:10,1783775950,R_75,54723.1276,-1,1.503499999998894,BACKFILL_AUTO
2026-07-11 13:19:12,1783775952,R_75,54736.9473,1,13.819700000000012,BACKFILL_AUTO
2026-07-11 13:19:14,1783775954,R_75,54746.5389,1,9.591599999999744,BACKFILL_AUTO
2026-07-11 13:19:16,1783775956,R_75,54747.0317,1,0.49279999999998836,BACKFILL_AUTO
2026-07-11 13:19:18,1783775958,R_75,54746.793,-1,0.23870000000169966,BACKFILL_AUTO
2026-07-11 13:19:20,1783775960,R_75,54745.2271,-1,1.5659000000014203,BACKFILL_AUTO
2026-07-11 13:19:22,1783775962,R_75,54746.8765,1,1.6494000000020606,BACKFILL_AUTO
2026-07-11 13:19:24,1783775964,R_75,54748.4243,1,1.5478000000002794,BACKFILL_AUTO
2026-07-11 13:19:26,1783775966,R_75,54750.2531,1,1.828800000002957,BACKFILL_AUTO
2026-07-11 13:19:28,1783775968,R_75,54740.2279,-1,10.025200000003679,BACKFILL_AUTO
2026-07-11 13:19:30,1783775970,R_75,54749.547,1,9.319100000000617,BACKFILL_AUTO
2026-07-11 13:19:32,1783775972,R_75,54738.189,-1,11.358000000000175,BACKFILL_AUTO
2026-07-11 13:19:34,1783775974,R_75,54753.5602,1,15.371200000001409,BACKFILL_AUTO
2026-07-11 13:19:36,1783775976,R_75,54743.3244,-1,10.2358000000022,BACKFILL_AUTO
2026-07-11 13:19:38,1783775978,R_75,54740.0984,-1,3.2259999999951106,BACKFILL_AUTO
2026-07-11 13:19:40,1783775980,R_75,54738.2811,-1,1.817300000002433,BACKFILL_AUTO
2026-07-11 13:19:42,1783775982,R_75,54719.4293,-1,18.85179999999673,BACKFILL_AUTO
2026-07-11 13:19:44,1783775984,R_75,54696.5377,-1,22.891600000002654,BACKFILL_AUTO
2026-07-11 13:19:46,1783775986,R_75,54700.9394,1,4.401700000002165,BACKFILL_AUTO
2026-07-11 13:19:48,1783775988,R_75,54705.2696,1,4.330199999996694,BACKFILL_AUTO
2026-07-11 13:19:50,1783775990,R_75,54714.1147,1,8.845099999998638,BACKFILL_AUTO
2026-07-11 13:19:52,1783775992,R_75,54709.8375,-1,4.27719999999681,BACKFILL_AUTO
2026-07-11 13:19:54,1783775994,R_75,54710.7702,1,0.9326999999975669,BACKFILL_AUTO
2026-07-11 13:19:56,1783775996,R_75,54720.5109,1,9.740700000002107,BACKFILL_AUTO
2026-07-11 13:19:58,1783775998,R_75,54713.804,-1,6.70690000000468,BACKFILL_AUTO
2026-07-11 13:20:00,1783776000,R_75,54720.5009,1,6.696900000002643,BACKFILL_AUTO
2026-07-11 13:20:02,1783776002,R_75,54735.9615,1,15.460599999998522,BACKFILL_AUTO
2026-07-11 13:20:04,1783776004,R_75,54740.1743,1,4.2128000000011525,BACKFILL_AUTO
2026-07-11 13:20:06,1783776006,R_75,54737.7193,-1,2.4550000000017462,BACKFILL_AUTO
2026-07-11 13:20:08,1783776008,R_75,54749.6639,1,11.944600000002538,BACKFILL_AUTO
2026-07-11 13:20:10,1783776010,R_75,54746.9768,-1,2.687100000002829,BACKFILL_AUTO
2026-07-11 13:20:12,1783776012,R_75,54750.4226,1,3.445800000001327,BACKFILL_AUTO
2026-07-11 13:20:14,1783776014,R_75,54744.0611,-1,6.361499999999069,BACKFILL_AUTO
2026-07-11 13:20:16,1783776016,R_75,54763.4959,1,19.434800000002724,BACKFILL_AUTO
2026-07-11 13:20:18,1783776018,R_75,54759.3214,-1,4.1745000000009895,BACKFILL_AUTO
2026-07-11 13:20:20,1783776020,R_75,54764.0256,1,4.704200000000128,BACKFILL_AUTO
2026-07-11 13:20:22,1783776022,R_75,54752.4026,-1,11.622999999999593,BACKFILL_AUTO
2026-07-11 13:20:24,1783776024,R_75,54749.7972,-1,2.6054000000003725,BACKFILL_AUTO
2026-07-11 13:20:26,1783776026,R_75,54742.8384,-1,6.958800000000338,BACKFILL_AUTO
2026-07-11 13:20:28,1783776028,R_75,54742.2647,-1,0.5737000000008265,BACKFILL_AUTO
2026-07-11 13:20:30,1783776030,R_75,54731.2586,-1,11.006099999998696,BACKFILL_AUTO
2026-07-11 13:20:32,1783776032,R_75,54739.678,1,8.41939999999886,BACKFILL_AUTO
2026-07-11 13:20:34,1783776034,R_75,54718.2155,-1,21.462500000001455,BACKFILL_AUTO
2026-07-11 13:20:36,1783776036,R_75,54739.5658,1,21.350299999998242,BACKFILL_AUTO
2026-07-11 13:20:38,1783776038,R_75,54718.3452,-1,21.220599999993283,BACKFILL_AUTO
2026-07-11 13:20:40,1783776040,R_75,54721.1134,1,2.7681999999986147,BACKFILL_AUTO
2026-07-11 13:20:42,1783776042,R_75,54723.0363,1,1.9228999999977532,BACKFILL_AUTO
2026-07-11 13:20:44,1783776044,R_75,54711.9001,-1,11.136200000000827,BACKFILL_AUTO
2026-07-11 13:20:46,1783776046,R_75,54716.4488,1,4.548699999999371,BACKFILL_AUTO
2026-07-11 13:20:48,1783776048,R_75,54715.2084,-1,1.2403999999951338,BACKFILL_AUTO
2026-07-11 13:20:50,1783776050,R_75,54720.157,1,4.948599999996077,BACKFILL_AUTO
2026-07-11 13:20:52,1783776052,R_75,54729.7125,1,9.555500000002212,BACKFILL_AUTO
2026-07-11 13:20:54,1783776054,R_75,54727.5249,-1,2.1876000000047497,BACKFILL_AUTO
2026-07-11 13:20:56,1783776056,R_75,54718.4889,-1,9.036000000000058,BACKFILL_AUTO
2026-07-11 13:20:58,1783776058,R_75,54737.8741,1,19.38520000000426,BACKFILL_AUTO
2026-07-11 13:21:00,1783776060,R_75,54733.9827,-1,3.8914000000004307,BACKFILL_AUTO
2026-07-11 13:21:02,1783776062,R_75,54735.2959,1,1.3131999999968684,BACKFILL_AUTO
2026-07-11 13:21:04,1783776064,R_75,54725.1195,-1,10.176399999996647,BACKFILL_AUTO
2026-07-11 13:21:06,1783776066,R_75,54737.2606,1,12.141100000000733,BACKFILL_AUTO
2026-07-11 13:21:08,1783776068,R_75,54749.5582,1,12.297599999998056,BACKFILL_AUTO
2026-07-11 13:21:10,1783776070,R_75,54742.1158,-1,7.442399999999907,BACKFILL_AUTO
2026-07-11 13:21:12,1783776072,R_75,54741.86,-1,0.25579999999899883,BACKFILL_AUTO
2026-07-11 13:21:14,1783776074,R_75,54740.3847,-1,1.4752999999982421,BACKFILL_AUTO
2026-07-11 13:21:16,1783776076,R_75,54738.5612,-1,1.823500000005879,BACKFILL_AUTO
2026-07-11 13:21:18,1783776078,R_75,54722.2386,-1,16.32259999999951,BACKFILL_AUTO
2026-07-11 13:21:20,1783776080,R_75,54737.8,1,15.56140000000596,BACKFILL_AUTO
2026-07-11 13:21:22,1783776082,R_75,54743.1546,1,5.354599999998754,BACKFILL_AUTO
2026-07-11 13:21:24,1783776084,R_75,54749.4649,1,6.310299999997369,BACKFILL_AUTO
2026-07-11 13:21:26,1783776086,R_75,54735.6537,-1,13.811199999996461,BACKFILL_AUTO
2026-07-11 13:21:28,1783776088,R_75,54738.0107,1,2.356999999996333,BACKFILL_AUTO
2026-07-11 13:21:30,1783776090,R_75,54748.5505,1,10.53979999999865,BACKFILL_AUTO
2026-07-11 13:21:32,1783776092,R_75,54750.1786,1,1.628100000001723,BACKFILL_AUTO
2026-07-11 13:21:34,1783776094,R_75,54738.4153,-1,11.763299999998708,BACKFILL_AUTO
2026-07-11 13:21:36,1783776096,R_75,54746.7941,1,8.378799999998591,BACKFILL_AUTO
2026-07-11 13:21:38,1783776098,R_75,54738.2422,-1,8.551899999998568,BACKFILL_AUTO
2026-07-11 13:21:40,1783776100,R_75,54739.6017,1,1.3594999999986612,BACKFILL_AUTO
2026-07-11 13:21:42,1783776102,R_75,54745.1684,1,5.566700000003038,BACKFILL_AUTO
2026-07-11 13:21:44,1783776104,R_75,54737.5749,-1,7.5935000000026776,BACKFILL_AUTO
2026-07-11 13:21:46,1783776106,R_75,54739.1343,1,1.559399999998277,BACKFILL_AUTO
2026-07-11 13:21:48,1783776108,R_75,54709.71,-1,29.424299999998766,BACKFILL_AUTO
2026-07-11 13:21:50,1783776110,R_75,54704.1081,-1,5.6019000000014785,BACKFILL_AUTO
2026-07-11 13:21:52,1783776112,R_75,54703.5385,-1,0.5695999999952619,BACKFILL_AUTO
2026-07-11 13:21:54,1783776114,R_75,54712.3753,1,8.83679999999731,BACKFILL_AUTO
2026-07-11 13:21:56,1783776116,R_75,54702.5946,-1,9.78070000000298,BACKFILL_AUTO
2026-07-11 13:21:58,1783776118,R_75,54691.5382,-1,11.056399999994028,BACKFILL_AUTO
2026-07-11 13:22:00,1783776120,R_75,54690.3758,-1,1.162400000001071,BACKFILL_AUTO
2026-07-11 13:22:02,1783776122,R_75,54695.2671,1,4.891299999995681,BACKFILL_AUTO
2026-07-11 13:22:04,1783776124,R_75,54681.2822,-1,13.984899999995832,BACKFILL_AUTO
2026-07-11 13:22:06,1783776126,R_75,54670.203,-1,11.079200000000128,BACKFILL_AUTO
2026-07-11 13:22:08,1783776128,R_75,54679.3227,1,9.119699999995646,BACKFILL_AUTO
2026-07-11 13:22:10,1783776130,R_75,54686.4488,1,7.1261000000013155,BACKFILL_AUTO
2026-07-11 13:22:12,1783776132,R_75,54694.7504,1,8.30159999999887,BACKFILL_AUTO
2026-07-11 13:22:14,1783776134,R_75,54688.8962,-1,5.854199999994307,BACKFILL_AUTO
2026-07-11 13:22:16,1783776136,R_75,54687.602,-1,1.2942000000039116,BACKFILL_AUTO
2026-07-11 13:22:18,1783776138,R_75,54676.0499,-1,11.552100000000792,BACKFILL_AUTO
2026-07-11 13:22:20,1783776140,R_75,54691.9432,1,15.893300000003364,BACKFILL_AUTO
2026-07-11 13:22:22,1783776142,R_75,54671.4642,-1,20.47899999999936,BACKFILL_AUTO
2026-07-11 13:22:24,1783776144,R_75,54681.9647,1,10.500499999994645,BACKFILL_AUTO
2026-07-11 13:22:26,1783776146,R_75,54690.596,1,8.63130000000092,BACKFILL_AUTO
2026-07-11 13:22:28,1783776148,R_75,54693.4253,1,2.829300000004878,BACKFILL_AUTO
2026-07-11 13:22:30,1783776150,R_75,54683.5712,-1,9.85410000000411,BACKFILL_AUTO
2026-07-11 13:22:32,1783776152,R_75,54671.4542,-1,12.11699999999837,BACKFILL_AUTO
2026-07-11 13:22:34,1783776154,R_75,54676.4116,1,4.957399999999325,BACKFILL_AUTO
2026-07-11 13:22:36,1783776156,R_75,54683.5697,1,7.158100000000559,BACKFILL_AUTO
2026-07-11 13:22:38,1783776158,R_75,54693.0972,1,9.527499999996508,BACKFILL_AUTO
2026-07-11 13:22:40,1783776160,R_75,54699.0738,1,5.976600000001781,BACKFILL_AUTO
2026-07-11 13:22:42,1783776162,R_75,54694.1766,-1,4.89719999999943,BACKFILL_AUTO
2026-07-11 13:22:44,1783776164,R_75,54701.4966,1,7.319999999999709,BACKFILL_AUTO
2026-07-11 13:22:46,1783776166,R_75,54713.3676,1,11.870999999999185,BACKFILL_AUTO
2026-07-11 13:22:48,1783776168,R_75,54728.6844,1,15.316800000000512,BACKFILL_AUTO
2026-07-11 13:22:50,1783776170,R_75,54731.1597,1,2.475299999998242,BACKFILL_AUTO
2026-07-11 13:22:52,1783776172,R_75,54735.632,1,4.472300000001269,BACKFILL_AUTO
2026-07-11 13:22:54,1783776174,R_75,54741.0218,1,5.38980000000447,BACKFILL_AUTO
2026-07-11 13:22:56,1783776176,R_75,54734.548,-1,6.4737999999997555,BACKFILL_AUTO
2026-07-11 13:22:58,1783776178,R_75,54712.0839,-1,22.46410000000469,BACKFILL_AUTO
2026-07-11 13:23:00,1783776180,R_75,54705.0899,-1,6.993999999998778,BACKFILL_AUTO
2026-07-11 13:23:02,1783776182,R_75,54677.2499,-1,27.839999999996508,BACKFILL_AUTO
2026-07-11 13:23:04,1783776184,R_75,54678.8469,1,1.5969999999942956,BACKFILL_AUTO
2026-07-11 13:23:06,1783776186,R_75,54678.1138,-1,0.7330999999976484,BACKFILL_AUTO
2026-07-11 13:23:08,1783776188,R_75,54671.4931,-1,6.620699999999488,BACKFILL_AUTO
2026-07-11 13:23:10,1783776190,R_75,54676.0153,1,4.52219999999943,BACKFILL_AUTO
2026-07-11 13:23:12,1783776192,R_75,54668.3233,-1,7.692000000002736,BACKFILL_AUTO
2026-07-11 13:23:14,1783776194,R_75,54686.5888,1,18.26550000000134,BACKFILL_AUTO
2026-07-11 13:23:16,1783776196,R_75,54695.0697,1,8.480900000002293,BACKFILL_AUTO
2026-07-11 13:23:18,1783776198,R_75,54699.5533,1,4.483599999999569,BACKFILL_AUTO
2026-07-11 13:23:20,1783776200,R_75,54690.3905,-1,9.162799999998242,BACKFILL_AUTO
2026-07-11 13:23:22,1783776202,R_75,54688.0398,-1,2.350700000002689,BACKFILL_AUTO
2026-07-11 13:23:24,1783776204,R_75,54682.2366,-1,5.803200000002107,BACKFILL_AUTO
2026-07-11 13:23:26,1783776206,R_75,54681.4577,-1,0.7788999999975204,BACKFILL_AUTO
2026-07-11 13:23:28,1783776208,R_75,54682.9727,1,1.514999999999418,BACKFILL_AUTO
2026-07-11 13:23:30,1783776210,R_75,54698.0441,1,15.071400000000722,BACKFILL_AUTO
2026-07-11 13:23:32,1783776212,R_75,54696.2099,-1,1.8341999999975087,BACKFILL_AUTO
2026-07-11 13:23:34,1783776214,R_75,54677.5174,-1,18.692500000004657,BACKFILL_AUTO
2026-07-11 13:23:36,1783776216,R_75,54660.5955,-1,16.92189999999391,BACKFILL_AUTO
2026-07-11 13:23:38,1783776218,R_75,54662.0941,1,1.4985999999989872,BACKFILL_AUTO
2026-07-11 13:23:40,1783776220,R_75,54653.8023,-1,8.291799999999057,BACKFILL_AUTO
2026-07-11 13:23:42,1783776222,R_75,54653.0863,-1,0.7160000000003492,BACKFILL_AUTO
2026-07-11 13:23:44,1783776224,R_75,54677.8584,1,24.77209999999468,BACKFILL_AUTO
2026-07-11 13:23:46,1783776226,R_75,54671.7105,-1,6.147899999996298,BACKFILL_AUTO
2026-07-11 13:23:48,1783776228,R_75,54683.1166,1,11.406100000000151,BACKFILL_AUTO
2026-07-11 13:23:50,1783776230,R_75,54687.3864,1,4.269800000001851,BACKFILL_AUTO
2026-07-11 13:23:52,1783776232,R_75,54663.4923,-1,23.894100000004983,BACKFILL_AUTO
2026-07-11 13:23:54,1783776234,R_75,54656.7694,-1,6.722900000000664,BACKFILL_AUTO
2026-07-11 13:23:56,1783776236,R_75,54661.1652,1,4.395800000005693,BACKFILL_AUTO
2026-07-11 13:23:58,1783776238,R_75,54661.0172,-1,0.14800000000104774,BACKFILL_AUTO
2026-07-11 13:24:00,1783776240,R_75,54659.0891,-1,1.9281000000046333,BACKFILL_AUTO
2026-07-11 13:24:02,1783776242,R_75,54662.6754,1,3.586300000002666,BACKFILL_AUTO
2026-07-11 13:24:04,1783776244,R_75,54666.0176,1,3.3421999999991385,BACKFILL_AUTO
2026-07-11 13:24:06,1783776246,R_75,54658.1827,-1,7.834900000001653,BACKFILL_AUTO
2026-07-11 13:24:08,1783776248,R_75,54687.5156,1,29.332900000001246,BACKFILL_AUTO
2026-07-11 13:24:10,1783776250,R_75,54667.3722,-1,20.143400000000838,BACKFILL_AUTO
2026-07-11 13:24:12,1783776252,R_75,54669.6263,1,2.2541000000055647,BACKFILL_AUTO
2026-07-11 13:24:14,1783776254,R_75,54662.7908,-1,6.835500000001048,BACKFILL_AUTO
2026-07-11 13:24:16,1783776256,R_75,54665.9452,1,3.154399999999441,BACKFILL_AUTO
2026-07-11 13:24:18,1783776258,R_75,54681.368,1,15.42280000000028,BACKFILL_AUTO
2026-07-11 13:24:20,1783776260,R_75,54694.2367,1,12.86869999999908,BACKFILL_AUTO
2026-07-11 13:24:22,1783776262,R_75,54704.6415,1,10.404799999996612,BACKFILL_AUTO
2026-07-11 13:24:24,1783776264,R_75,54697.7305,-1,6.911000000000058,BACKFILL_AUTO
2026-07-11 13:24:26,1783776266,R_75,54710.5574,1,12.826900000000023,BACKFILL_AUTO
2026-07-11 13:24:28,1783776268,R_75,54716.031,1,5.473600000004808,BACKFILL_AUTO
2026-07-11 13:24:30,1783776270,R_75,54700.7081,-1,15.322899999999208,BACKFILL_AUTO
2026-07-11 13:24:32,1783776272,R_75,54695.7494,-1,4.958700000002864,BACKFILL_AUTO
2026-07-11 13:24:34,1783776274,R_75,54688.7242,-1,7.025200000003679,BACKFILL_AUTO
2026-07-11 13:24:36,1783776276,R_75,54683.135,-1,5.589199999994889,BACKFILL_AUTO
2026-07-11 13:24:38,1783776278,R_75,54674.824,-1,8.311000000001513,BACKFILL_AUTO
2026-07-11 13:24:40,1783776280,R_75,54704.3864,1,29.562400000002526,BACKFILL_AUTO
2026-07-11 13:24:42,1783776282,R_75,54708.2382,1,3.8517999999967287,BACKFILL_AUTO
2026-07-11 13:24:44,1783776284,R_75,54722.6822,1,14.444000000003143,BACKFILL_AUTO
2026-07-11 13:24:46,1783776286,R_75,54715.4366,-1,7.245600000002014,BACKFILL_AUTO
2026-07-11 13:24:48,1783776288,R_75,54715.781,1,0.3444000000017695,BACKFILL_AUTO
2026-07-11 13:24:50,1783776290,R_75,54717.8324,1,2.0513999999966472,BACKFILL_AUTO
2026-07-11 13:24:52,1783776292,R_75,54725.0799,1,7.247499999997672,BACKFILL_AUTO
2026-07-11 13:24:54,1783776294,R_75,54726.2718,1,1.191900000005262,BACKFILL_AUTO
2026-07-11 13:24:56,1783776296,R_75,54732.2077,1,5.935899999996764,BACKFILL_AUTO
2026-07-11 13:24:58,1783776298,R_75,54734.4367,1,2.2289999999993597,BACKFILL_AUTO
2026-07-11 13:25:00,1783776300,R_75,54734.2413,-1,0.19539999999688007,BACKFILL_AUTO
2026-07-11 13:25:02,1783776302,R_75,54729.0719,-1,5.169399999998859,BACKFILL_AUTO
2026-07-11 13:25:04,1783776304,R_75,54742.2624,1,13.190499999996973,BACKFILL_AUTO
2026-07-11 13:25:06,1783776306,R_75,54744.5109,1,2.2485000000015134,BACKFILL_AUTO
2026-07-11 13:25:08,1783776308,R_75,54733.8289,-1,10.682000000000698,BACKFILL_AUTO
2026-07-11 13:25:10,1783776310,R_75,54735.9802,1,2.1512999999977183,BACKFILL_AUTO
2026-07-11 13:25:12,1783776312,R_75,54743.8702,1,7.889999999999418,BACKFILL_AUTO
2026-07-11 13:25:14,1783776314,R_75,54730.3593,-1,13.51090000000113,BACKFILL_AUTO
2026-07-11 13:25:16,1783776316,R_75,54723.2778,-1,7.081499999992957,BACKFILL_AUTO
2026-07-11 13:25:18,1783776318,R_75,54723.7127,1,0.43489999999292195,BACKFILL_AUTO
2026-07-11 13:25:20,1783776320,R_75,54719.0569,-1,4.655799999993178,BACKFILL_AUTO
2026-07-11 13:25:22,1783776322,R_75,54720.0431,1,0.9861999999993714,BACKFILL_AUTO
2026-07-11 13:25:24,1783776324,R_75,54717.6814,-1,2.361700000001292,BACKFILL_AUTO
2026-07-11 13:25:26,1783776326,R_75,54716.428,-1,1.2534000000014203,BACKFILL_AUTO
2026-07-11 13:25:28,1783776328,R_75,54714.8226,-1,1.6054000000003725,BACKFILL_AUTO
2026-07-11 13:25:30,1783776330,R_75,54732.818,1,17.99539999999979,BACKFILL_AUTO
2026-07-11 13:25:32,1783776332,R_75,54748.3272,1,15.509200000000419,BACKFILL_AUTO
2026-07-11 13:25:34,1783776334,R_75,54757.0339,1,8.706700000002456,BACKFILL_AUTO
2026-07-11 13:25:36,1783776336,R_75,54750.6453,-1,6.388600000005681,BACKFILL_AUTO
2026-07-11 13:25:38,1783776338,R_75,54762.2906,1,11.645300000003772,BACKFILL_AUTO
2026-07-11 13:25:40,1783776340,R_75,54769.7021,1,7.411500000001979,BACKFILL_AUTO
2026-07-11 13:25:42,1783776342,R_75,54768.9226,-1,0.779500000004191,BACKFILL_AUTO
2026-07-11 13:25:44,1783776344,R_75,54748.4681,-1,20.454499999999825,BACKFILL_AUTO
2026-07-11 13:25:46,1783776346,R_75,54748.1619,-1,0.3061999999990803,BACKFILL_AUTO
2026-07-11 13:25:48,1783776348,R_75,54754.122,1,5.960100000003877,BACKFILL_AUTO
2026-07-11 13:25:50,1783776350,R_75,54752.1103,-1,2.0117000000027474,BACKFILL_AUTO
2026-07-11 13:25:52,1783776352,R_75,54746.5903,-1,5.519999999996799,BACKFILL_AUTO
2026-07-11 13:25:54,1783776354,R_75,54718.8645,-1,27.725800000000163,BACKFILL_AUTO
2026-07-11 13:25:56,1783776356,R_75,54711.9823,-1,6.882200000000012,BACKFILL_AUTO
2026-07-11 13:25:58,1783776358,R_75,54713.1155,1,1.1331999999965774,BACKFILL_AUTO
2026-07-11 13:26:00,1783776360,R_75,54723.0244,1,9.908900000002177,BACKFILL_AUTO
2026-07-11 13:26:02,1783776362,R_75,54744.283,1,21.258600000001024,BACKFILL_AUTO
2026-07-11 13:26:04,1783776364,R_75,54729.3694,-1,14.91359999999986,BACKFILL_AUTO
2026-07-11 13:26:06,1783776366,R_75,54734.285,1,4.915600000000268,BACKFILL_AUTO
2026-07-11 13:26:08,1783776368,R_75,54744.489,1,10.203999999997905,BACKFILL_AUTO
2026-07-11 13:26:10,1783776370,R_75,54754.328,1,9.838999999999942,BACKFILL_AUTO
2026-07-11 13:26:12,1783776372,R_75,54744.864,-1,9.463999999999942,BACKFILL_AUTO
2026-07-11 13:26:14,1783776374,R_75,54741.5145,-1,3.3495000000039,BACKFILL_AUTO
2026-07-11 13:26:16,1783776376,R_75,54744.8754,1,3.360899999999674,BACKFILL_AUTO
2026-07-11 13:26:18,1783776378,R_75,54734.6152,-1,10.260199999996985,BACKFILL_AUTO
2026-07-11 13:26:20,1783776380,R_75,54744.116,1,9.500800000001618,BACKFILL_AUTO
2026-07-11 13:26:22,1783776382,R_75,54754.9388,1,10.822800000001735,BACKFILL_AUTO
2026-07-11 13:26:24,1783776384,R_75,54759.1738,1,4.234999999993306,BACKFILL_AUTO
2026-07-11 13:26:26,1783776386,R_75,54747.9847,-1,11.18909999999596,BACKFILL_AUTO
2026-07-11 13:26:28,1783776388,R_75,54755.7435,1,7.758799999995972,BACKFILL_AUTO
2026-07-11 13:26:30,1783776390,R_75,54762.3222,1,6.578700000005483,BACKFILL_AUTO
2026-07-11 13:26:32,1783776392,R_75,54759.1383,-1,3.183900000003632,BACKFILL_AUTO
2026-07-11 13:26:34,1783776394,R_75,54762.8594,1,3.7211000000024796,BACKFILL_AUTO
2026-07-11 13:26:36,1783776396,R_75,54767.5956,1,4.736199999999371,BACKFILL_AUTO
2026-07-11 13:26:38,1783776398,R_75,54770.6055,1,3.0098999999972875,BACKFILL_AUTO
2026-07-11 13:26:40,1783776400,R_75,54763.6545,-1,6.951000000000931,BACKFILL_AUTO
2026-07-11 13:26:42,1783776402,R_75,54767.0813,1,3.4268000000010943,BACKFILL_AUTO
2026-07-11 13:26:44,1783776404,R_75,54775.5137,1,8.432400000005146,BACKFILL_AUTO
2026-07-11 13:26:46,1783776406,R_75,54776.1103,1,0.5965999999971245,BACKFILL_AUTO
2026-07-11 13:26:48,1783776408,R_75,54765.6084,-1,10.501900000002934,BACKFILL_AUTO
2026-07-11 13:26:50,1783776410,R_75,54755.2544,-1,10.35399999999936,BACKFILL_AUTO
2026-07-11 13:26:52,1783776412,R_75,54764.9981,1,9.74369999999908,BACKFILL_AUTO
2026-07-11 13:26:54,1783776414,R_75,54761.1227,-1,3.875399999997171,BACKFILL_AUTO
2026-07-11 13:26:56,1783776416,R_75,54771.3248,1,10.202100000002247,BACKFILL_AUTO
2026-07-11 13:26:58,1783776418,R_75,54781.9779,1,10.653099999995902,BACKFILL_AUTO
2026-07-11 13:27:00,1783776420,R_75,54804.018,1,22.040099999998347,BACKFILL_AUTO
2026-07-11 13:27:02,1783776422,R_75,54818.5339,1,14.515900000005786,BACKFILL_AUTO
2026-07-11 13:27:04,1783776424,R_75,54832.4712,1,13.937299999997776,BACKFILL_AUTO
2026-07-11 13:27:06,1783776426,R_75,54831.3499,-1,1.1212999999988824,BACKFILL_AUTO
2026-07-11 13:27:08,1783776428,R_75,54821.5104,-1,9.839500000001863,BACKFILL_AUTO
2026-07-11 13:27:10,1783776430,R_75,54837.2336,1,15.72320000000036,BACKFILL_AUTO
2026-07-11 13:27:12,1783776432,R_75,54831.9919,-1,5.241699999998673,BACKFILL_AUTO
2026-07-11 13:27:14,1783776434,R_75,54824.3149,-1,7.677000000003318,BACKFILL_AUTO
2026-07-11 13:27:16,1783776436,R_75,54819.3128,-1,5.002099999997881,BACKFILL_AUTO
2026-07-11 13:27:18,1783776438,R_75,54822.4515,1,3.138700000003155,BACKFILL_AUTO
2026-07-11 13:27:20,1783776440,R_75,54827.8671,1,5.415600000000268,BACKFILL_AUTO
2026-07-11 13:27:22,1783776442,R_75,54825.2185,-1,2.6486000000004424,BACKFILL_AUTO
2026-07-11 13:27:24,1783776444,R_75,54825.5418,1,0.3232999999963795,BACKFILL_AUTO
2026-07-11 13:27:26,1783776446,R_75,54826.7729,1,1.231100000004517,BACKFILL_AUTO
2026-07-11 13:27:28,1783776448,R_75,54833.2541,1,6.481199999994715,BACKFILL_AUTO
2026-07-11 13:27:30,1783776450,R_75,54841.8833,1,8.629200000003038,BACKFILL_AUTO
2026-07-11 13:27:32,1783776452,R_75,54841.1093,-1,0.7740000000048894,BACKFILL_AUTO
2026-07-11 13:27:34,1783776454,R_75,54856.49,1,15.380700000001525,BACKFILL_AUTO
2026-07-11 13:27:36,1783776456,R_75,54864.7037,1,8.213700000000244,BACKFILL_AUTO
2026-07-11 13:27:38,1783776458,R_75,54877.0007,1,12.296999999998661,BACKFILL_AUTO
2026-07-11 13:27:40,1783776460,R_75,54886.8685,1,9.867799999999988,BACKFILL_AUTO
2026-07-11 13:27:42,1783776462,R_75,54879.6158,-1,7.252699999997276,BACKFILL_AUTO
2026-07-11 13:27:44,1783776464,R_75,54883.1759,1,3.5601000000024214,BACKFILL_AUTO
2026-07-11 13:27:46,1783776466,R_75,54890.1784,1,7.002499999995052,BACKFILL_AUTO
2026-07-11 13:27:48,1783776468,R_75,54862.665,-1,27.51339999999618,BACKFILL_AUTO
2026-07-11 13:27:50,1783776470,R_75,54874.2788,1,11.613799999999173,BACKFILL_AUTO
2026-07-11 13:27:52,1783776472,R_75,54870.2126,-1,4.066200000001118,BACKFILL_AUTO
2026-07-11 13:27:54,1783776474,R_75,54859.844,-1,10.368600000001607,BACKFILL_AUTO
2026-07-11 13:27:56,1783776476,R_75,54872.3483,1,12.504300000000512,BACKFILL_AUTO
2026-07-11 13:27:58,1783776478,R_75,54868.0499,-1,4.298399999999674,BACKFILL_AUTO
2026-07-11 13:28:00,1783776480,R_75,54890.9952,1,22.945299999999406,BACKFILL_AUTO
2026-07-11 13:28:02,1783776482,R_75,54909.6188,1,18.623599999998987,BACKFILL_AUTO
2026-07-11 13:28:04,1783776484,R_75,54926.7312,1,17.112400000005437,BACKFILL_AUTO
2026-07-11 13:28:06,1783776486,R_75,54925.1686,-1,1.5626000000047497,BACKFILL_AUTO
2026-07-11 13:28:08,1783776488,R_75,54919.2111,-1,5.957499999996799,BACKFILL_AUTO
2026-07-11 13:28:10,1783776490,R_75,54902.2344,-1,16.976699999999255,BACKFILL_AUTO
2026-07-11 13:28:12,1783776492,R_75,54903.6589,1,1.4245000000009895,BACKFILL_AUTO
2026-07-11 13:28:14,1783776494,R_75,54907.6551,1,3.9962000000014086,BACKFILL_AUTO
2026-07-11 13:28:16,1783776496,R_75,54912.1552,1,4.500099999997474,BACKFILL_AUTO
2026-07-11 13:28:18,1783776498,R_75,54909.2673,-1,2.8879000000015367,BACKFILL_AUTO
2026-07-11 13:28:20,1783776500,R_75,54906.8341,-1,2.4331999999994878,BACKFILL_AUTO
2026-07-11 13:28:22,1783776502,R_75,54919.0538,1,12.219700000001467,BACKFILL_AUTO
2026-07-11 13:28:24,1783776504,R_75,54901.61,-1,17.44380000000092,BACKFILL_AUTO
2026-07-11 13:28:26,1783776506,R_75,54910.8489,1,9.238899999996647,BACKFILL_AUTO
2026-07-11 13:28:28,1783776508,R_75,54918.6599,1,7.811000000001513,BACKFILL_AUTO
2026-07-11 13:28:30,1783776510,R_75,54923.1811,1,4.521200000002864,BACKFILL_AUTO
2026-07-11 13:28:32,1783776512,R_75,54914.4181,-1,8.76299999999901,BACKFILL_AUTO
2026-07-11 13:28:34,1783776514,R_75,54912.8128,-1,1.6053000000028987,BACKFILL_AUTO
2026-07-11 13:28:36,1783776516,R_75,54906.7208,-1,6.091999999996915,BACKFILL_AUTO
2026-07-11 13:28:38,1783776518,R_75,54893.6599,-1,13.06090000000404,BACKFILL_AUTO
2026-07-11 13:28:40,1783776520,R_75,54893.4344,-1,0.22550000000046566,BACKFILL_AUTO
2026-07-11 13:28:42,1783776522,R_75,54898.1618,1,4.727400000003399,BACKFILL_AUTO
2026-07-11 13:28:44,1783776524,R_75,54902.4278,1,4.265999999995984,BACKFILL_AUTO
2026-07-11 13:28:46,1783776526,R_75,54895.77,-1,6.6578000000008615,BACKFILL_AUTO
2026-07-11 13:28:48,1783776528,R_75,54878.266,-1,17.50399999999354,BACKFILL_AUTO
2026-07-11 13:28:50,1783776530,R_75,54884.2852,1,6.01919999999518,BACKFILL_AUTO
2026-07-11 13:28:52,1783776532,R_75,54885.5284,1,1.2432000000044354,BACKFILL_AUTO
2026-07-11 13:28:54,1783776534,R_75,54881.4683,-1,4.060100000002421,BACKFILL_AUTO
2026-07-11 13:28:56,1783776536,R_75,54878.7771,-1,2.6912000000011176,BACKFILL_AUTO
2026-07-11 13:28:58,1783776538,R_75,54870.2132,-1,8.563900000001013,BACKFILL_AUTO
2026-07-11 13:29:00,1783776540,R_75,54877.5392,1,7.326000000000931,BACKFILL_AUTO
2026-07-11 13:29:02,1783776542,R_75,54879.637,1,2.09780000000319,BACKFILL_AUTO
2026-07-11 13:29:04,1783776544,R_75,54883.0903,1,3.453300000001036,BACKFILL_AUTO
2026-07-11 13:29:06,1783776546,R_75,54885.4411,1,2.350799999992887,BACKFILL_AUTO
2026-07-11 13:29:08,1783776548,R_75,54886.7753,1,1.3342000000047847,BACKFILL_AUTO
2026-07-11 13:29:10,1783776550,R_75,54893.838,1,7.0627000000022235,BACKFILL_AUTO
2026-07-11 13:29:12,1783776552,R_75,54895.9422,1,2.1041999999943073,BACKFILL_AUTO
2026-07-11 13:29:14,1783776554,R_75,54889.9367,-1,6.0054999999993015,BACKFILL_AUTO
2026-07-11 13:29:16,1783776556,R_75,54884.8214,-1,5.11529999999766,BACKFILL_AUTO
2026-07-11 13:29:18,1783776558,R_75,54868.3172,-1,16.50420000000304,BACKFILL_AUTO
2026-07-11 13:29:20,1783776560,R_75,54870.8741,1,2.5569000000032247,BACKFILL_AUTO
2026-07-11 13:29:22,1783776562,R_75,54876.3996,1,5.5254999999961,BACKFILL_AUTO
2026-07-11 13:29:24,1783776564,R_75,54879.0067,1,2.6071000000010827,BACKFILL_AUTO
2026-07-11 13:29:26,1783776566,R_75,54893.8231,1,14.816400000003341,BACKFILL_AUTO
2026-07-11 13:29:28,1783776568,R_75,54892.1499,-1,1.6732000000047265,BACKFILL_AUTO
2026-07-11 13:29:30,1783776570,R_75,54913.1576,1,21.007700000001932,BACKFILL_AUTO
2026-07-11 13:29:32,1783776572,R_75,54898.6469,-1,14.510699999998906,BACKFILL_AUTO
2026-07-11 13:29:34,1783776574,R_75,54902.1223,1,3.475400000002992,BACKFILL_AUTO
2026-07-11 13:29:36,1783776576,R_75,54901.9389,-1,0.1834000000017113,BACKFILL_AUTO
2026-07-11 13:29:38,1783776578,R_75,54894.2415,-1,7.6974000000045635,BACKFILL_AUTO
2026-07-11 13:29:40,1783776580,R_75,54891.8102,-1,2.431299999996554,BACKFILL_AUTO
2026-07-11 13:29:42,1783776582,R_75,54900.5086,1,8.69840000000113,BACKFILL_AUTO
2026-07-11 13:29:44,1783776584,R_75,54901.3563,1,0.84769999999844,BACKFILL_AUTO
2026-07-11 13:29:46,1783776586,R_75,54900.4424,-1,0.9138999999995576,BACKFILL_AUTO
2026-07-11 13:29:48,1783776588,R_75,54909.8306,1,9.388200000001234,BACKFILL_AUTO
2026-07-11 13:29:50,1783776590,R_75,54878.9462,-1,30.884400000002643,BACKFILL_AUTO
2026-07-11 13:29:52,1783776592,R_75,54883.6017,1,4.655500000000757,BACKFILL_AUTO
2026-07-11 13:29:54,1783776594,R_75,54871.5982,-1,12.003499999998894,BACKFILL_AUTO
2026-07-11 13:29:56,1783776596,R_75,54904.8497,1,33.25149999999849,BACKFILL_AUTO
2026-07-11 13:29:58,1783776598,R_75,54893.8037,-1,11.046000000002095,BACKFILL_AUTO
2026-07-11 13:30:00,1783776600,R_75,54897.5315,1,3.7278000000005704,BACKFILL_AUTO
2026-07-11 13:30:02,1783776602,R_75,54895.7151,-1,1.8163999999960652,BACKFILL_AUTO
2026-07-11 13:30:04,1783776604,R_75,54900.2745,1,4.559399999998277,BACKFILL_AUTO
2026-07-11 13:30:06,1783776606,R_75,54896.7,-1,3.5745000000024447,BACKFILL_AUTO
2026-07-11 13:30:08,1783776608,R_75,54894.373,-1,2.326999999997497,BACKFILL_AUTO
2026-07-11 13:30:10,1783776610,R_75,54885.0078,-1,9.365200000000186,BACKFILL_AUTO
2026-07-11 13:30:12,1783776612,R_75,54879.82,-1,5.187799999999697,BACKFILL_AUTO
2026-07-11 13:30:14,1783776614,R_75,54878.5495,-1,1.2704999999987194,BACKFILL_AUTO
2026-07-11 13:30:16,1783776616,R_75,54876.66,-1,1.889499999997497,BACKFILL_AUTO
2026-07-11 13:30:18,1783776618,R_75,54884.9988,1,8.338799999997718,BACKFILL_AUTO
2026-07-11 13:30:20,1783776620,R_75,54893.502,1,8.503199999999197,BACKFILL_AUTO
2026-07-11 13:30:22,1783776622,R_75,54909.9843,1,16.48229999999603,BACKFILL_AUTO
2026-07-11 13:30:24,1783776624,R_75,54927.1402,1,17.155900000005204,BACKFILL_AUTO
2026-07-11 13:30:26,1783776626,R_75,54912.5583,-1,14.58190000000468,BACKFILL_AUTO
2026-07-11 13:30:28,1783776628,R_75,54911.9919,-1,0.5663999999960652,BACKFILL_AUTO
2026-07-11 13:30:30,1783776630,R_75,54919.3618,1,7.36989999999787,BACKFILL_AUTO
2026-07-11 13:30:32,1783776632,R_75,54929.3306,1,9.968800000002375,BACKFILL_AUTO
2026-07-11 13:30:34,1783776634,R_75,54943.103,1,13.772400000001653,BACKFILL_AUTO
2026-07-11 13:30:36,1783776636,R_75,54939.3941,-1,3.7089000000050873,BACKFILL_AUTO
2026-07-11 13:30:38,1783776638,R_75,54935.3275,-1,4.066599999998289,BACKFILL_AUTO
2026-07-11 13:30:40,1783776640,R_75,54939.8873,1,4.559800000002724,BACKFILL_AUTO
2026-07-11 13:30:42,1783776642,R_75,54943.8628,1,3.9755000000004657,BACKFILL_AUTO
2026-07-11 13:30:44,1783776644,R_75,54946.4776,1,2.614799999995739,BACKFILL_AUTO
2026-07-11 13:30:46,1783776646,R_75,54955.6901,1,9.212500000001455,BACKFILL_AUTO
2026-07-11 13:30:48,1783776648,R_75,54947.6626,-1,8.027499999996508,BACKFILL_AUTO
2026-07-11 13:30:50,1783776650,R_75,54955.9653,1,8.302700000000186,BACKFILL_AUTO
2026-07-11 13:30:52,1783776652,R_75,54954.8393,-1,1.1260000000038417,BACKFILL_AUTO
2026-07-11 13:30:54,1783776654,R_75,54942.9621,-1,11.877200000002631,BACKFILL_AUTO
2026-07-11 13:30:56,1783776656,R_75,54932.5886,-1,10.373499999994237,BACKFILL_AUTO
2026-07-11 13:30:58,1783776658,R_75,54947.0618,1,14.47320000000036,BACKFILL_AUTO
2026-07-11 13:31:00,1783776660,R_75,54933.7915,-1,13.270300000003772,BACKFILL_AUTO
2026-07-11 13:31:02,1783776662,R_75,54921.9093,-1,11.882200000000012,BACKFILL_AUTO
2026-07-11 13:31:04,1783776664,R_75,54903.7468,-1,18.162499999998545,BACKFILL_AUTO
2026-07-11 13:31:06,1783776666,R_75,54913.9666,1,10.21979999999894,BACKFILL_AUTO
2026-07-11 13:31:08,1783776668,R_75,54921.2588,1,7.292200000003504,BACKFILL_AUTO
2026-07-11 13:31:10,1783776670,R_75,54907.3323,-1,13.926500000001397,BACKFILL_AUTO
2026-07-11 13:31:12,1783776672,R_75,54887.6855,-1,19.64680000000226,BACKFILL_AUTO
2026-07-11 13:31:14,1783776674,R_75,54870.4932,-1,17.192300000002433,BACKFILL_AUTO
2026-07-11 13:31:16,1783776676,R_75,54866.6985,-1,3.7946999999985565,BACKFILL_AUTO
2026-07-11 13:31:18,1783776678,R_75,54864.0219,-1,2.6765999999988708,BACKFILL_AUTO
2026-07-11 13:31:20,1783776680,R_75,54855.0498,-1,8.972099999999045,BACKFILL_AUTO
2026-07-11 13:31:22,1783776682,R_75,54855.5227,1,0.47290000000066357,BACKFILL_AUTO
2026-07-11 13:31:24,1783776684,R_75,54849.2875,-1,6.235200000002806,BACKFILL_AUTO
2026-07-11 13:31:26,1783776686,R_75,54869.2429,1,19.955399999998917,BACKFILL_AUTO
2026-07-11 13:31:28,1783776688,R_75,54850.5842,-1,18.658699999999953,BACKFILL_AUTO
2026-07-11 13:31:30,1783776690,R_75,54848.4782,-1,2.105999999999767,BACKFILL_AUTO
2026-07-11 13:31:32,1783776692,R_75,54840.2235,-1,8.254699999997683,BACKFILL_AUTO
2026-07-11 13:31:34,1783776694,R_75,54823.2506,-1,16.972900000000664,BACKFILL_AUTO
2026-07-11 13:31:36,1783776696,R_75,54806.8279,-1,16.422700000002806,BACKFILL_AUTO
2026-07-11 13:31:38,1783776698,R_75,54791.4491,-1,15.378799999998591,BACKFILL_AUTO
2026-07-11 13:31:40,1783776700,R_75,54785.4055,-1,6.043599999997241,BACKFILL_AUTO
2026-07-11 13:31:42,1783776702,R_75,54794.5028,1,9.097300000001269,BACKFILL_AUTO
2026-07-11 13:31:44,1783776704,R_75,54774.0637,-1,20.439100000003236,BACKFILL_AUTO
2026-07-11 13:31:46,1783776706,R_75,54768.9237,-1,5.139999999999418,BACKFILL_AUTO
2026-07-11 13:31:48,1783776708,R_75,54773.672,1,4.74829999999929,BACKFILL_AUTO
2026-07-11 13:31:50,1783776710,R_75,54764.2649,-1,9.407099999996717,BACKFILL_AUTO
2026-07-11 13:31:52,1783776712,R_75,54748.6874,-1,15.577499999999418,BACKFILL_AUTO
2026-07-11 13:31:54,1783776714,R_75,54755.6293,1,6.941899999997986,BACKFILL_AUTO
2026-07-11 13:31:56,1783776716,R_75,54765.1829,1,9.553599999999278,BACKFILL_AUTO
2026-07-11 13:31:58,1783776718,R_75,54755.153,-1,10.029900000001362,BACKFILL_AUTO
2026-07-11 13:32:00,1783776720,R_75,54775.942,1,20.789000000004307,BACKFILL_AUTO
2026-07-11 13:32:02,1783776722,R_75,54781.617,1,5.674999999995634,BACKFILL_AUTO
2026-07-11 13:32:04,1783776724,R_75,54798.0642,1,16.44720000000234,BACKFILL_AUTO
2026-07-11 13:32:06,1783776726,R_75,54794.1681,-1,3.896099999998114,BACKFILL_AUTO
2026-07-11 13:32:08,1783776728,R_75,54797.4529,1,3.284799999993993,BACKFILL_AUTO
2026-07-11 13:32:10,1783776730,R_75,54798.3086,1,0.8557000000000698,BACKFILL_AUTO
2026-07-11 13:32:12,1783776732,R_75,54805.7278,1,7.4192000000039116,BACKFILL_AUTO
2026-07-11 13:32:14,1783776734,R_75,54813.4676,1,7.739800000003015,BACKFILL_AUTO
2026-07-11 13:32:16,1783776736,R_75,54822.2095,1,8.74189999999362,BACKFILL_AUTO
2026-07-11 13:32:18,1783776738,R_75,54825.8995,1,3.6900000000023283,BACKFILL_AUTO
2026-07-11 13:32:20,1783776740,R_75,54843.2953,1,17.395799999998417,BACKFILL_AUTO
2026-07-11 13:32:22,1783776742,R_75,54832.1337,-1,11.161599999999453,BACKFILL_AUTO
2026-07-11 13:32:24,1783776744,R_75,54827.8058,-1,4.327899999996589,BACKFILL_AUTO
2026-07-11 13:32:26,1783776746,R_75,54799.9944,-1,27.811399999998685,BACKFILL_AUTO
2026-07-11 13:32:28,1783776748,R_75,54811.2502,1,11.255799999998999,BACKFILL_AUTO
2026-07-11 13:32:30,1783776750,R_75,54808.5153,-1,2.7349000000031083,BACKFILL_AUTO
2026-07-11 13:32:32,1783776752,R_75,54818.2483,1,9.733000000000175,BACKFILL_AUTO
2026-07-11 13:32:34,1783776754,R_75,54829.916,1,11.667699999998149,BACKFILL_AUTO
2026-07-11 13:32:36,1783776756,R_75,54828.4674,-1,1.4485999999960768,BACKFILL_AUTO
2026-07-11 13:32:38,1783776758,R_75,54824.0471,-1,4.420299999997951,BACKFILL_AUTO
2026-07-11 13:32:40,1783776760,R_75,54809.8171,-1,14.230000000003201,BACKFILL_AUTO
2026-07-11 13:32:42,1783776762,R_75,54818.5577,1,8.740599999997357,BACKFILL_AUTO
2026-07-11 13:32:44,1783776764,R_75,54821.6557,1,3.0980000000054133,BACKFILL_AUTO
2026-07-11 13:32:46,1783776766,R_75,54822.9276,1,1.2718999999997322,BACKFILL_AUTO
2026-07-11 13:32:48,1783776768,R_75,54820.1894,-1,2.738199999999779,BACKFILL_AUTO
2026-07-11 13:32:50,1783776770,R_75,54808.1674,-1,12.022000000004482,BACKFILL_AUTO
2026-07-11 13:32:52,1783776772,R_75,54811.0718,1,2.904399999999441,BACKFILL_AUTO
2026-07-11 13:32:54,1783776774,R_75,54798.5741,-1,12.497699999999895,BACKFILL_AUTO
2026-07-11 13:32:56,1783776776,R_75,54783.7098,-1,14.864300000001094,BACKFILL_AUTO
2026-07-11 13:32:58,1783776778,R_75,54767.0441,-1,16.66569999999774,BACKFILL_AUTO
2026-07-11 13:33:00,1783776780,R_75,54767.0148,-1,0.02930000000196742,BACKFILL_AUTO
2026-07-11 13:33:02,1783776782,R_75,54769.1684,1,2.153600000005099,BACKFILL_AUTO
2026-07-11 13:33:04,1783776784,R_75,54774.2453,1,5.076900000000023,BACKFILL_AUTO
2026-07-11 13:33:06,1783776786,R_75,54774.9428,1,0.6974999999947613,BACKFILL_AUTO
2026-07-11 13:33:08,1783776788,R_75,54776.0586,1,1.115799999999581,BACKFILL_AUTO
2026-07-11 13:33:10,1783776790,R_75,54781.4004,1,5.341800000001967,BACKFILL_AUTO
2026-07-11 13:33:12,1783776792,R_75,54785.4576,1,4.057200000002922,BACKFILL_AUTO
2026-07-11 13:33:14,1783776794,R_75,54785.501,1,0.043399999995017424,BACKFILL_AUTO
2026-07-11 13:33:16,1783776796,R_75,54798.5208,1,13.019800000001851,BACKFILL_AUTO
2026-07-11 13:33:18,1783776798,R_75,54792.5403,-1,5.980499999997846,BACKFILL_AUTO
2026-07-11 13:33:20,1783776800,R_75,54793.5059,1,0.9655999999959022,BACKFILL_AUTO
2026-07-11 13:33:22,1783776802,R_75,54788.2153,-1,5.290599999992992,BACKFILL_AUTO
2026-07-11 13:33:24,1783776804,R_75,54784.59,-1,3.6253000000069733,BACKFILL_AUTO
2026-07-11 13:33:26,1783776806,R_75,54799.8232,1,15.233200000002398,BACKFILL_AUTO
2026-07-11 13:33:28,1783776808,R_75,54778.4635,-1,21.359700000000885,BACKFILL_AUTO
2026-07-11 13:33:30,1783776810,R_75,54789.879,1,11.415500000002794,BACKFILL_AUTO
2026-07-11 13:33:32,1783776812,R_75,54794.0931,1,4.214099999997416,BACKFILL_AUTO
2026-07-11 13:33:34,1783776814,R_75,54803.5783,1,9.485200000002806,BACKFILL_AUTO
2026-07-11 13:33:36,1783776816,R_75,54822.2981,1,18.71979999999894,BACKFILL_AUTO
2026-07-11 13:33:38,1783776818,R_75,54834.3825,1,12.084399999999732,BACKFILL_AUTO
2026-07-11 13:33:40,1783776820,R_75,54834.1314,-1,0.2511000000013155,BACKFILL_AUTO
2026-07-11 13:33:42,1783776822,R_75,54836.7026,1,2.5711999999984982,BACKFILL_AUTO
2026-07-11 13:33:44,1783776824,R_75,54835.0507,-1,1.651899999997113,BACKFILL_AUTO
2026-07-11 13:33:46,1783776826,R_75,54825.9279,-1,9.122799999997369,BACKFILL_AUTO
2026-07-11 13:33:48,1783776828,R_75,54837.696,1,11.76810000000114,BACKFILL_AUTO
2026-07-11 13:33:50,1783776830,R_75,54839.9716,1,2.275599999993574,BACKFILL_AUTO
2026-07-11 13:33:52,1783776832,R_75,54833.5661,-1,6.405500000000757,BACKFILL_AUTO
2026-07-11 13:33:54,1783776834,R_75,54842.3071,1,8.741000000001804,BACKFILL_AUTO
2026-07-11 13:33:56,1783776836,R_75,54828.4678,-1,13.83929999999964,BACKFILL_AUTO
2026-07-11 13:33:58,1783776838,R_75,54823.6687,-1,4.7990999999965425,BACKFILL_AUTO
2026-07-11 13:34:00,1783776840,R_75,54823.4041,-1,0.2646000000022468,BACKFILL_AUTO
2026-07-11 13:34:02,1783776842,R_75,54830.0813,1,6.677199999998265,BACKFILL_AUTO
2026-07-11 13:34:04,1783776844,R_75,54809.4467,-1,20.63459999999759,BACKFILL_AUTO
2026-07-11 13:34:06,1783776846,R_75,54809.6548,1,0.20809999999619322,BACKFILL_AUTO
2026-07-11 13:34:08,1783776848,R_75,54783.9373,-1,25.717499999998836,BACKFILL_AUTO
2026-07-11 13:34:10,1783776850,R_75,54774.7003,-1,9.23700000000099,BACKFILL_AUTO
2026-07-11 13:34:12,1783776852,R_75,54773.2445,-1,1.4557999999960884,BACKFILL_AUTO
2026-07-11 13:34:14,1783776854,R_75,54791.8221,1,18.57759999999689,BACKFILL_AUTO
2026-07-11 13:34:16,1783776856,R_75,54788.1565,-1,3.6656000000002678,BACKFILL_AUTO
2026-07-11 13:34:18,1783776858,R_75,54799.1556,1,10.999100000000908,BACKFILL_AUTO
2026-07-11 13:34:20,1783776860,R_75,54793.8203,-1,5.335299999998824,BACKFILL_AUTO
2026-07-11 13:34:22,1783776862,R_75,54791.6602,-1,2.1601000000009662,BACKFILL_AUTO
2026-07-11 13:34:24,1783776864,R_75,54791.5331,-1,0.12709999999788124,BACKFILL_AUTO
2026-07-11 13:34:26,1783776866,R_75,54798.4125,1,6.879399999997986,BACKFILL_AUTO
2026-07-11 13:34:28,1783776868,R_75,54815.6793,1,17.266800000004878,BACKFILL_AUTO
2026-07-11 13:34:30,1783776870,R_75,54810.7715,-1,4.9078000000008615,BACKFILL_AUTO
2026-07-11 13:34:32,1783776872,R_75,54808.915,-1,1.856500000001688,BACKFILL_AUTO
2026-07-11 13:34:34,1783776874,R_75,54813.5668,1,4.651799999999639,BACKFILL_AUTO
2026-07-11 13:34:36,1783776876,R_75,54812.5444,-1,1.022400000001653,BACKFILL_AUTO
2026-07-11 13:34:38,1783776878,R_75,54798.6616,-1,13.882799999999406,BACKFILL_AUTO
2026-07-11 13:34:40,1783776880,R_75,54804.9979,1,6.336300000002666,BACKFILL_AUTO
2026-07-11 13:34:42,1783776882,R_75,54810.6136,1,5.615699999994831,BACKFILL_AUTO
2026-07-11 13:34:44,1783776884,R_75,54820.6944,1,10.080800000003364,BACKFILL_AUTO
2026-07-11 13:34:46,1783776886,R_75,54805.9745,-1,14.71990000000369,BACKFILL_AUTO
2026-07-11 13:34:48,1783776888,R_75,54802.6182,-1,3.3562999999994645,BACKFILL_AUTO
2026-07-11 13:34:50,1783776890,R_75,54793.9,-1,8.718199999995704,BACKFILL_AUTO
2026-07-11 13:34:52,1783776892,R_75,54808.1584,1,14.258399999998801,BACKFILL_AUTO
2026-07-11 13:34:54,1783776894,R_75,54806.8155,-1,1.342900000003283,BACKFILL_AUTO
2026-07-11 13:34:56,1783776896,R_75,54820.3491,1,13.53360000000248,BACKFILL_AUTO
2026-07-11 13:34:58,1783776898,R_75,54828.416,1,8.066899999997986,BACKFILL_AUTO
2026-07-11 13:35:00,1783776900,R_75,54849.8707,1,21.45470000000205,BACKFILL_AUTO
2026-07-11 13:35:02,1783776902,R_75,54844.4137,-1,5.457000000002154,BACKFILL_AUTO
2026-07-11 13:35:04,1783776904,R_75,54833.1393,-1,11.274399999994785,BACKFILL_AUTO
2026-07-11 13:35:06,1783776906,R_75,54839.118,1,5.978699999999662,BACKFILL_AUTO
2026-07-11 13:35:08,1783776908,R_75,54828.7466,-1,10.371400000003632,BACKFILL_AUTO
2026-07-11 13:35:10,1783776910,R_75,54821.6015,-1,7.145100000001548,BACKFILL_AUTO
2026-07-11 13:35:12,1783776912,R_75,54843.5078,1,21.906300000002375,BACKFILL_AUTO
2026-07-11 13:35:14,1783776914,R_75,54841.7942,-1,1.7136000000027707,BACKFILL_AUTO
2026-07-11 13:35:16,1783776916,R_75,54838.3889,-1,3.405299999998533,BACKFILL_AUTO
2026-07-11 13:35:18,1783776918,R_75,54829.718,-1,8.670899999997346,BACKFILL_AUTO
2026-07-11 13:35:20,1783776920,R_75,54831.1622,1,1.4441999999980908,BACKFILL_AUTO
2026-07-11 13:35:22,1783776922,R_75,54811.3144,-1,19.847799999995914,BACKFILL_AUTO
2026-07-11 13:35:24,1783776924,R_75,54815.6721,1,4.357700000000477,BACKFILL_AUTO
2026-07-11 13:35:26,1783776926,R_75,54816.3341,1,0.661999999996624,BACKFILL_AUTO
2026-07-11 13:35:28,1783776928,R_75,54808.0895,-1,8.244599999998172,BACKFILL_AUTO
2026-07-11 13:35:30,1783776930,R_75,54806.2421,-1,1.8473999999987427,BACKFILL_AUTO
2026-07-11 13:35:32,1783776932,R_75,54820.9625,1,14.720399999998335,BACKFILL_AUTO
2026-07-11 13:35:34,1783776934,R_75,54818.541,-1,2.4215000000040163,BACKFILL_AUTO
2026-07-11 13:35:36,1783776936,R_75,54829.1393,1,10.59830000000511,BACKFILL_AUTO
2026-07-11 13:35:38,1783776938,R_75,54813.8089,-1,15.330399999998917,BACKFILL_AUTO
2026-07-11 13:35:40,1783776940,R_75,54807.9948,-1,5.814100000003236,BACKFILL_AUTO
2026-07-11 13:35:42,1783776942,R_75,54823.9304,1,15.935599999997066,BACKFILL_AUTO
2026-07-11 13:35:44,1783776944,R_75,54814.9546,-1,8.975800000000163,BACKFILL_AUTO
2026-07-11 13:35:46,1783776946,R_75,54809.7277,-1,5.2268999999942025,BACKFILL_AUTO
2026-07-11 13:35:48,1783776948,R_75,54800.9605,-1,8.767200000002049,BACKFILL_AUTO
2026-07-11 13:35:50,1783776950,R_75,54790.597,-1,10.363499999999476,BACKFILL_AUTO
2026-07-11 13:35:52,1783776952,R_75,54794.0415,1,3.444499999997788,BACKFILL_AUTO
2026-07-11 13:35:54,1783776954,R_75,54794.8107,1,0.7692000000024564,BACKFILL_AUTO
2026-07-11 13:35:56,1783776956,R_75,54772.9406,-1,21.870100000000093,BACKFILL_AUTO
2026-07-11 13:35:58,1783776958,R_75,54745.0999,-1,27.840700000000652,BACKFILL_AUTO
2026-07-11 13:36:00,1783776960,R_75,54743.1208,-1,1.9791000000041095,BACKFILL_AUTO
2026-07-11 13:36:02,1783776962,R_75,54754.8847,1,11.763900000005378,BACKFILL_AUTO
2026-07-11 13:36:04,1783776964,R_75,54758.1641,1,3.279399999999441,BACKFILL_AUTO
2026-07-11 13:36:06,1783776966,R_75,54743.5841,-1,14.580000000001746,BACKFILL_AUTO
2026-07-11 13:36:08,1783776968,R_75,54751.8021,1,8.218000000000757,BACKFILL_AUTO
2026-07-11 13:36:10,1783776970,R_75,54767.479,1,15.676899999998568,BACKFILL_AUTO
2026-07-11 13:36:12,1783776972,R_75,54750.9562,-1,16.522799999998824,BACKFILL_AUTO
2026-07-11 13:36:14,1783776974,R_75,54751.3868,1,0.4305999999996857,BACKFILL_AUTO
2026-07-11 13:36:16,1783776976,R_75,54767.5622,1,16.17540000000008,BACKFILL_AUTO
2026-07-11 13:36:18,1783776978,R_75,54775.3422,1,7.779999999998836,BACKFILL_AUTO
2026-07-11 13:36:20,1783776980,R_75,54775.5599,1,0.21770000000105938,BACKFILL_AUTO
2026-07-11 13:36:22,1783776982,R_75,54764.2529,-1,11.307000000000698,BACKFILL_AUTO
2026-07-11 13:36:24,1783776984,R_75,54760.0969,-1,4.1560000000026776,BACKFILL_AUTO
2026-07-11 13:36:26,1783776986,R_75,54743.047,-1,17.04989999999816,BACKFILL_AUTO
2026-07-11 13:36:28,1783776988,R_75,54744.5541,1,1.5071000000025379,BACKFILL_AUTO
2026-07-11 13:36:30,1783776990,R_75,54753.5072,1,8.953099999998813,BACKFILL_AUTO
2026-07-11 13:36:32,1783776992,R_75,54771.8871,1,18.379899999999907,BACKFILL_AUTO
2026-07-11 13:36:34,1783776994,R_75,54774.7031,1,2.815999999998894,BACKFILL_AUTO
2026-07-11 13:36:36,1783776996,R_75,54773.0371,-1,1.6659999999974389,BACKFILL_AUTO
2026-07-11 13:36:38,1783776998,R_75,54773.4863,1,0.44919999999547144,BACKFILL_AUTO
2026-07-11 13:36:40,1783777000,R_75,54777.6919,1,4.205600000001141,BACKFILL_AUTO
2026-07-11 13:36:42,1783777002,R_75,54782.6075,1,4.915600000000268,BACKFILL_AUTO
2026-07-11 13:36:44,1783777004,R_75,54786.2901,1,3.682600000000093,BACKFILL_AUTO
2026-07-11 13:36:46,1783777006,R_75,54780.1359,-1,6.154199999997218,BACKFILL_AUTO
2026-07-11 13:36:48,1783777008,R_75,54779.0399,-1,1.09599999999773,BACKFILL_AUTO
2026-07-11 13:36:50,1783777010,R_75,54776.4282,-1,2.611700000001292,BACKFILL_AUTO
2026-07-11 13:36:52,1783777012,R_75,54771.7191,-1,4.709100000000035,BACKFILL_AUTO
2026-07-11 13:36:54,1783777014,R_75,54765.9314,-1,5.787700000000768,BACKFILL_AUTO
2026-07-11 13:36:56,1783777016,R_75,54772.7691,1,6.837699999996403,BACKFILL_AUTO
2026-07-11 13:36:58,1783777018,R_75,54764.5975,-1,8.171599999994214,BACKFILL_AUTO
2026-07-11 13:37:00,1783777020,R_75,54758.9694,-1,5.628100000001723,BACKFILL_AUTO
2026-07-11 13:37:02,1783777022,R_75,54769.9349,1,10.965499999998428,BACKFILL_AUTO
2026-07-11 13:37:04,1783777024,R_75,54768.7538,-1,1.1811000000016065,BACKFILL_AUTO
2026-07-11 13:37:06,1783777026,R_75,54761.7083,-1,7.045500000000175,BACKFILL_AUTO
2026-07-11 13:37:08,1783777028,R_75,54757.5459,-1,4.162400000001071,BACKFILL_AUTO
2026-07-11 13:37:10,1783777030,R_75,54767.804,1,10.258099999999104,BACKFILL_AUTO
2026-07-11 13:37:12,1783777032,R_75,54750.3877,-1,17.416299999997136,BACKFILL_AUTO
2026-07-11 13:37:14,1783777034,R_75,54758.416,1,8.028299999998126,BACKFILL_AUTO
2026-07-11 13:37:16,1783777036,R_75,54743.7536,-1,14.662400000001071,BACKFILL_AUTO
2026-07-11 13:37:18,1783777038,R_75,54749.4418,1,5.688200000004144,BACKFILL_AUTO
2026-07-11 13:37:20,1783777040,R_75,54767.4012,1,17.959399999999732,BACKFILL_AUTO
2026-07-11 13:37:22,1783777042,R_75,54758.523,-1,8.878199999999197,BACKFILL_AUTO
2026-07-11 13:37:24,1783777044,R_75,54752.6409,-1,5.882100000002538,BACKFILL_AUTO
2026-07-11 13:37:26,1783777046,R_75,54746.4006,-1,6.24029999999766,BACKFILL_AUTO
2026-07-11 13:37:28,1783777048,R_75,54751.6278,1,5.227200000001176,BACKFILL_AUTO
2026-07-11 13:37:30,1783777050,R_75,54757.3078,1,5.680000000000291,BACKFILL_AUTO
2026-07-11 13:37:32,1783777052,R_75,54761.5635,1,4.255699999994249,BACKFILL_AUTO
2026-07-11 13:37:34,1783777054,R_75,54756.0875,-1,5.475999999995111,BACKFILL_AUTO
2026-07-11 13:37:36,1783777056,R_75,54744.515,-1,11.572500000002037,BACKFILL_AUTO
2026-07-11 13:37:38,1783777058,R_75,54733.5865,-1,10.928500000001804,BACKFILL_AUTO
2026-07-11 13:37:40,1783777060,R_75,54739.1792,1,5.592700000001059,BACKFILL_AUTO
2026-07-11 13:37:42,1783777062,R_75,54735.0721,-1,4.107100000001083,BACKFILL_AUTO
2026-07-11 13:37:44,1783777064,R_75,54739.459,1,4.386900000004971,BACKFILL_AUTO
2026-07-11 13:37:46,1783777066,R_75,54735.3031,-1,4.155900000005204,BACKFILL_AUTO
2026-07-11 13:37:48,1783777068,R_75,54732.428,-1,2.875099999997474,BACKFILL_AUTO
2026-07-11 13:37:50,1783777070,R_75,54722.8608,-1,9.567199999997683,BACKFILL_AUTO
2026-07-11 13:37:52,1783777072,R_75,54729.9872,1,7.126400000001013,BACKFILL_AUTO
2026-07-11 13:37:54,1783777074,R_75,54733.868,1,3.880799999998999,BACKFILL_AUTO
2026-07-11 13:37:56,1783777076,R_75,54736.6794,1,2.8113999999986845,BACKFILL_AUTO
2026-07-11 13:37:58,1783777078,R_75,54731.1957,-1,5.483700000004319,BACKFILL_AUTO
2026-07-11 13:38:00,1783777080,R_75,54736.7018,1,5.506100000005972,BACKFILL_AUTO
2026-07-11 13:38:02,1783777082,R_75,54743.7772,1,7.075399999994261,BACKFILL_AUTO
2026-07-11 13:38:04,1783777084,R_75,54736.655,-1,7.122199999997974,BACKFILL_AUTO
2026-07-11 13:38:06,1783777086,R_75,54738.6136,1,1.958599999998114,BACKFILL_AUTO
2026-07-11 13:38:08,1783777088,R_75,54742.838,1,4.224400000006426,BACKFILL_AUTO
2026-07-11 13:38:10,1783777090,R_75,54742.0308,-1,0.807200000002922,BACKFILL_AUTO
2026-07-11 13:38:12,1783777092,R_75,54739.4569,-1,2.57390000000305,BACKFILL_AUTO
2026-07-11 13:38:14,1783777094,R_75,54728.5919,-1,10.864999999997963,BACKFILL_AUTO
2026-07-11 13:38:16,1783777096,R_75,54728.9256,1,0.3337000000028638,BACKFILL_AUTO
2026-07-11 13:38:18,1783777098,R_75,54738.6702,1,9.744599999998172,BACKFILL_AUTO
2026-07-11 13:38:20,1783777100,R_75,54752.6791,1,14.008900000000722,BACKFILL_AUTO
2026-07-11 13:38:22,1783777102,R_75,54750.6304,-1,2.0486999999993714,BACKFILL_AUTO
2026-07-11 13:38:24,1783777104,R_75,54757.995,1,7.364600000000792,BACKFILL_AUTO
2026-07-11 13:38:26,1783777106,R_75,54761.2508,1,3.255799999998999,BACKFILL_AUTO
2026-07-11 13:38:28,1783777108,R_75,54774.4205,1,13.169699999998556,BACKFILL_AUTO
2026-07-11 13:38:30,1783777110,R_75,54778.5454,1,4.124900000002526,BACKFILL_AUTO
2026-07-11 13:38:32,1783777112,R_75,54780.2915,1,1.7460999999966589,BACKFILL_AUTO
2026-07-11 13:38:34,1783777114,R_75,54777.8407,-1,2.450799999998708,BACKFILL_AUTO
2026-07-11 13:38:36,1783777116,R_75,54785.9184,1,8.077700000001641,BACKFILL_AUTO
2026-07-11 13:38:38,1783777118,R_75,54809.0948,1,23.176399999996647,BACKFILL_AUTO
2026-07-11 13:38:40,1783777120,R_75,54795.5094,-1,13.585399999996298,BACKFILL_AUTO
2026-07-11 13:38:42,1783777122,R_75,54815.0903,1,19.580900000000838,BACKFILL_AUTO
2026-07-11 13:38:44,1783777124,R_75,54828.4931,1,13.402799999996205,BACKFILL_AUTO
2026-07-11 13:38:46,1783777126,R_75,54822.1969,-1,6.296199999997043,BACKFILL_AUTO
2026-07-11 13:38:48,1783777128,R_75,54813.1744,-1,9.022499999999127,BACKFILL_AUTO
2026-07-11 13:38:50,1783777130,R_75,54806.4817,-1,6.69270000000688,BACKFILL_AUTO
2026-07-11 13:38:52,1783777132,R_75,54795.2418,-1,11.239899999993213,BACKFILL_AUTO
2026-07-11 13:38:54,1783777134,R_75,54796.0532,1,0.8113999999986845,BACKFILL_AUTO
2026-07-11 13:38:56,1783777136,R_75,54790.0659,-1,5.987300000000687,BACKFILL_AUTO
2026-07-11 13:38:58,1783777138,R_75,54798.3006,1,8.234700000000885,BACKFILL_AUTO
2026-07-11 13:39:00,1783777140,R_75,54814.868,1,16.567399999999907,BACKFILL_AUTO
2026-07-11 13:39:02,1783777142,R_75,54807.8885,-1,6.979500000001281,BACKFILL_AUTO
2026-07-11 13:39:04,1783777144,R_75,54805.4387,-1,2.449800000002142,BACKFILL_AUTO
2026-07-11 13:39:06,1783777146,R_75,54825.4637,1,20.025000000001455,BACKFILL_AUTO
2026-07-11 13:39:08,1783777148,R_75,54816.8592,-1,8.60450000000128,BACKFILL_AUTO
2026-07-11 13:39:10,1783777150,R_75,54809.6547,-1,7.204499999999825,BACKFILL_AUTO
2026-07-11 13:39:12,1783777152,R_75,54804.0233,-1,5.6313999999983935,BACKFILL_AUTO
2026-07-11 13:39:14,1783777154,R_75,54802.526,-1,1.4973000000027241,BACKFILL_AUTO
2026-07-11 13:39:16,1783777156,R_75,54817.0984,1,14.572400000004563,BACKFILL_AUTO
2026-07-11 13:39:18,1783777158,R_75,54813.59,-1,3.508400000006077,BACKFILL_AUTO
2026-07-11 13:39:20,1783777160,R_75,54837.4266,1,23.836600000002363,BACKFILL_AUTO
2026-07-11 13:39:22,1783777162,R_75,54849.639,1,12.212400000003981,BACKFILL_AUTO
2026-07-11 13:39:24,1783777164,R_75,54862.2531,1,12.61409999999887,BACKFILL_AUTO
2026-07-11 13:39:26,1783777166,R_75,54867.7834,1,5.530299999998533,BACKFILL_AUTO
2026-07-11 13:39:28,1783777168,R_75,54849.2627,-1,18.520700000000943,BACKFILL_AUTO
2026-07-11 13:39:30,1783777170,R_75,54845.9661,-1,3.29660000000149,BACKFILL_AUTO
2026-07-11 13:39:32,1783777172,R_75,54860.9024,1,14.93630000000121,BACKFILL_AUTO
2026-07-11 13:39:34,1783777174,R_75,54873.817,1,12.914600000003702,BACKFILL_AUTO
2026-07-11 13:39:36,1783777176,R_75,54864.1942,-1,9.622800000004645,BACKFILL_AUTO
2026-07-11 13:39:38,1783777178,R_75,54851.0473,-1,13.146899999999732,BACKFILL_AUTO
2026-07-11 13:39:40,1783777180,R_75,54848.667,-1,2.380299999997078,BACKFILL_AUTO
2026-07-11 13:39:42,1783777182,R_75,54848.025,-1,0.6419999999998254,BACKFILL_AUTO
2026-07-11 13:39:44,1783777184,R_75,54839.3024,-1,8.722600000000966,BACKFILL_AUTO
2026-07-11 13:39:46,1783777186,R_75,54844.8813,1,5.578900000000431,BACKFILL_AUTO
2026-07-11 13:39:48,1783777188,R_75,54859.6041,1,14.722799999995914,BACKFILL_AUTO
2026-07-11 13:39:50,1783777190,R_75,54842.1484,-1,17.455699999998615,BACKFILL_AUTO
2026-07-11 13:39:52,1783777192,R_75,54835.0525,-1,7.095900000000256,BACKFILL_AUTO
2026-07-11 13:39:54,1783777194,R_75,54828.5028,-1,6.549699999995937,BACKFILL_AUTO
2026-07-11 13:39:56,1783777196,R_75,54837.3679,1,8.865099999995437,BACKFILL_AUTO
2026-07-11 13:39:58,1783777198,R_75,54838.3491,1,0.9812000000019907,BACKFILL_AUTO
2026-07-11 13:40:00,1783777200,R_75,54843.8301,1,5.480999999999767,BACKFILL_AUTO
2026-07-11 13:40:02,1783777202,R_75,54852.8453,1,9.015200000001641,BACKFILL_AUTO
2026-07-11 13:40:04,1783777204,R_75,54857.1602,1,4.314899999997579,BACKFILL_AUTO
2026-07-11 13:40:06,1783777206,R_75,54854.4754,-1,2.684799999995448,BACKFILL_AUTO
2026-07-11 13:40:08,1783777208,R_75,54860.5312,1,6.055799999994633,BACKFILL_AUTO
2026-07-11 13:40:10,1783777210,R_75,54845.9274,-1,14.603799999997136,BACKFILL_AUTO
2026-07-11 13:40:12,1783777212,R_75,54850.1685,1,4.241099999999278,BACKFILL_AUTO
2026-07-11 13:40:14,1783777214,R_75,54873.5505,1,23.381999999997788,BACKFILL_AUTO
2026-07-11 13:40:16,1783777216,R_75,54878.1239,1,4.573400000001129,BACKFILL_AUTO
2026-07-11 13:40:18,1783777218,R_75,54882.4619,1,4.338000000003376,BACKFILL_AUTO
2026-07-11 13:40:20,1783777220,R_75,54885.8786,1,3.4166999999943073,BACKFILL_AUTO
2026-07-11 13:40:22,1783777222,R_75,54900.6969,1,14.818300000006275,BACKFILL_AUTO
2026-07-11 13:40:24,1783777224,R_75,54902.1539,1,1.4569999999948777,BACKFILL_AUTO
2026-07-11 13:40:26,1783777226,R_75,54906.2207,1,4.066800000000512,BACKFILL_AUTO
2026-07-11 13:40:28,1783777228,R_75,54911.4769,1,5.256200000003446,BACKFILL_AUTO
2026-07-11 13:40:30,1783777230,R_75,54928.0411,1,16.56420000000071,BACKFILL_AUTO
2026-07-11 13:40:32,1783777232,R_75,54944.8037,1,16.762599999994563,BACKFILL_AUTO
2026-07-11 13:40:34,1783777234,R_75,54941.4613,-1,3.342399999994086,BACKFILL_AUTO
2026-07-11 13:40:36,1783777236,R_75,54933.8234,-1,7.637900000001537,BACKFILL_AUTO
2026-07-11 13:40:38,1783777238,R_75,54936.9019,1,3.0784999999959837,BACKFILL_AUTO
2026-07-11 13:40:40,1783777240,R_75,54944.0249,1,7.1229999999995925,BACKFILL_AUTO
2026-07-11 13:40:42,1783777242,R_75,54938.0086,-1,6.016299999995681,BACKFILL_AUTO
2026-07-11 13:40:44,1783777244,R_75,54953.2062,1,15.197599999999511,BACKFILL_AUTO
2026-07-11 13:40:46,1783777246,R_75,54948.8605,-1,4.345699999998033,BACKFILL_AUTO
2026-07-11 13:40:48,1783777248,R_75,54942.0235,-1,6.836999999999534,BACKFILL_AUTO
2026-07-11 13:40:50,1783777250,R_75,54934.7142,-1,7.309300000000803,BACKFILL_AUTO
2026-07-11 13:40:52,1783777252,R_75,54935.4847,1,0.7704999999987194,BACKFILL_AUTO
2026-07-11 13:40:54,1783777254,R_75,54933.8895,-1,1.5952000000033877,BACKFILL_AUTO
2026-07-11 13:40:56,1783777256,R_75,54927.8652,-1,6.024299999997311,BACKFILL_AUTO
2026-07-11 13:40:58,1783777258,R_75,54935.2989,1,7.433700000001409,BACKFILL_AUTO
2026-07-11 13:41:00,1783777260,R_75,54940.3663,1,5.067399999999907,BACKFILL_AUTO
2026-07-11 13:41:02,1783777262,R_75,54933.5853,-1,6.7810000000026776,BACKFILL_AUTO
2026-07-11 13:41:04,1783777264,R_75,54926.2587,-1,7.326600000000326,BACKFILL_AUTO
2026-07-11 13:41:06,1783777266,R_75,54930.831,1,4.572299999999814,BACKFILL_AUTO
2026-07-11 13:41:08,1783777268,R_75,54925.8188,-1,5.012199999997392,BACKFILL_AUTO
2026-07-11 13:41:10,1783777270,R_75,54941.1535,1,15.33469999999943,BACKFILL_AUTO
2026-07-11 13:41:12,1783777272,R_75,54953.55,1,12.396500000002561,BACKFILL_AUTO
2026-07-11 13:41:14,1783777274,R_75,54944.4883,-1,9.061700000005658,BACKFILL_AUTO
2026-07-11 13:41:16,1783777276,R_75,54954.4052,1,9.916900000003807,BACKFILL_AUTO
2026-07-11 13:41:18,1783777278,R_75,54945.13,-1,9.275200000003679,BACKFILL_AUTO
2026-07-11 13:41:20,1783777280,R_75,54950.3288,1,5.198800000005576,BACKFILL_AUTO
2026-07-11 13:41:22,1783777282,R_75,54963.6243,1,13.295500000000175,BACKFILL_AUTO
2026-07-11 13:41:24,1783777284,R_75,54958.9128,-1,4.711500000004889,BACKFILL_AUTO
2026-07-11 13:41:26,1783777286,R_75,54957.3385,-1,1.5743000000002212,BACKFILL_AUTO
2026-07-11 13:41:28,1783777288,R_75,54969.7889,1,12.450400000001537,BACKFILL_AUTO
2026-07-11 13:41:30,1783777290,R_75,54980.9135,1,11.124600000002829,BACKFILL_AUTO
2026-07-11 13:41:32,1783777292,R_75,54985.2728,1,4.359299999996438,BACKFILL_AUTO
2026-07-11 13:41:34,1783777294,R_75,54969.2933,-1,15.97950000000128,BACKFILL_AUTO
2026-07-11 13:41:36,1783777296,R_75,54964.1428,-1,5.1504999999961,BACKFILL_AUTO
2026-07-11 13:41:38,1783777298,R_75,54946.6453,-1,17.497500000004948,BACKFILL_AUTO
2026-07-11 13:41:40,1783777300,R_75,54947.214,1,0.5687000000034459,BACKFILL_AUTO
2026-07-11 13:41:42,1783777302,R_75,54938.0627,-1,9.151299999997718,BACKFILL_AUTO
2026-07-11 13:41:44,1783777304,R_75,54927.7327,-1,10.330000000001746,BACKFILL_AUTO
2026-07-11 13:41:46,1783777306,R_75,54930.443,1,2.710299999998824,BACKFILL_AUTO
2026-07-11 13:41:48,1783777308,R_75,54945.5411,1,15.098100000002887,BACKFILL_AUTO
2026-07-11 13:41:50,1783777310,R_75,54962.2279,1,16.686799999995856,BACKFILL_AUTO
2026-07-11 13:41:52,1783777312,R_75,54972.8416,1,10.6137000000017,BACKFILL_AUTO
2026-07-11 13:41:54,1783777314,R_75,54978.345,1,5.50340000000142,BACKFILL_AUTO
2026-07-11 13:41:56,1783777316,R_75,54987.7219,1,9.376899999995658,BACKFILL_AUTO
2026-07-11 13:41:58,1783777318,R_75,54975.1244,-1,12.597499999996217,BACKFILL_AUTO
2026-07-11 13:42:00,1783777320,R_75,54973.1236,-1,2.000800000001618,BACKFILL_AUTO
2026-07-11 13:42:02,1783777322,R_75,54983.8786,1,10.75499999999738,BACKFILL_AUTO
2026-07-11 13:42:04,1783777324,R_75,54976.5165,-1,7.362099999998463,BACKFILL_AUTO
2026-07-11 13:42:06,1783777326,R_75,54990.7943,1,14.27780000000348,BACKFILL_AUTO
2026-07-11 13:42:08,1783777328,R_75,54986.072,-1,4.722300000001269,BACKFILL_AUTO
2026-07-11 13:42:10,1783777330,R_75,54995.1917,1,9.119700000002922,BACKFILL_AUTO
2026-07-11 13:42:12,1783777332,R_75,54976.3128,-1,18.87890000000334,BACKFILL_AUTO
2026-07-11 13:42:14,1783777334,R_75,54974.4615,-1,1.8513000000020838,BACKFILL_AUTO
2026-07-11 13:42:16,1783777336,R_75,54967.624,-1,6.837499999994179,BACKFILL_AUTO
2026-07-11 13:42:18,1783777338,R_75,54970.1374,1,2.5133999999961816,BACKFILL_AUTO
2026-07-11 13:42:20,1783777340,R_75,54981.307,1,11.169600000001083,BACKFILL_AUTO
2026-07-11 13:42:22,1783777342,R_75,54976.5422,-1,4.764799999997194,BACKFILL_AUTO
2026-07-11 13:42:24,1783777344,R_75,54982.541,1,5.998799999993935,BACKFILL_AUTO
2026-07-11 13:42:26,1783777346,R_75,54979.968,-1,2.572999999996682,BACKFILL_AUTO
2026-07-11 13:42:28,1783777348,R_75,54998.5683,1,18.600299999998242,BACKFILL_AUTO
2026-07-11 13:42:30,1783777350,R_75,54992.489,-1,6.079299999997602,BACKFILL_AUTO
2026-07-11 13:42:32,1783777352,R_75,54986.125,-1,6.364000000001397,BACKFILL_AUTO
2026-07-11 13:42:34,1783777354,R_75,54975.4073,-1,10.71770000000106,BACKFILL_AUTO
2026-07-11 13:42:36,1783777356,R_75,54967.6307,-1,7.776599999997416,BACKFILL_AUTO
2026-07-11 13:42:38,1783777358,R_75,54956.6061,-1,11.024600000004284,BACKFILL_AUTO
2026-07-11 13:42:40,1783777360,R_75,54966.4127,1,9.806600000003527,BACKFILL_AUTO
2026-07-11 13:42:42,1783777362,R_75,54967.2089,1,0.796199999997043,BACKFILL_AUTO
2026-07-11 13:42:44,1783777364,R_75,54972.9585,1,5.749600000002829,BACKFILL_AUTO
2026-07-11 13:42:46,1783777366,R_75,54967.4911,-1,5.467400000001362,BACKFILL_AUTO
2026-07-11 13:42:48,1783777368,R_75,54969.4116,1,1.9205000000001746,BACKFILL_AUTO
2026-07-11 13:42:50,1783777370,R_75,54970.7181,1,1.3064999999987776,BACKFILL_AUTO
2026-07-11 13:42:52,1783777372,R_75,54957.1772,-1,13.540899999999965,BACKFILL_AUTO
2026-07-11 13:42:54,1783777374,R_75,54959.9973,1,2.8201000000044587,BACKFILL_AUTO
2026-07-11 13:42:56,1783777376,R_75,54968.6666,1,8.66929999999411,BACKFILL_AUTO
2026-07-11 13:42:58,1783777378,R_75,55000.3116,1,31.645000000004075,BACKFILL_AUTO
2026-07-11 13:43:00,1783777380,R_75,54998.5949,-1,1.7167000000044936,BACKFILL_AUTO
2026-07-11 13:43:02,1783777382,R_75,54991.5038,-1,7.091099999997823,BACKFILL_AUTO
2026-07-11 13:43:04,1783777384,R_75,54986.0821,-1,5.421699999998964,BACKFILL_AUTO
2026-07-11 13:43:06,1783777386,R_75,54987.294,1,1.2119000000020606,BACKFILL_AUTO
2026-07-11 13:43:08,1783777388,R_75,55008.3765,1,21.0824999999968,BACKFILL_AUTO
2026-07-11 13:43:10,1783777390,R_75,55011.4412,1,3.064700000002631,BACKFILL_AUTO
2026-07-11 13:43:12,1783777392,R_75,55008.8936,-1,2.547599999998056,BACKFILL_AUTO
2026-07-11 13:43:14,1783777394,R_75,55024.0827,1,15.18909999999596,BACKFILL_AUTO
2026-07-11 13:43:16,1783777396,R_75,55013.1391,-1,10.943599999998696,BACKFILL_AUTO
2026-07-11 13:43:18,1783777398,R_75,55002.1008,-1,11.038300000000163,BACKFILL_AUTO
2026-07-11 13:43:20,1783777400,R_75,55022.7278,1,20.627000000000407,BACKFILL_AUTO
2026-07-11 13:43:22,1783777402,R_75,55026.1354,1,3.407599999998638,BACKFILL_AUTO
2026-07-11 13:43:24,1783777404,R_75,55016.8786,-1,9.25680000000284,BACKFILL_AUTO
2026-07-11 13:43:26,1783777406,R_75,55008.951,-1,7.9275999999954365,BACKFILL_AUTO
2026-07-11 13:43:28,1783777408,R_75,54991.8461,-1,17.10489999999845,BACKFILL_AUTO
2026-07-11 13:43:30,1783777410,R_75,54991.3691,-1,0.47699999999895226,BACKFILL_AUTO
2026-07-11 13:43:32,1783777412,R_75,54993.2406,1,1.87149999999383,BACKFILL_AUTO
2026-07-11 13:43:34,1783777414,R_75,55010.392,1,17.151400000002468,BACKFILL_AUTO
2026-07-11 13:43:36,1783777416,R_75,54994.0909,-1,16.30109999999695,BACKFILL_AUTO
2026-07-11 13:43:38,1783777418,R_75,54999.597,1,5.506099999998696,BACKFILL_AUTO
2026-07-11 13:43:40,1783777420,R_75,54994.7224,-1,4.874600000002829,BACKFILL_AUTO
2026-07-11 13:43:42,1783777422,R_75,54994.9628,1,0.2404000000024098,BACKFILL_AUTO
2026-07-11 13:43:44,1783777424,R_75,54986.245,-1,8.717799999998533,BACKFILL_AUTO
2026-07-11 13:43:46,1783777426,R_75,55007.762,1,21.516999999999825,BACKFILL_AUTO
2026-07-11 13:43:48,1783777428,R_75,54995.2274,-1,12.534599999999045,BACKFILL_AUTO
2026-07-11 13:43:50,1783777430,R_75,54998.2395,1,3.0120999999999185,BACKFILL_AUTO
2026-07-11 13:43:52,1783777432,R_75,55009.8239,1,11.584399999999732,BACKFILL_AUTO
2026-07-11 13:43:54,1783777434,R_75,55018.1174,1,8.293499999999767,BACKFILL_AUTO
2026-07-11 13:43:56,1783777436,R_75,55011.2261,-1,6.891300000002957,BACKFILL_AUTO
2026-07-11 13:43:58,1783777438,R_75,55014.5899,1,3.3637999999991735,BACKFILL_AUTO
2026-07-11 13:44:00,1783777440,R_75,55005.2457,-1,9.344199999999546,BACKFILL_AUTO
2026-07-11 13:44:02,1783777442,R_75,54992.9546,-1,12.291100000002189,BACKFILL_AUTO
2026-07-11 13:44:04,1783777444,R_75,54999.0708,1,6.116200000004028,BACKFILL_AUTO
2026-07-11 13:44:06,1783777446,R_75,55008.0464,1,8.97559999999794,BACKFILL_AUTO
2026-07-11 13:44:08,1783777448,R_75,54996.5618,-1,11.484599999996135,BACKFILL_AUTO
2026-07-11 13:44:10,1783777450,R_75,54971.7985,-1,24.763300000005984,BACKFILL_AUTO
2026-07-11 13:44:12,1783777452,R_75,54975.9022,1,4.103699999999662,BACKFILL_AUTO
2026-07-11 13:44:14,1783777454,R_75,54980.4939,1,4.591700000004494,BACKFILL_AUTO
2026-07-11 13:44:16,1783777456,R_75,54992.1302,1,11.6362999999983,BACKFILL_AUTO
2026-07-11 13:44:18,1783777458,R_75,55004.3862,1,12.256000000001222,BACKFILL_AUTO
2026-07-11 13:44:20,1783777460,R_75,55029.0873,1,24.701099999998405,BACKFILL_AUTO
2026-07-11 13:44:22,1783777462,R_75,55014.2884,-1,14.798900000001595,BACKFILL_AUTO
2026-07-11 13:44:24,1783777464,R_75,55013.8716,-1,0.41679999999905704,BACKFILL_AUTO
2026-07-11 13:44:26,1783777466,R_75,54996.0218,-1,17.84979999999632,BACKFILL_AUTO
2026-07-11 13:44:28,1783777468,R_75,54998.5009,1,2.4790999999968335,BACKFILL_AUTO
2026-07-11 13:44:30,1783777470,R_75,55017.5397,1,19.038800000002084,BACKFILL_AUTO
2026-07-11 13:44:32,1783777472,R_75,55008.1127,-1,9.427000000003318,BACKFILL_AUTO
2026-07-11 13:44:34,1783777474,R_75,55006.9859,-1,1.126799999998184,BACKFILL_AUTO
2026-07-11 13:44:36,1783777476,R_75,55022.2928,1,15.306900000003225,BACKFILL_AUTO
2026-07-11 13:44:38,1783777478,R_75,55021.5899,-1,0.702900000003865,BACKFILL_AUTO
2026-07-11 13:44:40,1783777480,R_75,55014.797,-1,6.7929000000003725,BACKFILL_AUTO
2026-07-11 13:44:42,1783777482,R_75,55018.4172,1,3.620200000004843,BACKFILL_AUTO
2026-07-11 13:44:44,1783777484,R_75,54998.8639,-1,19.553300000006857,BACKFILL_AUTO
2026-07-11 13:44:46,1783777486,R_75,55001.7722,1,2.9083000000027823,BACKFILL_AUTO
2026-07-11 13:44:48,1783777488,R_75,55005.4533,1,3.6811000000016065,BACKFILL_AUTO
2026-07-11 13:44:50,1783777490,R_75,54990.4634,-1,14.989900000000489,BACKFILL_AUTO
2026-07-11 13:44:52,1783777492,R_75,54988.0154,-1,2.448000000003958,BACKFILL_AUTO
2026-07-11 13:44:54,1783777494,R_75,54993.1804,1,5.165000000000873,BACKFILL_AUTO
2026-07-11 13:44:56,1783777496,R_75,54993.9787,1,0.7983000000022002,BACKFILL_AUTO
2026-07-11 13:44:58,1783777498,R_75,54998.6802,1,4.701500000002852,BACKFILL_AUTO
2026-07-11 13:45:00,1783777500,R_75,54980.1346,-1,18.545600000004924,BACKFILL_AUTO
2026-07-11 13:45:02,1783777502,R_75,54981.5075,1,1.3729000000021188,BACKFILL_AUTO
2026-07-11 13:45:04,1783777504,R_75,54990.4588,1,8.951300000000629,BACKFILL_AUTO
2026-07-11 13:45:06,1783777506,R_75,54994.5271,1,4.068299999998999,BACKFILL_AUTO
2026-07-11 13:45:08,1783777508,R_75,54993.8183,-1,0.7088000000003376,BACKFILL_AUTO
2026-07-11 13:45:10,1783777510,R_75,54988.3469,-1,5.471400000002177,BACKFILL_AUTO
2026-07-11 13:45:12,1783777512,R_75,54985.214,-1,3.13289999999688,BACKFILL_AUTO
2026-07-11 13:45:14,1783777514,R_75,54993.1486,1,7.934600000000501,BACKFILL_AUTO
2026-07-11 13:45:16,1783777516,R_75,55004.5558,1,11.407200000001467,BACKFILL_AUTO
2026-07-11 13:45:18,1783777518,R_75,54994.5206,-1,10.03519999999844,BACKFILL_AUTO
2026-07-11 13:45:20,1783777520,R_75,54995.8176,1,1.2969999999986612,BACKFILL_AUTO
2026-07-11 13:45:22,1783777522,R_75,55001.2607,1,5.443099999996775,BACKFILL_AUTO
2026-07-11 13:45:24,1783777524,R_75,55009.6696,1,8.408900000002177,BACKFILL_AUTO
2026-07-11 13:45:26,1783777526,R_75,55016.629,1,6.959399999999732,BACKFILL_AUTO
2026-07-11 13:45:28,1783777528,R_75,55009.3515,-1,7.2775000000037835,BACKFILL_AUTO
2026-07-11 13:45:30,1783777530,R_75,55027.633,1,18.2815000000046,BACKFILL_AUTO
2026-07-11 13:45:32,1783777532,R_75,55035.5759,1,7.942900000001828,BACKFILL_AUTO
2026-07-11 13:45:34,1783777534,R_75,55042.2488,1,6.672899999997753,BACKFILL_AUTO
2026-07-11 13:45:36,1783777536,R_75,55043.2685,1,1.0196999999971013,BACKFILL_AUTO
2026-07-11 13:45:38,1783777538,R_75,55060.5949,1,17.326399999998102,BACKFILL_AUTO
2026-07-11 13:45:40,1783777540,R_75,55065.2928,1,4.697900000006484,BACKFILL_AUTO
2026-07-11 13:45:42,1783777542,R_75,55052.0124,-1,13.280400000003283,BACKFILL_AUTO
2026-07-11 13:45:44,1783777544,R_75,55048.3111,-1,3.7013000000006286,BACKFILL_AUTO
2026-07-11 13:45:46,1783777546,R_75,55063.0904,1,14.779300000001967,BACKFILL_AUTO
2026-07-11 13:45:48,1783777548,R_75,55057.2121,-1,5.8783000000039465,BACKFILL_AUTO
2026-07-11 13:45:50,1783777550,R_75,55059.6914,1,2.479300000006333,BACKFILL_AUTO
2026-07-11 13:45:52,1783777552,R_75,55069.3231,1,9.63169999999809,BACKFILL_AUTO
2026-07-11 13:45:54,1783777554,R_75,55088.4694,1,19.146300000000338,BACKFILL_AUTO
2026-07-11 13:45:56,1783777556,R_75,55075.3951,-1,13.074300000000221,BACKFILL_AUTO
2026-07-11 13:45:58,1783777558,R_75,55065.9026,-1,9.492500000000291,BACKFILL_AUTO
2026-07-11 13:46:00,1783777560,R_75,55064.3897,-1,1.5129000000015367,BACKFILL_AUTO
2026-07-11 13:46:02,1783777562,R_75,55062.9782,-1,1.411500000001979,BACKFILL_AUTO
2026-07-11 13:46:04,1783777564,R_75,55064.8168,1,1.8386000000027707,BACKFILL_AUTO
2026-07-11 13:46:06,1783777566,R_75,55041.2221,-1,23.594700000001467,BACKFILL_AUTO
2026-07-11 13:46:08,1783777568,R_75,55037.2231,-1,3.9989999999961583,BACKFILL_AUTO
2026-07-11 13:46:10,1783777570,R_75,55025.6502,-1,11.572900000006484,BACKFILL_AUTO
2026-07-11 13:46:12,1783777572,R_75,55032.816,1,7.165800000002491,BACKFILL_AUTO
2026-07-11 13:46:14,1783777574,R_75,55034.7422,1,1.9262000000016997,BACKFILL_AUTO
2026-07-11 13:46:16,1783777576,R_75,55022.8034,-1,11.938800000003539,BACKFILL_AUTO
2026-07-11 13:46:18,1783777578,R_75,55019.202,-1,3.6013999999995576,BACKFILL_AUTO
2026-07-11 13:46:20,1783777580,R_75,55034.7004,1,15.49840000000404,BACKFILL_AUTO
2026-07-11 13:46:22,1783777582,R_75,55026.6785,-1,8.021899999999732,BACKFILL_AUTO
2026-07-11 13:46:24,1783777584,R_75,55025.3867,-1,1.291799999999057,BACKFILL_AUTO
2026-07-11 13:46:26,1783777586,R_75,55011.0602,-1,14.326500000002852,BACKFILL_AUTO
2026-07-11 13:46:28,1783777588,R_75,55028.5115,1,17.45130000000063,BACKFILL_AUTO
2026-07-11 13:46:30,1783777590,R_75,55033.9505,1,5.438999999998487,BACKFILL_AUTO
2026-07-11 13:46:32,1783777592,R_75,55027.5017,-1,6.4487999999983,BACKFILL_AUTO
2026-07-11 13:46:34,1783777594,R_75,55029.2343,1,1.7325999999957276,BACKFILL_AUTO
2026-07-11 13:46:36,1783777596,R_75,55014.4222,-1,14.812099999995553,BACKFILL_AUTO
2026-07-11 13:46:38,1783777598,R_75,55005.4085,-1,9.013700000003155,BACKFILL_AUTO
2026-07-11 13:46:40,1783777600,R_75,55007.133,1,1.7245000000039,BACKFILL_AUTO
2026-07-11 13:46:42,1783777602,R_75,55011.0978,1,3.96480000000156,BACKFILL_AUTO
2026-07-11 13:46:44,1783777604,R_75,55004.9952,-1,6.102600000005623,BACKFILL_AUTO
2026-07-11 13:46:46,1783777606,R_75,54993.0158,-1,11.97939999999653,BACKFILL_AUTO
2026-07-11 13:46:48,1783777608,R_75,54984.4678,-1,8.548000000002503,BACKFILL_AUTO
2026-07-11 13:46:50,1783777610,R_75,55000.5678,1,16.099999999998545,BACKFILL_AUTO
2026-07-11 13:46:52,1783777612,R_75,54999.8236,-1,0.7441999999937252,BACKFILL_AUTO
2026-07-11 13:46:54,1783777614,R_75,54994.1338,-1,5.689800000000105,BACKFILL_AUTO
2026-07-11 13:46:56,1783777616,R_75,55005.8922,1,11.758399999998801,BACKFILL_AUTO
2026-07-11 13:46:58,1783777618,R_75,55029.9158,1,24.023600000000442,BACKFILL_AUTO
2026-07-11 13:47:00,1783777620,R_75,55034.5581,1,4.642299999999523,BACKFILL_AUTO
2026-07-11 13:47:02,1783777622,R_75,55039.0378,1,4.479699999996228,BACKFILL_AUTO
2026-07-11 13:47:04,1783777624,R_75,55040.8064,1,1.7686000000030617,BACKFILL_AUTO
2026-07-11 13:47:06,1783777626,R_75,55045.3355,1,4.529099999999744,BACKFILL_AUTO
2026-07-11 13:47:08,1783777628,R_75,55031.6939,-1,13.641600000002654,BACKFILL_AUTO
2026-07-11 13:47:10,1783777630,R_75,55032.4477,1,0.7537999999985914,BACKFILL_AUTO
2026-07-11 13:47:12,1783777632,R_75,55049.9987,1,17.550999999999476,BACKFILL_AUTO
2026-07-11 13:47:14,1783777634,R_75,55049.852,-1,0.1466999999975087,BACKFILL_AUTO
2026-07-11 13:47:16,1783777636,R_75,55047.1576,-1,2.6944000000003143,BACKFILL_AUTO
2026-07-11 13:47:18,1783777638,R_75,55015.565,-1,31.59259999999631,BACKFILL_AUTO
2026-07-11 13:47:20,1783777640,R_75,55007.0266,-1,8.538400000004913,BACKFILL_AUTO
2026-07-11 13:47:22,1783777642,R_75,55016.0263,1,8.999700000000303,BACKFILL_AUTO
2026-07-11 13:47:24,1783777644,R_75,55011.0986,-1,4.927700000000186,BACKFILL_AUTO
2026-07-11 13:47:26,1783777646,R_75,55030.8124,1,19.713800000004994,BACKFILL_AUTO
2026-07-11 13:47:28,1783777648,R_75,55041.3824,1,10.569999999999709,BACKFILL_AUTO
2026-07-11 13:47:30,1783777650,R_75,55058.4806,1,17.09820000000036,BACKFILL_AUTO
2026-07-11 13:47:32,1783777652,R_75,55076.0236,1,17.542999999997846,BACKFILL_AUTO
2026-07-11 13:47:34,1783777654,R_75,55080.4825,1,4.458899999997811,BACKFILL_AUTO
2026-07-11 13:47:36,1783777656,R_75,55082.1937,1,1.7112000000051921,BACKFILL_AUTO
2026-07-11 13:47:38,1783777658,R_75,55098.1538,1,15.9600999999966,BACKFILL_AUTO
2026-07-11 13:47:40,1783777660,R_75,55098.7634,1,0.609600000003411,BACKFILL_AUTO
2026-07-11 13:47:42,1783777662,R_75,55093.8632,-1,4.900200000003679,BACKFILL_AUTO
2026-07-11 13:47:44,1783777664,R_75,55070.2341,-1,23.62909999999829,BACKFILL_AUTO
2026-07-11 13:47:46,1783777666,R_75,55069.4589,-1,0.7752000000036787,BACKFILL_AUTO
2026-07-11 13:47:48,1783777668,R_75,55066.3097,-1,3.149199999999837,BACKFILL_AUTO
2026-07-11 13:47:50,1783777670,R_75,55070.9051,1,4.595400000005611,BACKFILL_AUTO
2026-07-11 13:47:52,1783777672,R_75,55066.4821,-1,4.423000000002503,BACKFILL_AUTO
2026-07-11 13:47:54,1783777674,R_75,55060.7269,-1,5.755199999999604,BACKFILL_AUTO
2026-07-11 13:47:56,1783777676,R_75,55051.3615,-1,9.36540000000241,BACKFILL_AUTO
2026-07-11 13:47:58,1783777678,R_75,55041.8262,-1,9.535299999995914,BACKFILL_AUTO
2026-07-11 13:48:00,1783777680,R_75,55064.2976,1,22.4713999999949,BACKFILL_AUTO
2026-07-11 13:48:02,1783777682,R_75,55078.6034,1,14.30580000000191,BACKFILL_AUTO
2026-07-11 13:48:04,1783777684,R_75,55082.6624,1,4.059000000001106,BACKFILL_AUTO
2026-07-11 13:48:06,1783777686,R_75,55086.0639,1,3.401499999999942,BACKFILL_AUTO
2026-07-11 13:48:08,1783777688,R_75,55084.2686,-1,1.795299999997951,BACKFILL_AUTO
2026-07-11 13:48:10,1783777690,R_75,55094.8958,1,10.627199999995355,BACKFILL_AUTO
2026-07-11 13:48:12,1783777692,R_75,55081.7102,-1,13.185599999997066,BACKFILL_AUTO
2026-07-11 13:48:14,1783777694,R_75,55064.8048,-1,16.905400000003283,BACKFILL_AUTO
2026-07-11 13:48:16,1783777696,R_75,55063.8661,-1,0.9386999999987893,BACKFILL_AUTO
2026-07-11 13:48:18,1783777698,R_75,55061.782,-1,2.084100000000035,BACKFILL_AUTO
2026-07-11 13:48:20,1783777700,R_75,55065.7218,1,3.9398000000001048,BACKFILL_AUTO
2026-07-11 13:48:22,1783777702,R_75,55054.6326,-1,11.089200000002165,BACKFILL_AUTO
2026-07-11 13:48:24,1783777704,R_75,55049.8345,-1,4.798099999999977,BACKFILL_AUTO
2026-07-11 13:48:26,1783777706,R_75,55064.9409,1,15.106400000004214,BACKFILL_AUTO
2026-07-11 13:48:28,1783777708,R_75,55051.9108,-1,13.030100000003586,BACKFILL_AUTO
2026-07-11 13:48:30,1783777710,R_75,55063.0598,1,11.14900000000489,BACKFILL_AUTO
2026-07-11 13:48:32,1783777712,R_75,55062.5649,-1,0.49490000000514556,BACKFILL_AUTO
2026-07-11 13:48:34,1783777714,R_75,55056.6664,-1,5.898499999995693,BACKFILL_AUTO
2026-07-11 13:48:36,1783777716,R_75,55064.3384,1,7.671999999998661,BACKFILL_AUTO
2026-07-11 13:48:38,1783777718,R_75,55062.8094,-1,1.52900000000227,BACKFILL_AUTO
2026-07-11 13:48:40,1783777720,R_75,55061.756,-1,1.0533999999970547,BACKFILL_AUTO
2026-07-11 13:48:42,1783777722,R_75,55066.451,1,4.694999999999709,BACKFILL_AUTO
2026-07-11 13:48:44,1783777724,R_75,55076.7608,1,10.309799999995448,BACKFILL_AUTO
2026-07-11 13:48:46,1783777726,R_75,55066.9557,-1,9.805099999997765,BACKFILL_AUTO
2026-07-11 13:48:48,1783777728,R_75,55068.1629,1,1.2072000000043772,BACKFILL_AUTO
2026-07-11 13:48:50,1783777730,R_75,55067.9808,-1,0.18210000000544824,BACKFILL_AUTO
2026-07-11 13:48:52,1783777732,R_75,55080.0591,1,12.078300000001036,BACKFILL_AUTO
2026-07-11 13:48:54,1783777734,R_75,55082.3718,1,2.3127000000022235,BACKFILL_AUTO
2026-07-11 13:48:56,1783777736,R_75,55058.8708,-1,23.50100000000384,BACKFILL_AUTO
2026-07-11 13:48:58,1783777738,R_75,55080.1559,1,21.285100000000966,BACKFILL_AUTO
2026-07-11 13:49:00,1783777740,R_75,55077.6442,-1,2.5116999999954714,BACKFILL_AUTO
2026-07-11 13:49:02,1783777742,R_75,55064.2718,-1,13.372400000000198,BACKFILL_AUTO
2026-07-11 13:49:04,1783777744,R_75,55069.0218,1,4.75,BACKFILL_AUTO
2026-07-11 13:49:06,1783777746,R_75,55078.4059,1,9.38409999999567,BACKFILL_AUTO
2026-07-11 13:49:08,1783777748,R_75,55083.3969,1,4.991000000001804,BACKFILL_AUTO
2026-07-11 13:49:10,1783777750,R_75,55075.008,-1,8.388899999998102,BACKFILL_AUTO
2026-07-11 13:49:12,1783777752,R_75,55073.1668,-1,1.8412000000025728,BACKFILL_AUTO
2026-07-11 13:49:14,1783777754,R_75,55084.316,1,11.149199999999837,BACKFILL_AUTO
2026-07-11 13:49:16,1783777756,R_75,55086.5574,1,2.2413999999989755,BACKFILL_AUTO
2026-07-11 13:49:18,1783777758,R_75,55068.7957,-1,17.76169999999547,BACKFILL_AUTO
2026-07-11 13:49:20,1783777760,R_75,55055.943,-1,12.852700000003097,BACKFILL_AUTO
2026-07-11 13:49:22,1783777762,R_75,55055.4466,-1,0.4963999999963562,BACKFILL_AUTO
2026-07-11 13:49:24,1783777764,R_75,55064.8764,1,9.429799999998068,BACKFILL_AUTO
2026-07-11 13:49:26,1783777766,R_75,55068.2131,1,3.336699999999837,BACKFILL_AUTO
2026-07-11 13:49:28,1783777768,R_75,55075.4507,1,7.237600000000384,BACKFILL_AUTO
2026-07-11 13:49:30,1783777770,R_75,55070.0858,-1,5.364900000000489,BACKFILL_AUTO
2026-07-11 13:49:32,1783777772,R_75,55091.1478,1,21.06199999999808,BACKFILL_AUTO
2026-07-11 13:49:34,1783777774,R_75,55085.243,-1,5.904799999996612,BACKFILL_AUTO
2026-07-11 13:49:36,1783777776,R_75,55069.3235,-1,15.919500000003609,BACKFILL_AUTO
2026-07-11 13:49:38,1783777778,R_75,55067.9842,-1,1.3392999999996391,BACKFILL_AUTO
2026-07-11 13:49:40,1783777780,R_75,55058.3974,-1,9.58679999999731,BACKFILL_AUTO
2026-07-11 13:49:42,1783777782,R_75,55045.7428,-1,12.654600000001665,BACKFILL_AUTO
2026-07-11 13:49:44,1783777784,R_75,55062.6374,1,16.894599999999627,BACKFILL_AUTO
2026-07-11 13:49:46,1783777786,R_75,55060.2052,-1,2.432200000002922,BACKFILL_AUTO
2026-07-11 13:49:48,1783777788,R_75,55062.7653,1,2.5601000000024214,BACKFILL_AUTO
2026-07-11 13:49:50,1783777790,R_75,55058.3997,-1,4.365599999997357,BACKFILL_AUTO
2026-07-11 13:49:52,1783777792,R_75,55061.3016,1,2.901899999997113,BACKFILL_AUTO
2026-07-11 13:49:54,1783777794,R_75,55081.9192,1,20.617599999997765,BACKFILL_AUTO
2026-07-11 13:49:56,1783777796,R_75,55065.6571,-1,16.26209999999992,BACKFILL_AUTO
2026-07-11 13:49:58,1783777798,R_75,55074.5479,1,8.890800000001036,BACKFILL_AUTO
2026-07-11 13:50:00,1783777800,R_75,55095.3755,1,20.827600000004168,BACKFILL_AUTO
2026-07-11 13:50:02,1783777802,R_75,55101.1427,1,5.767199999994773,BACKFILL_AUTO
2026-07-11 13:50:04,1783777804,R_75,55109.7675,1,8.624800000005052,BACKFILL_AUTO
2026-07-11 13:50:06,1783777806,R_75,55120.6857,1,10.91820000000007,BACKFILL_AUTO
2026-07-11 13:50:08,1783777808,R_75,55123.2355,1,2.549800000000687,BACKFILL_AUTO
2026-07-11 13:50:10,1783777810,R_75,55120.9175,-1,2.3179999999993015,BACKFILL_AUTO
2026-07-11 13:50:12,1783777812,R_75,55121.8868,1,0.9692999999970198,BACKFILL_AUTO
2026-07-11 13:50:14,1783777814,R_75,55136.9883,1,15.101499999997031,BACKFILL_AUTO
2026-07-11 13:50:16,1783777816,R_75,55140.4403,1,3.452000000004773,BACKFILL_AUTO
2026-07-11 13:50:18,1783777818,R_75,55124.0501,-1,16.39020000000164,BACKFILL_AUTO
2026-07-11 13:50:20,1783777820,R_75,55136.7811,1,12.730999999999767,BACKFILL_AUTO
2026-07-11 13:50:22,1783777822,R_75,55128.1677,-1,8.613400000002002,BACKFILL_AUTO
2026-07-11 13:50:24,1783777824,R_75,55109.2843,-1,18.8833999999988,BACKFILL_AUTO
2026-07-11 13:50:26,1783777826,R_75,55113.4978,1,4.213499999998021,BACKFILL_AUTO
2026-07-11 13:50:28,1783777828,R_75,55130.0036,1,16.505799999999,BACKFILL_AUTO
2026-07-11 13:50:30,1783777830,R_75,55136.7838,1,6.780200000001059,BACKFILL_AUTO
2026-07-11 13:50:32,1783777832,R_75,55140.2808,1,3.497000000003027,BACKFILL_AUTO
2026-07-11 13:50:34,1783777834,R_75,55143.125,1,2.844199999999546,BACKFILL_AUTO
2026-07-11 13:50:36,1783777836,R_75,55173.1713,1,30.046300000001793,BACKFILL_AUTO
2026-07-11 13:50:38,1783777838,R_75,55169.5477,-1,3.623599999998987,BACKFILL_AUTO
2026-07-11 13:50:40,1783777840,R_75,55141.5299,-1,28.017800000001444,BACKFILL_AUTO
2026-07-11 13:50:42,1783777842,R_75,55145.6305,1,4.1005999999979394,BACKFILL_AUTO
2026-07-11 13:50:44,1783777844,R_75,55152.2136,1,6.583100000003469,BACKFILL_AUTO
2026-07-11 13:50:46,1783777846,R_75,55140.2362,-1,11.9774000000034,BACKFILL_AUTO
2026-07-11 13:50:48,1783777848,R_75,55116.6366,-1,23.599600000001374,BACKFILL_AUTO
2026-07-11 13:50:50,1783777850,R_75,55122.3379,1,5.701300000000629,BACKFILL_AUTO
2026-07-11 13:50:52,1783777852,R_75,55125.4737,1,3.1358000000036554,BACKFILL_AUTO
2026-07-11 13:50:54,1783777854,R_75,55119.1988,-1,6.274900000003981,BACKFILL_AUTO
2026-07-11 13:50:56,1783777856,R_75,55122.6611,1,3.4622999999992317,BACKFILL_AUTO
2026-07-11 13:50:58,1783777858,R_75,55121.1115,-1,1.5495999999984633,BACKFILL_AUTO
2026-07-11 13:51:00,1783777860,R_75,55132.4827,1,11.371200000001409,BACKFILL_AUTO
2026-07-11 13:51:02,1783777862,R_75,55119.0577,-1,13.42500000000291,BACKFILL_AUTO
2026-07-11 13:51:04,1783777864,R_75,55132.4227,1,13.365000000005239,BACKFILL_AUTO
2026-07-11 13:51:06,1783777866,R_75,55122.7215,-1,9.701200000003155,BACKFILL_AUTO
2026-07-11 13:51:08,1783777868,R_75,55127.8063,1,5.084799999996903,BACKFILL_AUTO
2026-07-11 13:51:10,1783777870,R_75,55117.4638,-1,10.342499999998836,BACKFILL_AUTO
2026-07-11 13:51:12,1783777872,R_75,55117.4108,-1,0.052999999999883585,BACKFILL_AUTO
2026-07-11 13:51:14,1783777874,R_75,55094.4791,-1,22.931700000001,BACKFILL_AUTO
2026-07-11 13:51:16,1783777876,R_75,55106.5699,1,12.090800000005402,BACKFILL_AUTO
2026-07-11 13:51:18,1783777878,R_75,55101.0709,-1,5.499000000003434,BACKFILL_AUTO
2026-07-11 13:51:20,1783777880,R_75,55077.3125,-1,23.7583999999988,BACKFILL_AUTO
2026-07-11 13:51:22,1783777882,R_75,55073.2283,-1,4.084199999997509,BACKFILL_AUTO
2026-07-11 13:51:24,1783777884,R_75,55090.2671,1,17.038799999994808,BACKFILL_AUTO
2026-07-11 13:51:26,1783777886,R_75,55083.3712,-1,6.8958999999958905,BACKFILL_AUTO
2026-07-11 13:51:28,1783777888,R_75,55093.2116,1,9.840400000000955,BACKFILL_AUTO
2026-07-11 13:51:30,1783777890,R_75,55064.0519,-1,29.159700000003795,BACKFILL_AUTO
2026-07-11 13:51:32,1783777892,R_75,55058.1458,-1,5.906100000000151,BACKFILL_AUTO
2026-07-11 13:51:34,1783777894,R_75,55049.0476,-1,9.09820000000036,BACKFILL_AUTO
2026-07-11 13:51:36,1783777896,R_75,55050.9196,1,1.8720000000030268,BACKFILL_AUTO
2026-07-11 13:51:38,1783777898,R_75,55047.4799,-1,3.439700000002631,BACKFILL_AUTO
2026-07-11 13:51:40,1783777900,R_75,55049.6664,1,2.1865000000034343,BACKFILL_AUTO
2026-07-11 13:51:42,1783777902,R_75,55044.561,-1,5.1054000000003725,BACKFILL_AUTO
2026-07-11 13:51:44,1783777904,R_75,55048.7613,1,4.200299999996787,BACKFILL_AUTO
2026-07-11 13:51:46,1783777906,R_75,55059.0619,1,10.300600000002305,BACKFILL_AUTO
2026-07-11 13:51:48,1783777908,R_75,55049.1673,-1,9.894599999999627,BACKFILL_AUTO
2026-07-11 13:51:50,1783777910,R_75,55064.3658,1,15.198499999998603,BACKFILL_AUTO
2026-07-11 13:51:52,1783777912,R_75,55035.1488,-1,29.216999999996915,BACKFILL_AUTO
2026-07-11 13:51:54,1783777914,R_75,55051.8697,1,16.720900000000256,BACKFILL_AUTO
2026-07-11 13:51:56,1783777916,R_75,55047.2001,-1,4.669600000001083,BACKFILL_AUTO
2026-07-11 13:51:58,1783777918,R_75,55037.6893,-1,9.510800000003655,BACKFILL_AUTO
2026-07-11 13:52:00,1783777920,R_75,55043.876,1,6.186699999998382,BACKFILL_AUTO
2026-07-11 13:52:02,1783777922,R_75,55053.6987,1,9.82270000000426,BACKFILL_AUTO
2026-07-11 13:52:04,1783777924,R_75,55051.9319,-1,1.7667999999976018,BACKFILL_AUTO
2026-07-11 13:52:06,1783777926,R_75,55052.2564,1,0.32449999999516876,BACKFILL_AUTO
2026-07-11 13:52:08,1783777928,R_75,55056.7132,1,4.45679999999993,BACKFILL_AUTO
2026-07-11 13:52:10,1783777930,R_75,55065.8721,1,9.158900000002177,BACKFILL_AUTO
2026-07-11 13:52:12,1783777932,R_75,55058.0969,-1,7.775200000003679,BACKFILL_AUTO
2026-07-11 13:52:14,1783777934,R_75,55060.3952,1,2.2983000000022002,BACKFILL_AUTO
2026-07-11 13:52:16,1783777936,R_75,55066.0429,1,5.64770000000135,BACKFILL_AUTO
2026-07-11 13:52:18,1783777938,R_75,55070.459,1,4.416100000002189,BACKFILL_AUTO
2026-07-11 13:52:20,1783777940,R_75,55065.8192,-1,4.63980000000447,BACKFILL_AUTO
2026-07-11 13:52:22,1783777942,R_75,55062.5389,-1,3.280299999998533,BACKFILL_AUTO
2026-07-11 13:52:24,1783777944,R_75,55043.1766,-1,19.362300000000687,BACKFILL_AUTO
2026-07-11 13:52:26,1783777946,R_75,55044.2491,1,1.0725000000020373,BACKFILL_AUTO
2026-07-11 13:52:28,1783777948,R_75,55049.0013,1,4.752200000002631,BACKFILL_AUTO
2026-07-11 13:52:30,1783777950,R_75,55059.5235,1,10.52219999999943,BACKFILL_AUTO
2026-07-11 13:52:32,1783777952,R_75,55069.5533,1,10.029799999996612,BACKFILL_AUTO
2026-07-11 13:52:34,1783777954,R_75,55061.6955,-1,7.857799999997951,BACKFILL_AUTO
2026-07-11 13:52:36,1783777956,R_75,55057.8124,-1,3.8830999999991036,BACKFILL_AUTO
2026-07-11 13:52:38,1783777958,R_75,55069.5868,1,11.774399999994785,BACKFILL_AUTO
2026-07-11 13:52:40,1783777960,R_75,55064.166,-1,5.420799999999872,BACKFILL_AUTO
2026-07-11 13:52:42,1783777962,R_75,55060.5322,-1,3.633799999995972,BACKFILL_AUTO
2026-07-11 13:52:44,1783777964,R_75,55068.1762,1,7.644000000000233,BACKFILL_AUTO
2026-07-11 13:52:46,1783777966,R_75,55076.8868,1,8.710599999998522,BACKFILL_AUTO
2026-07-11 13:52:48,1783777968,R_75,55060.0959,-1,16.790899999999965,BACKFILL_AUTO
2026-07-11 13:52:50,1783777970,R_75,55056.3262,-1,3.7696999999971013,BACKFILL_AUTO
2026-07-11 13:52:52,1783777972,R_75,55066.8911,1,10.564899999997579,BACKFILL_AUTO
2026-07-11 13:52:54,1783777974,R_75,55053.5182,-1,13.372900000002119,BACKFILL_AUTO
2026-07-11 13:52:56,1783777976,R_75,55054.6113,1,1.0930999999982305,BACKFILL_AUTO
2026-07-11 13:52:58,1783777978,R_75,55040.294,-1,14.317299999995157,BACKFILL_AUTO
2026-07-11 13:53:00,1783777980,R_75,55048.421,1,8.127000000000407,BACKFILL_AUTO
2026-07-11 13:53:02,1783777982,R_75,55066.0946,1,17.67359999999462,BACKFILL_AUTO
2026-07-11 13:53:04,1783777984,R_75,55066.7347,1,0.6401000000041677,BACKFILL_AUTO
2026-07-11 13:53:06,1783777986,R_75,55056.4542,-1,10.280500000000757,BACKFILL_AUTO
2026-07-11 13:53:08,1783777988,R_75,55038.0433,-1,18.410900000002584,BACKFILL_AUTO
2026-07-11 13:53:10,1783777990,R_75,55032.9771,-1,5.066200000001118,BACKFILL_AUTO
2026-07-11 13:53:12,1783777992,R_75,55024.7673,-1,8.209799999996903,BACKFILL_AUTO
2026-07-11 13:53:14,1783777994,R_75,55021.6787,-1,3.0886000000027707,BACKFILL_AUTO
2026-07-11 13:53:16,1783777996,R_75,55020.7752,-1,0.9035000000003492,BACKFILL_AUTO
2026-07-11 13:53:18,1783777998,R_75,55007.3164,-1,13.458799999993062,BACKFILL_AUTO
2026-07-11 13:53:20,1783778000,R_75,55008.3555,1,1.0390999999945052,BACKFILL_AUTO
2026-07-11 13:53:22,1783778002,R_75,55019.9049,1,11.549400000003516,BACKFILL_AUTO
2026-07-11 13:53:24,1783778004,R_75,55024.7159,1,4.811000000001513,BACKFILL_AUTO
2026-07-11 13:53:26,1783778006,R_75,55038.8559,1,14.139999999999418,BACKFILL_AUTO
2026-07-11 13:53:28,1783778008,R_75,55034.0072,-1,4.848700000002282,BACKFILL_AUTO
2026-07-11 13:53:30,1783778010,R_75,55043.2681,1,9.26090000000113,BACKFILL_AUTO
2026-07-11 13:53:32,1783778012,R_75,55057.0481,1,13.779999999998836,BACKFILL_AUTO
2026-07-11 13:53:34,1783778014,R_75,55032.4766,-1,24.571499999998196,BACKFILL_AUTO
2026-07-11 13:53:36,1783778016,R_75,55040.5301,1,8.053500000001804,BACKFILL_AUTO
2026-07-11 13:53:38,1783778018,R_75,55031.5426,-1,8.98750000000291,BACKFILL_AUTO
2026-07-11 13:53:40,1783778020,R_75,55033.1227,1,1.58009999999922,BACKFILL_AUTO
2026-07-11 13:53:42,1783778022,R_75,55047.6277,1,14.50499999999738,BACKFILL_AUTO
2026-07-11 13:53:44,1783778024,R_75,55053.2006,1,5.572899999999208,BACKFILL_AUTO
2026-07-11 13:53:46,1783778026,R_75,55062.437,1,9.236400000001595,BACKFILL_AUTO
2026-07-11 13:53:48,1783778028,R_75,55060.5995,-1,1.8375000000014552,BACKFILL_AUTO
2026-07-11 13:53:50,1783778030,R_75,55054.9019,-1,5.697599999999511,BACKFILL_AUTO
2026-07-11 13:53:52,1783778032,R_75,55049.8662,-1,5.035700000000361,BACKFILL_AUTO
2026-07-11 13:53:54,1783778034,R_75,55053.2868,1,3.4206000000049244,BACKFILL_AUTO
2026-07-11 13:53:56,1783778036,R_75,55052.8771,-1,0.40970000000379514,BACKFILL_AUTO
2026-07-11 13:53:58,1783778038,R_75,55055.8443,1,2.9671999999991385,BACKFILL_AUTO
2026-07-11 13:54:00,1783778040,R_75,55048.0305,-1,7.813799999996263,BACKFILL_AUTO
2026-07-11 13:54:02,1783778042,R_75,55051.9556,1,3.925100000000384,BACKFILL_AUTO
2026-07-11 13:54:04,1783778044,R_75,55041.7897,-1,10.165899999999965,BACKFILL_AUTO
2026-07-11 13:54:06,1783778046,R_75,55038.5215,-1,3.2681999999986147,BACKFILL_AUTO
2026-07-11 13:54:08,1783778048,R_75,55031.2948,-1,7.226699999999255,BACKFILL_AUTO
2026-07-11 13:54:10,1783778050,R_75,55025.3552,-1,5.939600000005157,BACKFILL_AUTO
2026-07-11 13:54:12,1783778052,R_75,55011.373,-1,13.982199999998556,BACKFILL_AUTO
2026-07-11 13:54:14,1783778054,R_75,55005.2312,-1,6.141799999997602,BACKFILL_AUTO
2026-07-11 13:54:16,1783778056,R_75,55013.1283,1,7.89709999999468,BACKFILL_AUTO
2026-07-11 13:54:18,1783778058,R_75,55029.6551,1,16.526800000006915,BACKFILL_AUTO
2026-07-11 13:54:20,1783778060,R_75,55038.5069,1,8.851799999996729,BACKFILL_AUTO
2026-07-11 13:54:22,1783778062,R_75,55059.2024,1,20.69550000000163,BACKFILL_AUTO
2026-07-11 13:54:24,1783778064,R_75,55059.9344,1,0.7319999999963329,BACKFILL_AUTO
2026-07-11 13:54:26,1783778066,R_75,55035.6394,-1,24.294999999998254,BACKFILL_AUTO
2026-07-11 13:54:28,1783778068,R_75,55024.5814,-1,11.057999999997264,BACKFILL_AUTO
2026-07-11 13:54:30,1783778070,R_75,55021.1849,-1,3.396500000002561,BACKFILL_AUTO
2026-07-11 13:54:32,1783778072,R_75,55032.1669,1,10.981999999996333,BACKFILL_AUTO
2026-07-11 13:54:34,1783778074,R_75,55028.1167,-1,4.050199999997858,BACKFILL_AUTO
2026-07-11 13:54:36,1783778076,R_75,55019.4781,-1,8.638599999998405,BACKFILL_AUTO
2026-07-11 13:54:38,1783778078,R_75,55034.9764,1,15.49829999999929,BACKFILL_AUTO
2026-07-11 13:54:40,1783778080,R_75,55036.4441,1,1.4677000000010594,BACKFILL_AUTO
2026-07-11 13:54:42,1783778082,R_75,55033.2103,-1,3.233800000001793,BACKFILL_AUTO
2026-07-11 13:54:44,1783778084,R_75,55017.7259,-1,15.484400000001187,BACKFILL_AUTO
2026-07-11 13:54:46,1783778086,R_75,55014.1676,-1,3.5582999999969616,BACKFILL_AUTO
2026-07-11 13:54:48,1783778088,R_75,54996.9677,-1,17.199899999999616,BACKFILL_AUTO
2026-07-11 13:54:50,1783778090,R_75,54986.6714,-1,10.296300000001793,BACKFILL_AUTO
2026-07-11 13:54:52,1783778092,R_75,54983.1589,-1,3.5124999999970896,BACKFILL_AUTO
2026-07-11 13:54:54,1783778094,R_75,54979.5484,-1,3.610500000002503,BACKFILL_AUTO
2026-07-11 13:54:56,1783778096,R_75,54976.8609,-1,2.6875,BACKFILL_AUTO
2026-07-11 13:54:58,1783778098,R_75,54980.3146,1,3.453699999998207,BACKFILL_AUTO
2026-07-11 13:55:00,1783778100,R_75,54975.3558,-1,4.958800000000338,BACKFILL_AUTO
2026-07-11 13:55:02,1783778102,R_75,54974.9085,-1,0.44729999999981374,BACKFILL_AUTO
2026-07-11 13:55:04,1783778104,R_75,54962.0904,-1,12.818099999996775,BACKFILL_AUTO
2026-07-11 13:55:06,1783778106,R_75,54971.5944,1,9.504000000000815,BACKFILL_AUTO
2026-07-11 13:55:08,1783778108,R_75,54973.1943,1,1.599900000001071,BACKFILL_AUTO
2026-07-11 13:55:10,1783778110,R_75,54984.1943,1,11.0,BACKFILL_AUTO
2026-07-11 13:55:12,1783778112,R_75,54967.8205,-1,16.37380000000121,BACKFILL_AUTO
2026-07-11 13:55:14,1783778114,R_75,54947.1999,-1,20.620600000002014,BACKFILL_AUTO
2026-07-11 13:55:16,1783778116,R_75,54943.3235,-1,3.876400000001013,BACKFILL_AUTO
2026-07-11 13:55:18,1783778118,R_75,54956.1446,1,12.821100000001024,BACKFILL_AUTO
2026-07-11 13:55:20,1783778120,R_75,54953.1684,-1,2.976199999997334,BACKFILL_AUTO
2026-07-11 13:55:22,1783778122,R_75,54954.3892,1,1.2207999999955064,BACKFILL_AUTO
2026-07-11 13:55:24,1783778124,R_75,54963.4153,1,9.02610000000277,BACKFILL_AUTO
2026-07-11 13:55:26,1783778126,R_75,54968.6143,1,5.199000000000524,BACKFILL_AUTO
2026-07-11 13:55:28,1783778128,R_75,54968.1312,-1,0.4830999999976484,BACKFILL_AUTO
2026-07-11 13:55:30,1783778130,R_75,54948.2549,-1,19.87630000000354,BACKFILL_AUTO
2026-07-11 13:55:32,1783778132,R_75,54956.4715,1,8.216599999999744,BACKFILL_AUTO
2026-07-11 13:55:34,1783778134,R_75,54953.1813,-1,3.2902000000030966,BACKFILL_AUTO
2026-07-11 13:55:36,1783778136,R_75,54948.3456,-1,4.835699999995995,BACKFILL_AUTO
2026-07-11 13:55:38,1783778138,R_75,54960.265,1,11.91939999999886,BACKFILL_AUTO
2026-07-11 13:55:40,1783778140,R_75,54962.3008,1,2.0357999999978347,BACKFILL_AUTO
2026-07-11 13:55:42,1783778142,R_75,54970.131,1,7.83020000000397,BACKFILL_AUTO
2026-07-11 13:55:44,1783778144,R_75,54987.2726,1,17.14159999999538,BACKFILL_AUTO
2026-07-11 13:55:46,1783778146,R_75,54992.1619,1,4.8893000000025495,BACKFILL_AUTO
2026-07-11 13:55:48,1783778148,R_75,54984.8384,-1,7.323499999998603,BACKFILL_AUTO
2026-07-11 13:55:50,1783778150,R_75,54983.3061,-1,1.5322999999989406,BACKFILL_AUTO
2026-07-11 13:55:52,1783778152,R_75,54985.3674,1,2.0613000000012107,BACKFILL_AUTO
2026-07-11 13:55:54,1783778154,R_75,54993.4982,1,8.130799999998999,BACKFILL_AUTO
2026-07-11 13:55:56,1783778156,R_75,54977.0646,-1,16.433600000003935,BACKFILL_AUTO
2026-07-11 13:55:58,1783778158,R_75,54990.2877,1,13.223100000002887,BACKFILL_AUTO
2026-07-11 13:56:00,1783778160,R_75,54976.5305,-1,13.757200000000012,BACKFILL_AUTO
2026-07-11 13:56:02,1783778162,R_75,54977.564,1,1.03349999999773,BACKFILL_AUTO
2026-07-11 13:56:04,1783778164,R_75,54971.916,-1,5.648000000001048,BACKFILL_AUTO
2026-07-11 13:56:06,1783778166,R_75,54969.8119,-1,2.1040999999968335,BACKFILL_AUTO
2026-07-11 13:56:08,1783778168,R_75,54976.7301,1,6.91820000000007,BACKFILL_AUTO
2026-07-11 13:56:10,1783778170,R_75,54983.2306,1,6.500500000001921,BACKFILL_AUTO
2026-07-11 13:56:12,1783778172,R_75,54980.6951,-1,2.5355000000054133,BACKFILL_AUTO
2026-07-11 13:56:14,1783778174,R_75,54990.4512,1,9.756100000005972,BACKFILL_AUTO
2026-07-11 13:56:16,1783778176,R_75,55001.0713,1,10.620100000000093,BACKFILL_AUTO
2026-07-11 13:56:18,1783778178,R_75,54997.2054,-1,3.8659000000043306,BACKFILL_AUTO
2026-07-11 13:56:20,1783778180,R_75,55002.6071,1,5.401700000002165,BACKFILL_AUTO
2026-07-11 13:56:22,1783778182,R_75,54986.9737,-1,15.633399999998801,BACKFILL_AUTO
2026-07-11 13:56:24,1783778184,R_75,54990.7634,1,3.789700000001176,BACKFILL_AUTO
2026-07-11 13:56:26,1783778186,R_75,54986.6211,-1,4.142300000006799,BACKFILL_AUTO
2026-07-11 13:56:28,1783778188,R_75,55006.9057,1,20.28460000000632,BACKFILL_AUTO
2026-07-11 13:56:30,1783778190,R_75,55012.7576,1,5.8518999999942025,BACKFILL_AUTO
2026-07-11 13:56:32,1783778192,R_75,55009.5445,-1,3.213099999993574,BACKFILL_AUTO
2026-07-11 13:56:34,1783778194,R_75,55000.0272,-1,9.517300000006799,BACKFILL_AUTO
2026-07-11 13:56:36,1783778196,R_75,55010.4676,1,10.440400000006775,BACKFILL_AUTO
2026-07-11 13:56:38,1783778198,R_75,54993.6728,-1,16.794800000003306,BACKFILL_AUTO
2026-07-11 13:56:40,1783778200,R_75,54991.476,-1,2.196799999997893,BACKFILL_AUTO
2026-07-11 13:56:42,1783778202,R_75,54985.0328,-1,6.443200000001525,BACKFILL_AUTO
2026-07-11 13:56:44,1783778204,R_75,54980.8979,-1,4.1348999999972875,BACKFILL_AUTO
2026-07-11 13:56:46,1783778206,R_75,54985.3048,1,4.4068999999944936,BACKFILL_AUTO
2026-07-11 13:56:48,1783778208,R_75,54984.3426,-1,0.9621999999944819,BACKFILL_AUTO
2026-07-11 13:56:50,1783778210,R_75,54980.1188,-1,4.2238000000070315,BACKFILL_AUTO
2026-07-11 13:56:52,1783778212,R_75,54975.8202,-1,4.298599999994622,BACKFILL_AUTO
2026-07-11 13:56:54,1783778214,R_75,54976.2285,1,0.40829999999550637,BACKFILL_AUTO
2026-07-11 13:56:56,1783778216,R_75,54965.6768,-1,10.551699999996345,BACKFILL_AUTO
2026-07-11 13:56:58,1783778218,R_75,54967.1308,1,1.4539999999979045,BACKFILL_AUTO
2026-07-11 13:57:00,1783778220,R_75,54978.3517,1,11.220900000000256,BACKFILL_AUTO
2026-07-11 13:57:02,1783778222,R_75,54973.6331,-1,4.718600000000151,BACKFILL_AUTO
2026-07-11 13:57:04,1783778224,R_75,54979.8864,1,6.2533000000039465,BACKFILL_AUTO
2026-07-11 13:57:06,1783778226,R_75,54977.9149,-1,1.9714999999996508,BACKFILL_AUTO
2026-07-11 13:57:08,1783778228,R_75,54976.3604,-1,1.5545000000056461,BACKFILL_AUTO
2026-07-11 13:57:10,1783778230,R_75,54976.5827,1,0.22230000000126893,BACKFILL_AUTO
2026-07-11 13:57:12,1783778232,R_75,54958.5797,-1,18.002999999996973,BACKFILL_AUTO
2026-07-11 13:57:14,1783778234,R_75,54961.5691,1,2.989399999998568,BACKFILL_AUTO
2026-07-11 13:57:16,1783778236,R_75,54960.9334,-1,0.6356999999989057,BACKFILL_AUTO
2026-07-11 13:57:18,1783778238,R_75,54941.5713,-1,19.362099999998463,BACKFILL_AUTO
2026-07-11 13:57:20,1783778240,R_75,54940.7343,-1,0.8370000000068103,BACKFILL_AUTO
2026-07-11 13:57:22,1783778242,R_75,54942.2581,1,1.523800000002666,BACKFILL_AUTO
2026-07-11 13:57:24,1783778244,R_75,54918.0766,-1,24.181499999998778,BACKFILL_AUTO
2026-07-11 13:57:26,1783778246,R_75,54908.424,-1,9.652600000001257,BACKFILL_AUTO
2026-07-11 13:57:28,1783778248,R_75,54924.5635,1,16.139499999997497,BACKFILL_AUTO
2026-07-11 13:57:30,1783778250,R_75,54920.5007,-1,4.062799999999697,BACKFILL_AUTO
2026-07-11 13:57:32,1783778252,R_75,54933.683,1,13.182300000000396,BACKFILL_AUTO
2026-07-11 13:57:34,1783778254,R_75,54945.122,1,11.439000000005763,BACKFILL_AUTO
2026-07-11 13:57:36,1783778256,R_75,54947.355,1,2.2330000000001746,BACKFILL_AUTO
2026-07-11 13:57:38,1783778258,R_75,54938.4986,-1,8.856400000004214,BACKFILL_AUTO
2026-07-11 13:57:40,1783778260,R_75,54929.5649,-1,8.933700000001409,BACKFILL_AUTO
2026-07-11 13:57:42,1783778262,R_75,54933.1616,1,3.5967000000018743,BACKFILL_AUTO
2026-07-11 13:57:44,1783778264,R_75,54914.6466,-1,18.514999999999418,BACKFILL_AUTO
2026-07-11 13:57:46,1783778266,R_75,54901.3552,-1,13.291400000001886,BACKFILL_AUTO
2026-07-11 13:57:48,1783778268,R_75,54881.5286,-1,19.826600000000326,BACKFILL_AUTO
2026-07-11 13:57:50,1783778270,R_75,54867.1028,-1,14.425799999997253,BACKFILL_AUTO
2026-07-11 13:57:52,1783778272,R_75,54866.9996,-1,0.10319999999774154,BACKFILL_AUTO
2026-07-11 13:57:54,1783778274,R_75,54844.243,-1,22.756600000000617,BACKFILL_AUTO
2026-07-11 13:57:56,1783778276,R_75,54840.6265,-1,3.6165000000037253,BACKFILL_AUTO
2026-07-11 13:57:58,1783778278,R_75,54838.3242,-1,2.302299999995739,BACKFILL_AUTO
2026-07-11 13:58:00,1783778280,R_75,54837.0738,-1,1.250400000004447,BACKFILL_AUTO
2026-07-11 13:58:02,1783778282,R_75,54833.5319,-1,3.541899999996531,BACKFILL_AUTO
2026-07-11 13:58:04,1783778284,R_75,54817.0885,-1,16.44340000000375,BACKFILL_AUTO
2026-07-11 13:58:06,1783778286,R_75,54826.6426,1,9.554100000001199,BACKFILL_AUTO
2026-07-11 13:58:08,1783778288,R_75,54823.1359,-1,3.506699999998091,BACKFILL_AUTO
2026-07-11 13:58:10,1783778290,R_75,54823.7492,1,0.6132999999972526,BACKFILL_AUTO
2026-07-11 13:58:12,1783778292,R_75,54814.7171,-1,9.032099999996717,BACKFILL_AUTO
2026-07-11 13:58:14,1783778294,R_75,54820.6329,1,5.915799999995215,BACKFILL_AUTO
2026-07-11 13:58:16,1783778296,R_75,54812.229,-1,8.40389999999752,BACKFILL_AUTO
2026-07-11 13:58:18,1783778298,R_75,54818.3716,1,6.14259999999922,BACKFILL_AUTO
2026-07-11 13:58:20,1783778300,R_75,54807.3682,-1,11.00340000000142,BACKFILL_AUTO
2026-07-11 13:58:22,1783778302,R_75,54806.4639,-1,0.9042999999946915,BACKFILL_AUTO
2026-07-11 13:58:24,1783778304,R_75,54772.2797,-1,34.18420000000333,BACKFILL_AUTO
2026-07-11 13:58:26,1783778306,R_75,54754.4975,-1,17.782200000001467,BACKFILL_AUTO
2026-07-11 13:58:28,1783778308,R_75,54729.5699,-1,24.927599999995437,BACKFILL_AUTO
2026-07-11 13:58:30,1783778310,R_75,54722.3284,-1,7.241500000003725,BACKFILL_AUTO
2026-07-11 13:58:32,1783778312,R_75,54709.7208,-1,12.607599999995728,BACKFILL_AUTO
2026-07-11 13:58:34,1783778314,R_75,54717.5165,1,7.795699999995122,BACKFILL_AUTO
2026-07-11 13:58:36,1783778316,R_75,54711.0037,-1,6.512799999996787,BACKFILL_AUTO
2026-07-11 13:58:38,1783778318,R_75,54714.9525,1,3.9487999999983003,BACKFILL_AUTO
2026-07-11 13:58:40,1783778320,R_75,54716.1288,1,1.1762999999991735,BACKFILL_AUTO
2026-07-11 13:58:42,1783778322,R_75,54704.3114,-1,11.817399999999907,BACKFILL_AUTO
2026-07-11 13:58:44,1783778324,R_75,54722.8729,1,18.561500000003434,BACKFILL_AUTO
2026-07-11 13:58:46,1783778326,R_75,54709.4992,-1,13.373700000003737,BACKFILL_AUTO
2026-07-11 13:58:48,1783778328,R_75,54690.5802,-1,18.919000000001688,BACKFILL_AUTO
2026-07-11 13:58:50,1783778330,R_75,54701.8177,1,11.23750000000291,BACKFILL_AUTO
2026-07-11 13:58:52,1783778332,R_75,54698.0933,-1,3.72439999999915,BACKFILL_AUTO
2026-07-11 13:58:54,1783778334,R_75,54679.5385,-1,18.554799999998068,BACKFILL_AUTO
2026-07-11 13:58:56,1783778336,R_75,54676.2011,-1,3.3374000000039814,BACKFILL_AUTO
2026-07-11 13:58:58,1783778338,R_75,54675.8523,-1,0.34879999999975553,BACKFILL_AUTO
2026-07-11 13:59:00,1783778340,R_75,54674.3852,-1,1.4671000000016647,BACKFILL_AUTO
2026-07-11 13:59:02,1783778342,R_75,54679.0729,1,4.6877000000022235,BACKFILL_AUTO
2026-07-11 13:59:04,1783778344,R_75,54676.8529,-1,2.220000000001164,BACKFILL_AUTO
2026-07-11 13:59:06,1783778346,R_75,54664.507,-1,12.345900000000256,BACKFILL_AUTO
2026-07-11 13:59:08,1783778348,R_75,54684.2088,1,19.70180000000255,BACKFILL_AUTO
2026-07-11 13:59:10,1783778350,R_75,54675.9621,-1,8.24670000000333,BACKFILL_AUTO
2026-07-11 13:59:12,1783778352,R_75,54684.0867,1,8.124600000002829,BACKFILL_AUTO
2026-07-11 13:59:14,1783778354,R_75,54674.6284,-1,9.458299999998417,BACKFILL_AUTO
2026-07-11 13:59:16,1783778356,R_75,54675.4381,1,0.8096999999979744,BACKFILL_AUTO
2026-07-11 13:59:18,1783778358,R_75,54683.555,1,8.116900000000896,BACKFILL_AUTO
2026-07-11 13:59:20,1783778360,R_75,54657.9829,-1,25.57209999999759,BACKFILL_AUTO
2026-07-11 13:59:22,1783778362,R_75,54642.6215,-1,15.361400000001595,BACKFILL_AUTO
2026-07-11 13:59:24,1783778364,R_75,54654.2982,1,11.676699999996345,BACKFILL_AUTO
2026-07-11 13:59:26,1783778366,R_75,54650.1956,-1,4.102599999998347,BACKFILL_AUTO
2026-07-11 13:59:28,1783778368,R_75,54657.5786,1,7.38300000000163,BACKFILL_AUTO
2026-07-11 13:59:30,1783778370,R_75,54659.5183,1,1.939700000002631,BACKFILL_AUTO
2026-07-11 13:59:32,1783778372,R_75,54656.8671,-1,2.6512000000002445,BACKFILL_AUTO
2026-07-11 13:59:34,1783778374,R_75,54654.1763,-1,2.6908000000039465,BACKFILL_AUTO
2026-07-11 13:59:36,1783778376,R_75,54656.8499,1,2.6736000000018976,BACKFILL_AUTO
2026-07-11 13:59:38,1783778378,R_75,54643.228,-1,13.621899999998277,BACKFILL_AUTO
2026-07-11 13:59:40,1783778380,R_75,54636.2285,-1,6.999500000005355,BACKFILL_AUTO
2026-07-11 13:59:42,1783778382,R_75,54638.1861,1,1.9576000000015483,BACKFILL_AUTO
2026-07-11 13:59:44,1783778384,R_75,54648.9777,1,10.79160000000411,BACKFILL_AUTO
2026-07-11 13:59:46,1783778386,R_75,54646.1119,-1,2.865799999999581,BACKFILL_AUTO
2026-07-11 13:59:48,1783778388,R_75,54644.8719,-1,1.2400000000052387,BACKFILL_AUTO
2026-07-11 13:59:50,1783778390,R_75,54646.371,1,1.499100000000908,BACKFILL_AUTO
2026-07-11 13:59:52,1783778392,R_75,54626.4561,-1,19.914899999996123,BACKFILL_AUTO
2026-07-11 13:59:54,1783778394,R_75,54621.0864,-1,5.369700000002922,BACKFILL_AUTO
2026-07-11 13:59:56,1783778396,R_75,54602.9333,-1,18.153100000003178,BACKFILL_AUTO
2026-07-11 13:59:58,1783778398,R_75,54589.05,-1,13.883299999994051,BACKFILL_AUTO
2026-07-11 14:00:00,1783778400,R_75,54587.7872,-1,1.262800000004063,BACKFILL_AUTO
2026-07-11 14:00:02,1783778402,R_75,54583.9513,-1,3.835899999998219,BACKFILL_AUTO
2026-07-11 14:00:04,1783778404,R_75,54587.7064,1,3.7551000000021304,BACKFILL_AUTO
2026-07-11 14:00:06,1783778406,R_75,54595.176,1,7.469599999996717,BACKFILL_AUTO
2026-07-11 14:00:08,1783778408,R_75,54612.5404,1,17.364399999998568,BACKFILL_AUTO
2026-07-11 14:00:10,1783778410,R_75,54613.499,1,0.95860000000539,BACKFILL_AUTO
2026-07-11 14:00:12,1783778412,R_75,54620.4233,1,6.924299999998766,BACKFILL_AUTO
2026-07-11 14:00:14,1783778414,R_75,54610.1205,-1,10.302800000004936,BACKFILL_AUTO
2026-07-11 14:00:16,1783778416,R_75,54623.3598,1,13.239300000001094,BACKFILL_AUTO
2026-07-11 14:00:18,1783778418,R_75,54624.1878,1,0.8280000000013388,BACKFILL_AUTO
2026-07-11 14:00:20,1783778420,R_75,54627.954,1,3.766199999998207,BACKFILL_AUTO
2026-07-11 14:00:22,1783778422,R_75,54634.9035,1,6.949500000002445,BACKFILL_AUTO
2026-07-11 14:00:24,1783778424,R_75,54650.2555,1,15.351999999998952,BACKFILL_AUTO
2026-07-11 14:00:26,1783778426,R_75,54633.5328,-1,16.72269999999844,BACKFILL_AUTO
2026-07-11 14:00:28,1783778428,R_75,54626.4756,-1,7.057200000002922,BACKFILL_AUTO
2026-07-11 14:00:30,1783778430,R_75,54619.8853,-1,6.590299999996205,BACKFILL_AUTO
2026-07-11 14:00:32,1783778432,R_75,54616.8006,-1,3.0846999999994296,BACKFILL_AUTO
2026-07-11 14:00:34,1783778434,R_75,54638.1016,1,21.300999999999476,BACKFILL_AUTO
2026-07-11 14:00:36,1783778436,R_75,54639.2133,1,1.1117000000012922,BACKFILL_AUTO
2026-07-11 14:00:38,1783778438,R_75,54629.7675,-1,9.445800000001327,BACKFILL_AUTO
2026-07-11 14:00:40,1783778440,R_75,54622.1609,-1,7.606599999999162,BACKFILL_AUTO
2026-07-11 14:00:42,1783778442,R_75,54611.1621,-1,10.99880000000121,BACKFILL_AUTO
2026-07-11 14:00:44,1783778444,R_75,54613.6666,1,2.50449999999546,BACKFILL_AUTO
2026-07-11 14:00:46,1783778446,R_75,54628.6096,1,14.943000000006577,BACKFILL_AUTO
2026-07-11 14:00:48,1783778448,R_75,54630.2338,1,1.6241999999983818,BACKFILL_AUTO
2026-07-11 14:00:50,1783778450,R_75,54619.8016,-1,10.432200000002922,BACKFILL_AUTO
2026-07-11 14:00:52,1783778452,R_75,54626.7912,1,6.989600000000792,BACKFILL_AUTO
2026-07-11 14:00:54,1783778454,R_75,54633.6527,1,6.861499999999069,BACKFILL_AUTO
2026-07-11 14:00:56,1783778456,R_75,54651.7455,1,18.092799999998533,BACKFILL_AUTO
2026-07-11 14:00:58,1783778458,R_75,54639.2229,-1,12.5225999999966,BACKFILL_AUTO
2026-07-11 14:01:00,1783778460,R_75,54653.4,1,14.177100000000792,BACKFILL_AUTO
2026-07-11 14:01:02,1783778462,R_75,54657.5515,1,4.151499999999942,BACKFILL_AUTO
2026-07-11 14:01:04,1783778464,R_75,54671.589,1,14.037499999998545,BACKFILL_AUTO
2026-07-11 14:01:06,1783778466,R_75,54683.638,1,12.048999999999069,BACKFILL_AUTO
2026-07-11 14:01:08,1783778468,R_75,54692.2877,1,8.649700000001758,BACKFILL_AUTO
2026-07-11 14:01:10,1783778470,R_75,54712.8056,1,20.517899999998917,BACKFILL_AUTO
2026-07-11 14:01:12,1783778472,R_75,54724.4045,1,11.59889999999723,BACKFILL_AUTO
2026-07-11 14:01:14,1783778474,R_75,54726.4662,1,2.061700000005658,BACKFILL_AUTO
2026-07-11 14:01:16,1783778476,R_75,54732.5116,1,6.045399999995425,BACKFILL_AUTO
2026-07-11 14:01:18,1783778478,R_75,54724.4788,-1,8.032800000000861,BACKFILL_AUTO
2026-07-11 14:01:20,1783778480,R_75,54708.0062,-1,16.47259999999369,BACKFILL_AUTO
2026-07-11 14:01:22,1783778482,R_75,54702.7755,-1,5.23070000000007,BACKFILL_AUTO
2026-07-11 14:01:24,1783778484,R_75,54686.4059,-1,16.36960000000545,BACKFILL_AUTO
2026-07-11 14:01:26,1783778486,R_75,54692.8805,1,6.474600000001374,BACKFILL_AUTO
2026-07-11 14:01:28,1783778488,R_75,54686.2447,-1,6.6357999999963795,BACKFILL_AUTO
2026-07-11 14:01:30,1783778490,R_75,54694.8195,1,8.574799999994866,BACKFILL_AUTO
2026-07-11 14:01:32,1783778492,R_75,54718.785,1,23.965500000005704,BACKFILL_AUTO
2026-07-11 14:01:34,1783778494,R_75,54737.9213,1,19.1362999999983,BACKFILL_AUTO
2026-07-11 14:01:36,1783778496,R_75,54728.9178,-1,9.003499999998894,BACKFILL_AUTO
2026-07-11 14:01:38,1783778498,R_75,54733.0331,1,4.11529999999766,BACKFILL_AUTO
2026-07-11 14:01:40,1783778500,R_75,54712.7687,-1,20.264400000000023,BACKFILL_AUTO
2026-07-11 14:01:42,1783778502,R_75,54714.1231,1,1.3543999999965308,BACKFILL_AUTO
2026-07-11 14:01:44,1783778504,R_75,54720.5466,1,6.423500000004424,BACKFILL_AUTO
2026-07-11 14:01:46,1783778506,R_75,54693.7592,-1,26.78740000000107,BACKFILL_AUTO
2026-07-11 14:01:48,1783778508,R_75,54687.7427,-1,6.0164999999979045,BACKFILL_AUTO
2026-07-11 14:01:50,1783778510,R_75,54687.4704,-1,0.2723000000041793,BACKFILL_AUTO
2026-07-11 14:01:52,1783778512,R_75,54690.432,1,2.9616000000023632,BACKFILL_AUTO
2026-07-11 14:01:54,1783778514,R_75,54686.3086,-1,4.12340000000404,BACKFILL_AUTO
2026-07-11 14:01:56,1783778516,R_75,54703.0187,1,16.710100000003877,BACKFILL_AUTO
2026-07-11 14:01:58,1783778518,R_75,54687.3092,-1,15.709499999997206,BACKFILL_AUTO
2026-07-11 14:02:00,1783778520,R_75,54693.0937,1,5.784499999994296,BACKFILL_AUTO
2026-07-11 14:02:02,1783778522,R_75,54687.7487,-1,5.345000000001164,BACKFILL_AUTO
2026-07-11 14:02:04,1783778524,R_75,54679.4529,-1,8.295799999999872,BACKFILL_AUTO
2026-07-11 14:02:06,1783778526,R_75,54669.6613,-1,9.791599999996834,BACKFILL_AUTO
2026-07-11 14:02:08,1783778528,R_75,54675.5307,1,5.869400000003225,BACKFILL_AUTO
2026-07-11 14:02:10,1783778530,R_75,54679.8404,1,4.309699999997974,BACKFILL_AUTO
2026-07-11 14:02:12,1783778532,R_75,54688.9071,1,9.066699999995762,BACKFILL_AUTO
2026-07-11 14:02:14,1783778534,R_75,54693.197,1,4.289900000003399,BACKFILL_AUTO
2026-07-11 14:02:16,1783778536,R_75,54694.9333,1,1.7362999999968451,BACKFILL_AUTO
2026-07-11 14:02:18,1783778538,R_75,54678.2324,-1,16.70089999999618,BACKFILL_AUTO
2026-07-11 14:02:20,1783778540,R_75,54672.2392,-1,5.9931999999971595,BACKFILL_AUTO
2026-07-11 14:02:22,1783778542,R_75,54666.8687,-1,5.37050000000454,BACKFILL_AUTO
2026-07-11 14:02:24,1783778544,R_75,54665.6228,-1,1.2459000000017113,BACKFILL_AUTO
2026-07-11 14:02:26,1783778546,R_75,54681.9345,1,16.311700000005658,BACKFILL_AUTO
2026-07-11 14:02:28,1783778548,R_75,54670.3371,-1,11.597400000006019,BACKFILL_AUTO
2026-07-11 14:02:30,1783778550,R_75,54667.3364,-1,3.0006999999968684,BACKFILL_AUTO
2026-07-11 14:02:32,1783778552,R_75,54659.553,-1,7.783400000000256,BACKFILL_AUTO
2026-07-11 14:02:34,1783778554,R_75,54672.3512,1,12.79819999999745,BACKFILL_AUTO
2026-07-11 14:02:36,1783778556,R_75,54675.9779,1,3.62670000000071,BACKFILL_AUTO
2026-07-11 14:02:38,1783778558,R_75,54682.0758,1,6.097900000000664,BACKFILL_AUTO
2026-07-11 14:02:40,1783778560,R_75,54700.8792,1,18.80340000000433,BACKFILL_AUTO
2026-07-11 14:02:42,1783778562,R_75,54702.4857,1,1.606499999994412,BACKFILL_AUTO
2026-07-11 14:02:44,1783778564,R_75,54719.3406,1,16.854900000005728,BACKFILL_AUTO
2026-07-11 14:02:46,1783778566,R_75,54723.3312,1,3.9905999999973574,BACKFILL_AUTO
2026-07-11 14:02:48,1783778568,R_75,54727.1377,1,3.8064999999987776,BACKFILL_AUTO
2026-07-11 14:02:50,1783778570,R_75,54727.4632,1,0.32549999999901047,BACKFILL_AUTO
2026-07-11 14:02:52,1783778572,R_75,54737.4316,1,9.968400000005204,BACKFILL_AUTO
2026-07-11 14:02:54,1783778574,R_75,54740.9436,1,3.5119999999951688,BACKFILL_AUTO
2026-07-11 14:02:56,1783778576,R_75,54730.5964,-1,10.34719999999652,BACKFILL_AUTO
2026-07-11 14:02:58,1783778578,R_75,54744.1569,1,13.560499999999593,BACKFILL_AUTO
2026-07-11 14:03:00,1783778580,R_75,54748.6219,1,4.4649999999965075,BACKFILL_AUTO
2026-07-11 14:03:02,1783778582,R_75,54755.3288,1,6.70690000000468,BACKFILL_AUTO
2026-07-11 14:03:04,1783778584,R_75,54759.403,1,4.074199999995471,BACKFILL_AUTO
2026-07-11 14:03:06,1783778586,R_75,54761.2621,1,1.8591000000014901,BACKFILL_AUTO
2026-07-11 14:03:08,1783778588,R_75,54749.6785,-1,11.583599999998114,BACKFILL_AUTO
2026-07-11 14:03:10,1783778590,R_75,54760.5227,1,10.844199999999546,BACKFILL_AUTO
2026-07-11 14:03:12,1783778592,R_75,54782.151,1,21.62829999999667,BACKFILL_AUTO
2026-07-11 14:03:14,1783778594,R_75,54781.5579,-1,0.5930999999982305,BACKFILL_AUTO
2026-07-11 14:03:16,1783778596,R_75,54788.7111,1,7.153200000000652,BACKFILL_AUTO
2026-07-11 14:03:18,1783778598,R_75,54774.2384,-1,14.47269999999844,BACKFILL_AUTO
2026-07-11 14:03:20,1783778600,R_75,54776.6329,1,2.3944999999948777,BACKFILL_AUTO
2026-07-11 14:03:22,1783778602,R_75,54770.0221,-1,6.610799999994924,BACKFILL_AUTO
2026-07-11 14:03:24,1783778604,R_75,54767.9118,-1,2.1103000000002794,BACKFILL_AUTO
2026-07-11 14:03:26,1783778606,R_75,54768.7673,1,0.8554999999978463,BACKFILL_AUTO
2026-07-11 14:03:28,1783778608,R_75,54786.4897,1,17.722399999998743,BACKFILL_AUTO
2026-07-11 14:03:30,1783778610,R_75,54794.1313,1,7.641600000002654,BACKFILL_AUTO
2026-07-11 14:03:32,1783778612,R_75,54793.2903,-1,0.8410000000003492,BACKFILL_AUTO
2026-07-11 14:03:34,1783778614,R_75,54781.9758,-1,11.314500000000407,BACKFILL_AUTO
2026-07-11 14:03:36,1783778616,R_75,54771.6991,-1,10.276700000002165,BACKFILL_AUTO
2026-07-11 14:03:38,1783778618,R_75,54783.7454,1,12.046300000001793,BACKFILL_AUTO
2026-07-11 14:03:40,1783778620,R_75,54768.1695,-1,15.575899999996182,BACKFILL_AUTO
2026-07-11 14:03:42,1783778622,R_75,54779.5646,1,11.395099999994272,BACKFILL_AUTO
2026-07-11 14:03:44,1783778624,R_75,54778.7193,-1,0.8453000000008615,BACKFILL_AUTO
2026-07-11 14:03:46,1783778626,R_75,54777.5039,-1,1.2153999999936786,BACKFILL_AUTO
2026-07-11 14:03:48,1783778628,R_75,54776.0802,-1,1.4237000000066473,BACKFILL_AUTO
2026-07-11 14:03:50,1783778630,R_75,54782.6591,1,6.578900000000431,BACKFILL_AUTO
2026-07-11 14:03:52,1783778632,R_75,54797.4379,1,14.778800000000047,BACKFILL_AUTO
2026-07-11 14:03:54,1783778634,R_75,54808.2338,1,10.795900000004622,BACKFILL_AUTO
2026-07-11 14:03:56,1783778636,R_75,54818.2397,1,10.005899999996473,BACKFILL_AUTO
2026-07-11 14:03:58,1783778638,R_75,54822.567,1,4.32730000000447,BACKFILL_AUTO
2026-07-11 14:04:00,1783778640,R_75,54837.4091,1,14.842099999994389,BACKFILL_AUTO
2026-07-11 14:04:02,1783778642,R_75,54828.8853,-1,8.52379999999539,BACKFILL_AUTO
2026-07-11 14:04:04,1783778644,R_75,54813.3114,-1,15.57390000000305,BACKFILL_AUTO
2026-07-11 14:04:06,1783778646,R_75,54799.724,-1,13.587399999996705,BACKFILL_AUTO
2026-07-11 14:04:08,1783778648,R_75,54809.6756,1,9.951600000000326,BACKFILL_AUTO
2026-07-11 14:04:10,1783778650,R_75,54793.0369,-1,16.638700000003155,BACKFILL_AUTO
2026-07-11 14:04:12,1783778652,R_75,54793.2733,1,0.2364000000015949,BACKFILL_AUTO
2026-07-11 14:04:14,1783778654,R_75,54794.941,1,1.667699999998149,BACKFILL_AUTO
2026-07-11 14:04:16,1783778656,R_75,54792.7793,-1,2.1616999999969266,BACKFILL_AUTO
2026-07-11 14:04:18,1783778658,R_75,54803.1443,1,10.364999999997963,BACKFILL_AUTO
2026-07-11 14:04:20,1783778660,R_75,54789.916,-1,13.228300000002491,BACKFILL_AUTO
2026-07-11 14:04:22,1783778662,R_75,54784.7564,-1,5.159599999999045,BACKFILL_AUTO
2026-07-11 14:04:24,1783778664,R_75,54787.7057,1,2.949300000000221,BACKFILL_AUTO
2026-07-11 14:04:26,1783778666,R_75,54783.7257,-1,3.9799999999959255,BACKFILL_AUTO
2026-07-11 14:04:28,1783778668,R_75,54791.9485,1,8.222799999995914,BACKFILL_AUTO
2026-07-11 14:04:30,1783778670,R_75,54793.981,1,2.032500000001164,BACKFILL_AUTO
2026-07-11 14:04:32,1783778672,R_75,54779.2279,-1,14.753100000001723,BACKFILL_AUTO
2026-07-11 14:04:34,1783778674,R_75,54750.629,-1,28.59889999999723,BACKFILL_AUTO
2026-07-11 14:04:36,1783778676,R_75,54751.5864,1,0.9573999999993248,BACKFILL_AUTO
2026-07-11 14:04:38,1783778678,R_75,54756.4653,1,4.878900000003341,BACKFILL_AUTO
2026-07-11 14:04:40,1783778680,R_75,54761.0564,1,4.591099999997823,BACKFILL_AUTO
2026-07-11 14:04:42,1783778682,R_75,54760.0186,-1,1.0377999999982421,BACKFILL_AUTO
2026-07-11 14:04:44,1783778684,R_75,54770.476,1,10.457399999999325,BACKFILL_AUTO
2026-07-11 14:04:46,1783778686,R_75,54760.2708,-1,10.20520000000397,BACKFILL_AUTO
2026-07-11 14:04:48,1783778688,R_75,54759.7935,-1,0.4772999999986496,BACKFILL_AUTO
2026-07-11 14:04:50,1783778690,R_75,54760.4918,1,0.6983000000036554,BACKFILL_AUTO
2026-07-11 14:04:52,1783778692,R_75,54753.3265,-1,7.16530000000057,BACKFILL_AUTO
2026-07-11 14:04:54,1783778694,R_75,54758.9702,1,5.6437000000005355,BACKFILL_AUTO
2026-07-11 14:04:56,1783778696,R_75,54766.6728,1,7.702599999996892,BACKFILL_AUTO
2026-07-11 14:04:58,1783778698,R_75,54771.1717,1,4.4988999999986845,BACKFILL_AUTO
2026-07-11 14:05:00,1783778700,R_75,54762.2359,-1,8.93579999999929,BACKFILL_AUTO
2026-07-11 14:05:02,1783778702,R_75,54755.9081,-1,6.327799999999115,BACKFILL_AUTO
2026-07-11 14:05:04,1783778704,R_75,54739.8529,-1,16.055200000002515,BACKFILL_AUTO
2026-07-11 14:05:06,1783778706,R_75,54742.6847,1,2.83179999999993,BACKFILL_AUTO
2026-07-11 14:05:08,1783778708,R_75,54744.0384,1,1.3536999999996624,BACKFILL_AUTO
2026-07-11 14:05:10,1783778710,R_75,54738.7096,-1,5.328799999995681,BACKFILL_AUTO
2026-07-11 14:05:12,1783778712,R_75,54736.7316,-1,1.978000000002794,BACKFILL_AUTO
2026-07-11 14:05:14,1783778714,R_75,54745.0762,1,8.344600000003993,BACKFILL_AUTO
2026-07-11 14:05:16,1783778716,R_75,54749.9496,1,4.873399999996764,BACKFILL_AUTO
2026-07-11 14:05:18,1783778718,R_75,54770.9222,1,20.972600000000966,BACKFILL_AUTO
2026-07-11 14:05:20,1783778720,R_75,54781.3857,1,10.463499999998021,BACKFILL_AUTO
2026-07-11 14:05:22,1783778722,R_75,54775.0645,-1,6.321199999998498,BACKFILL_AUTO
2026-07-11 14:05:24,1783778724,R_75,54793.4027,1,18.338199999998324,BACKFILL_AUTO
2026-07-11 14:05:26,1783778726,R_75,54775.2797,-1,18.122999999999593,BACKFILL_AUTO
2026-07-11 14:05:28,1783778728,R_75,54756.6999,-1,18.579799999999523,BACKFILL_AUTO
2026-07-11 14:05:30,1783778730,R_75,54775.8679,1,19.167999999997846,BACKFILL_AUTO
2026-07-11 14:05:32,1783778732,R_75,54790.2605,1,14.39259999999922,BACKFILL_AUTO
2026-07-11 14:05:34,1783778734,R_75,54809.6787,1,19.41820000000007,BACKFILL_AUTO
2026-07-11 14:05:36,1783778736,R_75,54819.9837,1,10.305000000000291,BACKFILL_AUTO
2026-07-11 14:05:38,1783778738,R_75,54818.71,-1,1.2736999999979162,BACKFILL_AUTO
2026-07-11 14:05:40,1783778740,R_75,54811.8922,-1,6.817799999997078,BACKFILL_AUTO
2026-07-11 14:05:42,1783778742,R_75,54812.4457,1,0.5534999999945285,BACKFILL_AUTO
2026-07-11 14:05:44,1783778744,R_75,54794.8705,-1,17.575199999999313,BACKFILL_AUTO
2026-07-11 14:05:46,1783778746,R_75,54820.0769,1,25.20640000000276,BACKFILL_AUTO
2026-07-11 14:05:48,1783778748,R_75,54827.5669,1,7.489999999997963,BACKFILL_AUTO
2026-07-11 14:05:50,1783778750,R_75,54821.4633,-1,6.103599999994913,BACKFILL_AUTO
2026-07-11 14:05:52,1783778752,R_75,54814.8628,-1,6.600500000000466,BACKFILL_AUTO
2026-07-11 14:05:54,1783778754,R_75,54822.0582,1,7.19539999999688,BACKFILL_AUTO
2026-07-11 14:05:56,1783778756,R_75,54839.206,1,17.147799999998824,BACKFILL_AUTO
2026-07-11 14:05:58,1783778758,R_75,54835.6453,-1,3.560700000001816,BACKFILL_AUTO
2026-07-11 14:06:00,1783778760,R_75,54832.5411,-1,3.1041999999943073,BACKFILL_AUTO
2026-07-11 14:06:02,1783778762,R_75,54845.6054,1,13.064299999998184,BACKFILL_AUTO
2026-07-11 14:06:04,1783778764,R_75,54835.6751,-1,9.930299999999988,BACKFILL_AUTO
2026-07-11 14:06:06,1783778766,R_75,54842.7675,1,7.092400000001362,BACKFILL_AUTO
2026-07-11 14:06:08,1783778768,R_75,54835.3221,-1,7.445400000004156,BACKFILL_AUTO
2026-07-11 14:06:10,1783778770,R_75,54821.8838,-1,13.438299999994342,BACKFILL_AUTO
2026-07-11 14:06:12,1783778772,R_75,54827.5245,1,5.640699999996286,BACKFILL_AUTO
2026-07-11 14:06:14,1783778774,R_75,54834.7937,1,7.269200000002456,BACKFILL_AUTO
2026-07-11 14:06:16,1783778776,R_75,54853.2805,1,18.486799999998766,BACKFILL_AUTO
2026-07-11 14:06:18,1783778778,R_75,54855.1657,1,1.8851999999969848,BACKFILL_AUTO
2026-07-11 14:06:20,1783778780,R_75,54858.747,1,3.5813000000052853,BACKFILL_AUTO
2026-07-11 14:06:22,1783778782,R_75,54870.1658,1,11.418799999999464,BACKFILL_AUTO
2026-07-11 14:06:24,1783778784,R_75,54870.1636,-1,0.0022000000026309863,BACKFILL_AUTO
2026-07-11 14:06:26,1783778786,R_75,54868.4204,-1,1.7431999999971595,BACKFILL_AUTO
2026-07-11 14:06:28,1783778788,R_75,54861.5652,-1,6.855200000005425,BACKFILL_AUTO
2026-07-11 14:06:30,1783778790,R_75,54882.9367,1,21.371500000001106,BACKFILL_AUTO
2026-07-11 14:06:32,1783778792,R_75,54873.5681,-1,9.368600000001607,BACKFILL_AUTO
2026-07-11 14:06:34,1783778794,R_75,54874.4308,1,0.8627000000051339,BACKFILL_AUTO
2026-07-11 14:06:36,1783778796,R_75,54863.8971,-1,10.533699999999953,BACKFILL_AUTO
2026-07-11 14:06:38,1783778798,R_75,54870.9635,1,7.066399999996065,BACKFILL_AUTO
2026-07-11 14:06:40,1783778800,R_75,54862.7653,-1,8.198199999998906,BACKFILL_AUTO
2026-07-11 14:06:42,1783778802,R_75,54869.0605,1,6.295200000000477,BACKFILL_AUTO
2026-07-11 14:06:44,1783778804,R_75,54870.7262,1,1.6656999999977415,BACKFILL_AUTO
2026-07-11 14:06:46,1783778806,R_75,54868.8226,-1,1.903599999997823,BACKFILL_AUTO
2026-07-11 14:06:48,1783778808,R_75,54868.1029,-1,0.7197000000014668,BACKFILL_AUTO
2026-07-11 14:06:50,1783778810,R_75,54865.0843,-1,3.0185999999957858,BACKFILL_AUTO
2026-07-11 14:06:52,1783778812,R_75,54859.8052,-1,5.279099999999744,BACKFILL_AUTO
2026-07-11 14:06:54,1783778814,R_75,54850.047,-1,9.758200000003853,BACKFILL_AUTO
2026-07-11 14:06:56,1783778816,R_75,54865.3607,1,15.31369999999879,BACKFILL_AUTO
2026-07-11 14:06:58,1783778818,R_75,54861.8363,-1,3.5243999999947846,BACKFILL_AUTO
2026-07-11 14:07:00,1783778820,R_75,54855.9113,-1,5.92500000000291,BACKFILL_AUTO
2026-07-11 14:07:02,1783778822,R_75,54853.8043,-1,2.106999999996333,BACKFILL_AUTO
2026-07-11 14:07:04,1783778824,R_75,54860.8351,1,7.030799999993178,BACKFILL_AUTO
2026-07-11 14:07:06,1783778826,R_75,54854.9801,-1,5.8549999999959255,BACKFILL_AUTO
2026-07-11 14:07:08,1783778828,R_75,54855.7374,1,0.7572999999974854,BACKFILL_AUTO
2026-07-11 14:07:10,1783778830,R_75,54841.4319,-1,14.305499999994936,BACKFILL_AUTO
2026-07-11 14:07:12,1783778832,R_75,54860.3667,1,18.934799999995448,BACKFILL_AUTO
2026-07-11 14:07:14,1783778834,R_75,54852.4382,-1,7.928500000001804,BACKFILL_AUTO
2026-07-11 14:07:16,1783778836,R_75,54853.6214,1,1.1832000000067637,BACKFILL_AUTO
2026-07-11 14:07:18,1783778838,R_75,54841.1643,-1,12.457100000006903,BACKFILL_AUTO
2026-07-11 14:07:20,1783778840,R_75,54845.585,1,4.420700000002398,BACKFILL_AUTO
2026-07-11 14:07:22,1783778842,R_75,54835.2531,-1,10.331899999997404,BACKFILL_AUTO
2026-07-11 14:07:24,1783778844,R_75,54825.4038,-1,9.849300000001676,BACKFILL_AUTO
2026-07-11 14:07:26,1783778846,R_75,54833.7401,1,8.336300000002666,BACKFILL_AUTO
2026-07-11 14:07:28,1783778848,R_75,54830.6409,-1,3.0992000000042026,BACKFILL_AUTO
2026-07-11 14:07:30,1783778850,R_75,54832.398,1,1.7571000000025379,BACKFILL_AUTO
2026-07-11 14:07:32,1783778852,R_75,54836.0487,1,3.6506999999983236,BACKFILL_AUTO
2026-07-11 14:07:34,1783778854,R_75,54841.251,1,5.202299999997194,BACKFILL_AUTO
2026-07-11 14:07:36,1783778856,R_75,54851.2553,1,10.004300000000512,BACKFILL_AUTO
2026-07-11 14:07:38,1783778858,R_75,54849.1756,-1,2.079699999994773,BACKFILL_AUTO
2026-07-11 14:07:40,1783778860,R_75,54837.1927,-1,11.9829000000027,BACKFILL_AUTO
2026-07-11 14:07:42,1783778862,R_75,54848.4522,1,11.259500000000116,BACKFILL_AUTO
2026-07-11 14:07:44,1783778864,R_75,54850.3737,1,1.9214999999967404,BACKFILL_AUTO
2026-07-11 14:07:46,1783778866,R_75,54847.8783,-1,2.4953999999997905,BACKFILL_AUTO
2026-07-11 14:07:48,1783778868,R_75,54855.4552,1,7.576900000000023,BACKFILL_AUTO
2026-07-11 14:07:50,1783778870,R_75,54856.0316,1,0.5764000000053784,BACKFILL_AUTO
2026-07-11 14:07:52,1783778872,R_75,54853.316,-1,2.715600000003178,BACKFILL_AUTO
2026-07-11 14:07:54,1783778874,R_75,54856.4861,1,3.1701000000030035,BACKFILL_AUTO
2026-07-11 14:07:56,1783778876,R_75,54851.8312,-1,4.654900000001362,BACKFILL_AUTO
2026-07-11 14:07:58,1783778878,R_75,54846.5368,-1,5.294399999998859,BACKFILL_AUTO
2026-07-11 14:08:00,1783778880,R_75,54832.4973,-1,14.039499999998952,BACKFILL_AUTO
2026-07-11 14:08:02,1783778882,R_75,54832.354,-1,0.1433000000033644,BACKFILL_AUTO
2026-07-11 14:08:04,1783778884,R_75,54832.7961,1,0.44210000000020955,BACKFILL_AUTO
2026-07-11 14:08:06,1783778886,R_75,54822.9566,-1,9.839500000001863,BACKFILL_AUTO
2026-07-11 14:08:08,1783778888,R_75,54800.9862,-1,21.970399999998335,BACKFILL_AUTO
2026-07-11 14:08:10,1783778890,R_75,54809.4371,1,8.450900000003458,BACKFILL_AUTO
2026-07-11 14:08:12,1783778892,R_75,54788.4932,-1,20.94390000000567,BACKFILL_AUTO
2026-07-11 14:08:14,1783778894,R_75,54782.7062,-1,5.786999999996624,BACKFILL_AUTO
2026-07-11 14:08:16,1783778896,R_75,54766.3718,-1,16.334399999999732,BACKFILL_AUTO
2026-07-11 14:08:18,1783778898,R_75,54749.1018,-1,17.270000000004075,BACKFILL_AUTO
2026-07-11 14:08:20,1783778900,R_75,54746.6261,-1,2.4756999999954132,BACKFILL_AUTO
2026-07-11 14:08:22,1783778902,R_75,54752.6193,1,5.9931999999971595,BACKFILL_AUTO
2026-07-11 14:08:24,1783778904,R_75,54744.333,-1,8.286299999999756,BACKFILL_AUTO
2026-07-11 14:08:26,1783778906,R_75,54742.7085,-1,1.6244999999980791,BACKFILL_AUTO
2026-07-11 14:08:28,1783778908,R_75,54751.585,1,8.876499999998487,BACKFILL_AUTO
2026-07-11 14:08:30,1783778910,R_75,54746.6727,-1,4.912299999996321,BACKFILL_AUTO
2026-07-11 14:08:32,1783778912,R_75,54755.6583,1,8.985599999999977,BACKFILL_AUTO
2026-07-11 14:08:34,1783778914,R_75,54745.4547,-1,10.203600000000733,BACKFILL_AUTO
2026-07-11 14:08:36,1783778916,R_75,54765.8006,1,20.345900000000256,BACKFILL_AUTO
2026-07-11 14:08:38,1783778918,R_75,54774.2792,1,8.478599999994913,BACKFILL_AUTO
2026-07-11 14:08:40,1783778920,R_75,54768.6592,-1,5.619999999995343,BACKFILL_AUTO
2026-07-11 14:08:42,1783778922,R_75,54761.0581,-1,7.60109999999986,BACKFILL_AUTO
2026-07-11 14:08:44,1783778924,R_75,54766.2493,1,5.191200000001118,BACKFILL_AUTO
2026-07-11 14:08:46,1783778926,R_75,54778.9513,1,12.701999999997497,BACKFILL_AUTO
2026-07-11 14:08:48,1783778928,R_75,54774.7576,-1,4.193700000003446,BACKFILL_AUTO
2026-07-11 14:08:50,1783778930,R_75,54766.026,-1,8.731599999999162,BACKFILL_AUTO
2026-07-11 14:08:52,1783778932,R_75,54770.708,1,4.6820000000006985,BACKFILL_AUTO
2026-07-11 14:08:54,1783778934,R_75,54769.821,-1,0.8869999999951688,BACKFILL_AUTO
2026-07-11 14:08:56,1783778936,R_75,54780.3811,1,10.560099999995145,BACKFILL_AUTO
2026-07-11 14:08:58,1783778938,R_75,54776.9556,-1,3.4254999999975553,BACKFILL_AUTO
2026-07-11 14:09:00,1783778940,R_75,54773.3252,-1,3.6304000000018277,BACKFILL_AUTO
2026-07-11 14:09:02,1783778942,R_75,54768.3677,-1,4.957499999996799,BACKFILL_AUTO
2026-07-11 14:09:04,1783778944,R_75,54787.3827,1,19.014999999999418,BACKFILL_AUTO
2026-07-11 14:09:06,1783778946,R_75,54780.2139,-1,7.1687999999994645,BACKFILL_AUTO
2026-07-11 14:09:08,1783778948,R_75,54797.9188,1,17.704899999996996,BACKFILL_AUTO
2026-07-11 14:09:10,1783778950,R_75,54800.0544,1,2.135600000001432,BACKFILL_AUTO
2026-07-11 14:09:12,1783778952,R_75,54783.2882,-1,16.766199999998207,BACKFILL_AUTO
2026-07-11 14:09:14,1783778954,R_75,54782.8284,-1,0.4598000000041793,BACKFILL_AUTO
2026-07-11 14:09:16,1783778956,R_75,54785.3091,1,2.48070000000007,BACKFILL_AUTO
2026-07-11 14:09:18,1783778958,R_75,54799.9879,1,14.678800000001502,BACKFILL_AUTO
2026-07-11 14:09:20,1783778960,R_75,54801.8243,1,1.8364000000001397,BACKFILL_AUTO
2026-07-11 14:09:22,1783778962,R_75,54789.7773,-1,12.046999999998661,BACKFILL_AUTO
2026-07-11 14:09:24,1783778964,R_75,54775.9068,-1,13.87050000000454,BACKFILL_AUTO
2026-07-11 14:09:26,1783778966,R_75,54760.1098,-1,15.796999999998661,BACKFILL_AUTO
2026-07-11 14:09:28,1783778968,R_75,54774.5117,1,14.401900000004389,BACKFILL_AUTO
2026-07-11 14:09:30,1783778970,R_75,54775.2037,1,0.6919999999954598,BACKFILL_AUTO
2026-07-11 14:09:32,1783778972,R_75,54778.1186,1,2.9149000000033993,BACKFILL_AUTO
2026-07-11 14:09:34,1783778974,R_75,54787.8142,1,9.695599999999104,BACKFILL_AUTO
2026-07-11 14:09:36,1783778976,R_75,54782.2218,-1,5.592400000001362,BACKFILL_AUTO
2026-07-11 14:09:38,1783778978,R_75,54780.8854,-1,1.3364000000001397,BACKFILL_AUTO
2026-07-11 14:09:40,1783778980,R_75,54769.8209,-1,11.064500000000407,BACKFILL_AUTO
2026-07-11 14:09:42,1783778982,R_75,54768.0148,-1,1.8061000000016065,BACKFILL_AUTO
2026-07-11 14:09:44,1783778984,R_75,54756.1642,-1,11.85059999999794,BACKFILL_AUTO
2026-07-11 14:09:46,1783778986,R_75,54758.5645,1,2.4003000000011525,BACKFILL_AUTO
2026-07-11 14:09:48,1783778988,R_75,54762.4354,1,3.8709000000017113,BACKFILL_AUTO
2026-07-11 14:09:50,1783778990,R_75,54767.37,1,4.934600000000501,BACKFILL_AUTO
2026-07-11 14:09:52,1783778992,R_75,54751.6031,-1,15.766900000002352,BACKFILL_AUTO
2026-07-11 14:09:54,1783778994,R_75,54766.49,1,14.886899999997695,BACKFILL_AUTO
2026-07-11 14:09:56,1783778996,R_75,54780.7652,1,14.275200000003679,BACKFILL_AUTO
2026-07-11 14:09:58,1783778998,R_75,54766.4014,-1,14.363799999999173,BACKFILL_AUTO
2026-07-11 14:10:00,1783779000,R_75,54777.0441,1,10.642699999996694,BACKFILL_AUTO
2026-07-11 14:10:02,1783779002,R_75,54790.0822,1,13.03809999999794,BACKFILL_AUTO
2026-07-11 14:10:04,1783779004,R_75,54799.8828,1,9.800600000002305,BACKFILL_AUTO
2026-07-11 14:10:06,1783779006,R_75,54802.9434,1,3.0605999999970663,BACKFILL_AUTO
2026-07-11 14:10:08,1783779008,R_75,54807.6262,1,4.682800000002317,BACKFILL_AUTO
2026-07-11 14:10:10,1783779010,R_75,54811.0211,1,3.394899999999325,BACKFILL_AUTO
2026-07-11 14:10:12,1783779012,R_75,54807.9042,-1,3.1169000000008964,BACKFILL_AUTO
2026-07-11 14:10:14,1783779014,R_75,54821.5782,1,13.674000000006345,BACKFILL_AUTO
2026-07-11 14:10:16,1783779016,R_75,54829.4369,1,7.858699999997043,BACKFILL_AUTO
2026-07-11 14:10:18,1783779018,R_75,54823.9946,-1,5.442300000002433,BACKFILL_AUTO
2026-07-11 14:10:20,1783779020,R_75,54830.036,1,6.041400000001886,BACKFILL_AUTO
2026-07-11 14:10:22,1783779022,R_75,54827.4101,-1,2.625899999999092,BACKFILL_AUTO
2026-07-11 14:10:24,1783779024,R_75,54826.6616,-1,0.7485000000015134,BACKFILL_AUTO
2026-07-11 14:10:26,1783779026,R_75,54842.1993,1,15.537700000000768,BACKFILL_AUTO
2026-07-11 14:10:28,1783779028,R_75,54829.1515,-1,13.04780000000028,BACKFILL_AUTO
2026-07-11 14:10:30,1783779030,R_75,54841.8791,1,12.727599999998347,BACKFILL_AUTO
2026-07-11 14:10:32,1783779032,R_75,54818.9255,-1,22.953600000000733,BACKFILL_AUTO
2026-07-11 14:10:34,1783779034,R_75,54803.59,-1,15.335500000001048,BACKFILL_AUTO
2026-07-11 14:10:36,1783779036,R_75,54802.048,-1,1.5419999999940046,BACKFILL_AUTO
2026-07-11 14:10:38,1783779038,R_75,54795.7787,-1,6.26929999999993,BACKFILL_AUTO
2026-07-11 14:10:40,1783779040,R_75,54809.1567,1,13.377999999996973,BACKFILL_AUTO
2026-07-11 14:10:42,1783779042,R_75,54807.7539,-1,1.4027999999962049,BACKFILL_AUTO
2026-07-11 14:10:44,1783779044,R_75,54811.2064,1,3.452499999999418,BACKFILL_AUTO
2026-07-11 14:10:46,1783779046,R_75,54806.8554,-1,4.3510000000023865,BACKFILL_AUTO
2026-07-11 14:10:48,1783779048,R_75,54798.5338,-1,8.321600000002945,BACKFILL_AUTO
2026-07-11 14:10:50,1783779050,R_75,54785.6549,-1,12.878899999996065,BACKFILL_AUTO
2026-07-11 14:10:52,1783779052,R_75,54767.3784,-1,18.276499999999942,BACKFILL_AUTO
2026-07-11 14:10:54,1783779054,R_75,54754.4316,-1,12.946799999997893,BACKFILL_AUTO
2026-07-11 14:10:56,1783779056,R_75,54750.6435,-1,3.7881000000052154,BACKFILL_AUTO
2026-07-11 14:10:58,1783779058,R_75,54773.4826,1,22.83910000000469,BACKFILL_AUTO
2026-07-11 14:11:00,1783779060,R_75,54770.1366,-1,3.346000000005006,BACKFILL_AUTO
2026-07-11 14:11:02,1783779062,R_75,54778.6177,1,8.481100000004517,BACKFILL_AUTO
2026-07-11 14:11:04,1783779064,R_75,54778.1843,-1,0.4334000000017113,BACKFILL_AUTO
2026-07-11 14:11:06,1783779066,R_75,54774.3506,-1,3.833700000002864,BACKFILL_AUTO
2026-07-11 14:11:08,1783779068,R_75,54778.9352,1,4.584600000001956,BACKFILL_AUTO
2026-07-11 14:11:10,1783779070,R_75,54767.5066,-1,11.428599999999278,BACKFILL_AUTO
2026-07-11 14:11:12,1783779072,R_75,54770.7229,1,3.2163000000000466,BACKFILL_AUTO
2026-07-11 14:11:14,1783779074,R_75,54769.5776,-1,1.1453000000037719,BACKFILL_AUTO
2026-07-11 14:11:16,1783779076,R_75,54759.6968,-1,9.880799999998999,BACKFILL_AUTO
2026-07-11 14:11:18,1783779078,R_75,54768.945,1,9.248200000001816,BACKFILL_AUTO
2026-07-11 14:11:20,1783779080,R_75,54770.969,1,2.0239999999976135,BACKFILL_AUTO
2026-07-11 14:11:22,1783779082,R_75,54780.876,1,9.906999999999243,BACKFILL_AUTO
2026-07-11 14:11:24,1783779084,R_75,54790.2205,1,9.34450000000652,BACKFILL_AUTO
2026-07-11 14:11:26,1783779086,R_75,54774.0108,-1,16.209700000006706,BACKFILL_AUTO
2026-07-11 14:11:28,1783779088,R_75,54782.5867,1,8.575900000003458,BACKFILL_AUTO
2026-07-11 14:11:30,1783779090,R_75,54778.6491,-1,3.937599999997474,BACKFILL_AUTO
2026-07-11 14:11:32,1783779092,R_75,54775.1486,-1,3.500500000001921,BACKFILL_AUTO
2026-07-11 14:11:34,1783779094,R_75,54788.3864,1,13.237800000002608,BACKFILL_AUTO
2026-07-11 14:11:36,1783779096,R_75,54799.7553,1,11.368899999994028,BACKFILL_AUTO
2026-07-11 14:11:38,1783779098,R_75,54797.7174,-1,2.037899999995716,BACKFILL_AUTO
2026-07-11 14:11:40,1783779100,R_75,54789.1495,-1,8.567900000001828,BACKFILL_AUTO
2026-07-11 14:11:42,1783779102,R_75,54786.1736,-1,2.9758999999976368,BACKFILL_AUTO
2026-07-11 14:11:44,1783779104,R_75,54792.0879,1,5.914299999996729,BACKFILL_AUTO
2026-07-11 14:11:46,1783779106,R_75,54787.0224,-1,5.065499999996973,BACKFILL_AUTO
2026-07-11 14:11:48,1783779108,R_75,54772.9806,-1,14.041799999999057,BACKFILL_AUTO
2026-07-11 14:11:50,1783779110,R_75,54782.2154,1,9.234799999998359,BACKFILL_AUTO
2026-07-11 14:11:52,1783779112,R_75,54764.3493,-1,17.86609999999928,BACKFILL_AUTO
2026-07-11 14:11:54,1783779114,R_75,54765.4209,1,1.0715999999956694,BACKFILL_AUTO
2026-07-11 14:11:56,1783779116,R_75,54761.1455,-1,4.275399999998626,BACKFILL_AUTO
2026-07-11 14:11:58,1783779118,R_75,54759.829,-1,1.316500000000815,BACKFILL_AUTO
2026-07-11 14:12:00,1783779120,R_75,54761.7308,1,1.9017999999996391,BACKFILL_AUTO
2026-07-11 14:12:02,1783779122,R_75,54770.1937,1,8.462900000005902,BACKFILL_AUTO
2026-07-11 14:12:04,1783779124,R_75,54771.4578,1,1.26409999999305,BACKFILL_AUTO
2026-07-11 14:12:06,1783779126,R_75,54765.9628,-1,5.494999999995343,BACKFILL_AUTO
2026-07-11 14:12:08,1783779128,R_75,54775.0908,1,9.127999999996973,BACKFILL_AUTO
2026-07-11 14:12:10,1783779130,R_75,54774.5907,-1,0.5000999999974738,BACKFILL_AUTO
2026-07-11 14:12:12,1783779132,R_75,54780.7347,1,6.144000000000233,BACKFILL_AUTO
2026-07-11 14:12:14,1783779134,R_75,54757.1196,-1,23.615100000002712,BACKFILL_AUTO
2026-07-11 14:12:16,1783779136,R_75,54762.8113,1,5.691700000003038,BACKFILL_AUTO
2026-07-11 14:12:18,1783779138,R_75,54775.2354,1,12.424099999996542,BACKFILL_AUTO
2026-07-11 14:12:20,1783779140,R_75,54774.9139,-1,0.32149999999819556,BACKFILL_AUTO
2026-07-11 14:12:22,1783779142,R_75,54751.3941,-1,23.51980000000185,BACKFILL_AUTO
2026-07-11 14:12:24,1783779144,R_75,54740.1029,-1,11.291199999999662,BACKFILL_AUTO
2026-07-11 14:12:26,1783779146,R_75,54760.4635,1,20.360599999999977,BACKFILL_AUTO
2026-07-11 14:12:28,1783779148,R_75,54761.73,1,1.2665000000051805,BACKFILL_AUTO
2026-07-11 14:12:30,1783779150,R_75,54778.9436,1,17.213599999995495,BACKFILL_AUTO
2026-07-11 14:12:32,1783779152,R_75,54760.5247,-1,18.41889999999694,BACKFILL_AUTO
2026-07-11 14:12:34,1783779154,R_75,54771.4458,1,10.92109999999957,BACKFILL_AUTO
2026-07-11 14:12:36,1783779156,R_75,54763.988,-1,7.457800000003772,BACKFILL_AUTO
2026-07-11 14:12:38,1783779158,R_75,54750.5518,-1,13.436199999996461,BACKFILL_AUTO
2026-07-11 14:12:40,1783779160,R_75,54734.2857,-1,16.266100000000733,BACKFILL_AUTO
2026-07-11 14:12:42,1783779162,R_75,54736.7075,1,2.4217999999964377,BACKFILL_AUTO
2026-07-11 14:12:44,1783779164,R_75,54719.8386,-1,16.868899999994028,BACKFILL_AUTO
2026-07-11 14:12:46,1783779166,R_75,54708.683,-1,11.155600000005506,BACKFILL_AUTO
2026-07-11 14:12:48,1783779168,R_75,54705.9233,-1,2.759699999995064,BACKFILL_AUTO
2026-07-11 14:12:50,1783779170,R_75,54708.132,1,2.208699999995588,BACKFILL_AUTO
2026-07-11 14:12:52,1783779172,R_75,54728.5826,1,20.45060000000376,BACKFILL_AUTO
2026-07-11 14:12:54,1783779174,R_75,54745.6245,1,17.04189999999653,BACKFILL_AUTO
2026-07-11 14:12:56,1783779176,R_75,54737.9693,-1,7.655200000001059,BACKFILL_AUTO
2026-07-11 14:12:58,1783779178,R_75,54741.1932,1,3.2239000000045053,BACKFILL_AUTO
2026-07-11 14:13:00,1783779180,R_75,54748.5864,1,7.393199999998615,BACKFILL_AUTO
2026-07-11 14:13:02,1783779182,R_75,54738.0729,-1,10.513500000000931,BACKFILL_AUTO
2026-07-11 14:13:04,1783779184,R_75,54729.0988,-1,8.974099999999453,BACKFILL_AUTO
2026-07-11 14:13:06,1783779186,R_75,54706.1439,-1,22.954899999996996,BACKFILL_AUTO
2026-07-11 14:13:08,1783779188,R_75,54702.6766,-1,3.4673000000038883,BACKFILL_AUTO
2026-07-11 14:13:10,1783779190,R_75,54714.6251,1,11.948499999998603,BACKFILL_AUTO
2026-07-11 14:13:12,1783779192,R_75,54705.4204,-1,9.204699999994773,BACKFILL_AUTO
2026-07-11 14:13:14,1783779194,R_75,54688.8706,-1,16.549800000000687,BACKFILL_AUTO
2026-07-11 14:13:16,1783779196,R_75,54678.7186,-1,10.152000000001863,BACKFILL_AUTO
2026-07-11 14:13:18,1783779198,R_75,54688.1063,1,9.387699999999313,BACKFILL_AUTO
2026-07-11 14:13:20,1783779200,R_75,54691.8697,1,3.7634000000034575,BACKFILL_AUTO
2026-07-11 14:13:22,1783779202,R_75,54682.9102,-1,8.959500000004482,BACKFILL_AUTO
2026-07-11 14:13:24,1783779204,R_75,54676.381,-1,6.529199999997218,BACKFILL_AUTO
2026-07-11 14:13:26,1783779206,R_75,54683.6189,1,7.2379000000000815,BACKFILL_AUTO
2026-07-11 14:13:28,1783779208,R_75,54698.8203,1,15.201399999998102,BACKFILL_AUTO
2026-07-11 14:13:30,1783779210,R_75,54694.3785,-1,4.441800000000512,BACKFILL_AUTO
2026-07-11 14:13:32,1783779212,R_75,54670.9441,-1,23.434399999998277,BACKFILL_AUTO
2026-07-11 14:13:34,1783779214,R_75,54677.3657,1,6.42160000000149,BACKFILL_AUTO
2026-07-11 14:13:36,1783779216,R_75,54678.4386,1,1.0728999999992084,BACKFILL_AUTO
2026-07-11 14:13:38,1783779218,R_75,54686.8428,1,8.404199999997218,BACKFILL_AUTO
2026-07-11 14:13:40,1783779220,R_75,54686.5636,-1,0.2791999999972177,BACKFILL_AUTO
2026-07-11 14:13:42,1783779222,R_75,54687.4993,1,0.9357000000018161,BACKFILL_AUTO
2026-07-11 14:13:44,1783779224,R_75,54685.9916,-1,1.5077000000019325,BACKFILL_AUTO
2026-07-11 14:13:46,1783779226,R_75,54687.7822,1,1.7906000000002678,BACKFILL_AUTO
2026-07-11 14:13:48,1783779228,R_75,54676.4507,-1,11.331500000000233,BACKFILL_AUTO
2026-07-11 14:13:50,1783779230,R_75,54680.0149,1,3.56420000000071,BACKFILL_AUTO
2026-07-11 14:13:52,1783779232,R_75,54677.7996,-1,2.215300000003481,BACKFILL_AUTO
2026-07-11 14:13:54,1783779234,R_75,54685.3146,1,7.514999999999418,BACKFILL_AUTO
2026-07-11 14:13:56,1783779236,R_75,54676.8613,-1,8.453300000001036,BACKFILL_AUTO
2026-07-11 14:13:58,1783779238,R_75,54668.8355,-1,8.025799999995797,BACKFILL_AUTO
2026-07-11 14:14:00,1783779240,R_75,54656.7553,-1,12.08020000000397,BACKFILL_AUTO
2026-07-11 14:14:02,1783779242,R_75,54668.3026,1,11.547300000005635,BACKFILL_AUTO
2026-07-11 14:14:04,1783779244,R_75,54664.9291,-1,3.3735000000015134,BACKFILL_AUTO
2026-07-11 14:14:06,1783779246,R_75,54684.575,1,19.64589999999589,BACKFILL_AUTO
2026-07-11 14:14:08,1783779248,R_75,54668.288,-1,16.286999999996624,BACKFILL_AUTO
2026-07-11 14:14:10,1783779250,R_75,54673.0931,1,4.805099999997765,BACKFILL_AUTO
2026-07-11 14:14:12,1783779252,R_75,54666.9321,-1,6.161000000000058,BACKFILL_AUTO
2026-07-11 14:14:14,1783779254,R_75,54663.64,-1,3.2920999999987544,BACKFILL_AUTO
2026-07-11 14:14:16,1783779256,R_75,54649.3842,-1,14.255799999998999,BACKFILL_AUTO
2026-07-11 14:14:18,1783779258,R_75,54637.7996,-1,11.584600000001956,BACKFILL_AUTO
2026-07-11 14:14:20,1783779260,R_75,54632.5813,-1,5.218300000000454,BACKFILL_AUTO
2026-07-11 14:14:22,1783779262,R_75,54626.8095,-1,5.7717999999949825,BACKFILL_AUTO
2026-07-11 14:14:24,1783779264,R_75,54630.1316,1,3.32209999999759,BACKFILL_AUTO
2026-07-11 14:14:26,1783779266,R_75,54651.6677,1,21.536099999997532,BACKFILL_AUTO
2026-07-11 14:14:28,1783779268,R_75,54652.9208,1,1.253100000001723,BACKFILL_AUTO
2026-07-11 14:14:30,1783779270,R_75,54653.5462,1,0.6253999999971711,BACKFILL_AUTO
2026-07-11 14:14:32,1783779272,R_75,54648.1867,-1,5.359499999998661,BACKFILL_AUTO
2026-07-11 14:14:34,1783779274,R_75,54647.3703,-1,0.8163999999960652,BACKFILL_AUTO
2026-07-11 14:14:36,1783779276,R_75,54654.1983,1,6.827999999994063,BACKFILL_AUTO
2026-07-11 14:14:38,1783779278,R_75,54651.3844,-1,2.813899999993737,BACKFILL_AUTO
2026-07-11 14:14:40,1783779280,R_75,54652.1189,1,0.7344999999986612,BACKFILL_AUTO
2026-07-11 14:14:42,1783779282,R_75,54646.5971,-1,5.5218000000022585,BACKFILL_AUTO
2026-07-11 14:14:44,1783779284,R_75,54655.6198,1,9.02270000000135,BACKFILL_AUTO
2026-07-11 14:14:46,1783779286,R_75,54660.846,1,5.226199999997334,BACKFILL_AUTO
2026-07-11 14:14:48,1783779288,R_75,54684.5593,1,23.713300000003073,BACKFILL_AUTO
2026-07-11 14:14:50,1783779290,R_75,54683.796,-1,0.7632999999987078,BACKFILL_AUTO
2026-07-11 14:14:52,1783779292,R_75,54662.0335,-1,21.762500000004366,BACKFILL_AUTO
2026-07-11 14:14:54,1783779294,R_75,54659.8987,-1,2.1347999999998137,BACKFILL_AUTO
2026-07-11 14:14:56,1783779296,R_75,54657.0986,-1,2.800100000000384,BACKFILL_AUTO
2026-07-11 14:14:58,1783779298,R_75,54660.072,1,2.9734000000025844,BACKFILL_AUTO
2026-07-11 14:15:00,1783779300,R_75,54673.1531,1,13.081100000003062,BACKFILL_AUTO
2026-07-11 14:15:02,1783779302,R_75,54673.8005,1,0.6473999999943771,BACKFILL_AUTO
2026-07-11 14:15:04,1783779304,R_75,54673.08,-1,0.720499999995809,BACKFILL_AUTO
2026-07-11 14:15:06,1783779306,R_75,54667.7336,-1,5.346400000002177,BACKFILL_AUTO
2026-07-11 14:15:08,1783779308,R_75,54684.6022,1,16.868600000001607,BACKFILL_AUTO
2026-07-11 14:15:10,1783779310,R_75,54678.7834,-1,5.81880000000092,BACKFILL_AUTO
2026-07-11 14:15:12,1783779312,R_75,54671.0821,-1,7.701300000000629,BACKFILL_AUTO
2026-07-11 14:15:14,1783779314,R_75,54659.2722,-1,11.809900000000198,BACKFILL_AUTO
2026-07-11 14:15:16,1783779316,R_75,54667.8224,1,8.550199999997858,BACKFILL_AUTO
2026-07-11 14:15:18,1783779318,R_75,54659.4481,-1,8.374299999995856,BACKFILL_AUTO
2026-07-11 14:15:20,1783779320,R_75,54658.056,-1,1.3921000000045751,BACKFILL_AUTO
2026-07-11 14:15:22,1783779322,R_75,54650.2793,-1,7.776699999994889,BACKFILL_AUTO
2026-07-11 14:15:24,1783779324,R_75,54661.2176,1,10.938300000001618,BACKFILL_AUTO
2026-07-11 14:15:26,1783779326,R_75,54662.9283,1,1.7106999999959953,BACKFILL_AUTO
2026-07-11 14:15:28,1783779328,R_75,54654.3005,-1,8.627800000002026,BACKFILL_AUTO
2026-07-11 14:15:30,1783779330,R_75,54658.4998,1,4.199300000000221,BACKFILL_AUTO
2026-07-11 14:15:32,1783779332,R_75,54646.8086,-1,11.691200000001118,BACKFILL_AUTO
2026-07-11 14:15:34,1783779334,R_75,54663.4554,1,16.64680000000226,BACKFILL_AUTO
2026-07-11 14:15:36,1783779336,R_75,54687.0874,1,23.631999999997788,BACKFILL_AUTO
2026-07-11 14:15:38,1783779338,R_75,54717.3611,1,30.273700000005192,BACKFILL_AUTO
2026-07-11 14:15:40,1783779340,R_75,54709.2663,-1,8.09479999999894,BACKFILL_AUTO
2026-07-11 14:15:42,1783779342,R_75,54692.7095,-1,16.55680000000575,BACKFILL_AUTO
2026-07-11 14:15:44,1783779344,R_75,54707.5992,1,14.88969999999972,BACKFILL_AUTO
2026-07-11 14:15:46,1783779346,R_75,54710.2276,1,2.6284000000014203,BACKFILL_AUTO
2026-07-11 14:15:48,1783779348,R_75,54716.1227,1,5.895100000001548,BACKFILL_AUTO
2026-07-11 14:15:50,1783779350,R_75,54730.743,1,14.620300000002317,BACKFILL_AUTO
2026-07-11 14:15:52,1783779352,R_75,54733.6818,1,2.938799999996263,BACKFILL_AUTO
2026-07-11 14:15:54,1783779354,R_75,54738.3264,1,4.6445999999996275,BACKFILL_AUTO
2026-07-11 14:15:56,1783779356,R_75,54729.5861,-1,8.74029999999766,BACKFILL_AUTO
2026-07-11 14:15:58,1783779358,R_75,54743.9695,1,14.383399999998801,BACKFILL_AUTO
2026-07-11 14:16:00,1783779360,R_75,54748.7915,1,4.822000000000116,BACKFILL_AUTO
2026-07-11 14:16:02,1783779362,R_75,54735.1903,-1,13.601199999997334,BACKFILL_AUTO
2026-07-11 14:16:04,1783779364,R_75,54738.9216,1,3.7312999999994645,BACKFILL_AUTO
2026-07-11 14:16:06,1783779366,R_75,54713.4498,-1,25.471799999999348,BACKFILL_AUTO
2026-07-11 14:16:08,1783779368,R_75,54720.2431,1,6.793299999997544,BACKFILL_AUTO
2026-07-11 14:16:10,1783779370,R_75,54730.0302,1,9.787100000001374,BACKFILL_AUTO
2026-07-11 14:16:12,1783779372,R_75,54731.6872,1,1.6569999999992433,BACKFILL_AUTO
2026-07-11 14:16:14,1783779374,R_75,54739.9272,1,8.239999999997963,BACKFILL_AUTO
2026-07-11 14:16:16,1783779376,R_75,54756.1103,1,16.183100000002014,BACKFILL_AUTO
2026-07-11 14:16:18,1783779378,R_75,54750.6101,-1,5.5002000000022235,BACKFILL_AUTO
2026-07-11 14:16:20,1783779380,R_75,54757.7869,1,7.176800000001094,BACKFILL_AUTO
2026-07-11 14:16:22,1783779382,R_75,54752.5168,-1,5.270100000001548,BACKFILL_AUTO
2026-07-11 14:16:24,1783779384,R_75,54749.3221,-1,3.1947000000000116,BACKFILL_AUTO
2026-07-11 14:16:26,1783779386,R_75,54742.3081,-1,7.013999999995576,BACKFILL_AUTO
2026-07-11 14:16:28,1783779388,R_75,54725.7698,-1,16.538300000000163,BACKFILL_AUTO
2026-07-11 14:16:30,1783779390,R_75,54742.8562,1,17.08640000000014,BACKFILL_AUTO
2026-07-11 14:16:32,1783779392,R_75,54732.2846,-1,10.571600000002945,BACKFILL_AUTO
2026-07-11 14:16:34,1783779394,R_75,54731.3347,-1,0.9498999999996158,BACKFILL_AUTO
2026-07-11 14:16:36,1783779396,R_75,54727.8599,-1,3.4747999999963213,BACKFILL_AUTO
2026-07-11 14:16:38,1783779398,R_75,54725.017,-1,2.842900000003283,BACKFILL_AUTO
2026-07-11 14:16:40,1783779400,R_75,54738.2068,1,13.189800000000105,BACKFILL_AUTO
2026-07-11 14:16:42,1783779402,R_75,54734.7042,-1,3.502599999999802,BACKFILL_AUTO
2026-07-11 14:16:44,1783779404,R_75,54725.3419,-1,9.362300000000687,BACKFILL_AUTO
2026-07-11 14:16:46,1783779406,R_75,54724.2415,-1,1.1004000000029919,BACKFILL_AUTO
2026-07-11 14:16:48,1783779408,R_75,54711.1906,-1,13.050899999994726,BACKFILL_AUTO
2026-07-11 14:16:50,1783779410,R_75,54703.8094,-1,7.381200000003446,BACKFILL_AUTO
2026-07-11 14:16:52,1783779412,R_75,54699.5372,-1,4.27219999999943,BACKFILL_AUTO
2026-07-11 14:16:54,1783779414,R_75,54698.1192,-1,1.4179999999978463,BACKFILL_AUTO
2026-07-11 14:16:56,1783779416,R_75,54695.717,-1,2.402200000004086,BACKFILL_AUTO
2026-07-11 14:16:58,1783779418,R_75,54702.8074,1,7.090400000000955,BACKFILL_AUTO
2026-07-11 14:17:00,1783779420,R_75,54696.181,-1,6.626400000001013,BACKFILL_AUTO
2026-07-11 14:17:02,1783779422,R_75,54702.8331,1,6.652100000006612,BACKFILL_AUTO
2026-07-11 14:17:04,1783779424,R_75,54727.0471,1,24.213999999999942,BACKFILL_AUTO
2026-07-11 14:17:06,1783779426,R_75,54737.7859,1,10.738799999999173,BACKFILL_AUTO
2026-07-11 14:17:08,1783779428,R_75,54740.7497,1,2.9637999999977183,BACKFILL_AUTO
2026-07-11 14:17:10,1783779430,R_75,54745.2844,1,4.534699999996519,BACKFILL_AUTO
2026-07-11 14:17:12,1783779432,R_75,54728.3332,-1,16.95119999999588,BACKFILL_AUTO
2026-07-11 14:17:14,1783779434,R_75,54734.3431,1,6.0098999999972875,BACKFILL_AUTO
2026-07-11 14:17:16,1783779436,R_75,54734.7464,1,0.40330000000540167,BACKFILL_AUTO
2026-07-11 14:17:18,1783779438,R_75,54735.3839,1,0.6374999999970896,BACKFILL_AUTO
2026-07-11 14:17:20,1783779440,R_75,54732.2314,-1,3.1525000000037835,BACKFILL_AUTO
2026-07-11 14:17:22,1783779442,R_75,54723.7147,-1,8.516700000000128,BACKFILL_AUTO
2026-07-11 14:17:24,1783779444,R_75,54718.4536,-1,5.261099999996077,BACKFILL_AUTO
2026-07-11 14:17:26,1783779446,R_75,54706.4539,-1,11.999700000000303,BACKFILL_AUTO
2026-07-11 14:17:28,1783779448,R_75,54716.3923,1,9.938399999999092,BACKFILL_AUTO
2026-07-11 14:17:30,1783779450,R_75,54731.5385,1,15.146200000002864,BACKFILL_AUTO
2026-07-11 14:17:32,1783779452,R_75,54726.4981,-1,5.04040000000532,BACKFILL_AUTO
2026-07-11 14:17:34,1783779454,R_75,54727.365,1,0.8669000000008964,BACKFILL_AUTO
2026-07-11 14:17:36,1783779456,R_75,54716.8949,-1,10.470099999998638,BACKFILL_AUTO
2026-07-11 14:17:38,1783779458,R_75,54720.1101,1,3.215199999998731,BACKFILL_AUTO
2026-07-11 14:17:40,1783779460,R_75,54734.7445,1,14.634400000002643,BACKFILL_AUTO
2026-07-11 14:17:42,1783779462,R_75,54739.3759,1,4.6313999999983935,BACKFILL_AUTO
2026-07-11 14:17:44,1783779464,R_75,54733.0767,-1,6.299200000001292,BACKFILL_AUTO
2026-07-11 14:17:46,1783779466,R_75,54721.7061,-1,11.370599999994738,BACKFILL_AUTO
2026-07-11 14:17:48,1783779468,R_75,54726.4961,1,4.789999999993597,BACKFILL_AUTO
2026-07-11 14:17:50,1783779470,R_75,54733.7119,1,7.215800000005402,BACKFILL_AUTO
2026-07-11 14:17:52,1783779472,R_75,54756.6142,1,22.90230000000156,BACKFILL_AUTO
2026-07-11 14:17:54,1783779474,R_75,54768.0937,1,11.479499999994005,BACKFILL_AUTO
2026-07-11 14:17:56,1783779476,R_75,54776.2404,1,8.146700000004785,BACKFILL_AUTO
2026-07-11 14:17:58,1783779478,R_75,54769.1577,-1,7.082699999999022,BACKFILL_AUTO
2026-07-11 14:18:00,1783779480,R_75,54772.6972,1,3.5394999999989523,BACKFILL_AUTO
2026-07-11 14:18:02,1783779482,R_75,54774.9525,1,2.255299999997078,BACKFILL_AUTO
2026-07-11 14:18:04,1783779484,R_75,54774.6387,-1,0.31379999999626307,BACKFILL_AUTO
2026-07-11 14:18:06,1783779486,R_75,54780.2569,1,5.6181999999971595,BACKFILL_AUTO
2026-07-11 14:18:08,1783779488,R_75,54788.6718,1,8.414899999996123,BACKFILL_AUTO
2026-07-11 14:18:10,1783779490,R_75,54779.3846,-1,9.287199999998847,BACKFILL_AUTO
2026-07-11 14:18:12,1783779492,R_75,54771.2285,-1,8.156100000000151,BACKFILL_AUTO
2026-07-11 14:18:14,1783779494,R_75,54772.6653,1,1.4368000000031316,BACKFILL_AUTO
2026-07-11 14:18:16,1783779496,R_75,54763.4863,-1,9.179000000003725,BACKFILL_AUTO
2026-07-11 14:18:18,1783779498,R_75,54763.2982,-1,0.18809999999939464,BACKFILL_AUTO
2026-07-11 14:18:20,1783779500,R_75,54749.6681,-1,13.630099999994854,BACKFILL_AUTO
2026-07-11 14:18:22,1783779502,R_75,54753.3269,1,3.658799999997427,BACKFILL_AUTO
2026-07-11 14:18:24,1783779504,R_75,54758.1067,1,4.779799999996612,BACKFILL_AUTO
2026-07-11 14:18:26,1783779506,R_75,54759.5013,1,1.3946000000069034,BACKFILL_AUTO
2026-07-11 14:18:28,1783779508,R_75,54757.9972,-1,1.5041000000055647,BACKFILL_AUTO
2026-07-11 14:18:30,1783779510,R_75,54764.7108,1,6.713600000002771,BACKFILL_AUTO
2026-07-11 14:18:32,1783779512,R_75,54762.1553,-1,2.555500000002212,BACKFILL_AUTO
2026-07-11 14:18:34,1783779514,R_75,54756.625,-1,5.530299999998533,BACKFILL_AUTO
2026-07-11 14:18:36,1783779516,R_75,54745.0889,-1,11.536099999997532,BACKFILL_AUTO
2026-07-11 14:18:38,1783779518,R_75,54750.9229,1,5.833999999995285,BACKFILL_AUTO
2026-07-11 14:18:40,1783779520,R_75,54750.6483,-1,0.2745999999970081,BACKFILL_AUTO
2026-07-11 14:18:42,1783779522,R_75,54727.1086,-1,23.539700000001176,BACKFILL_AUTO
2026-07-11 14:18:44,1783779524,R_75,54730.9037,1,3.7951000000030035,BACKFILL_AUTO
2026-07-11 14:18:46,1783779526,R_75,54736.8623,1,5.958599999998114,BACKFILL_AUTO
2026-07-11 14:18:48,1783779528,R_75,54746.6034,1,9.741099999999278,BACKFILL_AUTO
2026-07-11 14:18:50,1783779530,R_75,54759.7664,1,13.163000000000466,BACKFILL_AUTO
2026-07-11 14:18:52,1783779532,R_75,54767.8583,1,8.091899999999441,BACKFILL_AUTO
2026-07-11 14:18:54,1783779534,R_75,54757.6806,-1,10.177700000000186,BACKFILL_AUTO
2026-07-11 14:18:56,1783779536,R_75,54751.529,-1,6.151599999997416,BACKFILL_AUTO
2026-07-11 14:18:58,1783779538,R_75,54767.1194,1,15.590400000000955,BACKFILL_AUTO
2026-07-11 14:19:00,1783779540,R_75,54786.2065,1,19.087099999997008,BACKFILL_AUTO
2026-07-11 14:19:02,1783779542,R_75,54776.1728,-1,10.033699999999953,BACKFILL_AUTO
2026-07-11 14:19:04,1783779544,R_75,54771.5739,-1,4.598899999997229,BACKFILL_AUTO
2026-07-11 14:19:06,1783779546,R_75,54782.0741,1,10.500199999994948,BACKFILL_AUTO
2026-07-11 14:19:08,1783779548,R_75,54785.9068,1,3.832699999999022,BACKFILL_AUTO
2026-07-11 14:19:10,1783779550,R_75,54775.7263,-1,10.180499999994936,BACKFILL_AUTO
2026-07-11 14:19:12,1783779552,R_75,54772.1542,-1,3.572100000004866,BACKFILL_AUTO
2026-07-11 14:19:14,1783779554,R_75,54749.8918,-1,22.262399999999616,BACKFILL_AUTO
2026-07-11 14:19:16,1783779556,R_75,54737.2519,-1,12.639899999994668,BACKFILL_AUTO
2026-07-11 14:19:18,1783779558,R_75,54736.4285,-1,0.8234000000011292,BACKFILL_AUTO
2026-07-11 14:19:20,1783779560,R_75,54736.5287,1,0.10020000000076834,BACKFILL_AUTO
2026-07-11 14:19:22,1783779562,R_75,54736.2194,-1,0.30930000000080327,BACKFILL_AUTO
2026-07-11 14:19:24,1783779564,R_75,54715.9761,-1,20.24330000000191,BACKFILL_AUTO
2026-07-11 14:19:26,1783779566,R_75,54701.8667,-1,14.109400000001187,BACKFILL_AUTO
2026-07-11 14:19:28,1783779568,R_75,54701.1368,-1,0.7298999999984517,BACKFILL_AUTO
2026-07-11 14:19:30,1783779570,R_75,54699.1294,-1,2.007400000002235,BACKFILL_AUTO
2026-07-11 14:19:32,1783779572,R_75,54695.0233,-1,4.106099999997241,BACKFILL_AUTO
2026-07-11 14:19:34,1783779574,R_75,54691.7819,-1,3.2413999999989755,BACKFILL_AUTO
2026-07-11 14:19:36,1783779576,R_75,54677.2798,-1,14.502100000005157,BACKFILL_AUTO
2026-07-11 14:19:38,1783779578,R_75,54682.9024,1,5.622600000002421,BACKFILL_AUTO
2026-07-11 14:19:40,1783779580,R_75,54675.1312,-1,7.771199999995588,BACKFILL_AUTO
2026-07-11 14:19:42,1783779582,R_75,54679.4398,1,4.308599999996659,BACKFILL_AUTO
2026-07-11 14:19:44,1783779584,R_75,54687.4473,1,8.007499999999709,BACKFILL_AUTO
2026-07-11 14:19:46,1783779586,R_75,54678.1097,-1,9.337599999998929,BACKFILL_AUTO
2026-07-11 14:19:48,1783779588,R_75,54681.6346,1,3.5248999999967054,BACKFILL_AUTO
2026-07-11 14:19:50,1783779590,R_75,54708.8347,1,27.20010000000184,BACKFILL_AUTO
2026-07-11 14:19:52,1783779592,R_75,54712.8746,1,4.039900000003399,BACKFILL_AUTO
2026-07-11 14:19:54,1783779594,R_75,54699.3968,-1,13.47780000000057,BACKFILL_AUTO
2026-07-11 14:19:56,1783779596,R_75,54687.2092,-1,12.18760000000475,BACKFILL_AUTO
2026-07-11 14:19:58,1783779598,R_75,54686.9793,-1,0.22989999999845168,BACKFILL_AUTO
2026-07-11 14:20:00,1783779600,R_75,54685.7408,-1,1.2384999999994761,BACKFILL_AUTO
2026-07-11 14:20:02,1783779602,R_75,54678.7794,-1,6.96140000000014,BACKFILL_AUTO
2026-07-11 14:20:04,1783779604,R_75,54668.682,-1,10.097399999998743,BACKFILL_AUTO
2026-07-11 14:20:06,1783779606,R_75,54667.6715,-1,1.0105000000039581,BACKFILL_AUTO
2026-07-11 14:20:08,1783779608,R_75,54672.633,1,4.961500000004889,BACKFILL_AUTO
2026-07-11 14:20:10,1783779610,R_75,54659.8074,-1,12.82560000000376,BACKFILL_AUTO
2026-07-11 14:20:12,1783779612,R_75,54665.139,1,5.331600000004983,BACKFILL_AUTO
2026-07-11 14:20:14,1783779614,R_75,54665.1301,-1,0.008900000000721775,BACKFILL_AUTO
2026-07-11 14:20:16,1783779616,R_75,54683.6321,1,18.502000000000407,BACKFILL_AUTO
2026-07-11 14:20:18,1783779618,R_75,54669.7137,-1,13.918400000002293,BACKFILL_AUTO
2026-07-11 14:20:20,1783779620,R_75,54650.1205,-1,19.59320000000298,BACKFILL_AUTO
2026-07-11 14:20:22,1783779622,R_75,54643.6048,-1,6.515699999996286,BACKFILL_AUTO
2026-07-11 14:20:24,1783779624,R_75,54645.2633,1,1.65849999999773,BACKFILL_AUTO
2026-07-11 14:20:26,1783779626,R_75,54635.7978,-1,9.465499999998428,BACKFILL_AUTO
2026-07-11 14:20:28,1783779628,R_75,54659.4292,1,23.631399999998393,BACKFILL_AUTO
2026-07-11 14:20:30,1783779630,R_75,54655.4559,-1,3.9732999999978347,BACKFILL_AUTO
2026-07-11 14:20:32,1783779632,R_75,54661.6947,1,6.2387999999991735,BACKFILL_AUTO
2026-07-11 14:20:34,1783779634,R_75,54644.4514,-1,17.24330000000191,BACKFILL_AUTO
2026-07-11 14:20:36,1783779636,R_75,54641.4047,-1,3.046699999998964,BACKFILL_AUTO
2026-07-11 14:20:38,1783779638,R_75,54641.0683,-1,0.3364000000001397,BACKFILL_AUTO
2026-07-11 14:20:40,1783779640,R_75,54645.3556,1,4.287300000003597,BACKFILL_AUTO
2026-07-11 14:20:42,1783779642,R_75,54620.6901,-1,24.665500000002794,BACKFILL_AUTO
2026-07-11 14:20:44,1783779644,R_75,54619.2054,-1,1.4847000000008848,BACKFILL_AUTO
2026-07-11 14:20:46,1783779646,R_75,54610.3156,-1,8.889799999997194,BACKFILL_AUTO
2026-07-11 14:20:48,1783779648,R_75,54606.8292,-1,3.486400000001595,BACKFILL_AUTO
2026-07-11 14:20:50,1783779650,R_75,54577.7047,-1,29.12449999999808,BACKFILL_AUTO
2026-07-11 14:20:52,1783779652,R_75,54565.7475,-1,11.957200000004377,BACKFILL_AUTO
2026-07-11 14:20:54,1783779654,R_75,54581.165,1,15.417500000003201,BACKFILL_AUTO
2026-07-11 14:20:56,1783779656,R_75,54585.3455,1,4.180500000002212,BACKFILL_AUTO
2026-07-11 14:20:58,1783779658,R_75,54569.1458,-1,16.19970000000467,BACKFILL_AUTO
2026-07-11 14:21:00,1783779660,R_75,54573.2294,1,4.083599999998114,BACKFILL_AUTO
2026-07-11 14:21:02,1783779662,R_75,54554.5993,-1,18.630099999994854,BACKFILL_AUTO
2026-07-11 14:21:04,1783779664,R_75,54570.7141,1,16.11479999999574,BACKFILL_AUTO
2026-07-11 14:21:06,1783779666,R_75,54572.2028,1,1.4887000000016997,BACKFILL_AUTO
2026-07-11 14:21:08,1783779668,R_75,54591.701,1,19.498200000001816,BACKFILL_AUTO
2026-07-11 14:21:10,1783779670,R_75,54583.9774,-1,7.723599999997532,BACKFILL_AUTO
2026-07-11 14:21:12,1783779672,R_75,54591.0366,1,7.0591999999960535,BACKFILL_AUTO
2026-07-11 14:21:14,1783779674,R_75,54592.9088,1,1.8721999999979744,BACKFILL_AUTO
2026-07-11 14:21:16,1783779676,R_75,54588.3119,-1,4.596899999996822,BACKFILL_AUTO
2026-07-11 14:21:18,1783779678,R_75,54591.8414,1,3.529499999996915,BACKFILL_AUTO
2026-07-11 14:21:20,1783779680,R_75,54593.0441,1,1.2027000000016415,BACKFILL_AUTO
2026-07-11 14:21:22,1783779682,R_75,54588.2698,-1,4.774299999997311,BACKFILL_AUTO
2026-07-11 14:21:24,1783779684,R_75,54607.7055,1,19.43569999999454,BACKFILL_AUTO
2026-07-11 14:21:26,1783779686,R_75,54596.8545,-1,10.85099999999511,BACKFILL_AUTO
2026-07-11 14:21:28,1783779688,R_75,54610.1804,1,13.325899999996182,BACKFILL_AUTO
2026-07-11 14:21:30,1783779690,R_75,54606.2409,-1,3.9395000000004075,BACKFILL_AUTO
2026-07-11 14:21:32,1783779692,R_75,54596.7503,-1,9.490599999997357,BACKFILL_AUTO
2026-07-11 14:21:34,1783779694,R_75,54604.2405,1,7.490200000000186,BACKFILL_AUTO
2026-07-11 14:21:36,1783779696,R_75,54604.2036,-1,0.03689999999915017,BACKFILL_AUTO
2026-07-11 14:21:38,1783779698,R_75,54604.5477,1,0.3441000000020722,BACKFILL_AUTO
2026-07-11 14:21:40,1783779700,R_75,54589.5863,-1,14.96140000000014,BACKFILL_AUTO
2026-07-11 14:21:42,1783779702,R_75,54603.2847,1,13.698399999993853,BACKFILL_AUTO
2026-07-11 14:21:44,1783779704,R_75,54600.5937,-1,2.690999999998894,BACKFILL_AUTO
2026-07-11 14:21:46,1783779706,R_75,54609.1074,1,8.513700000003155,BACKFILL_AUTO
2026-07-11 14:21:48,1783779708,R_75,54627.6715,1,18.56409999999596,BACKFILL_AUTO
2026-07-11 14:21:50,1783779710,R_75,54635.0418,1,7.370300000002317,BACKFILL_AUTO
2026-07-11 14:21:52,1783779712,R_75,54655.9974,1,20.95560000000114,BACKFILL_AUTO
2026-07-11 14:21:54,1783779714,R_75,54641.2717,-1,14.72570000000269,BACKFILL_AUTO
2026-07-11 14:21:56,1783779716,R_75,54658.257,1,16.98530000000028,BACKFILL_AUTO
2026-07-11 14:21:58,1783779718,R_75,54670.3398,1,12.082800000003772,BACKFILL_AUTO
2026-07-11 14:22:00,1783779720,R_75,54679.3726,1,9.032800000000861,BACKFILL_AUTO
2026-07-11 14:22:02,1783779722,R_75,54681.2476,1,1.875,BACKFILL_AUTO
2026-07-11 14:22:04,1783779724,R_75,54680.4835,-1,0.764100000000326,BACKFILL_AUTO
2026-07-11 14:22:06,1783779726,R_75,54685.3023,1,4.81880000000092,BACKFILL_AUTO
2026-07-11 14:22:08,1783779728,R_75,54677.3661,-1,7.936200000003737,BACKFILL_AUTO
2026-07-11 14:22:10,1783779730,R_75,54667.5404,-1,9.825700000001234,BACKFILL_AUTO
2026-07-11 14:22:12,1783779732,R_75,54657.0098,-1,10.53059999999823,BACKFILL_AUTO
2026-07-11 14:22:14,1783779734,R_75,54643.2829,-1,13.726900000001478,BACKFILL_AUTO
2026-07-11 14:22:16,1783779736,R_75,54639.5882,-1,3.6947000000000116,BACKFILL_AUTO
2026-07-11 14:22:18,1783779738,R_75,54649.7094,1,10.121200000001409,BACKFILL_AUTO
2026-07-11 14:22:20,1783779740,R_75,54633.2584,-1,16.45100000000093,BACKFILL_AUTO
2026-07-11 14:22:22,1783779742,R_75,54630.649,-1,2.6094000000011874,BACKFILL_AUTO
2026-07-11 14:22:24,1783779744,R_75,54622.8672,-1,7.78179999999702,BACKFILL_AUTO
2026-07-11 14:22:26,1783779746,R_75,54629.9662,1,7.099000000001979,BACKFILL_AUTO
2026-07-11 14:22:28,1783779748,R_75,54623.0114,-1,6.954799999999523,BACKFILL_AUTO
2026-07-11 14:22:30,1783779750,R_75,54627.5835,1,4.57209999999759,BACKFILL_AUTO
2026-07-11 14:22:32,1783779752,R_75,54625.1885,-1,2.3950000000040745,BACKFILL_AUTO
2026-07-11 14:22:34,1783779754,R_75,54620.416,-1,4.772499999999127,BACKFILL_AUTO
2026-07-11 14:22:36,1783779756,R_75,54631.9663,1,11.550300000002608,BACKFILL_AUTO
2026-07-11 14:22:38,1783779758,R_75,54639.4153,1,7.449000000000524,BACKFILL_AUTO
2026-07-11 14:22:40,1783779760,R_75,54650.6812,1,11.26589999999851,BACKFILL_AUTO
2026-07-11 14:22:42,1783779762,R_75,54653.1289,1,2.447700000004261,BACKFILL_AUTO
2026-07-11 14:22:44,1783779764,R_75,54651.8127,-1,1.3162000000011176,BACKFILL_AUTO
2026-07-11 14:22:46,1783779766,R_75,54662.5011,1,10.688399999999092,BACKFILL_AUTO
2026-07-11 14:22:48,1783779768,R_75,54634.5204,-1,27.98070000000007,BACKFILL_AUTO
2026-07-11 14:22:50,1783779770,R_75,54664.0109,1,29.490499999999884,BACKFILL_AUTO
2026-07-11 14:22:52,1783779772,R_75,54655.1532,-1,8.857700000000477,BACKFILL_AUTO
2026-07-11 14:22:54,1783779774,R_75,54667.2382,1,12.084999999999127,BACKFILL_AUTO
2026-07-11 14:22:56,1783779776,R_75,54655.4422,-1,11.796000000002095,BACKFILL_AUTO
2026-07-11 14:22:58,1783779778,R_75,54670.7307,1,15.288500000002387,BACKFILL_AUTO
2026-07-11 14:23:00,1783779780,R_75,54681.1769,1,10.446199999998498,BACKFILL_AUTO
2026-07-11 14:23:02,1783779782,R_75,54695.2365,1,14.0596000000005,BACKFILL_AUTO
2026-07-11 14:23:04,1783779784,R_75,54689.349,-1,5.88749999999709,BACKFILL_AUTO
2026-07-11 14:23:06,1783779786,R_75,54681.9545,-1,7.394500000002154,BACKFILL_AUTO
2026-07-11 14:23:08,1783779788,R_75,54681.931,-1,0.02350000000296859,BACKFILL_AUTO
2026-07-11 14:23:10,1783779790,R_75,54666.7615,-1,15.169499999996333,BACKFILL_AUTO
2026-07-11 14:23:12,1783779792,R_75,54669.3336,1,2.57209999999759,BACKFILL_AUTO
2026-07-11 14:23:14,1783779794,R_75,54664.6303,-1,4.703300000001036,BACKFILL_AUTO
2026-07-11 14:23:16,1783779796,R_75,54672.3316,1,7.701300000000629,BACKFILL_AUTO
2026-07-11 14:23:18,1783779798,R_75,54662.2194,-1,10.112199999995937,BACKFILL_AUTO
2026-07-11 14:23:20,1783779800,R_75,54684.7638,1,22.54439999999886,BACKFILL_AUTO
2026-07-11 14:23:22,1783779802,R_75,54685.5506,1,0.7868000000016764,BACKFILL_AUTO
2026-07-11 14:23:24,1783779804,R_75,54680.4331,-1,5.117500000000291,BACKFILL_AUTO
2026-07-11 14:23:26,1783779806,R_75,54694.8654,1,14.432300000000396,BACKFILL_AUTO
2026-07-11 14:23:28,1783779808,R_75,54702.247,1,7.381600000000617,BACKFILL_AUTO
2026-07-11 14:23:30,1783779810,R_75,54692.9135,-1,9.33350000000064,BACKFILL_AUTO
2026-07-11 14:23:32,1783779812,R_75,54665.6628,-1,27.250700000004144,BACKFILL_AUTO
2026-07-11 14:23:34,1783779814,R_75,54674.7982,1,9.135399999999208,BACKFILL_AUTO
2026-07-11 14:23:36,1783779816,R_75,54686.756,1,11.957800000003772,BACKFILL_AUTO
2026-07-11 14:23:38,1783779818,R_75,54676.6789,-1,10.077100000002247,BACKFILL_AUTO
2026-07-11 14:23:40,1783779820,R_75,54695.5012,1,18.822299999999814,BACKFILL_AUTO
2026-07-11 14:23:42,1783779822,R_75,54701.6297,1,6.128499999998894,BACKFILL_AUTO
2026-07-11 14:23:44,1783779824,R_75,54698.9239,-1,2.7057999999960884,BACKFILL_AUTO
2026-07-11 14:23:46,1783779826,R_75,54705.5151,1,6.591199999995297,BACKFILL_AUTO
2026-07-11 14:23:48,1783779828,R_75,54704.507,-1,1.0080999999991036,BACKFILL_AUTO
2026-07-11 14:23:50,1783779830,R_75,54699.8568,-1,4.650199999996403,BACKFILL_AUTO
2026-07-11 14:23:52,1783779832,R_75,54698.4052,-1,1.451600000000326,BACKFILL_AUTO
2026-07-11 14:23:54,1783779834,R_75,54693.4456,-1,4.959600000001956,BACKFILL_AUTO
2026-07-11 14:23:56,1783779836,R_75,54702.6167,1,9.17109999999957,BACKFILL_AUTO
2026-07-11 14:23:58,1783779838,R_75,54699.8814,-1,2.7353000000002794,BACKFILL_AUTO
2026-07-11 14:24:00,1783779840,R_75,54698.6335,-1,1.2478999999948428,BACKFILL_AUTO
2026-07-11 14:24:02,1783779842,R_75,54699.3855,1,0.7519999999931315,BACKFILL_AUTO
2026-07-11 14:24:04,1783779844,R_75,54694.0452,-1,5.340299999996205,BACKFILL_AUTO
2026-07-11 14:24:06,1783779846,R_75,54706.9166,1,12.871399999996356,BACKFILL_AUTO
2026-07-11 14:24:08,1783779848,R_75,54704.5488,-1,2.3677999999999884,BACKFILL_AUTO
2026-07-11 14:24:10,1783779850,R_75,54717.1006,1,12.551800000001094,BACKFILL_AUTO
2026-07-11 14:24:12,1783779852,R_75,54699.0645,-1,18.036099999997532,BACKFILL_AUTO
2026-07-11 14:24:14,1783779854,R_75,54694.5826,-1,4.481899999998859,BACKFILL_AUTO
2026-07-11 14:24:16,1783779856,R_75,54702.1239,1,7.541299999997136,BACKFILL_AUTO
2026-07-11 14:24:18,1783779858,R_75,54710.38,1,8.256099999998696,BACKFILL_AUTO
2026-07-11 14:24:20,1783779860,R_75,54725.4248,1,15.044800000003306,BACKFILL_AUTO
2026-07-11 14:24:22,1783779862,R_75,54737.4759,1,12.05109999999695,BACKFILL_AUTO
2026-07-11 14:24:24,1783779864,R_75,54739.8193,1,2.3434000000052038,BACKFILL_AUTO
2026-07-11 14:24:26,1783779866,R_75,54758.1378,1,18.318499999993946,BACKFILL_AUTO
2026-07-11 14:24:28,1783779868,R_75,54767.714,1,9.576200000003155,BACKFILL_AUTO
2026-07-11 14:24:30,1783779870,R_75,54760.5902,-1,7.123800000001211,BACKFILL_AUTO
2026-07-11 14:24:32,1783779872,R_75,54778.3301,1,17.73990000000049,BACKFILL_AUTO
2026-07-11 14:24:34,1783779874,R_75,54775.6983,-1,2.6318000000028405,BACKFILL_AUTO
2026-07-11 14:24:36,1783779876,R_75,54779.395,1,3.696700000000419,BACKFILL_AUTO
2026-07-11 14:24:38,1783779878,R_75,54782.6097,1,3.214700000004086,BACKFILL_AUTO
2026-07-11 14:24:40,1783779880,R_75,54795.6432,1,13.03349999999773,BACKFILL_AUTO
2026-07-11 14:24:42,1783779882,R_75,54825.5866,1,29.94340000000375,BACKFILL_AUTO
2026-07-11 14:24:44,1783779884,R_75,54819.3741,-1,6.212500000001455,BACKFILL_AUTO
2026-07-11 14:24:46,1783779886,R_75,54819.8188,1,0.44470000000001164,BACKFILL_AUTO
2026-07-11 14:24:48,1783779888,R_75,54825.1439,1,5.325100000001839,BACKFILL_AUTO
2026-07-11 14:24:50,1783779890,R_75,54828.6911,1,3.547199999993609,BACKFILL_AUTO
2026-07-11 14:24:52,1783779892,R_75,54825.3513,-1,3.339799999994284,BACKFILL_AUTO
2026-07-11 14:24:54,1783779894,R_75,54805.7388,-1,19.61250000000291,BACKFILL_AUTO
2026-07-11 14:24:56,1783779896,R_75,54806.6084,1,0.8695999999981723,BACKFILL_AUTO
2026-07-11 14:24:58,1783779898,R_75,54801.8692,-1,4.739199999996345,BACKFILL_AUTO
2026-07-11 14:25:00,1783779900,R_75,54802.4395,1,0.5702999999994063,BACKFILL_AUTO
2026-07-11 14:25:02,1783779902,R_75,54791.5752,-1,10.864300000001094,BACKFILL_AUTO
2026-07-11 14:25:04,1783779904,R_75,54784.0181,-1,7.557099999998172,BACKFILL_AUTO
2026-07-11 14:25:06,1783779906,R_75,54775.4675,-1,8.550600000002305,BACKFILL_AUTO
2026-07-11 14:25:08,1783779908,R_75,54761.7444,-1,13.723099999995611,BACKFILL_AUTO
2026-07-11 14:25:10,1783779910,R_75,54759.1389,-1,2.6055000000051223,BACKFILL_AUTO
2026-07-11 14:25:12,1783779912,R_75,54752.1963,-1,6.942599999994854,BACKFILL_AUTO
2026-07-11 14:25:14,1783779914,R_75,54748.7797,-1,3.4166000000041095,BACKFILL_AUTO
2026-07-11 14:25:16,1783779916,R_75,54746.2427,-1,2.536999999996624,BACKFILL_AUTO
2026-07-11 14:25:18,1783779918,R_75,54763.6726,1,17.42989999999554,BACKFILL_AUTO
2026-07-11 14:25:20,1783779920,R_75,54771.5589,1,7.886300000005576,BACKFILL_AUTO
2026-07-11 14:25:22,1783779922,R_75,54781.2151,1,9.656199999997625,BACKFILL_AUTO
2026-07-11 14:25:24,1783779924,R_75,54783.3805,1,2.1653999999980442,BACKFILL_AUTO
2026-07-11 14:25:26,1783779926,R_75,54776.4945,-1,6.885999999998603,BACKFILL_AUTO
2026-07-11 14:25:28,1783779928,R_75,54786.4646,1,9.970099999998638,BACKFILL_AUTO
2026-07-11 14:25:30,1783779930,R_75,54775.0663,-1,11.398300000000745,BACKFILL_AUTO
2026-07-11 14:25:32,1783779932,R_75,54763.7663,-1,11.299999999995634,BACKFILL_AUTO
2026-07-11 14:25:34,1783779934,R_75,54778.7267,1,14.960399999996298,BACKFILL_AUTO
2026-07-11 14:25:36,1783779936,R_75,54767.8852,-1,10.84150000000227,BACKFILL_AUTO
2026-07-11 14:25:38,1783779938,R_75,54758.9934,-1,8.891799999997602,BACKFILL_AUTO
2026-07-11 14:25:40,1783779940,R_75,54755.1082,-1,3.885199999996985,BACKFILL_AUTO
2026-07-11 14:25:42,1783779942,R_75,54745.7783,-1,9.329900000004272,BACKFILL_AUTO
2026-07-11 14:25:44,1783779944,R_75,54741.7086,-1,4.069700000000012,BACKFILL_AUTO
2026-07-11 14:25:46,1783779946,R_75,54764.8562,1,23.147600000003877,BACKFILL_AUTO
2026-07-11 14:25:48,1783779948,R_75,54751.295,-1,13.561200000003737,BACKFILL_AUTO
2026-07-11 14:25:50,1783779950,R_75,54755.2435,1,3.948499999998603,BACKFILL_AUTO
2026-07-11 14:25:52,1783779952,R_75,54752.2596,-1,2.9838999999992666,BACKFILL_AUTO
2026-07-11 14:25:54,1783779954,R_75,54754.8518,1,2.5921999999991385,BACKFILL_AUTO
2026-07-11 14:25:56,1783779956,R_75,54755.5299,1,0.6781000000046333,BACKFILL_AUTO
2026-07-11 14:25:58,1783779958,R_75,54752.795,-1,2.7349000000031083,BACKFILL_AUTO
2026-07-11 14:26:00,1783779960,R_75,54756.9211,1,4.1261000000013155,BACKFILL_AUTO
2026-07-11 14:26:02,1783779962,R_75,54764.5709,1,7.649799999999232,BACKFILL_AUTO
2026-07-11 14:26:04,1783779964,R_75,54761.446,-1,3.1248999999952503,BACKFILL_AUTO
2026-07-11 14:26:06,1783779966,R_75,54756.7813,-1,4.664700000001176,BACKFILL_AUTO
2026-07-11 14:26:08,1783779968,R_75,54757.8462,1,1.0648999999975786,BACKFILL_AUTO
2026-07-11 14:26:10,1783779970,R_75,54754.8416,-1,3.0046000000002095,BACKFILL_AUTO
2026-07-11 14:26:12,1783779972,R_75,54748.7701,-1,6.071499999998196,BACKFILL_AUTO
2026-07-11 14:26:14,1783779974,R_75,54764.9091,1,16.138999999995576,BACKFILL_AUTO
2026-07-11 14:26:16,1783779976,R_75,54756.9279,-1,7.981199999994715,BACKFILL_AUTO
2026-07-11 14:26:18,1783779978,R_75,54747.6359,-1,9.29200000000128,BACKFILL_AUTO
2026-07-11 14:26:20,1783779980,R_75,54764.8598,1,17.22389999999723,BACKFILL_AUTO
2026-07-11 14:26:22,1783779982,R_75,54765.8083,1,0.948499999998603,BACKFILL_AUTO
2026-07-11 14:26:24,1783779984,R_75,54761.5704,-1,4.2379000000000815,BACKFILL_AUTO
2026-07-11 14:26:26,1783779986,R_75,54767.8532,1,6.2828000000008615,BACKFILL_AUTO
2026-07-11 14:26:28,1783779988,R_75,54776.7062,1,8.853000000002794,BACKFILL_AUTO
2026-07-11 14:26:30,1783779990,R_75,54777.9941,1,1.2879000000029919,BACKFILL_AUTO
2026-07-11 14:26:32,1783779992,R_75,54790.0927,1,12.098599999997532,BACKFILL_AUTO
2026-07-11 14:26:34,1783779994,R_75,54800.5054,1,10.412700000000768,BACKFILL_AUTO
2026-07-11 14:26:36,1783779996,R_75,54795.1516,-1,5.353800000004412,BACKFILL_AUTO
2026-07-11 14:26:38,1783779998,R_75,54791.2947,-1,3.856899999998859,BACKFILL_AUTO
2026-07-11 14:26:40,1783780000,R_75,54794.9564,1,3.6617000000042026,BACKFILL_AUTO
2026-07-11 14:26:42,1783780002,R_75,54793.3522,-1,1.6042000000015832,BACKFILL_AUTO
2026-07-11 14:26:44,1783780004,R_75,54796.4592,1,3.106999999996333,BACKFILL_AUTO
2026-07-11 14:26:46,1783780006,R_75,54810.3272,1,13.868000000002212,BACKFILL_AUTO
2026-07-11 14:26:48,1783780008,R_75,54797.5261,-1,12.80109999999695,BACKFILL_AUTO
2026-07-11 14:26:50,1783780010,R_75,54806.3377,1,8.811599999993632,BACKFILL_AUTO
2026-07-11 14:26:52,1783780012,R_75,54817.0716,1,10.733900000006543,BACKFILL_AUTO
2026-07-11 14:26:54,1783780014,R_75,54805.7966,-1,11.275000000001455,BACKFILL_AUTO
2026-07-11 14:26:56,1783780016,R_75,54803.8635,-1,1.933100000002014,BACKFILL_AUTO
2026-07-11 14:26:58,1783780018,R_75,54791.9963,-1,11.867200000000594,BACKFILL_AUTO
2026-07-11 14:27:00,1783780020,R_75,54782.8143,-1,9.182000000000698,BACKFILL_AUTO
2026-07-11 14:27:02,1783780022,R_75,54780.8465,-1,1.9677999999985332,BACKFILL_AUTO
2026-07-11 14:27:04,1783780024,R_75,54778.8273,-1,2.0192000000024564,BACKFILL_AUTO
2026-07-11 14:27:06,1783780026,R_75,54754.3351,-1,24.492200000000594,BACKFILL_AUTO
2026-07-11 14:27:08,1783780028,R_75,54750.8393,-1,3.4957999999969616,BACKFILL_AUTO
2026-07-11 14:27:10,1783780030,R_75,54750.9078,1,0.06850000000122236,BACKFILL_AUTO
2026-07-11 14:27:12,1783780032,R_75,54737.7557,-1,13.152099999999336,BACKFILL_AUTO
2026-07-11 14:27:14,1783780034,R_75,54724.9956,-1,12.760099999999511,BACKFILL_AUTO
2026-07-11 14:27:16,1783780036,R_75,54733.1269,1,8.13130000000092,BACKFILL_AUTO
2026-07-11 14:27:18,1783780038,R_75,54729.4541,-1,3.6728000000002794,BACKFILL_AUTO
2026-07-11 14:27:20,1783780040,R_75,54746.7176,1,17.26350000000093,BACKFILL_AUTO
2026-07-11 14:27:22,1783780042,R_75,54776.1301,1,29.412499999998545,BACKFILL_AUTO
2026-07-11 14:27:24,1783780044,R_75,54770.7989,-1,5.3312000000005355,BACKFILL_AUTO
2026-07-11 14:27:26,1783780046,R_75,54777.0623,1,6.263399999996182,BACKFILL_AUTO
2026-07-11 14:27:28,1783780048,R_75,54778.5432,1,1.4809000000022934,BACKFILL_AUTO
2026-07-11 14:27:30,1783780050,R_75,54811.2542,1,32.71100000000297,BACKFILL_AUTO
2026-07-11 14:27:32,1783780052,R_75,54802.6555,-1,8.598700000002282,BACKFILL_AUTO
2026-07-11 14:27:34,1783780054,R_75,54798.4616,-1,4.1938999999983935,BACKFILL_AUTO
2026-07-11 14:27:36,1783780056,R_75,54800.3965,1,1.934900000000198,BACKFILL_AUTO
2026-07-11 14:27:38,1783780058,R_75,54809.5271,1,9.130599999996775,BACKFILL_AUTO
2026-07-11 14:27:40,1783780060,R_75,54806.1215,-1,3.4055999999982305,BACKFILL_AUTO
2026-07-11 14:27:42,1783780062,R_75,54818.9325,1,12.811000000001513,BACKFILL_AUTO
2026-07-11 14:27:44,1783780064,R_75,54824.1152,1,5.182699999997567,BACKFILL_AUTO
2026-07-11 14:27:46,1783780066,R_75,54828.0629,1,3.947699999996985,BACKFILL_AUTO
2026-07-11 14:27:48,1783780068,R_75,54829.5981,1,1.535200000005716,BACKFILL_AUTO
2026-07-11 14:27:50,1783780070,R_75,54812.1569,-1,17.441200000001118,BACKFILL_AUTO
2026-07-11 14:27:52,1783780072,R_75,54811.818,-1,0.338900000002468,BACKFILL_AUTO
2026-07-11 14:27:54,1783780074,R_75,54804.0483,-1,7.769699999997101,BACKFILL_AUTO
2026-07-11 14:27:56,1783780076,R_75,54799.9888,-1,4.059500000003027,BACKFILL_AUTO
2026-07-11 14:27:58,1783780078,R_75,54798.7533,-1,1.235500000002503,BACKFILL_AUTO
2026-07-11 14:28:00,1783780080,R_75,54801.6233,1,2.8700000000026193,BACKFILL_AUTO
2026-07-11 14:28:02,1783780082,R_75,54794.1483,-1,7.474999999998545,BACKFILL_AUTO
2026-07-11 14:28:04,1783780084,R_75,54788.82,-1,5.328300000001036,BACKFILL_AUTO
2026-07-11 14:28:06,1783780086,R_75,54784.6209,-1,4.199099999997998,BACKFILL_AUTO
2026-07-11 14:28:08,1783780088,R_75,54780.6792,-1,3.9417000000030384,BACKFILL_AUTO
2026-07-11 14:28:10,1783780090,R_75,54771.4302,-1,9.248999999996158,BACKFILL_AUTO
2026-07-11 14:28:12,1783780092,R_75,54768.2459,-1,3.1843000000008033,BACKFILL_AUTO
2026-07-11 14:28:14,1783780094,R_75,54765.06,-1,3.1859000000040396,BACKFILL_AUTO
2026-07-11 14:28:16,1783780096,R_75,54763.8767,-1,1.1832999999969616,BACKFILL_AUTO
2026-07-11 14:28:18,1783780098,R_75,54768.6185,1,4.741799999996147,BACKFILL_AUTO
2026-07-11 14:28:20,1783780100,R_75,54757.6704,-1,10.948099999994156,BACKFILL_AUTO
2026-07-11 14:28:22,1783780102,R_75,54755.725,-1,1.945400000004156,BACKFILL_AUTO
2026-07-11 14:28:24,1783780104,R_75,54751.4544,-1,4.270599999996193,BACKFILL_AUTO
2026-07-11 14:28:26,1783780106,R_75,54759.8647,1,8.410299999995914,BACKFILL_AUTO
2026-07-11 14:28:28,1783780108,R_75,54776.1958,1,16.33110000000306,BACKFILL_AUTO
2026-07-11 14:28:30,1783780110,R_75,54761.634,-1,14.561800000003132,BACKFILL_AUTO
2026-07-11 14:28:32,1783780112,R_75,54773.7149,1,12.080900000000838,BACKFILL_AUTO
2026-07-11 14:28:34,1783780114,R_75,54767.8942,-1,5.820699999996577,BACKFILL_AUTO
2026-07-11 14:28:36,1783780116,R_75,54782.1812,1,14.286999999996624,BACKFILL_AUTO
2026-07-11 14:28:38,1783780118,R_75,54792.4893,1,10.308100000002014,BACKFILL_AUTO
2026-07-11 14:28:40,1783780120,R_75,54782.7588,-1,9.730499999997846,BACKFILL_AUTO
2026-07-11 14:28:42,1783780122,R_75,54772.6946,-1,10.06420000000071,BACKFILL_AUTO
2026-07-11 14:28:44,1783780124,R_75,54778.4221,1,5.727500000000873,BACKFILL_AUTO
2026-07-11 14:28:46,1783780126,R_75,54779.4309,1,1.008799999995972,BACKFILL_AUTO
2026-07-11 14:28:48,1783780128,R_75,54783.549,1,4.118099999999686,BACKFILL_AUTO
2026-07-11 14:28:50,1783780130,R_75,54784.2455,1,0.6964999999981956,BACKFILL_AUTO
2026-07-11 14:28:52,1783780132,R_75,54786.041,1,1.7955000000001746,BACKFILL_AUTO
2026-07-11 14:28:54,1783780134,R_75,54794.5753,1,8.534299999999348,BACKFILL_AUTO
2026-07-11 14:28:56,1783780136,R_75,54796.9087,1,2.3334000000031665,BACKFILL_AUTO
2026-07-11 14:28:58,1783780138,R_75,54819.5089,1,22.60020000000077,BACKFILL_AUTO
2026-07-11 14:29:00,1783780140,R_75,54815.1004,-1,4.40849999999773,BACKFILL_AUTO
2026-07-11 14:29:02,1783780142,R_75,54819.9087,1,4.808299999996962,BACKFILL_AUTO
2026-07-11 14:29:04,1783780144,R_75,54826.0354,1,6.12670000000071,BACKFILL_AUTO
2026-07-11 14:29:06,1783780146,R_75,54807.778,-1,18.257400000002235,BACKFILL_AUTO
2026-07-11 14:29:08,1783780148,R_75,54802.5446,-1,5.233399999997346,BACKFILL_AUTO
2026-07-11 14:29:10,1783780150,R_75,54792.7488,-1,9.795799999999872,BACKFILL_AUTO
2026-07-11 14:29:12,1783780152,R_75,54789.8302,-1,2.918600000004517,BACKFILL_AUTO
2026-07-11 14:29:14,1783780154,R_75,54799.9054,1,10.075200000006589,BACKFILL_AUTO
2026-07-11 14:29:16,1783780156,R_75,54798.037,-1,1.868400000006659,BACKFILL_AUTO
2026-07-11 14:29:18,1783780158,R_75,54805.6744,1,7.637400000006892,BACKFILL_AUTO
2026-07-11 14:29:20,1783780160,R_75,54799.1319,-1,6.542500000003201,BACKFILL_AUTO
2026-07-11 14:29:22,1783780162,R_75,54782.134,-1,16.99790000000212,BACKFILL_AUTO
2026-07-11 14:29:24,1783780164,R_75,54790.1141,1,7.980100000000675,BACKFILL_AUTO
2026-07-11 14:29:26,1783780166,R_75,54768.0752,-1,22.038899999999558,BACKFILL_AUTO
2026-07-11 14:29:28,1783780168,R_75,54773.8851,1,5.809900000000198,BACKFILL_AUTO
2026-07-11 14:29:30,1783780170,R_75,54787.1395,1,13.254399999997986,BACKFILL_AUTO
2026-07-11 14:29:32,1783780172,R_75,54785.8801,-1,1.2593999999953667,BACKFILL_AUTO
2026-07-11 14:29:34,1783780174,R_75,54759.0164,-1,26.8637000000017,BACKFILL_AUTO
2026-07-11 14:29:36,1783780176,R_75,54773.263,1,14.24659999999858,BACKFILL_AUTO
2026-07-11 14:29:38,1783780178,R_75,54767.0182,-1,6.244800000000396,BACKFILL_AUTO
2026-07-11 14:29:40,1783780180,R_75,54777.8356,1,10.817399999999907,BACKFILL_AUTO
2026-07-11 14:29:42,1783780182,R_75,54792.5093,1,14.673699999999371,BACKFILL_AUTO
2026-07-11 14:29:44,1783780184,R_75,54796.3481,1,3.838800000004994,BACKFILL_AUTO
2026-07-11 14:29:46,1783780186,R_75,54799.6815,1,3.3333999999958905,BACKFILL_AUTO
2026-07-11 14:29:48,1783780188,R_75,54792.6217,-1,7.059799999995448,BACKFILL_AUTO
2026-07-11 14:29:50,1783780190,R_75,54798.2201,1,5.5983999999953085,BACKFILL_AUTO
2026-07-11 14:29:52,1783780192,R_75,54792.6714,-1,5.548699999999371,BACKFILL_AUTO
2026-07-11 14:29:54,1783780194,R_75,54807.8283,1,15.15690000000177,BACKFILL_AUTO
2026-07-11 14:29:56,1783780196,R_75,54800.9272,-1,6.901100000002771,BACKFILL_AUTO
2026-07-11 14:29:58,1783780198,R_75,54798.8739,-1,2.053299999999581,BACKFILL_AUTO
2026-07-11 14:30:00,1783780200,R_75,54793.2843,-1,5.589599999999336,BACKFILL_AUTO
2026-07-11 14:30:02,1783780202,R_75,54802.527,1,9.242700000002515,BACKFILL_AUTO
2026-07-11 14:30:04,1783780204,R_75,54795.299,-1,7.228000000002794,BACKFILL_AUTO
2026-07-11 14:30:06,1783780206,R_75,54785.43,-1,9.868999999998778,BACKFILL_AUTO
2026-07-11 14:30:08,1783780208,R_75,54767.3471,-1,18.082900000001246,BACKFILL_AUTO
2026-07-11 14:30:10,1783780210,R_75,54759.9489,-1,7.398199999995995,BACKFILL_AUTO
2026-07-11 14:30:12,1783780212,R_75,54757.5366,-1,2.4123000000035972,BACKFILL_AUTO
2026-07-11 14:30:14,1783780214,R_75,54747.982,-1,9.554599999995844,BACKFILL_AUTO
2026-07-11 14:30:16,1783780216,R_75,54733.8132,-1,14.16880000000674,BACKFILL_AUTO
2026-07-11 14:30:18,1783780218,R_75,54716.1087,-1,17.704499999999825,BACKFILL_AUTO
2026-07-11 14:30:20,1783780220,R_75,54738.1419,1,22.03320000000531,BACKFILL_AUTO
2026-07-11 14:30:22,1783780222,R_75,54757.3177,1,19.175799999997253,BACKFILL_AUTO
2026-07-11 14:30:24,1783780224,R_75,54763.4396,1,6.121899999998277,BACKFILL_AUTO
2026-07-11 14:30:26,1783780226,R_75,54754.7401,-1,8.699499999995169,BACKFILL_AUTO
2026-07-11 14:30:28,1783780228,R_75,54766.9808,1,12.240699999994831,BACKFILL_AUTO
2026-07-11 14:30:30,1783780230,R_75,54780.116,1,13.13520000000426,BACKFILL_AUTO
2026-07-11 14:30:32,1783780232,R_75,54779.7036,-1,0.412400000001071,BACKFILL_AUTO
2026-07-11 14:30:34,1783780234,R_75,54775.4997,-1,4.203900000000431,BACKFILL_AUTO
2026-07-11 14:30:36,1783780236,R_75,54797.0743,1,21.57459999999992,BACKFILL_AUTO
2026-07-11 14:30:38,1783780238,R_75,54792.798,-1,4.276299999997718,BACKFILL_AUTO
2026-07-11 14:30:40,1783780240,R_75,54794.2925,1,1.4945000000006985,BACKFILL_AUTO
2026-07-11 14:30:42,1783780242,R_75,54793.3201,-1,0.9724000000060187,BACKFILL_AUTO
2026-07-11 14:30:44,1783780244,R_75,54793.938,1,0.6179000000047381,BACKFILL_AUTO
2026-07-11 14:30:46,1783780246,R_75,54785.4201,-1,8.517899999998917,BACKFILL_AUTO
2026-07-11 14:30:48,1783780248,R_75,54795.3657,1,9.945599999999104,BACKFILL_AUTO
2026-07-11 14:30:50,1783780250,R_75,54799.8646,1,4.4988999999986845,BACKFILL_AUTO
2026-07-11 14:30:52,1783780252,R_75,54803.9616,1,4.097000000001572,BACKFILL_AUTO
2026-07-11 14:30:54,1783780254,R_75,54803.1762,-1,0.7854000000006636,BACKFILL_AUTO
2026-07-11 14:30:56,1783780256,R_75,54808.2943,1,5.118099999999686,BACKFILL_AUTO
2026-07-11 14:30:58,1783780258,R_75,54804.4554,-1,3.838900000002468,BACKFILL_AUTO
2026-07-11 14:31:00,1783780260,R_75,54805.5668,1,1.111400000001595,BACKFILL_AUTO
2026-07-11 14:31:02,1783780262,R_75,54803.7164,-1,1.8504000000029919,BACKFILL_AUTO
2026-07-11 14:31:04,1783780264,R_75,54805.9064,1,2.1900000000023283,BACKFILL_AUTO
2026-07-11 14:31:06,1783780266,R_75,54813.4526,1,7.546199999997043,BACKFILL_AUTO
2026-07-11 14:31:08,1783780268,R_75,54803.453,-1,9.999599999995553,BACKFILL_AUTO
2026-07-11 14:31:10,1783780270,R_75,54778.2385,-1,25.214500000001863,BACKFILL_AUTO
2026-07-11 14:31:12,1783780272,R_75,54773.9057,-1,4.332799999996496,BACKFILL_AUTO
2026-07-11 14:31:14,1783780274,R_75,54789.8235,1,15.917799999995623,BACKFILL_AUTO
2026-07-11 14:31:16,1783780276,R_75,54774.7238,-1,15.099699999998847,BACKFILL_AUTO
2026-07-11 14:31:18,1783780278,R_75,54771.4936,-1,3.230199999998149,BACKFILL_AUTO
2026-07-11 14:31:20,1783780280,R_75,54773.8456,1,2.3519999999989523,BACKFILL_AUTO
2026-07-11 14:31:22,1783780282,R_75,54770.4297,-1,3.415899999999965,BACKFILL_AUTO
2026-07-11 14:31:24,1783780284,R_75,54762.6966,-1,7.733099999997648,BACKFILL_AUTO
2026-07-11 14:31:26,1783780286,R_75,54747.708,-1,14.988600000004226,BACKFILL_AUTO
2026-07-11 14:31:28,1783780288,R_75,54752.6813,1,4.973299999997835,BACKFILL_AUTO
2026-07-11 14:31:30,1783780290,R_75,54753.1477,1,0.4664000000047963,BACKFILL_AUTO
2026-07-11 14:31:32,1783780292,R_75,54769.5829,1,16.435199999999895,BACKFILL_AUTO
2026-07-11 14:31:34,1783780294,R_75,54781.7381,1,12.15520000000106,BACKFILL_AUTO
2026-07-11 14:31:36,1783780296,R_75,54788.1013,1,6.363199999999779,BACKFILL_AUTO
2026-07-11 14:31:38,1783780298,R_75,54783.7119,-1,4.389400000000023,BACKFILL_AUTO
2026-07-11 14:31:40,1783780300,R_75,54782.0313,-1,1.6805999999996857,BACKFILL_AUTO
2026-07-11 14:31:42,1783780302,R_75,54786.8076,1,4.776299999997718,BACKFILL_AUTO
2026-07-11 14:31:44,1783780304,R_75,54784.209,-1,2.598599999997532,BACKFILL_AUTO
2026-07-11 14:31:46,1783780306,R_75,54793.5421,1,9.333099999996193,BACKFILL_AUTO
2026-07-11 14:31:48,1783780308,R_75,54789.0817,-1,4.460399999996298,BACKFILL_AUTO
2026-07-11 14:31:50,1783780310,R_75,54784.7852,-1,4.296500000004016,BACKFILL_AUTO
2026-07-11 14:31:52,1783780312,R_75,54800.3142,1,15.52900000000227,BACKFILL_AUTO
2026-07-11 14:31:54,1783780314,R_75,54799.9976,-1,0.3165999999982887,BACKFILL_AUTO
2026-07-11 14:31:56,1783780316,R_75,54790.9801,-1,9.017500000001746,BACKFILL_AUTO
2026-07-11 14:31:58,1783780318,R_75,54795.3688,1,4.388699999995879,BACKFILL_AUTO
2026-07-11 14:32:00,1783780320,R_75,54812.1505,1,16.781700000006822,BACKFILL_AUTO
2026-07-11 14:32:02,1783780322,R_75,54821.2032,1,9.052700000000186,BACKFILL_AUTO
2026-07-11 14:32:04,1783780324,R_75,54817.7628,-1,3.4404000000067754,BACKFILL_AUTO
2026-07-11 14:32:06,1783780326,R_75,54807.5127,-1,10.250099999997474,BACKFILL_AUTO
2026-07-11 14:32:08,1783780328,R_75,54819.152,1,11.63930000000255,BACKFILL_AUTO
2026-07-11 14:32:10,1783780330,R_75,54826.6148,1,7.4628000000011525,BACKFILL_AUTO
2026-07-11 14:32:12,1783780332,R_75,54830.8634,1,4.248599999998987,BACKFILL_AUTO
2026-07-11 14:32:14,1783780334,R_75,54851.1782,1,20.314800000000105,BACKFILL_AUTO
2026-07-11 14:32:16,1783780336,R_75,54861.5308,1,10.352599999998347,BACKFILL_AUTO
2026-07-11 14:32:18,1783780338,R_75,54860.7055,-1,0.8253000000040629,BACKFILL_AUTO
2026-07-11 14:32:20,1783780340,R_75,54874.9476,1,14.24210000000312,BACKFILL_AUTO
2026-07-11 14:32:22,1783780342,R_75,54857.711,-1,17.236599999996542,BACKFILL_AUTO
2026-07-11 14:32:24,1783780344,R_75,54873.1647,1,15.453699999998207,BACKFILL_AUTO
2026-07-11 14:32:26,1783780346,R_75,54876.7278,1,3.5630999999993946,BACKFILL_AUTO
2026-07-11 14:32:28,1783780348,R_75,54881.1976,1,4.469799999998941,BACKFILL_AUTO
2026-07-11 14:32:30,1783780350,R_75,54870.1565,-1,11.041100000002189,BACKFILL_AUTO
2026-07-11 14:32:32,1783780352,R_75,54881.2985,1,11.141999999999825,BACKFILL_AUTO
2026-07-11 14:32:34,1783780354,R_75,54863.3545,-1,17.943999999995867,BACKFILL_AUTO
2026-07-11 14:32:36,1783780356,R_75,54877.1565,1,13.801999999996042,BACKFILL_AUTO
2026-07-11 14:32:38,1783780358,R_75,54889.5792,1,12.422700000002806,BACKFILL_AUTO
2026-07-11 14:32:40,1783780360,R_75,54871.0268,-1,18.55240000000049,BACKFILL_AUTO
2026-07-11 14:32:42,1783780362,R_75,54872.9354,1,1.9086000000024796,BACKFILL_AUTO
2026-07-11 14:32:44,1783780364,R_75,54869.8647,-1,3.0707000000038533,BACKFILL_AUTO
2026-07-11 14:32:46,1783780366,R_75,54867.6395,-1,2.2252000000007683,BACKFILL_AUTO
2026-07-11 14:32:48,1783780368,R_75,54876.4288,1,8.789300000004005,BACKFILL_AUTO
2026-07-11 14:32:50,1783780370,R_75,54886.7281,1,10.299299999998766,BACKFILL_AUTO
2026-07-11 14:32:52,1783780372,R_75,54900.2322,1,13.504099999998289,BACKFILL_AUTO
2026-07-11 14:32:54,1783780374,R_75,54898.3377,-1,1.8945000000021537,BACKFILL_AUTO
2026-07-11 14:32:56,1783780376,R_75,54894.5433,-1,3.794399999998859,BACKFILL_AUTO
2026-07-11 14:32:58,1783780378,R_75,54882.6759,-1,11.867399999995541,BACKFILL_AUTO
2026-07-11 14:33:00,1783780380,R_75,54873.59,-1,9.085900000005495,BACKFILL_AUTO
2026-07-11 14:33:02,1783780382,R_75,54879.5894,1,5.999400000000605,BACKFILL_AUTO
2026-07-11 14:33:04,1783780384,R_75,54897.2083,1,17.618900000001304,BACKFILL_AUTO
2026-07-11 14:33:06,1783780386,R_75,54888.7042,-1,8.504099999998289,BACKFILL_AUTO
2026-07-11 14:33:08,1783780388,R_75,54902.1633,1,13.459100000000035,BACKFILL_AUTO
2026-07-11 14:33:10,1783780390,R_75,54897.314,-1,4.849300000001676,BACKFILL_AUTO
2026-07-11 14:33:12,1783780392,R_75,54905.7306,1,8.41660000000411,BACKFILL_AUTO
2026-07-11 14:33:14,1783780394,R_75,54914.4641,1,8.73349999999482,BACKFILL_AUTO
2026-07-11 14:33:16,1783780396,R_75,54927.1795,1,12.715400000000955,BACKFILL_AUTO
2026-07-11 14:33:18,1783780398,R_75,54931.5881,1,4.40860000000248,BACKFILL_AUTO
2026-07-11 14:33:20,1783780400,R_75,54932.3382,1,0.7500999999974738,BACKFILL_AUTO
2026-07-11 14:33:22,1783780402,R_75,54937.4175,1,5.079300000004878,BACKFILL_AUTO
2026-07-11 14:33:24,1783780404,R_75,54937.2343,-1,0.18320000000676373,BACKFILL_AUTO
2026-07-11 14:33:26,1783780406,R_75,54959.4775,1,22.243200000004435,BACKFILL_AUTO
2026-07-11 14:33:28,1783780408,R_75,54947.6522,-1,11.825300000004063,BACKFILL_AUTO
2026-07-11 14:33:30,1783780410,R_75,54954.926,1,7.273800000002666,BACKFILL_AUTO
2026-07-11 14:33:32,1783780412,R_75,54964.431,1,9.50499999999738,BACKFILL_AUTO
2026-07-11 14:33:34,1783780414,R_75,54963.251,-1,1.180000000000291,BACKFILL_AUTO
2026-07-11 14:33:36,1783780416,R_75,54954.0632,-1,9.187799999999697,BACKFILL_AUTO
2026-07-11 14:33:38,1783780418,R_75,54968.3218,1,14.258600000001024,BACKFILL_AUTO
2026-07-11 14:33:40,1783780420,R_75,54967.8392,-1,0.48259999999572756,BACKFILL_AUTO
2026-07-11 14:33:42,1783780422,R_75,54967.7889,-1,0.0503000000026077,BACKFILL_AUTO
2026-07-11 14:33:44,1783780424,R_75,54983.3216,1,15.532700000003388,BACKFILL_AUTO
2026-07-11 14:33:46,1783780426,R_75,54980.1458,-1,3.1758000000045286,BACKFILL_AUTO
2026-07-11 14:33:48,1783780428,R_75,54970.7026,-1,9.443200000001525,BACKFILL_AUTO
2026-07-11 14:33:50,1783780430,R_75,54966.61,-1,4.09259999999631,BACKFILL_AUTO
2026-07-11 14:33:52,1783780432,R_75,54974.7662,1,8.156199999997625,BACKFILL_AUTO
2026-07-11 14:33:54,1783780434,R_75,54994.3756,1,19.609400000001187,BACKFILL_AUTO
2026-07-11 14:33:56,1783780436,R_75,54993.1139,-1,1.2617000000027474,BACKFILL_AUTO
2026-07-11 14:33:58,1783780438,R_75,55003.0548,1,9.94090000000142,BACKFILL_AUTO
2026-07-11 14:34:00,1783780440,R_75,54979.7625,-1,23.292300000000978,BACKFILL_AUTO
2026-07-11 14:34:02,1783780442,R_75,54988.5938,1,8.831300000005285,BACKFILL_AUTO
2026-07-11 14:34:04,1783780444,R_75,54984.0455,-1,4.5483000000022,BACKFILL_AUTO
2026-07-11 14:34:06,1783780446,R_75,54972.7997,-1,11.245799999996962,BACKFILL_AUTO
2026-07-11 14:34:08,1783780448,R_75,54974.186,1,1.3862999999983003,BACKFILL_AUTO
2026-07-11 14:34:10,1783780450,R_75,54963.154,-1,11.031999999999243,BACKFILL_AUTO
2026-07-11 14:34:12,1783780452,R_75,54953.0649,-1,10.089100000004692,BACKFILL_AUTO
2026-07-11 14:34:14,1783780454,R_75,54950.4645,-1,2.600399999995716,BACKFILL_AUTO
2026-07-11 14:34:16,1783780456,R_75,54964.6724,1,14.207900000001246,BACKFILL_AUTO
2026-07-11 14:34:18,1783780458,R_75,54970.8047,1,6.132299999997485,BACKFILL_AUTO
2026-07-11 14:34:20,1783780460,R_75,54949.733,-1,21.07170000000042,BACKFILL_AUTO
2026-07-11 14:34:22,1783780462,R_75,54961.052,1,11.319000000003143,BACKFILL_AUTO
2026-07-11 14:34:24,1783780464,R_75,54980.8276,1,19.775599999993574,BACKFILL_AUTO
2026-07-11 14:34:26,1783780466,R_75,54994.4555,1,13.6278999999995,BACKFILL_AUTO
2026-07-11 14:34:28,1783780468,R_75,54978.1688,-1,16.286699999996927,BACKFILL_AUTO
2026-07-11 14:34:30,1783780470,R_75,54992.4502,1,14.281399999999849,BACKFILL_AUTO
2026-07-11 14:34:32,1783780472,R_75,55001.2633,1,8.813099999999395,BACKFILL_AUTO
2026-07-11 14:34:34,1783780474,R_75,55000.9169,-1,0.34640000000217697,BACKFILL_AUTO
2026-07-11 14:34:36,1783780476,R_75,54987.8608,-1,13.05609999999433,BACKFILL_AUTO
2026-07-11 14:34:38,1783780478,R_75,54984.7328,-1,3.128000000004249,BACKFILL_AUTO
2026-07-11 14:34:40,1783780480,R_75,54971.5445,-1,13.188299999994342,BACKFILL_AUTO
2026-07-11 14:34:42,1783780482,R_75,54972.2642,1,0.7196999999941909,BACKFILL_AUTO
2026-07-11 14:34:44,1783780484,R_75,54973.7608,1,1.4965999999985797,BACKFILL_AUTO
2026-07-11 14:34:46,1783780486,R_75,54966.2721,-1,7.488699999994424,BACKFILL_AUTO
2026-07-11 14:34:48,1783780488,R_75,54989.0725,1,22.80040000000008,BACKFILL_AUTO
2026-07-11 14:34:50,1783780490,R_75,54980.1712,-1,8.901300000004994,BACKFILL_AUTO
2026-07-11 14:34:52,1783780492,R_75,54987.0326,1,6.861400000001595,BACKFILL_AUTO
2026-07-11 14:34:54,1783780494,R_75,54995.2597,1,8.227100000003702,BACKFILL_AUTO
2026-07-11 14:34:56,1783780496,R_75,55006.6007,1,11.34100000000035,BACKFILL_AUTO
2026-07-11 14:34:58,1783780498,R_75,54997.1648,-1,9.43590000000404,BACKFILL_AUTO
2026-07-11 14:35:00,1783780500,R_75,54989.2165,-1,7.9482999999963795,BACKFILL_AUTO
2026-07-11 14:35:02,1783780502,R_75,55001.5158,1,12.299299999998766,BACKFILL_AUTO
2026-07-11 14:35:04,1783780504,R_75,54991.9132,-1,9.602599999998347,BACKFILL_AUTO
2026-07-11 14:35:06,1783780506,R_75,54988.202,-1,3.711200000005192,BACKFILL_AUTO
2026-07-11 14:35:08,1783780508,R_75,54982.0387,-1,6.163300000000163,BACKFILL_AUTO
2026-07-11 14:35:10,1783780510,R_75,54992.9631,1,10.924400000003516,BACKFILL_AUTO
2026-07-11 14:35:12,1783780512,R_75,54994.9734,1,2.0103000000017346,BACKFILL_AUTO
2026-07-11 14:35:14,1783780514,R_75,54979.4655,-1,15.507900000004156,BACKFILL_AUTO
2026-07-11 14:35:16,1783780516,R_75,54981.7201,1,2.2546000000002095,BACKFILL_AUTO
2026-07-11 14:35:18,1783780518,R_75,54987.7074,1,5.987300000000687,BACKFILL_AUTO
2026-07-11 14:35:20,1783780520,R_75,54988.9416,1,1.234199999998964,BACKFILL_AUTO
2026-07-11 14:35:22,1783780522,R_75,54988.5212,-1,0.4203999999954249,BACKFILL_AUTO
2026-07-11 14:35:24,1783780524,R_75,54996.5618,1,8.040600000000268,BACKFILL_AUTO
2026-07-11 14:35:26,1783780526,R_75,55003.2049,1,6.643099999993865,BACKFILL_AUTO
2026-07-11 14:35:28,1783780528,R_75,54997.4969,-1,5.707999999998719,BACKFILL_AUTO
2026-07-11 14:35:30,1783780530,R_75,54990.7749,-1,6.722000000001572,BACKFILL_AUTO
2026-07-11 14:35:32,1783780532,R_75,54987.5534,-1,3.2214999999996508,BACKFILL_AUTO
2026-07-11 14:35:34,1783780534,R_75,54980.6212,-1,6.932199999995646,BACKFILL_AUTO
2026-07-11 14:35:36,1783780536,R_75,54969.3196,-1,11.30159999999887,BACKFILL_AUTO
2026-07-11 14:35:38,1783780538,R_75,54982.2034,1,12.883799999995972,BACKFILL_AUTO
2026-07-11 14:35:40,1783780540,R_75,54975.4673,-1,6.736100000001898,BACKFILL_AUTO
2026-07-11 14:35:42,1783780542,R_75,54987.2504,1,11.783100000000559,BACKFILL_AUTO
2026-07-11 14:35:44,1783780544,R_75,54995.2511,1,8.000700000004144,BACKFILL_AUTO
2026-07-11 14:35:46,1783780546,R_75,55015.8884,1,20.637300000002142,BACKFILL_AUTO
2026-07-11 14:35:48,1783780548,R_75,55015.3363,-1,0.5521000000007916,BACKFILL_AUTO
2026-07-11 14:35:50,1783780550,R_75,55005.2396,-1,10.096700000001874,BACKFILL_AUTO
2026-07-11 14:35:52,1783780552,R_75,55002.679,-1,2.5606000000043423,BACKFILL_AUTO
2026-07-11 14:35:54,1783780554,R_75,54988.3965,-1,14.282499999993888,BACKFILL_AUTO
2026-07-11 14:35:56,1783780556,R_75,54990.8271,1,2.4305999999996857,BACKFILL_AUTO
2026-07-11 14:35:58,1783780558,R_75,54987.3548,-1,3.472300000001269,BACKFILL_AUTO
2026-07-11 14:36:00,1783780560,R_75,54991.9522,1,4.597399999998743,BACKFILL_AUTO
2026-07-11 14:36:02,1783780562,R_75,55014.5242,1,22.572000000000116,BACKFILL_AUTO
2026-07-11 14:36:04,1783780564,R_75,55012.9293,-1,1.5948999999964144,BACKFILL_AUTO
2026-07-11 14:36:06,1783780566,R_75,55005.9139,-1,7.015400000003865,BACKFILL_AUTO
2026-07-11 14:36:08,1783780568,R_75,55000.4166,-1,5.497300000002724,BACKFILL_AUTO
2026-07-11 14:36:10,1783780570,R_75,55004.1728,1,3.756200000003446,BACKFILL_AUTO
2026-07-11 14:36:12,1783780572,R_75,54996.7331,-1,7.439700000002631,BACKFILL_AUTO
2026-07-11 14:36:14,1783780574,R_75,54995.4536,-1,1.279499999996915,BACKFILL_AUTO
2026-07-11 14:36:16,1783780576,R_75,54985.8687,-1,9.584900000001653,BACKFILL_AUTO
2026-07-11 14:36:18,1783780578,R_75,54977.7922,-1,8.076499999995576,BACKFILL_AUTO
2026-07-11 14:36:20,1783780580,R_75,54991.3479,1,13.55569999999716,BACKFILL_AUTO
2026-07-11 14:36:22,1783780582,R_75,54996.2756,1,4.927700000000186,BACKFILL_AUTO
2026-07-11 14:36:24,1783780584,R_75,54986.2781,-1,9.997499999997672,BACKFILL_AUTO
2026-07-11 14:36:26,1783780586,R_75,54977.4561,-1,8.822000000000116,BACKFILL_AUTO
2026-07-11 14:36:28,1783780588,R_75,54973.0587,-1,4.397400000001653,BACKFILL_AUTO
2026-07-11 14:36:30,1783780590,R_75,54974.9611,1,1.9023999999990338,BACKFILL_AUTO
2026-07-11 14:36:32,1783780592,R_75,54968.2996,-1,6.661500000001979,BACKFILL_AUTO
2026-07-11 14:36:34,1783780594,R_75,54969.44,1,1.140400000003865,BACKFILL_AUTO
2026-07-11 14:36:36,1783780596,R_75,54967.7191,-1,1.7209000000002561,BACKFILL_AUTO
2026-07-11 14:36:38,1783780598,R_75,54953.3373,-1,14.38180000000284,BACKFILL_AUTO
2026-07-11 14:36:40,1783780600,R_75,54956.6914,1,3.3541000000041095,BACKFILL_AUTO
2026-07-11 14:36:42,1783780602,R_75,54961.1486,1,4.457199999997101,BACKFILL_AUTO
2026-07-11 14:36:44,1783780604,R_75,54964.914,1,3.765399999996589,BACKFILL_AUTO
2026-07-11 14:36:46,1783780606,R_75,54970.5186,1,5.60460000000603,BACKFILL_AUTO
2026-07-11 14:36:48,1783780608,R_75,54967.1752,-1,3.3434000000052038,BACKFILL_AUTO
2026-07-11 14:36:50,1783780610,R_75,54953.7964,-1,13.378799999998591,BACKFILL_AUTO
2026-07-11 14:36:52,1783780612,R_75,54943.1321,-1,10.664299999996729,BACKFILL_AUTO
2026-07-11 14:36:54,1783780614,R_75,54930.6642,-1,12.467900000003283,BACKFILL_AUTO
2026-07-11 14:36:56,1783780616,R_75,54944.0551,1,13.39089999999851,BACKFILL_AUTO
2026-07-11 14:36:58,1783780618,R_75,54923.9316,-1,20.123499999994237,BACKFILL_AUTO
2026-07-11 14:37:00,1783780620,R_75,54919.6984,-1,4.233200000002398,BACKFILL_AUTO
2026-07-11 14:37:02,1783780622,R_75,54923.5257,1,3.8272999999971944,BACKFILL_AUTO
2026-07-11 14:37:04,1783780624,R_75,54937.2471,1,13.721400000002177,BACKFILL_AUTO
2026-07-11 14:37:06,1783780626,R_75,54948.4669,1,11.21979999999894,BACKFILL_AUTO
2026-07-11 14:37:08,1783780628,R_75,54950.4476,1,1.9807000000000698,BACKFILL_AUTO
2026-07-11 14:37:10,1783780630,R_75,54937.7026,-1,12.74500000000262,BACKFILL_AUTO
2026-07-11 14:37:12,1783780632,R_75,54950.9558,1,13.253200000006473,BACKFILL_AUTO
2026-07-11 14:37:14,1783780634,R_75,54964.6917,1,13.735899999999674,BACKFILL_AUTO
2026-07-11 14:37:16,1783780636,R_75,54979.5183,1,14.826600000000326,BACKFILL_AUTO
2026-07-11 14:37:18,1783780638,R_75,54972.3661,-1,7.152200000004086,BACKFILL_AUTO
2026-07-11 14:37:20,1783780640,R_75,54962.7736,-1,9.592499999998836,BACKFILL_AUTO
2026-07-11 14:37:22,1783780642,R_75,54956.5491,-1,6.2245000000039,BACKFILL_AUTO
2026-07-11 14:37:24,1783780644,R_75,54960.0968,1,3.5477000000028056,BACKFILL_AUTO
2026-07-11 14:37:26,1783780646,R_75,54952.5601,-1,7.536699999996927,BACKFILL_AUTO
2026-07-11 14:37:28,1783780648,R_75,54967.1762,1,14.616099999999278,BACKFILL_AUTO
2026-07-11 14:37:30,1783780650,R_75,54956.4198,-1,10.756399999998393,BACKFILL_AUTO
2026-07-11 14:37:32,1783780652,R_75,54946.965,-1,9.454800000006799,BACKFILL_AUTO
2026-07-11 14:37:34,1783780654,R_75,54954.7753,1,7.810300000004645,BACKFILL_AUTO
2026-07-11 14:37:36,1783780656,R_75,54945.0733,-1,9.702000000004773,BACKFILL_AUTO
2026-07-11 14:37:38,1783780658,R_75,54938.6005,-1,6.472799999995914,BACKFILL_AUTO
2026-07-11 14:37:40,1783780660,R_75,54932.9726,-1,5.627899999999499,BACKFILL_AUTO
2026-07-11 14:37:42,1783780662,R_75,54920.4903,-1,12.482300000003306,BACKFILL_AUTO
2026-07-11 14:37:44,1783780664,R_75,54926.8472,1,6.356899999998859,BACKFILL_AUTO
2026-07-11 14:37:46,1783780666,R_75,54913.2554,-1,13.591799999994691,BACKFILL_AUTO
2026-07-11 14:37:48,1783780668,R_75,54931.899,1,18.643599999995786,BACKFILL_AUTO
2026-07-11 14:37:50,1783780670,R_75,54936.7544,1,4.8554000000003725,BACKFILL_AUTO
2026-07-11 14:37:52,1783780672,R_75,54936.0341,-1,0.7203000000008615,BACKFILL_AUTO
2026-07-11 14:37:54,1783780674,R_75,54935.7468,-1,0.2872999999963213,BACKFILL_AUTO
2026-07-11 14:37:56,1783780676,R_75,54950.3792,1,14.632400000002235,BACKFILL_AUTO
2026-07-11 14:37:58,1783780678,R_75,54946.6775,-1,3.7017000000050757,BACKFILL_AUTO
2026-07-11 14:38:00,1783780680,R_75,54954.3825,1,7.705000000001746,BACKFILL_AUTO
2026-07-11 14:38:02,1783780682,R_75,54955.8329,1,1.4504000000015367,BACKFILL_AUTO
2026-07-11 14:38:04,1783780684,R_75,54970.964,1,15.131099999998696,BACKFILL_AUTO
2026-07-11 14:38:06,1783780686,R_75,54968.3979,-1,2.566099999996368,BACKFILL_AUTO
2026-07-11 14:38:08,1783780688,R_75,54958.8309,-1,9.567000000002736,BACKFILL_AUTO
2026-07-11 14:38:10,1783780690,R_75,54949.5469,-1,9.28399999999965,BACKFILL_AUTO
2026-07-11 14:38:12,1783780692,R_75,54925.4177,-1,24.12920000000304,BACKFILL_AUTO
2026-07-11 14:38:14,1783780694,R_75,54940.6793,1,15.261600000005274,BACKFILL_AUTO
2026-07-11 14:38:16,1783780696,R_75,54937.5446,-1,3.13470000000234,BACKFILL_AUTO
2026-07-11 14:38:18,1783780698,R_75,54952.2203,1,14.675699999999779,BACKFILL_AUTO
2026-07-11 14:38:20,1783780700,R_75,54961.5207,1,9.300400000000081,BACKFILL_AUTO
2026-07-11 14:38:22,1783780702,R_75,54955.3552,-1,6.165500000002794,BACKFILL_AUTO
2026-07-11 14:38:24,1783780704,R_75,54951.154,-1,4.201199999995879,BACKFILL_AUTO
2026-07-11 14:38:26,1783780706,R_75,54964.2095,1,13.055499999994936,BACKFILL_AUTO
2026-07-11 14:38:28,1783780708,R_75,54968.4609,1,4.251400000001013,BACKFILL_AUTO
2026-07-11 14:38:30,1783780710,R_75,54967.9579,-1,0.5029999999969732,BACKFILL_AUTO
2026-07-11 14:38:32,1783780712,R_75,54979.9704,1,12.01249999999709,BACKFILL_AUTO
2026-07-11 14:38:34,1783780714,R_75,54969.1951,-1,10.775300000001153,BACKFILL_AUTO
2026-07-11 14:38:36,1783780716,R_75,54969.5089,1,0.313800000003539,BACKFILL_AUTO
2026-07-11 14:38:38,1783780718,R_75,54975.2904,1,5.7814999999973224,BACKFILL_AUTO
2026-07-11 14:38:40,1783780720,R_75,54987.2251,1,11.93470000000525,BACKFILL_AUTO
2026-07-11 14:38:42,1783780722,R_75,54989.0804,1,1.8552999999956228,BACKFILL_AUTO
2026-07-11 14:38:44,1783780724,R_75,54972.5247,-1,16.55569999999716,BACKFILL_AUTO
2026-07-11 14:38:46,1783780726,R_75,54970.7307,-1,1.794000000001688,BACKFILL_AUTO
2026-07-11 14:38:48,1783780728,R_75,54982.0871,1,11.356399999996938,BACKFILL_AUTO
2026-07-11 14:38:50,1783780730,R_75,54990.3966,1,8.309500000003027,BACKFILL_AUTO
2026-07-11 14:38:52,1783780732,R_75,54981.4744,-1,8.922200000000885,BACKFILL_AUTO
2026-07-11 14:38:54,1783780734,R_75,54969.2333,-1,12.241099999999278,BACKFILL_AUTO
2026-07-11 14:38:56,1783780736,R_75,54977.4637,1,8.230400000000373,BACKFILL_AUTO
2026-07-11 14:38:58,1783780738,R_75,54968.6854,-1,8.778299999998126,BACKFILL_AUTO
2026-07-11 14:39:00,1783780740,R_75,54974.2312,1,5.545799999999872,BACKFILL_AUTO
2026-07-11 14:39:02,1783780742,R_75,54974.5246,1,0.2933999999950174,BACKFILL_AUTO
2026-07-11 14:39:04,1783780744,R_75,54990.0252,1,15.500599999999395,BACKFILL_AUTO
2026-07-11 14:39:06,1783780746,R_75,54989.1828,-1,0.8423999999940861,BACKFILL_AUTO
2026-07-11 14:39:08,1783780748,R_75,54986.9071,-1,2.2757000000055996,BACKFILL_AUTO
2026-07-11 14:39:10,1783780750,R_75,54997.5599,1,10.65280000000348,BACKFILL_AUTO
2026-07-11 14:39:12,1783780752,R_75,55009.2573,1,11.697399999997288,BACKFILL_AUTO
2026-07-11 14:39:14,1783780754,R_75,55011.5251,1,2.2678000000014435,BACKFILL_AUTO
2026-07-11 14:39:16,1783780756,R_75,55016.2102,1,4.685100000002421,BACKFILL_AUTO
2026-07-11 14:39:18,1783780758,R_75,55030.0686,1,13.858399999997346,BACKFILL_AUTO
2026-07-11 14:39:20,1783780760,R_75,55042.1093,1,12.040699999997742,BACKFILL_AUTO
2026-07-11 14:39:22,1783780762,R_75,55051.08,1,8.970700000005309,BACKFILL_AUTO
2026-07-11 14:39:24,1783780764,R_75,55053.1421,1,2.062099999995553,BACKFILL_AUTO
2026-07-11 14:39:26,1783780766,R_75,55056.5201,1,3.378000000004249,BACKFILL_AUTO
2026-07-11 14:39:28,1783780768,R_75,55052.6994,-1,3.8207000000038533,BACKFILL_AUTO
2026-07-11 14:39:30,1783780770,R_75,55073.6736,1,20.974200000004203,BACKFILL_AUTO
2026-07-11 14:39:32,1783780772,R_75,55066.6565,-1,7.017100000004575,BACKFILL_AUTO
2026-07-11 14:39:34,1783780774,R_75,55060.1806,-1,6.475899999997637,BACKFILL_AUTO
2026-07-11 14:39:36,1783780776,R_75,55072.2318,1,12.0512000000017,BACKFILL_AUTO
2026-07-11 14:39:38,1783780778,R_75,55067.58,-1,4.651799999999639,BACKFILL_AUTO
2026-07-11 14:39:40,1783780780,R_75,55058.2154,-1,9.364600000000792,BACKFILL_AUTO
2026-07-11 14:39:42,1783780782,R_75,55068.3468,1,10.131399999998393,BACKFILL_AUTO
2026-07-11 14:39:44,1783780784,R_75,55077.9381,1,9.591300000000047,BACKFILL_AUTO
2026-07-11 14:39:46,1783780786,R_75,55072.7589,-1,5.179199999998673,BACKFILL_AUTO
2026-07-11 14:39:48,1783780788,R_75,55069.5593,-1,3.1995999999999185,BACKFILL_AUTO
2026-07-11 14:39:50,1783780790,R_75,55066.1568,-1,3.4025000000037835,BACKFILL_AUTO
2026-07-11 14:39:52,1783780792,R_75,55067.2212,1,1.0644000000029337,BACKFILL_AUTO
2026-07-11 14:39:54,1783780794,R_75,55070.8518,1,3.6305999999967753,BACKFILL_AUTO
2026-07-11 14:39:56,1783780796,R_75,55067.257,-1,3.5947999999989406,BACKFILL_AUTO
2026-07-11 14:39:58,1783780798,R_75,55076.0426,1,8.785600000002887,BACKFILL_AUTO
2026-07-11 14:40:00,1783780800,R_75,55086.7866,1,10.743999999998778,BACKFILL_AUTO
2026-07-11 14:40:02,1783780802,R_75,55089.6193,1,2.832699999999022,BACKFILL_AUTO
2026-07-11 14:40:04,1783780804,R_75,55105.1187,1,15.499400000000605,BACKFILL_AUTO
2026-07-11 14:40:06,1783780806,R_75,55090.0726,-1,15.04609999999957,BACKFILL_AUTO
2026-07-11 14:40:08,1783780808,R_75,55095.7475,1,5.674899999998161,BACKFILL_AUTO
2026-07-11 14:40:10,1783780810,R_75,55088.6745,-1,7.072999999996682,BACKFILL_AUTO
2026-07-11 14:40:12,1783780812,R_75,55078.2727,-1,10.40179999999964,BACKFILL_AUTO
2026-07-11 14:40:14,1783780814,R_75,55088.5269,1,10.254199999995762,BACKFILL_AUTO
2026-07-11 14:40:16,1783780816,R_75,55087.0185,-1,1.508399999998801,BACKFILL_AUTO
2026-07-11 14:40:18,1783780818,R_75,55088.5918,1,1.5733000000036554,BACKFILL_AUTO
2026-07-11 14:40:20,1783780820,R_75,55082.9149,-1,5.676899999998568,BACKFILL_AUTO
2026-07-11 14:40:22,1783780822,R_75,55079.9612,-1,2.953700000005483,BACKFILL_AUTO
2026-07-11 14:40:24,1783780824,R_75,55062.8897,-1,17.071499999998196,BACKFILL_AUTO
2026-07-11 14:40:26,1783780826,R_75,55044.5904,-1,18.299299999998766,BACKFILL_AUTO
2026-07-11 14:40:28,1783780828,R_75,55053.2845,1,8.694100000000617,BACKFILL_AUTO
2026-07-11 14:40:30,1783780830,R_75,55090.35,1,37.06549999999697,BACKFILL_AUTO
2026-07-11 14:40:32,1783780832,R_75,55112.5662,1,22.216200000002573,BACKFILL_AUTO
2026-07-11 14:40:34,1783780834,R_75,55104.8948,-1,7.671399999999267,BACKFILL_AUTO
2026-07-11 14:40:36,1783780836,R_75,55094.3685,-1,10.526300000004994,BACKFILL_AUTO
2026-07-11 14:40:38,1783780838,R_75,55072.9825,-1,21.385999999998603,BACKFILL_AUTO
2026-07-11 14:40:40,1783780840,R_75,55086.4333,1,13.450799999998708,BACKFILL_AUTO
2026-07-11 14:40:42,1783780842,R_75,55086.9927,1,0.559400000005553,BACKFILL_AUTO
2026-07-11 14:40:44,1783780844,R_75,55094.7891,1,7.796399999999267,BACKFILL_AUTO
2026-07-11 14:40:46,1783780846,R_75,55091.7989,-1,2.9902000000001863,BACKFILL_AUTO
2026-07-11 14:40:48,1783780848,R_75,55080.7867,-1,11.012200000004668,BACKFILL_AUTO
2026-07-11 14:40:50,1783780850,R_75,55067.0332,-1,13.753499999998894,BACKFILL_AUTO
2026-07-11 14:40:52,1783780852,R_75,55088.9781,1,21.944900000002235,BACKFILL_AUTO
2026-07-11 14:40:54,1783780854,R_75,55093.1523,1,4.174200000001292,BACKFILL_AUTO
2026-07-11 14:40:56,1783780856,R_75,55092.0739,-1,1.0783999999985099,BACKFILL_AUTO
2026-07-11 14:40:58,1783780858,R_75,55100.1598,1,8.085899999998219,BACKFILL_AUTO
2026-07-11 14:41:00,1783780860,R_75,55098.5295,-1,1.630300000004354,BACKFILL_AUTO
2026-07-11 14:41:02,1783780862,R_75,55094.4804,-1,4.0490999999965425,BACKFILL_AUTO
2026-07-11 14:41:04,1783780864,R_75,55088.5183,-1,5.962099999997008,BACKFILL_AUTO
2026-07-11 14:41:06,1783780866,R_75,55090.585,1,2.0666999999957625,BACKFILL_AUTO
2026-07-11 14:41:08,1783780868,R_75,55105.6295,1,15.044500000003609,BACKFILL_AUTO
2026-07-11 14:41:10,1783780870,R_75,55116.5211,1,10.891599999995378,BACKFILL_AUTO
2026-07-11 14:41:12,1783780872,R_75,55114.2178,-1,2.303299999999581,BACKFILL_AUTO
2026-07-11 14:41:14,1783780874,R_75,55122.263,1,8.045200000000477,BACKFILL_AUTO
2026-07-11 14:41:16,1783780876,R_75,55116.555,-1,5.707999999998719,BACKFILL_AUTO
2026-07-11 14:41:18,1783780878,R_75,55102.5171,-1,14.037900000002992,BACKFILL_AUTO
2026-07-11 14:41:20,1783780880,R_75,55113.516,1,10.99890000000596,BACKFILL_AUTO
2026-07-11 14:41:22,1783780882,R_75,55111.9558,-1,1.5601999999998952,BACKFILL_AUTO
2026-07-11 14:41:24,1783780884,R_75,55113.0887,1,1.13289999999688,BACKFILL_AUTO
2026-07-11 14:41:26,1783780886,R_75,55110.1138,-1,2.974900000001071,BACKFILL_AUTO
2026-07-11 14:41:28,1783780888,R_75,55107.6101,-1,2.5037000000011176,BACKFILL_AUTO
2026-07-11 14:41:30,1783780890,R_75,55100.3628,-1,7.247299999995448,BACKFILL_AUTO
2026-07-11 14:41:32,1783780892,R_75,55100.9551,1,0.5922999999966123,BACKFILL_AUTO
2026-07-11 14:41:34,1783780894,R_75,55104.9156,1,3.9605000000010477,BACKFILL_AUTO
2026-07-11 14:41:36,1783780896,R_75,55081.9228,-1,22.99279999999999,BACKFILL_AUTO
2026-07-11 14:41:38,1783780898,R_75,55078.0553,-1,3.867500000000291,BACKFILL_AUTO
2026-07-11 14:41:40,1783780900,R_75,55077.3198,-1,0.7355000000025029,BACKFILL_AUTO
2026-07-11 14:41:42,1783780902,R_75,55067.1319,-1,10.187899999997171,BACKFILL_AUTO
2026-07-11 14:41:44,1783780904,R_75,55060.1635,-1,6.968399999997928,BACKFILL_AUTO
2026-07-11 14:41:46,1783780906,R_75,55060.7844,1,0.6208999999944353,BACKFILL_AUTO
2026-07-11 14:41:48,1783780908,R_75,55051.2906,-1,9.493799999996554,BACKFILL_AUTO
2026-07-11 14:41:50,1783780910,R_75,55043.2966,-1,7.993999999998778,BACKFILL_AUTO
2026-07-11 14:41:52,1783780912,R_75,55051.8073,1,8.510699999998906,BACKFILL_AUTO
2026-07-11 14:41:54,1783780914,R_75,55035.912,-1,15.895300000003772,BACKFILL_AUTO
2026-07-11 14:41:56,1783780916,R_75,55038.9363,1,3.0243000000045868,BACKFILL_AUTO
2026-07-11 14:41:58,1783780918,R_75,55066.0003,1,27.063999999998487,BACKFILL_AUTO
2026-07-11 14:42:00,1783780920,R_75,55060.1972,-1,5.803099999997357,BACKFILL_AUTO
2026-07-11 14:42:02,1783780922,R_75,55060.1133,-1,0.08390000000508735,BACKFILL_AUTO
2026-07-11 14:42:04,1783780924,R_75,55052.1914,-1,7.9218999999939115,BACKFILL_AUTO
2026-07-11 14:42:06,1783780926,R_75,55036.292,-1,15.89940000000206,BACKFILL_AUTO
2026-07-11 14:42:08,1783780928,R_75,55033.7222,-1,2.5698000000047614,BACKFILL_AUTO
2026-07-11 14:42:10,1783780930,R_75,55030.0129,-1,3.7092999999949825,BACKFILL_AUTO
2026-07-11 14:42:12,1783780932,R_75,55026.6298,-1,3.3830999999991036,BACKFILL_AUTO
2026-07-11 14:42:14,1783780934,R_75,55027.8601,1,1.2302999999956228,BACKFILL_AUTO
2026-07-11 14:42:16,1783780936,R_75,55032.4476,1,4.587500000001455,BACKFILL_AUTO
2026-07-11 14:42:18,1783780938,R_75,55035.8987,1,3.451099999998405,BACKFILL_AUTO
2026-07-11 14:42:20,1783780940,R_75,55053.5686,1,17.66990000000078,BACKFILL_AUTO
2026-07-11 14:42:22,1783780942,R_75,55047.2338,-1,6.334799999996903,BACKFILL_AUTO
2026-07-11 14:42:24,1783780944,R_75,55053.1347,1,5.900900000000547,BACKFILL_AUTO
2026-07-11 14:42:26,1783780946,R_75,55040.8545,-1,12.28020000000106,BACKFILL_AUTO
2026-07-11 14:42:28,1783780948,R_75,55025.2767,-1,15.577799999999115,BACKFILL_AUTO
2026-07-11 14:42:30,1783780950,R_75,55030.956,1,5.679299999996147,BACKFILL_AUTO
2026-07-11 14:42:32,1783780952,R_75,55034.7851,1,3.8291000000026543,BACKFILL_AUTO
2026-07-11 14:42:34,1783780954,R_75,55020.6866,-1,14.098500000000058,BACKFILL_AUTO
2026-07-11 14:42:36,1783780956,R_75,55024.7034,1,4.016799999997602,BACKFILL_AUTO
2026-07-11 14:42:38,1783780958,R_75,55027.2478,1,2.544399999998859,BACKFILL_AUTO
2026-07-11 14:42:40,1783780960,R_75,55024.9155,-1,2.332299999994575,BACKFILL_AUTO
2026-07-11 14:42:42,1783780962,R_75,55032.3562,1,7.440699999999197,BACKFILL_AUTO
2026-07-11 14:42:44,1783780964,R_75,55036.6744,1,4.318200000001525,BACKFILL_AUTO
2026-07-11 14:42:46,1783780966,R_75,55027.8924,-1,8.78200000000652,BACKFILL_AUTO
2026-07-11 14:42:48,1783780968,R_75,55022.1001,-1,5.792299999993702,BACKFILL_AUTO
2026-07-11 14:42:50,1783780970,R_75,55024.7654,1,2.6652999999932945,BACKFILL_AUTO
2026-07-11 14:42:52,1783780972,R_75,55022.4028,-1,2.362599999993108,BACKFILL_AUTO
2026-07-11 14:42:54,1783780974,R_75,55036.0038,1,13.60099999999511,BACKFILL_AUTO
2026-07-11 14:42:56,1783780976,R_75,55033.8105,-1,2.193299999998999,BACKFILL_AUTO
2026-07-11 14:42:58,1783780978,R_75,55034.1432,1,0.3326999999990221,BACKFILL_AUTO
2026-07-11 14:43:00,1783780980,R_75,55037.7641,1,3.6209000000017113,BACKFILL_AUTO
2026-07-11 14:43:02,1783780982,R_75,55042.4623,1,4.698199999998906,BACKFILL_AUTO
2026-07-11 14:43:04,1783780984,R_75,55059.4357,1,16.973400000002584,BACKFILL_AUTO
2026-07-11 14:43:06,1783780986,R_75,55046.7035,-1,12.732199999998556,BACKFILL_AUTO
2026-07-11 14:43:08,1783780988,R_75,55058.7271,1,12.023599999993166,BACKFILL_AUTO
2026-07-11 14:43:10,1783780990,R_75,55055.5685,-1,3.1585999999952037,BACKFILL_AUTO
2026-07-11 14:43:12,1783780992,R_75,55078.3637,1,22.795200000000477,BACKFILL_AUTO
2026-07-11 14:43:14,1783780994,R_75,55086.6983,1,8.33459999999468,BACKFILL_AUTO
2026-07-11 14:43:16,1783780996,R_75,55081.5937,-1,5.104599999998754,BACKFILL_AUTO
2026-07-11 14:43:18,1783780998,R_75,55090.5364,1,8.942699999999604,BACKFILL_AUTO
2026-07-11 14:43:20,1783781000,R_75,55096.7109,1,6.1745000000009895,BACKFILL_AUTO
2026-07-11 14:43:22,1783781002,R_75,55087.5834,-1,9.127499999995052,BACKFILL_AUTO
2026-07-11 14:43:24,1783781004,R_75,55090.2414,1,2.657999999995809,BACKFILL_AUTO
2026-07-11 14:43:26,1783781006,R_75,55100.8498,1,10.608400000004622,BACKFILL_AUTO
2026-07-11 14:43:28,1783781008,R_75,55114.2782,1,13.428399999997055,BACKFILL_AUTO
2026-07-11 14:43:30,1783781010,R_75,55118.7995,1,4.521300000000338,BACKFILL_AUTO
2026-07-11 14:43:32,1783781012,R_75,55118.2523,-1,0.5472000000008848,BACKFILL_AUTO
2026-07-11 14:43:34,1783781014,R_75,55134.7253,1,16.472999999998137,BACKFILL_AUTO
2026-07-11 14:43:36,1783781016,R_75,55145.9756,1,11.250299999999697,BACKFILL_AUTO
2026-07-11 14:43:38,1783781018,R_75,55144.7003,-1,1.2753000000011525,BACKFILL_AUTO
2026-07-11 14:43:40,1783781020,R_75,55133.3589,-1,11.34139999999752,BACKFILL_AUTO
2026-07-11 14:43:42,1783781022,R_75,55119.6792,-1,13.679700000000594,BACKFILL_AUTO
2026-07-11 14:43:44,1783781024,R_75,55121.2274,1,1.5482000000047265,BACKFILL_AUTO
2026-07-11 14:43:46,1783781026,R_75,55120.8153,-1,0.4121000000013737,BACKFILL_AUTO
2026-07-11 14:43:48,1783781028,R_75,55121.3698,1,0.5544999999983702,BACKFILL_AUTO
2026-07-11 14:43:50,1783781030,R_75,55116.5065,-1,4.863299999997253,BACKFILL_AUTO
2026-07-11 14:43:52,1783781032,R_75,55115.5393,-1,0.9672000000064145,BACKFILL_AUTO
2026-07-11 14:43:54,1783781034,R_75,55122.505,1,6.965700000000652,BACKFILL_AUTO
2026-07-11 14:43:56,1783781036,R_75,55122.2818,-1,0.2232000000003609,BACKFILL_AUTO
2026-07-11 14:43:58,1783781038,R_75,55140.1531,1,17.87130000000616,BACKFILL_AUTO
2026-07-11 14:44:00,1783781040,R_75,55146.6662,1,6.513099999996484,BACKFILL_AUTO
2026-07-11 14:44:02,1783781042,R_75,55146.7068,1,0.040600000000267755,BACKFILL_AUTO
2026-07-11 14:44:04,1783781044,R_75,55122.6787,-1,24.028100000003178,BACKFILL_AUTO
2026-07-11 14:44:06,1783781046,R_75,55119.6415,-1,3.0371999999988475,BACKFILL_AUTO
2026-07-11 14:44:08,1783781048,R_75,55121.4352,1,1.7937000000019907,BACKFILL_AUTO
2026-07-11 14:44:10,1783781050,R_75,55119.4424,-1,1.9927999999999884,BACKFILL_AUTO
2026-07-11 14:44:12,1783781052,R_75,55128.9936,1,9.5512000000017,BACKFILL_AUTO
2026-07-11 14:44:14,1783781054,R_75,55142.1204,1,13.126799999998184,BACKFILL_AUTO
2026-07-11 14:44:16,1783781056,R_75,55140.877,-1,1.243399999999383,BACKFILL_AUTO
2026-07-11 14:44:18,1783781058,R_75,55144.2323,1,3.3553000000028987,BACKFILL_AUTO
2026-07-11 14:44:20,1783781060,R_75,55142.029,-1,2.203300000001036,BACKFILL_AUTO
2026-07-11 14:44:22,1783781062,R_75,55141.7054,-1,0.32360000000335276,BACKFILL_AUTO
2026-07-11 14:44:24,1783781064,R_75,55160.6812,1,18.975800000000163,BACKFILL_AUTO
2026-07-11 14:44:26,1783781066,R_75,55148.3696,-1,12.311600000000908,BACKFILL_AUTO
2026-07-11 14:44:28,1783781068,R_75,55140.9269,-1,7.442699999999604,BACKFILL_AUTO
2026-07-11 14:44:30,1783781070,R_75,55134.3663,-1,6.560599999997066,BACKFILL_AUTO
2026-07-11 14:44:32,1783781072,R_75,55145.4882,1,11.121899999998277,BACKFILL_AUTO
2026-07-11 14:44:34,1783781074,R_75,55140.6244,-1,4.8637999999991735,BACKFILL_AUTO
2026-07-11 14:44:36,1783781076,R_75,55130.1318,-1,10.492599999997765,BACKFILL_AUTO
2026-07-11 14:44:38,1783781078,R_75,55142.5467,1,12.414899999996123,BACKFILL_AUTO
2026-07-11 14:44:40,1783781080,R_75,55167.7079,1,25.16120000000228,BACKFILL_AUTO
2026-07-11 14:44:42,1783781082,R_75,55155.7753,-1,11.932600000000093,BACKFILL_AUTO
2026-07-11 14:44:44,1783781084,R_75,55152.6445,-1,3.130799999998999,BACKFILL_AUTO
2026-07-11 14:44:46,1783781086,R_75,55155.339,1,2.694499999997788,BACKFILL_AUTO
2026-07-11 14:44:48,1783781088,R_75,55150.2793,-1,5.059699999997974,BACKFILL_AUTO
2026-07-11 14:44:50,1783781090,R_75,55157.3447,1,7.065399999999499,BACKFILL_AUTO
2026-07-11 14:44:52,1783781092,R_75,55158.18,1,0.8352999999988242,BACKFILL_AUTO
2026-07-11 14:44:54,1783781094,R_75,55169.7299,1,11.54989999999816,BACKFILL_AUTO
2026-07-11 14:44:56,1783781096,R_75,55185.082,1,15.352100000003702,BACKFILL_AUTO
2026-07-11 14:44:58,1783781098,R_75,55195.5724,1,10.490399999995134,BACKFILL_AUTO
2026-07-11 14:45:00,1783781100,R_75,55195.8671,1,0.2947000000058324,BACKFILL_AUTO
2026-07-11 14:45:02,1783781102,R_75,55189.1468,-1,6.7203000000008615,BACKFILL_AUTO
2026-07-11 14:45:04,1783781104,R_75,55196.7649,1,7.618099999999686,BACKFILL_AUTO
2026-07-11 14:45:06,1783781106,R_75,55202.2367,1,5.471799999999348,BACKFILL_AUTO
2026-07-11 14:45:08,1783781108,R_75,55205.8392,1,3.602500000000873,BACKFILL_AUTO
2026-07-11 14:45:10,1783781110,R_75,55201.7168,-1,4.122400000000198,BACKFILL_AUTO
2026-07-11 14:45:12,1783781112,R_75,55202.0313,1,0.31450000000040745,BACKFILL_AUTO
2026-07-11 14:45:14,1783781114,R_75,55199.9286,-1,2.1027000000030966,BACKFILL_AUTO
2026-07-11 14:45:16,1783781116,R_75,55211.6528,1,11.724200000004203,BACKFILL_AUTO
2026-07-11 14:45:18,1783781118,R_75,55209.6086,-1,2.0442000000039116,BACKFILL_AUTO
2026-07-11 14:45:20,1783781120,R_75,55215.0839,1,5.475299999998242,BACKFILL_AUTO
2026-07-11 14:45:22,1783781122,R_75,55218.0726,1,2.9887000000016997,BACKFILL_AUTO
2026-07-11 14:45:24,1783781124,R_75,55228.6559,1,10.583299999998417,BACKFILL_AUTO
2026-07-11 14:45:26,1783781126,R_75,55222.3949,-1,6.260999999998603,BACKFILL_AUTO
2026-07-11 14:45:28,1783781128,R_75,55221.1611,-1,1.2338000000017928,BACKFILL_AUTO
2026-07-11 14:45:30,1783781130,R_75,55227.0043,1,5.84320000000298,BACKFILL_AUTO
2026-07-11 14:45:32,1783781132,R_75,55222.2242,-1,4.780100000003586,BACKFILL_AUTO
2026-07-11 14:45:34,1783781134,R_75,55232.8842,1,10.660000000003492,BACKFILL_AUTO
2026-07-11 14:45:36,1783781136,R_75,55231.5712,-1,1.3130000000019209,BACKFILL_AUTO
2026-07-11 14:45:38,1783781138,R_75,55226.8724,-1,4.6987999999983,BACKFILL_AUTO
2026-07-11 14:45:40,1783781140,R_75,55232.3417,1,5.46929999999702,BACKFILL_AUTO
2026-07-11 14:45:42,1783781142,R_75,55220.6299,-1,11.71179999999731,BACKFILL_AUTO
2026-07-11 14:45:44,1783781144,R_75,55210.0214,-1,10.608500000002095,BACKFILL_AUTO
2026-07-11 14:45:46,1783781146,R_75,55217.8863,1,7.864900000000489,BACKFILL_AUTO
2026-07-11 14:45:48,1783781148,R_75,55215.1929,-1,2.6933999999964726,BACKFILL_AUTO
2026-07-11 14:45:50,1783781150,R_75,55218.7254,1,3.532500000001164,BACKFILL_AUTO
2026-07-11 14:45:52,1783781152,R_75,55205.3904,-1,13.335000000006403,BACKFILL_AUTO
2026-07-11 14:45:54,1783781154,R_75,55197.8124,-1,7.577999999994063,BACKFILL_AUTO
2026-07-11 14:45:56,1783781156,R_75,55191.7854,-1,6.027000000001863,BACKFILL_AUTO
2026-07-11 14:45:58,1783781158,R_75,55180.5074,-1,11.277999999998428,BACKFILL_AUTO
2026-07-11 14:46:00,1783781160,R_75,55178.9911,-1,1.516300000002957,BACKFILL_AUTO
2026-07-11 14:46:02,1783781162,R_75,55179.0677,1,0.07660000000032596,BACKFILL_AUTO
2026-07-11 14:46:04,1783781164,R_75,55184.4708,1,5.403100000003178,BACKFILL_AUTO
2026-07-11 14:46:06,1783781166,R_75,55173.6271,-1,10.843700000004901,BACKFILL_AUTO
2026-07-11 14:46:08,1783781168,R_75,55181.6857,1,8.058600000003935,BACKFILL_AUTO
2026-07-11 14:46:10,1783781170,R_75,55186.6723,1,4.9865999999965425,BACKFILL_AUTO
2026-07-11 14:46:12,1783781172,R_75,55183.0893,-1,3.5829999999987194,BACKFILL_AUTO
2026-07-11 14:46:14,1783781174,R_75,55188.314,1,5.2246999999988475,BACKFILL_AUTO
2026-07-11 14:46:16,1783781176,R_75,55185.874,-1,2.4399999999950523,BACKFILL_AUTO
2026-07-11 14:46:18,1783781178,R_75,55187.6605,1,1.786499999994703,BACKFILL_AUTO
2026-07-11 14:46:20,1783781180,R_75,55197.6873,1,10.02679999999964,BACKFILL_AUTO
2026-07-11 14:46:22,1783781182,R_75,55208.2984,1,10.611100000001898,BACKFILL_AUTO
2026-07-11 14:46:24,1783781184,R_75,55194.0725,-1,14.225899999997637,BACKFILL_AUTO
2026-07-11 14:46:26,1783781186,R_75,55169.3344,-1,24.738100000002305,BACKFILL_AUTO
2026-07-11 14:46:28,1783781188,R_75,55167.1269,-1,2.2074999999967986,BACKFILL_AUTO
2026-07-11 14:46:30,1783781190,R_75,55176.1788,1,9.051899999998568,BACKFILL_AUTO
2026-07-11 14:46:32,1783781192,R_75,55179.7605,1,3.5816999999951804,BACKFILL_AUTO
2026-07-11 14:46:34,1783781194,R_75,55174.0443,-1,5.716199999995297,BACKFILL_AUTO
2026-07-11 14:46:36,1783781196,R_75,55153.5023,-1,20.54200000000128,BACKFILL_AUTO
2026-07-11 14:46:38,1783781198,R_75,55151.3819,-1,2.1203999999997905,BACKFILL_AUTO
2026-07-11 14:46:40,1783781200,R_75,55156.109,1,4.727099999996426,BACKFILL_AUTO
2026-07-11 14:46:42,1783781202,R_75,55175.1858,1,19.07680000000255,BACKFILL_AUTO
2026-07-11 14:46:44,1783781204,R_75,55172.7748,-1,2.411000000000058,BACKFILL_AUTO
2026-07-11 14:46:46,1783781206,R_75,55174.4419,1,1.6670999999987544,BACKFILL_AUTO
2026-07-11 14:46:48,1783781208,R_75,55172.9869,-1,1.4549999999944703,BACKFILL_AUTO
2026-07-11 14:46:50,1783781210,R_75,55151.3414,-1,21.645500000005995,BACKFILL_AUTO
2026-07-11 14:46:52,1783781212,R_75,55162.2337,1,10.892299999999523,BACKFILL_AUTO
2026-07-11 14:46:54,1783781214,R_75,55154.2274,-1,8.006299999993644,BACKFILL_AUTO
2026-07-11 14:46:56,1783781216,R_75,55166.4976,1,12.270199999999022,BACKFILL_AUTO
2026-07-11 14:46:58,1783781218,R_75,55163.3798,-1,3.1177999999999884,BACKFILL_AUTO
2026-07-11 14:47:00,1783781220,R_75,55156.2463,-1,7.133500000003551,BACKFILL_AUTO
2026-07-11 14:47:02,1783781222,R_75,55152.1543,-1,4.091999999996915,BACKFILL_AUTO
2026-07-11 14:47:04,1783781224,R_75,55161.1838,1,9.029499999996915,BACKFILL_AUTO
2026-07-11 14:47:06,1783781226,R_75,55165.1105,1,3.9267000000036205,BACKFILL_AUTO
2026-07-11 14:47:08,1783781228,R_75,55152.9375,-1,12.173000000002503,BACKFILL_AUTO
2026-07-11 14:47:10,1783781230,R_75,55151.2478,-1,1.689700000002631,BACKFILL_AUTO
2026-07-11 14:47:12,1783781232,R_75,55150.1932,-1,1.054599999995844,BACKFILL_AUTO
2026-07-11 14:47:14,1783781234,R_75,55150.7824,1,0.5891999999948894,BACKFILL_AUTO
2026-07-11 14:47:16,1783781236,R_75,55132.3382,-1,18.44419999999809,BACKFILL_AUTO
2026-07-11 14:47:18,1783781238,R_75,55138.5083,1,6.1701000000030035,BACKFILL_AUTO
2026-07-11 14:47:20,1783781240,R_75,55131.8186,-1,6.689700000002631,BACKFILL_AUTO
2026-07-11 14:47:22,1783781242,R_75,55120.5251,-1,11.293499999999767,BACKFILL_AUTO
2026-07-11 14:47:24,1783781244,R_75,55111.7806,-1,8.744500000000698,BACKFILL_AUTO
2026-07-11 14:47:26,1783781246,R_75,55115.8132,1,4.032599999998638,BACKFILL_AUTO
2026-07-11 14:47:28,1783781248,R_75,55110.6999,-1,5.113299999997253,BACKFILL_AUTO
2026-07-11 14:47:30,1783781250,R_75,55095.5794,-1,15.120499999997264,BACKFILL_AUTO
2026-07-11 14:47:32,1783781252,R_75,55099.7479,1,4.168499999999767,BACKFILL_AUTO
2026-07-11 14:47:34,1783781254,R_75,55098.8092,-1,0.9386999999987893,BACKFILL_AUTO
2026-07-11 14:47:36,1783781256,R_75,55099.511,1,0.7017999999952735,BACKFILL_AUTO
2026-07-11 14:47:38,1783781258,R_75,55105.684,1,6.173000000002503,BACKFILL_AUTO
2026-07-11 14:47:40,1783781260,R_75,55100.9901,-1,4.6938999999983935,BACKFILL_AUTO
2026-07-11 14:47:42,1783781262,R_75,55095.4043,-1,5.585800000000745,BACKFILL_AUTO
2026-07-11 14:47:44,1783781264,R_75,55097.8336,1,2.4292999999961467,BACKFILL_AUTO
2026-07-11 14:47:46,1783781266,R_75,55092.0155,-1,5.818099999996775,BACKFILL_AUTO
2026-07-11 14:47:48,1783781268,R_75,55077.0301,-1,14.985399999997753,BACKFILL_AUTO
2026-07-11 14:47:50,1783781270,R_75,55080.2397,1,3.20959999999468,BACKFILL_AUTO
2026-07-11 14:47:52,1783781272,R_75,55071.919,-1,8.320699999996577,BACKFILL_AUTO
2026-07-11 14:47:54,1783781274,R_75,55079.9312,1,8.012199999997392,BACKFILL_AUTO
2026-07-11 14:47:56,1783781276,R_75,55091.5596,1,11.62840000000142,BACKFILL_AUTO
2026-07-11 14:47:58,1783781278,R_75,55094.8246,1,3.264999999999418,BACKFILL_AUTO
2026-07-11 14:48:00,1783781280,R_75,55099.4774,1,4.652800000003481,BACKFILL_AUTO
2026-07-11 14:48:02,1783781282,R_75,55088.0445,-1,11.43289999999979,BACKFILL_AUTO
2026-07-11 14:48:04,1783781284,R_75,55092.1863,1,4.141799999997602,BACKFILL_AUTO
2026-07-11 14:48:06,1783781286,R_75,55077.0873,-1,15.099000000001979,BACKFILL_AUTO
2026-07-11 14:48:08,1783781288,R_75,55069.6936,-1,7.3937000000005355,BACKFILL_AUTO
2026-07-11 14:48:10,1783781290,R_75,55089.1085,1,19.4149000000034,BACKFILL_AUTO
2026-07-11 14:48:12,1783781292,R_75,55105.4551,1,16.346599999997125,BACKFILL_AUTO
2026-07-11 14:48:14,1783781294,R_75,55103.0389,-1,2.4161999999996624,BACKFILL_AUTO
2026-07-11 14:48:16,1783781296,R_75,55106.1749,1,3.135999999998603,BACKFILL_AUTO
2026-07-11 14:48:18,1783781298,R_75,55090.6666,-1,15.508300000001327,BACKFILL_AUTO
2026-07-11 14:48:20,1783781300,R_75,55094.449,1,3.7824000000036904,BACKFILL_AUTO
2026-07-11 14:48:22,1783781302,R_75,55109.4593,1,15.010300000001735,BACKFILL_AUTO
2026-07-11 14:48:24,1783781304,R_75,55110.6393,1,1.180000000000291,BACKFILL_AUTO
2026-07-11 14:48:26,1783781306,R_75,55106.396,-1,4.243300000001909,BACKFILL_AUTO
2026-07-11 14:48:28,1783781308,R_75,55109.8781,1,3.4821000000010827,BACKFILL_AUTO
2026-07-11 14:48:30,1783781310,R_75,55108.9198,-1,0.9582999999984168,BACKFILL_AUTO
2026-07-11 14:48:32,1783781312,R_75,55110.9985,1,2.078699999998207,BACKFILL_AUTO
2026-07-11 14:48:34,1783781314,R_75,55093.9883,-1,17.01020000000426,BACKFILL_AUTO
2026-07-11 14:48:36,1783781316,R_75,55093.2876,-1,0.700699999993958,BACKFILL_AUTO
2026-07-11 14:48:38,1783781318,R_75,55095.406,1,2.118399999999383,BACKFILL_AUTO
2026-07-11 14:48:40,1783781320,R_75,55113.3167,1,17.91070000000036,BACKFILL_AUTO
2026-07-11 14:48:42,1783781322,R_75,55099.3893,-1,13.927400000000489,BACKFILL_AUTO
2026-07-11 14:48:44,1783781324,R_75,55094.0049,-1,5.384400000002643,BACKFILL_AUTO
2026-07-11 14:48:46,1783781326,R_75,55092.508,-1,1.496899999998277,BACKFILL_AUTO
2026-07-11 14:48:48,1783781328,R_75,55078.8498,-1,13.658199999998033,BACKFILL_AUTO
2026-07-11 14:48:50,1783781330,R_75,55061.6274,-1,17.22240000000602,BACKFILL_AUTO
2026-07-11 14:48:52,1783781332,R_75,55057.5381,-1,4.089299999999639,BACKFILL_AUTO
2026-07-11 14:48:54,1783781334,R_75,55057.4147,-1,0.12339999999676365,BACKFILL_AUTO
2026-07-11 14:48:56,1783781336,R_75,55037.5531,-1,19.86160000000382,BACKFILL_AUTO
2026-07-11 14:48:58,1783781338,R_75,55039.4069,1,1.8538000000044121,BACKFILL_AUTO
2026-07-11 14:49:00,1783781340,R_75,55030.6519,-1,8.755000000004657,BACKFILL_AUTO
2026-07-11 14:49:02,1783781342,R_75,55030.795,1,0.14310000000114087,BACKFILL_AUTO
2026-07-11 14:49:04,1783781344,R_75,55029.1261,-1,1.6688999999969383,BACKFILL_AUTO
2026-07-11 14:49:06,1783781346,R_75,55037.0519,1,7.925799999997253,BACKFILL_AUTO
2026-07-11 14:49:08,1783781348,R_75,55043.1392,1,6.087299999999232,BACKFILL_AUTO
2026-07-11 14:49:10,1783781350,R_75,55061.6166,1,18.4774000000034,BACKFILL_AUTO
2026-07-11 14:49:12,1783781352,R_75,55069.9698,1,8.353199999997742,BACKFILL_AUTO
2026-07-11 14:49:14,1783781354,R_75,55078.0515,1,8.081700000002456,BACKFILL_AUTO
2026-07-11 14:49:16,1783781356,R_75,55076.2771,-1,1.7744000000020606,BACKFILL_AUTO
2026-07-11 14:49:18,1783781358,R_75,55073.7222,-1,2.5549000000028173,BACKFILL_AUTO
2026-07-11 14:49:20,1783781360,R_75,55093.5915,1,19.86930000000575,BACKFILL_AUTO
2026-07-11 14:49:22,1783781362,R_75,55096.7652,1,3.1736999999993714,BACKFILL_AUTO
2026-07-11 14:49:24,1783781364,R_75,55097.4281,1,0.6628999999957159,BACKFILL_AUTO
2026-07-11 14:49:26,1783781366,R_75,55115.3918,1,17.963700000000244,BACKFILL_AUTO
2026-07-11 14:49:28,1783781368,R_75,55117.3341,1,1.942300000002433,BACKFILL_AUTO
2026-07-11 14:49:30,1783781370,R_75,55117.4656,1,0.1315000000031432,BACKFILL_AUTO
2026-07-11 14:49:32,1783781372,R_75,55122.2832,1,4.817599999994854,BACKFILL_AUTO
2026-07-11 14:49:34,1783781374,R_75,55117.6328,-1,4.650399999998626,BACKFILL_AUTO
2026-07-11 14:49:36,1783781376,R_75,55107.3084,-1,10.324399999997695,BACKFILL_AUTO
2026-07-11 14:49:38,1783781378,R_75,55116.16,1,8.851600000001781,BACKFILL_AUTO
2026-07-11 14:49:40,1783781380,R_75,55130.2942,1,14.134199999993143,BACKFILL_AUTO
2026-07-11 14:49:42,1783781382,R_75,55124.4163,-1,5.877899999999499,BACKFILL_AUTO
2026-07-11 14:49:44,1783781384,R_75,55120.9743,-1,3.44199999999546,BACKFILL_AUTO
2026-07-11 14:49:46,1783781386,R_75,55124.2889,1,3.3145999999978812,BACKFILL_AUTO
2026-07-11 14:49:48,1783781388,R_75,55140.7448,1,16.455900000000838,BACKFILL_AUTO
2026-07-11 14:49:50,1783781390,R_75,55142.1859,1,1.4410999999963678,BACKFILL_AUTO
2026-07-11 14:49:52,1783781392,R_75,55127.6332,-1,14.552700000000186,BACKFILL_AUTO
2026-07-11 14:49:54,1783781394,R_75,55145.3426,1,17.709400000007008,BACKFILL_AUTO
2026-07-11 14:49:56,1783781396,R_75,55134.6781,-1,10.664500000006228,BACKFILL_AUTO
2026-07-11 14:49:58,1783781398,R_75,55126.4258,-1,8.252300000000105,BACKFILL_AUTO
2026-07-11 14:50:00,1783781400,R_75,55134.2339,1,7.808100000002014,BACKFILL_AUTO
2026-07-11 14:50:02,1783781402,R_75,55142.6355,1,8.401599999997416,BACKFILL_AUTO
2026-07-11 14:50:04,1783781404,R_75,55136.3751,-1,6.260399999999208,BACKFILL_AUTO
2026-07-11 14:50:06,1783781406,R_75,55151.4148,1,15.039700000001176,BACKFILL_AUTO
2026-07-11 14:50:08,1783781408,R_75,55164.3291,1,12.914300000004005,BACKFILL_AUTO
2026-07-11 14:50:10,1783781410,R_75,55154.5944,-1,9.734700000000885,BACKFILL_AUTO
2026-07-11 14:50:12,1783781412,R_75,55153.1758,-1,1.418600000004517,BACKFILL_AUTO
2026-07-11 14:50:14,1783781414,R_75,55139.3019,-1,13.873899999998685,BACKFILL_AUTO
2026-07-11 14:50:16,1783781416,R_75,55148.3368,1,9.034899999998743,BACKFILL_AUTO
2026-07-11 14:50:18,1783781418,R_75,55146.3012,-1,2.035599999995611,BACKFILL_AUTO
2026-07-11 14:50:20,1783781420,R_75,55151.2866,1,4.985399999997753,BACKFILL_AUTO
2026-07-11 14:50:22,1783781422,R_75,55122.8698,-1,28.416799999999057,BACKFILL_AUTO
2026-07-11 14:50:24,1783781424,R_75,55128.5232,1,5.6534000000028755,BACKFILL_AUTO
2026-07-11 14:50:26,1783781426,R_75,55135.8427,1,7.319499999997788,BACKFILL_AUTO
2026-07-11 14:50:28,1783781428,R_75,55135.4077,-1,0.4349999999976717,BACKFILL_AUTO
2026-07-11 14:50:30,1783781430,R_75,55139.2101,1,3.802399999993213,BACKFILL_AUTO
2026-07-11 14:50:32,1783781432,R_75,55138.0104,-1,1.1996999999973923,BACKFILL_AUTO
2026-07-11 14:50:34,1783781434,R_75,55152.3302,1,14.319799999997485,BACKFILL_AUTO
2026-07-11 14:50:36,1783781436,R_75,55150.6615,-1,1.6686999999947147,BACKFILL_AUTO
2026-07-11 14:50:38,1783781438,R_75,55154.7621,1,4.1005999999979394,BACKFILL_AUTO
2026-07-11 14:50:40,1783781440,R_75,55153.7332,-1,1.0288999999975204,BACKFILL_AUTO
2026-07-11 14:50:42,1783781442,R_75,55143.9741,-1,9.759100000002945,BACKFILL_AUTO
2026-07-11 14:50:44,1783781444,R_75,55121.7011,-1,22.273000000001048,BACKFILL_AUTO
2026-07-11 14:50:46,1783781446,R_75,55113.9642,-1,7.73689999999624,BACKFILL_AUTO
2026-07-11 14:50:48,1783781448,R_75,55111.4332,-1,2.5310000000026776,BACKFILL_AUTO
2026-07-11 14:50:50,1783781450,R_75,55147.29,1,35.856800000001385,BACKFILL_AUTO
2026-07-11 14:50:52,1783781452,R_75,55152.5558,1,5.265800000001036,BACKFILL_AUTO
2026-07-11 14:50:54,1783781454,R_75,55140.1722,-1,12.383600000001024,BACKFILL_AUTO
2026-07-11 14:50:56,1783781456,R_75,55127.4472,-1,12.724999999998545,BACKFILL_AUTO
2026-07-11 14:50:58,1783781458,R_75,55129.9012,1,2.4539999999979045,BACKFILL_AUTO
2026-07-11 14:51:00,1783781460,R_75,55126.9633,-1,2.937899999997171,BACKFILL_AUTO
2026-07-11 14:51:02,1783781462,R_75,55126.8602,-1,0.10310000000026776,BACKFILL_AUTO
2026-07-11 14:51:04,1783781464,R_75,55123.3161,-1,3.5441000000064378,BACKFILL_AUTO
2026-07-11 14:51:06,1783781466,R_75,55143.8848,1,20.568700000003446,BACKFILL_AUTO
2026-07-11 14:51:08,1783781468,R_75,55141.3195,-1,2.5653000000020256,BACKFILL_AUTO
2026-07-11 14:51:10,1783781470,R_75,55149.8711,1,8.55159999999887,BACKFILL_AUTO
2026-07-11 14:51:12,1783781472,R_75,55131.5071,-1,18.36399999999412,BACKFILL_AUTO
2026-07-11 14:51:14,1783781474,R_75,55122.8669,-1,8.640200000001641,BACKFILL_AUTO
2026-07-11 14:51:16,1783781476,R_75,55129.7304,1,6.863499999999476,BACKFILL_AUTO
2026-07-11 14:51:18,1783781478,R_75,55128.0922,-1,1.638200000001234,BACKFILL_AUTO
2026-07-11 14:51:20,1783781480,R_75,55132.8281,1,4.735899999999674,BACKFILL_AUTO
2026-07-11 14:51:22,1783781482,R_75,55137.3614,1,4.533300000002782,BACKFILL_AUTO
2026-07-11 14:51:24,1783781484,R_75,55137.7617,1,0.4003000000011525,BACKFILL_AUTO
2026-07-11 14:51:26,1783781486,R_75,55142.9548,1,5.193099999996775,BACKFILL_AUTO
2026-07-11 14:51:28,1783781488,R_75,55160.8095,1,17.854700000003504,BACKFILL_AUTO
2026-07-11 14:51:30,1783781490,R_75,55162.9719,1,2.162399999993795,BACKFILL_AUTO
2026-07-11 14:51:32,1783781492,R_75,55160.4802,-1,2.491699999998673,BACKFILL_AUTO
2026-07-11 14:51:34,1783781494,R_75,55152.8059,-1,7.674299999998766,BACKFILL_AUTO
2026-07-11 14:51:36,1783781496,R_75,55155.8639,1,3.0579999999972642,BACKFILL_AUTO
2026-07-11 14:51:38,1783781498,R_75,55148.3012,-1,7.562699999994948,BACKFILL_AUTO
2026-07-11 14:51:40,1783781500,R_75,55149.4159,1,1.1146999999982654,BACKFILL_AUTO
2026-07-11 14:51:42,1783781502,R_75,55141.2733,-1,8.14259999999922,BACKFILL_AUTO
2026-07-11 14:51:44,1783781504,R_75,55133.667,-1,7.6062999999994645,BACKFILL_AUTO
2026-07-11 14:51:46,1783781506,R_75,55133.9757,1,0.3087000000014086,BACKFILL_AUTO
2026-07-11 14:51:48,1783781508,R_75,55129.5249,-1,4.450800000005984,BACKFILL_AUTO
2026-07-11 14:51:50,1783781510,R_75,55139.5862,1,10.06130000000121,BACKFILL_AUTO
2026-07-11 14:51:52,1783781512,R_75,55147.5827,1,7.996500000001106,BACKFILL_AUTO
2026-07-11 14:51:54,1783781514,R_75,55149.1725,1,1.58980000000156,BACKFILL_AUTO
2026-07-11 14:51:56,1783781516,R_75,55137.1764,-1,11.996100000003935,BACKFILL_AUTO
2026-07-11 14:51:58,1783781518,R_75,55144.0658,1,6.889400000000023,BACKFILL_AUTO
2026-07-11 14:52:00,1783781520,R_75,55153.268,1,9.20219999999972,BACKFILL_AUTO
2026-07-11 14:52:02,1783781522,R_75,55171.9032,1,18.63520000000426,BACKFILL_AUTO
2026-07-11 14:52:04,1783781524,R_75,55184.9264,1,13.023199999995995,BACKFILL_AUTO
2026-07-11 14:52:06,1783781526,R_75,55182.6009,-1,2.3254999999990105,BACKFILL_AUTO
2026-07-11 14:52:08,1783781528,R_75,55188.5543,1,5.953400000005786,BACKFILL_AUTO
2026-07-11 14:52:10,1783781530,R_75,55217.3518,1,28.797499999993306,BACKFILL_AUTO
2026-07-11 14:52:12,1783781532,R_75,55207.808,-1,9.543799999999464,BACKFILL_AUTO
2026-07-11 14:52:14,1783781534,R_75,55219.8199,1,12.011900000004971,BACKFILL_AUTO
2026-07-11 14:52:16,1783781536,R_75,55233.9909,1,14.17099999999482,BACKFILL_AUTO
2026-07-11 14:52:18,1783781538,R_75,55236.5579,1,2.5670000000027358,BACKFILL_AUTO
2026-07-11 14:52:20,1783781540,R_75,55255.8933,1,19.335400000003574,BACKFILL_AUTO
2026-07-11 14:52:22,1783781542,R_75,55265.713,1,9.819700000000012,BACKFILL_AUTO
2026-07-11 14:52:24,1783781544,R_75,55271.72,1,6.006999999997788,BACKFILL_AUTO
2026-07-11 14:52:26,1783781546,R_75,55264.1477,-1,7.572299999999814,BACKFILL_AUTO
2026-07-11 14:52:28,1783781548,R_75,55261.8435,-1,2.304199999998673,BACKFILL_AUTO
2026-07-11 14:52:30,1783781550,R_75,55260.0829,-1,1.760600000001432,BACKFILL_AUTO
2026-07-11 14:52:32,1783781552,R_75,55253.2634,-1,6.819499999997788,BACKFILL_AUTO
2026-07-11 14:52:34,1783781554,R_75,55249.7849,-1,3.478500000004715,BACKFILL_AUTO
2026-07-11 14:52:36,1783781556,R_75,55256.8313,1,7.046399999999267,BACKFILL_AUTO
2026-07-11 14:52:38,1783781558,R_75,55241.3265,-1,15.504799999995157,BACKFILL_AUTO
2026-07-11 14:52:40,1783781560,R_75,55241.0889,-1,0.23760000000038417,BACKFILL_AUTO
2026-07-11 14:52:42,1783781562,R_75,55244.8647,1,3.7757999999957974,BACKFILL_AUTO
2026-07-11 14:52:44,1783781564,R_75,55255.3527,1,10.488000000004831,BACKFILL_AUTO
2026-07-11 14:52:46,1783781566,R_75,55258.1298,1,2.7770999999993364,BACKFILL_AUTO
2026-07-11 14:52:48,1783781568,R_75,55257.0121,-1,1.1177000000025146,BACKFILL_AUTO
2026-07-11 14:52:50,1783781570,R_75,55272.4433,1,15.43119999999908,BACKFILL_AUTO
2026-07-11 14:52:52,1783781572,R_75,55266.7087,-1,5.734599999996135,BACKFILL_AUTO
2026-07-11 14:52:54,1783781574,R_75,55262.9793,-1,3.729400000003807,BACKFILL_AUTO
2026-07-11 14:52:56,1783781576,R_75,55267.5457,1,4.566400000003341,BACKFILL_AUTO
2026-07-11 14:52:58,1783781578,R_75,55255.8971,-1,11.648600000000442,BACKFILL_AUTO
2026-07-11 14:53:00,1783781580,R_75,55261.974,1,6.076900000000023,BACKFILL_AUTO
2026-07-11 14:53:02,1783781582,R_75,55276.6672,1,14.693200000001525,BACKFILL_AUTO
2026-07-11 14:53:04,1783781584,R_75,55266.3858,-1,10.281400000007125,BACKFILL_AUTO
2026-07-11 14:53:06,1783781586,R_75,55260.9748,-1,5.410999999992782,BACKFILL_AUTO
2026-07-11 14:53:08,1783781588,R_75,55242.9376,-1,18.037200000006123,BACKFILL_AUTO
2026-07-11 14:53:10,1783781590,R_75,55238.495,-1,4.442599999994854,BACKFILL_AUTO
2026-07-11 14:53:12,1783781592,R_75,55222.4037,-1,16.091300000000047,BACKFILL_AUTO
2026-07-11 14:53:14,1783781594,R_75,55229.3568,1,6.953099999998813,BACKFILL_AUTO
2026-07-11 14:53:16,1783781596,R_75,55250.0796,1,20.722799999995914,BACKFILL_AUTO
2026-07-11 14:53:18,1783781598,R_75,55263.2806,1,13.201000000000931,BACKFILL_AUTO
2026-07-11 14:53:20,1783781600,R_75,55258.9949,-1,4.285700000000361,BACKFILL_AUTO
2026-07-11 14:53:22,1783781602,R_75,55264.8603,1,5.86540000000241,BACKFILL_AUTO
2026-07-11 14:53:24,1783781604,R_75,55271.6652,1,6.804900000002817,BACKFILL_AUTO
2026-07-11 14:53:26,1783781606,R_75,55263.4426,-1,8.222600000000966,BACKFILL_AUTO
2026-07-11 14:53:28,1783781608,R_75,55250.4208,-1,13.021800000002258,BACKFILL_AUTO
2026-07-11 14:53:30,1783781610,R_75,55232.7618,-1,17.65899999999965,BACKFILL_AUTO
2026-07-11 14:53:32,1783781612,R_75,55228.0454,-1,4.71639999999752,BACKFILL_AUTO
2026-07-11 14:53:34,1783781614,R_75,55226.9678,-1,1.0776000000041677,BACKFILL_AUTO
2026-07-11 14:53:36,1783781616,R_75,55229.7557,1,2.787900000002992,BACKFILL_AUTO
2026-07-11 14:53:38,1783781618,R_75,55252.3058,1,22.550100000000384,BACKFILL_AUTO
2026-07-11 14:53:40,1783781620,R_75,55262.8405,1,10.53469999999652,BACKFILL_AUTO
2026-07-11 14:53:42,1783781622,R_75,55255.2417,-1,7.5987999999997555,BACKFILL_AUTO
2026-07-11 14:53:44,1783781624,R_75,55250.7985,-1,4.443200000001525,BACKFILL_AUTO
2026-07-11 14:53:46,1783781626,R_75,55250.6493,-1,0.14919999999983702,BACKFILL_AUTO
2026-07-11 14:53:48,1783781628,R_75,55240.0092,-1,10.640099999996892,BACKFILL_AUTO
2026-07-11 14:53:50,1783781630,R_75,55249.5715,1,9.562299999997776,BACKFILL_AUTO
2026-07-11 14:53:52,1783781632,R_75,55261.3562,1,11.784700000003795,BACKFILL_AUTO
2026-07-11 14:53:54,1783781634,R_75,55270.5556,1,9.199399999997695,BACKFILL_AUTO
2026-07-11 14:53:56,1783781636,R_75,55264.47,-1,6.0855999999985215,BACKFILL_AUTO
2026-07-11 14:53:58,1783781638,R_75,55268.0738,1,3.603799999997136,BACKFILL_AUTO
2026-07-11 14:54:00,1783781640,R_75,55262.71,-1,5.3637999999991735,BACKFILL_AUTO
2026-07-11 14:54:02,1783781642,R_75,55271.2556,1,8.545599999997648,BACKFILL_AUTO
2026-07-11 14:54:04,1783781644,R_75,55270.954,-1,0.30159999999887077,BACKFILL_AUTO
2026-07-11 14:54:06,1783781646,R_75,55278.2334,1,7.279399999999441,BACKFILL_AUTO
2026-07-11 14:54:08,1783781648,R_75,55286.6516,1,8.41820000000007,BACKFILL_AUTO
2026-07-11 14:54:10,1783781650,R_75,55287.8491,1,1.1975000000020373,BACKFILL_AUTO
2026-07-11 14:54:12,1783781652,R_75,55288.5423,1,0.693200000001525,BACKFILL_AUTO
2026-07-11 14:54:14,1783781654,R_75,55289.4858,1,0.9435000000012224,BACKFILL_AUTO
2026-07-11 14:54:16,1783781656,R_75,55278.4132,-1,11.072599999999511,BACKFILL_AUTO
2026-07-11 14:54:18,1783781658,R_75,55266.2438,-1,12.169400000006135,BACKFILL_AUTO
2026-07-11 14:54:20,1783781660,R_75,55271.6956,1,5.4518000000025495,BACKFILL_AUTO
2026-07-11 14:54:22,1783781662,R_75,55253.9978,-1,17.697800000001735,BACKFILL_AUTO
2026-07-11 14:54:24,1783781664,R_75,55256.9201,1,2.9223000000056345,BACKFILL_AUTO
2026-07-11 14:54:26,1783781666,R_75,55243.7937,-1,13.126400000001013,BACKFILL_AUTO
2026-07-11 14:54:28,1783781668,R_75,55233.9041,-1,9.889600000002247,BACKFILL_AUTO
2026-07-11 14:54:30,1783781670,R_75,55250.2177,1,16.313600000001315,BACKFILL_AUTO
2026-07-11 14:54:32,1783781672,R_75,55254.4111,1,4.193399999996473,BACKFILL_AUTO
2026-07-11 14:54:34,1783781674,R_75,55247.9084,-1,6.502699999997276,BACKFILL_AUTO
2026-07-11 14:54:36,1783781676,R_75,55256.1194,1,8.211000000002969,BACKFILL_AUTO
2026-07-11 14:54:38,1783781678,R_75,55260.3869,1,4.26749999999447,BACKFILL_AUTO
2026-07-11 14:54:40,1783781680,R_75,55266.7013,1,6.314400000002934,BACKFILL_AUTO
2026-07-11 14:54:42,1783781682,R_75,55280.9977,1,14.296399999999267,BACKFILL_AUTO
2026-07-11 14:54:44,1783781684,R_75,55289.261,1,8.263299999998708,BACKFILL_AUTO
2026-07-11 14:54:46,1783781686,R_75,55291.6104,1,2.34939999999915,BACKFILL_AUTO
2026-07-11 14:54:48,1783781688,R_75,55305.4686,1,13.858200000002398,BACKFILL_AUTO
2026-07-11 14:54:50,1783781690,R_75,55293.2855,-1,12.183100000002014,BACKFILL_AUTO
2026-07-11 14:54:52,1783781692,R_75,55287.6758,-1,5.609700000000885,BACKFILL_AUTO
2026-07-11 14:54:54,1783781694,R_75,55298.6333,1,10.957500000004075,BACKFILL_AUTO
2026-07-11 14:54:56,1783781696,R_75,55289.5102,-1,9.123100000004342,BACKFILL_AUTO
2026-07-11 14:54:58,1783781698,R_75,55290.292,1,0.7818000000042957,BACKFILL_AUTO
2026-07-11 14:55:00,1783781700,R_75,55277.2663,-1,13.025699999998324,BACKFILL_AUTO
2026-07-11 14:55:02,1783781702,R_75,55279.6612,1,2.394899999999325,BACKFILL_AUTO
2026-07-11 14:55:04,1783781704,R_75,55278.0595,-1,1.601699999999255,BACKFILL_AUTO
2026-07-11 14:55:06,1783781706,R_75,55272.6468,-1,5.412700000000768,BACKFILL_AUTO
2026-07-11 14:55:08,1783781708,R_75,55275.7135,1,3.0666999999957625,BACKFILL_AUTO
2026-07-11 14:55:10,1783781710,R_75,55289.1918,1,13.478300000002491,BACKFILL_AUTO
2026-07-11 14:55:12,1783781712,R_75,55286.7559,-1,2.4359000000040396,BACKFILL_AUTO
2026-07-11 14:55:14,1783781714,R_75,55284.3489,-1,2.4069999999992433,BACKFILL_AUTO
2026-07-11 14:55:16,1783781716,R_75,55275.8799,-1,8.468999999997322,BACKFILL_AUTO
2026-07-11 14:55:18,1783781718,R_75,55258.8845,-1,16.99539999999979,BACKFILL_AUTO
2026-07-11 14:55:20,1783781720,R_75,55276.8464,1,17.96190000000206,BACKFILL_AUTO
2026-07-11 14:55:22,1783781722,R_75,55270.7588,-1,6.087599999998929,BACKFILL_AUTO
2026-07-11 14:55:24,1783781724,R_75,55273.7633,1,3.00449999999546,BACKFILL_AUTO
2026-07-11 14:55:26,1783781726,R_75,55257.0872,-1,16.67609999999695,BACKFILL_AUTO
2026-07-11 14:55:28,1783781728,R_75,55265.5297,1,8.44249999999738,BACKFILL_AUTO
2026-07-11 14:55:30,1783781730,R_75,55262.6041,-1,2.925600000002305,BACKFILL_AUTO
2026-07-11 14:55:32,1783781732,R_75,55271.6766,1,9.072500000002037,BACKFILL_AUTO
2026-07-11 14:55:34,1783781734,R_75,55270.5203,-1,1.1563000000023749,BACKFILL_AUTO
2026-07-11 14:55:36,1783781736,R_75,55271.7238,1,1.2035000000032596,BACKFILL_AUTO
2026-07-11 14:55:38,1783781738,R_75,55273.9692,1,2.2453999999997905,BACKFILL_AUTO
2026-07-11 14:55:40,1783781740,R_75,55271.5448,-1,2.42439999999624,BACKFILL_AUTO
2026-07-11 14:55:42,1783781742,R_75,55283.23,1,11.685199999999895,BACKFILL_AUTO
2026-07-11 14:55:44,1783781744,R_75,55289.3348,1,6.104799999993702,BACKFILL_AUTO
2026-07-11 14:55:46,1783781746,R_75,55310.7045,1,21.369700000002922,BACKFILL_AUTO
2026-07-11 14:55:48,1783781748,R_75,55316.6694,1,5.964899999999034,BACKFILL_AUTO
2026-07-11 14:55:50,1783781750,R_75,55312.4282,-1,4.241199999996752,BACKFILL_AUTO
2026-07-11 14:55:52,1783781752,R_75,55326.2184,1,13.79019999999582,BACKFILL_AUTO
2026-07-11 14:55:54,1783781754,R_75,55333.4658,1,7.247400000000198,BACKFILL_AUTO
2026-07-11 14:55:56,1783781756,R_75,55326.9224,-1,6.543399999995017,BACKFILL_AUTO
2026-07-11 14:55:58,1783781758,R_75,55322.3622,-1,4.560199999999895,BACKFILL_AUTO
2026-07-11 14:56:00,1783781760,R_75,55332.8259,1,10.463700000000244,BACKFILL_AUTO
2026-07-11 14:56:02,1783781762,R_75,55313.1557,-1,19.670200000000477,BACKFILL_AUTO
2026-07-11 14:56:04,1783781764,R_75,55308.4459,-1,4.709800000004179,BACKFILL_AUTO
2026-07-11 14:56:06,1783781766,R_75,55292.4358,-1,16.01009999999951,BACKFILL_AUTO
2026-07-11 14:56:08,1783781768,R_75,55278.4076,-1,14.028200000000652,BACKFILL_AUTO
2026-07-11 14:56:10,1783781770,R_75,55277.3375,-1,1.0700999999971827,BACKFILL_AUTO
2026-07-11 14:56:12,1783781772,R_75,55280.1587,1,2.8211999999984982,BACKFILL_AUTO
2026-07-11 14:56:14,1783781774,R_75,55272.3062,-1,7.852500000000873,BACKFILL_AUTO
2026-07-11 14:56:16,1783781776,R_75,55287.483,1,15.176800000001094,BACKFILL_AUTO
2026-07-11 14:56:18,1783781778,R_75,55280.7582,-1,6.724800000003597,BACKFILL_AUTO
2026-07-11 14:56:20,1783781780,R_75,55282.2883,1,1.5301000000035856,BACKFILL_AUTO
2026-07-11 14:56:22,1783781782,R_75,55276.5952,-1,5.693099999996775,BACKFILL_AUTO
2026-07-11 14:56:24,1783781784,R_75,55282.6521,1,6.056899999995949,BACKFILL_AUTO
2026-07-11 14:56:26,1783781786,R_75,55301.8022,1,19.15009999999893,BACKFILL_AUTO
2026-07-11 14:56:28,1783781788,R_75,55325.8661,1,24.063900000001013,BACKFILL_AUTO
2026-07-11 14:56:30,1783781790,R_75,55315.3441,-1,10.521999999997206,BACKFILL_AUTO
2026-07-11 14:56:32,1783781792,R_75,55325.8291,1,10.485000000000582,BACKFILL_AUTO
2026-07-11 14:56:34,1783781794,R_75,55301.2901,-1,24.539000000004307,BACKFILL_AUTO
2026-07-11 14:56:36,1783781796,R_75,55291.883,-1,9.407099999996717,BACKFILL_AUTO
2026-07-11 14:56:38,1783781798,R_75,55289.8023,-1,2.0806999999986147,BACKFILL_AUTO
2026-07-11 14:56:40,1783781800,R_75,55275.0805,-1,14.721800000006624,BACKFILL_AUTO
2026-07-11 14:56:42,1783781802,R_75,55269.6847,-1,5.395799999998417,BACKFILL_AUTO
2026-07-11 14:56:44,1783781804,R_75,55265.224,-1,4.460699999995995,BACKFILL_AUTO
2026-07-11 14:56:46,1783781806,R_75,55280.8082,1,15.584199999997509,BACKFILL_AUTO
2026-07-11 14:56:48,1783781808,R_75,55278.9049,-1,1.9032999999981257,BACKFILL_AUTO
2026-07-11 14:56:50,1783781810,R_75,55269.3672,-1,9.537700000000768,BACKFILL_AUTO
2026-07-11 14:56:52,1783781812,R_75,55262.0869,-1,7.280299999998533,BACKFILL_AUTO
2026-07-11 14:56:54,1783781814,R_75,55253.7753,-1,8.311600000000908,BACKFILL_AUTO
2026-07-11 14:56:56,1783781816,R_75,55250.2164,-1,3.558900000003632,BACKFILL_AUTO
2026-07-11 14:56:58,1783781818,R_75,55247.7495,-1,2.466899999999441,BACKFILL_AUTO
2026-07-11 14:57:00,1783781820,R_75,55248.5934,1,0.8438999999998487,BACKFILL_AUTO
2026-07-11 14:57:02,1783781822,R_75,55267.7361,1,19.14270000000397,BACKFILL_AUTO
2026-07-11 14:57:04,1783781824,R_75,55284.0861,1,16.349999999998545,BACKFILL_AUTO
2026-07-11 14:57:06,1783781826,R_75,55277.2761,-1,6.809999999997672,BACKFILL_AUTO
2026-07-11 14:57:08,1783781828,R_75,55280.8837,1,3.6075999999957276,BACKFILL_AUTO
2026-07-11 14:57:10,1783781830,R_75,55271.4955,-1,9.388200000001234,BACKFILL_AUTO
2026-07-11 14:57:12,1783781832,R_75,55245.3793,-1,26.116199999996752,BACKFILL_AUTO
2026-07-11 14:57:14,1783781834,R_75,55253.273,1,7.8937000000005355,BACKFILL_AUTO
2026-07-11 14:57:16,1783781836,R_75,55265.9463,1,12.6733000000022,BACKFILL_AUTO
2026-07-11 14:57:18,1783781838,R_75,55273.1867,1,7.240399999995134,BACKFILL_AUTO
2026-07-11 14:57:20,1783781840,R_75,55269.8195,-1,3.3672000000005937,BACKFILL_AUTO
2026-07-11 14:57:22,1783781842,R_75,55268.4903,-1,1.329200000000128,BACKFILL_AUTO
2026-07-11 14:57:24,1783781844,R_75,55279.3799,1,10.889600000002247,BACKFILL_AUTO
2026-07-11 14:57:26,1783781846,R_75,55268.1205,-1,11.259400000002643,BACKFILL_AUTO
2026-07-11 14:57:28,1783781848,R_75,55266.5007,-1,1.6198000000003958,BACKFILL_AUTO
2026-07-11 14:57:30,1783781850,R_75,55273.3279,1,6.827199999999721,BACKFILL_AUTO
2026-07-11 14:57:32,1783781852,R_75,55285.9478,1,12.619900000005146,BACKFILL_AUTO
2026-07-11 14:57:34,1783781854,R_75,55272.5888,-1,13.359000000004016,BACKFILL_AUTO
2026-07-11 14:57:36,1783781856,R_75,55282.3029,1,9.714100000004692,BACKFILL_AUTO
2026-07-11 14:57:38,1783781858,R_75,55285.1874,1,2.8845000000001164,BACKFILL_AUTO
2026-07-11 14:57:40,1783781860,R_75,55284.3166,-1,0.8708000000042375,BACKFILL_AUTO
2026-07-11 14:57:42,1783781862,R_75,55290.8373,1,6.520700000000943,BACKFILL_AUTO
2026-07-11 14:57:44,1783781864,R_75,55279.4823,-1,11.354999999995925,BACKFILL_AUTO
2026-07-11 14:57:46,1783781866,R_75,55275.6478,-1,3.834500000004482,BACKFILL_AUTO
2026-07-11 14:57:48,1783781868,R_75,55282.0526,1,6.404800000003888,BACKFILL_AUTO
2026-07-11 14:57:50,1783781870,R_75,55287.0882,1,5.035599999995611,BACKFILL_AUTO
2026-07-11 14:57:52,1783781872,R_75,55279.1838,-1,7.904399999999441,BACKFILL_AUTO
2026-07-11 14:57:54,1783781874,R_75,55265.7965,-1,13.387300000002142,BACKFILL_AUTO
2026-07-11 14:57:56,1783781876,R_75,55261.8743,-1,3.922199999993609,BACKFILL_AUTO
2026-07-11 14:57:58,1783781878,R_75,55265.781,1,3.906699999999546,BACKFILL_AUTO
2026-07-11 14:58:00,1783781880,R_75,55270.2608,1,4.479799999993702,BACKFILL_AUTO
2026-07-11 14:58:02,1783781882,R_75,55266.7929,-1,3.467899999996007,BACKFILL_AUTO
2026-07-11 14:58:04,1783781884,R_75,55281.374,1,14.581100000003062,BACKFILL_AUTO
2026-07-11 14:58:06,1783781886,R_75,55291.9777,1,10.603699999999662,BACKFILL_AUTO
2026-07-11 14:58:08,1783781888,R_75,55303.8649,1,11.887199999997392,BACKFILL_AUTO
2026-07-11 14:58:10,1783781890,R_75,55298.4705,-1,5.394399999997404,BACKFILL_AUTO
2026-07-11 14:58:12,1783781892,R_75,55301.1952,1,2.7246999999988475,BACKFILL_AUTO
2026-07-11 14:58:14,1783781894,R_75,55329.0304,1,27.83520000000135,BACKFILL_AUTO
2026-07-11 14:58:16,1783781896,R_75,55324.6294,-1,4.401000000005297,BACKFILL_AUTO
2026-07-11 14:58:18,1783781898,R_75,55295.0062,-1,29.62319999999454,BACKFILL_AUTO
2026-07-11 14:58:20,1783781900,R_75,55300.3237,1,5.317499999997381,BACKFILL_AUTO
2026-07-11 14:58:22,1783781902,R_75,55301.5596,1,1.235899999999674,BACKFILL_AUTO
2026-07-11 14:58:24,1783781904,R_75,55290.9462,-1,10.613400000002002,BACKFILL_AUTO
2026-07-11 14:58:26,1783781906,R_75,55286.1052,-1,4.841000000000349,BACKFILL_AUTO
2026-07-11 14:58:28,1783781908,R_75,55288.6983,1,2.5930999999982305,BACKFILL_AUTO
2026-07-11 14:58:30,1783781910,R_75,55289.4513,1,0.7530000000042492,BACKFILL_AUTO
2026-07-11 14:58:32,1783781912,R_75,55291.4158,1,1.9645000000018626,BACKFILL_AUTO
2026-07-11 14:58:34,1783781914,R_75,55312.1841,1,20.76829999999609,BACKFILL_AUTO
2026-07-11 14:58:36,1783781916,R_75,55323.0287,1,10.844600000003993,BACKFILL_AUTO
2026-07-11 14:58:38,1783781918,R_75,55330.5085,1,7.479800000000978,BACKFILL_AUTO
2026-07-11 14:58:40,1783781920,R_75,55324.5112,-1,5.997300000002724,BACKFILL_AUTO
2026-07-11 14:58:42,1783781922,R_75,55309.0872,-1,15.423999999999069,BACKFILL_AUTO
2026-07-11 14:58:44,1783781924,R_75,55325.8592,1,16.771999999997206,BACKFILL_AUTO
2026-07-11 14:58:46,1783781926,R_75,55312.5411,-1,13.318099999996775,BACKFILL_AUTO
2026-07-11 14:58:48,1783781928,R_75,55316.3857,1,3.844599999996717,BACKFILL_AUTO
2026-07-11 14:58:50,1783781930,R_75,55305.3944,-1,10.991300000001502,BACKFILL_AUTO
2026-07-11 14:58:52,1783781932,R_75,55305.3261,-1,0.06829999999899883,BACKFILL_AUTO
2026-07-11 14:58:54,1783781934,R_75,55301.0451,-1,4.280999999995402,BACKFILL_AUTO
2026-07-11 14:58:56,1783781936,R_75,55319.2496,1,18.204499999999825,BACKFILL_AUTO
2026-07-11 14:58:58,1783781938,R_75,55321.4812,1,2.231599999999162,BACKFILL_AUTO
2026-07-11 14:59:00,1783781940,R_75,55336.8133,1,15.332099999999627,BACKFILL_AUTO
2026-07-11 14:59:02,1783781942,R_75,55344.6076,1,7.794300000001385,BACKFILL_AUTO
2026-07-11 14:59:04,1783781944,R_75,55355.3294,1,10.721799999999348,BACKFILL_AUTO
2026-07-11 14:59:06,1783781946,R_75,55351.4523,-1,3.877100000005157,BACKFILL_AUTO
2026-07-11 14:59:08,1783781948,R_75,55364.061,1,12.608700000004319,BACKFILL_AUTO
2026-07-11 14:59:10,1783781950,R_75,55370.8856,1,6.8245999999999185,BACKFILL_AUTO
2026-07-11 14:59:12,1783781952,R_75,55360.3948,-1,10.490799999999581,BACKFILL_AUTO
2026-07-11 14:59:14,1783781954,R_75,55350.316,-1,10.078800000002957,BACKFILL_AUTO
2026-07-11 14:59:16,1783781956,R_75,55361.5005,1,11.184500000003027,BACKFILL_AUTO
2026-07-11 14:59:18,1783781958,R_75,55370.5227,1,9.02219999999943,BACKFILL_AUTO
2026-07-11 14:59:20,1783781960,R_75,55372.7999,1,2.27719999999681,BACKFILL_AUTO
2026-07-11 14:59:22,1783781962,R_75,55359.2215,-1,13.57839999999851,BACKFILL_AUTO
2026-07-11 14:59:24,1783781964,R_75,55355.2587,-1,3.9628000000011525,BACKFILL_AUTO
2026-07-11 14:59:26,1783781966,R_75,55345.8738,-1,9.384899999997288,BACKFILL_AUTO
2026-07-11 14:59:28,1783781968,R_75,55336.6693,-1,9.204499999999825,BACKFILL_AUTO
2026-07-11 14:59:30,1783781970,R_75,55330.8682,-1,5.801100000004226,BACKFILL_AUTO
2026-07-11 14:59:32,1783781972,R_75,55335.0893,1,4.22110000000248,BACKFILL_AUTO
2026-07-11 14:59:34,1783781974,R_75,55326.0747,-1,9.014600000002247,BACKFILL_AUTO
2026-07-11 14:59:36,1783781976,R_75,55314.8797,-1,11.194999999999709,BACKFILL_AUTO
2026-07-11 14:59:38,1783781978,R_75,55325.5936,1,10.713900000002468,BACKFILL_AUTO
2026-07-11 14:59:40,1783781980,R_75,55323.3478,-1,2.2457999999969616,BACKFILL_AUTO
2026-07-11 14:59:42,1783781982,R_75,55316.021,-1,7.3268000000025495,BACKFILL_AUTO
2026-07-11 14:59:44,1783781984,R_75,55303.5207,-1,12.500299999999697,BACKFILL_AUTO
2026-07-11 14:59:46,1783781986,R_75,55327.1166,1,23.595900000000256,BACKFILL_AUTO
2026-07-11 14:59:48,1783781988,R_75,55327.8792,1,0.7626000000018394,BACKFILL_AUTO
2026-07-11 14:59:50,1783781990,R_75,55319.5238,-1,8.355400000000373,BACKFILL_AUTO
2026-07-11 14:59:52,1783781992,R_75,55341.2902,1,21.76640000000043,BACKFILL_AUTO
2026-07-11 14:59:54,1783781994,R_75,55330.2543,-1,11.035900000002584,BACKFILL_AUTO
2026-07-11 14:59:56,1783781996,R_75,55324.5123,-1,5.74199999999837,BACKFILL_AUTO
2026-07-11 14:59:58,1783781998,R_75,55337.9087,1,13.396399999997811,BACKFILL_AUTO
2026-07-11 15:00:00,1783782000,R_75,55320.9439,-1,16.96480000000156,BACKFILL_AUTO
2026-07-11 15:00:02,1783782002,R_75,55319.7882,-1,1.1556999999957043,BACKFILL_AUTO
2026-07-11 15:00:04,1783782004,R_75,55315.2792,-1,4.5090000000054715,BACKFILL_AUTO
2026-07-11 15:00:06,1783782006,R_75,55310.7178,-1,4.5613999999986845,BACKFILL_AUTO
2026-07-11 15:00:08,1783782008,R_75,55311.7847,1,1.066899999997986,BACKFILL_AUTO
2026-07-11 15:00:10,1783782010,R_75,55301.1544,-1,10.630299999997078,BACKFILL_AUTO
2026-07-11 15:00:12,1783782012,R_75,55286.1443,-1,15.010099999999511,BACKFILL_AUTO
2026-07-11 15:00:14,1783782014,R_75,55283.5868,-1,2.5575000000026193,BACKFILL_AUTO
2026-07-11 15:00:16,1783782016,R_75,55287.4126,1,3.8258000000059837,BACKFILL_AUTO
2026-07-11 15:00:18,1783782018,R_75,55301.7607,1,14.348099999995611,BACKFILL_AUTO
2026-07-11 15:00:20,1783782020,R_75,55290.6994,-1,11.06130000000121,BACKFILL_AUTO
2026-07-11 15:00:22,1783782022,R_75,55270.4037,-1,20.295699999995122,BACKFILL_AUTO
2026-07-11 15:00:24,1783782024,R_75,55268.2992,-1,2.1045000000012806,BACKFILL_AUTO
2026-07-11 15:00:26,1783782026,R_75,55264.4786,-1,3.8205999999991036,BACKFILL_AUTO
2026-07-11 15:00:28,1783782028,R_75,55253.9601,-1,10.518500000005588,BACKFILL_AUTO
2026-07-11 15:00:30,1783782030,R_75,55263.2814,1,9.321300000003248,BACKFILL_AUTO
2026-07-11 15:00:32,1783782032,R_75,55268.7397,1,5.458299999998417,BACKFILL_AUTO
2026-07-11 15:00:34,1783782034,R_75,55256.0992,-1,12.640500000001339,BACKFILL_AUTO
2026-07-11 15:00:36,1783782036,R_75,55241.4286,-1,14.670599999997648,BACKFILL_AUTO
2026-07-11 15:00:38,1783782038,R_75,55237.8648,-1,3.563799999996263,BACKFILL_AUTO
2026-07-11 15:00:40,1783782040,R_75,55230.1683,-1,7.6965000000054715,BACKFILL_AUTO
2026-07-11 15:00:42,1783782042,R_75,55235.2224,1,5.054100000001199,BACKFILL_AUTO
2026-07-11 15:00:44,1783782044,R_75,55242.8929,1,7.670500000000175,BACKFILL_AUTO
2026-07-11 15:00:46,1783782046,R_75,55240.1311,-1,2.761800000000221,BACKFILL_AUTO
2026-07-11 15:00:48,1783782048,R_75,55245.6189,1,5.487800000002608,BACKFILL_AUTO
2026-07-11 15:00:50,1783782050,R_75,55213.5817,-1,32.03719999999885,BACKFILL_AUTO
2026-07-11 15:00:52,1783782052,R_75,55223.8699,1,10.288199999995413,BACKFILL_AUTO
2026-07-11 15:00:54,1783782054,R_75,55238.0806,1,14.210700000003271,BACKFILL_AUTO
2026-07-11 15:00:56,1783782056,R_75,55223.6848,-1,14.395799999998417,BACKFILL_AUTO
2026-07-11 15:00:58,1783782058,R_75,55199.6839,-1,24.000899999999092,BACKFILL_AUTO
2026-07-11 15:01:00,1783782060,R_75,55203.2725,1,3.5885999999954947,BACKFILL_AUTO
2026-07-11 15:01:02,1783782062,R_75,55198.0013,-1,5.271199999995588,BACKFILL_AUTO
2026-07-11 15:01:04,1783782064,R_75,55200.6918,1,2.690499999996973,BACKFILL_AUTO
2026-07-11 15:01:06,1783782066,R_75,55204.1983,1,3.5064999999958673,BACKFILL_AUTO
2026-07-11 15:01:08,1783782068,R_75,55202.5956,-1,1.6026999999958207,BACKFILL_AUTO
2026-07-11 15:01:10,1783782070,R_75,55222.7606,1,20.165000000000873,BACKFILL_AUTO
2026-07-11 15:01:12,1783782072,R_75,55232.6672,1,9.906600000002072,BACKFILL_AUTO
2026-07-11 15:01:14,1783782074,R_75,55239.7344,1,7.067199999997683,BACKFILL_AUTO
2026-07-11 15:01:16,1783782076,R_75,55246.9872,1,7.252800000002026,BACKFILL_AUTO
2026-07-11 15:01:18,1783782078,R_75,55223.7939,-1,23.193300000006275,BACKFILL_AUTO
2026-07-11 15:01:20,1783782080,R_75,55211.3525,-1,12.441399999996065,BACKFILL_AUTO
2026-07-11 15:01:22,1783782082,R_75,55204.4964,-1,6.856099999997241,BACKFILL_AUTO
2026-07-11 15:01:24,1783782084,R_75,55207.0201,1,2.523699999997916,BACKFILL_AUTO
2026-07-11 15:01:26,1783782086,R_75,55218.1472,1,11.127099999997881,BACKFILL_AUTO
2026-07-11 15:01:28,1783782088,R_75,55223.9452,1,5.798000000002503,BACKFILL_AUTO
2026-07-11 15:01:30,1783782090,R_75,55237.5356,1,13.590400000000955,BACKFILL_AUTO
2026-07-11 15:01:32,1783782092,R_75,55249.8035,1,12.267899999998917,BACKFILL_AUTO
2026-07-11 15:01:34,1783782094,R_75,55255.3266,1,5.5230999999985215,BACKFILL_AUTO
2026-07-11 15:01:36,1783782096,R_75,55263.848,1,8.521399999997811,BACKFILL_AUTO
2026-07-11 15:01:38,1783782098,R_75,55271.1383,1,7.29030000000057,BACKFILL_AUTO
2026-07-11 15:01:40,1783782100,R_75,55248.2986,-1,22.83969999999681,BACKFILL_AUTO
2026-07-11 15:01:42,1783782102,R_75,55280.7643,1,32.46570000000065,BACKFILL_AUTO
2026-07-11 15:01:44,1783782104,R_75,55278.0733,-1,2.69100000000617,BACKFILL_AUTO
2026-07-11 15:01:46,1783782106,R_75,55265.2186,-1,12.854699999996228,BACKFILL_AUTO
2026-07-11 15:01:48,1783782108,R_75,55260.2297,-1,4.988899999996647,BACKFILL_AUTO
2026-07-11 15:01:50,1783782110,R_75,55257.3502,-1,2.8795000000027358,BACKFILL_AUTO
2026-07-11 15:01:52,1783782112,R_75,55252.663,-1,4.687200000000303,BACKFILL_AUTO
2026-07-11 15:01:54,1783782114,R_75,55253.3146,1,0.6515999999974156,BACKFILL_AUTO
2026-07-11 15:01:56,1783782116,R_75,55269.5326,1,16.218000000000757,BACKFILL_AUTO
2026-07-11 15:01:58,1783782118,R_75,55268.5826,-1,0.9499999999970896,BACKFILL_AUTO
2026-07-11 15:02:00,1783782120,R_75,55250.3683,-1,18.21429999999964,BACKFILL_AUTO
2026-07-11 15:02:02,1783782122,R_75,55257.4436,1,7.075299999996787,BACKFILL_AUTO
2026-07-11 15:02:04,1783782124,R_75,55253.9793,-1,3.464299999999639,BACKFILL_AUTO
2026-07-11 15:02:06,1783782126,R_75,55251.5101,-1,2.469199999999546,BACKFILL_AUTO
2026-07-11 15:02:08,1783782128,R_75,55262.7803,1,11.270199999999022,BACKFILL_AUTO
2026-07-11 15:02:10,1783782130,R_75,55258.9768,-1,3.8035000000018044,BACKFILL_AUTO
2026-07-11 15:02:12,1783782132,R_75,55253.4159,-1,5.560899999996764,BACKFILL_AUTO
2026-07-11 15:02:14,1783782134,R_75,55235.6931,-1,17.72280000000319,BACKFILL_AUTO
2026-07-11 15:02:16,1783782136,R_75,55235.1544,-1,0.5386999999973341,BACKFILL_AUTO
2026-07-11 15:02:18,1783782138,R_75,55229.1572,-1,5.997199999997974,BACKFILL_AUTO
2026-07-11 15:02:20,1783782140,R_75,55229.3305,1,0.1732999999949243,BACKFILL_AUTO
2026-07-11 15:02:22,1783782142,R_75,55227.3481,-1,1.982399999993504,BACKFILL_AUTO
2026-07-11 15:02:24,1783782144,R_75,55219.4585,-1,7.889600000002247,BACKFILL_AUTO
2026-07-11 15:02:26,1783782146,R_75,55219.0574,-1,0.4011000000027707,BACKFILL_AUTO
2026-07-11 15:02:28,1783782148,R_75,55206.7977,-1,12.259699999995064,BACKFILL_AUTO
2026-07-11 15:02:30,1783782150,R_75,55205.8719,-1,0.9258000000045286,BACKFILL_AUTO
2026-07-11 15:02:32,1783782152,R_75,55197.7484,-1,8.123500000001513,BACKFILL_AUTO
2026-07-11 15:02:34,1783782154,R_75,55196.7721,-1,0.9762999999948079,BACKFILL_AUTO
2026-07-11 15:02:36,1783782156,R_75,55197.4224,1,0.6503000000011525,BACKFILL_AUTO
2026-07-11 15:02:38,1783782158,R_75,55193.4271,-1,3.9953000000023167,BACKFILL_AUTO
2026-07-11 15:02:40,1783782160,R_75,55203.6134,1,10.18630000000121,BACKFILL_AUTO
2026-07-11 15:02:42,1783782162,R_75,55196.391,-1,7.222399999998743,BACKFILL_AUTO
2026-07-11 15:02:44,1783782164,R_75,55193.0456,-1,3.345400000005611,BACKFILL_AUTO
2026-07-11 15:02:46,1783782166,R_75,55187.9798,-1,5.0657999999966705,BACKFILL_AUTO
2026-07-11 15:02:48,1783782168,R_75,55201.6883,1,13.70850000000064,BACKFILL_AUTO
2026-07-11 15:02:50,1783782170,R_75,55191.909,-1,9.779300000001967,BACKFILL_AUTO
2026-07-11 15:02:52,1783782172,R_75,55166.2612,-1,25.647799999998824,BACKFILL_AUTO
2026-07-11 15:02:54,1783782174,R_75,55168.9726,1,2.7114000000001397,BACKFILL_AUTO
2026-07-11 15:02:56,1783782176,R_75,55167.6685,-1,1.304100000001199,BACKFILL_AUTO
2026-07-11 15:02:58,1783782178,R_75,55185.3626,1,17.694100000000617,BACKFILL_AUTO
2026-07-11 15:03:00,1783782180,R_75,55191.9064,1,6.5437999999994645,BACKFILL_AUTO
2026-07-11 15:03:02,1783782182,R_75,55189.0571,-1,2.8493000000016764,BACKFILL_AUTO
2026-07-11 15:03:04,1783782184,R_75,55193.5811,1,4.524000000004889,BACKFILL_AUTO
2026-07-11 15:03:06,1783782186,R_75,55204.5168,1,10.93569999999454,BACKFILL_AUTO
2026-07-11 15:03:08,1783782188,R_75,55215.7174,1,11.20060000000376,BACKFILL_AUTO
2026-07-11 15:03:10,1783782190,R_75,55203.921,-1,11.796399999999267,BACKFILL_AUTO
2026-07-11 15:03:12,1783782192,R_75,55216.7073,1,12.786299999999756,BACKFILL_AUTO
2026-07-11 15:03:14,1783782194,R_75,55209.0595,-1,7.647799999998824,BACKFILL_AUTO
2026-07-11 15:03:16,1783782196,R_75,55226.1522,1,17.092699999993783,BACKFILL_AUTO
2026-07-11 15:03:18,1783782198,R_75,55239.0683,1,12.916100000002189,BACKFILL_AUTO
2026-07-11 15:03:20,1783782200,R_75,55224.8499,-1,14.218399999997928,BACKFILL_AUTO
2026-07-11 15:03:22,1783782202,R_75,55225.4451,1,0.5951999999961117,BACKFILL_AUTO
2026-07-11 15:03:24,1783782204,R_75,55227.0944,1,1.6493000000045868,BACKFILL_AUTO
2026-07-11 15:03:26,1783782206,R_75,55230.5863,1,3.4919000000008964,BACKFILL_AUTO
2026-07-11 15:03:28,1783782208,R_75,55227.2537,-1,3.3326000000015483,BACKFILL_AUTO
2026-07-11 15:03:30,1783782210,R_75,55220.9214,-1,6.332300000001851,BACKFILL_AUTO
2026-07-11 15:03:32,1783782212,R_75,55233.1862,1,12.264799999997194,BACKFILL_AUTO
2026-07-11 15:03:34,1783782214,R_75,55228.9475,-1,4.238699999994424,BACKFILL_AUTO
2026-07-11 15:03:36,1783782216,R_75,55216.7409,-1,12.206600000004983,BACKFILL_AUTO
2026-07-11 15:03:38,1783782218,R_75,55209.4655,-1,7.275399999998626,BACKFILL_AUTO
2026-07-11 15:03:40,1783782220,R_75,55213.4968,1,4.031300000002375,BACKFILL_AUTO
2026-07-11 15:03:42,1783782222,R_75,55211.1561,-1,2.340700000000652,BACKFILL_AUTO
2026-07-11 15:03:44,1783782224,R_75,55209.7096,-1,1.4464999999981956,BACKFILL_AUTO
2026-07-11 15:03:46,1783782226,R_75,55210.3508,1,0.6411999999982072,BACKFILL_AUTO
2026-07-11 15:03:48,1783782228,R_75,55206.6884,-1,3.662400000001071,BACKFILL_AUTO
2026-07-11 15:03:50,1783782230,R_75,55212.8743,1,6.18590000000404,BACKFILL_AUTO
2026-07-11 15:03:52,1783782232,R_75,55213.0185,1,0.1441999999951804,BACKFILL_AUTO
2026-07-11 15:03:54,1783782234,R_75,55228.8903,1,15.871800000000803,BACKFILL_AUTO
2026-07-11 15:03:56,1783782236,R_75,55221.5249,-1,7.36540000000241,BACKFILL_AUTO
2026-07-11 15:03:58,1783782238,R_75,55227.1234,1,5.598500000000058,BACKFILL_AUTO
2026-07-11 15:04:00,1783782240,R_75,55251.3466,1,24.22320000000036,BACKFILL_AUTO
2026-07-11 15:04:02,1783782242,R_75,55249.7431,-1,1.6034999999974389,BACKFILL_AUTO
2026-07-11 15:04:04,1783782244,R_75,55249.2006,-1,0.5425000000032014,BACKFILL_AUTO
2026-07-11 15:04:06,1783782246,R_75,55257.8807,1,8.68010000000504,BACKFILL_AUTO
2026-07-11 15:04:08,1783782248,R_75,55266.453,1,8.572299999999814,BACKFILL_AUTO
2026-07-11 15:04:10,1783782250,R_75,55284.4236,1,17.97060000000056,BACKFILL_AUTO
2026-07-11 15:04:12,1783782252,R_75,55284.6428,1,0.21919999999954598,BACKFILL_AUTO
2026-07-11 15:04:14,1783782254,R_75,55289.5043,1,4.861499999999069,BACKFILL_AUTO
2026-07-11 15:04:16,1783782256,R_75,55283.7152,-1,5.789100000001781,BACKFILL_AUTO
2026-07-11 15:04:18,1783782258,R_75,55258.0204,-1,25.694799999997485,BACKFILL_AUTO
2026-07-11 15:04:20,1783782260,R_75,55261.8385,1,3.8180999999967753,BACKFILL_AUTO
2026-07-11 15:04:22,1783782262,R_75,55243.1231,-1,18.715400000000955,BACKFILL_AUTO
2026-07-11 15:04:24,1783782264,R_75,55244.7651,1,1.6419999999998254,BACKFILL_AUTO
2026-07-11 15:04:26,1783782266,R_75,55240.1786,-1,4.5864999999976135,BACKFILL_AUTO
2026-07-11 15:04:28,1783782268,R_75,55234.2831,-1,5.895499999998719,BACKFILL_AUTO
2026-07-11 15:04:30,1783782270,R_75,55241.7624,1,7.479299999999057,BACKFILL_AUTO
2026-07-11 15:04:32,1783782272,R_75,55232.0474,-1,9.714999999996508,BACKFILL_AUTO
2026-07-11 15:04:34,1783782274,R_75,55211.2389,-1,20.80850000000646,BACKFILL_AUTO
2026-07-11 15:04:36,1783782276,R_75,55205.7683,-1,5.470599999993283,BACKFILL_AUTO
2026-07-11 15:04:38,1783782278,R_75,55184.8488,-1,20.91950000000361,BACKFILL_AUTO
2026-07-11 15:04:40,1783782280,R_75,55171.5428,-1,13.305999999996857,BACKFILL_AUTO
2026-07-11 15:04:42,1783782282,R_75,55172.5397,1,0.996899999998277,BACKFILL_AUTO
2026-07-11 15:04:44,1783782284,R_75,55179.5579,1,7.018199999998615,BACKFILL_AUTO
2026-07-11 15:04:46,1783782286,R_75,55163.0767,-1,16.48120000000199,BACKFILL_AUTO
2026-07-11 15:04:48,1783782288,R_75,55152.3856,-1,10.691099999996368,BACKFILL_AUTO
2026-07-11 15:04:50,1783782290,R_75,55173.5573,1,21.171699999998964,BACKFILL_AUTO
2026-07-11 15:04:52,1783782292,R_75,55165.5148,-1,8.042500000003201,BACKFILL_AUTO
2026-07-11 15:04:54,1783782294,R_75,55162.6257,-1,2.889100000000326,BACKFILL_AUTO
2026-07-11 15:04:56,1783782296,R_75,55149.8562,-1,12.769499999994878,BACKFILL_AUTO
2026-07-11 15:04:58,1783782298,R_75,55144.9994,-1,4.856800000001385,BACKFILL_AUTO
2026-07-11 15:05:00,1783782300,R_75,55141.9737,-1,3.0256999999983236,BACKFILL_AUTO
2026-07-11 15:05:02,1783782302,R_75,55128.6201,-1,13.353600000002189,BACKFILL_AUTO
2026-07-11 15:05:04,1783782304,R_75,55127.2011,-1,1.419000000001688,BACKFILL_AUTO
2026-07-11 15:05:06,1783782306,R_75,55124.5578,-1,2.6432999999960884,BACKFILL_AUTO
2026-07-11 15:05:08,1783782308,R_75,55122.2653,-1,2.2925000000032014,BACKFILL_AUTO
2026-07-11 15:05:10,1783782310,R_75,55116.6137,-1,5.651599999997416,BACKFILL_AUTO
2026-07-11 15:05:12,1783782312,R_75,55123.5489,1,6.935199999999895,BACKFILL_AUTO
2026-07-11 15:05:14,1783782314,R_75,55146.0919,1,22.542999999997846,BACKFILL_AUTO
2026-07-11 15:05:16,1783782316,R_75,55157.8353,1,11.743399999999383,BACKFILL_AUTO
2026-07-11 15:05:18,1783782318,R_75,55148.4176,-1,9.417699999998149,BACKFILL_AUTO
2026-07-11 15:05:20,1783782320,R_75,55143.2766,-1,5.14100000000326,BACKFILL_AUTO
2026-07-11 15:05:22,1783782322,R_75,55153.5247,1,10.248100000004342,BACKFILL_AUTO
2026-07-11 15:05:24,1783782324,R_75,55150.1493,-1,3.375400000004447,BACKFILL_AUTO
2026-07-11 15:05:26,1783782326,R_75,55140.032,-1,10.117299999998068,BACKFILL_AUTO
2026-07-11 15:05:28,1783782328,R_75,55128.3973,-1,11.63470000000234,BACKFILL_AUTO
2026-07-11 15:05:30,1783782330,R_75,55132.8203,1,4.423000000002503,BACKFILL_AUTO
2026-07-11 15:05:32,1783782332,R_75,55139.8515,1,7.031199999997625,BACKFILL_AUTO
2026-07-11 15:05:34,1783782334,R_75,55152.8603,1,13.008800000003248,BACKFILL_AUTO
2026-07-11 15:05:36,1783782336,R_75,55150.149,-1,2.711300000002666,BACKFILL_AUTO
2026-07-11 15:05:38,1783782338,R_75,55161.9971,1,11.848100000002887,BACKFILL_AUTO
2026-07-11 15:05:40,1783782340,R_75,55164.3181,1,2.3209999999962747,BACKFILL_AUTO
2026-07-11 15:05:42,1783782342,R_75,55165.1692,1,0.8510999999998603,BACKFILL_AUTO
2026-07-11 15:05:44,1783782344,R_75,55174.8987,1,9.72950000000128,BACKFILL_AUTO
2026-07-11 15:05:46,1783782346,R_75,55173.92,-1,0.9786999999996624,BACKFILL_AUTO
2026-07-11 15:05:48,1783782348,R_75,55169.0582,-1,4.861799999998766,BACKFILL_AUTO
2026-07-11 15:05:50,1783782350,R_75,55152.8033,-1,16.254899999999907,BACKFILL_AUTO
2026-07-11 15:05:52,1783782352,R_75,55168.0703,1,15.266999999999825,BACKFILL_AUTO
2026-07-11 15:05:54,1783782354,R_75,55175.782,1,7.711699999999837,BACKFILL_AUTO
2026-07-11 15:05:56,1783782356,R_75,55185.2988,1,9.516799999997602,BACKFILL_AUTO
2026-07-11 15:05:58,1783782358,R_75,55200.4669,1,15.168100000002596,BACKFILL_AUTO
2026-07-11 15:06:00,1783782360,R_75,55202.2183,1,1.7514000000010128,BACKFILL_AUTO
2026-07-11 15:06:02,1783782362,R_75,55213.9697,1,11.751400000001013,BACKFILL_AUTO
2026-07-11 15:06:04,1783782364,R_75,55225.4048,1,11.435099999995145,BACKFILL_AUTO
2026-07-11 15:06:06,1783782366,R_75,55230.1752,1,4.770400000001246,BACKFILL_AUTO
2026-07-11 15:06:08,1783782368,R_75,55238.7937,1,8.618500000004133,BACKFILL_AUTO
2026-07-11 15:06:10,1783782370,R_75,55249.0913,1,10.297599999998056,BACKFILL_AUTO
2026-07-11 15:06:12,1783782372,R_75,55244.0933,-1,4.9979999999995925,BACKFILL_AUTO
2026-07-11 15:06:14,1783782374,R_75,55234.6489,-1,9.444400000000314,BACKFILL_AUTO
2026-07-11 15:06:16,1783782376,R_75,55237.016,1,2.36710000000312,BACKFILL_AUTO
2026-07-11 15:06:18,1783782378,R_75,55238.3731,1,1.3570999999938067,BACKFILL_AUTO
2026-07-11 15:06:20,1783782380,R_75,55242.4477,1,4.0745999999999185,BACKFILL_AUTO
2026-07-11 15:06:22,1783782382,R_75,55241.9255,-1,0.5221999999994296,BACKFILL_AUTO
2026-07-11 15:06:24,1783782384,R_75,55231.5784,-1,10.347099999999045,BACKFILL_AUTO
2026-07-11 15:06:26,1783782386,R_75,55221.5715,-1,10.006900000000314,BACKFILL_AUTO
2026-07-11 15:06:28,1783782388,R_75,55214.6645,-1,6.906999999999243,BACKFILL_AUTO
2026-07-11 15:06:30,1783782390,R_75,55186.3539,-1,28.310599999997066,BACKFILL_AUTO
2026-07-11 15:06:32,1783782392,R_75,55185.7853,-1,0.5685999999986961,BACKFILL_AUTO
2026-07-11 15:06:34,1783782394,R_75,55177.0486,-1,8.736700000001292,BACKFILL_AUTO
2026-07-11 15:06:36,1783782396,R_75,55189.2168,1,12.16820000000007,BACKFILL_AUTO
2026-07-11 15:06:38,1783782398,R_75,55194.8481,1,5.63130000000092,BACKFILL_AUTO
2026-07-11 15:06:40,1783782400,R_75,55208.7963,1,13.948199999998906,BACKFILL_AUTO
2026-07-11 15:06:42,1783782402,R_75,55215.5263,1,6.7299999999959255,BACKFILL_AUTO
2026-07-11 15:06:44,1783782404,R_75,55200.5929,-1,14.933399999994435,BACKFILL_AUTO
2026-07-11 15:06:46,1783782406,R_75,55202.0631,1,1.4701999999961117,BACKFILL_AUTO
2026-07-11 15:06:48,1783782408,R_75,55195.8585,-1,6.204599999997299,BACKFILL_AUTO
2026-07-11 15:06:50,1783782410,R_75,55216.4173,1,20.558799999998882,BACKFILL_AUTO
2026-07-11 15:06:52,1783782412,R_75,55220.1211,1,3.703799999995681,BACKFILL_AUTO
2026-07-11 15:06:54,1783782414,R_75,55202.534,-1,17.587099999997008,BACKFILL_AUTO
2026-07-11 15:06:56,1783782416,R_75,55202.0854,-1,0.4485999999960768,BACKFILL_AUTO
2026-07-11 15:06:58,1783782418,R_75,55179.4986,-1,22.586800000004587,BACKFILL_AUTO
2026-07-11 15:07:00,1783782420,R_75,55174.6476,-1,4.8510000000023865,BACKFILL_AUTO
2026-07-11 15:07:02,1783782422,R_75,55173.7598,-1,0.8877999999967869,BACKFILL_AUTO
2026-07-11 15:07:04,1783782424,R_75,55188.7619,1,15.002099999997881,BACKFILL_AUTO
2026-07-11 15:07:06,1783782426,R_75,55186.5538,-1,2.208099999996193,BACKFILL_AUTO
2026-07-11 15:07:08,1783782428,R_75,55186.2001,-1,0.3536999999996624,BACKFILL_AUTO
2026-07-11 15:07:10,1783782430,R_75,55193.4306,1,7.230499999997846,BACKFILL_AUTO
2026-07-11 15:07:12,1783782432,R_75,55212.2928,1,18.862200000003213,BACKFILL_AUTO
2026-07-11 15:07:14,1783782434,R_75,55212.9834,1,0.690599999994447,BACKFILL_AUTO
2026-07-11 15:07:16,1783782436,R_75,55213.0596,1,0.07620000000315486,BACKFILL_AUTO
2026-07-11 15:07:18,1783782438,R_75,55216.2258,1,3.1661999999996624,BACKFILL_AUTO
2026-07-11 15:07:20,1783782440,R_75,55238.3553,1,22.129500000002736,BACKFILL_AUTO
2026-07-11 15:07:22,1783782442,R_75,55227.914,-1,10.441300000005867,BACKFILL_AUTO
2026-07-11 15:07:24,1783782444,R_75,55231.7458,1,3.83179999999993,BACKFILL_AUTO
2026-07-11 15:07:26,1783782446,R_75,55232.4519,1,0.7061000000030617,BACKFILL_AUTO
2026-07-11 15:07:28,1783782448,R_75,55219.4197,-1,13.032200000001467,BACKFILL_AUTO
2026-07-11 15:07:30,1783782450,R_75,55223.6636,1,4.243900000001304,BACKFILL_AUTO
2026-07-11 15:07:32,1783782452,R_75,55215.009,-1,8.654600000001665,BACKFILL_AUTO
2026-07-11 15:07:34,1783782454,R_75,55207.9872,-1,7.0217999999949825,BACKFILL_AUTO
2026-07-11 15:07:36,1783782456,R_75,55211.9077,1,3.9205000000001746,BACKFILL_AUTO
2026-07-11 15:07:38,1783782458,R_75,55214.6632,1,2.7554999999993015,BACKFILL_AUTO
2026-07-11 15:07:40,1783782460,R_75,55207.6718,-1,6.9914000000062515,BACKFILL_AUTO
2026-07-11 15:07:42,1783782462,R_75,55201.5241,-1,6.1476999999940745,BACKFILL_AUTO
2026-07-11 15:07:44,1783782464,R_75,55199.7365,-1,1.7876000000032946,BACKFILL_AUTO
2026-07-11 15:07:46,1783782466,R_75,55190.1574,-1,9.579100000002654,BACKFILL_AUTO
2026-07-11 15:07:48,1783782468,R_75,55192.6724,1,2.515000000006694,BACKFILL_AUTO
2026-07-11 15:07:50,1783782470,R_75,55194.8292,1,2.1567999999970198,BACKFILL_AUTO
2026-07-11 15:07:52,1783782472,R_75,55200.7854,1,5.9562000000005355,BACKFILL_AUTO
2026-07-11 15:07:54,1783782474,R_75,55208.8632,1,8.077799999999115,BACKFILL_AUTO
2026-07-11 15:07:56,1783782476,R_75,55203.0067,-1,5.856500000001688,BACKFILL_AUTO
2026-07-11 15:07:58,1783782478,R_75,55201.9281,-1,1.0786000000007334,BACKFILL_AUTO
2026-07-11 15:08:00,1783782480,R_75,55180.7082,-1,21.219899999996414,BACKFILL_AUTO
2026-07-11 15:08:02,1783782482,R_75,55170.5358,-1,10.172400000003108,BACKFILL_AUTO
2026-07-11 15:08:04,1783782484,R_75,55168.9747,-1,1.5610999999989872,BACKFILL_AUTO
2026-07-11 15:08:06,1783782486,R_75,55152.1928,-1,16.78190000000177,BACKFILL_AUTO
2026-07-11 15:08:08,1783782488,R_75,55157.6765,1,5.483700000004319,BACKFILL_AUTO
2026-07-11 15:08:10,1783782490,R_75,55148.6481,-1,9.028400000002875,BACKFILL_AUTO
2026-07-11 15:08:12,1783782492,R_75,55128.3571,-1,20.29099999999744,BACKFILL_AUTO
2026-07-11 15:08:14,1783782494,R_75,55135.0299,1,6.672800000000279,BACKFILL_AUTO
2026-07-11 15:08:16,1783782496,R_75,55120.7608,-1,14.269100000004983,BACKFILL_AUTO
2026-07-11 15:08:18,1783782498,R_75,55108.6749,-1,12.085899999998219,BACKFILL_AUTO
2026-07-11 15:08:20,1783782500,R_75,55097.701,-1,10.97389999999723,BACKFILL_AUTO
2026-07-11 15:08:22,1783782502,R_75,55091.0297,-1,6.671300000001793,BACKFILL_AUTO
2026-07-11 15:08:24,1783782504,R_75,55086.7279,-1,4.301800000001094,BACKFILL_AUTO
2026-07-11 15:08:26,1783782506,R_75,55080.3476,-1,6.380299999997078,BACKFILL_AUTO
2026-07-11 15:08:28,1783782508,R_75,55081.2674,1,0.9197999999960302,BACKFILL_AUTO
2026-07-11 15:08:30,1783782510,R_75,55087.8404,1,6.573000000003958,BACKFILL_AUTO
2026-07-11 15:08:32,1783782512,R_75,55080.6664,-1,7.173999999999069,BACKFILL_AUTO
2026-07-11 15:08:34,1783782514,R_75,55076.1967,-1,4.469700000001467,BACKFILL_AUTO
2026-07-11 15:08:36,1783782516,R_75,55095.712,1,19.515299999999115,BACKFILL_AUTO
2026-07-11 15:08:38,1783782518,R_75,55085.3069,-1,10.40509999999631,BACKFILL_AUTO
2026-07-11 15:08:40,1783782520,R_75,55094.5158,1,9.208899999997811,BACKFILL_AUTO
2026-07-11 15:08:42,1783782522,R_75,55104.1285,1,9.612699999997858,BACKFILL_AUTO
2026-07-11 15:08:44,1783782524,R_75,55094.9759,-1,9.152600000001257,BACKFILL_AUTO
2026-07-11 15:08:46,1783782526,R_75,55094.3395,-1,0.6363999999957741,BACKFILL_AUTO
2026-07-11 15:08:48,1783782528,R_75,55073.854,-1,20.485500000002503,BACKFILL_AUTO
2026-07-11 15:08:50,1783782530,R_75,55054.4422,-1,19.411800000001676,BACKFILL_AUTO
2026-07-11 15:08:52,1783782532,R_75,55053.3687,-1,1.073499999998603,BACKFILL_AUTO
2026-07-11 15:08:54,1783782534,R_75,55031.8174,-1,21.551299999999173,BACKFILL_AUTO
2026-07-11 15:08:56,1783782536,R_75,55027.9197,-1,3.8977000000013504,BACKFILL_AUTO
2026-07-11 15:08:58,1783782538,R_75,55011.266,-1,16.653699999995297,BACKFILL_AUTO
2026-07-11 15:09:00,1783782540,R_75,55003.0081,-1,8.257900000004156,BACKFILL_AUTO
2026-07-11 15:09:02,1783782542,R_75,55020.1951,1,17.18699999999808,BACKFILL_AUTO
2026-07-11 15:09:04,1783782544,R_75,55031.5485,1,11.353399999999965,BACKFILL_AUTO
2026-07-11 15:09:06,1783782546,R_75,55036.5576,1,5.009100000002945,BACKFILL_AUTO
2026-07-11 15:09:08,1783782548,R_75,55038.178,1,1.6203999999997905,BACKFILL_AUTO
2026-07-11 15:09:10,1783782550,R_75,55045.7245,1,7.54649999999674,BACKFILL_AUTO
2026-07-11 15:09:12,1783782552,R_75,55042.4917,-1,3.232799999997951,BACKFILL_AUTO
2026-07-11 15:09:14,1783782554,R_75,55044.0772,1,1.5855000000010477,BACKFILL_AUTO
2026-07-11 15:09:16,1783782556,R_75,55053.9537,1,9.876499999998487,BACKFILL_AUTO
2026-07-11 15:09:18,1783782558,R_75,55057.9463,1,3.992600000005041,BACKFILL_AUTO
2026-07-11 15:09:20,1783782560,R_75,55065.1591,1,7.2127999999938766,BACKFILL_AUTO
2026-07-11 15:09:22,1783782562,R_75,55065.8497,1,0.690600000001723,BACKFILL_AUTO
2026-07-11 15:09:24,1783782564,R_75,55052.5878,-1,13.261899999997695,BACKFILL_AUTO
2026-07-11 15:09:26,1783782566,R_75,55064.4188,1,11.830999999998312,BACKFILL_AUTO
2026-07-11 15:09:28,1783782568,R_75,55043.9668,-1,20.451999999997497,BACKFILL_AUTO
2026-07-11 15:09:30,1783782570,R_75,55043.8865,-1,0.08030000000144355,BACKFILL_AUTO
2026-07-11 15:09:32,1783782572,R_75,55053.3462,1,9.45969999999943,BACKFILL_AUTO
2026-07-11 15:09:34,1783782574,R_75,55034.5709,-1,18.775300000001153,BACKFILL_AUTO
2026-07-11 15:09:36,1783782576,R_75,55027.2746,-1,7.296300000001793,BACKFILL_AUTO
2026-07-11 15:09:38,1783782578,R_75,55006.9671,-1,20.307499999995343,BACKFILL_AUTO
2026-07-11 15:09:40,1783782580,R_75,55006.2316,-1,0.7355000000025029,BACKFILL_AUTO
2026-07-11 15:09:42,1783782582,R_75,55018.5843,1,12.352700000003097,BACKFILL_AUTO
2026-07-11 15:09:44,1783782584,R_75,55024.7014,1,6.117099999995844,BACKFILL_AUTO
2026-07-11 15:09:46,1783782586,R_75,55018.7533,-1,5.948100000001432,BACKFILL_AUTO
2026-07-11 15:09:48,1783782588,R_75,55019.6606,1,0.9073000000062166,BACKFILL_AUTO
2026-07-11 15:09:50,1783782590,R_75,55014.2417,-1,5.418900000004214,BACKFILL_AUTO
2026-07-11 15:09:52,1783782592,R_75,55007.1831,-1,7.058599999996659,BACKFILL_AUTO
2026-07-11 15:09:54,1783782594,R_75,54995.3229,-1,11.860200000002806,BACKFILL_AUTO
2026-07-11 15:09:56,1783782596,R_75,54975.5604,-1,19.76249999999709,BACKFILL_AUTO
2026-07-11 15:09:58,1783782598,R_75,54992.4406,1,16.880199999999604,BACKFILL_AUTO
2026-07-11 15:10:00,1783782600,R_75,54994.5528,1,2.112199999995937,BACKFILL_AUTO
2026-07-11 15:10:02,1783782602,R_75,54987.5806,-1,6.972199999996519,BACKFILL_AUTO
2026-07-11 15:10:04,1783782604,R_75,54984.6444,-1,2.936200000003737,BACKFILL_AUTO
2026-07-11 15:10:06,1783782606,R_75,54981.8862,-1,2.7581999999965774,BACKFILL_AUTO
2026-07-11 15:10:08,1783782608,R_75,54998.6791,1,16.792900000000373,BACKFILL_AUTO
2026-07-11 15:10:10,1783782610,R_75,54987.3095,-1,11.369599999998172,BACKFILL_AUTO
2026-07-11 15:10:12,1783782612,R_75,54999.2158,1,11.906299999995099,BACKFILL_AUTO
2026-07-11 15:10:14,1783782614,R_75,54987.3286,-1,11.887199999997392,BACKFILL_AUTO
2026-07-11 15:10:16,1783782616,R_75,54972.5812,-1,14.747400000000198,BACKFILL_AUTO
2026-07-11 15:10:18,1783782618,R_75,54953.7365,-1,18.844700000001467,BACKFILL_AUTO
2026-07-11 15:10:20,1783782620,R_75,54945.2145,-1,8.521999999997206,BACKFILL_AUTO
2026-07-11 15:10:22,1783782622,R_75,54954.9893,1,9.774799999999232,BACKFILL_AUTO
2026-07-11 15:10:24,1783782624,R_75,54971.4299,1,16.440600000001723,BACKFILL_AUTO
2026-07-11 15:10:26,1783782626,R_75,54960.2625,-1,11.167400000005728,BACKFILL_AUTO
2026-07-11 15:10:28,1783782628,R_75,54958.7468,-1,1.5156999999962864,BACKFILL_AUTO
2026-07-11 15:10:30,1783782630,R_75,54952.7262,-1,6.020600000003469,BACKFILL_AUTO
2026-07-11 15:10:32,1783782632,R_75,54959.3069,1,6.580700000005891,BACKFILL_AUTO
2026-07-11 15:10:34,1783782634,R_75,54966.6466,1,7.33969999999681,BACKFILL_AUTO
2026-07-11 15:10:36,1783782636,R_75,54985.9626,1,19.315999999998894,BACKFILL_AUTO
2026-07-11 15:10:38,1783782638,R_75,54985.1125,-1,0.8500999999960186,BACKFILL_AUTO
2026-07-11 15:10:40,1783782640,R_75,54974.9604,-1,10.152099999999336,BACKFILL_AUTO
2026-07-11 15:10:42,1783782642,R_75,54964.6929,-1,10.267500000001746,BACKFILL_AUTO
2026-07-11 15:10:44,1783782644,R_75,54957.7255,-1,6.967400000001362,BACKFILL_AUTO
2026-07-11 15:10:46,1783782646,R_75,54974.4072,1,16.681700000001,BACKFILL_AUTO
2026-07-11 15:10:48,1783782648,R_75,54963.2383,-1,11.168900000004214,BACKFILL_AUTO
2026-07-11 15:10:50,1783782650,R_75,54944.6248,-1,18.613499999999476,BACKFILL_AUTO
2026-07-11 15:10:52,1783782652,R_75,54947.1356,1,2.5108000000036554,BACKFILL_AUTO
2026-07-11 15:10:54,1783782654,R_75,54954.1108,1,6.975200000000768,BACKFILL_AUTO
2026-07-11 15:10:56,1783782656,R_75,54962.6521,1,8.541299999997136,BACKFILL_AUTO
2026-07-11 15:10:58,1783782658,R_75,54971.7567,1,9.104599999998754,BACKFILL_AUTO
2026-07-11 15:11:00,1783782660,R_75,54970.6819,-1,1.074799999994866,BACKFILL_AUTO
2026-07-11 15:11:02,1783782662,R_75,54958.512,-1,12.16990000000078,BACKFILL_AUTO
2026-07-11 15:11:04,1783782664,R_75,54965.1957,1,6.683699999994133,BACKFILL_AUTO
2026-07-11 15:11:06,1783782666,R_75,54964.3742,-1,0.8214999999981956,BACKFILL_AUTO
2026-07-11 15:11:08,1783782668,R_75,54977.477,1,13.10280000000057,BACKFILL_AUTO
2026-07-11 15:11:10,1783782670,R_75,54979.8769,1,2.3999000000039814,BACKFILL_AUTO
2026-07-11 15:11:12,1783782672,R_75,54985.9315,1,6.054599999995844,BACKFILL_AUTO
2026-07-11 15:11:14,1783782674,R_75,54999.6153,1,13.683799999998882,BACKFILL_AUTO
2026-07-11 15:11:16,1783782676,R_75,54991.7047,-1,7.910599999995611,BACKFILL_AUTO
2026-07-11 15:11:18,1783782678,R_75,54988.2108,-1,3.493900000001304,BACKFILL_AUTO
2026-07-11 15:11:20,1783782680,R_75,54998.0789,1,9.868099999999686,BACKFILL_AUTO
2026-07-11 15:11:22,1783782682,R_75,55009.6396,1,11.560700000001816,BACKFILL_AUTO
2026-07-11 15:11:24,1783782684,R_75,54992.1002,-1,17.53940000000148,BACKFILL_AUTO
2026-07-11 15:11:26,1783782686,R_75,54989.266,-1,2.8341999999975087,BACKFILL_AUTO
2026-07-11 15:11:28,1783782688,R_75,54976.1998,-1,13.066200000001118,BACKFILL_AUTO
2026-07-11 15:11:30,1783782690,R_75,54968.639,-1,7.56079999999929,BACKFILL_AUTO
2026-07-11 15:11:32,1783782692,R_75,54975.8894,1,7.250399999997171,BACKFILL_AUTO
2026-07-11 15:11:34,1783782694,R_75,54974.4826,-1,1.4067999999970198,BACKFILL_AUTO
2026-07-11 15:11:36,1783782696,R_75,54975.4963,1,1.013699999995879,BACKFILL_AUTO
2026-07-11 15:11:38,1783782698,R_75,54980.3246,1,4.828300000001036,BACKFILL_AUTO
2026-07-11 15:11:40,1783782700,R_75,54988.2083,1,7.883699999998498,BACKFILL_AUTO
2026-07-11 15:11:42,1783782702,R_75,54983.1488,-1,5.059499999995751,BACKFILL_AUTO
2026-07-11 15:11:44,1783782704,R_75,54964.1964,-1,18.952400000001944,BACKFILL_AUTO
2026-07-11 15:11:46,1783782706,R_75,54963.3374,-1,0.8590000000040163,BACKFILL_AUTO
2026-07-11 15:11:48,1783782708,R_75,54962.7178,-1,0.6195999999981723,BACKFILL_AUTO
2026-07-11 15:11:50,1783782710,R_75,54973.5259,1,10.808100000002014,BACKFILL_AUTO
2026-07-11 15:11:52,1783782712,R_75,54968.9709,-1,4.555000000000291,BACKFILL_AUTO
2026-07-11 15:11:54,1783782714,R_75,54965.5088,-1,3.462099999997008,BACKFILL_AUTO
2026-07-11 15:11:56,1783782716,R_75,54971.773,1,6.2641999999978,BACKFILL_AUTO
2026-07-11 15:11:58,1783782718,R_75,55004.1774,1,32.40439999999944,BACKFILL_AUTO
2026-07-11 15:12:00,1783782720,R_75,55012.1998,1,8.022400000001653,BACKFILL_AUTO
2026-07-11 15:12:02,1783782722,R_75,54991.0038,-1,21.19600000000355,BACKFILL_AUTO
2026-07-11 15:12:04,1783782724,R_75,54988.7518,-1,2.2520000000004075,BACKFILL_AUTO
2026-07-11 15:12:06,1783782726,R_75,54988.732,-1,0.019799999994575046,BACKFILL_AUTO
2026-07-11 15:12:08,1783782728,R_75,54985.4663,-1,3.2657000000035623,BACKFILL_AUTO
2026-07-11 15:12:10,1783782730,R_75,54971.1803,-1,14.286000000000058,BACKFILL_AUTO
2026-07-11 15:12:12,1783782732,R_75,54997.5823,1,26.402000000001863,BACKFILL_AUTO
2026-07-11 15:12:14,1783782734,R_75,55000.0489,1,2.466599999999744,BACKFILL_AUTO
2026-07-11 15:12:16,1783782736,R_75,54995.259,-1,4.789900000003399,BACKFILL_AUTO
2026-07-11 15:12:18,1783782738,R_75,54999.9076,1,4.648600000000442,BACKFILL_AUTO
2026-07-11 15:12:20,1783782740,R_75,54999.2326,-1,0.6749999999956344,BACKFILL_AUTO
2026-07-11 15:12:22,1783782742,R_75,54993.6312,-1,5.601399999999558,BACKFILL_AUTO
2026-07-11 15:12:24,1783782744,R_75,55008.7873,1,15.156100000000151,BACKFILL_AUTO
2026-07-11 15:12:26,1783782746,R_75,54996.5104,-1,12.276900000004389,BACKFILL_AUTO
2026-07-11 15:12:28,1783782748,R_75,54992.1258,-1,4.38459999999759,BACKFILL_AUTO
2026-07-11 15:12:30,1783782750,R_75,54989.062,-1,3.063800000003539,BACKFILL_AUTO
2026-07-11 15:12:32,1783782752,R_75,54959.7869,-1,29.27509999999893,BACKFILL_AUTO
2026-07-11 15:12:34,1783782754,R_75,54966.5708,1,6.783900000002177,BACKFILL_AUTO
2026-07-11 15:12:36,1783782756,R_75,54977.589,1,11.018199999998615,BACKFILL_AUTO
2026-07-11 15:12:38,1783782758,R_75,54975.7549,-1,1.834100000000035,BACKFILL_AUTO
2026-07-11 15:12:40,1783782760,R_75,54981.7025,1,5.947599999999511,BACKFILL_AUTO
2026-07-11 15:12:42,1783782762,R_75,54976.049,-1,5.653500000000349,BACKFILL_AUTO
2026-07-11 15:12:44,1783782764,R_75,54973.248,-1,2.800999999999476,BACKFILL_AUTO
2026-07-11 15:12:46,1783782766,R_75,54983.7699,1,10.521899999999732,BACKFILL_AUTO
2026-07-11 15:12:48,1783782768,R_75,54986.077,1,2.3070999999981723,BACKFILL_AUTO
2026-07-11 15:12:50,1783782770,R_75,54991.4017,1,5.324700000004668,BACKFILL_AUTO
2026-07-11 15:12:52,1783782772,R_75,55025.8828,1,34.48109999999724,BACKFILL_AUTO
2026-07-11 15:12:54,1783782774,R_75,55046.1137,1,20.230900000002293,BACKFILL_AUTO
2026-07-11 15:12:56,1783782776,R_75,55041.8414,-1,4.272300000004179,BACKFILL_AUTO
2026-07-11 15:12:58,1783782778,R_75,55055.384,1,13.542600000000675,BACKFILL_AUTO
2026-07-11 15:13:00,1783782780,R_75,55051.0471,-1,4.336899999994785,BACKFILL_AUTO
2026-07-11 15:13:02,1783782782,R_75,55063.3843,1,12.337199999994482,BACKFILL_AUTO
2026-07-11 15:13:04,1783782784,R_75,55052.7463,-1,10.63799999999901,BACKFILL_AUTO
2026-07-11 15:13:06,1783782786,R_75,55040.2208,-1,12.5254999999961,BACKFILL_AUTO
2026-07-11 15:13:08,1783782788,R_75,55023.4336,-1,16.787200000006123,BACKFILL_AUTO
2026-07-11 15:13:10,1783782790,R_75,55032.9431,1,9.509500000000116,BACKFILL_AUTO
2026-07-11 15:13:12,1783782792,R_75,55026.1533,-1,6.78979999999865,BACKFILL_AUTO
2026-07-11 15:13:14,1783782794,R_75,55005.0944,-1,21.058899999996356,BACKFILL_AUTO
2026-07-11 15:13:16,1783782796,R_75,55003.0734,-1,2.0210000000006403,BACKFILL_AUTO
2026-07-11 15:13:18,1783782798,R_75,54997.748,-1,5.325400000001537,BACKFILL_AUTO
2026-07-11 15:13:20,1783782800,R_75,55002.0454,1,4.297400000003108,BACKFILL_AUTO
2026-07-11 15:13:22,1783782802,R_75,54999.0593,-1,2.9861000000018976,BACKFILL_AUTO
2026-07-11 15:13:24,1783782804,R_75,54987.6492,-1,11.410100000000966,BACKFILL_AUTO
2026-07-11 15:13:26,1783782806,R_75,54970.1803,-1,17.46889999999985,BACKFILL_AUTO
2026-07-11 15:13:28,1783782808,R_75,54971.2476,1,1.067300000002433,BACKFILL_AUTO
2026-07-11 15:13:30,1783782810,R_75,54967.9901,-1,3.257499999999709,BACKFILL_AUTO
2026-07-11 15:13:32,1783782812,R_75,54964.8882,-1,3.1019000000014785,BACKFILL_AUTO
2026-07-11 15:13:34,1783782814,R_75,54986.1116,1,21.22339999999531,BACKFILL_AUTO
2026-07-11 15:13:36,1783782816,R_75,54989.3302,1,3.2186000000001513,BACKFILL_AUTO
2026-07-11 15:13:38,1783782818,R_75,54967.4307,-1,21.899499999999534,BACKFILL_AUTO
2026-07-11 15:13:40,1783782820,R_75,54982.0149,1,14.584200000004785,BACKFILL_AUTO
2026-07-11 15:13:42,1783782822,R_75,54966.9576,-1,15.057300000000396,BACKFILL_AUTO
2026-07-11 15:13:44,1783782824,R_75,54984.645,1,17.68739999999525,BACKFILL_AUTO
2026-07-11 15:13:46,1783782826,R_75,54973.9617,-1,10.683299999996962,BACKFILL_AUTO
2026-07-11 15:13:48,1783782828,R_75,54961.6737,-1,12.288000000000466,BACKFILL_AUTO
2026-07-11 15:13:50,1783782830,R_75,54961.2482,-1,0.4254999999975553,BACKFILL_AUTO
2026-07-11 15:13:52,1783782832,R_75,54979.7263,1,18.478100000000268,BACKFILL_AUTO
2026-07-11 15:13:54,1783782834,R_75,54972.9073,-1,6.819000000003143,BACKFILL_AUTO
2026-07-11 15:13:56,1783782836,R_75,54965.4652,-1,7.4421000000002095,BACKFILL_AUTO
2026-07-11 15:13:58,1783782838,R_75,54958.469,-1,6.996200000001409,BACKFILL_AUTO
2026-07-11 15:14:00,1783782840,R_75,54959.5695,1,1.1005000000004657,BACKFILL_AUTO
2026-07-11 15:14:02,1783782842,R_75,54959.7616,1,0.19210000000020955,BACKFILL_AUTO
2026-07-11 15:14:04,1783782844,R_75,54948.9751,-1,10.786499999994703,BACKFILL_AUTO
2026-07-11 15:14:06,1783782846,R_75,54931.5778,-1,17.39730000000418,BACKFILL_AUTO
2026-07-11 15:14:08,1783782848,R_75,54931.2122,-1,0.36559999999735737,BACKFILL_AUTO
2026-07-11 15:14:10,1783782850,R_75,54915.6589,-1,15.553299999999581,BACKFILL_AUTO
2026-07-11 15:14:12,1783782852,R_75,54916.2008,1,0.5418999999965308,BACKFILL_AUTO
2026-07-11 15:14:14,1783782854,R_75,54922.6596,1,6.458800000000338,BACKFILL_AUTO
2026-07-11 15:14:16,1783782856,R_75,54923.8231,1,1.1635000000023865,BACKFILL_AUTO
2026-07-11 15:14:18,1783782858,R_75,54938.2501,1,14.426999999996042,BACKFILL_AUTO
2026-07-11 15:14:20,1783782860,R_75,54963.0424,1,24.792300000000978,BACKFILL_AUTO
2026-07-11 15:14:22,1783782862,R_75,54952.7262,-1,10.316200000001118,BACKFILL_AUTO
2026-07-11 15:14:24,1783782864,R_75,54937.298,-1,15.428199999994831,BACKFILL_AUTO
2026-07-11 15:14:26,1783782866,R_75,54950.3474,1,13.04939999999624,BACKFILL_AUTO
2026-07-11 15:14:28,1783782868,R_75,54954.2432,1,3.8957999999984168,BACKFILL_AUTO
2026-07-11 15:14:30,1783782870,R_75,54964.1337,1,9.890500000001339,BACKFILL_AUTO
2026-07-11 15:14:32,1783782872,R_75,54950.7242,-1,13.409500000001572,BACKFILL_AUTO
2026-07-11 15:14:34,1783782874,R_75,54958.7764,1,8.052200000005541,BACKFILL_AUTO
2026-07-11 15:14:36,1783782876,R_75,54957.3994,-1,1.3770000000004075,BACKFILL_AUTO
2026-07-11 15:14:38,1783782878,R_75,54964.1445,1,6.745100000000093,BACKFILL_AUTO
2026-07-11 15:14:40,1783782880,R_75,54981.1599,1,17.01539999999659,BACKFILL_AUTO
2026-07-11 15:14:42,1783782882,R_75,54969.7473,-1,11.412599999996019,BACKFILL_AUTO
2026-07-11 15:14:44,1783782884,R_75,54985.914,1,16.166699999994307,BACKFILL_AUTO
2026-07-11 15:14:46,1783782886,R_75,54999.4827,1,13.568700000003446,BACKFILL_AUTO
2026-07-11 15:14:48,1783782888,R_75,54989.4858,-1,9.996899999998277,BACKFILL_AUTO
2026-07-11 15:14:50,1783782890,R_75,54989.0967,-1,0.38910000000032596,BACKFILL_AUTO
2026-07-11 15:14:52,1783782892,R_75,54983.9968,-1,5.099900000001071,BACKFILL_AUTO
2026-07-11 15:14:54,1783782894,R_75,54984.2195,1,0.22269999999844003,BACKFILL_AUTO
2026-07-11 15:14:56,1783782896,R_75,54971.7095,-1,12.510000000002037,BACKFILL_AUTO
2026-07-11 15:14:58,1783782898,R_75,54973.2435,1,1.5339999999996508,BACKFILL_AUTO
2026-07-11 15:15:00,1783782900,R_75,54984.1687,1,10.925200000005134,BACKFILL_AUTO
2026-07-11 15:15:02,1783782902,R_75,54989.913,1,5.744299999998475,BACKFILL_AUTO
2026-07-11 15:15:04,1783782904,R_75,54980.641,-1,9.271999999997206,BACKFILL_AUTO
2026-07-11 15:15:06,1783782906,R_75,54992.4323,1,11.791299999997136,BACKFILL_AUTO
2026-07-11 15:15:08,1783782908,R_75,55002.2849,1,9.852599999998347,BACKFILL_AUTO
2026-07-11 15:15:10,1783782910,R_75,54997.7303,-1,4.554599999995844,BACKFILL_AUTO
2026-07-11 15:15:12,1783782912,R_75,54992.4763,-1,5.254000000000815,BACKFILL_AUTO
2026-07-11 15:15:14,1783782914,R_75,54987.7783,-1,4.698000000003958,BACKFILL_AUTO
2026-07-11 15:15:16,1783782916,R_75,54998.34,1,10.561699999998382,BACKFILL_AUTO
2026-07-11 15:15:18,1783782918,R_75,55005.5832,1,7.243200000004435,BACKFILL_AUTO
2026-07-11 15:15:20,1783782920,R_75,54986.5292,-1,19.054000000003725,BACKFILL_AUTO
2026-07-11 15:15:22,1783782922,R_75,54974.4426,-1,12.086599999995087,BACKFILL_AUTO
2026-07-11 15:15:24,1783782924,R_75,54985.4706,1,11.027999999998428,BACKFILL_AUTO
2026-07-11 15:15:26,1783782926,R_75,54984.447,-1,1.0236000000004424,BACKFILL_AUTO
2026-07-11 15:15:28,1783782928,R_75,54969.9698,-1,14.477200000001176,BACKFILL_AUTO
2026-07-11 15:15:30,1783782930,R_75,54966.4613,-1,3.5084999999962747,BACKFILL_AUTO
2026-07-11 15:15:32,1783782932,R_75,54970.5835,1,4.122199999997974,BACKFILL_AUTO
2026-07-11 15:15:34,1783782934,R_75,54984.5655,1,13.981999999996333,BACKFILL_AUTO
2026-07-11 15:15:36,1783782936,R_75,54972.6627,-1,11.902799999996205,BACKFILL_AUTO
2026-07-11 15:15:38,1783782938,R_75,54980.0876,1,7.424899999998161,BACKFILL_AUTO
2026-07-11 15:15:40,1783782940,R_75,54986.821,1,6.733400000004622,BACKFILL_AUTO
2026-07-11 15:15:42,1783782942,R_75,54999.5026,1,12.681599999996251,BACKFILL_AUTO
2026-07-11 15:15:44,1783782944,R_75,54996.937,-1,2.565600000001723,BACKFILL_AUTO
2026-07-11 15:15:46,1783782946,R_75,55013.4407,1,16.503700000001118,BACKFILL_AUTO
2026-07-11 15:15:48,1783782948,R_75,55012.7569,-1,0.6837999999988824,BACKFILL_AUTO
2026-07-11 15:15:50,1783782950,R_75,54998.7305,-1,14.026400000002468,BACKFILL_AUTO
2026-07-11 15:15:52,1783782952,R_75,55019.5093,1,20.778800000000047,BACKFILL_AUTO
2026-07-11 15:15:54,1783782954,R_75,55022.5666,1,3.057300000000396,BACKFILL_AUTO
2026-07-11 15:15:56,1783782956,R_75,55011.9326,-1,10.633999999998196,BACKFILL_AUTO
2026-07-11 15:15:58,1783782958,R_75,55005.1779,-1,6.754699999997683,BACKFILL_AUTO
2026-07-11 15:16:00,1783782960,R_75,55002.9079,-1,2.2700000000040745,BACKFILL_AUTO
2026-07-11 15:16:02,1783782962,R_75,55009.3095,1,6.4016000000046915,BACKFILL_AUTO
2026-07-11 15:16:04,1783782964,R_75,55002.0481,-1,7.26140000000305,BACKFILL_AUTO
2026-07-11 15:16:06,1783782966,R_75,54993.7064,-1,8.341699999997218,BACKFILL_AUTO
2026-07-11 15:16:08,1783782968,R_75,54991.6056,-1,2.100800000000163,BACKFILL_AUTO
2026-07-11 15:16:10,1783782970,R_75,54978.194,-1,13.411599999999453,BACKFILL_AUTO
2026-07-11 15:16:12,1783782972,R_75,54990.1984,1,12.004399999997986,BACKFILL_AUTO
2026-07-11 15:16:14,1783782974,R_75,54992.1866,1,1.9881999999997788,BACKFILL_AUTO
2026-07-11 15:16:16,1783782976,R_75,54994.5618,1,2.3752000000022235,BACKFILL_AUTO
2026-07-11 15:16:18,1783782978,R_75,55013.8451,1,19.283299999995506,BACKFILL_AUTO
2026-07-11 15:16:20,1783782980,R_75,55013.8403,-1,0.004799999995157123,BACKFILL_AUTO
2026-07-11 15:16:22,1783782982,R_75,55020.3528,1,6.51249999999709,BACKFILL_AUTO
2026-07-11 15:16:24,1783782984,R_75,55015.7034,-1,4.6494000000020606,BACKFILL_AUTO
2026-07-11 15:16:26,1783782986,R_75,55005.1113,-1,10.592100000001665,BACKFILL_AUTO
2026-07-11 15:16:28,1783782988,R_75,54998.5014,-1,6.609899999995832,BACKFILL_AUTO
2026-07-11 15:16:30,1783782990,R_75,54984.5822,-1,13.919200000003912,BACKFILL_AUTO
2026-07-11 15:16:32,1783782992,R_75,54990.447,1,5.864800000003015,BACKFILL_AUTO
2026-07-11 15:16:34,1783782994,R_75,55001.1719,1,10.724900000001071,BACKFILL_AUTO
2026-07-11 15:16:36,1783782996,R_75,55006.587,1,5.415099999998347,BACKFILL_AUTO
2026-07-11 15:16:38,1783782998,R_75,55005.8661,-1,0.7209000000002561,BACKFILL_AUTO
2026-07-11 15:16:40,1783783000,R_75,55003.5496,-1,2.316500000000815,BACKFILL_AUTO
2026-07-11 15:16:42,1783783002,R_75,55000.5651,-1,2.9844999999986612,BACKFILL_AUTO
2026-07-11 15:16:44,1783783004,R_75,54994.5328,-1,6.032299999998941,BACKFILL_AUTO
2026-07-11 15:16:46,1783783006,R_75,54993.4675,-1,1.0653000000020256,BACKFILL_AUTO
2026-07-11 15:16:48,1783783008,R_75,54999.5289,1,6.0613999999986845,BACKFILL_AUTO
2026-07-11 15:16:50,1783783010,R_75,55010.2643,1,10.73540000000503,BACKFILL_AUTO
2026-07-11 15:16:52,1783783012,R_75,55012.1012,1,1.8368999999947846,BACKFILL_AUTO
2026-07-11 15:16:54,1783783014,R_75,55007.1244,-1,4.976799999996729,BACKFILL_AUTO
2026-07-11 15:16:56,1783783016,R_75,55011.3303,1,4.205900000000838,BACKFILL_AUTO
2026-07-11 15:16:58,1783783018,R_75,55010.4035,-1,0.9268000000010943,BACKFILL_AUTO
2026-07-11 15:17:00,1783783020,R_75,55029.6358,1,19.23229999999603,BACKFILL_AUTO
2026-07-11 15:17:02,1783783022,R_75,55048.2835,1,18.64770000000135,BACKFILL_AUTO
2026-07-11 15:17:04,1783783024,R_75,55045.0781,-1,3.2053999999989173,BACKFILL_AUTO
2026-07-11 15:17:06,1783783026,R_75,55040.28,-1,4.798099999999977,BACKFILL_AUTO
2026-07-11 15:17:08,1783783028,R_75,55029.6689,-1,10.611100000001898,BACKFILL_AUTO
2026-07-11 15:17:10,1783783030,R_75,55045.5526,1,15.883700000005774,BACKFILL_AUTO
2026-07-11 15:17:12,1783783032,R_75,55043.3434,-1,2.2092000000047847,BACKFILL_AUTO
2026-07-11 15:17:14,1783783034,R_75,55044.6803,1,1.3369000000020606,BACKFILL_AUTO
2026-07-11 15:17:16,1783783036,R_75,55050.8349,1,6.154600000001665,BACKFILL_AUTO
2026-07-11 15:17:18,1783783038,R_75,55054.7159,1,3.8810000000012224,BACKFILL_AUTO
2026-07-11 15:17:20,1783783040,R_75,55064.4287,1,9.712799999993877,BACKFILL_AUTO
2026-07-11 15:17:22,1783783042,R_75,55078.4859,1,14.057200000002922,BACKFILL_AUTO
2026-07-11 15:17:24,1783783044,R_75,55080.5374,1,2.051500000001397,BACKFILL_AUTO
2026-07-11 15:17:26,1783783046,R_75,55085.5492,1,5.011800000000221,BACKFILL_AUTO
2026-07-11 15:17:28,1783783048,R_75,55095.1315,1,9.582300000001851,BACKFILL_AUTO
2026-07-11 15:17:30,1783783050,R_75,55082.5527,-1,12.578800000002957,BACKFILL_AUTO
2026-07-11 15:17:32,1783783052,R_75,55081.8316,-1,0.7211000000024796,BACKFILL_AUTO
2026-07-11 15:17:34,1783783054,R_75,55052.2777,-1,29.553899999998976,BACKFILL_AUTO
2026-07-11 15:17:36,1783783056,R_75,55050.1215,-1,2.156199999997625,BACKFILL_AUTO
2026-07-11 15:17:38,1783783058,R_75,55041.9419,-1,8.17960000000312,BACKFILL_AUTO
2026-07-11 15:17:40,1783783060,R_75,55045.7515,1,3.8096000000005006,BACKFILL_AUTO
2026-07-11 15:17:42,1783783062,R_75,55052.7688,1,7.017299999999523,BACKFILL_AUTO
2026-07-11 15:17:44,1783783064,R_75,55051.0876,-1,1.6811999999990803,BACKFILL_AUTO
2026-07-11 15:17:46,1783783066,R_75,55055.8687,1,4.781100000000151,BACKFILL_AUTO
2026-07-11 15:17:48,1783783068,R_75,55064.4817,1,8.612999999997555,BACKFILL_AUTO
2026-07-11 15:17:50,1783783070,R_75,55065.8234,1,1.3417000000044936,BACKFILL_AUTO
2026-07-11 15:17:52,1783783072,R_75,55075.9329,1,10.109499999998661,BACKFILL_AUTO
2026-07-11 15:17:54,1783783074,R_75,55072.8018,-1,3.131099999998696,BACKFILL_AUTO
2026-07-11 15:17:56,1783783076,R_75,55083.8907,1,11.088900000002468,BACKFILL_AUTO
2026-07-11 15:17:58,1783783078,R_75,55087.9497,1,4.05899999999383,BACKFILL_AUTO
2026-07-11 15:18:00,1783783080,R_75,55103.3269,1,15.377200000002631,BACKFILL_AUTO
2026-07-11 15:18:02,1783783082,R_75,55123.7412,1,20.41429999999673,BACKFILL_AUTO
2026-07-11 15:18:04,1783783084,R_75,55121.3795,-1,2.3616999999940163,BACKFILL_AUTO
2026-07-11 15:18:06,1783783086,R_75,55116.0105,-1,5.369000000006054,BACKFILL_AUTO
2026-07-11 15:18:08,1783783088,R_75,55099.4185,-1,16.591999999996915,BACKFILL_AUTO
2026-07-11 15:18:10,1783783090,R_75,55121.3931,1,21.974600000001374,BACKFILL_AUTO
2026-07-11 15:18:12,1783783092,R_75,55124.599,1,3.205900000000838,BACKFILL_AUTO
2026-07-11 15:18:14,1783783094,R_75,55118.4719,-1,6.127100000005157,BACKFILL_AUTO
2026-07-11 15:18:16,1783783096,R_75,55134.5564,1,16.084500000004482,BACKFILL_AUTO
2026-07-11 15:18:18,1783783098,R_75,55153.7688,1,19.212399999996705,BACKFILL_AUTO
2026-07-11 15:18:20,1783783100,R_75,55157.1947,1,3.4259000000020023,BACKFILL_AUTO
2026-07-11 15:18:22,1783783102,R_75,55153.8676,-1,3.327100000002247,BACKFILL_AUTO
2026-07-11 15:18:24,1783783104,R_75,55171.2688,1,17.401200000000244,BACKFILL_AUTO
2026-07-11 15:18:26,1783783106,R_75,55180.65,1,9.381200000003446,BACKFILL_AUTO
2026-07-11 15:18:28,1783783108,R_75,55188.398,1,7.7479999999995925,BACKFILL_AUTO
2026-07-11 15:18:30,1783783110,R_75,55183.8691,-1,4.52889999999752,BACKFILL_AUTO
2026-07-11 15:18:32,1783783112,R_75,55195.2669,1,11.397799999998824,BACKFILL_AUTO
2026-07-11 15:18:34,1783783114,R_75,55193.2241,-1,2.0428000000028987,BACKFILL_AUTO
2026-07-11 15:18:36,1783783116,R_75,55193.6142,1,0.39010000000416767,BACKFILL_AUTO
2026-07-11 15:18:38,1783783118,R_75,55201.096,1,7.481799999994109,BACKFILL_AUTO
2026-07-11 15:18:40,1783783120,R_75,55189.8454,-1,11.250599999999395,BACKFILL_AUTO
2026-07-11 15:18:42,1783783122,R_75,55186.5175,-1,3.327899999996589,BACKFILL_AUTO
2026-07-11 15:18:44,1783783124,R_75,55193.4423,1,6.924800000000687,BACKFILL_AUTO
2026-07-11 15:18:46,1783783126,R_75,55211.4559,1,18.013599999998405,BACKFILL_AUTO
2026-07-11 15:18:48,1783783128,R_75,55226.9558,1,15.499900000002526,BACKFILL_AUTO
2026-07-11 15:18:50,1783783130,R_75,55214.8454,-1,12.11040000000503,BACKFILL_AUTO
2026-07-11 15:18:52,1783783132,R_75,55213.6309,-1,1.2145000000018626,BACKFILL_AUTO
2026-07-11 15:18:54,1783783134,R_75,55214.4883,1,0.85740000000078,BACKFILL_AUTO
2026-07-11 15:18:56,1783783136,R_75,55233.3806,1,18.892299999999523,BACKFILL_AUTO
2026-07-11 15:18:58,1783783138,R_75,55222.7373,-1,10.643299999996088,BACKFILL_AUTO
2026-07-11 15:19:00,1783783140,R_75,55212.5624,-1,10.17489999999816,BACKFILL_AUTO
2026-07-11 15:19:02,1783783142,R_75,55203.7885,-1,8.77390000000014,BACKFILL_AUTO
2026-07-11 15:19:04,1783783144,R_75,55228.0766,1,24.28809999999794,BACKFILL_AUTO
2026-07-11 15:19:06,1783783146,R_75,55232.7041,1,4.627500000002328,BACKFILL_AUTO
2026-07-11 15:19:08,1783783148,R_75,55231.8556,-1,0.8485000000000582,BACKFILL_AUTO
2026-07-11 15:19:10,1783783150,R_75,55243.107,1,11.251400000001013,BACKFILL_AUTO
2026-07-11 15:19:12,1783783152,R_75,55249.4487,1,6.341699999997218,BACKFILL_AUTO
2026-07-11 15:19:14,1783783154,R_75,55240.2738,-1,9.17489999999816,BACKFILL_AUTO
2026-07-11 15:19:16,1783783156,R_75,55245.2793,1,5.0054999999993015,BACKFILL_AUTO
2026-07-11 15:19:18,1783783158,R_75,55232.0023,-1,13.277000000001863,BACKFILL_AUTO
2026-07-11 15:19:20,1783783160,R_75,55212.3195,-1,19.682800000002317,BACKFILL_AUTO
2026-07-11 15:19:22,1783783162,R_75,55222.5651,1,10.245600000002014,BACKFILL_AUTO
2026-07-11 15:19:24,1783783164,R_75,55231.1983,1,8.633199999996577,BACKFILL_AUTO
2026-07-11 15:19:26,1783783166,R_75,55221.9988,-1,9.199499999995169,BACKFILL_AUTO
2026-07-11 15:19:28,1783783168,R_75,55247.3533,1,25.35450000000128,BACKFILL_AUTO
2026-07-11 15:19:30,1783783170,R_75,55245.4203,-1,1.9330000000045402,BACKFILL_AUTO
2026-07-11 15:19:32,1783783172,R_75,55230.4678,-1,14.952499999999418,BACKFILL_AUTO
2026-07-11 15:19:34,1783783174,R_75,55247.565,1,17.097200000003795,BACKFILL_AUTO
2026-07-11 15:19:36,1783783176,R_75,55240.3206,-1,7.244400000003225,BACKFILL_AUTO
2026-07-11 15:19:38,1783783178,R_75,55217.7431,-1,22.577499999999418,BACKFILL_AUTO
2026-07-11 15:19:40,1783783180,R_75,55227.7697,1,10.026599999997416,BACKFILL_AUTO
2026-07-11 15:19:42,1783783182,R_75,55209.665,-1,18.104699999996228,BACKFILL_AUTO
2026-07-11 15:19:44,1783783184,R_75,55194.0066,-1,15.658400000000256,BACKFILL_AUTO
2026-07-11 15:19:46,1783783186,R_75,55201.6637,1,7.657099999996717,BACKFILL_AUTO
2026-07-11 15:19:48,1783783188,R_75,55209.7344,1,8.070700000003853,BACKFILL_AUTO
2026-07-11 15:19:50,1783783190,R_75,55224.7579,1,15.023499999995693,BACKFILL_AUTO
2026-07-11 15:19:52,1783783192,R_75,55236.1247,1,11.366800000003423,BACKFILL_AUTO
2026-07-11 15:19:54,1783783194,R_75,55236.8233,1,0.6985999999960768,BACKFILL_AUTO
2026-07-11 15:19:56,1783783196,R_75,55243.0475,1,6.224200000004203,BACKFILL_AUTO
2026-07-11 15:19:58,1783783198,R_75,55244.3835,1,1.3360000000029686,BACKFILL_AUTO
2026-07-11 15:20:00,1783783200,R_75,55251.1599,1,6.776399999995192,BACKFILL_AUTO
2026-07-11 15:20:02,1783783202,R_75,55253.883,1,2.723100000002887,BACKFILL_AUTO
2026-07-11 15:20:04,1783783204,R_75,55254.5695,1,0.6864999999961583,BACKFILL_AUTO
2026-07-11 15:20:06,1783783206,R_75,55248.1358,-1,6.433700000001409,BACKFILL_AUTO
2026-07-11 15:20:08,1783783208,R_75,55236.4491,-1,11.686699999998382,BACKFILL_AUTO
2026-07-11 15:20:10,1783783210,R_75,55231.9626,-1,4.486499999999069,BACKFILL_AUTO
2026-07-11 15:20:12,1783783212,R_75,55222.0265,-1,9.936099999998987,BACKFILL_AUTO
2026-07-11 15:20:14,1783783214,R_75,55221.3696,-1,0.6569000000017695,BACKFILL_AUTO
2026-07-11 15:20:16,1783783216,R_75,55224.0301,1,2.6605000000054133,BACKFILL_AUTO
2026-07-11 15:20:18,1783783218,R_75,55222.2585,-1,1.771600000000035,BACKFILL_AUTO
2026-07-11 15:20:20,1783783220,R_75,55213.7506,-1,8.507900000004156,BACKFILL_AUTO
2026-07-11 15:20:22,1783783222,R_75,55224.3275,1,10.576900000000023,BACKFILL_AUTO
2026-07-11 15:20:24,1783783224,R_75,55236.4184,1,12.090900000002875,BACKFILL_AUTO
2026-07-11 15:20:26,1783783226,R_75,55245.4603,1,9.04189999999653,BACKFILL_AUTO
2026-07-11 15:20:28,1783783228,R_75,55253.4332,1,7.972900000000664,BACKFILL_AUTO
2026-07-11 15:20:30,1783783230,R_75,55250.9831,-1,2.4501000000018394,BACKFILL_AUTO
2026-07-11 15:20:32,1783783232,R_75,55259.8937,1,8.910600000002887,BACKFILL_AUTO
2026-07-11 15:20:34,1783783234,R_75,55257.128,-1,2.7657000000035623,BACKFILL_AUTO
2026-07-11 15:20:36,1783783236,R_75,55248.754,-1,8.373999999996158,BACKFILL_AUTO
2026-07-11 15:20:38,1783783238,R_75,55244.0375,-1,4.71650000000227,BACKFILL_AUTO
2026-07-11 15:20:40,1783783240,R_75,55257.7744,1,13.736900000003516,BACKFILL_AUTO
2026-07-11 15:20:42,1783783242,R_75,55259.2709,1,1.496500000001106,BACKFILL_AUTO
2026-07-11 15:20:44,1783783244,R_75,55278.4108,1,19.139899999994668,BACKFILL_AUTO
2026-07-11 15:20:46,1783783246,R_75,55280.0334,1,1.6226000000024214,BACKFILL_AUTO
2026-07-11 15:20:48,1783783248,R_75,55285.653,1,5.619599999998172,BACKFILL_AUTO
2026-07-11 15:20:50,1783783250,R_75,55271.783,-1,13.869999999995343,BACKFILL_AUTO
2026-07-11 15:20:52,1783783252,R_75,55274.5541,1,2.771099999998114,BACKFILL_AUTO
2026-07-11 15:20:54,1783783254,R_75,55278.817,1,4.262900000001537,BACKFILL_AUTO
2026-07-11 15:20:56,1783783256,R_75,55273.2861,-1,5.530900000005204,BACKFILL_AUTO
2026-07-11 15:20:58,1783783258,R_75,55265.5889,-1,7.697199999995064,BACKFILL_AUTO
2026-07-11 15:21:00,1783783260,R_75,55249.6373,-1,15.951600000000326,BACKFILL_AUTO
2026-07-11 15:21:02,1783783262,R_75,55252.3547,1,2.717400000001362,BACKFILL_AUTO
2026-07-11 15:21:04,1783783264,R_75,55234.5291,-1,17.82560000000376,BACKFILL_AUTO
2026-07-11 15:21:06,1783783266,R_75,55242.1597,1,7.630599999996775,BACKFILL_AUTO
2026-07-11 15:21:08,1783783268,R_75,55240.1869,-1,1.9727999999959138,BACKFILL_AUTO
2026-07-11 15:21:10,1783783270,R_75,55225.7601,-1,14.426800000001094,BACKFILL_AUTO
2026-07-11 15:21:12,1783783272,R_75,55225.7857,1,0.025600000000849832,BACKFILL_AUTO
2026-07-11 15:21:14,1783783274,R_75,55235.2962,1,9.510499999996682,BACKFILL_AUTO
2026-07-11 15:21:16,1783783276,R_75,55234.717,-1,0.5792000000001281,BACKFILL_AUTO
2026-07-11 15:21:18,1783783278,R_75,55226.1783,-1,8.538699999997334,BACKFILL_AUTO
2026-07-11 15:21:20,1783783280,R_75,55235.8187,1,9.640400000003865,BACKFILL_AUTO
2026-07-11 15:21:22,1783783282,R_75,55237.4261,1,1.607399999993504,BACKFILL_AUTO
2026-07-11 15:21:24,1783783284,R_75,55240.2905,1,2.864400000005844,BACKFILL_AUTO
2026-07-11 15:21:26,1783783286,R_75,55243.4266,1,3.136099999996077,BACKFILL_AUTO
2026-07-11 15:21:28,1783783288,R_75,55236.472,-1,6.954599999997299,BACKFILL_AUTO
2026-07-11 15:21:30,1783783290,R_75,55229.1506,-1,7.321400000000722,BACKFILL_AUTO
2026-07-11 15:21:32,1783783292,R_75,55227.6183,-1,1.5322999999989406,BACKFILL_AUTO
2026-07-11 15:21:34,1783783294,R_75,55242.5245,1,14.906199999997625,BACKFILL_AUTO
2026-07-11 15:21:36,1783783296,R_75,55250.8815,1,8.357000000003609,BACKFILL_AUTO
2026-07-11 15:21:38,1783783298,R_75,55251.4262,1,0.5446999999985565,BACKFILL_AUTO
2026-07-11 15:21:40,1783783300,R_75,55242.2834,-1,9.142800000001444,BACKFILL_AUTO
2026-07-11 15:21:42,1783783302,R_75,55249.4593,1,7.175900000002002,BACKFILL_AUTO
2026-07-11 15:21:44,1783783304,R_75,55232.8028,-1,16.6565000000046,BACKFILL_AUTO
2026-07-11 15:21:46,1783783306,R_75,55246.5469,1,13.744100000003527,BACKFILL_AUTO
2026-07-11 15:21:48,1783783308,R_75,55257.983,1,11.436099999998987,BACKFILL_AUTO
2026-07-11 15:21:50,1783783310,R_75,55242.7522,-1,15.230799999997544,BACKFILL_AUTO
2026-07-11 15:21:52,1783783312,R_75,55245.792,1,3.0397999999986496,BACKFILL_AUTO
2026-07-11 15:21:54,1783783314,R_75,55262.7391,1,16.94709999999759,BACKFILL_AUTO
2026-07-11 15:21:56,1783783316,R_75,55258.3646,-1,4.374499999998079,BACKFILL_AUTO
2026-07-11 15:21:58,1783783318,R_75,55269.7157,1,11.35109999999986,BACKFILL_AUTO
2026-07-11 15:22:00,1783783320,R_75,55250.4078,-1,19.30789999999979,BACKFILL_AUTO
2026-07-11 15:22:02,1783783322,R_75,55243.1641,-1,7.24369999999908,BACKFILL_AUTO
2026-07-11 15:22:04,1783783324,R_75,55251.8517,1,8.687599999997474,BACKFILL_AUTO
2026-07-11 15:22:06,1783783326,R_75,55253.3352,1,1.4835000000020955,BACKFILL_AUTO
2026-07-11 15:22:08,1783783328,R_75,55251.5785,-1,1.7566999999980908,BACKFILL_AUTO
2026-07-11 15:22:10,1783783330,R_75,55253.3262,1,1.7476999999998952,BACKFILL_AUTO
2026-07-11 15:22:12,1783783332,R_75,55252.9829,-1,0.343300000000454,BACKFILL_AUTO
2026-07-11 15:22:14,1783783334,R_75,55229.3068,-1,23.676100000004226,BACKFILL_AUTO
2026-07-11 15:22:16,1783783336,R_75,55233.093,1,3.7862000000022817,BACKFILL_AUTO
2026-07-11 15:22:18,1783783338,R_75,55226.8267,-1,6.266300000002957,BACKFILL_AUTO
2026-07-11 15:22:20,1783783340,R_75,55224.3789,-1,2.4477999999944586,BACKFILL_AUTO
2026-07-11 15:22:22,1783783342,R_75,55234.3236,1,9.944700000000012,BACKFILL_AUTO
2026-07-11 15:22:24,1783783344,R_75,55248.9761,1,14.652499999996508,BACKFILL_AUTO
2026-07-11 15:22:26,1783783346,R_75,55256.812,1,7.835899999998219,BACKFILL_AUTO
2026-07-11 15:22:28,1783783348,R_75,55274.9446,1,18.13260000000446,BACKFILL_AUTO
2026-07-11 15:22:30,1783783350,R_75,55262.1786,-1,12.76600000000326,BACKFILL_AUTO
2026-07-11 15:22:32,1783783352,R_75,55244.1598,-1,18.01879999999801,BACKFILL_AUTO
2026-07-11 15:22:34,1783783354,R_75,55248.0421,1,3.8822999999974854,BACKFILL_AUTO
2026-07-11 15:22:36,1783783356,R_75,55246.9264,-1,1.1157000000021071,BACKFILL_AUTO
2026-07-11 15:22:38,1783783358,R_75,55243.9381,-1,2.9882999999972526,BACKFILL_AUTO
2026-07-11 15:22:40,1783783360,R_75,55248.0277,1,4.089599999999336,BACKFILL_AUTO
2026-07-11 15:22:42,1783783362,R_75,55259.8622,1,11.834500000004482,BACKFILL_AUTO
2026-07-11 15:22:44,1783783364,R_75,55257.1592,-1,2.7030000000013388,BACKFILL_AUTO
2026-07-11 15:22:46,1783783366,R_75,55256.9774,-1,0.18179999999847496,BACKFILL_AUTO
2026-07-11 15:22:48,1783783368,R_75,55257.1491,1,0.1716999999989639,BACKFILL_AUTO
2026-07-11 15:22:50,1783783370,R_75,55259.7818,1,2.6326999999946565,BACKFILL_AUTO
2026-07-11 15:22:52,1783783372,R_75,55266.6537,1,6.871900000005553,BACKFILL_AUTO
2026-07-11 15:22:54,1783783374,R_75,55262.1664,-1,4.487300000000687,BACKFILL_AUTO
2026-07-11 15:22:56,1783783376,R_75,55260.6697,-1,1.4967000000033295,BACKFILL_AUTO
2026-07-11 15:22:58,1783783378,R_75,55254.0892,-1,6.580499999996391,BACKFILL_AUTO
2026-07-11 15:23:00,1783783380,R_75,55250.04,-1,4.049200000001292,BACKFILL_AUTO
2026-07-11 15:23:02,1783783382,R_75,55266.0812,1,16.041199999999662,BACKFILL_AUTO
2026-07-11 15:23:04,1783783384,R_75,55302.6162,1,36.53499999999622,BACKFILL_AUTO
2026-07-11 15:23:06,1783783386,R_75,55314.7669,1,12.1507000000056,BACKFILL_AUTO
2026-07-11 15:23:08,1783783388,R_75,55311.545,-1,3.221900000004098,BACKFILL_AUTO
2026-07-11 15:23:10,1783783390,R_75,55311.1298,-1,0.4151999999958207,BACKFILL_AUTO
2026-07-11 15:23:12,1783783392,R_75,55319.4561,1,8.326300000000629,BACKFILL_AUTO
2026-07-11 15:23:14,1783783394,R_75,55309.979,-1,9.477100000003702,BACKFILL_AUTO
2026-07-11 15:23:16,1783783396,R_75,55329.2329,1,19.25390000000334,BACKFILL_AUTO
2026-07-11 15:23:18,1783783398,R_75,55338.9646,1,9.731699999996636,BACKFILL_AUTO
2026-07-11 15:23:20,1783783400,R_75,55329.5054,-1,9.459199999997509,BACKFILL_AUTO
2026-07-11 15:23:22,1783783402,R_75,55327.8064,-1,1.6990000000005239,BACKFILL_AUTO
2026-07-11 15:23:24,1783783404,R_75,55318.5002,-1,9.30619999999908,BACKFILL_AUTO
2026-07-11 15:23:26,1783783406,R_75,55308.8276,-1,9.672600000005332,BACKFILL_AUTO
2026-07-11 15:23:28,1783783408,R_75,55309.4422,1,0.6146000000007916,BACKFILL_AUTO
2026-07-11 15:23:30,1783783410,R_75,55307.7271,-1,1.7151000000012573,BACKFILL_AUTO
2026-07-11 15:23:32,1783783412,R_75,55318.5374,1,10.810300000004645,BACKFILL_AUTO
2026-07-11 15:23:34,1783783414,R_75,55322.784,1,4.24659999999858,BACKFILL_AUTO
2026-07-11 15:23:36,1783783416,R_75,55331.6891,1,8.905100000003586,BACKFILL_AUTO
2026-07-11 15:23:38,1783783418,R_75,55322.9822,-1,8.70690000000468,BACKFILL_AUTO
2026-07-11 15:23:40,1783783420,R_75,55303.6887,-1,19.293499999999767,BACKFILL_AUTO
2026-07-11 15:23:42,1783783422,R_75,55312.2076,1,8.518900000002759,BACKFILL_AUTO
2026-07-11 15:23:44,1783783424,R_75,55305.4714,-1,6.736199999999371,BACKFILL_AUTO
2026-07-11 15:23:46,1783783426,R_75,55311.8957,1,6.424299999998766,BACKFILL_AUTO
2026-07-11 15:23:48,1783783428,R_75,55309.0683,-1,2.827400000001944,BACKFILL_AUTO
2026-07-11 15:23:50,1783783430,R_75,55311.5895,1,2.521200000002864,BACKFILL_AUTO
2026-07-11 15:23:52,1783783432,R_75,55307.0725,-1,4.516999999999825,BACKFILL_AUTO
2026-07-11 15:23:54,1783783434,R_75,55321.5791,1,14.506600000000617,BACKFILL_AUTO
2026-07-11 15:23:56,1783783436,R_75,55315.937,-1,5.642100000004575,BACKFILL_AUTO
2026-07-11 15:23:58,1783783438,R_75,55309.9912,-1,5.945800000001327,BACKFILL_AUTO
2026-07-11 15:24:00,1783783440,R_75,55303.7127,-1,6.278500000000349,BACKFILL_AUTO
2026-07-11 15:24:02,1783783442,R_75,55304.1497,1,0.4370000000053551,BACKFILL_AUTO
2026-07-11 15:24:04,1783783444,R_75,55310.1765,1,6.026799999999639,BACKFILL_AUTO
2026-07-11 15:24:06,1783783446,R_75,55314.2094,1,4.032899999998335,BACKFILL_AUTO
2026-07-11 15:24:08,1783783448,R_75,55299.499,-1,14.710399999996298,BACKFILL_AUTO
2026-07-11 15:24:10,1783783450,R_75,55307.5663,1,8.067299999995157,BACKFILL_AUTO
2026-07-11 15:24:12,1783783452,R_75,55295.5413,-1,12.025000000001455,BACKFILL_AUTO
2026-07-11 15:24:14,1783783454,R_75,55293.342,-1,2.199300000000221,BACKFILL_AUTO
2026-07-11 15:24:16,1783783456,R_75,55317.0225,1,23.680500000002212,BACKFILL_AUTO
2026-07-11 15:24:18,1783783458,R_75,55308.5964,-1,8.42609999999695,BACKFILL_AUTO
2026-07-11 15:24:20,1783783460,R_75,55303.7935,-1,4.80290000000241,BACKFILL_AUTO
2026-07-11 15:24:22,1783783462,R_75,55305.7701,1,1.9766000000017812,BACKFILL_AUTO
2026-07-11 15:24:24,1783783464,R_75,55315.2885,1,9.518400000000838,BACKFILL_AUTO
2026-07-11 15:24:26,1783783466,R_75,55296.4112,-1,18.877300000000105,BACKFILL_AUTO
2026-07-11 15:24:28,1783783468,R_75,55306.5863,1,10.175100000000384,BACKFILL_AUTO
2026-07-11 15:24:30,1783783470,R_75,55306.3772,-1,0.20910000000003492,BACKFILL_AUTO
2026-07-11 15:24:32,1783783472,R_75,55313.9025,1,7.5252999999938766,BACKFILL_AUTO
2026-07-11 15:24:34,1783783474,R_75,55317.7889,1,3.88640000000305,BACKFILL_AUTO
2026-07-11 15:24:36,1783783476,R_75,55304.3613,-1,13.427600000002712,BACKFILL_AUTO
2026-07-11 15:24:38,1783783478,R_75,55311.8522,1,7.490900000004331,BACKFILL_AUTO
2026-07-11 15:24:40,1783783480,R_75,55308.6316,-1,3.220600000000559,BACKFILL_AUTO
2026-07-11 15:24:42,1783783482,R_75,55309.1311,1,0.49949999999807915,BACKFILL_AUTO
2026-07-11 15:24:44,1783783484,R_75,55301.4685,-1,7.662599999996019,BACKFILL_AUTO
2026-07-11 15:24:46,1783783486,R_75,55303.171,1,1.702499999999418,BACKFILL_AUTO
2026-07-11 15:24:48,1783783488,R_75,55305.9175,1,2.746500000001106,BACKFILL_AUTO
2026-07-11 15:24:50,1783783490,R_75,55319.1298,1,13.212299999999232,BACKFILL_AUTO
2026-07-11 15:24:52,1783783492,R_75,55327.129,1,7.999199999998382,BACKFILL_AUTO
2026-07-11 15:24:54,1783783494,R_75,55334.7717,1,7.642699999996694,BACKFILL_AUTO
2026-07-11 15:24:56,1783783496,R_75,55314.014,-1,20.757699999994657,BACKFILL_AUTO
2026-07-11 15:24:58,1783783498,R_75,55323.0593,1,9.045299999997951,BACKFILL_AUTO
2026-07-11 15:25:00,1783783500,R_75,55327.1253,1,4.065999999998894,BACKFILL_AUTO
2026-07-11 15:25:02,1783783502,R_75,55319.2622,-1,7.863100000002305,BACKFILL_AUTO
2026-07-11 15:25:04,1783783504,R_75,55315.6289,-1,3.633299999994051,BACKFILL_AUTO
2026-07-11 15:25:06,1783783506,R_75,55312.3529,-1,3.276000000005297,BACKFILL_AUTO
2026-07-11 15:25:08,1783783508,R_75,55298.8275,-1,13.525399999998626,BACKFILL_AUTO
2026-07-11 15:25:10,1783783510,R_75,55306.4868,1,7.659299999999348,BACKFILL_AUTO
2026-07-11 15:25:12,1783783512,R_75,55288.7227,-1,17.764100000000326,BACKFILL_AUTO
2026-07-11 15:25:14,1783783514,R_75,55287.1239,-1,1.5987999999997555,BACKFILL_AUTO
2026-07-11 15:25:16,1783783516,R_75,55286.5483,-1,0.5755999999964843,BACKFILL_AUTO
2026-07-11 15:25:18,1783783518,R_75,55293.5004,1,6.952099999994971,BACKFILL_AUTO
2026-07-11 15:25:20,1783783520,R_75,55304.8718,1,11.371400000003632,BACKFILL_AUTO
2026-07-11 15:25:22,1783783522,R_75,55312.056,1,7.1841999999960535,BACKFILL_AUTO
2026-07-11 15:25:24,1783783524,R_75,55302.8817,-1,9.174299999998766,BACKFILL_AUTO
2026-07-11 15:25:26,1783783526,R_75,55302.0851,-1,0.7966000000014901,BACKFILL_AUTO
2026-07-11 15:25:28,1783783528,R_75,55300.06,-1,2.025099999998929,BACKFILL_AUTO
2026-07-11 15:25:30,1783783530,R_75,55316.8942,1,16.834200000004785,BACKFILL_AUTO
2026-07-11 15:25:32,1783783532,R_75,55308.4449,-1,8.449300000000221,BACKFILL_AUTO
2026-07-11 15:25:34,1783783534,R_75,55291.5015,-1,16.94340000000375,BACKFILL_AUTO
2026-07-11 15:25:36,1783783536,R_75,55284.3454,-1,7.156100000000151,BACKFILL_AUTO
2026-07-11 15:25:38,1783783538,R_75,55278.9935,-1,5.3519000000014785,BACKFILL_AUTO
2026-07-11 15:25:40,1783783540,R_75,55277.3896,-1,1.60389999999461,BACKFILL_AUTO
2026-07-11 15:25:42,1783783542,R_75,55290.9555,1,13.565899999994144,BACKFILL_AUTO
2026-07-11 15:25:44,1783783544,R_75,55290.8169,-1,0.1385999999984051,BACKFILL_AUTO
2026-07-11 15:25:46,1783783546,R_75,55290.1561,-1,0.6607999999978347,BACKFILL_AUTO
2026-07-11 15:25:48,1783783548,R_75,55287.4218,-1,2.7343000000037136,BACKFILL_AUTO
2026-07-11 15:25:50,1783783550,R_75,55267.5415,-1,19.880299999997078,BACKFILL_AUTO
2026-07-11 15:25:52,1783783552,R_75,55257.2668,-1,10.274700000001758,BACKFILL_AUTO
2026-07-11 15:25:54,1783783554,R_75,55256.5058,-1,0.760999999998603,BACKFILL_AUTO
2026-07-11 15:25:56,1783783556,R_75,55256.1154,-1,0.39039999999658903,BACKFILL_AUTO
2026-07-11 15:25:58,1783783558,R_75,55249.8332,-1,6.282200000001467,BACKFILL_AUTO
2026-07-11 15:26:00,1783783560,R_75,55249.1367,-1,0.6964999999981956,BACKFILL_AUTO
2026-07-11 15:26:02,1783783562,R_75,55241.5714,-1,7.565300000002026,BACKFILL_AUTO
2026-07-11 15:26:04,1783783564,R_75,55234.4525,-1,7.118900000001304,BACKFILL_AUTO
2026-07-11 15:26:06,1783783566,R_75,55244.4861,1,10.03360000000248,BACKFILL_AUTO
2026-07-11 15:26:08,1783783568,R_75,55245.7246,1,1.2384999999994761,BACKFILL_AUTO
2026-07-11 15:26:10,1783783570,R_75,55242.143,-1,3.5816000000049826,BACKFILL_AUTO
2026-07-11 15:26:12,1783783572,R_75,55253.0624,1,10.919400000006135,BACKFILL_AUTO
2026-07-11 15:26:14,1783783574,R_75,55240.5352,-1,12.527200000004086,BACKFILL_AUTO
2026-07-11 15:26:16,1783783576,R_75,55216.6897,-1,23.84549999999581,BACKFILL_AUTO
2026-07-11 15:26:18,1783783578,R_75,55206.9202,-1,9.769500000002154,BACKFILL_AUTO
2026-07-11 15:26:20,1783783580,R_75,55190.7455,-1,16.174700000003213,BACKFILL_AUTO
2026-07-11 15:26:22,1783783582,R_75,55193.9222,1,3.1767000000036205,BACKFILL_AUTO
2026-07-11 15:26:24,1783783584,R_75,55176.5723,-1,17.34990000000107,BACKFILL_AUTO
2026-07-11 15:26:26,1783783586,R_75,55168.3513,-1,8.22099999999773,BACKFILL_AUTO
2026-07-11 15:26:28,1783783588,R_75,55172.6032,1,4.251899999995658,BACKFILL_AUTO
2026-07-11 15:26:30,1783783590,R_75,55167.1685,-1,5.434699999997974,BACKFILL_AUTO
2026-07-11 15:26:32,1783783592,R_75,55165.0153,-1,2.153200000000652,BACKFILL_AUTO
2026-07-11 15:26:34,1783783594,R_75,55166.8143,1,1.7989999999990687,BACKFILL_AUTO
2026-07-11 15:26:36,1783783596,R_75,55187.0695,1,20.255199999999604,BACKFILL_AUTO
2026-07-11 15:26:38,1783783598,R_75,55178.5518,-1,8.517699999996694,BACKFILL_AUTO
2026-07-11 15:26:40,1783783600,R_75,55163.9422,-1,14.609600000003411,BACKFILL_AUTO
2026-07-11 15:26:42,1783783602,R_75,55168.2342,1,4.292000000001281,BACKFILL_AUTO
2026-07-11 15:26:44,1783783604,R_75,55174.29,1,6.055800000001909,BACKFILL_AUTO
2026-07-11 15:26:46,1783783606,R_75,55169.3298,-1,4.96020000000135,BACKFILL_AUTO
2026-07-11 15:26:48,1783783608,R_75,55177.7773,1,8.447500000002037,BACKFILL_AUTO
2026-07-11 15:26:50,1783783610,R_75,55167.7933,-1,9.984000000004016,BACKFILL_AUTO
2026-07-11 15:26:52,1783783612,R_75,55152.0367,-1,15.756600000000617,BACKFILL_AUTO
2026-07-11 15:26:54,1783783614,R_75,55141.3555,-1,10.68119999999908,BACKFILL_AUTO
2026-07-11 15:26:56,1783783616,R_75,55138.0047,-1,3.350800000000163,BACKFILL_AUTO
2026-07-11 15:26:58,1783783618,R_75,55137.307,-1,0.6976999999969848,BACKFILL_AUTO
2026-07-11 15:27:00,1783783620,R_75,55140.5647,1,3.2577000000019325,BACKFILL_AUTO
2026-07-11 15:27:02,1783783622,R_75,55145.2378,1,4.673099999999977,BACKFILL_AUTO
2026-07-11 15:27:04,1783783624,R_75,55142.1971,-1,3.0407000000050175,BACKFILL_AUTO
2026-07-11 15:27:06,1783783626,R_75,55143.4029,1,1.2058000000033644,BACKFILL_AUTO
2026-07-11 15:27:08,1783783628,R_75,55140.8995,-1,2.5034000000014203,BACKFILL_AUTO
2026-07-11 15:27:10,1783783630,R_75,55129.8501,-1,11.04939999999624,BACKFILL_AUTO
2026-07-11 15:27:12,1783783632,R_75,55148.7771,1,18.926999999996042,BACKFILL_AUTO
2026-07-11 15:27:14,1783783634,R_75,55163.5047,1,14.727599999998347,BACKFILL_AUTO
2026-07-11 15:27:16,1783783636,R_75,55146.8178,-1,16.686900000000605,BACKFILL_AUTO
2026-07-11 15:27:18,1783783638,R_75,55130.1031,-1,16.71469999999681,BACKFILL_AUTO
2026-07-11 15:27:20,1783783640,R_75,55127.1493,-1,2.953800000002957,BACKFILL_AUTO
2026-07-11 15:27:22,1783783642,R_75,55125.4118,-1,1.7374999999956344,BACKFILL_AUTO
2026-07-11 15:27:24,1783783644,R_75,55130.6064,1,5.194599999995262,BACKFILL_AUTO
2026-07-11 15:27:26,1783783646,R_75,55130.1235,-1,0.4828999999954249,BACKFILL_AUTO
2026-07-11 15:27:28,1783783648,R_75,55137.8984,1,7.7748999999967054,BACKFILL_AUTO
2026-07-11 15:27:30,1783783650,R_75,55149.0603,1,11.16189999999915,BACKFILL_AUTO
2026-07-11 15:27:32,1783783652,R_75,55162.6709,1,13.610599999999977,BACKFILL_AUTO
2026-07-11 15:27:34,1783783654,R_75,55165.8708,1,3.199899999999616,BACKFILL_AUTO
2026-07-11 15:27:36,1783783656,R_75,55160.5272,-1,5.343600000000151,BACKFILL_AUTO
2026-07-11 15:27:38,1783783658,R_75,55153.1439,-1,7.383299999994051,BACKFILL_AUTO
2026-07-11 15:27:40,1783783660,R_75,55146.7695,-1,6.374400000000605,BACKFILL_AUTO
2026-07-11 15:27:42,1783783662,R_75,55162.3501,1,15.58060000000114,BACKFILL_AUTO
2026-07-11 15:27:44,1783783664,R_75,55156.7212,-1,5.628900000003341,BACKFILL_AUTO
2026-07-11 15:27:46,1783783666,R_75,55159.8112,1,3.0899999999965075,BACKFILL_AUTO
2026-07-11 15:27:48,1783783668,R_75,55155.266,-1,4.545199999993201,BACKFILL_AUTO
2026-07-11 15:27:50,1783783670,R_75,55155.4249,1,0.158899999994901,BACKFILL_AUTO
2026-07-11 15:27:52,1783783672,R_75,55155.4307,1,0.005799999998998828,BACKFILL_AUTO
2026-07-11 15:27:54,1783783674,R_75,55141.2261,-1,14.2045999999973,BACKFILL_AUTO
2026-07-11 15:27:56,1783783676,R_75,55130.2663,-1,10.959799999996903,BACKFILL_AUTO
2026-07-11 15:27:58,1783783678,R_75,55115.1624,-1,15.103900000001886,BACKFILL_AUTO
2026-07-11 15:28:00,1783783680,R_75,55125.2417,1,10.079299999997602,BACKFILL_AUTO
2026-07-11 15:28:02,1783783682,R_75,55102.8783,-1,22.363400000002002,BACKFILL_AUTO
2026-07-11 15:28:04,1783783684,R_75,55107.4935,1,4.615200000000186,BACKFILL_AUTO
2026-07-11 15:28:06,1783783686,R_75,55102.4804,-1,5.013099999996484,BACKFILL_AUTO
2026-07-11 15:28:08,1783783688,R_75,55121.1275,1,18.647100000001956,BACKFILL_AUTO
2026-07-11 15:28:10,1783783690,R_75,55127.8056,1,6.678099999997357,BACKFILL_AUTO
2026-07-11 15:28:12,1783783692,R_75,55149.5925,1,21.78689999999915,BACKFILL_AUTO
2026-07-11 15:28:14,1783783694,R_75,55148.5973,-1,0.9951999999975669,BACKFILL_AUTO
2026-07-11 15:28:16,1783783696,R_75,55146.6835,-1,1.9138000000020838,BACKFILL_AUTO
2026-07-11 15:28:18,1783783698,R_75,55142.1841,-1,4.499400000000605,BACKFILL_AUTO
2026-07-11 15:28:20,1783783700,R_75,55140.4535,-1,1.73059999999532,BACKFILL_AUTO
2026-07-11 15:28:22,1783783702,R_75,55144.7249,1,4.271399999997811,BACKFILL_AUTO
2026-07-11 15:28:24,1783783704,R_75,55131.8373,-1,12.88760000000184,BACKFILL_AUTO
2026-07-11 15:28:26,1783783706,R_75,55118.4542,-1,13.383099999999104,BACKFILL_AUTO
2026-07-11 15:28:28,1783783708,R_75,55108.9664,-1,9.487800000002608,BACKFILL_AUTO
2026-07-11 15:28:30,1783783710,R_75,55141.9703,1,33.00390000000334,BACKFILL_AUTO
2026-07-11 15:28:32,1783783712,R_75,55142.8553,1,0.8850000000020373,BACKFILL_AUTO
2026-07-11 15:28:34,1783783714,R_75,55143.1674,1,0.31209999999555293,BACKFILL_AUTO
2026-07-11 15:28:36,1783783716,R_75,55163.7625,1,20.595099999998638,BACKFILL_AUTO
2026-07-11 15:28:38,1783783718,R_75,55168.9557,1,5.193200000001525,BACKFILL_AUTO
2026-07-11 15:28:40,1783783720,R_75,55159.1428,-1,9.812899999997171,BACKFILL_AUTO
2026-07-11 15:28:42,1783783722,R_75,55169.8651,1,10.722300000001269,BACKFILL_AUTO
2026-07-11 15:28:44,1783783724,R_75,55174.531,1,4.665899999999965,BACKFILL_AUTO
2026-07-11 15:28:46,1783783726,R_75,55188.9787,1,14.447699999996985,BACKFILL_AUTO
2026-07-11 15:28:48,1783783728,R_75,55181.5838,-1,7.394899999999325,BACKFILL_AUTO
2026-07-11 15:28:50,1783783730,R_75,55183.6793,1,2.095500000003085,BACKFILL_AUTO
2026-07-11 15:28:52,1783783732,R_75,55194.5848,1,10.90549999999348,BACKFILL_AUTO
2026-07-11 15:28:54,1783783734,R_75,55184.2466,-1,10.338199999998324,BACKFILL_AUTO
2026-07-11 15:28:56,1783783736,R_75,55180.943,-1,3.3035999999992782,BACKFILL_AUTO
2026-07-11 15:28:58,1783783738,R_75,55189.3352,1,8.392200000002049,BACKFILL_AUTO
2026-07-11 15:29:00,1783783740,R_75,55179.1852,-1,10.150000000001455,BACKFILL_AUTO
2026-07-11 15:29:02,1783783742,R_75,55174.1891,-1,4.996099999996659,BACKFILL_AUTO
2026-07-11 15:29:04,1783783744,R_75,55173.0114,-1,1.1777000000001863,BACKFILL_AUTO
2026-07-11 15:29:06,1783783746,R_75,55182.3461,1,9.33469999999943,BACKFILL_AUTO
2026-07-11 15:29:08,1783783748,R_75,55173.1576,-1,9.188500000003842,BACKFILL_AUTO
2026-07-11 15:29:10,1783783750,R_75,55167.5418,-1,5.615799999999581,BACKFILL_AUTO
2026-07-11 15:29:12,1783783752,R_75,55158.3061,-1,9.23569999999745,BACKFILL_AUTO
2026-07-11 15:29:14,1783783754,R_75,55158.4513,1,0.1451999999990221,BACKFILL_AUTO
2026-07-11 15:29:16,1783783756,R_75,55165.7248,1,7.273500000002969,BACKFILL_AUTO
2026-07-11 15:29:18,1783783758,R_75,55154.8159,-1,10.908900000002177,BACKFILL_AUTO
2026-07-11 15:29:20,1783783760,R_75,55156.1916,1,1.3756999999968684,BACKFILL_AUTO
2026-07-11 15:29:22,1783783762,R_75,55159.7787,1,3.587100000004284,BACKFILL_AUTO
2026-07-11 15:29:24,1783783764,R_75,55152.6798,-1,7.098900000004505,BACKFILL_AUTO
2026-07-11 15:29:26,1783783766,R_75,55159.0429,1,6.363100000002305,BACKFILL_AUTO
2026-07-11 15:29:28,1783783768,R_75,55177.7266,1,18.68370000000141,BACKFILL_AUTO
2026-07-11 15:29:30,1783783770,R_75,55177.7054,-1,0.021200000002863817,BACKFILL_AUTO
2026-07-11 15:29:32,1783783772,R_75,55185.3483,1,7.642899999998917,BACKFILL_AUTO
2026-07-11 15:29:34,1783783774,R_75,55167.7754,-1,17.57289999999921,BACKFILL_AUTO
2026-07-11 15:29:36,1783783776,R_75,55179.7199,1,11.944499999997788,BACKFILL_AUTO
2026-07-11 15:29:38,1783783778,R_75,55186.728,1,7.00810000000638,BACKFILL_AUTO
2026-07-11 15:29:40,1783783780,R_75,55211.587,1,24.85899999999674,BACKFILL_AUTO
2026-07-11 15:29:42,1783783782,R_75,55211.9995,1,0.4124999999985448,BACKFILL_AUTO
2026-07-11 15:29:44,1783783784,R_75,55211.3842,-1,0.61529999999766,BACKFILL_AUTO
2026-07-11 15:29:46,1783783786,R_75,55222.0672,1,10.682999999997264,BACKFILL_AUTO
2026-07-11 15:29:48,1783783788,R_75,55219.4452,-1,2.621999999995751,BACKFILL_AUTO
2026-07-11 15:29:50,1783783790,R_75,55228.3922,1,8.947000000000116,BACKFILL_AUTO
2026-07-11 15:29:52,1783783792,R_75,55224.975,-1,3.417200000003504,BACKFILL_AUTO
2026-07-11 15:29:54,1783783794,R_75,55222.3104,-1,2.664599999996426,BACKFILL_AUTO
2026-07-11 15:29:56,1783783796,R_75,55218.98,-1,3.3303999999989173,BACKFILL_AUTO
2026-07-11 15:29:58,1783783798,R_75,55205.0087,-1,13.971300000004703,BACKFILL_AUTO
2026-07-11 15:30:00,1783783800,R_75,55232.2787,1,27.270000000004075,BACKFILL_AUTO
2026-07-11 15:30:02,1783783802,R_75,55213.7051,-1,18.573600000003353,BACKFILL_AUTO
2026-07-11 15:30:04,1783783804,R_75,55222.5419,1,8.83679999999731,BACKFILL_AUTO
2026-07-11 15:30:06,1783783806,R_75,55204.1029,-1,18.438999999998487,BACKFILL_AUTO
2026-07-11 15:30:08,1783783808,R_75,55220.1484,1,16.045500000000175,BACKFILL_AUTO
2026-07-11 15:30:10,1783783810,R_75,55197.8374,-1,22.311000000001513,BACKFILL_AUTO
2026-07-11 15:30:12,1783783812,R_75,55204.0562,1,6.218800000002375,BACKFILL_AUTO
2026-07-11 15:30:14,1783783814,R_75,55209.4285,1,5.372300000002724,BACKFILL_AUTO
2026-07-11 15:30:16,1783783816,R_75,55210.4109,1,0.98240000000078,BACKFILL_AUTO
2026-07-11 15:30:18,1783783818,R_75,55218.184,1,7.7730999999985215,BACKFILL_AUTO
2026-07-11 15:30:20,1783783820,R_75,55224.3138,1,6.129800000002433,BACKFILL_AUTO
2026-07-11 15:30:22,1783783822,R_75,55222.8259,-1,1.4879000000000815,BACKFILL_AUTO
2026-07-11 15:30:24,1783783824,R_75,55234.7908,1,11.964899999999034,BACKFILL_AUTO
2026-07-11 15:30:26,1783783826,R_75,55236.4962,1,1.7053999999989173,BACKFILL_AUTO
2026-07-11 15:30:28,1783783828,R_75,55224.9082,-1,11.588000000003376,BACKFILL_AUTO
2026-07-11 15:30:30,1783783830,R_75,55216.7626,-1,8.145599999996193,BACKFILL_AUTO
2026-07-11 15:30:32,1783783832,R_75,55202.9688,-1,13.793799999999464,BACKFILL_AUTO
2026-07-11 15:30:34,1783783834,R_75,55204.0454,1,1.076600000000326,BACKFILL_AUTO
2026-07-11 15:30:36,1783783836,R_75,55196.9305,-1,7.114900000000489,BACKFILL_AUTO
2026-07-11 15:30:38,1783783838,R_75,55188.6996,-1,8.230900000002293,BACKFILL_AUTO
2026-07-11 15:30:40,1783783840,R_75,55186.897,-1,1.8026000000027125,BACKFILL_AUTO
2026-07-11 15:30:42,1783783842,R_75,55187.3728,1,0.475800000000163,BACKFILL_AUTO
2026-07-11 15:30:44,1783783844,R_75,55198.2634,1,10.890600000006089,BACKFILL_AUTO
2026-07-11 15:30:46,1783783846,R_75,55208.4309,1,10.167499999995925,BACKFILL_AUTO
2026-07-11 15:30:48,1783783848,R_75,55195.4076,-1,13.023300000000745,BACKFILL_AUTO
2026-07-11 15:30:50,1783783850,R_75,55181.5245,-1,13.883099999999104,BACKFILL_AUTO
2026-07-11 15:30:52,1783783852,R_75,55195.2587,1,13.734199999998964,BACKFILL_AUTO
2026-07-11 15:30:54,1783783854,R_75,55190.254,-1,5.004699999997683,BACKFILL_AUTO
2026-07-11 15:30:56,1783783856,R_75,55205.5385,1,15.284500000001572,BACKFILL_AUTO
2026-07-11 15:30:58,1783783858,R_75,55187.6095,-1,17.929000000003725,BACKFILL_AUTO
2026-07-11 15:31:00,1783783860,R_75,55180.5783,-1,7.031199999997625,BACKFILL_AUTO
2026-07-11 15:31:02,1783783862,R_75,55186.6333,1,6.055000000000291,BACKFILL_AUTO
2026-07-11 15:31:04,1783783864,R_75,55194.7976,1,8.164299999996729,BACKFILL_AUTO
2026-07-11 15:31:06,1783783866,R_75,55173.4108,-1,21.38680000000022,BACKFILL_AUTO
2026-07-11 15:31:08,1783783868,R_75,55200.7224,1,27.311600000000908,BACKFILL_AUTO
2026-07-11 15:31:10,1783783870,R_75,55198.3145,-1,2.4078999999983353,BACKFILL_AUTO
2026-07-11 15:31:12,1783783872,R_75,55191.2607,-1,7.053800000001502,BACKFILL_AUTO
2026-07-11 15:31:14,1783783874,R_75,55200.0202,1,8.759500000000116,BACKFILL_AUTO
2026-07-11 15:31:16,1783783876,R_75,55196.0991,-1,3.9210999999995693,BACKFILL_AUTO
2026-07-11 15:31:18,1783783878,R_75,55189.4113,-1,6.687799999999697,BACKFILL_AUTO
2026-07-11 15:31:20,1783783880,R_75,55186.6858,-1,2.7255000000004657,BACKFILL_AUTO
2026-07-11 15:31:22,1783783882,R_75,55192.8398,1,6.15400000000227,BACKFILL_AUTO
2026-07-11 15:31:24,1783783884,R_75,55189.6096,-1,3.230199999998149,BACKFILL_AUTO
2026-07-11 15:31:26,1783783886,R_75,55208.0553,1,18.445699999996577,BACKFILL_AUTO
2026-07-11 15:31:28,1783783888,R_75,55214.0251,1,5.969799999998941,BACKFILL_AUTO
2026-07-11 15:31:30,1783783890,R_75,55219.3905,1,5.36540000000241,BACKFILL_AUTO
2026-07-11 15:31:32,1783783892,R_75,55221.4564,1,2.0659000000014203,BACKFILL_AUTO
2026-07-11 15:31:34,1783783894,R_75,55205.4888,-1,15.967600000003586,BACKFILL_AUTO
2026-07-11 15:31:36,1783783896,R_75,55200.8847,-1,4.6040999999968335,BACKFILL_AUTO
2026-07-11 15:31:38,1783783898,R_75,55220.5006,1,19.615899999997055,BACKFILL_AUTO
2026-07-11 15:31:40,1783783900,R_75,55203.1199,-1,17.380700000001525,BACKFILL_AUTO
2026-07-11 15:31:42,1783783902,R_75,55209.953,1,6.833100000003469,BACKFILL_AUTO
2026-07-11 15:31:44,1783783904,R_75,55224.6621,1,14.709100000000035,BACKFILL_AUTO
2026-07-11 15:31:46,1783783906,R_75,55221.6904,-1,2.9717000000018743,BACKFILL_AUTO
2026-07-11 15:31:48,1783783908,R_75,55216.2229,-1,5.467499999998836,BACKFILL_AUTO
2026-07-11 15:31:50,1783783910,R_75,55206.251,-1,9.971900000004098,BACKFILL_AUTO
2026-07-11 15:31:52,1783783912,R_75,55224.4444,1,18.19340000000375,BACKFILL_AUTO
2026-07-11 15:31:54,1783783914,R_75,55224.3787,-1,0.06569999999919673,BACKFILL_AUTO
2026-07-11 15:31:56,1783783916,R_75,55237.9279,1,13.549200000001292,BACKFILL_AUTO
2026-07-11 15:31:58,1783783918,R_75,55244.7165,1,6.78859999999986,BACKFILL_AUTO
2026-07-11 15:32:00,1783783920,R_75,55244.4924,-1,0.22409999999945285,BACKFILL_AUTO
2026-07-11 15:32:02,1783783922,R_75,55247.2254,1,2.7330000000001746,BACKFILL_AUTO
2026-07-11 15:32:04,1783783924,R_75,55240.4044,-1,6.821000000003551,BACKFILL_AUTO
2026-07-11 15:32:06,1783783926,R_75,55248.5926,1,8.188200000004144,BACKFILL_AUTO
2026-07-11 15:32:08,1783783928,R_75,55238.1062,-1,10.486400000001595,BACKFILL_AUTO
2026-07-11 15:32:10,1783783930,R_75,55247.749,1,9.642800000001444,BACKFILL_AUTO
2026-07-11 15:32:12,1783783932,R_75,55247.0014,-1,0.7476000000024214,BACKFILL_AUTO
2026-07-11 15:32:14,1783783934,R_75,55246.6659,-1,0.33550000000104774,BACKFILL_AUTO
2026-07-11 15:32:16,1783783936,R_75,55252.2295,1,5.5636000000013155,BACKFILL_AUTO
2026-07-11 15:32:18,1783783938,R_75,55249.9804,-1,2.249100000000908,BACKFILL_AUTO
2026-07-11 15:32:20,1783783940,R_75,55263.542,1,13.561600000000908,BACKFILL_AUTO
2026-07-11 15:32:22,1783783942,R_75,55263.6246,1,0.08260000000154832,BACKFILL_AUTO
2026-07-11 15:32:24,1783783944,R_75,55282.2823,1,18.65769999999611,BACKFILL_AUTO
2026-07-11 15:32:26,1783783946,R_75,55285.4058,1,3.1235000000015134,BACKFILL_AUTO
2026-07-11 15:32:28,1783783948,R_75,55285.578,1,0.17220000000088476,BACKFILL_AUTO
2026-07-11 15:32:30,1783783950,R_75,55286.311,1,0.7330000000001746,BACKFILL_AUTO
2026-07-11 15:32:32,1783783952,R_75,55298.3866,1,12.075599999996484,BACKFILL_AUTO
2026-07-11 15:32:34,1783783954,R_75,55303.2315,1,4.84490000000369,BACKFILL_AUTO
2026-07-11 15:32:36,1783783956,R_75,55297.9551,-1,5.276400000002468,BACKFILL_AUTO
2026-07-11 15:32:38,1783783958,R_75,55303.6252,1,5.6701000000030035,BACKFILL_AUTO
2026-07-11 15:32:40,1783783960,R_75,55303.6456,1,0.020400000001245644,BACKFILL_AUTO
2026-07-11 15:32:42,1783783962,R_75,55295.4826,-1,8.163000000000466,BACKFILL_AUTO
2026-07-11 15:32:44,1783783964,R_75,55284.9007,-1,10.58190000000468,BACKFILL_AUTO
2026-07-11 15:32:46,1783783966,R_75,55283.1745,-1,1.726199999997334,BACKFILL_AUTO
2026-07-11 15:32:48,1783783968,R_75,55282.2886,-1,0.8859000000011292,BACKFILL_AUTO
2026-07-11 15:32:50,1783783970,R_75,55283.1768,1,0.888200000001234,BACKFILL_AUTO
2026-07-11 15:32:52,1783783972,R_75,55283.0674,-1,0.10940000000118744,BACKFILL_AUTO
2026-07-11 15:32:54,1783783974,R_75,55278.1425,-1,4.924899999998161,BACKFILL_AUTO
2026-07-11 15:32:56,1783783976,R_75,55262.2665,-1,15.876000000003842,BACKFILL_AUTO
2026-07-11 15:32:58,1783783978,R_75,55245.5667,-1,16.699799999994866,BACKFILL_AUTO
2026-07-11 15:33:00,1783783980,R_75,55236.4698,-1,9.096900000004098,BACKFILL_AUTO
2026-07-11 15:33:02,1783783982,R_75,55261.8783,1,25.40849999999773,BACKFILL_AUTO
2026-07-11 15:33:04,1783783984,R_75,55270.9291,1,9.050800000004529,BACKFILL_AUTO
2026-07-11 15:33:06,1783783986,R_75,55277.9426,1,7.013500000000931,BACKFILL_AUTO
2026-07-11 15:33:08,1783783988,R_75,55280.4089,1,2.4663000000000466,BACKFILL_AUTO
2026-07-11 15:33:10,1783783990,R_75,55301.5729,1,21.16399999999703,BACKFILL_AUTO
2026-07-11 15:33:12,1783783992,R_75,55290.7669,-1,10.805999999996857,BACKFILL_AUTO
2026-07-11 15:33:14,1783783994,R_75,55301.2907,1,10.52379999999539,BACKFILL_AUTO
2026-07-11 15:33:16,1783783996,R_75,55290.9218,-1,10.368900000001304,BACKFILL_AUTO
2026-07-11 15:33:18,1783783998,R_75,55294.4138,1,3.492000000005646,BACKFILL_AUTO
2026-07-11 15:33:20,1783784000,R_75,55292.635,-1,1.7788000000000466,BACKFILL_AUTO
2026-07-11 15:33:22,1783784002,R_75,55290.4144,-1,2.220600000000559,BACKFILL_AUTO
2026-07-11 15:33:24,1783784004,R_75,55277.039,-1,13.375400000004447,BACKFILL_AUTO
2026-07-11 15:33:26,1783784006,R_75,55272.7317,-1,4.307300000000396,BACKFILL_AUTO
2026-07-11 15:33:28,1783784008,R_75,55266.0459,-1,6.68579999999929,BACKFILL_AUTO
2026-07-11 15:33:30,1783784010,R_75,55278.7405,1,12.694600000002538,BACKFILL_AUTO
2026-07-11 15:33:32,1783784012,R_75,55288.1367,1,9.396200000002864,BACKFILL_AUTO
2026-07-11 15:33:34,1783784014,R_75,55270.3553,-1,17.78139999999985,BACKFILL_AUTO
2026-07-11 15:33:36,1783784016,R_75,55273.1119,1,2.756600000000617,BACKFILL_AUTO
2026-07-11 15:33:38,1783784018,R_75,55268.0042,-1,5.107700000000477,BACKFILL_AUTO
2026-07-11 15:33:40,1783784020,R_75,55251.5259,-1,16.47830000000249,BACKFILL_AUTO
2026-07-11 15:33:42,1783784022,R_75,55261.544,1,10.01810000000114,BACKFILL_AUTO
2026-07-11 15:33:44,1783784024,R_75,55259.958,-1,1.5860000000029686,BACKFILL_AUTO
2026-07-11 15:33:46,1783784026,R_75,55240.427,-1,19.5309999999954,BACKFILL_AUTO
2026-07-11 15:33:48,1783784028,R_75,55229.6027,-1,10.824300000000221,BACKFILL_AUTO
2026-07-11 15:33:50,1783784030,R_75,55239.2661,1,9.663399999997637,BACKFILL_AUTO
2026-07-11 15:33:52,1783784032,R_75,55241.7872,1,2.521099999998114,BACKFILL_AUTO
2026-07-11 15:33:54,1783784034,R_75,55248.0614,1,6.274199999999837,BACKFILL_AUTO
2026-07-11 15:33:56,1783784036,R_75,55247.3894,-1,0.6719999999986612,BACKFILL_AUTO
2026-07-11 15:33:58,1783784038,R_75,55241.6808,-1,5.708599999998114,BACKFILL_AUTO
2026-07-11 15:34:00,1783784040,R_75,55238.8947,-1,2.786100000004808,BACKFILL_AUTO
2026-07-11 15:34:02,1783784042,R_75,55236.911,-1,1.983699999997043,BACKFILL_AUTO
2026-07-11 15:34:04,1783784044,R_75,55264.4363,1,27.525300000001153,BACKFILL_AUTO
2026-07-11 15:34:06,1783784046,R_75,55250.9017,-1,13.534599999999045,BACKFILL_AUTO
2026-07-11 15:34:08,1783784048,R_75,55262.9517,1,12.049999999995634,BACKFILL_AUTO
2026-07-11 15:34:10,1783784050,R_75,55262.6995,-1,0.25219999999535503,BACKFILL_AUTO
2026-07-11 15:34:12,1783784052,R_75,55255.8537,-1,6.845800000002782,BACKFILL_AUTO
2026-07-11 15:34:14,1783784054,R_75,55249.0629,-1,6.790800000002491,BACKFILL_AUTO
2026-07-11 15:34:16,1783784056,R_75,55267.8147,1,18.75180000000546,BACKFILL_AUTO
2026-07-11 15:34:18,1783784058,R_75,55270.1425,1,2.3277999999991152,BACKFILL_AUTO
2026-07-11 15:34:20,1783784060,R_75,55270.4183,1,0.2757999999957974,BACKFILL_AUTO
2026-07-11 15:34:22,1783784062,R_75,55277.834,1,7.4157000000050175,BACKFILL_AUTO
2026-07-11 15:34:24,1783784064,R_75,55276.5566,-1,1.2773999999990338,BACKFILL_AUTO
2026-07-11 15:34:26,1783784066,R_75,55306.591,1,30.034399999996822,BACKFILL_AUTO
2026-07-11 15:34:28,1783784068,R_75,55275.9878,-1,30.60319999999774,BACKFILL_AUTO
2026-07-11 15:34:30,1783784070,R_75,55279.1801,1,3.192299999995157,BACKFILL_AUTO
2026-07-11 15:34:32,1783784072,R_75,55265.9438,-1,13.236299999996845,BACKFILL_AUTO
2026-07-11 15:34:34,1783784074,R_75,55244.5758,-1,21.368000000002212,BACKFILL_AUTO
2026-07-11 15:34:36,1783784076,R_75,55226.6848,-1,17.890999999995984,BACKFILL_AUTO
2026-07-11 15:34:38,1783784078,R_75,55241.2768,1,14.591999999996915,BACKFILL_AUTO
2026-07-11 15:34:40,1783784080,R_75,55246.136,1,4.859199999998964,BACKFILL_AUTO
2026-07-11 15:34:42,1783784082,R_75,55256.7069,1,10.570899999998801,BACKFILL_AUTO
2026-07-11 15:34:44,1783784084,R_75,55275.0965,1,18.389600000002247,BACKFILL_AUTO
2026-07-11 15:34:46,1783784086,R_75,55302.6471,1,27.550600000002305,BACKFILL_AUTO
2026-07-11 15:34:48,1783784088,R_75,55296.0859,-1,6.561200000003737,BACKFILL_AUTO
2026-07-11 15:34:50,1783784090,R_75,55290.889,-1,5.196899999995367,BACKFILL_AUTO
2026-07-11 15:34:52,1783784092,R_75,55287.678,-1,3.2110000000029686,BACKFILL_AUTO
2026-07-11 15:34:54,1783784094,R_75,55288.8805,1,1.202499999999418,BACKFILL_AUTO
2026-07-11 15:34:56,1783784096,R_75,55290.1869,1,1.3064000000013039,BACKFILL_AUTO
2026-07-11 15:34:58,1783784098,R_75,55286.279,-1,3.9078999999983353,BACKFILL_AUTO
2026-07-11 15:35:00,1783784100,R_75,55266.0428,-1,20.23619999999937,BACKFILL_AUTO
2026-07-11 15:35:02,1783784102,R_75,55257.2183,-1,8.824500000002445,BACKFILL_AUTO
2026-07-11 15:35:04,1783784104,R_75,55259.9145,1,2.6961999999984982,BACKFILL_AUTO
2026-07-11 15:35:06,1783784106,R_75,55250.01,-1,9.904499999996915,BACKFILL_AUTO
2026-07-11 15:35:08,1783784108,R_75,55261.1849,1,11.17489999999816,BACKFILL_AUTO
2026-07-11 15:35:10,1783784110,R_75,55256.7677,-1,4.417200000003504,BACKFILL_AUTO
2026-07-11 15:35:12,1783784112,R_75,55253.9758,-1,2.791899999996531,BACKFILL_AUTO
2026-07-11 15:35:14,1783784114,R_75,55246.4888,-1,7.4870000000009895,BACKFILL_AUTO
2026-07-11 15:35:16,1783784116,R_75,55264.8132,1,18.324399999997695,BACKFILL_AUTO
2026-07-11 15:35:18,1783784118,R_75,55262.2513,-1,2.5618999999933294,BACKFILL_AUTO
2026-07-11 15:35:20,1783784120,R_75,55266.1067,1,3.8553999999930966,BACKFILL_AUTO
2026-07-11 15:35:22,1783784122,R_75,55283.6489,1,17.542200000003504,BACKFILL_AUTO
2026-07-11 15:35:24,1783784124,R_75,55282.0539,-1,1.5950000000011642,BACKFILL_AUTO
2026-07-11 15:35:26,1783784126,R_75,55278.4218,-1,3.632100000002538,BACKFILL_AUTO
2026-07-11 15:35:28,1783784128,R_75,55287.7659,1,9.344100000002072,BACKFILL_AUTO
2026-07-11 15:35:30,1783784130,R_75,55291.269,1,3.503100000001723,BACKFILL_AUTO
2026-07-11 15:35:32,1783784132,R_75,55291.3044,1,0.03540000000066357,BACKFILL_AUTO
2026-07-11 15:35:34,1783784134,R_75,55276.479,-1,14.825400000001537,BACKFILL_AUTO
2026-07-11 15:35:36,1783784136,R_75,55259.6627,-1,16.81629999999859,BACKFILL_AUTO
2026-07-11 15:35:38,1783784138,R_75,55270.5585,1,10.895799999998417,BACKFILL_AUTO
2026-07-11 15:35:40,1783784140,R_75,55257.0757,-1,13.482799999997951,BACKFILL_AUTO
2026-07-11 15:35:42,1783784142,R_75,55253.5246,-1,3.551100000004226,BACKFILL_AUTO
2026-07-11 15:35:44,1783784144,R_75,55256.5612,1,3.036599999999453,BACKFILL_AUTO
2026-07-11 15:35:46,1783784146,R_75,55267.3054,1,10.744200000001001,BACKFILL_AUTO
2026-07-11 15:35:48,1783784148,R_75,55253.4992,-1,13.80619999999908,BACKFILL_AUTO
2026-07-11 15:35:50,1783784150,R_75,55268.0139,1,14.51469999999972,BACKFILL_AUTO
2026-07-11 15:35:52,1783784152,R_75,55266.3465,-1,1.6673999999984517,BACKFILL_AUTO
2026-07-11 15:35:54,1783784154,R_75,55272.0114,1,5.664900000003399,BACKFILL_AUTO
2026-07-11 15:35:56,1783784156,R_75,55268.7267,-1,3.284700000003795,BACKFILL_AUTO
2026-07-11 15:35:58,1783784158,R_75,55266.2195,-1,2.5072000000000116,BACKFILL_AUTO
2026-07-11 15:36:00,1783784160,R_75,55275.7696,1,9.550100000000384,BACKFILL_AUTO
2026-07-11 15:36:02,1783784162,R_75,55271.5666,-1,4.203000000001339,BACKFILL_AUTO
2026-07-11 15:36:04,1783784164,R_75,55262.2256,-1,9.34100000000035,BACKFILL_AUTO
2026-07-11 15:36:06,1783784166,R_75,55270.9314,1,8.705800000003364,BACKFILL_AUTO
2026-07-11 15:36:08,1783784168,R_75,55267.6198,-1,3.311600000000908,BACKFILL_AUTO
2026-07-11 15:36:10,1783784170,R_75,55264.6623,-1,2.9574999999967986,BACKFILL_AUTO
2026-07-11 15:36:12,1783784172,R_75,55262.0538,-1,2.6085000000020955,BACKFILL_AUTO
2026-07-11 15:36:14,1783784174,R_75,55260.355,-1,1.6987999999983003,BACKFILL_AUTO
2026-07-11 15:36:16,1783784176,R_75,55253.6465,-1,6.70850000000064,BACKFILL_AUTO
2026-07-11 15:36:18,1783784178,R_75,55253.3431,-1,0.30340000000433065,BACKFILL_AUTO
2026-07-11 15:36:20,1783784180,R_75,55254.0521,1,0.7090000000025611,BACKFILL_AUTO
2026-07-11 15:36:22,1783784182,R_75,55251.9464,-1,2.10570000000007,BACKFILL_AUTO
2026-07-11 15:36:24,1783784184,R_75,55242.0901,-1,9.856299999999464,BACKFILL_AUTO
2026-07-11 15:36:26,1783784186,R_75,55237.9068,-1,4.1833000000042375,BACKFILL_AUTO
2026-07-11 15:36:28,1783784188,R_75,55237.4604,-1,0.4463999999934458,BACKFILL_AUTO
2026-07-11 15:36:30,1783784190,R_75,55241.9755,1,4.515099999996892,BACKFILL_AUTO
2026-07-11 15:36:32,1783784192,R_75,55234.3791,-1,7.596400000002177,BACKFILL_AUTO
2026-07-11 15:36:34,1783784194,R_75,55239.4559,1,5.0768000000025495,BACKFILL_AUTO
2026-07-11 15:36:36,1783784196,R_75,55244.3004,1,4.844499999999243,BACKFILL_AUTO
2026-07-11 15:36:38,1783784198,R_75,55259.8681,1,15.567699999999604,BACKFILL_AUTO
2026-07-11 15:36:40,1783784200,R_75,55286.2019,1,26.333800000000338,BACKFILL_AUTO
2026-07-11 15:36:42,1783784202,R_75,55279.6718,-1,6.530100000003586,BACKFILL_AUTO
2026-07-11 15:36:44,1783784204,R_75,55271.1871,-1,8.484699999993609,BACKFILL_AUTO
2026-07-11 15:36:46,1783784206,R_75,55269.6143,-1,1.5728000000017346,BACKFILL_AUTO
2026-07-11 15:36:48,1783784208,R_75,55263.6821,-1,5.932200000002922,BACKFILL_AUTO
2026-07-11 15:36:50,1783784210,R_75,55278.9478,1,15.265700000003562,BACKFILL_AUTO
2026-07-11 15:36:52,1783784212,R_75,55271.5283,-1,7.419500000003609,BACKFILL_AUTO
2026-07-11 15:36:54,1783784214,R_75,55276.9883,1,5.459999999999127,BACKFILL_AUTO
2026-07-11 15:36:56,1783784216,R_75,55289.9134,1,12.925100000000384,BACKFILL_AUTO
2026-07-11 15:36:58,1783784218,R_75,55303.2565,1,13.343100000005506,BACKFILL_AUTO
2026-07-11 15:37:00,1783784220,R_75,55307.3437,1,4.087199999994482,BACKFILL_AUTO
2026-07-11 15:37:02,1783784222,R_75,55307.8675,1,0.5238000000026659,BACKFILL_AUTO
2026-07-11 15:37:04,1783784224,R_75,55314.1611,1,6.293599999997241,BACKFILL_AUTO
2026-07-11 15:37:06,1783784226,R_75,55311.3465,-1,2.8145999999978812,BACKFILL_AUTO
2026-07-11 15:37:08,1783784228,R_75,55292.446,-1,18.9004999999961,BACKFILL_AUTO
2026-07-11 15:37:10,1783784230,R_75,55275.6518,-1,16.79420000000391,BACKFILL_AUTO
2026-07-11 15:37:12,1783784232,R_75,55276.2766,1,0.6247999999977765,BACKFILL_AUTO
2026-07-11 15:37:14,1783784234,R_75,55267.2436,-1,9.032999999995809,BACKFILL_AUTO
2026-07-11 15:37:16,1783784236,R_75,55250.6553,-1,16.588300000003073,BACKFILL_AUTO
2026-07-11 15:37:18,1783784238,R_75,55254.8981,1,4.242799999999988,BACKFILL_AUTO
2026-07-11 15:37:20,1783784240,R_75,55250.7106,-1,4.1875,BACKFILL_AUTO
2026-07-11 15:37:22,1783784242,R_75,55249.3741,-1,1.3364999999976135,BACKFILL_AUTO
2026-07-11 15:37:24,1783784244,R_75,55226.4715,-1,22.902600000001257,BACKFILL_AUTO
2026-07-11 15:37:26,1783784246,R_75,55238.8489,1,12.377399999997579,BACKFILL_AUTO
2026-07-11 15:37:28,1783784248,R_75,55223.5366,-1,15.312299999997776,BACKFILL_AUTO
2026-07-11 15:37:30,1783784250,R_75,55230.3024,1,6.765800000001036,BACKFILL_AUTO
2026-07-11 15:37:32,1783784252,R_75,55221.6932,-1,8.609199999998964,BACKFILL_AUTO
2026-07-11 15:37:34,1783784254,R_75,55237.3649,1,15.671699999998964,BACKFILL_AUTO
2026-07-11 15:37:36,1783784256,R_75,55249.436,1,12.071100000001024,BACKFILL_AUTO
2026-07-11 15:37:38,1783784258,R_75,55257.9653,1,8.529300000001967,BACKFILL_AUTO
2026-07-11 15:37:40,1783784260,R_75,55235.2136,-1,22.75170000000071,BACKFILL_AUTO
2026-07-11 15:37:42,1783784262,R_75,55238.5629,1,3.3492999999944004,BACKFILL_AUTO
2026-07-11 15:37:44,1783784264,R_75,55251.2007,1,12.637800000004063,BACKFILL_AUTO
2026-07-11 15:37:46,1783784266,R_75,55242.9018,-1,8.298900000001595,BACKFILL_AUTO
2026-07-11 15:37:48,1783784268,R_75,55252.3763,1,9.4745000000039,BACKFILL_AUTO
2026-07-11 15:37:50,1783784270,R_75,55246.4863,-1,5.890000000006694,BACKFILL_AUTO
2026-07-11 15:37:52,1783784272,R_75,55234.1772,-1,12.30909999999858,BACKFILL_AUTO
2026-07-11 15:37:54,1783784274,R_75,55229.4667,-1,4.710500000001048,BACKFILL_AUTO
2026-07-11 15:37:56,1783784276,R_75,55228.1127,-1,1.3539999999993597,BACKFILL_AUTO
2026-07-11 15:37:58,1783784278,R_75,55205.1363,-1,22.976399999999558,BACKFILL_AUTO
2026-07-11 15:38:00,1783784280,R_75,55184.7047,-1,20.43159999999625,BACKFILL_AUTO
2026-07-11 15:38:02,1783784282,R_75,55176.454,-1,8.250700000004144,BACKFILL_AUTO
2026-07-11 15:38:04,1783784284,R_75,55174.715,-1,1.739000000001397,BACKFILL_AUTO
2026-07-11 15:38:06,1783784286,R_75,55200.392,1,25.677000000003318,BACKFILL_AUTO
2026-07-11 15:38:08,1783784288,R_75,55178.6981,-1,21.693899999998393,BACKFILL_AUTO
2026-07-11 15:38:10,1783784290,R_75,55168.7096,-1,9.988499999999476,BACKFILL_AUTO
2026-07-11 15:38:12,1783784292,R_75,55173.3573,1,4.64770000000135,BACKFILL_AUTO
2026-07-11 15:38:14,1783784294,R_75,55165.8417,-1,7.5156000000060885,BACKFILL_AUTO
2026-07-11 15:38:16,1783784296,R_75,55182.4424,1,16.60070000000269,BACKFILL_AUTO
2026-07-11 15:38:18,1783784298,R_75,55191.9431,1,9.500699999996868,BACKFILL_AUTO
2026-07-11 15:38:20,1783784300,R_75,55198.7598,1,6.816700000003038,BACKFILL_AUTO
2026-07-11 15:38:22,1783784302,R_75,55174.0732,-1,24.686600000000908,BACKFILL_AUTO
2026-07-11 15:38:24,1783784304,R_75,55146.1898,-1,27.8833999999988,BACKFILL_AUTO
2026-07-11 15:38:26,1783784306,R_75,55156.7627,1,10.572899999999208,BACKFILL_AUTO
2026-07-11 15:38:28,1783784308,R_75,55140.4107,-1,16.351999999998952,BACKFILL_AUTO
2026-07-11 15:38:30,1783784310,R_75,55143.87,1,3.4593000000022585,BACKFILL_AUTO
2026-07-11 15:38:32,1783784312,R_75,55145.5537,1,1.6836999999941327,BACKFILL_AUTO
2026-07-11 15:38:34,1783784314,R_75,55150.2787,1,4.725000000005821,BACKFILL_AUTO
2026-07-11 15:38:36,1783784316,R_75,55144.322,-1,5.956700000002456,BACKFILL_AUTO
2026-07-11 15:38:38,1783784318,R_75,55136.9807,-1,7.341300000000047,BACKFILL_AUTO
2026-07-11 15:38:40,1783784320,R_75,55127.5738,-1,9.40690000000177,BACKFILL_AUTO
2026-07-11 15:38:42,1783784322,R_75,55117.8182,-1,9.755599999996775,BACKFILL_AUTO
2026-07-11 15:38:44,1783784324,R_75,55117.3895,-1,0.42870000000402797,BACKFILL_AUTO
2026-07-11 15:38:46,1783784326,R_75,55118.9955,1,1.6059999999997672,BACKFILL_AUTO
2026-07-11 15:38:48,1783784328,R_75,55117.3055,-1,1.6899999999950523,BACKFILL_AUTO
2026-07-11 15:38:50,1783784330,R_75,55112.3612,-1,4.9443000000028405,BACKFILL_AUTO
2026-07-11 15:38:52,1783784332,R_75,55112.7485,1,0.38730000000214204,BACKFILL_AUTO
2026-07-11 15:38:54,1783784334,R_75,55126.6506,1,13.902099999999336,BACKFILL_AUTO
2026-07-11 15:38:56,1783784336,R_75,55125.149,-1,1.5016000000032363,BACKFILL_AUTO
2026-07-11 15:38:58,1783784338,R_75,55120.1807,-1,4.968300000000454,BACKFILL_AUTO
2026-07-11 15:39:00,1783784340,R_75,55119.4277,-1,0.7529999999969732,BACKFILL_AUTO
2026-07-11 15:39:02,1783784342,R_75,55113.5671,-1,5.860599999999977,BACKFILL_AUTO
2026-07-11 15:39:04,1783784344,R_75,55121.8854,1,8.318299999998999,BACKFILL_AUTO
2026-07-11 15:39:06,1783784346,R_75,55120.0595,-1,1.8258999999961816,BACKFILL_AUTO
2026-07-11 15:39:08,1783784348,R_75,55116.2476,-1,3.8119000000006054,BACKFILL_AUTO
2026-07-11 15:39:10,1783784350,R_75,55126.3004,1,10.05279999999766,BACKFILL_AUTO
2026-07-11 15:39:12,1783784352,R_75,55126.156,-1,0.14439999999740394,BACKFILL_AUTO
2026-07-11 15:39:14,1783784354,R_75,55125.537,-1,0.6190000000060536,BACKFILL_AUTO
2026-07-11 15:39:16,1783784356,R_75,55123.2035,-1,2.3334999999933643,BACKFILL_AUTO
2026-07-11 15:39:18,1783784358,R_75,55131.0331,1,7.829599999997299,BACKFILL_AUTO
2026-07-11 15:39:20,1783784360,R_75,55129.6667,-1,1.3663999999989755,BACKFILL_AUTO
2026-07-11 15:39:22,1783784362,R_75,55109.701,-1,19.965700000000652,BACKFILL_AUTO
2026-07-11 15:39:24,1783784364,R_75,55102.205,-1,7.495999999999185,BACKFILL_AUTO
2026-07-11 15:39:26,1783784366,R_75,55103.8104,1,1.6054000000003725,BACKFILL_AUTO
2026-07-11 15:39:28,1783784368,R_75,55092.2165,-1,11.593899999999849,BACKFILL_AUTO
2026-07-11 15:39:30,1783784370,R_75,55087.921,-1,4.295500000000175,BACKFILL_AUTO
2026-07-11 15:39:32,1783784372,R_75,55093.11,1,5.188999999998487,BACKFILL_AUTO
2026-07-11 15:39:34,1783784374,R_75,55079.8412,-1,13.26879999999801,BACKFILL_AUTO
2026-07-11 15:39:36,1783784376,R_75,55072.4177,-1,7.423500000004424,BACKFILL_AUTO
2026-07-11 15:39:38,1783784378,R_75,55086.307,1,13.88930000000255,BACKFILL_AUTO
2026-07-11 15:39:40,1783784380,R_75,55091.6835,1,5.376499999998487,BACKFILL_AUTO
2026-07-11 15:39:42,1783784382,R_75,55076.2052,-1,15.478300000002491,BACKFILL_AUTO
2026-07-11 15:39:44,1783784384,R_75,55093.2687,1,17.06350000000384,BACKFILL_AUTO
2026-07-11 15:39:46,1783784386,R_75,55091.0651,-1,2.2036000000007334,BACKFILL_AUTO
2026-07-11 15:39:48,1783784388,R_75,55083.2765,-1,7.78859999999986,BACKFILL_AUTO
2026-07-11 15:39:50,1783784390,R_75,55079.0808,-1,4.195699999996577,BACKFILL_AUTO
2026-07-11 15:39:52,1783784392,R_75,55102.355,1,23.274199999999837,BACKFILL_AUTO
2026-07-11 15:39:54,1783784394,R_75,55087.7556,-1,14.599400000006426,BACKFILL_AUTO
2026-07-11 15:39:56,1783784396,R_75,55093.8378,1,6.082200000004377,BACKFILL_AUTO
2026-07-11 15:39:58,1783784398,R_75,55100.6614,1,6.823599999996077,BACKFILL_AUTO
2026-07-11 15:40:00,1783784400,R_75,55087.4369,-1,13.224499999996624,BACKFILL_AUTO
2026-07-11 15:40:02,1783784402,R_75,55090.6606,1,3.2237000000022817,BACKFILL_AUTO
2026-07-11 15:40:04,1783784404,R_75,55084.2573,-1,6.403300000005402,BACKFILL_AUTO
2026-07-11 15:40:06,1783784406,R_75,55094.6149,1,10.357600000003004,BACKFILL_AUTO
2026-07-11 15:40:08,1783784408,R_75,55090.5304,-1,4.084499999997206,BACKFILL_AUTO
2026-07-11 15:40:10,1783784410,R_75,55082.3656,-1,8.164800000005926,BACKFILL_AUTO
2026-07-11 15:40:12,1783784412,R_75,55083.6467,1,1.2811000000001513,BACKFILL_AUTO
2026-07-11 15:40:14,1783784414,R_75,55088.3621,1,4.715400000000955,BACKFILL_AUTO
2026-07-11 15:40:16,1783784416,R_75,55086.8078,-1,1.5542999999961467,BACKFILL_AUTO
2026-07-11 15:40:18,1783784418,R_75,55069.6801,-1,17.127700000004552,BACKFILL_AUTO
2026-07-11 15:40:20,1783784420,R_75,55064.5835,-1,5.0965999999971245,BACKFILL_AUTO
2026-07-11 15:40:22,1783784422,R_75,55050.8015,-1,13.781999999999243,BACKFILL_AUTO
2026-07-11 15:40:24,1783784424,R_75,55053.2127,1,2.411199999995006,BACKFILL_AUTO
2026-07-11 15:40:26,1783784426,R_75,55034.5303,-1,18.68239999999787,BACKFILL_AUTO
2026-07-11 15:40:28,1783784428,R_75,55022.5545,-1,11.975800000000163,BACKFILL_AUTO
2026-07-11 15:40:30,1783784430,R_75,55025.3088,1,2.7543000000005122,BACKFILL_AUTO
2026-07-11 15:40:32,1783784432,R_75,55009.4843,-1,15.824500000002445,BACKFILL_AUTO
2026-07-11 15:40:34,1783784434,R_75,55012.4886,1,3.0043000000005122,BACKFILL_AUTO
2026-07-11 15:40:36,1783784436,R_75,55023.2173,1,10.728699999999662,BACKFILL_AUTO
2026-07-11 15:40:38,1783784438,R_75,55018.5027,-1,4.714599999999336,BACKFILL_AUTO
2026-07-11 15:40:40,1783784440,R_75,55032.329,1,13.826300000000629,BACKFILL_AUTO
2026-07-11 15:40:42,1783784442,R_75,55025.1292,-1,7.199799999994866,BACKFILL_AUTO
2026-07-11 15:40:44,1783784444,R_75,55027.7718,1,2.64259999999922,BACKFILL_AUTO
2026-07-11 15:40:46,1783784446,R_75,55023.3401,-1,4.431700000001001,BACKFILL_AUTO
2026-07-11 15:40:48,1783784448,R_75,55025.6177,1,2.2776000000012573,BACKFILL_AUTO
2026-07-11 15:40:50,1783784450,R_75,55024.3284,-1,1.2893000000040047,BACKFILL_AUTO
2026-07-11 15:40:52,1783784452,R_75,55017.2786,-1,7.049800000000687,BACKFILL_AUTO
2026-07-11 15:40:54,1783784454,R_75,55026.4614,1,9.182800000002317,BACKFILL_AUTO
2026-07-11 15:40:56,1783784456,R_75,55036.1645,1,9.703099999998813,BACKFILL_AUTO
2026-07-11 15:40:58,1783784458,R_75,55023.1118,-1,13.052700000000186,BACKFILL_AUTO
2026-07-11 15:41:00,1783784460,R_75,55008.9114,-1,14.200400000001537,BACKFILL_AUTO
2026-07-11 15:41:02,1783784462,R_75,55001.3644,-1,7.546999999998661,BACKFILL_AUTO
2026-07-11 15:41:04,1783784464,R_75,54991.2793,-1,10.0850999999966,BACKFILL_AUTO
2026-07-11 15:41:06,1783784466,R_75,54990.3237,-1,0.9556000000011409,BACKFILL_AUTO
2026-07-11 15:41:08,1783784468,R_75,54994.9308,1,4.607100000001083,BACKFILL_AUTO
2026-07-11 15:41:10,1783784470,R_75,54986.5204,-1,8.410400000000664,BACKFILL_AUTO
2026-07-11 15:41:12,1783784472,R_75,54981.8214,-1,4.699000000000524,BACKFILL_AUTO
2026-07-11 15:41:14,1783784474,R_75,54971.6718,-1,10.149600000004284,BACKFILL_AUTO
2026-07-11 15:41:16,1783784476,R_75,54975.4957,1,3.82390000000305,BACKFILL_AUTO
2026-07-11 15:41:18,1783784478,R_75,54960.1339,-1,15.361799999998766,BACKFILL_AUTO
2026-07-11 15:41:20,1783784480,R_75,54971.8958,1,11.761899999997695,BACKFILL_AUTO
2026-07-11 15:41:22,1783784482,R_75,54960.5871,-1,11.308700000001409,BACKFILL_AUTO
2026-07-11 15:41:24,1783784484,R_75,54966.5263,1,5.93920000000071,BACKFILL_AUTO
2026-07-11 15:41:26,1783784486,R_75,54970.6253,1,4.099000000001979,BACKFILL_AUTO
2026-07-11 15:41:28,1783784488,R_75,54973.156,1,2.5307000000029802,BACKFILL_AUTO
2026-07-11 15:41:30,1783784490,R_75,54979.1932,1,6.0371999999988475,BACKFILL_AUTO
2026-07-11 15:41:32,1783784492,R_75,54966.1584,-1,13.034800000001269,BACKFILL_AUTO
2026-07-11 15:41:34,1783784494,R_75,54962.2384,-1,3.9199999999982538,BACKFILL_AUTO
2026-07-11 15:41:36,1783784496,R_75,54955.4466,-1,6.791799999999057,BACKFILL_AUTO
2026-07-11 15:41:38,1783784498,R_75,54962.9919,1,7.545299999997951,BACKFILL_AUTO
2026-07-11 15:41:40,1783784500,R_75,54960.772,-1,2.2199000000036904,BACKFILL_AUTO
2026-07-11 15:41:42,1783784502,R_75,54956.0273,-1,4.744699999995646,BACKFILL_AUTO
2026-07-11 15:41:44,1783784504,R_75,54938.9976,-1,17.02969999999914,BACKFILL_AUTO
2026-07-11 15:41:46,1783784506,R_75,54938.143,-1,0.8546000000060303,BACKFILL_AUTO
2026-07-11 15:41:48,1783784508,R_75,54934.6934,-1,3.4495999999999185,BACKFILL_AUTO
2026-07-11 15:41:50,1783784510,R_75,54937.3495,1,2.6561000000001513,BACKFILL_AUTO
2026-07-11 15:41:52,1783784512,R_75,54941.3046,1,3.955100000006496,BACKFILL_AUTO
2026-07-11 15:41:54,1783784514,R_75,54952.1871,1,10.882499999999709,BACKFILL_AUTO
2026-07-11 15:41:56,1783784516,R_75,54952.9501,1,0.7629999999990105,BACKFILL_AUTO
2026-07-11 15:41:58,1783784518,R_75,54959.2676,1,6.317499999997381,BACKFILL_AUTO
2026-07-11 15:42:00,1783784520,R_75,54955.6677,-1,3.599900000001071,BACKFILL_AUTO
2026-07-11 15:42:02,1783784522,R_75,54946.097,-1,9.570699999996577,BACKFILL_AUTO
2026-07-11 15:42:04,1783784524,R_75,54931.2772,-1,14.819800000004761,BACKFILL_AUTO
2026-07-11 15:42:06,1783784526,R_75,54954.7447,1,23.467500000006112,BACKFILL_AUTO
2026-07-11 15:42:08,1783784528,R_75,54952.605,-1,2.1396999999997206,BACKFILL_AUTO
2026-07-11 15:42:10,1783784530,R_75,54939.7151,-1,12.889900000001944,BACKFILL_AUTO
2026-07-11 15:42:12,1783784532,R_75,54928.6676,-1,11.047500000000582,BACKFILL_AUTO
2026-07-11 15:42:14,1783784534,R_75,54924.2086,-1,4.459000000002561,BACKFILL_AUTO
2026-07-11 15:42:16,1783784536,R_75,54934.3533,1,10.144700000004377,BACKFILL_AUTO
2026-07-11 15:42:18,1783784538,R_75,54952.4362,1,18.08289999999397,BACKFILL_AUTO
2026-07-11 15:42:20,1783784540,R_75,54962.7571,1,10.320900000006077,BACKFILL_AUTO
2026-07-11 15:42:22,1783784542,R_75,54963.6014,1,0.8442999999970198,BACKFILL_AUTO
2026-07-11 15:42:24,1783784544,R_75,54972.4485,1,8.847099999999045,BACKFILL_AUTO
2026-07-11 15:42:26,1783784546,R_75,54967.4926,-1,4.955900000000838,BACKFILL_AUTO
2026-07-11 15:42:28,1783784548,R_75,54973.6869,1,6.1943000000028405,BACKFILL_AUTO
2026-07-11 15:42:30,1783784550,R_75,54976.7205,1,3.0336000000024796,BACKFILL_AUTO
2026-07-11 15:42:32,1783784552,R_75,54978.4449,1,1.7243999999991502,BACKFILL_AUTO
2026-07-11 15:42:34,1783784554,R_75,54972.5894,-1,5.855500000005122,BACKFILL_AUTO
2026-07-11 15:42:36,1783784556,R_75,54962.7529,-1,9.836499999997613,BACKFILL_AUTO
2026-07-11 15:42:38,1783784558,R_75,54956.6882,-1,6.064700000002631,BACKFILL_AUTO
2026-07-11 15:42:40,1783784560,R_75,54957.5348,1,0.8466000000044005,BACKFILL_AUTO
2026-07-11 15:42:42,1783784562,R_75,54954.532,-1,3.0028000000020256,BACKFILL_AUTO
2026-07-11 15:42:44,1783784564,R_75,54960.6987,1,6.166700000001583,BACKFILL_AUTO
2026-07-11 15:42:46,1783784566,R_75,54967.1491,1,6.450400000001537,BACKFILL_AUTO
2026-07-11 15:42:48,1783784568,R_75,54941.9354,-1,25.213700000000244,BACKFILL_AUTO
2026-07-11 15:42:50,1783784570,R_75,54968.049,1,26.11359999999695,BACKFILL_AUTO
2026-07-11 15:42:52,1783784572,R_75,54958.0483,-1,10.000699999996868,BACKFILL_AUTO
2026-07-11 15:42:54,1783784574,R_75,54943.952,-1,14.096300000004703,BACKFILL_AUTO
2026-07-11 15:42:56,1783784576,R_75,54933.2157,-1,10.736299999996845,BACKFILL_AUTO
2026-07-11 15:42:58,1783784578,R_75,54927.4966,-1,5.719100000002072,BACKFILL_AUTO
2026-07-11 15:43:00,1783784580,R_75,54927.5966,1,0.09999999999854481,BACKFILL_AUTO
2026-07-11 15:43:02,1783784582,R_75,54933.5261,1,5.929500000005646,BACKFILL_AUTO
2026-07-11 15:43:04,1783784584,R_75,54928.293,-1,5.233100000004924,BACKFILL_AUTO
2026-07-11 15:43:06,1783784586,R_75,54953.6862,1,25.393199999998615,BACKFILL_AUTO
2026-07-11 15:43:08,1783784588,R_75,54956.4166,1,2.7304000000003725,BACKFILL_AUTO
2026-07-11 15:43:10,1783784590,R_75,54951.4687,-1,4.947899999999208,BACKFILL_AUTO
2026-07-11 15:43:12,1783784592,R_75,54960.252,1,8.783300000002782,BACKFILL_AUTO
2026-07-11 15:43:14,1783784594,R_75,54950.0615,-1,10.190499999996973,BACKFILL_AUTO
2026-07-11 15:43:16,1783784596,R_75,54957.1251,1,7.0635999999940395,BACKFILL_AUTO
2026-07-11 15:43:18,1783784598,R_75,54966.1649,1,9.039800000005926,BACKFILL_AUTO
2026-07-11 15:43:20,1783784600,R_75,54994.8988,1,28.733899999999267,BACKFILL_AUTO
2026-07-11 15:43:22,1783784602,R_75,54983.7431,-1,11.15570000000298,BACKFILL_AUTO
2026-07-11 15:43:24,1783784604,R_75,54986.168,1,2.4248999999981606,BACKFILL_AUTO
2026-07-11 15:43:26,1783784606,R_75,55001.6072,1,15.43920000000071,BACKFILL_AUTO
2026-07-11 15:43:28,1783784608,R_75,55006.7412,1,5.133999999998196,BACKFILL_AUTO
2026-07-11 15:43:30,1783784610,R_75,55002.811,-1,3.9301999999952386,BACKFILL_AUTO
2026-07-11 15:43:32,1783784612,R_75,54987.1267,-1,15.684300000000803,BACKFILL_AUTO
2026-07-11 15:43:34,1783784614,R_75,54982.9631,-1,4.16359999999986,BACKFILL_AUTO
2026-07-11 15:43:36,1783784616,R_75,54984.5299,1,1.5668000000005122,BACKFILL_AUTO
2026-07-11 15:43:38,1783784618,R_75,54982.2016,-1,2.328300000001036,BACKFILL_AUTO
2026-07-11 15:43:40,1783784620,R_75,54970.6864,-1,11.515200000001641,BACKFILL_AUTO
2026-07-11 15:43:42,1783784622,R_75,54986.2786,1,15.592199999999139,BACKFILL_AUTO
2026-07-11 15:43:44,1783784624,R_75,55003.6605,1,17.381900000000314,BACKFILL_AUTO
2026-07-11 15:43:46,1783784626,R_75,54992.3155,-1,11.345000000001164,BACKFILL_AUTO
2026-07-11 15:43:48,1783784628,R_75,54991.4677,-1,0.8477999999959138,BACKFILL_AUTO
2026-07-11 15:43:50,1783784630,R_75,54967.0158,-1,24.451900000000023,BACKFILL_AUTO
2026-07-11 15:43:52,1783784632,R_75,54964.673,-1,2.342799999998533,BACKFILL_AUTO
2026-07-11 15:43:54,1783784634,R_75,54947.0872,-1,17.585800000000745,BACKFILL_AUTO
2026-07-11 15:43:56,1783784636,R_75,54946.4541,-1,0.6330999999991036,BACKFILL_AUTO
2026-07-11 15:43:58,1783784638,R_75,54948.2813,1,1.8271999999997206,BACKFILL_AUTO
2026-07-11 15:44:00,1783784640,R_75,54948.7527,1,0.471399999994901,BACKFILL_AUTO
2026-07-11 15:44:02,1783784642,R_75,54945.3203,-1,3.4323999999978696,BACKFILL_AUTO
2026-07-11 15:44:04,1783784644,R_75,54921.9152,-1,23.40509999999631,BACKFILL_AUTO
2026-07-11 15:44:06,1783784646,R_75,54929.9616,1,8.046399999999267,BACKFILL_AUTO
2026-07-11 15:44:08,1783784648,R_75,54933.5486,1,3.5869999999995343,BACKFILL_AUTO
2026-07-11 15:44:10,1783784650,R_75,54921.3809,-1,12.167700000005425,BACKFILL_AUTO
2026-07-11 15:44:12,1783784652,R_75,54935.5137,1,14.132800000006682,BACKFILL_AUTO
2026-07-11 15:44:14,1783784654,R_75,54930.7582,-1,4.7555000000065775,BACKFILL_AUTO
2026-07-11 15:44:16,1783784656,R_75,54923.9595,-1,6.798699999999371,BACKFILL_AUTO
2026-07-11 15:44:18,1783784658,R_75,54931.5321,1,7.572599999999511,BACKFILL_AUTO
2026-07-11 15:44:20,1783784660,R_75,54941.7251,1,10.193000000006577,BACKFILL_AUTO
2026-07-11 15:44:22,1783784662,R_75,54944.9287,1,3.2035999999934575,BACKFILL_AUTO
2026-07-11 15:44:24,1783784664,R_75,54943.2967,-1,1.631999999997788,BACKFILL_AUTO
2026-07-11 15:44:26,1783784666,R_75,54925.6335,-1,17.663199999995413,BACKFILL_AUTO
2026-07-11 15:44:28,1783784668,R_75,54931.3942,1,5.760699999998906,BACKFILL_AUTO
2026-07-11 15:44:30,1783784670,R_75,54935.9218,1,4.527599999993981,BACKFILL_AUTO
2026-07-11 15:44:32,1783784672,R_75,54944.9716,1,9.049800000000687,BACKFILL_AUTO
2026-07-11 15:44:34,1783784674,R_75,54938.4248,-1,6.546799999996438,BACKFILL_AUTO
2026-07-11 15:44:36,1783784676,R_75,54931.2795,-1,7.145300000003772,BACKFILL_AUTO
2026-07-11 15:44:38,1783784678,R_75,54920.2567,-1,11.022799999998824,BACKFILL_AUTO
2026-07-11 15:44:40,1783784680,R_75,54934.3338,1,14.077100000002247,BACKFILL_AUTO
2026-07-11 15:44:42,1783784682,R_75,54937.4288,1,3.095000000001164,BACKFILL_AUTO
2026-07-11 15:44:44,1783784684,R_75,54938.6753,1,1.246500000001106,BACKFILL_AUTO
2026-07-11 15:44:46,1783784686,R_75,54930.5754,-1,8.099900000001071,BACKFILL_AUTO
2026-07-11 15:44:48,1783784688,R_75,54940.2632,1,9.687799999999697,BACKFILL_AUTO
2026-07-11 15:44:50,1783784690,R_75,54922.7235,-1,17.539700000001176,BACKFILL_AUTO
2026-07-11 15:44:52,1783784692,R_75,54927.588,1,4.864500000003318,BACKFILL_AUTO
2026-07-11 15:44:54,1783784694,R_75,54930.4129,1,2.824899999999616,BACKFILL_AUTO
2026-07-11 15:44:56,1783784696,R_75,54930.1642,-1,0.24870000000373693,BACKFILL_AUTO
2026-07-11 15:44:58,1783784698,R_75,54917.3468,-1,12.817399999999907,BACKFILL_AUTO
2026-07-11 15:45:00,1783784700,R_75,54913.6558,-1,3.690999999998894,BACKFILL_AUTO
2026-07-11 15:45:02,1783784702,R_75,54926.7782,1,13.122400000000198,BACKFILL_AUTO
2026-07-11 15:45:04,1783784704,R_75,54940.0773,1,13.299099999996542,BACKFILL_AUTO
2026-07-11 15:45:06,1783784706,R_75,54942.9868,1,2.9095000000015716,BACKFILL_AUTO
2026-07-11 15:45:08,1783784708,R_75,54946.6316,1,3.644800000001851,BACKFILL_AUTO
2026-07-11 15:45:10,1783784710,R_75,54948.1371,1,1.5054999999993015,BACKFILL_AUTO
2026-07-11 15:45:12,1783784712,R_75,54947.1472,-1,0.9899000000004889,BACKFILL_AUTO
2026-07-11 15:45:14,1783784714,R_75,54935.951,-1,11.196199999998498,BACKFILL_AUTO
2026-07-11 15:45:16,1783784716,R_75,54935.1937,-1,0.7572999999974854,BACKFILL_AUTO
2026-07-11 15:45:18,1783784718,R_75,54941.1618,1,5.9680999999982305,BACKFILL_AUTO
2026-07-11 15:45:20,1783784720,R_75,54932.6129,-1,8.548900000001595,BACKFILL_AUTO
2026-07-11 15:45:22,1783784722,R_75,54922.9565,-1,9.656399999999849,BACKFILL_AUTO
2026-07-11 15:45:24,1783784724,R_75,54927.9122,1,4.955699999998615,BACKFILL_AUTO
2026-07-11 15:45:26,1783784726,R_75,54920.8169,-1,7.0953000000008615,BACKFILL_AUTO
2026-07-11 15:45:28,1783784728,R_75,54926.5029,1,5.686000000001513,BACKFILL_AUTO
2026-07-11 15:45:30,1783784730,R_75,54921.8354,-1,4.6674999999959255,BACKFILL_AUTO
2026-07-11 15:45:32,1783784732,R_75,54915.2118,-1,6.623600000006263,BACKFILL_AUTO
2026-07-11 15:45:34,1783784734,R_75,54905.0949,-1,10.116900000000896,BACKFILL_AUTO
2026-07-11 15:45:36,1783784736,R_75,54910.6622,1,5.567300000002433,BACKFILL_AUTO
2026-07-11 15:45:38,1783784738,R_75,54917.411,1,6.748800000001211,BACKFILL_AUTO
2026-07-11 15:45:40,1783784740,R_75,54921.2833,1,3.872300000002724,BACKFILL_AUTO
2026-07-11 15:45:42,1783784742,R_75,54925.9061,1,4.622799999997369,BACKFILL_AUTO
2026-07-11 15:45:44,1783784744,R_75,54918.5382,-1,7.367899999997462,BACKFILL_AUTO
2026-07-11 15:45:46,1783784746,R_75,54919.9514,1,1.4131999999954132,BACKFILL_AUTO
2026-07-11 15:45:48,1783784748,R_75,54921.4064,1,1.4550000000017462,BACKFILL_AUTO
2026-07-11 15:45:50,1783784750,R_75,54922.4897,1,1.0832999999984168,BACKFILL_AUTO
2026-07-11 15:45:52,1783784752,R_75,54932.9785,1,10.488799999999173,BACKFILL_AUTO
2026-07-11 15:45:54,1783784754,R_75,54913.8275,-1,19.15099999999802,BACKFILL_AUTO
2026-07-11 15:45:56,1783784756,R_75,54902.6479,-1,11.179599999995844,BACKFILL_AUTO
2026-07-11 15:45:58,1783784758,R_75,54901.4429,-1,1.2050000000017462,BACKFILL_AUTO
2026-07-11 15:46:00,1783784760,R_75,54898.2697,-1,3.1732000000047265,BACKFILL_AUTO
2026-07-11 15:46:02,1783784762,R_75,54891.6078,-1,6.66189999999915,BACKFILL_AUTO
2026-07-11 15:46:04,1783784764,R_75,54885.4211,-1,6.186699999998382,BACKFILL_AUTO
2026-07-11 15:46:06,1783784766,R_75,54897.4612,1,12.040099999998347,BACKFILL_AUTO
2026-07-11 15:46:08,1783784768,R_75,54886.1946,-1,11.266599999995378,BACKFILL_AUTO
2026-07-11 15:46:10,1783784770,R_75,54875.7029,-1,10.491700000005949,BACKFILL_AUTO
2026-07-11 15:46:12,1783784772,R_75,54872.0968,-1,3.606099999997241,BACKFILL_AUTO
2026-07-11 15:46:14,1783784774,R_75,54880.7945,1,8.69770000000426,BACKFILL_AUTO
2026-07-11 15:46:16,1783784776,R_75,54882.2741,1,1.4795999999987544,BACKFILL_AUTO
2026-07-11 15:46:18,1783784778,R_75,54892.1741,1,9.89999999999418,BACKFILL_AUTO
2026-07-11 15:46:20,1783784780,R_75,54905.371,1,13.196900000002643,BACKFILL_AUTO
2026-07-11 15:46:22,1783784782,R_75,54918.0505,1,12.67949999999837,BACKFILL_AUTO
2026-07-11 15:46:24,1783784784,R_75,54907.9515,-1,10.098999999994703,BACKFILL_AUTO
2026-07-11 15:46:26,1783784786,R_75,54886.8909,-1,21.060600000004342,BACKFILL_AUTO
2026-07-11 15:46:28,1783784788,R_75,54901.1474,1,14.256500000003143,BACKFILL_AUTO
2026-07-11 15:46:30,1783784790,R_75,54914.9486,1,13.8012000000017,BACKFILL_AUTO
2026-07-11 15:46:32,1783784792,R_75,54932.6793,1,17.73070000000007,BACKFILL_AUTO
2026-07-11 15:46:34,1783784794,R_75,54938.2321,1,5.55279999999766,BACKFILL_AUTO
2026-07-11 15:46:36,1783784796,R_75,54940.2457,1,2.013599999998405,BACKFILL_AUTO
2026-07-11 15:46:38,1783784798,R_75,54934.9962,-1,5.249499999998079,BACKFILL_AUTO
2026-07-11 15:46:40,1783784800,R_75,54928.1362,-1,6.860000000000582,BACKFILL_AUTO
2026-07-11 15:46:42,1783784802,R_75,54907.5468,-1,20.58940000000439,BACKFILL_AUTO
2026-07-11 15:46:44,1783784804,R_75,54923.7843,1,16.23750000000291,BACKFILL_AUTO
2026-07-11 15:46:46,1783784806,R_75,54941.4684,1,17.68409999999858,BACKFILL_AUTO
2026-07-11 15:46:48,1783784808,R_75,54934.3761,-1,7.092299999996612,BACKFILL_AUTO
2026-07-11 15:46:50,1783784810,R_75,54917.2946,-1,17.081500000000233,BACKFILL_AUTO
2026-07-11 15:46:52,1783784812,R_75,54934.5577,1,17.263099999996484,BACKFILL_AUTO
2026-07-11 15:46:54,1783784814,R_75,54931.6691,-1,2.888599999998405,BACKFILL_AUTO
2026-07-11 15:46:56,1783784816,R_75,54934.7807,1,3.1116000000038184,BACKFILL_AUTO
2026-07-11 15:46:58,1783784818,R_75,54924.5052,-1,10.275500000003376,BACKFILL_AUTO
2026-07-11 15:47:00,1783784820,R_75,54909.7215,-1,14.783699999999953,BACKFILL_AUTO
2026-07-11 15:47:02,1783784822,R_75,54929.5641,1,19.842600000003586,BACKFILL_AUTO
2026-07-11 15:47:04,1783784824,R_75,54913.0312,-1,16.53290000000561,BACKFILL_AUTO
2026-07-11 15:47:06,1783784826,R_75,54899.8784,-1,13.152799999996205,BACKFILL_AUTO
2026-07-11 15:47:08,1783784828,R_75,54881.557,-1,18.32140000000072,BACKFILL_AUTO
2026-07-11 15:47:10,1783784830,R_75,54878.0073,-1,3.549700000003213,BACKFILL_AUTO
2026-07-11 15:47:12,1783784832,R_75,54895.9825,1,17.97520000000077,BACKFILL_AUTO
2026-07-11 15:47:14,1783784834,R_75,54891.6706,-1,4.311900000000605,BACKFILL_AUTO
2026-07-11 15:47:16,1783784836,R_75,54893.1941,1,1.5235000000029686,BACKFILL_AUTO
2026-07-11 15:47:18,1783784838,R_75,54890.9147,-1,2.279399999999441,BACKFILL_AUTO
2026-07-11 15:47:20,1783784840,R_75,54891.8826,1,0.967899999996007,BACKFILL_AUTO
2026-07-11 15:47:22,1783784842,R_75,54885.1738,-1,6.708800000000338,BACKFILL_AUTO
2026-07-11 15:47:24,1783784844,R_75,54893.8045,1,8.630700000001525,BACKFILL_AUTO
2026-07-11 15:47:26,1783784846,R_75,54891.7658,-1,2.038699999997334,BACKFILL_AUTO
2026-07-11 15:47:28,1783784848,R_75,54885.9604,-1,5.805399999997462,BACKFILL_AUTO
2026-07-11 15:47:30,1783784850,R_75,54896.6478,1,10.68739999999525,BACKFILL_AUTO
2026-07-11 15:47:32,1783784852,R_75,54903.4426,1,6.794800000003306,BACKFILL_AUTO
2026-07-11 15:47:34,1783784854,R_75,54885.5097,-1,17.93289999999979,BACKFILL_AUTO
2026-07-11 15:47:36,1783784856,R_75,54880.8525,-1,4.657200000001467,BACKFILL_AUTO
2026-07-11 15:47:38,1783784858,R_75,54877.3582,-1,3.494299999998475,BACKFILL_AUTO
2026-07-11 15:47:40,1783784860,R_75,54873.0206,-1,4.337599999998929,BACKFILL_AUTO
2026-07-11 15:47:42,1783784862,R_75,54868.7061,-1,4.3145000000004075,BACKFILL_AUTO
2026-07-11 15:47:44,1783784864,R_75,54873.459,1,4.752899999999499,BACKFILL_AUTO
2026-07-11 15:47:46,1783784866,R_75,54876.2414,1,2.7823999999964144,BACKFILL_AUTO
2026-07-11 15:47:48,1783784868,R_75,54882.0766,1,5.83520000000135,BACKFILL_AUTO
2026-07-11 15:47:50,1783784870,R_75,54895.5941,1,13.517500000001746,BACKFILL_AUTO
2026-07-11 15:47:52,1783784872,R_75,54901.4716,1,5.877499999995052,BACKFILL_AUTO
2026-07-11 15:47:54,1783784874,R_75,54905.4043,1,3.932700000004843,BACKFILL_AUTO
2026-07-11 15:47:56,1783784876,R_75,54900.6696,-1,4.734700000000885,BACKFILL_AUTO
2026-07-11 15:47:58,1783784878,R_75,54914.3515,1,13.681899999995949,BACKFILL_AUTO
2026-07-11 15:48:00,1783784880,R_75,54922.3166,1,7.965100000001257,BACKFILL_AUTO
2026-07-11 15:48:02,1783784882,R_75,54911.4955,-1,10.821100000001024,BACKFILL_AUTO
2026-07-11 15:48:04,1783784884,R_75,54901.7757,-1,9.71979999999894,BACKFILL_AUTO
2026-07-11 15:48:06,1783784886,R_75,54898.2144,-1,3.5613000000012107,BACKFILL_AUTO
2026-07-11 15:48:08,1783784888,R_75,54893.9604,-1,4.253999999993539,BACKFILL_AUTO
2026-07-11 15:48:10,1783784890,R_75,54888.1045,-1,5.855900000002293,BACKFILL_AUTO
2026-07-11 15:48:12,1783784892,R_75,54895.2087,1,7.104200000001583,BACKFILL_AUTO
2026-07-11 15:48:14,1783784894,R_75,54893.252,-1,1.9567000000024564,BACKFILL_AUTO
2026-07-11 15:48:16,1783784896,R_75,54899.5057,1,6.253700000001118,BACKFILL_AUTO
2026-07-11 15:48:18,1783784898,R_75,54894.0838,-1,5.421900000001187,BACKFILL_AUTO
2026-07-11 15:48:20,1783784900,R_75,54891.6194,-1,2.464399999997113,BACKFILL_AUTO
2026-07-11 15:48:22,1783784902,R_75,54887.4341,-1,4.185300000004645,BACKFILL_AUTO
2026-07-11 15:48:24,1783784904,R_75,54911.4104,1,23.976300000002084,BACKFILL_AUTO
2026-07-11 15:48:26,1783784906,R_75,54922.5231,1,11.112699999997858,BACKFILL_AUTO
2026-07-11 15:48:28,1783784908,R_75,54924.3083,1,1.78519999999844,BACKFILL_AUTO
2026-07-11 15:48:30,1783784910,R_75,54930.2985,1,5.990200000000186,BACKFILL_AUTO
2026-07-11 15:48:32,1783784912,R_75,54921.5286,-1,8.769899999999325,BACKFILL_AUTO
2026-07-11 15:48:34,1783784914,R_75,54921.9125,1,0.3839000000007218,BACKFILL_AUTO
2026-07-11 15:48:36,1783784916,R_75,54922.9294,1,1.0169000000023516,BACKFILL_AUTO
2026-07-11 15:48:38,1783784918,R_75,54915.8761,-1,7.053299999999581,BACKFILL_AUTO
2026-07-11 15:48:40,1783784920,R_75,54921.91,1,6.033900000002177,BACKFILL_AUTO
2026-07-11 15:48:42,1783784922,R_75,54928.3432,1,6.433199999999488,BACKFILL_AUTO
2026-07-11 15:48:44,1783784924,R_75,54927.9413,-1,0.40190000000438886,BACKFILL_AUTO
2026-07-11 15:48:46,1783784926,R_75,54919.5711,-1,8.370199999997567,BACKFILL_AUTO
2026-07-11 15:48:48,1783784928,R_75,54931.9118,1,12.340700000000652,BACKFILL_AUTO
2026-07-11 15:48:50,1783784930,R_75,54955.9664,1,24.054599999995844,BACKFILL_AUTO
2026-07-11 15:48:52,1783784932,R_75,54969.6727,1,13.706300000005285,BACKFILL_AUTO
2026-07-11 15:48:54,1783784934,R_75,54969.7804,1,0.1077000000004773,BACKFILL_AUTO
2026-07-11 15:48:56,1783784936,R_75,54968.896,-1,0.8844000000026426,BACKFILL_AUTO
2026-07-11 15:48:58,1783784938,R_75,54943.0917,-1,25.804300000003423,BACKFILL_AUTO
2026-07-11 15:49:00,1783784940,R_75,54969.9685,1,26.87680000000546,BACKFILL_AUTO
2026-07-11 15:49:02,1783784942,R_75,54987.8448,1,17.876299999996263,BACKFILL_AUTO
2026-07-11 15:49:04,1783784944,R_75,54989.0955,1,1.2507000000041444,BACKFILL_AUTO
2026-07-11 15:49:06,1783784946,R_75,54994.1125,1,5.016999999999825,BACKFILL_AUTO
2026-07-11 15:49:08,1783784948,R_75,54997.9827,1,3.870199999997567,BACKFILL_AUTO
2026-07-11 15:49:10,1783784950,R_75,55002.0596,1,4.076900000000023,BACKFILL_AUTO
2026-07-11 15:49:12,1783784952,R_75,54995.6748,-1,6.384799999999814,BACKFILL_AUTO
2026-07-11 15:49:14,1783784954,R_75,54989.4206,-1,6.254200000003038,BACKFILL_AUTO
2026-07-11 15:49:16,1783784956,R_75,54975.564,-1,13.856599999999162,BACKFILL_AUTO
2026-07-11 15:49:18,1783784958,R_75,54979.7809,1,4.216899999999441,BACKFILL_AUTO
2026-07-11 15:49:20,1783784960,R_75,54986.288,1,6.507100000002538,BACKFILL_AUTO
2026-07-11 15:49:22,1783784962,R_75,54998.1591,1,11.871099999996659,BACKFILL_AUTO
2026-07-11 15:49:24,1783784964,R_75,54993.4766,-1,4.682499999995343,BACKFILL_AUTO
2026-07-11 15:49:26,1783784966,R_75,54994.4829,1,1.0063000000009197,BACKFILL_AUTO
2026-07-11 15:49:28,1783784968,R_75,55010.3777,1,15.894799999994575,BACKFILL_AUTO
2026-07-11 15:49:30,1783784970,R_75,55018.7188,1,8.341100000005099,BACKFILL_AUTO
2026-07-11 15:49:32,1783784972,R_75,55011.095,-1,7.623800000001211,BACKFILL_AUTO
2026-07-11 15:49:34,1783784974,R_75,55008.8275,-1,2.2675000000017462,BACKFILL_AUTO
2026-07-11 15:49:36,1783784976,R_75,55022.7732,1,13.945700000003853,BACKFILL_AUTO
2026-07-11 15:49:38,1783784978,R_75,55017.8412,-1,4.9320000000006985,BACKFILL_AUTO
2026-07-11 15:49:40,1783784980,R_75,55004.5659,-1,13.275300000001153,BACKFILL_AUTO
2026-07-11 15:49:42,1783784982,R_75,55022.5279,1,17.961999999999534,BACKFILL_AUTO
2026-07-11 15:49:44,1783784984,R_75,55033.8451,1,11.317199999997683,BACKFILL_AUTO
2026-07-11 15:49:46,1783784986,R_75,55028.6926,-1,5.1524999999965075,BACKFILL_AUTO
2026-07-11 15:49:48,1783784988,R_75,55038.5614,1,9.868799999996554,BACKFILL_AUTO
2026-07-11 15:49:50,1783784990,R_75,55022.507,-1,16.054400000000896,BACKFILL_AUTO
2026-07-11 15:49:52,1783784992,R_75,55033.5434,1,11.036400000004505,BACKFILL_AUTO
2026-07-11 15:49:54,1783784994,R_75,55013.6356,-1,19.90780000000086,BACKFILL_AUTO
2026-07-11 15:49:56,1783784996,R_75,55022.874,1,9.238400000002002,BACKFILL_AUTO
2026-07-11 15:49:58,1783784998,R_75,55024.6169,1,1.7428999999974621,BACKFILL_AUTO
2026-07-11 15:50:00,1783785000,R_75,55015.5724,-1,9.044500000003609,BACKFILL_AUTO
2026-07-11 15:50:02,1783785002,R_75,55011.2752,-1,4.297200000000885,BACKFILL_AUTO
2026-07-11 15:50:04,1783785004,R_75,54994.5996,-1,16.67559999999503,BACKFILL_AUTO
2026-07-11 15:50:06,1783785006,R_75,54979.6748,-1,14.924800000000687,BACKFILL_AUTO
2026-07-11 15:50:08,1783785008,R_75,54993.5793,1,13.904499999996915,BACKFILL_AUTO
2026-07-11 15:50:10,1783785010,R_75,55007.115,1,13.53570000000036,BACKFILL_AUTO
2026-07-11 15:50:12,1783785012,R_75,55019.7618,1,12.646800000002258,BACKFILL_AUTO
2026-07-11 15:50:14,1783785014,R_75,55025.3405,1,5.578699999998207,BACKFILL_AUTO
2026-07-11 15:50:16,1783785016,R_75,55015.5411,-1,9.79939999999624,BACKFILL_AUTO
2026-07-11 15:50:18,1783785018,R_75,55012.2172,-1,3.32390000000305,BACKFILL_AUTO
2026-07-11 15:50:20,1783785020,R_75,55007.1151,-1,5.102099999996426,BACKFILL_AUTO
2026-07-11 15:50:22,1783785022,R_75,55031.0204,1,23.905299999998533,BACKFILL_AUTO
2026-07-11 15:50:24,1783785024,R_75,55025.9912,-1,5.029200000004494,BACKFILL_AUTO
2026-07-11 15:50:26,1783785026,R_75,55021.0087,-1,4.982499999998254,BACKFILL_AUTO
2026-07-11 15:50:28,1783785028,R_75,55005.4115,-1,15.59719999999652,BACKFILL_AUTO
2026-07-11 15:50:30,1783785030,R_75,54988.147,-1,17.264500000004773,BACKFILL_AUTO
2026-07-11 15:50:32,1783785032,R_75,55019.2339,1,31.08690000000206,BACKFILL_AUTO
2026-07-11 15:50:34,1783785034,R_75,55030.7691,1,11.53519999999844,BACKFILL_AUTO
2026-07-11 15:50:36,1783785036,R_75,55020.231,-1,10.53809999999794,BACKFILL_AUTO
2026-07-11 15:50:38,1783785038,R_75,55003.2886,-1,16.942399999999907,BACKFILL_AUTO
2026-07-11 15:50:40,1783785040,R_75,55000.9424,-1,2.3461999999999534,BACKFILL_AUTO
2026-07-11 15:50:42,1783785042,R_75,55006.0928,1,5.150399999998626,BACKFILL_AUTO
2026-07-11 15:50:44,1783785044,R_75,55027.5169,1,21.42410000000382,BACKFILL_AUTO
2026-07-11 15:50:46,1783785046,R_75,55042.8936,1,15.37670000000071,BACKFILL_AUTO
2026-07-11 15:50:48,1783785048,R_75,55051.8721,1,8.978499999997439,BACKFILL_AUTO
2026-07-11 15:50:50,1783785050,R_75,55050.5822,-1,1.2899000000033993,BACKFILL_AUTO
2026-07-11 15:50:52,1783785052,R_75,55054.0259,1,3.443700000003446,BACKFILL_AUTO
2026-07-11 15:50:54,1783785054,R_75,55073.7439,1,19.718000000000757,BACKFILL_AUTO
2026-07-11 15:50:56,1783785056,R_75,55071.0887,-1,2.6552000000010594,BACKFILL_AUTO
2026-07-11 15:50:58,1783785058,R_75,55082.1512,1,11.0625,BACKFILL_AUTO
2026-07-11 15:51:00,1783785060,R_75,55081.7374,-1,0.41380000000208383,BACKFILL_AUTO
2026-07-11 15:51:02,1783785062,R_75,55082.2529,1,0.5155000000013388,BACKFILL_AUTO
2026-07-11 15:51:04,1783785064,R_75,55083.6547,1,1.4017999999996391,BACKFILL_AUTO
2026-07-11 15:51:06,1783785066,R_75,55097.2241,1,13.569400000000314,BACKFILL_AUTO
2026-07-11 15:51:08,1783785068,R_75,55100.6131,1,3.389000000002852,BACKFILL_AUTO
2026-07-11 15:51:10,1783785070,R_75,55101.0382,1,0.42510000000038417,BACKFILL_AUTO
2026-07-11 15:51:12,1783785072,R_75,55082.4862,-1,18.552000000003318,BACKFILL_AUTO
2026-07-11 15:51:14,1783785074,R_75,55099.6299,1,17.143700000000536,BACKFILL_AUTO
2026-07-11 15:51:16,1783785076,R_75,55097.0174,-1,2.6125000000029104,BACKFILL_AUTO
2026-07-11 15:51:18,1783785078,R_75,55087.6086,-1,9.408799999997427,BACKFILL_AUTO
2026-07-11 15:51:20,1783785080,R_75,55083.1059,-1,4.502699999997276,BACKFILL_AUTO
2026-07-11 15:51:22,1783785082,R_75,55076.5306,-1,6.575300000004063,BACKFILL_AUTO
2026-07-11 15:51:24,1783785084,R_75,55061.5948,-1,14.93579999999929,BACKFILL_AUTO
2026-07-11 15:51:26,1783785086,R_75,55062.0455,1,0.450700000001234,BACKFILL_AUTO
2026-07-11 15:51:28,1783785088,R_75,55052.454,-1,9.59150000000227,BACKFILL_AUTO
2026-07-11 15:51:30,1783785090,R_75,55047.7833,-1,4.670699999995122,BACKFILL_AUTO
2026-07-11 15:51:32,1783785092,R_75,55045.7185,-1,2.0648000000001048,BACKFILL_AUTO
2026-07-11 15:51:34,1783785094,R_75,55051.3893,1,5.670799999999872,BACKFILL_AUTO
2026-07-11 15:51:36,1783785096,R_75,55058.9982,1,7.608899999999267,BACKFILL_AUTO
2026-07-11 15:51:38,1783785098,R_75,55062.1876,1,3.1893999999956577,BACKFILL_AUTO
2026-07-11 15:51:40,1783785100,R_75,55065.949,1,3.76140000000305,BACKFILL_AUTO
2026-07-11 15:51:42,1783785102,R_75,55063.9964,-1,1.9525999999968917,BACKFILL_AUTO
2026-07-11 15:51:44,1783785104,R_75,55075.0499,1,11.053499999994528,BACKFILL_AUTO
2026-07-11 15:51:46,1783785106,R_75,55068.034,-1,7.01589999999851,BACKFILL_AUTO
2026-07-11 15:51:48,1783785108,R_75,55068.2893,1,0.255299999997078,BACKFILL_AUTO
2026-07-11 15:51:50,1783785110,R_75,55076.669,1,8.37970000000496,BACKFILL_AUTO
2026-07-11 15:51:52,1783785112,R_75,55062.2462,-1,14.42280000000028,BACKFILL_AUTO
2026-07-11 15:51:54,1783785114,R_75,55072.5332,1,10.286999999996624,BACKFILL_AUTO
2026-07-11 15:51:56,1783785116,R_75,55065.6896,-1,6.843600000000151,BACKFILL_AUTO
2026-07-11 15:51:58,1783785118,R_75,55068.4464,1,2.7568000000028405,BACKFILL_AUTO
2026-07-11 15:52:00,1783785120,R_75,55065.3791,-1,3.067300000002433,BACKFILL_AUTO
2026-07-11 15:52:02,1783785122,R_75,55061.8915,-1,3.487600000000384,BACKFILL_AUTO
2026-07-11 15:52:04,1783785124,R_75,55057.5034,-1,4.388099999996484,BACKFILL_AUTO
2026-07-11 15:52:06,1783785126,R_75,55054.1047,-1,3.398699999997916,BACKFILL_AUTO
2026-07-11 15:52:08,1783785128,R_75,55043.7977,-1,10.307000000000698,BACKFILL_AUTO
2026-07-11 15:52:10,1783785130,R_75,55050.0643,1,6.266599999995378,BACKFILL_AUTO
2026-07-11 15:52:12,1783785132,R_75,55052.7284,1,2.664100000001781,BACKFILL_AUTO
2026-07-11 15:52:14,1783785134,R_75,55057.2004,1,4.472000000001572,BACKFILL_AUTO
2026-07-11 15:52:16,1783785136,R_75,55051.0594,-1,6.14100000000326,BACKFILL_AUTO
2026-07-11 15:52:18,1783785138,R_75,55052.3093,1,1.2499000000025262,BACKFILL_AUTO
2026-07-11 15:52:20,1783785140,R_75,55060.6054,1,8.29609999999957,BACKFILL_AUTO
2026-07-11 15:52:22,1783785142,R_75,55044.6057,-1,15.999700000000303,BACKFILL_AUTO
2026-07-11 15:52:24,1783785144,R_75,55060.2729,1,15.667200000003504,BACKFILL_AUTO
2026-07-11 15:52:26,1783785146,R_75,55054.2716,-1,6.001300000003539,BACKFILL_AUTO
2026-07-11 15:52:28,1783785148,R_75,55037.4334,-1,16.838199999998324,BACKFILL_AUTO
2026-07-11 15:52:30,1783785150,R_75,55041.1803,1,3.746899999998277,BACKFILL_AUTO
2026-07-11 15:52:32,1783785152,R_75,55031.8312,-1,9.349099999999453,BACKFILL_AUTO
2026-07-11 15:52:34,1783785154,R_75,55034.9623,1,3.131099999998696,BACKFILL_AUTO
2026-07-11 15:52:36,1783785156,R_75,55036.6057,1,1.6434000000008382,BACKFILL_AUTO
2026-07-11 15:52:38,1783785158,R_75,55027.0918,-1,9.513899999998102,BACKFILL_AUTO
2026-07-11 15:52:40,1783785160,R_75,55030.0667,1,2.974900000001071,BACKFILL_AUTO
2026-07-11 15:52:42,1783785162,R_75,55020.4299,-1,9.636800000000221,BACKFILL_AUTO
2026-07-11 15:52:44,1783785164,R_75,55027.5828,1,7.152899999993679,BACKFILL_AUTO
2026-07-11 15:52:46,1783785166,R_75,55032.7173,1,5.134500000000116,BACKFILL_AUTO
2026-07-11 15:52:48,1783785168,R_75,55024.6141,-1,8.103199999997742,BACKFILL_AUTO
2026-07-11 15:52:50,1783785170,R_75,55048.1671,1,23.552999999999884,BACKFILL_AUTO
2026-07-11 15:52:52,1783785172,R_75,55045.5227,-1,2.644399999997404,BACKFILL_AUTO
2026-07-11 15:52:54,1783785174,R_75,55041.2799,-1,4.242799999999988,BACKFILL_AUTO
2026-07-11 15:52:56,1783785176,R_75,55034.3424,-1,6.9375,BACKFILL_AUTO
2026-07-11 15:52:58,1783785178,R_75,55039.8484,1,5.506000000001222,BACKFILL_AUTO
2026-07-11 15:53:00,1783785180,R_75,55057.7522,1,17.903800000000047,BACKFILL_AUTO
2026-07-11 15:53:02,1783785182,R_75,55061.874,1,4.121800000000803,BACKFILL_AUTO
2026-07-11 15:53:04,1783785184,R_75,55058.8539,-1,3.0201000000015483,BACKFILL_AUTO
2026-07-11 15:53:06,1783785186,R_75,55049.867,-1,8.986900000003516,BACKFILL_AUTO
2026-07-11 15:53:08,1783785188,R_75,55054.0541,1,4.187100000002829,BACKFILL_AUTO
2026-07-11 15:53:10,1783785190,R_75,55050.6385,-1,3.4156000000002678,BACKFILL_AUTO
2026-07-11 15:53:12,1783785192,R_75,55050.73,1,0.0915000000022701,BACKFILL_AUTO
2026-07-11 15:53:14,1783785194,R_75,55050.8303,1,0.10029999999824213,BACKFILL_AUTO
2026-07-11 15:53:16,1783785196,R_75,55080.4292,1,29.59889999999723,BACKFILL_AUTO
2026-07-11 15:53:18,1783785198,R_75,55075.3136,-1,5.115599999997357,BACKFILL_AUTO
2026-07-11 15:53:20,1783785200,R_75,55078.5148,1,3.201199999995879,BACKFILL_AUTO
2026-07-11 15:53:22,1783785202,R_75,55082.6543,1,4.139500000004773,BACKFILL_AUTO
2026-07-11 15:53:24,1783785204,R_75,55084.2351,1,1.5807999999960884,BACKFILL_AUTO
2026-07-11 15:53:26,1783785206,R_75,55082.8808,-1,1.354299999999057,BACKFILL_AUTO
2026-07-11 15:53:28,1783785208,R_75,55103.4165,1,20.53570000000036,BACKFILL_AUTO
2026-07-11 15:53:30,1783785210,R_75,55094.1069,-1,9.3096000000005,BACKFILL_AUTO
2026-07-11 15:53:32,1783785212,R_75,55096.8312,1,2.7243000000016764,BACKFILL_AUTO
2026-07-11 15:53:34,1783785214,R_75,55086.7312,-1,10.099999999998545,BACKFILL_AUTO
2026-07-11 15:53:36,1783785216,R_75,55079.0205,-1,7.710700000003271,BACKFILL_AUTO
2026-07-11 15:53:38,1783785218,R_75,55071.8727,-1,7.147799999998824,BACKFILL_AUTO
2026-07-11 15:53:40,1783785220,R_75,55079.8432,1,7.970500000003085,BACKFILL_AUTO
2026-07-11 15:53:42,1783785222,R_75,55086.3916,1,6.548399999999674,BACKFILL_AUTO
2026-07-11 15:53:44,1783785224,R_75,55082.5379,-1,3.8536999999996624,BACKFILL_AUTO
2026-07-11 15:53:46,1783785226,R_75,55086.3571,1,3.819199999998091,BACKFILL_AUTO
2026-07-11 15:53:48,1783785228,R_75,55108.5509,1,22.19380000000092,BACKFILL_AUTO
2026-07-11 15:53:50,1783785230,R_75,55110.2576,1,1.7066999999951804,BACKFILL_AUTO
2026-07-11 15:53:52,1783785232,R_75,55110.6168,1,0.35920000000623986,BACKFILL_AUTO
2026-07-11 15:53:54,1783785234,R_75,55128.8306,1,18.21379999999772,BACKFILL_AUTO
2026-07-11 15:53:56,1783785236,R_75,55129.929,1,1.0983999999953085,BACKFILL_AUTO
2026-07-11 15:53:58,1783785238,R_75,55121.6679,-1,8.261099999996077,BACKFILL_AUTO
2026-07-11 15:54:00,1783785240,R_75,55119.2476,-1,2.420299999997951,BACKFILL_AUTO
2026-07-11 15:54:02,1783785242,R_75,55111.2624,-1,7.985200000002806,BACKFILL_AUTO
2026-07-11 15:54:04,1783785244,R_75,55125.2569,1,13.994500000000698,BACKFILL_AUTO
2026-07-11 15:54:06,1783785246,R_75,55114.772,-1,10.484900000003108,BACKFILL_AUTO
2026-07-11 15:54:08,1783785248,R_75,55114.5615,-1,0.21049999999377178,BACKFILL_AUTO
2026-07-11 15:54:10,1783785250,R_75,55115.7246,1,1.1630999999979394,BACKFILL_AUTO
2026-07-11 15:54:12,1783785252,R_75,55112.6872,-1,3.037400000001071,BACKFILL_AUTO
2026-07-11 15:54:14,1783785254,R_75,55116.9742,1,4.286999999996624,BACKFILL_AUTO
2026-07-11 15:54:16,1783785256,R_75,55112.4242,-1,4.549999999995634,BACKFILL_AUTO
2026-07-11 15:54:18,1783785258,R_75,55108.2,-1,4.224200000004203,BACKFILL_AUTO
2026-07-11 15:54:20,1783785260,R_75,55097.7968,-1,10.403200000000652,BACKFILL_AUTO
2026-07-11 15:54:22,1783785262,R_75,55098.4834,1,0.686600000000908,BACKFILL_AUTO
2026-07-11 15:54:24,1783785264,R_75,55097.1669,-1,1.316500000000815,BACKFILL_AUTO
2026-07-11 15:54:26,1783785266,R_75,55096.7414,-1,0.4254999999975553,BACKFILL_AUTO
2026-07-11 15:54:28,1783785268,R_75,55101.5594,1,4.8179999999993015,BACKFILL_AUTO
2026-07-11 15:54:30,1783785270,R_75,55092.4881,-1,9.071299999995972,BACKFILL_AUTO
2026-07-11 15:54:32,1783785272,R_75,55090.2277,-1,2.2603999999992084,BACKFILL_AUTO
2026-07-11 15:54:34,1783785274,R_75,55074.4431,-1,15.784600000006321,BACKFILL_AUTO
2026-07-11 15:54:36,1783785276,R_75,55084.4398,1,9.99670000000333,BACKFILL_AUTO
2026-07-11 15:54:38,1783785278,R_75,55090.6312,1,6.191400000003341,BACKFILL_AUTO
2026-07-11 15:54:40,1783785280,R_75,55057.554,-1,33.077200000007,BACKFILL_AUTO
2026-07-11 15:54:42,1783785282,R_75,55064.2496,1,6.69560000000638,BACKFILL_AUTO
2026-07-11 15:54:44,1783785284,R_75,55051.5551,-1,12.694500000005064,BACKFILL_AUTO
2026-07-11 15:54:46,1783785286,R_75,55059.6897,1,8.134600000004866,BACKFILL_AUTO
2026-07-11 15:54:48,1783785288,R_75,55062.8813,1,3.1915999999982887,BACKFILL_AUTO
2026-07-11 15:54:50,1783785290,R_75,55079.0307,1,16.14940000000206,BACKFILL_AUTO
2026-07-11 15:54:52,1783785292,R_75,55075.1716,-1,3.85910000000149,BACKFILL_AUTO
2026-07-11 15:54:54,1783785294,R_75,55063.0829,-1,12.088700000000244,BACKFILL_AUTO
2026-07-11 15:54:56,1783785296,R_75,55058.3406,-1,4.7422999999980675,BACKFILL_AUTO
2026-07-11 15:54:58,1783785298,R_75,55046.008,-1,12.332600000001548,BACKFILL_AUTO
2026-07-11 15:55:00,1783785300,R_75,55042.4989,-1,3.5091000000029453,BACKFILL_AUTO
2026-07-11 15:55:02,1783785302,R_75,55037.2379,-1,5.260999999998603,BACKFILL_AUTO
2026-07-11 15:55:04,1783785304,R_75,55047.6759,1,10.43800000000192,BACKFILL_AUTO
2026-07-11 15:55:06,1783785306,R_75,55056.4201,1,8.744200000001001,BACKFILL_AUTO
2026-07-11 15:55:08,1783785308,R_75,55055.1748,-1,1.2453000000023167,BACKFILL_AUTO
2026-07-11 15:55:10,1783785310,R_75,55039.9054,-1,15.269399999997404,BACKFILL_AUTO
2026-07-11 15:55:12,1783785312,R_75,55055.7831,1,15.877699999997276,BACKFILL_AUTO
2026-07-11 15:55:14,1783785314,R_75,55057.7276,1,1.944499999997788,BACKFILL_AUTO
2026-07-11 15:55:16,1783785316,R_75,55057.1766,-1,0.5509999999994761,BACKFILL_AUTO
2026-07-11 15:55:18,1783785318,R_75,55049.0426,-1,8.133999999998196,BACKFILL_AUTO
2026-07-11 15:55:20,1783785320,R_75,55058.5097,1,9.467100000001665,BACKFILL_AUTO
2026-07-11 15:55:22,1783785322,R_75,55056.5801,-1,1.92960000000312,BACKFILL_AUTO
2026-07-11 15:55:24,1783785324,R_75,55052.6371,-1,3.9429999999993015,BACKFILL_AUTO
2026-07-11 15:55:26,1783785326,R_75,55065.1427,1,12.505599999996775,BACKFILL_AUTO
2026-07-11 15:55:28,1783785328,R_75,55071.2009,1,6.058200000006764,BACKFILL_AUTO
2026-07-11 15:55:30,1783785330,R_75,55068.4381,-1,2.762800000004063,BACKFILL_AUTO
2026-07-11 15:55:32,1783785332,R_75,55069.2688,1,0.8306999999986147,BACKFILL_AUTO
2026-07-11 15:55:34,1783785334,R_75,55063.185,-1,6.083800000000338,BACKFILL_AUTO
2026-07-11 15:55:36,1783785336,R_75,55048.4336,-1,14.751400000001013,BACKFILL_AUTO
2026-07-11 15:55:38,1783785338,R_75,55060.3643,1,11.930700000004435,BACKFILL_AUTO
2026-07-11 15:55:40,1783785340,R_75,55072.8675,1,12.503199999999197,BACKFILL_AUTO
2026-07-11 15:55:42,1783785342,R_75,55060.7531,-1,12.114399999998568,BACKFILL_AUTO
2026-07-11 15:55:44,1783785344,R_75,55072.5186,1,11.765500000001339,BACKFILL_AUTO
2026-07-11 15:55:46,1783785346,R_75,55088.8853,1,16.366699999998673,BACKFILL_AUTO
2026-07-11 15:55:48,1783785348,R_75,55079.5051,-1,9.380199999999604,BACKFILL_AUTO
2026-07-11 15:55:50,1783785350,R_75,55075.678,-1,3.827100000002247,BACKFILL_AUTO
2026-07-11 15:55:52,1783785352,R_75,55081.8765,1,6.198499999998603,BACKFILL_AUTO
2026-07-11 15:55:54,1783785354,R_75,55089.4718,1,7.5953000000008615,BACKFILL_AUTO
2026-07-11 15:55:56,1783785356,R_75,55073.5208,-1,15.951000000000931,BACKFILL_AUTO
2026-07-11 15:55:58,1783785358,R_75,55084.7022,1,11.181400000001304,BACKFILL_AUTO
2026-07-11 15:56:00,1783785360,R_75,55083.9594,-1,0.7427999999999884,BACKFILL_AUTO
2026-07-11 15:56:02,1783785362,R_75,55088.4087,1,4.449300000000221,BACKFILL_AUTO
2026-07-11 15:56:04,1783785364,R_75,55091.1457,1,2.7370000000009895,BACKFILL_AUTO
2026-07-11 15:56:06,1783785366,R_75,55082.475,-1,8.670700000002398,BACKFILL_AUTO
2026-07-11 15:56:08,1783785368,R_75,55071.3736,-1,11.101399999999558,BACKFILL_AUTO
2026-07-11 15:56:10,1783785370,R_75,55071.488,1,0.11439999999856809,BACKFILL_AUTO
2026-07-11 15:56:12,1783785372,R_75,55062.4584,-1,9.029599999994389,BACKFILL_AUTO
2026-07-11 15:56:14,1783785374,R_75,55062.2995,-1,0.15890000000217697,BACKFILL_AUTO
2026-07-11 15:56:16,1783785376,R_75,55073.7858,1,11.486299999996845,BACKFILL_AUTO
2026-07-11 15:56:18,1783785378,R_75,55086.6652,1,12.879400000005262,BACKFILL_AUTO
2026-07-11 15:56:20,1783785380,R_75,55094.5049,1,7.83969999999681,BACKFILL_AUTO
2026-07-11 15:56:22,1783785382,R_75,55088.8505,-1,5.654399999999441,BACKFILL_AUTO
2026-07-11 15:56:24,1783785384,R_75,55099.6094,1,10.758900000000722,BACKFILL_AUTO
2026-07-11 15:56:26,1783785386,R_75,55106.4283,1,6.8188999999983935,BACKFILL_AUTO
2026-07-11 15:56:28,1783785388,R_75,55107.8515,1,1.4231999999974505,BACKFILL_AUTO
2026-07-11 15:56:30,1783785390,R_75,55113.7956,1,5.944100000000617,BACKFILL_AUTO
2026-07-11 15:56:32,1783785392,R_75,55109.0037,-1,4.791899999996531,BACKFILL_AUTO
2026-07-11 15:56:34,1783785394,R_75,55121.5219,1,12.518199999998615,BACKFILL_AUTO
2026-07-11 15:56:36,1783785396,R_75,55115.2626,-1,6.259299999997893,BACKFILL_AUTO
2026-07-11 15:56:38,1783785398,R_75,55118.9174,1,3.6547999999966123,BACKFILL_AUTO
2026-07-11 15:56:40,1783785400,R_75,55119.4156,1,0.4982000000018161,BACKFILL_AUTO
2026-07-11 15:56:42,1783785402,R_75,55134.7556,1,15.339999999996508,BACKFILL_AUTO
2026-07-11 15:56:44,1783785404,R_75,55134.7941,1,0.038500000002386514,BACKFILL_AUTO
2026-07-11 15:56:46,1783785406,R_75,55149.8378,1,15.04370000000199,BACKFILL_AUTO
2026-07-11 15:56:48,1783785408,R_75,55163.3932,1,13.555399999997462,BACKFILL_AUTO
2026-07-11 15:56:50,1783785410,R_75,55169.7786,1,6.385399999999208,BACKFILL_AUTO
2026-07-11 15:56:52,1783785412,R_75,55168.3024,-1,1.476199999997334,BACKFILL_AUTO
2026-07-11 15:56:54,1783785414,R_75,55170.6096,1,2.307200000002922,BACKFILL_AUTO
2026-07-11 15:56:56,1783785416,R_75,55180.4653,1,9.85570000000007,BACKFILL_AUTO
2026-07-11 15:56:58,1783785418,R_75,55178.8669,0,,BACKFILL_AUTO
2026-07-11 15:57:00,1783785420,R_75,55171.7064,-1,7.160499999998137,BACKFILL_AUTO
2026-07-11 15:57:02,1783785422,R_75,55177.2482,1,5.541799999999057,BACKFILL_AUTO
2026-07-11 15:57:04,1783785424,R_75,55167.9371,-1,9.311099999998987,BACKFILL_AUTO
2026-07-11 15:57:06,1783785426,R_75,55156.0517,-1,11.885399999999208,BACKFILL_AUTO
2026-07-11 15:57:08,1783785428,R_75,55166.9646,1,10.912899999995716,BACKFILL_AUTO
2026-07-11 15:57:10,1783785430,R_75,55179.5361,1,12.571499999998196,BACKFILL_AUTO
2026-07-11 15:57:12,1783785432,R_75,55178.9673,-1,0.5688000000009197,BACKFILL_AUTO
2026-07-11 15:57:14,1783785434,R_75,55188.2477,1,9.280400000003283,BACKFILL_AUTO
2026-07-11 15:57:16,1783785436,R_75,55173.7016,-1,14.54609999999957,BACKFILL_AUTO
2026-07-11 15:57:18,1783785438,R_75,55173.2191,-1,0.48249999999825377,BACKFILL_AUTO
2026-07-11 15:57:20,1783785440,R_75,55184.3268,1,11.107700000000477,BACKFILL_AUTO
2026-07-11 15:57:22,1783785442,R_75,55183.6416,-1,0.6851999999998952,BACKFILL_AUTO
2026-07-11 15:57:24,1783785444,R_75,55177.2298,-1,6.411800000001676,BACKFILL_AUTO
2026-07-11 15:57:26,1783785446,R_75,55183.1732,1,5.943399999996473,BACKFILL_AUTO
2026-07-11 15:57:28,1783785448,R_75,55207.2831,1,24.10990000000311,BACKFILL_AUTO
2026-07-11 15:57:30,1783785450,R_75,55204.4945,-1,2.7885999999998603,BACKFILL_AUTO
2026-07-11 15:57:32,1783785452,R_75,55186.1403,-1,18.354200000001583,BACKFILL_AUTO
2026-07-11 15:57:34,1783785454,R_75,55163.879,-1,22.2612999999983,BACKFILL_AUTO
2026-07-11 15:57:36,1783785456,R_75,55169.8962,1,6.017200000002049,BACKFILL_AUTO
2026-07-11 15:57:38,1783785458,R_75,55177.3873,1,7.491099999999278,BACKFILL_AUTO
2026-07-11 15:57:40,1783785460,R_75,55187.7639,1,10.37659999999596,BACKFILL_AUTO
2026-07-11 15:57:42,1783785462,R_75,55201.9874,1,14.223500000000058,BACKFILL_AUTO
2026-07-11 15:57:44,1783785464,R_75,55206.1875,1,4.200100000001839,BACKFILL_AUTO
2026-07-11 15:57:46,1783785466,R_75,55221.2362,1,15.048699999999371,BACKFILL_AUTO
2026-07-11 15:57:48,1783785468,R_75,55233.4766,1,12.24040000000241,BACKFILL_AUTO
2026-07-11 15:57:50,1783785470,R_75,55241.4592,1,7.982599999995728,BACKFILL_AUTO
2026-07-11 15:57:52,1783785472,R_75,55235.2364,-1,6.222799999995914,BACKFILL_AUTO
2026-07-11 15:57:54,1783785474,R_75,55238.3262,1,3.08980000000156,BACKFILL_AUTO
2026-07-11 15:57:56,1783785476,R_75,55237.3781,-1,0.9481000000014319,BACKFILL_AUTO
2026-07-11 15:57:58,1783785478,R_75,55245.0555,1,7.677400000000489,BACKFILL_AUTO
2026-07-11 15:58:00,1783785480,R_75,55227.0461,-1,18.009400000002643,BACKFILL_AUTO
2026-07-11 15:58:02,1783785482,R_75,55206.9722,-1,20.07390000000305,BACKFILL_AUTO
2026-07-11 15:58:04,1783785484,R_75,55224.4058,1,17.433600000003935,BACKFILL_AUTO
2026-07-11 15:58:06,1783785486,R_75,55225.8006,1,1.394800000001851,BACKFILL_AUTO
2026-07-11 15:58:08,1783785488,R_75,55203.2798,-1,22.520800000005693,BACKFILL_AUTO
2026-07-11 15:58:10,1783785490,R_75,55205.7455,1,2.465700000000652,BACKFILL_AUTO
2026-07-11 15:58:12,1783785492,R_75,55208.6549,1,2.909400000004098,BACKFILL_AUTO
2026-07-11 15:58:14,1783785494,R_75,55209.0571,1,0.4021999999968102,BACKFILL_AUTO
2026-07-11 15:58:16,1783785496,R_75,55215.1394,1,6.082300000001851,BACKFILL_AUTO
2026-07-11 15:58:18,1783785498,R_75,55205.4468,-1,9.69260000000213,BACKFILL_AUTO
2026-07-11 15:58:20,1783785500,R_75,55222.6421,1,17.195299999999406,BACKFILL_AUTO
2026-07-11 15:58:22,1783785502,R_75,55215.0748,-1,7.567299999995157,BACKFILL_AUTO
2026-07-11 15:58:24,1783785504,R_75,55221.238,1,6.163199999995413,BACKFILL_AUTO
2026-07-11 15:58:26,1783785506,R_75,55217.1804,-1,4.057600000000093,BACKFILL_AUTO
2026-07-11 15:58:28,1783785508,R_75,55215.8092,-1,1.3711999999941327,BACKFILL_AUTO
2026-07-11 15:58:30,1783785510,R_75,55214.8207,-1,0.9885000000067521,BACKFILL_AUTO
2026-07-11 15:58:32,1783785512,R_75,55236.9089,1,22.0882000000056,BACKFILL_AUTO
2026-07-11 15:58:34,1783785514,R_75,55249.3285,1,12.419600000001083,BACKFILL_AUTO
2026-07-11 15:58:36,1783785516,R_75,55242.502,-1,6.826500000002852,BACKFILL_AUTO
2026-07-11 15:58:38,1783785518,R_75,55249.5477,1,7.045700000002398,BACKFILL_AUTO
2026-07-11 15:58:40,1783785520,R_75,55266.8457,1,17.297999999995227,BACKFILL_AUTO
2026-07-11 15:58:42,1783785522,R_75,55267.4517,1,0.6059999999997672,BACKFILL_AUTO
2026-07-11 15:58:44,1783785524,R_75,55262.9386,-1,4.513099999996484,BACKFILL_AUTO
2026-07-11 15:58:46,1783785526,R_75,55272.7892,1,9.85059999999794,BACKFILL_AUTO
2026-07-11 15:58:48,1783785528,R_75,55280.1498,1,7.360599999999977,BACKFILL_AUTO
2026-07-11 15:58:50,1783785530,R_75,55277.8622,-1,2.2875999999960186,BACKFILL_AUTO
2026-07-11 15:58:52,1783785532,R_75,55293.2762,1,15.413999999997031,BACKFILL_AUTO
2026-07-11 15:58:54,1783785534,R_75,55294.3861,1,1.1099000000031083,BACKFILL_AUTO
2026-07-11 15:58:56,1783785536,R_75,55286.2648,-1,8.121300000006158,BACKFILL_AUTO
2026-07-11 15:58:58,1783785538,R_75,55282.4049,-1,3.8598999999958323,BACKFILL_AUTO
2026-07-11 15:59:00,1783785540,R_75,55277.4355,-1,4.9694000000017695,BACKFILL_AUTO
2026-07-11 15:59:02,1783785542,R_75,55271.0127,-1,6.422800000000279,BACKFILL_AUTO
2026-07-11 15:59:04,1783785544,R_75,55269.848,-1,1.1647000000011758,BACKFILL_AUTO
2026-07-11 15:59:06,1783785546,R_75,55251.1538,-1,18.69419999999809,BACKFILL_AUTO
2026-07-11 15:59:08,1783785548,R_75,55250.4621,-1,0.6917000000030384,BACKFILL_AUTO
2026-07-11 15:59:10,1783785550,R_75,55237.815,-1,12.64709999999468,BACKFILL_AUTO
2026-07-11 15:59:12,1783785552,R_75,55235.57,-1,2.2450000000026193,BACKFILL_AUTO
2026-07-11 15:59:14,1783785554,R_75,55237.7936,1,2.223599999997532,BACKFILL_AUTO
2026-07-11 15:59:16,1783785556,R_75,55222.3077,-1,15.485899999999674,BACKFILL_AUTO
2026-07-11 15:59:18,1783785558,R_75,55225.045,1,2.737300000000687,BACKFILL_AUTO
2026-07-11 15:59:20,1783785560,R_75,55216.2325,-1,8.8125,BACKFILL_AUTO
2026-07-11 15:59:22,1783785562,R_75,55210.238,-1,5.9945000000006985,BACKFILL_AUTO
2026-07-11 15:59:24,1783785564,R_75,55207.4624,-1,2.77560000000085,BACKFILL_AUTO
2026-07-11 15:59:26,1783785566,R_75,55199.6634,-1,7.798999999999069,BACKFILL_AUTO
2026-07-11 15:59:28,1783785568,R_75,55217.9954,1,18.332000000002154,BACKFILL_AUTO
2026-07-11 15:59:30,1783785570,R_75,55218.2758,1,0.2804000000032829,BACKFILL_AUTO
2026-07-11 15:59:32,1783785572,R_75,55203.4209,-1,14.854900000005728,BACKFILL_AUTO
2026-07-11 15:59:34,1783785574,R_75,55205.301,1,1.8801000000021304,BACKFILL_AUTO
2026-07-11 15:59:36,1783785576,R_75,55203.496,-1,1.805000000000291,BACKFILL_AUTO
2026-07-11 15:59:38,1783785578,R_75,55195.0131,-1,8.4829000000027,BACKFILL_AUTO
2026-07-11 15:59:40,1783785580,R_75,55184.8632,-1,10.149899999996705,BACKFILL_AUTO
2026-07-11 15:59:42,1783785582,R_75,55182.6819,-1,2.181299999996554,BACKFILL_AUTO
2026-07-11 15:59:44,1783785584,R_75,55171.76,-1,10.921900000001187,BACKFILL_AUTO
2026-07-11 15:59:46,1783785586,R_75,55176.5051,1,4.745100000000093,BACKFILL_AUTO
2026-07-11 15:59:48,1783785588,R_75,55172.4224,-1,4.082699999999022,BACKFILL_AUTO
2026-07-11 15:59:50,1783785590,R_75,55163.4483,-1,8.974100000006729,BACKFILL_AUTO
2026-07-11 15:59:52,1783785592,R_75,55160.4306,-1,3.017699999996694,BACKFILL_AUTO
2026-07-11 15:59:54,1783785594,R_75,55159.2703,-1,1.1603000000031898,BACKFILL_AUTO
2026-07-11 15:59:56,1783785596,R_75,55158.7547,-1,0.5155999999988126,BACKFILL_AUTO
2026-07-11 15:59:58,1783785598,R_75,55163.7403,1,4.985599999999977,BACKFILL_AUTO
2026-07-11 16:00:00,1783785600,R_75,55180.1189,1,16.378600000003644,BACKFILL_AUTO
2026-07-11 16:00:02,1783785602,R_75,55174.6466,-1,5.472300000001269,BACKFILL_AUTO
2026-07-11 16:00:04,1783785604,R_75,55167.5002,-1,7.146399999997811,BACKFILL_AUTO
2026-07-11 16:00:06,1783785606,R_75,55157.5354,-1,9.96480000000156,BACKFILL_AUTO
2026-07-11 16:00:08,1783785608,R_75,55162.3921,1,4.856699999996636,BACKFILL_AUTO
2026-07-11 16:00:10,1783785610,R_75,55144.716,-1,17.67609999999695,BACKFILL_AUTO
2026-07-11 16:00:12,1783785612,R_75,55145.9359,1,1.2198999999964144,BACKFILL_AUTO
2026-07-11 16:00:14,1783785614,R_75,55147.9008,1,1.9649000000063097,BACKFILL_AUTO
2026-07-11 16:00:16,1783785616,R_75,55146.3932,-1,1.5076000000044587,BACKFILL_AUTO
2026-07-11 16:00:18,1783785618,R_75,55160.7671,1,14.373899999998685,BACKFILL_AUTO
2026-07-11 16:00:20,1783785620,R_75,55159.6771,-1,1.0899999999965075,BACKFILL_AUTO
2026-07-11 16:00:22,1783785622,R_75,55148.2156,-1,11.461499999997613,BACKFILL_AUTO
2026-07-11 16:00:24,1783785624,R_75,55161.7079,1,13.492299999998068,BACKFILL_AUTO
2026-07-11 16:00:26,1783785626,R_75,55163.7411,1,2.0331999999980326,BACKFILL_AUTO
2026-07-11 16:00:28,1783785628,R_75,55174.9634,1,11.222300000001269,BACKFILL_AUTO
2026-07-11 16:00:30,1783785630,R_75,55183.2237,1,8.260300000001735,BACKFILL_AUTO
2026-07-11 16:00:32,1783785632,R_75,55185.9953,1,2.771600000000035,BACKFILL_AUTO
2026-07-11 16:00:34,1783785634,R_75,55181.9321,-1,4.063200000004144,BACKFILL_AUTO
2026-07-11 16:00:36,1783785636,R_75,55183.3087,1,1.3766000000032363,BACKFILL_AUTO
2026-07-11 16:00:38,1783785638,R_75,55205.6479,1,22.339200000002165,BACKFILL_AUTO
2026-07-11 16:00:40,1783785640,R_75,55210.2377,1,4.589799999994284,BACKFILL_AUTO
2026-07-11 16:00:42,1783785642,R_75,55211.8941,1,1.6563999999998487,BACKFILL_AUTO
2026-07-11 16:00:44,1783785644,R_75,55213.3711,1,1.4769999999989523,BACKFILL_AUTO
2026-07-11 16:00:46,1783785646,R_75,55202.5749,-1,10.796199999997043,BACKFILL_AUTO
2026-07-11 16:00:48,1783785648,R_75,55206.2673,1,3.692399999999907,BACKFILL_AUTO
2026-07-11 16:00:50,1783785650,R_75,55206.6046,1,0.33729999999923166,BACKFILL_AUTO
2026-07-11 16:00:52,1783785652,R_75,55199.8907,-1,6.713899999995192,BACKFILL_AUTO
2026-07-11 16:00:54,1783785654,R_75,55197.9261,-1,1.9646000000066124,BACKFILL_AUTO
2026-07-11 16:00:56,1783785656,R_75,55197.7021,-1,0.2239999999947031,BACKFILL_AUTO
2026-07-11 16:00:58,1783785658,R_75,55216.4571,1,18.75499999999738,BACKFILL_AUTO
2026-07-11 16:01:00,1783785660,R_75,55214.7754,-1,1.6817000000010012,BACKFILL_AUTO
2026-07-11 16:01:02,1783785662,R_75,55217.8466,1,3.0711999999984982,BACKFILL_AUTO
2026-07-11 16:01:04,1783785664,R_75,55220.8352,1,2.988600000004226,BACKFILL_AUTO
2026-07-11 16:01:06,1783785666,R_75,55223.7312,1,2.8960000000006403,BACKFILL_AUTO
2026-07-11 16:01:08,1783785668,R_75,55229.1883,1,5.4570999999996275,BACKFILL_AUTO
2026-07-11 16:01:10,1783785670,R_75,55223.3261,-1,5.862200000003213,BACKFILL_AUTO
2026-07-11 16:01:12,1783785672,R_75,55225.3393,1,2.013200000001234,BACKFILL_AUTO
2026-07-11 16:01:14,1783785674,R_75,55207.2147,-1,18.12460000000283,BACKFILL_AUTO
2026-07-11 16:01:16,1783785676,R_75,55209.2621,1,2.0474000000031083,BACKFILL_AUTO
2026-07-11 16:01:18,1783785678,R_75,55210.6417,1,1.3796000000002095,BACKFILL_AUTO
2026-07-11 16:01:20,1783785680,R_75,55206.8096,-1,3.8320999999996275,BACKFILL_AUTO
2026-07-11 16:01:22,1783785682,R_75,55201.8554,-1,4.954200000000128,BACKFILL_AUTO
2026-07-11 16:01:24,1783785684,R_75,55202.6934,1,0.8379999999961001,BACKFILL_AUTO
2026-07-11 16:01:26,1783785686,R_75,55200.2436,-1,2.449799999994866,BACKFILL_AUTO
2026-07-11 16:01:28,1783785688,R_75,55203.5831,1,3.3395000000018626,BACKFILL_AUTO
2026-07-11 16:01:30,1783785690,R_75,55199.1217,-1,4.46140000000014,BACKFILL_AUTO
2026-07-11 16:01:32,1783785692,R_75,55179.9993,-1,19.122400000000198,BACKFILL_AUTO
2026-07-11 16:01:34,1783785694,R_75,55184.7766,1,4.777299999994284,BACKFILL_AUTO
2026-07-11 16:01:36,1783785696,R_75,55185.3656,1,0.5889999999999418,BACKFILL_AUTO
2026-07-11 16:01:38,1783785698,R_75,55192.5117,1,7.14610000000539,BACKFILL_AUTO
2026-07-11 16:01:40,1783785700,R_75,55187.6886,-1,4.823100000001432,BACKFILL_AUTO
2026-07-11 16:01:42,1783785702,R_75,55203.8316,1,16.14299999999639,BACKFILL_AUTO
2026-07-11 16:01:44,1783785704,R_75,55180.3963,-1,23.43529999999737,BACKFILL_AUTO
2026-07-11 16:01:46,1783785706,R_75,55179.9813,-1,0.4150000000008731,BACKFILL_AUTO
2026-07-11 16:01:48,1783785708,R_75,55190.4966,1,10.515299999999115,BACKFILL_AUTO
2026-07-11 16:01:50,1783785710,R_75,55187.7718,-1,2.7247999999963213,BACKFILL_AUTO
2026-07-11 16:01:52,1783785712,R_75,55190.9528,1,3.180999999996857,BACKFILL_AUTO
2026-07-11 16:01:54,1783785714,R_75,55180.6812,-1,10.271600000000035,BACKFILL_AUTO
2026-07-11 16:01:56,1783785716,R_75,55164.7496,-1,15.931599999996251,BACKFILL_AUTO
2026-07-11 16:01:58,1783785718,R_75,55170.8128,1,6.063199999996868,BACKFILL_AUTO
2026-07-11 16:02:00,1783785720,R_75,55163.9189,-1,6.893900000002759,BACKFILL_AUTO
2026-07-11 16:02:02,1783785722,R_75,55170.2787,1,6.3598000000056345,BACKFILL_AUTO
2026-07-11 16:02:04,1783785724,R_75,55184.4228,1,14.144099999997707,BACKFILL_AUTO
2026-07-11 16:02:06,1783785726,R_75,55174.0848,-1,10.338000000003376,BACKFILL_AUTO
2026-07-11 16:02:08,1783785728,R_75,55191.7922,1,17.7074000000066,BACKFILL_AUTO
2026-07-11 16:02:10,1783785730,R_75,55174.4558,-1,17.33640000000014,BACKFILL_AUTO
2026-07-11 16:02:12,1783785732,R_75,55176.5135,1,2.057699999997567,BACKFILL_AUTO
2026-07-11 16:02:14,1783785734,R_75,55165.066,-1,11.447500000002037,BACKFILL_AUTO
2026-07-11 16:02:16,1783785736,R_75,55174.1665,1,9.100500000000466,BACKFILL_AUTO
2026-07-11 16:02:18,1783785738,R_75,55177.7485,1,3.5820000000021537,BACKFILL_AUTO
2026-07-11 16:02:20,1783785740,R_75,55180.853,1,3.1045000000012806,BACKFILL_AUTO
2026-07-11 16:02:22,1783785742,R_75,55176.538,-1,4.315000000002328,BACKFILL_AUTO
2026-07-11 16:02:24,1783785744,R_75,55182.0976,1,5.559600000000501,BACKFILL_AUTO
2026-07-11 16:02:26,1783785746,R_75,55198.1037,1,16.006099999998696,BACKFILL_AUTO
2026-07-11 16:02:28,1783785748,R_75,55197.9887,-1,0.11499999999796273,BACKFILL_AUTO
2026-07-11 16:02:30,1783785750,R_75,55193.333,-1,4.65570000000298,BACKFILL_AUTO
2026-07-11 16:02:32,1783785752,R_75,55169.8671,-1,23.4658999999956,BACKFILL_AUTO
2026-07-11 16:02:34,1783785754,R_75,55168.4473,-1,1.4198000000033062,BACKFILL_AUTO
2026-07-11 16:02:36,1783785756,R_75,55160.1807,-1,8.266600000002654,BACKFILL_AUTO
2026-07-11 16:02:38,1783785758,R_75,55153.1109,-1,7.069799999997485,BACKFILL_AUTO
2026-07-11 16:02:40,1783785760,R_75,55151.0307,-1,2.080199999996694,BACKFILL_AUTO
2026-07-11 16:02:42,1783785762,R_75,55143.2896,-1,7.741100000006554,BACKFILL_AUTO
2026-07-11 16:02:44,1783785764,R_75,55132.31,-1,10.979599999998754,BACKFILL_AUTO
2026-07-11 16:02:46,1783785766,R_75,55136.256,1,3.9460000000035507,BACKFILL_AUTO
2026-07-11 16:02:48,1783785768,R_75,55121.7755,-1,14.480499999997846,BACKFILL_AUTO
2026-07-11 16:02:50,1783785770,R_75,55115.6284,-1,6.147100000001956,BACKFILL_AUTO
2026-07-11 16:02:52,1783785772,R_75,55110.8864,-1,4.74199999999837,BACKFILL_AUTO
2026-07-11 16:02:54,1783785774,R_75,55099.7879,-1,11.098500000000058,BACKFILL_AUTO
2026-07-11 16:02:56,1783785776,R_75,55083.5868,-1,16.20110000000568,BACKFILL_AUTO
2026-07-11 16:02:58,1783785778,R_75,55082.3704,-1,1.2163999999975204,BACKFILL_AUTO
2026-07-11 16:03:00,1783785780,R_75,55088.4597,1,6.089299999999639,BACKFILL_AUTO
2026-07-11 16:03:02,1783785782,R_75,55079.1854,-1,9.27429999999731,BACKFILL_AUTO
2026-07-11 16:03:04,1783785784,R_75,55073.3434,-1,5.842000000004191,BACKFILL_AUTO
2026-07-11 16:03:06,1783785786,R_75,55074.024,1,0.6805999999996857,BACKFILL_AUTO
2026-07-11 16:03:08,1783785788,R_75,55063.5246,-1,10.499400000000605,BACKFILL_AUTO
2026-07-11 16:03:10,1783785790,R_75,55062.6422,-1,0.8823999999949592,BACKFILL_AUTO
2026-07-11 16:03:12,1783785792,R_75,55063.0941,1,0.4519000000000233,BACKFILL_AUTO
2026-07-11 16:03:14,1783785794,R_75,55090.0262,1,26.932099999998172,BACKFILL_AUTO
2026-07-11 16:03:16,1783785796,R_75,55081.0221,-1,9.004099999998289,BACKFILL_AUTO
2026-07-11 16:03:18,1783785798,R_75,55065.0432,-1,15.978900000001886,BACKFILL_AUTO
2026-07-11 16:03:20,1783785800,R_75,55086.149,1,21.105799999997544,BACKFILL_AUTO
2026-07-11 16:03:22,1783785802,R_75,55075.3841,-1,10.764899999994668,BACKFILL_AUTO
2026-07-11 16:03:24,1783785804,R_75,55069.7986,-1,5.585500000001048,BACKFILL_AUTO
2026-07-11 16:03:26,1783785806,R_75,55075.4037,1,5.605100000000675,BACKFILL_AUTO
2026-07-11 16:03:28,1783785808,R_75,55083.473,1,8.069299999995565,BACKFILL_AUTO
2026-07-11 16:03:30,1783785810,R_75,55094.5086,1,11.035600000002887,BACKFILL_AUTO
2026-07-11 16:03:32,1783785812,R_75,55110.4121,1,15.90350000000035,BACKFILL_AUTO
2026-07-11 16:03:34,1783785814,R_75,55090.424,-1,19.988100000002305,BACKFILL_AUTO
2026-07-11 16:03:36,1783785816,R_75,55106.3352,1,15.911200000002282,BACKFILL_AUTO
2026-07-11 16:03:38,1783785818,R_75,55106.712,1,0.3767999999981839,BACKFILL_AUTO
2026-07-11 16:03:40,1783785820,R_75,55099.5001,-1,7.2119000000020606,BACKFILL_AUTO
2026-07-11 16:03:42,1783785822,R_75,55112.6229,1,13.122800000004645,BACKFILL_AUTO
2026-07-11 16:03:44,1783785824,R_75,55128.4395,1,15.816599999998289,BACKFILL_AUTO
2026-07-11 16:03:46,1783785826,R_75,55135.1061,1,6.6665999999968335,BACKFILL_AUTO
2026-07-11 16:03:48,1783785828,R_75,55124.7334,-1,10.372699999999895,BACKFILL_AUTO
2026-07-11 16:03:50,1783785830,R_75,55131.351,1,6.617600000005041,BACKFILL_AUTO
2026-07-11 16:03:52,1783785832,R_75,55137.6478,1,6.296799999996438,BACKFILL_AUTO
2026-07-11 16:03:54,1783785834,R_75,55143.515,1,5.867200000000594,BACKFILL_AUTO
2026-07-11 16:03:56,1783785836,R_75,55121.9925,-1,21.522499999999127,BACKFILL_AUTO
2026-07-11 16:03:58,1783785838,R_75,55118.0168,-1,3.975700000002689,BACKFILL_AUTO
2026-07-11 16:04:00,1783785840,R_75,55129.5852,1,11.568400000003749,BACKFILL_AUTO
2026-07-11 16:04:02,1783785842,R_75,55124.8559,-1,4.729299999999057,BACKFILL_AUTO
2026-07-11 16:04:04,1783785844,R_75,55149.1257,1,24.269799999994575,BACKFILL_AUTO
2026-07-11 16:04:06,1783785846,R_75,55165.9554,1,16.82970000000205,BACKFILL_AUTO
2026-07-11 16:04:08,1783785848,R_75,55146.7533,-1,19.202100000002247,BACKFILL_AUTO
2026-07-11 16:04:10,1783785850,R_75,55140.0397,-1,6.713599999995495,BACKFILL_AUTO
2026-07-11 16:04:12,1783785852,R_75,55133.996,-1,6.043700000001991,BACKFILL_AUTO
2026-07-11 16:04:14,1783785854,R_75,55138.9048,1,4.908799999997427,BACKFILL_AUTO
2026-07-11 16:04:16,1783785856,R_75,55143.8027,1,4.897900000003574,BACKFILL_AUTO
2026-07-11 16:04:18,1783785858,R_75,55151.2825,1,7.479800000000978,BACKFILL_AUTO
2026-07-11 16:04:20,1783785860,R_75,55167.7266,1,16.444100000000617,BACKFILL_AUTO
2026-07-11 16:04:22,1783785862,R_75,55155.5441,-1,12.18250000000262,BACKFILL_AUTO
2026-07-11 16:04:24,1783785864,R_75,55165.1117,1,9.56760000000213,BACKFILL_AUTO
2026-07-11 16:04:26,1783785866,R_75,55147.8382,-1,17.27350000000297,BACKFILL_AUTO
2026-07-11 16:04:28,1783785868,R_75,55136.4639,-1,11.374299999995856,BACKFILL_AUTO
2026-07-11 16:04:30,1783785870,R_75,55125.7231,-1,10.740799999999581,BACKFILL_AUTO
2026-07-11 16:04:32,1783785872,R_75,55140.4398,1,14.716699999997218,BACKFILL_AUTO
2026-07-11 16:04:34,1783785874,R_75,55154.0385,1,13.598700000002282,BACKFILL_AUTO
2026-07-11 16:04:36,1783785876,R_75,55167.1824,1,13.143899999995483,BACKFILL_AUTO
2026-07-11 16:04:38,1783785878,R_75,55170.0541,1,2.8717000000033295,BACKFILL_AUTO
2026-07-11 16:04:40,1783785880,R_75,55196.6402,1,26.586100000000442,BACKFILL_AUTO
2026-07-11 16:04:42,1783785882,R_75,55211.5007,1,14.860499999995227,BACKFILL_AUTO
2026-07-11 16:04:44,1783785884,R_75,55208.9757,-1,2.5249999999941792,BACKFILL_AUTO
2026-07-11 16:04:46,1783785886,R_75,55214.1113,1,5.135599999994156,BACKFILL_AUTO
2026-07-11 16:04:48,1783785888,R_75,55224.846,1,10.734700000000885,BACKFILL_AUTO
2026-07-11 16:04:50,1783785890,R_75,55226.5183,1,1.6723000000056345,BACKFILL_AUTO
2026-07-11 16:04:52,1783785892,R_75,55222.1176,-1,4.4007000000056,BACKFILL_AUTO
2026-07-11 16:04:54,1783785894,R_75,55244.297,1,22.179400000000896,BACKFILL_AUTO
2026-07-11 16:04:56,1783785896,R_75,55244.8214,1,0.5244000000020606,BACKFILL_AUTO
2026-07-11 16:04:58,1783785898,R_75,55254.6099,1,9.788500000002387,BACKFILL_AUTO
2026-07-11 16:05:00,1783785900,R_75,55243.285,-1,11.324899999999616,BACKFILL_AUTO
2026-07-11 16:05:02,1783785902,R_75,55237.9422,-1,5.342800000005809,BACKFILL_AUTO
2026-07-11 16:05:04,1783785904,R_75,55227.1001,-1,10.842099999994389,BACKFILL_AUTO
2026-07-11 16:05:06,1783785906,R_75,55229.0078,1,1.9076999999961117,BACKFILL_AUTO
2026-07-11 16:05:08,1783785908,R_75,55234.3594,1,5.351600000001781,BACKFILL_AUTO
2026-07-11 16:05:10,1783785910,R_75,55245.8755,1,11.516100000000733,BACKFILL_AUTO
2026-07-11 16:05:12,1783785912,R_75,55254.7198,1,8.84429999999702,BACKFILL_AUTO
2026-07-11 16:05:14,1783785914,R_75,55263.3475,1,8.627700000004552,BACKFILL_AUTO
2026-07-11 16:05:16,1783785916,R_75,55266.8388,1,3.491299999994226,BACKFILL_AUTO
2026-07-11 16:05:18,1783785918,R_75,55256.1888,-1,10.64999999999418,BACKFILL_AUTO
2026-07-11 16:05:20,1783785920,R_75,55242.7183,-1,13.470500000003085,BACKFILL_AUTO
2026-07-11 16:05:22,1783785922,R_75,55270.4698,1,27.751499999998487,BACKFILL_AUTO
2026-07-11 16:05:24,1783785924,R_75,55266.4068,-1,4.063000000001921,BACKFILL_AUTO
2026-07-11 16:05:26,1783785926,R_75,55261.8082,-1,4.598599999997532,BACKFILL_AUTO
2026-07-11 16:05:28,1783785928,R_75,55265.3811,1,3.5728999999992084,BACKFILL_AUTO
2026-07-11 16:05:30,1783785930,R_75,55284.7094,1,19.328300000001036,BACKFILL_AUTO
2026-07-11 16:05:32,1783785932,R_75,55282.168,-1,2.541400000001886,BACKFILL_AUTO
2026-07-11 16:05:34,1783785934,R_75,55288.5201,1,6.352100000003702,BACKFILL_AUTO
2026-07-11 16:05:36,1783785936,R_75,55296.9403,1,8.420200000000477,BACKFILL_AUTO
2026-07-11 16:05:38,1783785938,R_75,55287.217,-1,9.72330000000511,BACKFILL_AUTO
2026-07-11 16:05:40,1783785940,R_75,55273.9371,-1,13.279899999994086,BACKFILL_AUTO
2026-07-11 16:05:42,1783785942,R_75,55284.5993,1,10.662199999998847,BACKFILL_AUTO
2026-07-11 16:05:44,1783785944,R_75,55286.2725,1,1.6731999999974505,BACKFILL_AUTO
2026-07-11 16:05:46,1783785946,R_75,55303.827,1,17.55449999999837,BACKFILL_AUTO
2026-07-11 16:05:48,1783785948,R_75,55307.854,1,4.027000000001863,BACKFILL_AUTO
2026-07-11 16:05:50,1783785950,R_75,55320.9454,1,13.09139999999752,BACKFILL_AUTO
2026-07-11 16:05:52,1783785952,R_75,55307.9826,-1,12.962799999993877,BACKFILL_AUTO
2026-07-11 16:05:54,1783785954,R_75,55319.5525,1,11.56989999999496,BACKFILL_AUTO
2026-07-11 16:05:56,1783785956,R_75,55307.3151,-1,12.23739999999816,BACKFILL_AUTO
2026-07-11 16:05:58,1783785958,R_75,55302.1851,-1,5.129999999997381,BACKFILL_AUTO
2026-07-11 16:06:00,1783785960,R_75,55305.2514,1,3.0662999999985914,BACKFILL_AUTO
2026-07-11 16:06:02,1783785962,R_75,55301.7761,-1,3.475299999998242,BACKFILL_AUTO
2026-07-11 16:06:04,1783785964,R_75,55321.9371,1,20.161000000000058,BACKFILL_AUTO
2026-07-11 16:06:06,1783785966,R_75,55302.1315,-1,19.805599999999686,BACKFILL_AUTO
2026-07-11 16:06:08,1783785968,R_75,55304.4703,1,2.3387999999977183,BACKFILL_AUTO
2026-07-11 16:06:10,1783785970,R_75,55304.8421,1,0.37180000000080327,BACKFILL_AUTO
2026-07-11 16:06:12,1783785972,R_75,55294.3542,-1,10.487900000000081,BACKFILL_AUTO
2026-07-11 16:06:14,1783785974,R_75,55308.0669,1,13.712699999996403,BACKFILL_AUTO
2026-07-11 16:06:16,1783785976,R_75,55319.1522,1,11.085299999998824,BACKFILL_AUTO
2026-07-11 16:06:18,1783785978,R_75,55323.069,1,3.916800000006333,BACKFILL_AUTO
2026-07-11 16:06:20,1783785980,R_75,55329.8668,1,6.797800000000279,BACKFILL_AUTO
2026-07-11 16:06:22,1783785982,R_75,55333.2623,1,3.3954999999987194,BACKFILL_AUTO
2026-07-11 16:06:24,1783785984,R_75,55327.6331,-1,5.629200000003038,BACKFILL_AUTO
2026-07-11 16:06:26,1783785986,R_75,55325.3049,-1,2.3281999999962864,BACKFILL_AUTO
2026-07-11 16:06:28,1783785988,R_75,55332.0189,1,6.713999999999942,BACKFILL_AUTO
2026-07-11 16:06:30,1783785990,R_75,55348.551,1,16.532099999996717,BACKFILL_AUTO
2026-07-11 16:06:32,1783785992,R_75,55344.7325,-1,3.8185000000012224,BACKFILL_AUTO
2026-07-11 16:06:34,1783785994,R_75,55347.3846,1,2.6520999999993364,BACKFILL_AUTO
2026-07-11 16:06:36,1783785996,R_75,55355.2573,1,7.872699999999895,BACKFILL_AUTO
2026-07-11 16:06:38,1783785998,R_75,55360.8751,1,5.617799999999988,BACKFILL_AUTO
2026-07-11 16:06:40,1783786000,R_75,55356.9694,-1,3.9056999999957043,BACKFILL_AUTO
2026-07-11 16:06:42,1783786002,R_75,55359.0374,1,2.0679999999993015,BACKFILL_AUTO
2026-07-11 16:06:44,1783786004,R_75,55352.1047,-1,6.932699999997567,BACKFILL_AUTO
2026-07-11 16:06:46,1783786006,R_75,55361.5314,1,9.426699999996345,BACKFILL_AUTO
2026-07-11 16:06:48,1783786008,R_75,55355.3938,-1,6.137600000001839,BACKFILL_AUTO
2026-07-11 16:06:50,1783786010,R_75,55359.0744,1,3.6805999999996857,BACKFILL_AUTO
2026-07-11 16:06:52,1783786012,R_75,55342.6995,-1,16.37489999999525,BACKFILL_AUTO
2026-07-11 16:06:54,1783786014,R_75,55329.1791,-1,13.520400000001246,BACKFILL_AUTO
2026-07-11 16:06:56,1783786016,R_75,55333.9492,1,4.770100000001548,BACKFILL_AUTO
2026-07-11 16:06:58,1783786018,R_75,55336.1646,1,2.2153999999936786,BACKFILL_AUTO
2026-07-11 16:07:00,1783786020,R_75,55330.4566,-1,5.707999999998719,BACKFILL_AUTO
2026-07-11 16:07:02,1783786022,R_75,55331.0012,1,0.5446000000010827,BACKFILL_AUTO
2026-07-11 16:07:04,1783786024,R_75,55335.4632,1,4.461999999999534,BACKFILL_AUTO
2026-07-11 16:07:06,1783786026,R_75,55337.9631,1,2.499900000002526,BACKFILL_AUTO
2026-07-11 16:07:08,1783786028,R_75,55328.825,-1,9.13810000000376,BACKFILL_AUTO
2026-07-11 16:07:10,1783786030,R_75,55337.6973,1,8.872300000002724,BACKFILL_AUTO
2026-07-11 16:07:12,1783786032,R_75,55326.1156,-1,11.581700000002456,BACKFILL_AUTO
2026-07-11 16:07:14,1783786034,R_75,55336.7865,1,10.670900000004622,BACKFILL_AUTO
2026-07-11 16:07:16,1783786036,R_75,55329.8087,-1,6.97780000000057,BACKFILL_AUTO
2026-07-11 16:07:18,1783786038,R_75,55305.9088,-1,23.89990000000398,BACKFILL_AUTO
2026-07-11 16:07:20,1783786040,R_75,55336.9213,1,31.012500000004366,BACKFILL_AUTO
2026-07-11 16:07:22,1783786042,R_75,55332.4783,-1,4.4429999999993015,BACKFILL_AUTO
2026-07-11 16:07:24,1783786044,R_75,55312.9447,-1,19.53360000000248,BACKFILL_AUTO
2026-07-11 16:07:26,1783786046,R_75,55312.9381,-1,0.006600000000617001,BACKFILL_AUTO
2026-07-11 16:07:28,1783786048,R_75,55306.9017,-1,6.036399999997229,BACKFILL_AUTO
2026-07-11 16:07:30,1783786050,R_75,55306.5432,-1,0.3585000000020955,BACKFILL_AUTO
2026-07-11 16:07:32,1783786052,R_75,55324.9303,1,18.38709999999992,BACKFILL_AUTO
2026-07-11 16:07:34,1783786054,R_75,55352.9609,1,28.03059999999823,BACKFILL_AUTO
2026-07-11 16:07:36,1783786056,R_75,55333.1282,-1,19.832699999999022,BACKFILL_AUTO
2026-07-11 16:07:38,1783786058,R_75,55338.0048,1,4.876600000003236,BACKFILL_AUTO
2026-07-11 16:07:40,1783786060,R_75,55332.4965,-1,5.508300000001327,BACKFILL_AUTO
2026-07-11 16:07:42,1783786062,R_75,55328.9307,-1,3.5658000000039465,BACKFILL_AUTO
2026-07-11 16:07:44,1783786064,R_75,55347.0441,1,18.113400000002002,BACKFILL_AUTO
2026-07-11 16:07:46,1783786066,R_75,55348.9167,1,1.8726000000024214,BACKFILL_AUTO
2026-07-11 16:07:48,1783786068,R_75,55348.6122,-1,0.3044999999983702,BACKFILL_AUTO
2026-07-11 16:07:50,1783786070,R_75,55356.2237,1,7.611499999999069,BACKFILL_AUTO
2026-07-11 16:07:52,1783786072,R_75,55370.7334,1,14.509699999995064,BACKFILL_AUTO
2026-07-11 16:07:54,1783786074,R_75,55360.0171,-1,10.716300000000047,BACKFILL_AUTO
2026-07-11 16:07:56,1783786076,R_75,55340.4413,-1,19.575799999998708,BACKFILL_AUTO
2026-07-11 16:07:58,1783786078,R_75,55342.7687,1,2.327400000001944,BACKFILL_AUTO
2026-07-11 16:08:00,1783786080,R_75,55338.4023,-1,4.3663999999989755,BACKFILL_AUTO
2026-07-11 16:08:02,1783786082,R_75,55336.687,-1,1.7153000000034808,BACKFILL_AUTO
2026-07-11 16:08:04,1783786084,R_75,55343.7412,1,7.054199999998673,BACKFILL_AUTO
2026-07-11 16:08:06,1783786086,R_75,55358.3412,1,14.60000000000582,BACKFILL_AUTO
2026-07-11 16:08:08,1783786088,R_75,55352.0149,-1,6.326300000000629,BACKFILL_AUTO
2026-07-11 16:08:10,1783786090,R_75,55350.4827,-1,1.5322000000014668,BACKFILL_AUTO
2026-07-11 16:08:12,1783786092,R_75,55340.2449,-1,10.237800000002608,BACKFILL_AUTO
2026-07-11 16:08:14,1783786094,R_75,55342.0847,1,1.83980000000156,BACKFILL_AUTO
2026-07-11 16:08:16,1783786096,R_75,55345.0249,1,2.940199999997276,BACKFILL_AUTO
2026-07-11 16:08:18,1783786098,R_75,55343.4351,-1,1.589799999994284,BACKFILL_AUTO
2026-07-11 16:08:20,1783786100,R_75,55354.2993,1,10.864199999996345,BACKFILL_AUTO
2026-07-11 16:08:22,1783786102,R_75,55348.8467,-1,5.452599999996892,BACKFILL_AUTO
2026-07-11 16:08:24,1783786104,R_75,55358.565,1,9.718300000000454,BACKFILL_AUTO
2026-07-11 16:08:26,1783786106,R_75,55368.4295,1,9.864499999996042,BACKFILL_AUTO
2026-07-11 16:08:28,1783786108,R_75,55373.2407,1,4.811200000003737,BACKFILL_AUTO
2026-07-11 16:08:30,1783786110,R_75,55379.9912,1,6.750499999994645,BACKFILL_AUTO
2026-07-11 16:08:32,1783786112,R_75,55385.3043,1,5.313100000006671,BACKFILL_AUTO
2026-07-11 16:08:34,1783786114,R_75,55397.6424,1,12.338099999993574,BACKFILL_AUTO
2026-07-11 16:08:36,1783786116,R_75,55381.6478,-1,15.994599999998172,BACKFILL_AUTO
2026-07-11 16:08:38,1783786118,R_75,55380.4616,-1,1.186199999996461,BACKFILL_AUTO
2026-07-11 16:08:40,1783786120,R_75,55377.8148,-1,2.6468000000022585,BACKFILL_AUTO
2026-07-11 16:08:42,1783786122,R_75,55388.7184,1,10.903599999997823,BACKFILL_AUTO
2026-07-11 16:08:44,1783786124,R_75,55382.1451,-1,6.5732999999963795,BACKFILL_AUTO
2026-07-11 16:08:46,1783786126,R_75,55392.5042,1,10.35910000000149,BACKFILL_AUTO
2026-07-11 16:08:48,1783786128,R_75,55383.6859,-1,8.818300000006275,BACKFILL_AUTO
2026-07-11 16:08:50,1783786130,R_75,55377.8708,-1,5.815099999999802,BACKFILL_AUTO
2026-07-11 16:08:52,1783786132,R_75,55374.1239,-1,3.746899999998277,BACKFILL_AUTO
2026-07-11 16:08:54,1783786134,R_75,55381.4278,1,7.3038999999989755,BACKFILL_AUTO
2026-07-11 16:08:56,1783786136,R_75,55389.6999,1,8.272100000001956,BACKFILL_AUTO
2026-07-11 16:08:58,1783786138,R_75,55376.2329,-1,13.466999999996915,BACKFILL_AUTO
2026-07-11 16:09:00,1783786140,R_75,55378.7748,1,2.541899999996531,BACKFILL_AUTO
2026-07-11 16:09:02,1783786142,R_75,55377.1753,-1,1.599499999996624,BACKFILL_AUTO
2026-07-11 16:09:04,1783786144,R_75,55357.5798,-1,19.595500000003085,BACKFILL_AUTO
2026-07-11 16:09:06,1783786146,R_75,55353.8828,-1,3.6970000000001164,BACKFILL_AUTO
2026-07-11 16:09:08,1783786148,R_75,55345.1532,-1,8.729599999998754,BACKFILL_AUTO
2026-07-11 16:09:10,1783786150,R_75,55332.7491,-1,12.404099999999744,BACKFILL_AUTO
2026-07-11 16:09:12,1783786152,R_75,55312.8736,-1,19.87550000000192,BACKFILL_AUTO
2026-07-11 16:09:14,1783786154,R_75,55322.3432,1,9.469600000003993,BACKFILL_AUTO
2026-07-11 16:09:16,1783786156,R_75,55328.168,1,5.824799999994866,BACKFILL_AUTO
2026-07-11 16:09:18,1783786158,R_75,55343.0238,1,14.85580000000482,BACKFILL_AUTO
2026-07-11 16:09:20,1783786160,R_75,55343.8936,1,0.8698000000003958,BACKFILL_AUTO
2026-07-11 16:09:22,1783786162,R_75,55352.9217,1,9.028099999995902,BACKFILL_AUTO
2026-07-11 16:09:24,1783786164,R_75,55339.1423,-1,13.779399999999441,BACKFILL_AUTO
2026-07-11 16:09:26,1783786166,R_75,55359.9482,1,20.805899999999383,BACKFILL_AUTO
2026-07-11 16:09:28,1783786168,R_75,55368.3132,1,8.364999999997963,BACKFILL_AUTO
2026-07-11 16:09:30,1783786170,R_75,55371.8669,1,3.553700000004028,BACKFILL_AUTO
2026-07-11 16:09:32,1783786172,R_75,55387.6097,1,15.742799999999988,BACKFILL_AUTO
2026-07-11 16:09:34,1783786174,R_75,55371.7951,-1,15.814599999997881,BACKFILL_AUTO
2026-07-11 16:09:36,1783786176,R_75,55373.8846,1,2.0894999999945867,BACKFILL_AUTO
2026-07-11 16:09:38,1783786178,R_75,55382.9995,1,9.114900000000489,BACKFILL_AUTO
2026-07-11 16:09:40,1783786180,R_75,55393.8474,1,10.847900000000664,BACKFILL_AUTO
2026-07-11 16:09:42,1783786182,R_75,55396.7843,1,2.9369000000006054,BACKFILL_AUTO
2026-07-11 16:09:44,1783786184,R_75,55392.6888,-1,4.095499999995809,BACKFILL_AUTO
2026-07-11 16:09:46,1783786186,R_75,55394.5569,1,1.8680999999996857,BACKFILL_AUTO
2026-07-11 16:09:48,1783786188,R_75,55400.368,1,5.811099999998987,BACKFILL_AUTO
2026-07-11 16:09:50,1783786190,R_75,55382.3879,-1,17.980100000000675,BACKFILL_AUTO
2026-07-11 16:09:52,1783786192,R_75,55387.6311,1,5.2431999999971595,BACKFILL_AUTO
2026-07-11 16:09:54,1783786194,R_75,55363.8197,-1,23.811399999998685,BACKFILL_AUTO
2026-07-11 16:09:56,1783786196,R_75,55346.7826,-1,17.037100000001374,BACKFILL_AUTO
2026-07-11 16:09:58,1783786198,R_75,55334.6376,-1,12.144999999996799,BACKFILL_AUTO
2026-07-11 16:10:00,1783786200,R_75,55356.7474,1,22.10979999999836,BACKFILL_AUTO
2026-07-11 16:10:02,1783786202,R_75,55356.8122,1,0.06480000000010477,BACKFILL_AUTO
2026-07-11 16:10:04,1783786204,R_75,55380.828,1,24.015800000001036,BACKFILL_AUTO
2026-07-11 16:10:06,1783786206,R_75,55389.0144,1,8.186399999998685,BACKFILL_AUTO
2026-07-11 16:10:08,1783786208,R_75,55414.6138,1,25.59939999999915,BACKFILL_AUTO
2026-07-11 16:10:10,1783786210,R_75,55412.2221,-1,2.391700000000128,BACKFILL_AUTO
2026-07-11 16:10:12,1783786212,R_75,55407.4275,-1,4.794600000001083,BACKFILL_AUTO
2026-07-11 16:10:14,1783786214,R_75,55407.1568,-1,0.27070000000094296,BACKFILL_AUTO
2026-07-11 16:10:16,1783786216,R_75,55405.7566,-1,1.4001999999964028,BACKFILL_AUTO
2026-07-11 16:10:18,1783786218,R_75,55403.2061,-1,2.5504999999975553,BACKFILL_AUTO
2026-07-11 16:10:20,1783786220,R_75,55398.8256,-1,4.3805000000065775,BACKFILL_AUTO
2026-07-11 16:10:22,1783786222,R_75,55393.6254,-1,5.200199999999313,BACKFILL_AUTO
2026-07-11 16:10:24,1783786224,R_75,55383.3737,-1,10.25170000000071,BACKFILL_AUTO
2026-07-11 16:10:26,1783786226,R_75,55364.5738,-1,18.79989999999816,BACKFILL_AUTO
2026-07-11 16:10:28,1783786228,R_75,55371.1201,1,6.546300000001793,BACKFILL_AUTO
2026-07-11 16:10:30,1783786230,R_75,55375.339,1,4.218899999999849,BACKFILL_AUTO
2026-07-11 16:10:32,1783786232,R_75,55355.9019,-1,19.43710000000283,BACKFILL_AUTO
2026-07-11 16:10:34,1783786234,R_75,55345.5458,-1,10.356099999997241,BACKFILL_AUTO
2026-07-11 16:10:36,1783786236,R_75,55359.069,1,13.523200000003271,BACKFILL_AUTO
2026-07-11 16:10:38,1783786238,R_75,55353.5487,-1,5.520300000003772,BACKFILL_AUTO
2026-07-11 16:10:40,1783786240,R_75,55357.6466,1,4.097900000000664,BACKFILL_AUTO
2026-07-11 16:10:42,1783786242,R_75,55357.6118,-1,0.03480000000126893,BACKFILL_AUTO
2026-07-11 16:10:44,1783786244,R_75,55364.1283,1,6.5164999999979045,BACKFILL_AUTO
2026-07-11 16:10:46,1783786246,R_75,55360.1598,-1,3.9684999999954016,BACKFILL_AUTO
2026-07-11 16:10:48,1783786248,R_75,55361.2597,1,1.099900000001071,BACKFILL_AUTO
2026-07-11 16:10:50,1783786250,R_75,55361.9231,1,0.6633999999976368,BACKFILL_AUTO
2026-07-11 16:10:52,1783786252,R_75,55352.0359,-1,9.887199999997392,BACKFILL_AUTO
2026-07-11 16:10:54,1783786254,R_75,55346.2432,-1,5.792700000005425,BACKFILL_AUTO
2026-07-11 16:10:56,1783786256,R_75,55355.7135,1,9.470300000000861,BACKFILL_AUTO
2026-07-11 16:10:58,1783786258,R_75,55358.4407,1,2.727200000001176,BACKFILL_AUTO
2026-07-11 16:11:00,1783786260,R_75,55347.8392,-1,10.601499999997031,BACKFILL_AUTO
2026-07-11 16:11:02,1783786262,R_75,55355.9756,1,8.136399999995774,BACKFILL_AUTO
2026-07-11 16:11:04,1783786264,R_75,55376.0222,1,20.04660000000149,BACKFILL_AUTO
2026-07-11 16:11:06,1783786266,R_75,55381.2176,1,5.195400000004156,BACKFILL_AUTO
2026-07-11 16:11:08,1783786268,R_75,55391.5309,1,10.313299999994342,BACKFILL_AUTO
2026-07-11 16:11:10,1783786270,R_75,55388.0991,-1,3.431799999998475,BACKFILL_AUTO
2026-07-11 16:11:12,1783786272,R_75,55377.5131,-1,10.586000000002969,BACKFILL_AUTO
2026-07-11 16:11:14,1783786274,R_75,55350.1691,-1,27.343999999997322,BACKFILL_AUTO
2026-07-11 16:11:16,1783786276,R_75,55364.8919,1,14.72280000000319,BACKFILL_AUTO
2026-07-11 16:11:18,1783786278,R_75,55343.8658,-1,21.02610000000277,BACKFILL_AUTO
2026-07-11 16:11:20,1783786280,R_75,55334.265,-1,9.600800000000163,BACKFILL_AUTO
2026-07-11 16:11:22,1783786282,R_75,55326.6474,-1,7.617599999997765,BACKFILL_AUTO
2026-07-11 16:11:24,1783786284,R_75,55324.6188,-1,2.028600000005099,BACKFILL_AUTO
2026-07-11 16:11:26,1783786286,R_75,55328.1421,1,3.523300000000745,BACKFILL_AUTO
2026-07-11 16:11:28,1783786288,R_75,55314.055,-1,14.087099999997008,BACKFILL_AUTO
2026-07-11 16:11:30,1783786290,R_75,55304.0209,-1,10.034099999997125,BACKFILL_AUTO
2026-07-11 16:11:32,1783786292,R_75,55315.0345,1,11.013599999998405,BACKFILL_AUTO
2026-07-11 16:11:34,1783786294,R_75,55331.2031,1,16.16859999999724,BACKFILL_AUTO
2026-07-11 16:11:36,1783786296,R_75,55337.8944,1,6.691299999998591,BACKFILL_AUTO
2026-07-11 16:11:38,1783786298,R_75,55350.4766,1,12.582200000004377,BACKFILL_AUTO
2026-07-11 16:11:40,1783786300,R_75,55355.5421,1,5.065499999996973,BACKFILL_AUTO
2026-07-11 16:11:42,1783786302,R_75,55375.216,1,19.673900000001595,BACKFILL_AUTO
2026-07-11 16:11:44,1783786304,R_75,55371.3006,-1,3.9153999999980442,BACKFILL_AUTO
2026-07-11 16:11:46,1783786306,R_75,55380.8275,1,9.526899999997113,BACKFILL_AUTO
2026-07-11 16:11:48,1783786308,R_75,55384.7292,1,3.9017000000021653,BACKFILL_AUTO
2026-07-11 16:11:50,1783786310,R_75,55386.4378,1,1.708599999998114,BACKFILL_AUTO
2026-07-11 16:11:52,1783786312,R_75,55380.1051,-1,6.332699999999022,BACKFILL_AUTO
2026-07-11 16:11:54,1783786314,R_75,55366.4253,-1,13.679799999998068,BACKFILL_AUTO
2026-07-11 16:11:56,1783786316,R_75,55363.1063,-1,3.319000000003143,BACKFILL_AUTO
2026-07-11 16:11:58,1783786318,R_75,55368.1777,1,5.071400000000722,BACKFILL_AUTO
2026-07-11 16:12:00,1783786320,R_75,55372.4361,1,4.258399999998801,BACKFILL_AUTO
2026-07-11 16:12:02,1783786322,R_75,55370.5117,-1,1.9243999999962398,BACKFILL_AUTO
2026-07-11 16:12:04,1783786324,R_75,55361.1666,-1,9.345100000005914,BACKFILL_AUTO
2026-07-11 16:12:06,1783786326,R_75,55358.5253,-1,2.641299999995681,BACKFILL_AUTO
2026-07-11 16:12:08,1783786328,R_75,55357.2186,-1,1.3067000000010012,BACKFILL_AUTO
2026-07-11 16:12:10,1783786330,R_75,55354.4063,-1,2.8122999999977765,BACKFILL_AUTO
2026-07-11 16:12:12,1783786332,R_75,55361.6015,1,7.1951999999946565,BACKFILL_AUTO
2026-07-11 16:12:14,1783786334,R_75,55376.042,1,14.44050000000425,BACKFILL_AUTO
2026-07-11 16:12:16,1783786336,R_75,55383.2793,1,7.237300000000687,BACKFILL_AUTO
2026-07-11 16:12:18,1783786338,R_75,55378.1366,-1,5.14270000000397,BACKFILL_AUTO
2026-07-11 16:12:20,1783786340,R_75,55361.464,-1,16.672599999998056,BACKFILL_AUTO
2026-07-11 16:12:22,1783786342,R_75,55367.2533,1,5.789299999996729,BACKFILL_AUTO
2026-07-11 16:12:24,1783786344,R_75,55365.9596,-1,1.2936999999947147,BACKFILL_AUTO
2026-07-11 16:12:26,1783786346,R_75,55358.3993,-1,7.560300000004645,BACKFILL_AUTO
2026-07-11 16:12:28,1783786348,R_75,55359.5279,1,1.1286000000036438,BACKFILL_AUTO
2026-07-11 16:12:30,1783786350,R_75,55356.3748,-1,3.153100000003178,BACKFILL_AUTO
2026-07-11 16:12:32,1783786352,R_75,55356.9635,1,0.5887000000002445,BACKFILL_AUTO
2026-07-11 16:12:34,1783786354,R_75,55365.7311,1,8.76759999999922,BACKFILL_AUTO
2026-07-11 16:12:36,1783786356,R_75,55379.8265,1,14.095400000005611,BACKFILL_AUTO
2026-07-11 16:12:38,1783786358,R_75,55379.4939,-1,0.3326000000015483,BACKFILL_AUTO
2026-07-11 16:12:40,1783786360,R_75,55365.3081,-1,14.18579999999929,BACKFILL_AUTO
2026-07-11 16:12:42,1783786362,R_75,55358.904,-1,6.404099999999744,BACKFILL_AUTO
2026-07-11 16:12:44,1783786364,R_75,55362.364,1,3.459999999999127,BACKFILL_AUTO
2026-07-11 16:12:46,1783786366,R_75,55342.4428,-1,19.92120000000432,BACKFILL_AUTO
2026-07-11 16:12:48,1783786368,R_75,55336.3573,-1,6.085499999993772,BACKFILL_AUTO
2026-07-11 16:12:50,1783786370,R_75,55303.34,-1,33.0173000000068,BACKFILL_AUTO
2026-07-11 16:12:52,1783786372,R_75,55297.6545,-1,5.6854999999995925,BACKFILL_AUTO
2026-07-11 16:12:54,1783786374,R_75,55308.2887,1,10.634200000000419,BACKFILL_AUTO
2026-07-11 16:12:56,1783786376,R_75,55306.1172,-1,2.1714999999967404,BACKFILL_AUTO
2026-07-11 16:12:58,1783786378,R_75,55309.9374,1,3.8202000000019325,BACKFILL_AUTO
2026-07-11 16:13:00,1783786380,R_75,55317.026,1,7.088599999995495,BACKFILL_AUTO
2026-07-11 16:13:02,1783786382,R_75,55302.2032,-1,14.822799999994459,BACKFILL_AUTO
2026-07-11 16:13:04,1783786384,R_75,55280.7147,-1,21.488500000006752,BACKFILL_AUTO
2026-07-11 16:13:06,1783786386,R_75,55277.9038,-1,2.8108999999967637,BACKFILL_AUTO
2026-07-11 16:13:08,1783786388,R_75,55275.2693,-1,2.6345000000001164,BACKFILL_AUTO
2026-07-11 16:13:10,1783786390,R_75,55272.9261,-1,2.3432000000029802,BACKFILL_AUTO
2026-07-11 16:13:12,1783786392,R_75,55275.786,1,2.8599000000031083,BACKFILL_AUTO
2026-07-11 16:13:14,1783786394,R_75,55269.7018,-1,6.084199999997509,BACKFILL_AUTO
2026-07-11 16:13:16,1783786396,R_75,55265.1444,-1,4.557400000005146,BACKFILL_AUTO
2026-07-11 16:13:18,1783786398,R_75,55263.6744,-1,1.4699999999938882,BACKFILL_AUTO
2026-07-11 16:13:20,1783786400,R_75,55277.8643,1,14.189899999997579,BACKFILL_AUTO
2026-07-11 16:13:22,1783786402,R_75,55275.4446,-1,2.4196999999985565,BACKFILL_AUTO
2026-07-11 16:13:24,1783786404,R_75,55291.053,1,15.608399999997346,BACKFILL_AUTO
2026-07-11 16:13:26,1783786406,R_75,55295.1108,1,4.057800000002317,BACKFILL_AUTO
2026-07-11 16:13:28,1783786408,R_75,55297.5421,1,2.431299999996554,BACKFILL_AUTO
2026-07-11 16:13:30,1783786410,R_75,55282.6131,-1,14.92899999999645,BACKFILL_AUTO
2026-07-11 16:13:32,1783786412,R_75,55268.4347,-1,14.17840000000433,BACKFILL_AUTO
2026-07-11 16:13:34,1783786414,R_75,55258.5162,-1,9.918499999999767,BACKFILL_AUTO
2026-07-11 16:13:36,1783786416,R_75,55252.5201,-1,5.996099999996659,BACKFILL_AUTO
2026-07-11 16:13:38,1783786418,R_75,55247.0339,-1,5.486199999999371,BACKFILL_AUTO
2026-07-11 16:13:40,1783786420,R_75,55245.9209,-1,1.1130000000048312,BACKFILL_AUTO
2026-07-11 16:13:42,1783786422,R_75,55252.4213,1,6.500400000004447,BACKFILL_AUTO
2026-07-11 16:13:44,1783786424,R_75,55257.4549,1,5.033599999995204,BACKFILL_AUTO
2026-07-11 16:13:46,1783786426,R_75,55258.0193,1,0.5644000000029337,BACKFILL_AUTO
2026-07-11 16:13:48,1783786428,R_75,55237.363,-1,20.656300000002375,BACKFILL_AUTO
2026-07-11 16:13:50,1783786430,R_75,55218.6151,-1,18.747899999994843,BACKFILL_AUTO
2026-07-11 16:13:52,1783786432,R_75,55211.4924,-1,7.122699999999895,BACKFILL_AUTO
2026-07-11 16:13:54,1783786434,R_75,55203.6201,-1,7.872300000002724,BACKFILL_AUTO
2026-07-11 16:13:56,1783786436,R_75,55198.5783,-1,5.041799999999057,BACKFILL_AUTO
2026-07-11 16:13:58,1783786438,R_75,55193.6891,-1,4.8891999999978,BACKFILL_AUTO
2026-07-11 16:14:00,1783786440,R_75,55185.0622,-1,8.626900000002934,BACKFILL_AUTO
2026-07-11 16:14:02,1783786442,R_75,55173.9767,-1,11.085500000001048,BACKFILL_AUTO
2026-07-11 16:14:04,1783786444,R_75,55196.5478,1,22.571100000001024,BACKFILL_AUTO
2026-07-11 16:14:06,1783786446,R_75,55185.2681,-1,11.279699999999139,BACKFILL_AUTO
2026-07-11 16:14:08,1783786448,R_75,55195.1303,1,9.862199999995937,BACKFILL_AUTO
2026-07-11 16:14:10,1783786450,R_75,55178.8104,-1,16.31989999999496,BACKFILL_AUTO
2026-07-11 16:14:12,1783786452,R_75,55194.1356,1,15.325199999999313,BACKFILL_AUTO
2026-07-11 16:14:14,1783786454,R_75,55183.2707,-1,10.864900000000489,BACKFILL_AUTO
2026-07-11 16:14:16,1783786456,R_75,55191.0592,1,7.7885000000023865,BACKFILL_AUTO
2026-07-11 16:14:18,1783786458,R_75,55183.8225,-1,7.236700000001292,BACKFILL_AUTO
2026-07-11 16:14:20,1783786460,R_75,55149.49,-1,34.332500000004075,BACKFILL_AUTO
2026-07-11 16:14:22,1783786462,R_75,55145.9633,-1,3.5266999999948894,BACKFILL_AUTO
2026-07-11 16:14:24,1783786464,R_75,55155.4584,1,9.495100000000093,BACKFILL_AUTO
2026-07-11 16:14:26,1783786466,R_75,55171.8305,1,16.372099999993225,BACKFILL_AUTO
2026-07-11 16:14:28,1783786468,R_75,55163.4802,-1,8.350299999998242,BACKFILL_AUTO
2026-07-11 16:14:30,1783786470,R_75,55171.7051,1,8.224900000001071,BACKFILL_AUTO
2026-07-11 16:14:32,1783786472,R_75,55184.3031,1,12.597999999998137,BACKFILL_AUTO
2026-07-11 16:14:34,1783786474,R_75,55195.5455,1,11.242400000002817,BACKFILL_AUTO
2026-07-11 16:14:36,1783786476,R_75,55197.3122,1,1.766700000000128,BACKFILL_AUTO
2026-07-11 16:14:38,1783786478,R_75,55198.4682,1,1.1560000000026776,BACKFILL_AUTO
2026-07-11 16:14:40,1783786480,R_75,55179.1041,-1,19.364100000006147,BACKFILL_AUTO
2026-07-11 16:14:42,1783786482,R_75,55177.7178,-1,1.3862999999983003,BACKFILL_AUTO
2026-07-11 16:14:44,1783786484,R_75,55175.8313,-1,1.8865000000005239,BACKFILL_AUTO
2026-07-11 16:14:46,1783786486,R_75,55179.7588,1,3.9275000000052387,BACKFILL_AUTO
2026-07-11 16:14:48,1783786488,R_75,55186.1322,1,6.373399999996764,BACKFILL_AUTO
2026-07-11 16:14:50,1783786490,R_75,55194.3178,1,8.185599999997066,BACKFILL_AUTO
2026-07-11 16:14:52,1783786492,R_75,55179.4298,-1,14.88799999999901,BACKFILL_AUTO
2026-07-11 16:14:54,1783786494,R_75,55179.1503,-1,0.279499999996915,BACKFILL_AUTO
2026-07-11 16:14:56,1783786496,R_75,55180.6794,1,1.5290999999997439,BACKFILL_AUTO
2026-07-11 16:14:58,1783786498,R_75,55175.2323,-1,5.44709999999759,BACKFILL_AUTO
2026-07-11 16:15:00,1783786500,R_75,55176.8906,1,1.6582999999955064,BACKFILL_AUTO
2026-07-11 16:15:02,1783786502,R_75,55182.5295,1,5.638899999998102,BACKFILL_AUTO
2026-07-11 16:15:04,1783786504,R_75,55182.2821,-1,0.2474000000001979,BACKFILL_AUTO
2026-07-11 16:15:06,1783786506,R_75,55190.2178,1,7.935700000001816,BACKFILL_AUTO
2026-07-11 16:15:08,1783786508,R_75,55206.3127,1,16.09490000000369,BACKFILL_AUTO
2026-07-11 16:15:10,1783786510,R_75,55196.4844,-1,9.828300000001036,BACKFILL_AUTO
2026-07-11 16:15:12,1783786512,R_75,55183.1844,-1,13.30000000000291,BACKFILL_AUTO
2026-07-11 16:15:14,1783786514,R_75,55188.5783,1,5.393900000002759,BACKFILL_AUTO
2026-07-11 16:15:16,1783786516,R_75,55187.5488,-1,1.029500000004191,BACKFILL_AUTO
2026-07-11 16:15:18,1783786518,R_75,55178.8575,-1,8.691299999998591,BACKFILL_AUTO
2026-07-11 16:15:20,1783786520,R_75,55172.3739,-1,6.483599999999569,BACKFILL_AUTO
2026-07-11 16:15:22,1783786522,R_75,55166.573,-1,5.800900000002002,BACKFILL_AUTO
2026-07-11 16:15:24,1783786524,R_75,55162.7322,-1,3.8407999999981257,BACKFILL_AUTO
2026-07-11 16:15:26,1783786526,R_75,55160.3741,-1,2.3580999999976484,BACKFILL_AUTO
2026-07-11 16:15:28,1783786528,R_75,55159.7951,-1,0.5789999999979045,BACKFILL_AUTO
2026-07-11 16:15:30,1783786530,R_75,55172.2943,1,12.499199999998382,BACKFILL_AUTO
2026-07-11 16:15:32,1783786532,R_75,55170.4428,-1,1.8515000000043074,BACKFILL_AUTO
2026-07-11 16:15:34,1783786534,R_75,55177.2738,1,6.831000000005588,BACKFILL_AUTO
2026-07-11 16:15:36,1783786536,R_75,55168.8279,-1,8.445900000006077,BACKFILL_AUTO
2026-07-11 16:15:38,1783786538,R_75,55153.5436,-1,15.284299999999348,BACKFILL_AUTO
2026-07-11 16:15:40,1783786540,R_75,55146.8579,-1,6.68569999999454,BACKFILL_AUTO
2026-07-11 16:15:42,1783786542,R_75,55135.2563,-1,11.601600000001781,BACKFILL_AUTO
2026-07-11 16:15:44,1783786544,R_75,55129.6051,-1,5.6512000000002445,BACKFILL_AUTO
2026-07-11 16:15:46,1783786546,R_75,55104.6086,-1,24.996500000001106,BACKFILL_AUTO
2026-07-11 16:15:48,1783786548,R_75,55089.5687,-1,15.039899999996123,BACKFILL_AUTO
2026-07-11 16:15:50,1783786550,R_75,55082.4281,-1,7.1406000000060885,BACKFILL_AUTO
2026-07-11 16:15:52,1783786552,R_75,55094.4773,1,12.049200000001292,BACKFILL_AUTO
2026-07-11 16:15:54,1783786554,R_75,55087.1611,-1,7.316200000001118,BACKFILL_AUTO
2026-07-11 16:15:56,1783786556,R_75,55079.1371,-1,8.023999999997613,BACKFILL_AUTO
2026-07-11 16:15:58,1783786558,R_75,55092.9089,1,13.771800000002258,BACKFILL_AUTO
2026-07-11 16:16:00,1783786560,R_75,55095.5866,1,2.6777000000001863,BACKFILL_AUTO
2026-07-11 16:16:02,1783786562,R_75,55108.7151,1,13.128499999998894,BACKFILL_AUTO
2026-07-11 16:16:04,1783786564,R_75,55094.7401,-1,13.974999999998545,BACKFILL_AUTO
2026-07-11 16:16:06,1783786566,R_75,55106.3726,1,11.632499999999709,BACKFILL_AUTO
2026-07-11 16:16:08,1783786568,R_75,55127.4861,1,21.113499999999476,BACKFILL_AUTO
2026-07-11 16:16:10,1783786570,R_75,55129.6578,1,2.171699999998964,BACKFILL_AUTO
2026-07-11 16:16:12,1783786572,R_75,55123.2811,-1,6.37670000000071,BACKFILL_AUTO
2026-07-11 16:16:14,1783786574,R_75,55121.0365,-1,2.2445999999981723,BACKFILL_AUTO
2026-07-11 16:16:16,1783786576,R_75,55125.9235,1,4.886999999995169,BACKFILL_AUTO
2026-07-11 16:16:18,1783786578,R_75,55138.3194,1,12.395900000003166,BACKFILL_AUTO
2026-07-11 16:16:20,1783786580,R_75,55139.8086,1,1.4891999999963446,BACKFILL_AUTO
2026-07-11 16:16:22,1783786582,R_75,55134.4169,-1,5.391700000000128,BACKFILL_AUTO
2026-07-11 16:16:24,1783786584,R_75,55143.8671,1,9.450200000006589,BACKFILL_AUTO
2026-07-11 16:16:26,1783786586,R_75,55154.0253,1,10.158199999998033,BACKFILL_AUTO
2026-07-11 16:16:28,1783786588,R_75,55177.0113,1,22.985999999997148,BACKFILL_AUTO
2026-07-11 16:16:30,1783786590,R_75,55159.5089,-1,17.50239999999758,BACKFILL_AUTO
2026-07-11 16:16:32,1783786592,R_75,55163.6671,1,4.158199999998033,BACKFILL_AUTO
2026-07-11 16:16:34,1783786594,R_75,55165.4151,1,1.7479999999995925,BACKFILL_AUTO
2026-07-11 16:16:36,1783786596,R_75,55150.6957,-1,14.71940000000177,BACKFILL_AUTO
2026-07-11 16:16:38,1783786598,R_75,55142.1624,-1,8.533299999995506,BACKFILL_AUTO
2026-07-11 16:16:40,1783786600,R_75,55151.2864,1,9.123999999996158,BACKFILL_AUTO
2026-07-11 16:16:42,1783786602,R_75,55160.7209,1,9.434500000003027,BACKFILL_AUTO
2026-07-11 16:16:44,1783786604,R_75,55173.6086,1,12.887699999999313,BACKFILL_AUTO
2026-07-11 16:16:46,1783786606,R_75,55176.0003,1,2.391700000000128,BACKFILL_AUTO
2026-07-11 16:16:48,1783786608,R_75,55168.5462,-1,7.454100000002654,BACKFILL_AUTO
2026-07-11 16:16:50,1783786610,R_75,55175.9377,1,7.3915000000051805,BACKFILL_AUTO
2026-07-11 16:16:52,1783786612,R_75,55190.0711,1,14.133399999998801,BACKFILL_AUTO
2026-07-11 16:16:54,1783786614,R_75,55188.9637,-1,1.10740000000078,BACKFILL_AUTO
2026-07-11 16:16:56,1783786616,R_75,55200.9118,1,11.948100000001432,BACKFILL_AUTO
2026-07-11 16:16:58,1783786618,R_75,55192.0559,-1,8.855900000002293,BACKFILL_AUTO
2026-07-11 16:17:00,1783786620,R_75,55180.7706,-1,11.285299999995914,BACKFILL_AUTO
2026-07-11 16:17:02,1783786622,R_75,55173.756,-1,7.014600000002247,BACKFILL_AUTO
2026-07-11 16:17:04,1783786624,R_75,55173.6489,-1,0.10710000000108266,BACKFILL_AUTO
2026-07-11 16:17:06,1783786626,R_75,55161.645,-1,12.003900000003341,BACKFILL_AUTO
2026-07-11 16:17:08,1783786628,R_75,55168.7751,1,7.13010000000213,BACKFILL_AUTO
2026-07-11 16:17:10,1783786630,R_75,55175.0355,1,6.260399999999208,BACKFILL_AUTO
2026-07-11 16:17:12,1783786632,R_75,55181.8811,1,6.845600000000559,BACKFILL_AUTO
2026-07-11 16:17:14,1783786634,R_75,55191.8589,1,9.97780000000057,BACKFILL_AUTO
2026-07-11 16:17:16,1783786636,R_75,55189.1704,-1,2.6884999999965657,BACKFILL_AUTO
2026-07-11 16:17:18,1783786638,R_75,55172.7142,-1,16.456200000000536,BACKFILL_AUTO
2026-07-11 16:17:20,1783786640,R_75,55172.4531,-1,0.26110000000335276,BACKFILL_AUTO
2026-07-11 16:17:22,1783786642,R_75,55175.0228,1,2.5697000000000116,BACKFILL_AUTO
2026-07-11 16:17:24,1783786644,R_75,55167.7893,-1,7.2335000000020955,BACKFILL_AUTO
2026-07-11 16:17:26,1783786646,R_75,55168.9146,1,1.1252999999996973,BACKFILL_AUTO
2026-07-11 16:17:28,1783786648,R_75,55154.9145,-1,14.000099999997474,BACKFILL_AUTO
2026-07-11 16:17:30,1783786650,R_75,55155.9676,1,1.0531000000046333,BACKFILL_AUTO
2026-07-11 16:17:32,1783786652,R_75,55149.5207,-1,6.446900000002643,BACKFILL_AUTO
2026-07-11 16:17:34,1783786654,R_75,55138.5905,-1,10.930200000002515,BACKFILL_AUTO
2026-07-11 16:17:36,1783786656,R_75,55147.2401,1,8.649600000004284,BACKFILL_AUTO
2026-07-11 16:17:38,1783786658,R_75,55151.0851,1,3.844999999993888,BACKFILL_AUTO
2026-07-11 16:17:40,1783786660,R_75,55162.8287,1,11.743600000001607,BACKFILL_AUTO
2026-07-11 16:17:42,1783786662,R_75,55146.7645,-1,16.06420000000071,BACKFILL_AUTO
2026-07-11 16:17:44,1783786664,R_75,55151.3267,1,4.562200000000303,BACKFILL_AUTO
2026-07-11 16:17:46,1783786666,R_75,55138.5837,-1,12.742999999994936,BACKFILL_AUTO
2026-07-11 16:17:48,1783786668,R_75,55154.0613,1,15.477599999998347,BACKFILL_AUTO
2026-07-11 16:17:50,1783786670,R_75,55153.4073,-1,0.6540000000022701,BACKFILL_AUTO
2026-07-11 16:17:52,1783786672,R_75,55167.8334,1,14.426100000004226,BACKFILL_AUTO
2026-07-11 16:17:54,1783786674,R_75,55148.9435,-1,18.889900000001944,BACKFILL_AUTO
2026-07-11 16:17:56,1783786676,R_75,55159.9275,1,10.98399999999674,BACKFILL_AUTO
2026-07-11 16:17:58,1783786678,R_75,55170.0648,1,10.137300000002142,BACKFILL_AUTO
2026-07-11 16:18:00,1783786680,R_75,55169.0277,-1,1.0371000000013737,BACKFILL_AUTO
2026-07-11 16:18:02,1783786682,R_75,55166.9145,-1,2.113199999999779,BACKFILL_AUTO
2026-07-11 16:18:04,1783786684,R_75,55149.2208,-1,17.69369999999617,BACKFILL_AUTO
2026-07-11 16:18:06,1783786686,R_75,55149.0079,-1,0.21290000000590226,BACKFILL_AUTO
2026-07-11 16:18:08,1783786688,R_75,55151.683,1,2.675100000000384,BACKFILL_AUTO
2026-07-11 16:18:10,1783786690,R_75,55141.9103,-1,9.772699999994074,BACKFILL_AUTO
2026-07-11 16:18:12,1783786692,R_75,55147.9261,1,6.01579999999376,BACKFILL_AUTO
2026-07-11 16:18:14,1783786694,R_75,55149.8789,1,1.9528000000063912,BACKFILL_AUTO
2026-07-11 16:18:16,1783786696,R_75,55123.535,-1,26.34389999999985,BACKFILL_AUTO
2026-07-11 16:18:18,1783786698,R_75,55145.9939,1,22.45889999999781,BACKFILL_AUTO
2026-07-11 16:18:20,1783786700,R_75,55155.4034,1,9.409500000001572,BACKFILL_AUTO
2026-07-11 16:18:22,1783786702,R_75,55153.9166,-1,1.486800000006042,BACKFILL_AUTO
2026-07-11 16:18:24,1783786704,R_75,55155.5254,1,1.6088000000017928,BACKFILL_AUTO
2026-07-11 16:18:26,1783786706,R_75,55160.0238,1,4.49840000000404,BACKFILL_AUTO
2026-07-11 16:18:28,1783786708,R_75,55143.4913,-1,16.532500000001164,BACKFILL_AUTO
2026-07-11 16:18:30,1783786710,R_75,55139.4478,-1,4.043499999999767,BACKFILL_AUTO
2026-07-11 16:18:32,1783786712,R_75,55136.5206,-1,2.9271999999982654,BACKFILL_AUTO
2026-07-11 16:18:34,1783786714,R_75,55106.3625,-1,30.15810000000056,BACKFILL_AUTO
2026-07-11 16:18:36,1783786716,R_75,55104.6352,-1,1.7273000000059255,BACKFILL_AUTO
2026-07-11 16:18:38,1783786718,R_75,55092.4559,-1,12.179299999996147,BACKFILL_AUTO
2026-07-11 16:18:40,1783786720,R_75,55098.3809,1,5.924999999995634,BACKFILL_AUTO
2026-07-11 16:18:42,1783786722,R_75,55091.8052,-1,6.575699999993958,BACKFILL_AUTO
2026-07-11 16:18:44,1783786724,R_75,55080.5475,-1,11.257700000001932,BACKFILL_AUTO
2026-07-11 16:18:46,1783786726,R_75,55080.3479,-1,0.1995999999999185,BACKFILL_AUTO
2026-07-11 16:18:48,1783786728,R_75,55070.926,-1,9.421900000001187,BACKFILL_AUTO
2026-07-11 16:18:50,1783786730,R_75,55074.0323,1,3.1062999999994645,BACKFILL_AUTO
2026-07-11 16:18:52,1783786732,R_75,55061.7877,-1,12.244599999998172,BACKFILL_AUTO
2026-07-11 16:18:54,1783786734,R_75,55079.2515,1,17.46379999999772,BACKFILL_AUTO
2026-07-11 16:18:56,1783786736,R_75,55077.6553,-1,1.5961999999999534,BACKFILL_AUTO
2026-07-11 16:18:58,1783786738,R_75,55093.3528,1,15.697500000002037,BACKFILL_AUTO
2026-07-11 16:19:00,1783786740,R_75,55098.5637,1,5.210899999998219,BACKFILL_AUTO
2026-07-11 16:19:02,1783786742,R_75,55100.4762,1,1.9124999999985448,BACKFILL_AUTO
2026-07-11 16:19:04,1783786744,R_75,55085.1167,-1,15.359499999998661,BACKFILL_AUTO
2026-07-11 16:19:06,1783786746,R_75,55098.2267,1,13.110000000000582,BACKFILL_AUTO
2026-07-11 16:19:08,1783786748,R_75,55093.7883,-1,4.438399999999092,BACKFILL_AUTO
2026-07-11 16:19:10,1783786750,R_75,55090.6269,-1,3.1613999999972293,BACKFILL_AUTO
2026-07-11 16:19:12,1783786752,R_75,55086.1027,-1,4.524199999999837,BACKFILL_AUTO
2026-07-11 16:19:14,1783786754,R_75,55074.4626,-1,11.640100000004168,BACKFILL_AUTO
2026-07-11 16:19:16,1783786756,R_75,55066.9962,-1,7.46639999999752,BACKFILL_AUTO
2026-07-11 16:19:18,1783786758,R_75,55063.844,-1,3.152200000004086,BACKFILL_AUTO
2026-07-11 16:19:20,1783786760,R_75,55051.6121,-1,12.23189999999886,BACKFILL_AUTO
2026-07-11 16:19:22,1783786762,R_75,55044.3806,-1,7.231500000001688,BACKFILL_AUTO
2026-07-11 16:19:24,1783786764,R_75,55033.3436,-1,11.036999999996624,BACKFILL_AUTO
2026-07-11 16:19:26,1783786766,R_75,55026.3178,-1,7.025800000003073,BACKFILL_AUTO
2026-07-11 16:19:28,1783786768,R_75,55022.7205,-1,3.597299999993993,BACKFILL_AUTO
2026-07-11 16:19:30,1783786770,R_75,55041.5676,1,18.847099999999045,BACKFILL_AUTO
2026-07-11 16:19:32,1783786772,R_75,55041.4096,-1,0.158000000003085,BACKFILL_AUTO
2026-07-11 16:19:34,1783786774,R_75,55044.955,1,3.545400000002701,BACKFILL_AUTO
2026-07-11 16:19:36,1783786776,R_75,55064.1322,1,19.177199999998265,BACKFILL_AUTO
2026-07-11 16:19:38,1783786778,R_75,55072.1048,1,7.972600000000966,BACKFILL_AUTO
2026-07-11 16:19:40,1783786780,R_75,55055.0235,-1,17.08129999999801,BACKFILL_AUTO
2026-07-11 16:19:42,1783786782,R_75,55060.8336,1,5.8100999999951455,BACKFILL_AUTO
2026-07-11 16:19:44,1783786784,R_75,55067.1697,1,6.336100000000442,BACKFILL_AUTO
2026-07-11 16:19:46,1783786786,R_75,55072.595,1,5.425300000002608,BACKFILL_AUTO
2026-07-11 16:19:48,1783786788,R_75,55075.4372,1,2.8421999999991385,BACKFILL_AUTO
2026-07-11 16:19:50,1783786790,R_75,55076.0504,1,0.6131999999997788,BACKFILL_AUTO
2026-07-11 16:19:52,1783786792,R_75,55068.4832,-1,7.567199999997683,BACKFILL_AUTO
2026-07-11 16:19:54,1783786794,R_75,55068.5717,1,0.08849999999802094,BACKFILL_AUTO
2026-07-11 16:19:56,1783786796,R_75,55055.6496,-1,12.922100000003411,BACKFILL_AUTO
2026-07-11 16:19:58,1783786798,R_75,55063.4387,1,7.789100000001781,BACKFILL_AUTO
2026-07-11 16:20:00,1783786800,R_75,55055.3993,-1,8.039400000001478,BACKFILL_AUTO
2026-07-11 16:20:02,1783786802,R_75,55072.0389,1,16.639600000002247,BACKFILL_AUTO
2026-07-11 16:20:04,1783786804,R_75,55061.1505,-1,10.888399999996182,BACKFILL_AUTO
2026-07-11 16:20:06,1783786806,R_75,55066.9341,1,5.783599999995204,BACKFILL_AUTO
2026-07-11 16:20:08,1783786808,R_75,55074.7097,1,7.77560000000085,BACKFILL_AUTO
2026-07-11 16:20:10,1783786810,R_75,55074.9604,1,0.2507000000041444,BACKFILL_AUTO
2026-07-11 16:20:12,1783786812,R_75,55079.218,1,4.257599999997183,BACKFILL_AUTO
2026-07-11 16:20:14,1783786814,R_75,55083.1419,1,3.923900000001595,BACKFILL_AUTO
2026-07-11 16:20:16,1783786816,R_75,55104.0339,1,20.891999999999825,BACKFILL_AUTO
2026-07-11 16:20:18,1783786818,R_75,55100.1393,-1,3.8945999999996275,BACKFILL_AUTO
2026-07-11 16:20:20,1783786820,R_75,55096.4973,-1,3.6419999999998254,BACKFILL_AUTO
2026-07-11 16:20:22,1783786822,R_75,55090.2197,-1,6.277600000001257,BACKFILL_AUTO
2026-07-11 16:20:24,1783786824,R_75,55080.6199,-1,9.599800000003597,BACKFILL_AUTO
2026-07-11 16:20:26,1783786826,R_75,55075.8577,-1,4.762199999997392,BACKFILL_AUTO
2026-07-11 16:20:28,1783786828,R_75,55083.8305,1,7.972799999995914,BACKFILL_AUTO
2026-07-11 16:20:30,1783786830,R_75,55095.1119,1,11.281400000007125,BACKFILL_AUTO
2026-07-11 16:20:32,1783786832,R_75,55104.2905,1,9.178599999999278,BACKFILL_AUTO
2026-07-11 16:20:34,1783786834,R_75,55106.6735,1,2.382999999994354,BACKFILL_AUTO
2026-07-11 16:20:36,1783786836,R_75,55101.834,-1,4.839499999994587,BACKFILL_AUTO
2026-07-11 16:20:38,1783786838,R_75,55108.5742,1,6.740200000000186,BACKFILL_AUTO
2026-07-11 16:20:40,1783786840,R_75,55104.6336,-1,3.940600000001723,BACKFILL_AUTO
2026-07-11 16:20:42,1783786842,R_75,55093.1855,-1,11.448100000001432,BACKFILL_AUTO
2026-07-11 16:20:44,1783786844,R_75,55093.9292,1,0.7436999999990803,BACKFILL_AUTO
2026-07-11 16:20:46,1783786846,R_75,55102.8711,1,8.941899999997986,BACKFILL_AUTO
2026-07-11 16:20:48,1783786848,R_75,55095.8919,-1,6.979199999994307,BACKFILL_AUTO
2026-07-11 16:20:50,1783786850,R_75,55112.3757,1,16.483799999994517,BACKFILL_AUTO
2026-07-11 16:20:52,1783786852,R_75,55093.6283,-1,18.747400000000198,BACKFILL_AUTO
2026-07-11 16:20:54,1783786854,R_75,55107.2261,1,13.59780000000319,BACKFILL_AUTO
2026-07-11 16:20:56,1783786856,R_75,55106.2672,-1,0.9588999999978114,BACKFILL_AUTO
2026-07-11 16:20:58,1783786858,R_75,55101.7902,-1,4.476999999998952,BACKFILL_AUTO
2026-07-11 16:21:00,1783786860,R_75,55103.7157,1,1.9254999999975553,BACKFILL_AUTO
2026-07-11 16:21:02,1783786862,R_75,55097.1374,-1,6.578300000001036,BACKFILL_AUTO
2026-07-11 16:21:04,1783786864,R_75,55098.9892,1,1.8518000000040047,BACKFILL_AUTO
2026-07-11 16:21:06,1783786866,R_75,55088.7422,-1,10.247000000003027,BACKFILL_AUTO
2026-07-11 16:21:08,1783786868,R_75,55061.5189,-1,27.223299999997835,BACKFILL_AUTO
2026-07-11 16:21:10,1783786870,R_75,55058.8559,-1,2.6630000000004657,BACKFILL_AUTO
2026-07-11 16:21:12,1783786872,R_75,55068.0348,1,9.178899999998976,BACKFILL_AUTO
2026-07-11 16:21:14,1783786874,R_75,55061.8548,-1,6.180000000000291,BACKFILL_AUTO
2026-07-11 16:21:16,1783786876,R_75,55047.0483,-1,14.806499999998778,BACKFILL_AUTO
2026-07-11 16:21:18,1783786878,R_75,55048.4219,1,1.3735999999989872,BACKFILL_AUTO
2026-07-11 16:21:20,1783786880,R_75,55041.7393,-1,6.682600000000093,BACKFILL_AUTO
2026-07-11 16:21:22,1783786882,R_75,55066.8861,1,25.14680000000226,BACKFILL_AUTO
2026-07-11 16:21:24,1783786884,R_75,55061.5534,-1,5.332700000006298,BACKFILL_AUTO
2026-07-11 16:21:26,1783786886,R_75,55070.4464,1,8.893000000003667,BACKFILL_AUTO
2026-07-11 16:21:28,1783786888,R_75,55070.9681,1,0.5216999999975087,BACKFILL_AUTO
2026-07-11 16:21:30,1783786890,R_75,55080.1153,1,9.14719999999943,BACKFILL_AUTO
2026-07-11 16:21:32,1783786892,R_75,55087.733,1,7.617700000002515,BACKFILL_AUTO
2026-07-11 16:21:34,1783786894,R_75,55084.2977,-1,3.435299999997369,BACKFILL_AUTO
2026-07-11 16:21:36,1783786896,R_75,55089.0627,1,4.764999999999418,BACKFILL_AUTO
2026-07-11 16:21:38,1783786898,R_75,55105.9318,1,16.86909999999625,BACKFILL_AUTO
2026-07-11 16:21:40,1783786900,R_75,55110.9076,1,4.975800000000163,BACKFILL_AUTO
2026-07-11 16:21:42,1783786902,R_75,55105.781,-1,5.12659999999596,BACKFILL_AUTO
2026-07-11 16:21:44,1783786904,R_75,55116.1524,1,10.371399999996356,BACKFILL_AUTO
2026-07-11 16:21:46,1783786906,R_75,55108.9648,-1,7.187599999997474,BACKFILL_AUTO
2026-07-11 16:21:48,1783786908,R_75,55116.9457,1,7.980899999995017,BACKFILL_AUTO
2026-07-11 16:21:50,1783786910,R_75,55114.0809,-1,2.864799999995739,BACKFILL_AUTO
2026-07-11 16:21:52,1783786912,R_75,55106.0104,-1,8.07050000000163,BACKFILL_AUTO
2026-07-11 16:21:54,1783786914,R_75,55110.843,1,4.832600000001548,BACKFILL_AUTO
2026-07-11 16:21:56,1783786916,R_75,55115.5261,1,4.683100000002014,BACKFILL_AUTO
2026-07-11 16:21:58,1783786918,R_75,55102.3558,-1,13.170300000005227,BACKFILL_AUTO
2026-07-11 16:22:00,1783786920,R_75,55074.1716,-1,28.184199999996054,BACKFILL_AUTO
2026-07-11 16:22:02,1783786922,R_75,55097.8119,1,23.640299999999115,BACKFILL_AUTO
2026-07-11 16:22:04,1783786924,R_75,55095.7205,-1,2.0913999999975204,BACKFILL_AUTO
2026-07-11 16:22:06,1783786926,R_75,55090.7851,-1,4.935400000002119,BACKFILL_AUTO
2026-07-11 16:22:08,1783786928,R_75,55097.3231,1,6.538000000000466,BACKFILL_AUTO
2026-07-11 16:22:10,1783786930,R_75,55086.4213,-1,10.90179999999964,BACKFILL_AUTO
2026-07-11 16:22:12,1783786932,R_75,55091.7678,1,5.346499999999651,BACKFILL_AUTO
2026-07-11 16:22:14,1783786934,R_75,55107.6831,1,15.91530000000057,BACKFILL_AUTO
2026-07-11 16:22:16,1783786936,R_75,55119.3125,1,11.629399999997986,BACKFILL_AUTO
2026-07-11 16:22:18,1783786938,R_75,55113.7567,-1,5.555800000001909,BACKFILL_AUTO
2026-07-11 16:22:20,1783786940,R_75,55104.7372,-1,9.019499999994878,BACKFILL_AUTO
2026-07-11 16:22:22,1783786942,R_75,55107.4539,1,2.7166999999972177,BACKFILL_AUTO
2026-07-11 16:22:24,1783786944,R_75,55107.1506,-1,0.3032999999995809,BACKFILL_AUTO
2026-07-11 16:22:26,1783786946,R_75,55115.3389,1,8.188300000001618,BACKFILL_AUTO
2026-07-11 16:22:28,1783786948,R_75,55113.6524,-1,1.6865000000034343,BACKFILL_AUTO
2026-07-11 16:22:30,1783786950,R_75,55103.3167,-1,10.335699999995995,BACKFILL_AUTO
2026-07-11 16:22:32,1783786952,R_75,55086.1442,-1,17.172500000000582,BACKFILL_AUTO
2026-07-11 16:22:34,1783786954,R_75,55077.6121,-1,8.532100000003993,BACKFILL_AUTO
2026-07-11 16:22:36,1783786956,R_75,55054.0317,-1,23.580399999998917,BACKFILL_AUTO
2026-07-11 16:22:38,1783786958,R_75,55048.03,-1,6.00170000000071,BACKFILL_AUTO
2026-07-11 16:22:40,1783786960,R_75,55058.4307,1,10.400699999998324,BACKFILL_AUTO
2026-07-11 16:22:42,1783786962,R_75,55054.0201,-1,4.410599999995611,BACKFILL_AUTO
2026-07-11 16:22:44,1783786964,R_75,55053.0306,-1,0.9895000000033178,BACKFILL_AUTO
2026-07-11 16:22:46,1783786966,R_75,55069.0063,1,15.97570000000269,BACKFILL_AUTO
2026-07-11 16:22:48,1783786968,R_75,55077.283,1,8.276700000002165,BACKFILL_AUTO
2026-07-11 16:22:50,1783786970,R_75,55072.4955,-1,4.787500000005821,BACKFILL_AUTO
2026-07-11 16:22:52,1783786972,R_75,55059.2277,-1,13.267799999994168,BACKFILL_AUTO
2026-07-11 16:22:54,1783786974,R_75,55059.0026,-1,0.22510000000329455,BACKFILL_AUTO
2026-07-11 16:22:56,1783786976,R_75,55060.2184,1,1.2157999999981257,BACKFILL_AUTO
2026-07-11 16:22:58,1783786978,R_75,55061.1071,1,0.8887000000031549,BACKFILL_AUTO
2026-07-11 16:23:00,1783786980,R_75,55050.8138,-1,10.293299999997544,BACKFILL_AUTO
2026-07-11 16:23:02,1783786982,R_75,55054.4185,1,3.604699999996228,BACKFILL_AUTO
2026-07-11 16:23:04,1783786984,R_75,55044.4356,-1,9.9829000000027,BACKFILL_AUTO
2026-07-11 16:23:06,1783786986,R_75,55051.1721,1,6.736500000006345,BACKFILL_AUTO
2026-07-11 16:23:08,1783786988,R_75,55079.0224,1,27.850299999998242,BACKFILL_AUTO
2026-07-11 16:23:10,1783786990,R_75,55071.3338,-1,7.6886000000013155,BACKFILL_AUTO
2026-07-11 16:23:12,1783786992,R_75,55059.1958,-1,12.13799999999901,BACKFILL_AUTO
2026-07-11 16:23:14,1783786994,R_75,55059.698,1,0.502199999995355,BACKFILL_AUTO
2026-07-11 16:23:16,1783786996,R_75,55046.9794,-1,12.718600000000151,BACKFILL_AUTO
2026-07-11 16:23:18,1783786998,R_75,55056.6017,1,9.622300000002724,BACKFILL_AUTO
2026-07-11 16:23:20,1783787000,R_75,55058.0206,1,1.4189000000042142,BACKFILL_AUTO
2026-07-11 16:23:22,1783787002,R_75,55058.8435,1,0.8228999999992084,BACKFILL_AUTO
2026-07-11 16:23:24,1783787004,R_75,55066.5423,1,7.6987999999983,BACKFILL_AUTO
2026-07-11 16:23:26,1783787006,R_75,55060.6962,-1,5.84610000000248,BACKFILL_AUTO
2026-07-11 16:23:28,1783787008,R_75,55056.8024,-1,3.8937999999980093,BACKFILL_AUTO
2026-07-11 16:23:30,1783787010,R_75,55045.1386,-1,11.663800000002084,BACKFILL_AUTO
2026-07-11 16:23:32,1783787012,R_75,55053.1298,1,7.991200000004028,BACKFILL_AUTO
2026-07-11 16:23:34,1783787014,R_75,55055.3758,1,2.245999999999185,BACKFILL_AUTO
2026-07-11 16:23:36,1783787016,R_75,55065.3065,1,9.93069999999716,BACKFILL_AUTO
2026-07-11 16:23:38,1783787018,R_75,55066.0839,1,0.7773999999990338,BACKFILL_AUTO
2026-07-11 16:23:40,1783787020,R_75,55062.0782,-1,4.005699999994249,BACKFILL_AUTO
2026-07-11 16:23:42,1783787022,R_75,55069.6676,1,7.589399999997113,BACKFILL_AUTO
2026-07-11 16:23:44,1783787024,R_75,55075.6788,1,6.0112000000008265,BACKFILL_AUTO
2026-07-11 16:23:46,1783787026,R_75,55066.1078,-1,9.57100000000355,BACKFILL_AUTO
2026-07-11 16:23:48,1783787028,R_75,55070.3552,1,4.247400000000198,BACKFILL_AUTO
2026-07-11 16:23:50,1783787030,R_75,55067.9042,-1,2.4510000000009313,BACKFILL_AUTO
2026-07-11 16:23:52,1783787032,R_75,55059.3952,-1,8.508999999998196,BACKFILL_AUTO
2026-07-11 16:23:54,1783787034,R_75,55068.1725,1,8.77730000000156,BACKFILL_AUTO
2026-07-11 16:23:56,1783787036,R_75,55071.3991,1,3.226600000001781,BACKFILL_AUTO
2026-07-11 16:23:58,1783787038,R_75,55048.4951,-1,22.90400000000227,BACKFILL_AUTO
2026-07-11 16:24:00,1783787040,R_75,55056.1684,1,7.6733000000022,BACKFILL_AUTO
2026-07-11 16:24:02,1783787042,R_75,55062.9557,1,6.787299999996321,BACKFILL_AUTO
2026-07-11 16:24:04,1783787044,R_75,55068.088,1,5.132300000004761,BACKFILL_AUTO
2026-07-11 16:24:06,1783787046,R_75,55078.3892,1,10.301199999994424,BACKFILL_AUTO
2026-07-11 16:24:08,1783787048,R_75,55079.471,1,1.0817999999999302,BACKFILL_AUTO
2026-07-11 16:24:10,1783787050,R_75,55071.9555,-1,7.515500000001339,BACKFILL_AUTO
2026-07-11 16:24:12,1783787052,R_75,55070.6548,-1,1.3006999999997788,BACKFILL_AUTO
2026-07-11 16:24:14,1783787054,R_75,55070.921,1,0.26620000000548316,BACKFILL_AUTO
2026-07-11 16:24:16,1783787056,R_75,55077.7703,1,6.8492999999944,BACKFILL_AUTO
2026-07-11 16:24:18,1783787058,R_75,55082.0848,1,4.3145000000004075,BACKFILL_AUTO
2026-07-11 16:24:20,1783787060,R_75,55082.8574,1,0.7726000000038766,BACKFILL_AUTO
2026-07-11 16:24:22,1783787062,R_75,55087.4233,1,4.56590000000142,BACKFILL_AUTO
2026-07-11 16:24:24,1783787064,R_75,55102.4704,1,15.047099999996135,BACKFILL_AUTO
2026-07-11 16:24:26,1783787066,R_75,55109.4402,1,6.969799999998941,BACKFILL_AUTO
2026-07-11 16:24:28,1783787068,R_75,55108.8156,-1,0.6245999999955529,BACKFILL_AUTO
2026-07-11 16:24:30,1783787070,R_75,55099.1959,-1,9.619700000002922,BACKFILL_AUTO
2026-07-11 16:24:32,1783787072,R_75,55088.0771,-1,11.118799999996554,BACKFILL_AUTO
2026-07-11 16:24:34,1783787074,R_75,55089.986,1,1.908899999994901,BACKFILL_AUTO
2026-07-11 16:24:36,1783787076,R_75,55086.087,-1,3.8989999999976135,BACKFILL_AUTO
2026-07-11 16:24:38,1783787078,R_75,55061.1248,-1,24.962200000001758,BACKFILL_AUTO
2026-07-11 16:24:40,1783787080,R_75,55066.4698,1,5.345000000001164,BACKFILL_AUTO
2026-07-11 16:24:42,1783787082,R_75,55050.5861,-1,15.883699999998498,BACKFILL_AUTO
2026-07-11 16:24:44,1783787084,R_75,55036.2201,-1,14.366000000001804,BACKFILL_AUTO
2026-07-11 16:24:46,1783787086,R_75,55052.6703,1,16.450199999999313,BACKFILL_AUTO
2026-07-11 16:24:48,1783787088,R_75,55059.3291,1,6.658800000004703,BACKFILL_AUTO
2026-07-11 16:24:50,1783787090,R_75,55052.0861,-1,7.243000000002212,BACKFILL_AUTO
2026-07-11 16:24:52,1783787092,R_75,55043.5581,-1,8.527999999998428,BACKFILL_AUTO
2026-07-11 16:24:54,1783787094,R_75,55047.1609,1,3.6028000000005704,BACKFILL_AUTO
2026-07-11 16:24:56,1783787096,R_75,55037.2937,-1,9.867200000000594,BACKFILL_AUTO
2026-07-11 16:24:58,1783787098,R_75,55043.9973,1,6.703600000000733,BACKFILL_AUTO
2026-07-11 16:25:00,1783787100,R_75,55021.6982,-1,22.29910000000382,BACKFILL_AUTO
2026-07-11 16:25:02,1783787102,R_75,55032.2699,1,10.571700000000419,BACKFILL_AUTO
2026-07-11 16:25:04,1783787104,R_75,55029.3852,-1,2.88470000000234,BACKFILL_AUTO
2026-07-11 16:25:06,1783787106,R_75,55043.2999,1,13.914700000001176,BACKFILL_AUTO
2026-07-11 16:25:08,1783787108,R_75,55040.7369,-1,2.562999999994645,BACKFILL_AUTO
2026-07-11 16:25:10,1783787110,R_75,55017.4156,-1,23.321300000003248,BACKFILL_AUTO
2026-07-11 16:25:12,1783787112,R_75,55016.3212,-1,1.0944000000017695,BACKFILL_AUTO
2026-07-11 16:25:14,1783787114,R_75,55008.1474,-1,8.173799999996845,BACKFILL_AUTO
2026-07-11 16:25:16,1783787116,R_75,55014.2828,1,6.135399999999208,BACKFILL_AUTO
2026-07-11 16:25:18,1783787118,R_75,55008.5299,-1,5.752899999999499,BACKFILL_AUTO
2026-07-11 16:25:20,1783787120,R_75,55004.3974,-1,4.132499999999709,BACKFILL_AUTO
2026-07-11 16:25:22,1783787122,R_75,55007.4709,1,3.073499999998603,BACKFILL_AUTO
2026-07-11 16:25:24,1783787124,R_75,54995.0988,-1,12.3721000000005,BACKFILL_AUTO
2026-07-11 16:25:26,1783787126,R_75,54979.3951,-1,15.703699999998207,BACKFILL_AUTO
2026-07-11 16:25:28,1783787128,R_75,54968.2082,-1,11.186900000000605,BACKFILL_AUTO
2026-07-11 16:25:30,1783787130,R_75,54965.8687,-1,2.3395000000018626,BACKFILL_AUTO
2026-07-11 16:25:32,1783787132,R_75,54975.1001,1,9.231400000004214,BACKFILL_AUTO
2026-07-11 16:25:34,1783787134,R_75,54974.2906,-1,0.8095000000030268,BACKFILL_AUTO
2026-07-11 16:25:36,1783787136,R_75,54993.259,1,18.968399999997928,BACKFILL_AUTO
2026-07-11 16:25:38,1783787138,R_75,54987.6195,-1,5.639499999997497,BACKFILL_AUTO
2026-07-11 16:25:40,1783787140,R_75,55002.4911,1,14.87159999999858,BACKFILL_AUTO
2026-07-11 16:25:42,1783787142,R_75,54999.9737,-1,2.5173999999969965,BACKFILL_AUTO
2026-07-11 16:25:44,1783787144,R_75,55006.2456,1,6.271899999999732,BACKFILL_AUTO
2026-07-11 16:25:46,1783787146,R_75,55014.2034,1,7.957799999996496,BACKFILL_AUTO
2026-07-11 16:25:48,1783787148,R_75,55006.6917,-1,7.511699999995471,BACKFILL_AUTO
2026-07-11 16:25:50,1783787150,R_75,54991.7121,-1,14.97960000000603,BACKFILL_AUTO
2026-07-11 16:25:52,1783787152,R_75,54996.2333,1,4.521200000002864,BACKFILL_AUTO
2026-07-11 16:25:54,1783787154,R_75,54998.0097,1,1.776400000002468,BACKFILL_AUTO
2026-07-11 16:25:56,1783787156,R_75,54992.9649,-1,5.044800000003306,BACKFILL_AUTO
2026-07-11 16:25:58,1783787158,R_75,54973.8239,-1,19.140999999995984,BACKFILL_AUTO
2026-07-11 16:26:00,1783787160,R_75,54975.8111,1,1.987199999995937,BACKFILL_AUTO
2026-07-11 16:26:02,1783787162,R_75,54976.4893,1,0.6782000000021071,BACKFILL_AUTO
2026-07-11 16:26:04,1783787164,R_75,54972.8458,-1,3.643499999998312,BACKFILL_AUTO
2026-07-11 16:26:06,1783787166,R_75,54992.2783,1,19.432499999995343,BACKFILL_AUTO
2026-07-11 16:26:08,1783787168,R_75,54981.0202,-1,11.258099999999104,BACKFILL_AUTO
2026-07-11 16:26:10,1783787170,R_75,54982.8628,1,1.8426000000035856,BACKFILL_AUTO
2026-07-11 16:26:12,1783787172,R_75,54965.7132,-1,17.149600000004284,BACKFILL_AUTO
2026-07-11 16:26:14,1783787174,R_75,54955.1957,-1,10.517500000001746,BACKFILL_AUTO
2026-07-11 16:26:16,1783787176,R_75,54974.9693,1,19.773600000000442,BACKFILL_AUTO
2026-07-11 16:26:18,1783787178,R_75,54990.632,1,15.662700000000768,BACKFILL_AUTO
2026-07-11 16:26:20,1783787180,R_75,55000.666,1,10.03399999999965,BACKFILL_AUTO
2026-07-11 16:26:22,1783787182,R_75,55005.3044,1,4.6384000000034575,BACKFILL_AUTO
2026-07-11 16:26:24,1783787184,R_75,54992.9823,-1,12.32209999999759,BACKFILL_AUTO
2026-07-11 16:26:26,1783787186,R_75,55008.8877,1,15.905399999996007,BACKFILL_AUTO
2026-07-11 16:26:28,1783787188,R_75,55014.9023,1,6.014600000002247,BACKFILL_AUTO
2026-07-11 16:26:30,1783787190,R_75,55012.805,-1,2.097300000001269,BACKFILL_AUTO
2026-07-11 16:26:32,1783787192,R_75,55004.2507,-1,8.554300000003423,BACKFILL_AUTO
2026-07-11 16:26:34,1783787194,R_75,54998.4103,-1,5.840399999993679,BACKFILL_AUTO
2026-07-11 16:26:36,1783787196,R_75,55014.9014,1,16.49109999999928,BACKFILL_AUTO
2026-07-11 16:26:38,1783787198,R_75,55007.2279,-1,7.673500000004424,BACKFILL_AUTO
2026-07-11 16:26:40,1783787200,R_75,54997.185,-1,10.042900000000373,BACKFILL_AUTO
2026-07-11 16:26:42,1783787202,R_75,55006.0636,1,8.878600000003644,BACKFILL_AUTO
2026-07-11 16:26:44,1783787204,R_75,55001.8103,-1,4.2533000000039465,BACKFILL_AUTO
2026-07-11 16:26:46,1783787206,R_75,55014.3614,1,12.551100000004226,BACKFILL_AUTO
2026-07-11 16:26:48,1783787208,R_75,55014.4265,1,0.0650999999998021,BACKFILL_AUTO
2026-07-11 16:26:50,1783787210,R_75,55013.3753,-1,1.0512000000016997,BACKFILL_AUTO
2026-07-11 16:26:52,1783787212,R_75,54999.1731,-1,14.20219999999972,BACKFILL_AUTO
2026-07-11 16:26:54,1783787214,R_75,55011.4535,1,12.280400000003283,BACKFILL_AUTO
2026-07-11 16:26:56,1783787216,R_75,55004.1601,-1,7.293400000002293,BACKFILL_AUTO
2026-07-11 16:26:58,1783787218,R_75,54999.2006,-1,4.959500000004482,BACKFILL_AUTO
2026-07-11 16:27:00,1783787220,R_75,54982.1918,-1,17.008799999995972,BACKFILL_AUTO
2026-07-11 16:27:02,1783787222,R_75,54989.3745,1,7.182699999997567,BACKFILL_AUTO
2026-07-11 16:27:04,1783787224,R_75,54990.3383,1,0.9638000000049942,BACKFILL_AUTO
2026-07-11 16:27:06,1783787226,R_75,54987.9515,-1,2.386800000000221,BACKFILL_AUTO
2026-07-11 16:27:08,1783787228,R_75,54984.1729,-1,3.778600000005099,BACKFILL_AUTO
2026-07-11 16:27:10,1783787230,R_75,54975.1993,-1,8.973599999997532,BACKFILL_AUTO
2026-07-11 16:27:12,1783787232,R_75,54966.0652,-1,9.134100000002945,BACKFILL_AUTO
2026-07-11 16:27:14,1783787234,R_75,54957.277,-1,8.788199999995413,BACKFILL_AUTO
2026-07-11 16:27:16,1783787236,R_75,54958.8819,1,1.6048999999984517,BACKFILL_AUTO
2026-07-11 16:27:18,1783787238,R_75,54956.8054,-1,2.076500000002852,BACKFILL_AUTO
2026-07-11 16:27:20,1783787240,R_75,54955.2567,-1,1.5486999999993714,BACKFILL_AUTO
2026-07-11 16:27:22,1783787242,R_75,54942.8729,-1,12.383799999995972,BACKFILL_AUTO
2026-07-11 16:27:24,1783787244,R_75,54928.6531,-1,14.21979999999894,BACKFILL_AUTO
2026-07-11 16:27:26,1783787246,R_75,54923.1746,-1,5.478500000004715,BACKFILL_AUTO
2026-07-11 16:27:28,1783787248,R_75,54897.9479,-1,25.226699999999255,BACKFILL_AUTO
2026-07-11 16:27:30,1783787250,R_75,54904.7859,1,6.838000000003376,BACKFILL_AUTO
2026-07-11 16:27:32,1783787252,R_75,54908.8123,1,4.026399999995192,BACKFILL_AUTO
2026-07-11 16:27:34,1783787254,R_75,54878.0912,-1,30.721099999995204,BACKFILL_AUTO
2026-07-11 16:27:36,1783787256,R_75,54880.499,1,2.4078000000008615,BACKFILL_AUTO
2026-07-11 16:27:38,1783787258,R_75,54878.317,-1,2.1820000000006985,BACKFILL_AUTO
2026-07-11 16:27:40,1783787260,R_75,54878.6444,1,0.3273999999946682,BACKFILL_AUTO
2026-07-11 16:27:42,1783787262,R_75,54880.4104,1,1.7660000000032596,BACKFILL_AUTO
2026-07-11 16:27:44,1783787264,R_75,54908.3342,1,27.923799999996845,BACKFILL_AUTO
2026-07-11 16:27:46,1783787266,R_75,54908.8494,1,0.5152000000016415,BACKFILL_AUTO
2026-07-11 16:27:48,1783787268,R_75,54907.865,-1,0.9844000000011874,BACKFILL_AUTO
2026-07-11 16:27:50,1783787270,R_75,54896.1854,-1,11.679599999995844,BACKFILL_AUTO
2026-07-11 16:27:52,1783787272,R_75,54889.231,-1,6.954400000002352,BACKFILL_AUTO
2026-07-11 16:27:54,1783787274,R_75,54896.6144,1,7.383399999998801,BACKFILL_AUTO
2026-07-11 16:27:56,1783787276,R_75,54894.4783,-1,2.136099999996077,BACKFILL_AUTO
2026-07-11 16:27:58,1783787278,R_75,54895.2699,1,0.7915999999968335,BACKFILL_AUTO
2026-07-11 16:28:00,1783787280,R_75,54906.8421,1,11.57220000000234,BACKFILL_AUTO
2026-07-11 16:28:02,1783787282,R_75,54898.5143,-1,8.327799999999115,BACKFILL_AUTO
2026-07-11 16:28:04,1783787284,R_75,54885.3966,-1,13.117700000002515,BACKFILL_AUTO
2026-07-11 16:28:06,1783787286,R_75,54872.4316,-1,12.964999999996508,BACKFILL_AUTO
2026-07-11 16:28:08,1783787288,R_75,54888.4352,1,16.003599999996368,BACKFILL_AUTO
2026-07-11 16:28:10,1783787290,R_75,54879.3685,-1,9.066700000003038,BACKFILL_AUTO
2026-07-11 16:28:12,1783787292,R_75,54871.6443,-1,7.724199999996927,BACKFILL_AUTO
2026-07-11 16:28:14,1783787294,R_75,54861.2193,-1,10.42500000000291,BACKFILL_AUTO
2026-07-11 16:28:16,1783787296,R_75,54866.7343,1,5.514999999999418,BACKFILL_AUTO
2026-07-11 16:28:18,1783787298,R_75,54872.8255,1,6.091200000002573,BACKFILL_AUTO
2026-07-11 16:28:20,1783787300,R_75,54872.6383,-1,0.18720000000030268,BACKFILL_AUTO
2026-07-11 16:28:22,1783787302,R_75,54890.3167,1,17.67840000000433,BACKFILL_AUTO
2026-07-11 16:28:24,1783787304,R_75,54871.9749,-1,18.341800000001967,BACKFILL_AUTO
2026-07-11 16:28:26,1783787306,R_75,54877.388,1,5.4130999999979394,BACKFILL_AUTO
2026-07-11 16:28:28,1783787308,R_75,54880.3755,1,2.9875000000029104,BACKFILL_AUTO
2026-07-11 16:28:30,1783787310,R_75,54858.5854,-1,21.790099999998347,BACKFILL_AUTO
2026-07-11 16:28:32,1783787312,R_75,54862.3006,1,3.715199999998731,BACKFILL_AUTO
2026-07-11 16:28:34,1783787314,R_75,54881.3955,1,19.094899999996414,BACKFILL_AUTO
2026-07-11 16:28:36,1783787316,R_75,54869.0844,-1,12.311099999998987,BACKFILL_AUTO
2026-07-11 16:28:38,1783787318,R_75,54875.9018,1,6.817399999999907,BACKFILL_AUTO
2026-07-11 16:28:40,1783787320,R_75,54874.4408,-1,1.4610000000029686,BACKFILL_AUTO
2026-07-11 16:28:42,1783787322,R_75,54870.7683,-1,3.672499999993306,BACKFILL_AUTO
2026-07-11 16:28:44,1783787324,R_75,54885.0406,1,14.272299999996903,BACKFILL_AUTO
2026-07-11 16:28:46,1783787326,R_75,54865.9777,-1,19.06289999999717,BACKFILL_AUTO
2026-07-11 16:28:48,1783787328,R_75,54858.4755,-1,7.502200000002631,BACKFILL_AUTO
2026-07-11 16:28:50,1783787330,R_75,54852.2471,-1,6.228399999999965,BACKFILL_AUTO
2026-07-11 16:28:52,1783787332,R_75,54859.3224,1,7.075299999996787,BACKFILL_AUTO
2026-07-11 16:28:54,1783787334,R_75,54854.6031,-1,4.71929999999702,BACKFILL_AUTO
2026-07-11 16:28:56,1783787336,R_75,54850.6689,-1,3.9342000000033295,BACKFILL_AUTO
2026-07-11 16:28:58,1783787338,R_75,54839.402,-1,11.266899999995076,BACKFILL_AUTO
2026-07-11 16:29:00,1783787340,R_75,54846.4045,1,7.002499999995052,BACKFILL_AUTO
2026-07-11 16:29:02,1783787342,R_75,54860.8574,1,14.452900000003865,BACKFILL_AUTO
2026-07-11 16:29:04,1783787344,R_75,54861.9238,1,1.0663999999960652,BACKFILL_AUTO
2026-07-11 16:29:06,1783787346,R_75,54870.5751,1,8.651300000004994,BACKFILL_AUTO
2026-07-11 16:29:08,1783787348,R_75,54885.4725,1,14.897400000001653,BACKFILL_AUTO
2026-07-11 16:29:10,1783787350,R_75,54881.0809,-1,4.391600000002654,BACKFILL_AUTO
2026-07-11 16:29:12,1783787352,R_75,54885.3103,1,4.229399999996531,BACKFILL_AUTO
2026-07-11 16:29:14,1783787354,R_75,54877.8406,-1,7.469699999994191,BACKFILL_AUTO
2026-07-11 16:29:16,1783787356,R_75,54880.2731,1,2.4324999999953434,BACKFILL_AUTO
2026-07-11 16:29:18,1783787358,R_75,54884.7019,1,4.428800000001502,BACKFILL_AUTO
2026-07-11 16:29:20,1783787360,R_75,54884.7062,1,0.004300000000512227,BACKFILL_AUTO
2026-07-11 16:29:22,1783787362,R_75,54875.9091,-1,8.797100000003411,BACKFILL_AUTO
2026-07-11 16:29:24,1783787364,R_75,54859.0132,-1,16.89589999999589,BACKFILL_AUTO
2026-07-11 16:29:26,1783787366,R_75,54844.4638,-1,14.549400000003516,BACKFILL_AUTO
2026-07-11 16:29:28,1783787368,R_75,54838.4353,-1,6.028500000000349,BACKFILL_AUTO
2026-07-11 16:29:30,1783787370,R_75,54824.868,-1,13.567299999995157,BACKFILL_AUTO
2026-07-11 16:29:32,1783787372,R_75,54836.2401,1,11.3721000000005,BACKFILL_AUTO
2026-07-11 16:29:34,1783787374,R_75,54845.3141,1,9.074000000000524,BACKFILL_AUTO
2026-07-11 16:29:36,1783787376,R_75,54841.6837,-1,3.6304000000018277,BACKFILL_AUTO
2026-07-11 16:29:38,1783787378,R_75,54845.0953,1,3.411599999999453,BACKFILL_AUTO
2026-07-11 16:29:40,1783787380,R_75,54867.3743,1,22.27900000000227,BACKFILL_AUTO
2026-07-11 16:29:42,1783787382,R_75,54856.0636,-1,11.310700000001816,BACKFILL_AUTO
2026-07-11 16:29:44,1783787384,R_75,54847.1025,-1,8.961100000000442,BACKFILL_AUTO
2026-07-11 16:29:46,1783787386,R_75,54845.2035,-1,1.8989999999976135,BACKFILL_AUTO
2026-07-11 16:29:48,1783787388,R_75,54838.3958,-1,6.807700000004843,BACKFILL_AUTO
2026-07-11 16:29:50,1783787390,R_75,54824.8032,-1,13.59259999999631,BACKFILL_AUTO
2026-07-11 16:29:52,1783787392,R_75,54811.4276,-1,13.375599999999395,BACKFILL_AUTO
2026-07-11 16:29:54,1783787394,R_75,54814.4686,1,3.040999999997439,BACKFILL_AUTO
2026-07-11 16:29:56,1783787396,R_75,54823.0288,1,8.560199999999895,BACKFILL_AUTO
2026-07-11 16:29:58,1783787398,R_75,54821.5854,-1,1.4433999999964726,BACKFILL_AUTO
2026-07-11 16:30:00,1783787400,R_75,54832.8418,1,11.256399999998393,BACKFILL_AUTO
2026-07-11 16:30:02,1783787402,R_75,54822.7144,-1,10.127400000004855,BACKFILL_AUTO
2026-07-11 16:30:04,1783787404,R_75,54814.4044,-1,8.309999999997672,BACKFILL_AUTO
2026-07-11 16:30:06,1783787406,R_75,54818.3379,1,3.933499999999185,BACKFILL_AUTO
2026-07-11 16:30:08,1783787408,R_75,54817.1416,-1,1.196299999995972,BACKFILL_AUTO
2026-07-11 16:30:10,1783787410,R_75,54821.0611,1,3.919499999996333,BACKFILL_AUTO
2026-07-11 16:30:12,1783787412,R_75,54827.3554,1,6.294300000001385,BACKFILL_AUTO
2026-07-11 16:30:14,1783787414,R_75,54823.2164,-1,4.139000000002852,BACKFILL_AUTO
2026-07-11 16:30:16,1783787416,R_75,54824.7384,1,1.522000000004482,BACKFILL_AUTO
2026-07-11 16:30:18,1783787418,R_75,54835.158,1,10.419600000001083,BACKFILL_AUTO
2026-07-11 16:30:20,1783787420,R_75,54869.3962,1,34.23819999999978,BACKFILL_AUTO
2026-07-11 16:30:22,1783787422,R_75,54860.5645,-1,8.831700000002456,BACKFILL_AUTO
2026-07-11 16:30:24,1783787424,R_75,54854.2788,-1,6.285700000000361,BACKFILL_AUTO
2026-07-11 16:30:26,1783787426,R_75,54850.5112,-1,3.76759999999922,BACKFILL_AUTO
2026-07-11 16:30:28,1783787428,R_75,54844.9616,-1,5.549599999998463,BACKFILL_AUTO
2026-07-11 16:30:30,1783787430,R_75,54833.2976,-1,11.664000000004307,BACKFILL_AUTO
2026-07-11 16:30:32,1783787432,R_75,54840.7791,1,7.481500000001688,BACKFILL_AUTO
2026-07-11 16:30:34,1783787434,R_75,54826.848,-1,13.931100000001607,BACKFILL_AUTO
2026-07-11 16:30:36,1783787436,R_75,54822.8823,-1,3.965700000000652,BACKFILL_AUTO
2026-07-11 16:30:38,1783787438,R_75,54813.0941,-1,9.788199999995413,BACKFILL_AUTO
2026-07-11 16:30:40,1783787440,R_75,54813.0287,-1,0.06539999999949941,BACKFILL_AUTO
2026-07-11 16:30:42,1783787442,R_75,54799.8035,-1,13.225200000000768,BACKFILL_AUTO
2026-07-11 16:30:44,1783787444,R_75,54801.7258,1,1.9222999999983585,BACKFILL_AUTO
2026-07-11 16:30:46,1783787446,R_75,54785.7597,-1,15.966099999997823,BACKFILL_AUTO
2026-07-11 16:30:48,1783787448,R_75,54785.8136,1,0.053899999998975545,BACKFILL_AUTO
2026-07-11 16:30:50,1783787450,R_75,54780.8022,-1,5.01140000000305,BACKFILL_AUTO
2026-07-11 16:30:52,1783787452,R_75,54779.2391,-1,1.5630999999993946,BACKFILL_AUTO
2026-07-11 16:30:54,1783787454,R_75,54779.7398,1,0.5007000000041444,BACKFILL_AUTO
2026-07-11 16:30:56,1783787456,R_75,54783.3556,1,3.615799999999581,BACKFILL_AUTO
2026-07-11 16:30:58,1783787458,R_75,54794.7432,1,11.387599999994563,BACKFILL_AUTO
2026-07-11 16:31:00,1783787460,R_75,54806.9192,1,12.175999999999476,BACKFILL_AUTO
2026-07-11 16:31:02,1783787462,R_75,54813.863,1,6.94380000000092,BACKFILL_AUTO
2026-07-11 16:31:04,1783787464,R_75,54808.7318,-1,5.13119999999617,BACKFILL_AUTO
2026-07-11 16:31:06,1783787466,R_75,54807.2335,-1,1.4982999999992899,BACKFILL_AUTO
2026-07-11 16:31:08,1783787468,R_75,54805.5325,-1,1.7010000000009313,BACKFILL_AUTO
2026-07-11 16:31:10,1783787470,R_75,54805.0096,-1,0.522900000003574,BACKFILL_AUTO
2026-07-11 16:31:12,1783787472,R_75,54799.4451,-1,5.5645000000004075,BACKFILL_AUTO
2026-07-11 16:31:14,1783787474,R_75,54799.6172,1,0.17210000000341097,BACKFILL_AUTO
2026-07-11 16:31:16,1783787476,R_75,54806.1278,1,6.510600000001432,BACKFILL_AUTO
2026-07-11 16:31:18,1783787478,R_75,54809.7837,1,3.655899999997928,BACKFILL_AUTO
2026-07-11 16:31:20,1783787480,R_75,54832.2416,1,22.457900000001246,BACKFILL_AUTO
2026-07-11 16:31:22,1783787482,R_75,54829.4375,-1,2.804100000001199,BACKFILL_AUTO
2026-07-11 16:31:24,1783787484,R_75,54836.6635,1,7.2260000000023865,BACKFILL_AUTO
2026-07-11 16:31:26,1783787486,R_75,54832.2032,-1,4.460299999998824,BACKFILL_AUTO
2026-07-11 16:31:28,1783787488,R_75,54798.9643,-1,33.23890000000392,BACKFILL_AUTO
2026-07-11 16:31:30,1783787490,R_75,54790.5705,-1,8.39379999999801,BACKFILL_AUTO
2026-07-11 16:31:32,1783787492,R_75,54796.2521,1,5.681599999996251,BACKFILL_AUTO
2026-07-11 16:31:34,1783787494,R_75,54784.3401,-1,11.911999999996624,BACKFILL_AUTO
2026-07-11 16:31:36,1783787496,R_75,54776.1754,-1,8.164700000001176,BACKFILL_AUTO
2026-07-11 16:31:38,1783787498,R_75,54770.1095,-1,6.06590000000142,BACKFILL_AUTO
2026-07-11 16:31:40,1783787500,R_75,54757.2038,-1,12.905699999995704,BACKFILL_AUTO
2026-07-11 16:31:42,1783787502,R_75,54760.6875,1,3.483699999997043,BACKFILL_AUTO
2026-07-11 16:31:44,1783787504,R_75,54742.7918,-1,17.895700000000943,BACKFILL_AUTO
2026-07-11 16:31:46,1783787506,R_75,54724.995,-1,17.796799999996438,BACKFILL_AUTO
2026-07-11 16:31:48,1783787508,R_75,54732.7604,1,7.765399999996589,BACKFILL_AUTO
2026-07-11 16:31:50,1783787510,R_75,54726.2561,-1,6.504300000000512,BACKFILL_AUTO
2026-07-11 16:31:52,1783787512,R_75,54729.1591,1,2.9029999999984284,BACKFILL_AUTO
2026-07-11 16:31:54,1783787514,R_75,54741.2114,1,12.052300000003015,BACKFILL_AUTO
2026-07-11 16:31:56,1783787516,R_75,54742.2968,1,1.085399999996298,BACKFILL_AUTO
2026-07-11 16:31:58,1783787518,R_75,54753.6992,1,11.40240000000631,BACKFILL_AUTO
2026-07-11 16:32:00,1783787520,R_75,54774.045,1,20.345799999995506,BACKFILL_AUTO
2026-07-11 16:32:02,1783787522,R_75,54773.2856,-1,0.7593999999953667,BACKFILL_AUTO
2026-07-11 16:32:04,1783787524,R_75,54769.4318,-1,3.853800000004412,BACKFILL_AUTO
2026-07-11 16:32:06,1783787526,R_75,54762.9288,-1,6.502999999996973,BACKFILL_AUTO
2026-07-11 16:32:08,1783787528,R_75,54750.6563,-1,12.272499999999127,BACKFILL_AUTO
2026-07-11 16:32:10,1783787530,R_75,54743.8882,-1,6.768100000001141,BACKFILL_AUTO
2026-07-11 16:32:12,1783787532,R_75,54735.8802,-1,8.00800000000163,BACKFILL_AUTO
2026-07-11 16:32:14,1783787534,R_75,54738.5782,1,2.698000000003958,BACKFILL_AUTO
2026-07-11 16:32:16,1783787536,R_75,54746.346,1,7.767799999994168,BACKFILL_AUTO
2026-07-11 16:32:18,1783787538,R_75,54760.585,1,14.239000000001397,BACKFILL_AUTO
2026-07-11 16:32:20,1783787540,R_75,54754.8633,-1,5.721700000001874,BACKFILL_AUTO
2026-07-11 16:32:22,1783787542,R_75,54765.8833,1,11.020000000004075,BACKFILL_AUTO
2026-07-11 16:32:24,1783787544,R_75,54748.445,-1,17.438300000001618,BACKFILL_AUTO
2026-07-11 16:32:26,1783787546,R_75,54758.6932,1,10.248200000001816,BACKFILL_AUTO
2026-07-11 16:32:28,1783787548,R_75,54763.9625,1,5.26929999999993,BACKFILL_AUTO
2026-07-11 16:32:30,1783787550,R_75,54775.6546,1,11.69210000000021,BACKFILL_AUTO
2026-07-11 16:32:32,1783787552,R_75,54778.0381,1,2.3834999999962747,BACKFILL_AUTO
2026-07-11 16:32:34,1783787554,R_75,54783.3963,1,5.358200000002398,BACKFILL_AUTO
2026-07-11 16:32:36,1783787556,R_75,54758.5392,-1,24.857100000001083,BACKFILL_AUTO
2026-07-11 16:32:38,1783787558,R_75,54752.8835,-1,5.655699999995704,BACKFILL_AUTO
2026-07-11 16:32:40,1783787560,R_75,54772.71,1,19.826499999995576,BACKFILL_AUTO
2026-07-11 16:32:42,1783787562,R_75,54763.1405,-1,9.569499999997788,BACKFILL_AUTO
2026-07-11 16:32:44,1783787564,R_75,54748.1266,-1,15.013899999998102,BACKFILL_AUTO
2026-07-11 16:32:46,1783787566,R_75,54741.4408,-1,6.685800000006566,BACKFILL_AUTO
2026-07-11 16:32:48,1783787568,R_75,54740.3618,-1,1.0789999999979045,BACKFILL_AUTO
2026-07-11 16:32:50,1783787570,R_75,54726.156,-1,14.205799999996088,BACKFILL_AUTO
2026-07-11 16:32:52,1783787572,R_75,54732.1468,1,5.990799999999581,BACKFILL_AUTO
2026-07-11 16:32:54,1783787574,R_75,54737.3318,1,5.184999999997672,BACKFILL_AUTO
2026-07-11 16:32:56,1783787576,R_75,54751.3165,1,13.984700000000885,BACKFILL_AUTO
2026-07-11 16:32:58,1783787578,R_75,54751.9504,1,0.6339000000007218,BACKFILL_AUTO
2026-07-11 16:33:00,1783787580,R_75,54749.6275,-1,2.3228999999992084,BACKFILL_AUTO
2026-07-11 16:33:02,1783787582,R_75,54750.8767,1,1.2491999999983818,BACKFILL_AUTO
2026-07-11 16:33:04,1783787584,R_75,54738.5748,-1,12.301899999998568,BACKFILL_AUTO
2026-07-11 16:33:06,1783787586,R_75,54757.074,1,18.499199999998382,BACKFILL_AUTO
2026-07-11 16:33:08,1783787588,R_75,54744.0245,-1,13.04950000000099,BACKFILL_AUTO
2026-07-11 16:33:10,1783787590,R_75,54747.3699,1,3.3453999999983353,BACKFILL_AUTO
2026-07-11 16:33:12,1783787592,R_75,54743.7302,-1,3.6396999999997206,BACKFILL_AUTO
2026-07-11 16:33:14,1783787594,R_75,54732.7243,-1,11.005899999996473,BACKFILL_AUTO
2026-07-11 16:33:16,1783787596,R_75,54737.2805,1,4.55619999999908,BACKFILL_AUTO
2026-07-11 16:33:18,1783787598,R_75,54750.8424,1,13.561900000000605,BACKFILL_AUTO
2026-07-11 16:33:20,1783787600,R_75,54755.4759,1,4.633499999996275,BACKFILL_AUTO
2026-07-11 16:33:22,1783787602,R_75,54742.8245,-1,12.651399999995192,BACKFILL_AUTO
2026-07-11 16:33:24,1783787604,R_75,54727.6756,-1,15.14890000000014,BACKFILL_AUTO
2026-07-11 16:33:26,1783787606,R_75,54736.2271,1,8.551499999994121,BACKFILL_AUTO
2026-07-11 16:33:28,1783787608,R_75,54740.2903,1,4.063200000004144,BACKFILL_AUTO
2026-07-11 16:33:30,1783787610,R_75,54729.1644,-1,11.125899999999092,BACKFILL_AUTO
2026-07-11 16:33:32,1783787612,R_75,54724.7236,-1,4.4408000000039465,BACKFILL_AUTO
2026-07-11 16:33:34,1783787614,R_75,54718.1982,-1,6.525399999998626,BACKFILL_AUTO
2026-07-11 16:33:36,1783787616,R_75,54721.8819,1,3.6837000000014086,BACKFILL_AUTO
2026-07-11 16:33:38,1783787618,R_75,54721.8037,-1,0.07820000000356231,BACKFILL_AUTO
2026-07-11 16:33:40,1783787620,R_75,54721.7139,-1,0.08979999999428401,BACKFILL_AUTO
2026-07-11 16:33:42,1783787622,R_75,54711.4472,-1,10.266700000000128,BACKFILL_AUTO
2026-07-11 16:33:44,1783787624,R_75,54704.4272,-1,7.0200000000040745,BACKFILL_AUTO
2026-07-11 16:33:46,1783787626,R_75,54689.2355,-1,15.191699999995762,BACKFILL_AUTO
2026-07-11 16:33:48,1783787628,R_75,54684.3489,-1,4.886600000005274,BACKFILL_AUTO
2026-07-11 16:33:50,1783787630,R_75,54680.8105,-1,3.5383999999976368,BACKFILL_AUTO
2026-07-11 16:33:52,1783787632,R_75,54666.607,-1,14.203499999995984,BACKFILL_AUTO
2026-07-11 16:33:54,1783787634,R_75,54678.0727,1,11.465699999993376,BACKFILL_AUTO
2026-07-11 16:33:56,1783787636,R_75,54687.1285,1,9.05580000000191,BACKFILL_AUTO
2026-07-11 16:33:58,1783787638,R_75,54692.2131,1,5.084600000001956,BACKFILL_AUTO
2026-07-11 16:34:00,1783787640,R_75,54677.7377,-1,14.475400000002992,BACKFILL_AUTO
2026-07-11 16:34:02,1783787642,R_75,54670.9329,-1,6.8047999999980675,BACKFILL_AUTO
2026-07-11 16:34:04,1783787644,R_75,54683.3741,1,12.441200000001118,BACKFILL_AUTO
2026-07-11 16:34:06,1783787646,R_75,54670.0617,-1,13.312400000002526,BACKFILL_AUTO
2026-07-11 16:34:08,1783787648,R_75,54676.376,1,6.314299999998184,BACKFILL_AUTO
2026-07-11 16:34:10,1783787650,R_75,54684.1674,1,7.791400000001886,BACKFILL_AUTO
2026-07-11 16:34:12,1783787652,R_75,54678.0484,-1,6.118999999998778,BACKFILL_AUTO
2026-07-11 16:34:14,1783787654,R_75,54681.5116,1,3.4631999999983236,BACKFILL_AUTO
2026-07-11 16:34:16,1783787656,R_75,54685.5445,1,4.032900000005611,BACKFILL_AUTO
2026-07-11 16:34:18,1783787658,R_75,54674.8092,-1,10.73530000000028,BACKFILL_AUTO
2026-07-11 16:34:20,1783787660,R_75,54674.0117,-1,0.7975000000005821,BACKFILL_AUTO
2026-07-11 16:34:22,1783787662,R_75,54675.1653,1,1.153599999997823,BACKFILL_AUTO
2026-07-11 16:34:24,1783787664,R_75,54675.6595,1,0.49420000000100117,BACKFILL_AUTO
2026-07-11 16:34:26,1783787666,R_75,54689.4008,1,13.741300000001502,BACKFILL_AUTO
2026-07-11 16:34:28,1783787668,R_75,54681.1494,-1,8.251400000001013,BACKFILL_AUTO
2026-07-11 16:34:30,1783787670,R_75,54699.6434,1,18.493999999998778,BACKFILL_AUTO
2026-07-11 16:34:32,1783787672,R_75,54716.5763,1,16.93289999999979,BACKFILL_AUTO
2026-07-11 16:34:34,1783787674,R_75,54712.2284,-1,4.347900000000664,BACKFILL_AUTO
2026-07-11 16:34:36,1783787676,R_75,54704.1594,-1,8.069000000003143,BACKFILL_AUTO
2026-07-11 16:34:38,1783787678,R_75,54703.2046,-1,0.9547999999995227,BACKFILL_AUTO
2026-07-11 16:34:40,1783787680,R_75,54711.36,1,8.155400000003283,BACKFILL_AUTO
2026-07-11 16:34:42,1783787682,R_75,54706.7118,-1,4.648200000003271,BACKFILL_AUTO
2026-07-11 16:34:44,1783787684,R_75,54700.5726,-1,6.1391999999978,BACKFILL_AUTO
2026-07-11 16:34:46,1783787686,R_75,54697.5839,-1,2.9887000000016997,BACKFILL_AUTO
2026-07-11 16:34:48,1783787688,R_75,54715.5259,1,17.942000000002736,BACKFILL_AUTO
2026-07-11 16:34:50,1783787690,R_75,54718.5432,1,3.0172999999995227,BACKFILL_AUTO
2026-07-11 16:34:52,1783787692,R_75,54724.3753,1,5.8320999999996275,BACKFILL_AUTO
2026-07-11 16:34:54,1783787694,R_75,54729.7127,1,5.3373999999967054,BACKFILL_AUTO
2026-07-11 16:34:56,1783787696,R_75,54739.2606,1,9.54790000000503,BACKFILL_AUTO
2026-07-11 16:34:58,1783787698,R_75,54737.7924,-1,1.4682000000029802,BACKFILL_AUTO
2026-07-11 16:35:00,1783787700,R_75,54719.7805,-1,18.011899999997695,BACKFILL_AUTO
2026-07-11 16:35:02,1783787702,R_75,54716.3272,-1,3.453300000001036,BACKFILL_AUTO
2026-07-11 16:35:04,1783787704,R_75,54722.9598,1,6.632599999997183,BACKFILL_AUTO
2026-07-11 16:35:06,1783787706,R_75,54724.1233,1,1.1635000000023865,BACKFILL_AUTO
2026-07-11 16:35:08,1783787708,R_75,54711.0129,-1,13.110399999997753,BACKFILL_AUTO
2026-07-11 16:35:10,1783787710,R_75,54716.6448,1,5.631900000000314,BACKFILL_AUTO
2026-07-11 16:35:12,1783787712,R_75,54693.0575,-1,23.58729999999923,BACKFILL_AUTO
2026-07-11 16:35:14,1783787714,R_75,54678.265,-1,14.792500000003201,BACKFILL_AUTO
2026-07-11 16:35:16,1783787716,R_75,54678.9513,1,0.6863000000012107,BACKFILL_AUTO
2026-07-11 16:35:18,1783787718,R_75,54681.8256,1,2.8742999999958556,BACKFILL_AUTO
2026-07-11 16:35:20,1783787720,R_75,54672.5514,-1,9.274199999999837,BACKFILL_AUTO
2026-07-11 16:35:22,1783787722,R_75,54673.6219,1,1.0705000000016298,BACKFILL_AUTO
2026-07-11 16:35:24,1783787724,R_75,54678.2686,1,4.646700000004785,BACKFILL_AUTO
2026-07-11 16:35:26,1783787726,R_75,54683.5935,1,5.324899999999616,BACKFILL_AUTO
2026-07-11 16:35:28,1783787728,R_75,54689.5729,1,5.979399999996531,BACKFILL_AUTO
2026-07-11 16:35:30,1783787730,R_75,54692.7528,1,3.1799000000028173,BACKFILL_AUTO
2026-07-11 16:35:32,1783787732,R_75,54679.6891,-1,13.06369999999879,BACKFILL_AUTO
2026-07-11 16:35:34,1783787734,R_75,54670.9468,-1,8.742300000005343,BACKFILL_AUTO
2026-07-11 16:35:36,1783787736,R_75,54673.3243,1,2.3775000000023283,BACKFILL_AUTO
2026-07-11 16:35:38,1783787738,R_75,54660.6862,-1,12.63810000000376,BACKFILL_AUTO
2026-07-11 16:35:40,1783787740,R_75,54645.6024,-1,15.083799999993062,BACKFILL_AUTO
2026-07-11 16:35:42,1783787742,R_75,54643.6821,-1,1.920300000005227,BACKFILL_AUTO
2026-07-11 16:35:44,1783787744,R_75,54641.3777,-1,2.3044000000008964,BACKFILL_AUTO
2026-07-11 16:35:46,1783787746,R_75,54643.7634,1,2.3857000000061817,BACKFILL_AUTO
2026-07-11 16:35:48,1783787748,R_75,54653.1532,1,9.389799999997194,BACKFILL_AUTO
2026-07-11 16:35:50,1783787750,R_75,54651.3001,-1,1.8531000000002678,BACKFILL_AUTO
2026-07-11 16:35:52,1783787752,R_75,54652.6447,1,1.344599999996717,BACKFILL_AUTO
2026-07-11 16:35:54,1783787754,R_75,54655.719,1,3.074300000000221,BACKFILL_AUTO
2026-07-11 16:35:56,1783787756,R_75,54651.5105,-1,4.20850000000064,BACKFILL_AUTO
2026-07-11 16:35:58,1783787758,R_75,54641.0862,-1,10.424299999998766,BACKFILL_AUTO
2026-07-11 16:36:00,1783787760,R_75,54641.565,1,0.47880000000441214,BACKFILL_AUTO
2026-07-11 16:36:02,1783787762,R_75,54642.5868,1,1.0217999999949825,BACKFILL_AUTO
2026-07-11 16:36:04,1783787764,R_75,54638.5364,-1,4.0504000000000815,BACKFILL_AUTO
2026-07-11 16:36:06,1783787766,R_75,54635.8874,-1,2.6489999999976135,BACKFILL_AUTO
2026-07-11 16:36:08,1783787768,R_75,54606.0614,-1,29.82600000000093,BACKFILL_AUTO
2026-07-11 16:36:10,1783787770,R_75,54590.6673,-1,15.394099999997707,BACKFILL_AUTO
2026-07-11 16:36:12,1783787772,R_75,54591.7809,1,1.11359999999695,BACKFILL_AUTO
2026-07-11 16:36:14,1783787774,R_75,54575.0821,-1,16.6987999999983,BACKFILL_AUTO
2026-07-11 16:36:16,1783787776,R_75,54567.997,-1,7.085099999996601,BACKFILL_AUTO
2026-07-11 16:36:18,1783787778,R_75,54561.0161,-1,6.980900000002293,BACKFILL_AUTO
2026-07-11 16:36:20,1783787780,R_75,54542.8489,-1,18.167200000003504,BACKFILL_AUTO
2026-07-11 16:36:22,1783787782,R_75,54538.6292,-1,4.219699999994191,BACKFILL_AUTO
2026-07-11 16:36:24,1783787784,R_75,54562.3291,1,23.699899999999616,BACKFILL_AUTO
2026-07-11 16:36:26,1783787786,R_75,54549.5644,-1,12.76469999999972,BACKFILL_AUTO
2026-07-11 16:36:28,1783787788,R_75,54526.683,-1,22.88140000000567,BACKFILL_AUTO
2026-07-11 16:36:30,1783787790,R_75,54505.293,-1,21.389999999999418,BACKFILL_AUTO
2026-07-11 16:36:32,1783787792,R_75,54500.2717,-1,5.021300000000338,BACKFILL_AUTO
2026-07-11 16:36:34,1783787794,R_75,54494.1848,-1,6.086899999994785,BACKFILL_AUTO
2026-07-11 16:36:36,1783787796,R_75,54498.1883,1,4.003499999998894,BACKFILL_AUTO
2026-07-11 16:36:38,1783787798,R_75,54489.8813,-1,8.307000000000698,BACKFILL_AUTO
2026-07-11 16:36:40,1783787800,R_75,54480.8238,-1,9.05750000000262,BACKFILL_AUTO
2026-07-11 16:36:42,1783787802,R_75,54495.7106,1,14.886800000000221,BACKFILL_AUTO
2026-07-11 16:36:44,1783787804,R_75,54482.8662,-1,12.84440000000177,BACKFILL_AUTO
2026-07-11 16:36:46,1783787806,R_75,54491.9562,1,9.090000000003783,BACKFILL_AUTO
2026-07-11 16:36:48,1783787808,R_75,54509.0799,1,17.12369999999646,BACKFILL_AUTO
2026-07-11 16:36:50,1783787810,R_75,54496.8919,-1,12.187999999994645,BACKFILL_AUTO
2026-07-11 16:36:52,1783787812,R_75,54494.8893,-1,2.002599999999802,BACKFILL_AUTO
2026-07-11 16:36:54,1783787814,R_75,54499.8139,1,4.924599999998463,BACKFILL_AUTO
2026-07-11 16:36:56,1783787816,R_75,54488.9429,-1,10.870999999999185,BACKFILL_AUTO
2026-07-11 16:36:58,1783787818,R_75,54502.7783,1,13.835399999996298,BACKFILL_AUTO
2026-07-11 16:37:00,1783787820,R_75,54490.3321,-1,12.446199999998498,BACKFILL_AUTO
2026-07-11 16:37:02,1783787822,R_75,54477.9513,-1,12.380799999998999,BACKFILL_AUTO
2026-07-11 16:37:04,1783787824,R_75,54483.92,1,5.968699999997625,BACKFILL_AUTO
2026-07-11 16:37:06,1783787826,R_75,54494.3922,1,10.472200000003795,BACKFILL_AUTO
2026-07-11 16:37:08,1783787828,R_75,54524.4198,1,30.027600000001257,BACKFILL_AUTO
2026-07-11 16:37:10,1783787830,R_75,54545.1595,1,20.739699999998265,BACKFILL_AUTO
2026-07-11 16:37:12,1783787832,R_75,54528.8236,-1,16.33589999999822,BACKFILL_AUTO
2026-07-11 16:37:14,1783787834,R_75,54537.3506,1,8.526999999994587,BACKFILL_AUTO
2026-07-11 16:37:16,1783787836,R_75,54538.887,1,1.5364000000045053,BACKFILL_AUTO
2026-07-11 16:37:18,1783787838,R_75,54540.6792,1,1.7921999999962281,BACKFILL_AUTO
2026-07-11 16:37:20,1783787840,R_75,54541.5135,1,0.8343000000022585,BACKFILL_AUTO
2026-07-11 16:37:22,1783787842,R_75,54532.7746,-1,8.738900000003923,BACKFILL_AUTO
2026-07-11 16:37:24,1783787844,R_75,54527.0072,-1,5.7673999999969965,BACKFILL_AUTO
2026-07-11 16:37:26,1783787846,R_75,54540.2183,1,13.211100000000442,BACKFILL_AUTO
2026-07-11 16:37:28,1783787848,R_75,54561.6195,1,21.401200000000244,BACKFILL_AUTO
2026-07-11 16:37:30,1783787850,R_75,54548.0988,-1,13.520700000000943,BACKFILL_AUTO
2026-07-11 16:37:32,1783787852,R_75,54534.9035,-1,13.195299999999406,BACKFILL_AUTO
2026-07-11 16:37:34,1783787854,R_75,54542.6817,1,7.778200000000652,BACKFILL_AUTO
2026-07-11 16:37:36,1783787856,R_75,54541.3998,-1,1.2819000000017695,BACKFILL_AUTO
2026-07-11 16:37:38,1783787858,R_75,54524.1857,-1,17.214099999997416,BACKFILL_AUTO
2026-07-11 16:37:40,1783787860,R_75,54533.49,1,9.304299999996147,BACKFILL_AUTO
2026-07-11 16:37:42,1783787862,R_75,54523.5776,-1,9.912400000001071,BACKFILL_AUTO
2026-07-11 16:37:44,1783787864,R_75,54532.9602,1,9.382600000004459,BACKFILL_AUTO
2026-07-11 16:37:46,1783787866,R_75,54525.1683,-1,7.791900000003807,BACKFILL_AUTO
2026-07-11 16:37:48,1783787868,R_75,54521.8244,-1,3.3438999999998487,BACKFILL_AUTO
2026-07-11 16:37:50,1783787870,R_75,54512.2464,-1,9.577999999994063,BACKFILL_AUTO
2026-07-11 16:37:52,1783787872,R_75,54539.5771,1,27.330699999998615,BACKFILL_AUTO
2026-07-11 16:37:54,1783787874,R_75,54538.0424,-1,1.5347000000037951,BACKFILL_AUTO
2026-07-11 16:37:56,1783787876,R_75,54541.1232,1,3.0808000000033644,BACKFILL_AUTO
2026-07-11 16:37:58,1783787878,R_75,54556.1756,1,15.052400000000489,BACKFILL_AUTO
2026-07-11 16:38:00,1783787880,R_75,54557.2148,1,1.039199999999255,BACKFILL_AUTO
2026-07-11 16:38:02,1783787882,R_75,54552.846,-1,4.36880000000383,BACKFILL_AUTO
2026-07-11 16:38:04,1783787884,R_75,54543.5125,-1,9.33350000000064,BACKFILL_AUTO
2026-07-11 16:38:06,1783787886,R_75,54551.7254,1,8.212900000005902,BACKFILL_AUTO
2026-07-11 16:38:08,1783787888,R_75,54558.3839,1,6.65849999999773,BACKFILL_AUTO
2026-07-11 16:38:10,1783787890,R_75,54563.133,1,4.749100000000908,BACKFILL_AUTO
2026-07-11 16:38:12,1783787892,R_75,54557.6876,-1,5.445400000004156,BACKFILL_AUTO
2026-07-11 16:38:14,1783787894,R_75,54539.1322,-1,18.555399999997462,BACKFILL_AUTO
2026-07-11 16:38:16,1783787896,R_75,54548.9309,1,9.798699999999371,BACKFILL_AUTO
2026-07-11 16:38:18,1783787898,R_75,54560.9348,1,12.003900000003341,BACKFILL_AUTO
2026-07-11 16:38:20,1783787900,R_75,54534.828,-1,26.106800000001385,BACKFILL_AUTO
2026-07-11 16:38:22,1783787902,R_75,54544.5102,1,9.682199999995646,BACKFILL_AUTO
2026-07-11 16:38:24,1783787904,R_75,54553.1305,1,8.620300000002317,BACKFILL_AUTO
2026-07-11 16:38:26,1783787906,R_75,54560.3495,1,7.2189999999973224,BACKFILL_AUTO
2026-07-11 16:38:28,1783787908,R_75,54573.2086,1,12.85910000000149,BACKFILL_AUTO
2026-07-11 16:38:30,1783787910,R_75,54581.9067,1,8.698100000001432,BACKFILL_AUTO
2026-07-11 16:38:32,1783787912,R_75,54576.8618,-1,5.04490000000078,BACKFILL_AUTO
2026-07-11 16:38:34,1783787914,R_75,54595.195,1,18.333200000000943,BACKFILL_AUTO
2026-07-11 16:38:36,1783787916,R_75,54598.5381,1,3.3430999999982305,BACKFILL_AUTO
2026-07-11 16:38:38,1783787918,R_75,54596.3723,-1,2.1657999999952153,BACKFILL_AUTO
2026-07-11 16:38:40,1783787920,R_75,54602.0457,1,5.673399999999674,BACKFILL_AUTO
2026-07-11 16:38:42,1783787922,R_75,54591.878,-1,10.167700000005425,BACKFILL_AUTO
2026-07-11 16:38:44,1783787924,R_75,54586.6814,-1,5.196599999995669,BACKFILL_AUTO
2026-07-11 16:38:46,1783787926,R_75,54578.923,-1,7.758399999998801,BACKFILL_AUTO
2026-07-11 16:38:48,1783787928,R_75,54583.2739,1,4.350899999997637,BACKFILL_AUTO
2026-07-11 16:38:50,1783787930,R_75,54581.5599,-1,1.7139999999999418,BACKFILL_AUTO
2026-07-11 16:38:52,1783787932,R_75,54563.7276,-1,17.83230000000185,BACKFILL_AUTO
2026-07-11 16:38:54,1783787934,R_75,54559.0583,-1,4.669300000001385,BACKFILL_AUTO
2026-07-11 16:38:56,1783787936,R_75,54562.9363,1,3.878000000004249,BACKFILL_AUTO
2026-07-11 16:38:58,1783787938,R_75,54560.2747,-1,2.661599999999453,BACKFILL_AUTO
2026-07-11 16:39:00,1783787940,R_75,54561.2331,1,0.9583999999958905,BACKFILL_AUTO
2026-07-11 16:39:02,1783787942,R_75,54565.2887,1,4.055599999999686,BACKFILL_AUTO
2026-07-11 16:39:04,1783787944,R_75,54584.0989,1,18.810199999999895,BACKFILL_AUTO
2026-07-11 16:39:06,1783787946,R_75,54577.2534,-1,6.845499999995809,BACKFILL_AUTO
2026-07-11 16:39:08,1783787948,R_75,54576.1646,-1,1.0888000000049942,BACKFILL_AUTO
2026-07-11 16:39:10,1783787950,R_75,54587.3393,1,11.174700000003213,BACKFILL_AUTO
2026-07-11 16:39:12,1783787952,R_75,54569.1815,-1,18.15780000000086,BACKFILL_AUTO
2026-07-11 16:39:14,1783787954,R_75,54557.7634,-1,11.41809999999532,BACKFILL_AUTO
2026-07-11 16:39:16,1783787956,R_75,54561.0841,1,3.3206999999965774,BACKFILL_AUTO
2026-07-11 16:39:18,1783787958,R_75,54562.0346,1,0.9504999999990105,BACKFILL_AUTO
2026-07-11 16:39:20,1783787960,R_75,54568.1894,1,6.154800000003888,BACKFILL_AUTO
2026-07-11 16:39:22,1783787962,R_75,54573.4709,1,5.2814999999973224,BACKFILL_AUTO
2026-07-11 16:39:24,1783787964,R_75,54573.3967,-1,0.0742000000027474,BACKFILL_AUTO
2026-07-11 16:39:26,1783787966,R_75,54592.4881,1,19.091400000004796,BACKFILL_AUTO
2026-07-11 16:39:28,1783787968,R_75,54596.9792,1,4.491099999999278,BACKFILL_AUTO
2026-07-11 16:39:30,1783787970,R_75,54594.8933,-1,2.085899999998219,BACKFILL_AUTO
2026-07-11 16:39:32,1783787972,R_75,54581.7098,-1,13.183500000006461,BACKFILL_AUTO
2026-07-11 16:39:34,1783787974,R_75,54566.0237,-1,15.686099999998987,BACKFILL_AUTO
2026-07-11 16:39:36,1783787976,R_75,54560.5578,-1,5.4658999999955995,BACKFILL_AUTO
2026-07-11 16:39:38,1783787978,R_75,54559.491,-1,1.0668000000005122,BACKFILL_AUTO
2026-07-11 16:39:40,1783787980,R_75,54542.4378,-1,17.053200000002107,BACKFILL_AUTO
2026-07-11 16:39:42,1783787982,R_75,54547.6049,1,5.167099999998754,BACKFILL_AUTO
2026-07-11 16:39:44,1783787984,R_75,54537.6948,-1,9.910100000000966,BACKFILL_AUTO
2026-07-11 16:39:46,1783787986,R_75,54519.545,-1,18.14979999999923,BACKFILL_AUTO
2026-07-11 16:39:48,1783787988,R_75,54521.6109,1,2.0659000000014203,BACKFILL_AUTO
2026-07-11 16:39:50,1783787990,R_75,54519.6484,-1,1.9625000000014552,BACKFILL_AUTO
2026-07-11 16:39:52,1783787992,R_75,54529.0998,1,9.451400000005378,BACKFILL_AUTO
2026-07-11 16:39:54,1783787994,R_75,54537.3583,1,8.258499999996275,BACKFILL_AUTO
2026-07-11 16:39:56,1783787996,R_75,54545.1256,1,7.767299999999523,BACKFILL_AUTO
2026-07-11 16:39:58,1783787998,R_75,54533.9776,-1,11.148000000001048,BACKFILL_AUTO
2026-07-11 16:40:00,1783788000,R_75,54531.5392,-1,2.438399999999092,BACKFILL_AUTO
2026-07-11 16:40:02,1783788002,R_75,54521.5354,-1,10.003799999998591,BACKFILL_AUTO
2026-07-11 16:40:04,1783788004,R_75,54530.189,1,8.653599999997823,BACKFILL_AUTO
2026-07-11 16:40:06,1783788006,R_75,54544.168,1,13.97899999999936,BACKFILL_AUTO
2026-07-11 16:40:08,1783788008,R_75,54534.8462,-1,9.321799999997893,BACKFILL_AUTO
2026-07-11 16:40:10,1783788010,R_75,54545.2496,1,10.403400000002875,BACKFILL_AUTO
2026-07-11 16:40:12,1783788012,R_75,54524.6094,-1,20.64020000000164,BACKFILL_AUTO
2026-07-11 16:40:14,1783788014,R_75,54513.8823,-1,10.727100000003702,BACKFILL_AUTO
2026-07-11 16:40:16,1783788016,R_75,54500.207,-1,13.675299999995332,BACKFILL_AUTO
2026-07-11 16:40:18,1783788018,R_75,54496.2362,-1,3.9708000000027823,BACKFILL_AUTO
2026-07-11 16:40:20,1783788020,R_75,54518.8406,1,22.604400000003807,BACKFILL_AUTO
2026-07-11 16:40:22,1783788022,R_75,54525.9135,1,7.072899999999208,BACKFILL_AUTO
2026-07-11 16:40:24,1783788024,R_75,54509.61,-1,16.303500000001804,BACKFILL_AUTO
2026-07-11 16:40:26,1783788026,R_75,54514.2639,1,4.65389999999752,BACKFILL_AUTO
2026-07-11 16:40:28,1783788028,R_75,54514.596,1,0.33209999999962747,BACKFILL_AUTO
2026-07-11 16:40:30,1783788030,R_75,54518.6332,1,4.0371999999988475,BACKFILL_AUTO
2026-07-11 16:40:32,1783788032,R_75,54507.6411,-1,10.992099999995844,BACKFILL_AUTO
2026-07-11 16:40:34,1783788034,R_75,54517.7984,1,10.15729999999894,BACKFILL_AUTO
2026-07-11 16:40:36,1783788036,R_75,54501.5689,-1,16.22950000000128,BACKFILL_AUTO
2026-07-11 16:40:38,1783788038,R_75,54492.0804,-1,9.488499999999476,BACKFILL_AUTO
2026-07-11 16:40:40,1783788040,R_75,54494.3809,1,2.3004999999975553,BACKFILL_AUTO
2026-07-11 16:40:42,1783788042,R_75,54502.9939,1,8.613000000004831,BACKFILL_AUTO
2026-07-11 16:40:44,1783788044,R_75,54527.523,1,24.529099999999744,BACKFILL_AUTO
2026-07-11 16:40:46,1783788046,R_75,54514.3755,-1,13.147499999999127,BACKFILL_AUTO
2026-07-11 16:40:48,1783788048,R_75,54520.2155,1,5.8399999999965075,BACKFILL_AUTO
2026-07-11 16:40:50,1783788050,R_75,54511.2683,-1,8.947199999995064,BACKFILL_AUTO
2026-07-11 16:40:52,1783788052,R_75,54512.9717,1,1.7033999999985099,BACKFILL_AUTO
2026-07-11 16:40:54,1783788054,R_75,54499.2263,-1,13.74539999999979,BACKFILL_AUTO
2026-07-11 16:40:56,1783788056,R_75,54503.9428,1,4.716499999994994,BACKFILL_AUTO
2026-07-11 16:40:58,1783788058,R_75,54507.7467,1,3.8039000000062515,BACKFILL_AUTO
2026-07-11 16:41:00,1783788060,R_75,54525.4474,1,17.700699999993958,BACKFILL_AUTO
2026-07-11 16:41:02,1783788062,R_75,54538.4389,1,12.991500000003725,BACKFILL_AUTO
2026-07-11 16:41:04,1783788064,R_75,54536.3435,-1,2.0953999999983353,BACKFILL_AUTO
2026-07-11 16:41:06,1783788066,R_75,54530.3696,-1,5.973900000004505,BACKFILL_AUTO
2026-07-11 16:41:08,1783788068,R_75,54539.6606,1,9.291000000004715,BACKFILL_AUTO
2026-07-11 16:41:10,1783788070,R_75,54535.9181,-1,3.742500000000291,BACKFILL_AUTO
2026-07-11 16:41:12,1783788072,R_75,54555.2769,1,19.358799999994517,BACKFILL_AUTO
2026-07-11 16:41:14,1783788074,R_75,54553.0617,-1,2.215199999998731,BACKFILL_AUTO
2026-07-11 16:41:16,1783788076,R_75,54543.5264,-1,9.535299999995914,BACKFILL_AUTO
2026-07-11 16:41:18,1783788078,R_75,54556.6954,1,13.168999999994412,BACKFILL_AUTO
2026-07-11 16:41:20,1783788080,R_75,54555.9659,-1,0.7294999999940046,BACKFILL_AUTO
2026-07-11 16:41:22,1783788082,R_75,54560.0655,1,4.099599999994098,BACKFILL_AUTO
2026-07-11 16:41:24,1783788084,R_75,54548.7221,-1,11.343399999997928,BACKFILL_AUTO
2026-07-11 16:41:26,1783788086,R_75,54554.2763,1,5.554199999998673,BACKFILL_AUTO
2026-07-11 16:41:28,1783788088,R_75,54557.3257,1,3.0494000000035157,BACKFILL_AUTO
2026-07-11 16:41:30,1783788090,R_75,54568.508,1,11.182300000000396,BACKFILL_AUTO
2026-07-11 16:41:32,1783788092,R_75,54576.6131,1,8.105100000000675,BACKFILL_AUTO
2026-07-11 16:41:34,1783788094,R_75,54567.0091,-1,9.60399999999936,BACKFILL_AUTO
2026-07-11 16:41:36,1783788096,R_75,54587.5838,1,20.574699999997392,BACKFILL_AUTO
2026-07-11 16:41:38,1783788098,R_75,54579.4433,-1,8.140500000001339,BACKFILL_AUTO
2026-07-11 16:41:40,1783788100,R_75,54557.8506,-1,21.59270000000106,BACKFILL_AUTO
2026-07-11 16:41:42,1783788102,R_75,54540.6484,-1,17.20219999999972,BACKFILL_AUTO
2026-07-11 16:41:44,1783788104,R_75,54527.7764,-1,12.87199999999575,BACKFILL_AUTO
2026-07-11 16:41:46,1783788106,R_75,54539.6375,1,11.861099999994622,BACKFILL_AUTO
2026-07-11 16:41:48,1783788108,R_75,54526.4439,-1,13.193599999998696,BACKFILL_AUTO
2026-07-11 16:41:50,1783788110,R_75,54536.0569,1,9.613000000004831,BACKFILL_AUTO
2026-07-11 16:41:52,1783788112,R_75,54547.9971,1,11.940199999997276,BACKFILL_AUTO
2026-07-11 16:41:54,1783788114,R_75,54557.2999,1,9.30279999999766,BACKFILL_AUTO
2026-07-11 16:41:56,1783788116,R_75,54565.2313,1,7.931400000001304,BACKFILL_AUTO
2026-07-11 16:41:58,1783788118,R_75,54569.0763,1,3.845000000001164,BACKFILL_AUTO
2026-07-11 16:42:00,1783788120,R_75,54573.1673,1,4.091000000000349,BACKFILL_AUTO
2026-07-11 16:42:02,1783788122,R_75,54564.8994,-1,8.267899999998917,BACKFILL_AUTO
2026-07-11 16:42:04,1783788124,R_75,54568.0318,1,3.132399999994959,BACKFILL_AUTO
2026-07-11 16:42:06,1783788126,R_75,54564.2021,-1,3.829699999994773,BACKFILL_AUTO
2026-07-11 16:42:08,1783788128,R_75,54560.8201,-1,3.382000000005064,BACKFILL_AUTO
2026-07-11 16:42:10,1783788130,R_75,54538.5062,-1,22.313899999993737,BACKFILL_AUTO
2026-07-11 16:42:12,1783788132,R_75,54526.0064,-1,12.499800000005052,BACKFILL_AUTO
2026-07-11 16:42:14,1783788134,R_75,54521.4275,-1,4.578900000000431,BACKFILL_AUTO
2026-07-11 16:42:16,1783788136,R_75,54512.9443,-1,8.483199999995122,BACKFILL_AUTO
2026-07-11 16:42:18,1783788138,R_75,54510.6717,-1,2.2726000000038766,BACKFILL_AUTO
2026-07-11 16:42:20,1783788140,R_75,54500.211,-1,10.460699999995995,BACKFILL_AUTO
2026-07-11 16:42:22,1783788142,R_75,54514.6295,1,14.418499999999767,BACKFILL_AUTO
2026-07-11 16:42:24,1783788144,R_75,54506.1517,-1,8.47780000000057,BACKFILL_AUTO
2026-07-11 16:42:26,1783788146,R_75,54507.0457,1,0.8940000000002328,BACKFILL_AUTO
2026-07-11 16:42:28,1783788148,R_75,54489.6431,-1,17.402600000001257,BACKFILL_AUTO
2026-07-11 16:42:30,1783788150,R_75,54489.8783,1,0.23519999999552965,BACKFILL_AUTO
2026-07-11 16:42:32,1783788152,R_75,54486.7759,-1,3.1023999999961234,BACKFILL_AUTO
2026-07-11 16:42:34,1783788154,R_75,54482.8803,-1,3.895600000003469,BACKFILL_AUTO
2026-07-11 16:42:36,1783788156,R_75,54484.5743,1,1.6940000000031432,BACKFILL_AUTO
2026-07-11 16:42:38,1783788158,R_75,54498.4315,1,13.857199999998556,BACKFILL_AUTO
2026-07-11 16:42:40,1783788160,R_75,54482.402,-1,16.029499999996915,BACKFILL_AUTO
2026-07-11 16:42:42,1783788162,R_75,54504.5022,1,22.10020000000077,BACKFILL_AUTO
2026-07-11 16:42:44,1783788164,R_75,54482.7578,-1,21.744400000003225,BACKFILL_AUTO
2026-07-11 16:42:46,1783788166,R_75,54475.6431,-1,7.114699999998265,BACKFILL_AUTO
2026-07-11 16:42:48,1783788168,R_75,54488.9001,1,13.256999999997788,BACKFILL_AUTO
2026-07-11 16:42:50,1783788170,R_75,54498.7959,1,9.895799999998417,BACKFILL_AUTO
2026-07-11 16:42:52,1783788172,R_75,54502.8218,1,4.025900000000547,BACKFILL_AUTO
2026-07-11 16:42:54,1783788174,R_75,54506.1205,1,3.2986999999993714,BACKFILL_AUTO
2026-07-11 16:42:56,1783788176,R_75,54495.2814,-1,10.839099999997416,BACKFILL_AUTO
2026-07-11 16:42:58,1783788178,R_75,54490.9257,-1,4.35570000000007,BACKFILL_AUTO
2026-07-11 16:43:00,1783788180,R_75,54485.7183,-1,5.207399999999325,BACKFILL_AUTO
2026-07-11 16:43:02,1783788182,R_75,54480.8492,-1,4.869100000003527,BACKFILL_AUTO
2026-07-11 16:43:04,1783788184,R_75,54495.0585,1,14.209300000002258,BACKFILL_AUTO
2026-07-11 16:43:06,1783788186,R_75,54497.6694,1,2.610899999999674,BACKFILL_AUTO
2026-07-11 16:43:08,1783788188,R_75,54485.151,-1,12.518400000000838,BACKFILL_AUTO
2026-07-11 16:43:10,1783788190,R_75,54472.6954,-1,12.45560000000114,BACKFILL_AUTO
2026-07-11 16:43:12,1783788192,R_75,54464.1853,-1,8.510099999999511,BACKFILL_AUTO
2026-07-11 16:43:14,1783788194,R_75,54457.2805,-1,6.904799999996612,BACKFILL_AUTO
2026-07-11 16:43:16,1783788196,R_75,54464.6699,1,7.389400000000023,BACKFILL_AUTO
2026-07-11 16:43:18,1783788198,R_75,54467.6026,1,2.932699999997567,BACKFILL_AUTO
2026-07-11 16:43:20,1783788200,R_75,54465.9644,-1,1.638200000001234,BACKFILL_AUTO
2026-07-11 16:43:22,1783788202,R_75,54476.1753,1,10.210900000005495,BACKFILL_AUTO
2026-07-11 16:43:24,1783788204,R_75,54473.2279,-1,2.9474000000045635,BACKFILL_AUTO
2026-07-11 16:43:26,1783788206,R_75,54465.6105,-1,7.617399999995541,BACKFILL_AUTO
2026-07-11 16:43:28,1783788208,R_75,54471.9824,1,6.371899999998277,BACKFILL_AUTO
2026-07-11 16:43:30,1783788210,R_75,54461.5269,-1,10.455500000003667,BACKFILL_AUTO
2026-07-11 16:43:32,1783788212,R_75,54466.3766,1,4.8497000000061234,BACKFILL_AUTO
2026-07-11 16:43:34,1783788214,R_75,54460.033,-1,6.343600000000151,BACKFILL_AUTO
2026-07-11 16:43:36,1783788216,R_75,54456.4093,-1,3.623700000003737,BACKFILL_AUTO
2026-07-11 16:43:38,1783788218,R_75,54456.1401,-1,0.26920000000245636,BACKFILL_AUTO
2026-07-11 16:43:40,1783788220,R_75,54456.7004,1,0.560300000004645,BACKFILL_AUTO
2026-07-11 16:43:42,1783788222,R_75,54444.636,-1,12.064400000002934,BACKFILL_AUTO
2026-07-11 16:43:44,1783788224,R_75,54452.8145,1,8.178500000001804,BACKFILL_AUTO
2026-07-11 16:43:46,1783788226,R_75,54434.7296,-1,18.084900000001653,BACKFILL_AUTO
2026-07-11 16:43:48,1783788228,R_75,54441.4323,1,6.7027000000016415,BACKFILL_AUTO
2026-07-11 16:43:50,1783788230,R_75,54439.1471,-1,2.28519999999844,BACKFILL_AUTO
2026-07-11 16:43:52,1783788232,R_75,54450.031,1,10.883900000000722,BACKFILL_AUTO
2026-07-11 16:43:54,1783788234,R_75,54459.1015,1,9.070499999994354,BACKFILL_AUTO
2026-07-11 16:43:56,1783788236,R_75,54451.1233,-1,7.9781999999977415,BACKFILL_AUTO
2026-07-11 16:43:58,1783788238,R_75,54448.5478,-1,2.5754999999990105,BACKFILL_AUTO
2026-07-11 16:44:00,1783788240,R_75,54459.1107,1,10.562899999997171,BACKFILL_AUTO
2026-07-11 16:44:02,1783788242,R_75,54448.8227,-1,10.288000000000466,BACKFILL_AUTO
2026-07-11 16:44:04,1783788244,R_75,54438.17,-1,10.652699999998731,BACKFILL_AUTO
2026-07-11 16:44:06,1783788246,R_75,54421.4048,-1,16.76520000000164,BACKFILL_AUTO
2026-07-11 16:44:08,1783788248,R_75,54425.9442,1,4.5394000000014785,BACKFILL_AUTO
2026-07-11 16:44:10,1783788250,R_75,54430.9121,1,4.967900000003283,BACKFILL_AUTO
2026-07-11 16:44:12,1783788252,R_75,54449.6073,1,18.695200000001932,BACKFILL_AUTO
2026-07-11 16:44:14,1783788254,R_75,54466.5276,1,16.92029999999795,BACKFILL_AUTO
2026-07-11 16:44:16,1783788256,R_75,54487.1238,1,20.596199999999953,BACKFILL_AUTO
2026-07-11 16:44:18,1783788258,R_75,54500.1734,1,13.049599999998463,BACKFILL_AUTO
2026-07-11 16:44:20,1783788260,R_75,54517.7227,1,17.549299999998766,BACKFILL_AUTO
2026-07-11 16:44:22,1783788262,R_75,54505.2476,-1,12.475099999996019,BACKFILL_AUTO
2026-07-11 16:44:24,1783788264,R_75,54510.5416,1,5.293999999994412,BACKFILL_AUTO
2026-07-11 16:44:26,1783788266,R_75,54514.2408,1,3.6992000000027474,BACKFILL_AUTO
2026-07-11 16:44:28,1783788268,R_75,54510.3946,-1,3.8461999999999534,BACKFILL_AUTO
2026-07-11 16:44:30,1783788270,R_75,54504.17,-1,6.224600000001374,BACKFILL_AUTO
2026-07-11 16:44:32,1783788272,R_75,54514.9763,1,10.80630000000383,BACKFILL_AUTO
2026-07-11 16:44:34,1783788274,R_75,54507.4687,-1,7.507600000004459,BACKFILL_AUTO
2026-07-11 16:44:36,1783788276,R_75,54491.0676,-1,16.401099999995495,BACKFILL_AUTO
2026-07-11 16:44:38,1783788278,R_75,54492.7618,1,1.6941999999980908,BACKFILL_AUTO
2026-07-11 16:44:40,1783788280,R_75,54474.816,-1,17.945800000001327,BACKFILL_AUTO
2026-07-11 16:44:42,1783788282,R_75,54479.1432,1,4.327199999999721,BACKFILL_AUTO
2026-07-11 16:44:44,1783788284,R_75,54492.053,1,12.909800000001269,BACKFILL_AUTO
2026-07-11 16:44:46,1783788286,R_75,54498.5837,1,6.53070000000298,BACKFILL_AUTO
2026-07-11 16:44:48,1783788288,R_75,54517.6699,1,19.086199999997916,BACKFILL_AUTO
2026-07-11 16:44:50,1783788290,R_75,54506.9609,-1,10.709000000002561,BACKFILL_AUTO
2026-07-11 16:44:52,1783788292,R_75,54509.2697,1,2.3087999999988824,BACKFILL_AUTO
2026-07-11 16:44:54,1783788294,R_75,54493.4205,-1,15.849199999996927,BACKFILL_AUTO
2026-07-11 16:44:56,1783788296,R_75,54506.101,1,12.680500000002212,BACKFILL_AUTO
2026-07-11 16:44:58,1783788298,R_75,54522.9709,1,16.86989999999787,BACKFILL_AUTO
2026-07-11 16:45:00,1783788300,R_75,54542.6822,1,19.711300000002666,BACKFILL_AUTO
2026-07-11 16:45:02,1783788302,R_75,54535.4013,-1,7.280900000005204,BACKFILL_AUTO
2026-07-11 16:45:04,1783788304,R_75,54541.0963,1,5.694999999999709,BACKFILL_AUTO
2026-07-11 16:45:06,1783788306,R_75,54531.9566,-1,9.13969999999972,BACKFILL_AUTO
2026-07-11 16:45:08,1783788308,R_75,54559.6301,1,27.673500000004424,BACKFILL_AUTO
2026-07-11 16:45:10,1783788310,R_75,54560.3376,1,0.7074999999967986,BACKFILL_AUTO
2026-07-11 16:45:12,1783788312,R_75,54561.0061,1,0.6684999999997672,BACKFILL_AUTO
2026-07-11 16:45:14,1783788314,R_75,54563.3378,1,2.3317000000024564,BACKFILL_AUTO
2026-07-11 16:45:16,1783788316,R_75,54590.8871,1,27.549299999998766,BACKFILL_AUTO
2026-07-11 16:45:18,1783788318,R_75,54585.016,-1,5.871099999996659,BACKFILL_AUTO
2026-07-11 16:45:20,1783788320,R_75,54595.8115,1,10.795500000000175,BACKFILL_AUTO
2026-07-11 16:45:22,1783788322,R_75,54600.5183,1,4.70679999999993,BACKFILL_AUTO
2026-07-11 16:45:24,1783788324,R_75,54599.8679,-1,0.6504000000059023,BACKFILL_AUTO
2026-07-11 16:45:26,1783788326,R_75,54594.4693,-1,5.398600000000442,BACKFILL_AUTO
2026-07-11 16:45:28,1783788328,R_75,54590.718,-1,3.751299999996263,BACKFILL_AUTO
2026-07-11 16:45:30,1783788330,R_75,54584.6831,-1,6.034899999998743,BACKFILL_AUTO
2026-07-11 16:45:32,1783788332,R_75,54582.5742,-1,2.1088999999992666,BACKFILL_AUTO
2026-07-11 16:45:34,1783788334,R_75,54601.6352,1,19.060999999994237,BACKFILL_AUTO
2026-07-11 16:45:36,1783788336,R_75,54613.9922,1,12.357000000003609,BACKFILL_AUTO
2026-07-11 16:45:38,1783788338,R_75,54608.4874,-1,5.504800000002433,BACKFILL_AUTO
2026-07-11 16:45:40,1783788340,R_75,54600.273,-1,8.214399999997113,BACKFILL_AUTO
2026-07-11 16:45:42,1783788342,R_75,54586.447,-1,13.826000000000931,BACKFILL_AUTO
2026-07-11 16:45:44,1783788344,R_75,54584.7465,-1,1.7004999999990105,BACKFILL_AUTO
2026-07-11 16:45:46,1783788346,R_75,54582.0885,-1,2.658000000003085,BACKFILL_AUTO
2026-07-11 16:45:48,1783788348,R_75,54574.35,-1,7.738499999999476,BACKFILL_AUTO
2026-07-11 16:45:50,1783788350,R_75,54581.8764,1,7.526400000002468,BACKFILL_AUTO
2026-07-11 16:45:52,1783788352,R_75,54569.0405,-1,12.835899999998219,BACKFILL_AUTO
2026-07-11 16:45:54,1783788354,R_75,54579.3207,1,10.280199999993783,BACKFILL_AUTO
2026-07-11 16:45:56,1783788356,R_75,54563.622,-1,15.69869999999355,BACKFILL_AUTO
2026-07-11 16:45:58,1783788358,R_75,54559.2716,-1,4.350400000002992,BACKFILL_AUTO
2026-07-11 16:46:00,1783788360,R_75,54537.9112,-1,21.360399999997753,BACKFILL_AUTO
2026-07-11 16:46:02,1783788362,R_75,54529.3212,-1,8.590000000003783,BACKFILL_AUTO
2026-07-11 16:46:04,1783788364,R_75,54509.8041,-1,19.5170999999973,BACKFILL_AUTO
2026-07-11 16:46:06,1783788366,R_75,54501.2226,-1,8.581500000000233,BACKFILL_AUTO
2026-07-11 16:46:08,1783788368,R_75,54517.9859,1,16.763299999998708,BACKFILL_AUTO
2026-07-11 16:46:10,1783788370,R_75,54505.8676,-1,12.11830000000191,BACKFILL_AUTO
2026-07-11 16:46:12,1783788372,R_75,54510.2982,1,4.430599999999686,BACKFILL_AUTO
2026-07-11 16:46:14,1783788374,R_75,54505.3641,-1,4.93409999999858,BACKFILL_AUTO
2026-07-11 16:46:16,1783788376,R_75,54496.7938,-1,8.570299999999406,BACKFILL_AUTO
2026-07-11 16:46:18,1783788378,R_75,54492.7843,-1,4.009500000000116,BACKFILL_AUTO
2026-07-11 16:46:20,1783788380,R_75,54492.7945,1,0.0102000000042608,BACKFILL_AUTO
2026-07-11 16:46:22,1783788382,R_75,54495.4836,1,2.6890999999959604,BACKFILL_AUTO
2026-07-11 16:46:24,1783788384,R_75,54505.6966,1,10.213000000003376,BACKFILL_AUTO
2026-07-11 16:46:26,1783788386,R_75,54491.9285,-1,13.76810000000114,BACKFILL_AUTO
2026-07-11 16:46:28,1783788388,R_75,54490.1967,-1,1.7318000000013853,BACKFILL_AUTO
2026-07-11 16:46:30,1783788390,R_75,54492.0074,1,1.810700000001816,BACKFILL_AUTO
2026-07-11 16:46:32,1783788392,R_75,54482.732,-1,9.275399999998626,BACKFILL_AUTO
2026-07-11 16:46:34,1783788394,R_75,54465.7411,-1,16.99090000000433,BACKFILL_AUTO
2026-07-11 16:46:36,1783788396,R_75,54454.624,-1,11.117099999995844,BACKFILL_AUTO
2026-07-11 16:46:38,1783788398,R_75,54446.9838,-1,7.6402000000016415,BACKFILL_AUTO
2026-07-11 16:46:40,1783788400,R_75,54435.6392,-1,11.344600000003993,BACKFILL_AUTO
2026-07-11 16:46:42,1783788402,R_75,54440.0836,1,4.444400000000314,BACKFILL_AUTO
2026-07-11 16:46:44,1783788404,R_75,54426.5336,-1,13.549999999995634,BACKFILL_AUTO
2026-07-11 16:46:46,1783788406,R_75,54449.7854,1,23.251799999998184,BACKFILL_AUTO
2026-07-11 16:46:48,1783788408,R_75,54455.9433,1,6.157899999998335,BACKFILL_AUTO
2026-07-11 16:46:50,1783788410,R_75,54450.7102,-1,5.233099999997648,BACKFILL_AUTO
2026-07-11 16:46:52,1783788412,R_75,54430.4348,-1,20.275399999998626,BACKFILL_AUTO
2026-07-11 16:46:54,1783788414,R_75,54443.6024,1,13.167600000000675,BACKFILL_AUTO
2026-07-11 16:46:56,1783788416,R_75,54456.482,1,12.87960000000021,BACKFILL_AUTO
2026-07-11 16:46:58,1783788418,R_75,54444.8625,-1,11.619500000000698,BACKFILL_AUTO
2026-07-11 16:47:00,1783788420,R_75,54435.9443,-1,8.91820000000007,BACKFILL_AUTO
2026-07-11 16:47:02,1783788422,R_75,54442.4805,1,6.536199999995006,BACKFILL_AUTO
2026-07-11 16:47:04,1783788424,R_75,54432.7543,-1,9.726199999997334,BACKFILL_AUTO
2026-07-11 16:47:06,1783788426,R_75,54428.9001,-1,3.8542000000015832,BACKFILL_AUTO
2026-07-11 16:47:08,1783788428,R_75,54421.5705,-1,7.329599999997299,BACKFILL_AUTO
2026-07-11 16:47:10,1783788430,R_75,54416.347,-1,5.223500000000058,BACKFILL_AUTO
2026-07-11 16:47:12,1783788432,R_75,54417.022,1,0.6749999999956344,BACKFILL_AUTO
2026-07-11 16:47:14,1783788434,R_75,54414.8715,-1,2.1504999999961,BACKFILL_AUTO
2026-07-11 16:47:16,1783788436,R_75,54403.3454,-1,11.52610000000277,BACKFILL_AUTO
2026-07-11 16:47:18,1783788438,R_75,54383.0598,-1,20.28559999999561,BACKFILL_AUTO
2026-07-11 16:47:20,1783788440,R_75,54399.264,1,16.204200000000128,BACKFILL_AUTO
2026-07-11 16:47:22,1783788442,R_75,54391.1574,-1,8.106600000006438,BACKFILL_AUTO
2026-07-11 16:47:24,1783788444,R_75,54381.9839,-1,9.173499999997148,BACKFILL_AUTO
2026-07-11 16:47:26,1783788446,R_75,54395.1009,1,13.11699999999837,BACKFILL_AUTO
2026-07-11 16:47:28,1783788448,R_75,54404.2124,1,9.111499999999069,BACKFILL_AUTO
2026-07-11 16:47:30,1783788450,R_75,54408.7686,1,4.556200000006356,BACKFILL_AUTO
2026-07-11 16:47:32,1783788452,R_75,54413.6585,1,4.889899999994668,BACKFILL_AUTO
2026-07-11 16:47:34,1783788454,R_75,54409.0661,-1,4.592400000001362,BACKFILL_AUTO
2026-07-11 16:47:36,1783788456,R_75,54407.6255,-1,1.440599999994447,BACKFILL_AUTO
2026-07-11 16:47:38,1783788458,R_75,54398.8662,-1,8.759300000005169,BACKFILL_AUTO
2026-07-11 16:47:40,1783788460,R_75,54411.2526,1,12.38640000000305,BACKFILL_AUTO
2026-07-11 16:47:42,1783788462,R_75,54417.9263,1,6.673699999999371,BACKFILL_AUTO
2026-07-11 16:47:44,1783788464,R_75,54417.7981,-1,0.12819999999919673,BACKFILL_AUTO
2026-07-11 16:47:46,1783788466,R_75,54410.8892,-1,6.908900000002177,BACKFILL_AUTO
2026-07-11 16:47:48,1783788468,R_75,54402.8012,-1,8.0879999999961,BACKFILL_AUTO
2026-07-11 16:47:50,1783788470,R_75,54406.8043,1,4.003100000001723,BACKFILL_AUTO
2026-07-11 16:47:52,1783788472,R_75,54408.5989,1,1.7945999999938067,BACKFILL_AUTO
2026-07-11 16:47:54,1783788474,R_75,54417.0018,1,8.402900000000955,BACKFILL_AUTO
2026-07-11 16:47:56,1783788476,R_75,54417.7713,1,0.7695000000021537,BACKFILL_AUTO
2026-07-11 16:47:58,1783788478,R_75,54416.0588,-1,1.7125000000014552,BACKFILL_AUTO
2026-07-11 16:48:00,1783788480,R_75,54432.4331,1,16.37430000000313,BACKFILL_AUTO
2026-07-11 16:48:02,1783788482,R_75,54422.0039,-1,10.429199999998673,BACKFILL_AUTO
2026-07-11 16:48:04,1783788484,R_75,54418.1998,-1,3.804100000001199,BACKFILL_AUTO
2026-07-11 16:48:06,1783788486,R_75,54428.1163,1,9.91649999999936,BACKFILL_AUTO
2026-07-11 16:48:08,1783788488,R_75,54429.9959,1,1.8796000000002095,BACKFILL_AUTO
2026-07-11 16:48:10,1783788490,R_75,54440.6259,1,10.62999999999738,BACKFILL_AUTO
2026-07-11 16:48:12,1783788492,R_75,54444.9812,1,4.355300000002899,BACKFILL_AUTO
2026-07-11 16:48:14,1783788494,R_75,54449.9493,1,4.9680999999982305,BACKFILL_AUTO
2026-07-11 16:48:16,1783788496,R_75,54453.0257,1,3.0763999999981024,BACKFILL_AUTO
2026-07-11 16:48:18,1783788498,R_75,54475.7939,1,22.768199999998615,BACKFILL_AUTO
2026-07-11 16:48:20,1783788500,R_75,54473.1173,-1,2.6765999999988708,BACKFILL_AUTO
2026-07-11 16:48:22,1783788502,R_75,54482.2036,1,9.086300000002666,BACKFILL_AUTO
2026-07-11 16:48:24,1783788504,R_75,54484.3835,1,2.1799000000028173,BACKFILL_AUTO
2026-07-11 16:48:26,1783788506,R_75,54477.9857,-1,6.3978000000061,BACKFILL_AUTO
2026-07-11 16:48:28,1783788508,R_75,54470.4969,-1,7.4887999999991735,BACKFILL_AUTO
2026-07-11 16:48:30,1783788510,R_75,54477.1392,1,6.642299999999523,BACKFILL_AUTO
2026-07-11 16:48:32,1783788512,R_75,54485.6736,1,8.534400000004098,BACKFILL_AUTO
2026-07-11 16:48:34,1783788514,R_75,54489.6796,1,4.006000000001222,BACKFILL_AUTO
2026-07-11 16:48:36,1783788516,R_75,54494.9242,1,5.244599999998172,BACKFILL_AUTO
2026-07-11 16:48:38,1783788518,R_75,54483.9046,-1,11.019599999999627,BACKFILL_AUTO
2026-07-11 16:48:40,1783788520,R_75,54477.6264,-1,6.278200000000652,BACKFILL_AUTO
2026-07-11 16:48:42,1783788522,R_75,54483.7815,1,6.15509999999631,BACKFILL_AUTO
2026-07-11 16:48:44,1783788524,R_75,54499.3902,1,15.608700000004319,BACKFILL_AUTO
2026-07-11 16:48:46,1783788526,R_75,54474.957,-1,24.433199999999488,BACKFILL_AUTO
2026-07-11 16:48:48,1783788528,R_75,54479.2669,1,4.309900000000198,BACKFILL_AUTO
2026-07-11 16:48:50,1783788530,R_75,54467.9946,-1,11.27230000000418,BACKFILL_AUTO
2026-07-11 16:48:52,1783788532,R_75,54463.8107,-1,4.183899999996356,BACKFILL_AUTO
2026-07-11 16:48:54,1783788534,R_75,54469.9199,1,6.109199999998964,BACKFILL_AUTO
2026-07-11 16:48:56,1783788536,R_75,54457.6582,-1,12.261700000002747,BACKFILL_AUTO
2026-07-11 16:48:58,1783788538,R_75,54465.7464,1,8.0882000000056,BACKFILL_AUTO
2026-07-11 16:49:00,1783788540,R_75,54464.9889,-1,0.7575000000069849,BACKFILL_AUTO
2026-07-11 16:49:02,1783788542,R_75,54451.2937,-1,13.695199999994657,BACKFILL_AUTO
2026-07-11 16:49:04,1783788544,R_75,54452.7017,1,1.407999999995809,BACKFILL_AUTO
2026-07-11 16:49:06,1783788546,R_75,54435.5524,-1,17.14929999999731,BACKFILL_AUTO
2026-07-11 16:49:08,1783788548,R_75,54446.5515,1,10.999100000000908,BACKFILL_AUTO
2026-07-11 16:49:10,1783788550,R_75,54453.3157,1,6.7641999999978,BACKFILL_AUTO
2026-07-11 16:49:12,1783788552,R_75,54441.4831,-1,11.832600000001548,BACKFILL_AUTO
2026-07-11 16:49:14,1783788554,R_75,54453.0875,1,11.604400000003807,BACKFILL_AUTO
2026-07-11 16:49:16,1783788556,R_75,54460.4501,1,7.362600000000384,BACKFILL_AUTO
2026-07-11 16:49:18,1783788558,R_75,54449.7222,-1,10.72790000000532,BACKFILL_AUTO
2026-07-11 16:49:20,1783788560,R_75,54445.1115,-1,4.6106999999974505,BACKFILL_AUTO
2026-07-11 16:49:22,1783788562,R_75,54444.9364,-1,0.17510000000038417,BACKFILL_AUTO
2026-07-11 16:49:24,1783788564,R_75,54431.075,-1,13.861400000001595,BACKFILL_AUTO
2026-07-11 16:49:26,1783788566,R_75,54424.3334,-1,6.741599999993923,BACKFILL_AUTO
2026-07-11 16:49:28,1783788568,R_75,54436.1629,1,11.829499999999825,BACKFILL_AUTO
2026-07-11 16:49:30,1783788570,R_75,54434.8573,-1,1.3055999999996857,BACKFILL_AUTO
2026-07-11 16:49:32,1783788572,R_75,54414.5208,-1,20.33650000000489,BACKFILL_AUTO
2026-07-11 16:49:34,1783788574,R_75,54420.4862,1,5.965400000000955,BACKFILL_AUTO
2026-07-11 16:49:36,1783788576,R_75,54420.81,1,0.32379999999830034,BACKFILL_AUTO
2026-07-11 16:49:38,1783788578,R_75,54414.4177,-1,6.392299999999523,BACKFILL_AUTO
2026-07-11 16:49:40,1783788580,R_75,54421.9522,1,7.534500000001572,BACKFILL_AUTO
2026-07-11 16:49:42,1783788582,R_75,54413.8738,-1,8.07839999999851,BACKFILL_AUTO
2026-07-11 16:49:44,1783788584,R_75,54415.2585,1,1.38470000000234,BACKFILL_AUTO
2026-07-11 16:49:46,1783788586,R_75,54412.5277,-1,2.7308000000048196,BACKFILL_AUTO
2026-07-11 16:49:48,1783788588,R_75,54412.0921,-1,0.43559999999706633,BACKFILL_AUTO
2026-07-11 16:49:50,1783788590,R_75,54414.5148,1,2.4226999999955297,BACKFILL_AUTO
2026-07-11 16:49:52,1783788592,R_75,54402.208,-1,12.306799999998475,BACKFILL_AUTO
2026-07-11 16:49:54,1783788594,R_75,54399.0981,-1,3.1098999999958323,BACKFILL_AUTO
2026-07-11 16:49:56,1783788596,R_75,54394.7301,-1,4.368000000002212,BACKFILL_AUTO
2026-07-11 16:49:58,1783788598,R_75,54399.8119,1,5.08179999999993,BACKFILL_AUTO
2026-07-11 16:50:00,1783788600,R_75,54400.9878,1,1.1759000000020023,BACKFILL_AUTO
2026-07-11 16:50:02,1783788602,R_75,54401.033,1,0.0452000000004773,BACKFILL_AUTO
2026-07-11 16:50:04,1783788604,R_75,54400.5999,-1,0.433100000002014,BACKFILL_AUTO
2026-07-11 16:50:06,1783788606,R_75,54391.0246,-1,9.575300000004063,BACKFILL_AUTO
2026-07-11 16:50:08,1783788608,R_75,54403.7652,1,12.740600000004633,BACKFILL_AUTO
2026-07-11 16:50:10,1783788610,R_75,54398.4671,-1,5.298099999999977,BACKFILL_AUTO
2026-07-11 16:50:12,1783788612,R_75,54411.8401,1,13.372999999999593,BACKFILL_AUTO
2026-07-11 16:50:14,1783788614,R_75,54401.8406,-1,9.99949999999808,BACKFILL_AUTO
2026-07-11 16:50:16,1783788616,R_75,54393.4195,-1,8.42109999999957,BACKFILL_AUTO
2026-07-11 16:50:18,1783788618,R_75,54384.2746,-1,9.1449000000066,BACKFILL_AUTO
2026-07-11 16:50:20,1783788620,R_75,54394.864,1,10.589400000004389,BACKFILL_AUTO
2026-07-11 16:50:22,1783788622,R_75,54399.2964,1,4.43239999999787,BACKFILL_AUTO
2026-07-11 16:50:24,1783788624,R_75,54402.6159,1,3.319499999997788,BACKFILL_AUTO
2026-07-11 16:50:26,1783788626,R_75,54405.9869,1,3.371000000006461,BACKFILL_AUTO
2026-07-11 16:50:28,1783788628,R_75,54403.6479,-1,2.338999999999942,BACKFILL_AUTO
2026-07-11 16:50:30,1783788630,R_75,54401.582,-1,2.0659000000014203,BACKFILL_AUTO
2026-07-11 16:50:32,1783788632,R_75,54400.2215,-1,1.360500000002503,BACKFILL_AUTO
2026-07-11 16:50:34,1783788634,R_75,54399.2667,-1,0.9547999999995227,BACKFILL_AUTO
2026-07-11 16:50:36,1783788636,R_75,54398.977,-1,0.2897000000011758,BACKFILL_AUTO
2026-07-11 16:50:38,1783788638,R_75,54403.6282,1,4.6512000000002445,BACKFILL_AUTO
2026-07-11 16:50:40,1783788640,R_75,54399.2441,-1,4.384099999995669,BACKFILL_AUTO
2026-07-11 16:50:42,1783788642,R_75,54399.711,1,0.4668999999994412,BACKFILL_AUTO
2026-07-11 16:50:44,1783788644,R_75,54398.2663,-1,1.4447000000000116,BACKFILL_AUTO
2026-07-11 16:50:46,1783788646,R_75,54394.2622,-1,4.004100000005565,BACKFILL_AUTO
2026-07-11 16:50:48,1783788648,R_75,54390.1355,-1,4.12670000000071,BACKFILL_AUTO
2026-07-11 16:50:50,1783788650,R_75,54389.8327,-1,0.30279999999766005,BACKFILL_AUTO
2026-07-11 16:50:52,1783788652,R_75,54389.4419,-1,0.3908000000010361,BACKFILL_AUTO
2026-07-11 16:50:54,1783788654,R_75,54380.8123,-1,8.62960000000021,BACKFILL_AUTO
2026-07-11 16:50:56,1783788656,R_75,54368.7452,-1,12.06710000000021,BACKFILL_AUTO
2026-07-11 16:50:58,1783788658,R_75,54360.6911,-1,8.054100000001199,BACKFILL_AUTO
2026-07-11 16:51:00,1783788660,R_75,54340.1235,-1,20.567599999994854,BACKFILL_AUTO
2026-07-11 16:51:02,1783788662,R_75,54337.0055,-1,3.118000000002212,BACKFILL_AUTO
2026-07-11 16:51:04,1783788664,R_75,54344.2413,1,7.2358000000022,BACKFILL_AUTO
2026-07-11 16:51:06,1783788666,R_75,54342.797,-1,1.4443000000028405,BACKFILL_AUTO
2026-07-11 16:51:08,1783788668,R_75,54353.8527,1,11.055700000004435,BACKFILL_AUTO
2026-07-11 16:51:10,1783788670,R_75,54360.5961,1,6.743399999999383,BACKFILL_AUTO
2026-07-11 16:51:12,1783788672,R_75,54359.4462,-1,1.1499000000039814,BACKFILL_AUTO
2026-07-11 16:51:14,1783788674,R_75,54357.7169,-1,1.729299999999057,BACKFILL_AUTO
2026-07-11 16:51:16,1783788676,R_75,54372.3237,1,14.606800000001385,BACKFILL_AUTO
2026-07-11 16:51:18,1783788678,R_75,54368.896,-1,3.4277000000001863,BACKFILL_AUTO
2026-07-11 16:51:20,1783788680,R_75,54373.6897,1,4.793700000001991,BACKFILL_AUTO
2026-07-11 16:51:22,1783788682,R_75,54376.9719,1,3.282199999994191,BACKFILL_AUTO
2026-07-11 16:51:24,1783788684,R_75,54394.4318,1,17.459900000001653,BACKFILL_AUTO
2026-07-11 16:51:26,1783788686,R_75,54391.6447,-1,2.7871000000013737,BACKFILL_AUTO
2026-07-11 16:51:28,1783788688,R_75,54380.3097,-1,11.334999999999127,BACKFILL_AUTO
2026-07-11 16:51:30,1783788690,R_75,54361.2686,-1,19.041099999994913,BACKFILL_AUTO
2026-07-11 16:51:32,1783788692,R_75,54366.5514,1,5.2827999999935855,BACKFILL_AUTO
2026-07-11 16:51:34,1783788694,R_75,54366.8199,1,0.26850000000558794,BACKFILL_AUTO
2026-07-11 16:51:36,1783788696,R_75,54356.9548,-1,9.865100000002712,BACKFILL_AUTO
2026-07-11 16:51:38,1783788698,R_75,54353.9044,-1,3.0504000000000815,BACKFILL_AUTO
2026-07-11 16:51:40,1783788700,R_75,54363.3237,1,9.419300000001385,BACKFILL_AUTO
2026-07-11 16:51:42,1783788702,R_75,54367.1598,1,3.8361000000004424,BACKFILL_AUTO
2026-07-11 16:51:44,1783788704,R_75,54360.9971,-1,6.162700000000768,BACKFILL_AUTO
2026-07-11 16:51:46,1783788706,R_75,54357.5347,-1,3.4624000000039814,BACKFILL_AUTO
2026-07-11 16:51:48,1783788708,R_75,54374.7919,1,17.25720000000001,BACKFILL_AUTO
2026-07-11 16:51:50,1783788710,R_75,54375.9222,1,1.130300000004354,BACKFILL_AUTO
2026-07-11 16:51:52,1783788712,R_75,54360.1264,-1,15.795799999999872,BACKFILL_AUTO
2026-07-11 16:51:54,1783788714,R_75,54358.2676,-1,1.8588000000017928,BACKFILL_AUTO
2026-07-11 16:51:56,1783788716,R_75,54343.1199,-1,15.14770000000135,BACKFILL_AUTO
2026-07-11 16:51:58,1783788718,R_75,54330.3301,-1,12.78979999999865,BACKFILL_AUTO
2026-07-11 16:52:00,1783788720,R_75,54343.1388,1,12.808700000001409,BACKFILL_AUTO
2026-07-11 16:52:02,1783788722,R_75,54327.0404,-1,16.098400000002584,BACKFILL_AUTO
2026-07-11 16:52:04,1783788724,R_75,54341.6887,1,14.648300000000745,BACKFILL_AUTO
2026-07-11 16:52:06,1783788726,R_75,54310.0135,-1,31.675199999997858,BACKFILL_AUTO
2026-07-11 16:52:08,1783788728,R_75,54291.9285,-1,18.084999999999127,BACKFILL_AUTO
2026-07-11 16:52:10,1783788730,R_75,54292.9914,1,1.062899999997171,BACKFILL_AUTO
2026-07-11 16:52:12,1783788732,R_75,54288.1667,-1,4.824699999997392,BACKFILL_AUTO
2026-07-11 16:52:14,1783788734,R_75,54302.0516,1,13.884899999997288,BACKFILL_AUTO
2026-07-11 16:52:16,1783788736,R_75,54289.356,-1,12.695599999999104,BACKFILL_AUTO
2026-07-11 16:52:18,1783788738,R_75,54297.0565,1,7.7004999999990105,BACKFILL_AUTO
2026-07-11 16:52:20,1783788740,R_75,54292.287,-1,4.769500000002154,BACKFILL_AUTO
2026-07-11 16:52:22,1783788742,R_75,54288.7594,-1,3.5275999999939813,BACKFILL_AUTO
2026-07-11 16:52:24,1783788744,R_75,54291.5253,1,2.76589999999851,BACKFILL_AUTO
2026-07-11 16:52:26,1783788746,R_75,54297.5561,1,6.030800000000454,BACKFILL_AUTO
2026-07-11 16:52:28,1783788748,R_75,54303.8812,1,6.325100000001839,BACKFILL_AUTO
2026-07-11 16:52:30,1783788750,R_75,54312.4446,1,8.563399999999092,BACKFILL_AUTO
2026-07-11 16:52:32,1783788752,R_75,54303.5038,-1,8.940800000003946,BACKFILL_AUTO
2026-07-11 16:52:34,1783788754,R_75,54306.3044,1,2.800600000002305,BACKFILL_AUTO
2026-07-11 16:52:36,1783788756,R_75,54280.1469,-1,26.157500000001164,BACKFILL_AUTO
2026-07-11 16:52:38,1783788758,R_75,54276.1234,-1,4.023500000002969,BACKFILL_AUTO
2026-07-11 16:52:40,1783788760,R_75,54280.9397,1,4.816300000005867,BACKFILL_AUTO
2026-07-11 16:52:42,1783788762,R_75,54289.8279,1,8.888199999993958,BACKFILL_AUTO
2026-07-11 16:52:44,1783788764,R_75,54272.9095,-1,16.918399999995017,BACKFILL_AUTO
2026-07-11 16:52:46,1783788766,R_75,54278.4218,1,5.512299999994866,BACKFILL_AUTO
2026-07-11 16:52:48,1783788768,R_75,54272.2016,-1,6.220199999996112,BACKFILL_AUTO
2026-07-11 16:52:50,1783788770,R_75,54273.2519,1,1.0503000000026077,BACKFILL_AUTO
2026-07-11 16:52:52,1783788772,R_75,54278.4409,1,5.188999999998487,BACKFILL_AUTO
2026-07-11 16:52:54,1783788774,R_75,54274.9686,-1,3.472300000001269,BACKFILL_AUTO
2026-07-11 16:52:56,1783788776,R_75,54281.2606,1,6.292000000001281,BACKFILL_AUTO
2026-07-11 16:52:58,1783788778,R_75,54296.5023,1,15.241699999998673,BACKFILL_AUTO
2026-07-11 16:53:00,1783788780,R_75,54279.73,-1,16.772299999996903,BACKFILL_AUTO
2026-07-11 16:53:02,1783788782,R_75,54280.9284,1,1.1983999999938533,BACKFILL_AUTO
2026-07-11 16:53:04,1783788784,R_75,54275.3396,-1,5.588799999997718,BACKFILL_AUTO
2026-07-11 16:53:06,1783788786,R_75,54266.4638,-1,8.875800000001618,BACKFILL_AUTO
2026-07-11 16:53:08,1783788788,R_75,54272.1745,1,5.710700000003271,BACKFILL_AUTO
2026-07-11 16:53:10,1783788790,R_75,54268.0871,-1,4.087400000003981,BACKFILL_AUTO
2026-07-11 16:53:12,1783788792,R_75,54256.8875,-1,11.199599999999919,BACKFILL_AUTO
2026-07-11 16:53:14,1783788794,R_75,54251.0873,-1,5.800199999997858,BACKFILL_AUTO
2026-07-11 16:53:16,1783788796,R_75,54253.7303,1,2.643000000003667,BACKFILL_AUTO
2026-07-11 16:53:18,1783788798,R_75,54247.6869,-1,6.043400000002293,BACKFILL_AUTO
2026-07-11 16:53:20,1783788800,R_75,54238.7271,-1,8.95980000000418,BACKFILL_AUTO
2026-07-11 16:53:22,1783788802,R_75,54238.0303,-1,0.6967999999978929,BACKFILL_AUTO
2026-07-11 16:53:24,1783788804,R_75,54238.5152,1,0.4849000000031083,BACKFILL_AUTO
2026-07-11 16:53:26,1783788806,R_75,54242.215,1,3.699799999994866,BACKFILL_AUTO
2026-07-11 16:53:28,1783788808,R_75,54235.1033,-1,7.111699999994016,BACKFILL_AUTO
2026-07-11 16:53:30,1783788810,R_75,54226.8878,-1,8.215500000005704,BACKFILL_AUTO
2026-07-11 16:53:32,1783788812,R_75,54219.1854,-1,7.702399999994668,BACKFILL_AUTO
2026-07-11 16:53:34,1783788814,R_75,54204.6039,-1,14.581500000000233,BACKFILL_AUTO
2026-07-11 16:53:36,1783788816,R_75,54207.5582,1,2.954299999997602,BACKFILL_AUTO
2026-07-11 16:53:38,1783788818,R_75,54219.1299,1,11.571700000000419,BACKFILL_AUTO
2026-07-11 16:53:40,1783788820,R_75,54215.6892,-1,3.4406999999991967,BACKFILL_AUTO
2026-07-11 16:53:42,1783788822,R_75,54226.4621,1,10.772899999996298,BACKFILL_AUTO
2026-07-11 16:53:44,1783788824,R_75,54219.7062,-1,6.755899999996473,BACKFILL_AUTO
2026-07-11 16:53:46,1783788826,R_75,54226.7424,1,7.036200000002282,BACKFILL_AUTO
2026-07-11 16:53:48,1783788828,R_75,54214.1444,-1,12.598000000005413,BACKFILL_AUTO
2026-07-11 16:53:50,1783788830,R_75,54213.0452,-1,1.0991999999969266,BACKFILL_AUTO
2026-07-11 16:53:52,1783788832,R_75,54204.6419,-1,8.403299999998126,BACKFILL_AUTO
2026-07-11 16:53:54,1783788834,R_75,54209.0693,1,4.427400000000489,BACKFILL_AUTO
2026-07-11 16:53:56,1783788836,R_75,54222.2158,1,13.146499999995285,BACKFILL_AUTO
2026-07-11 16:53:58,1783788838,R_75,54211.6759,-1,10.539899999996123,BACKFILL_AUTO
2026-07-11 16:54:00,1783788840,R_75,54220.1945,1,8.518599999995786,BACKFILL_AUTO
2026-07-11 16:54:02,1783788842,R_75,54214.4283,-1,5.766199999998207,BACKFILL_AUTO
2026-07-11 16:54:04,1783788844,R_75,54188.5382,-1,25.89009999999689,BACKFILL_AUTO
2026-07-11 16:54:06,1783788846,R_75,54186.4988,-1,2.0394000000014785,BACKFILL_AUTO
2026-07-11 16:54:08,1783788848,R_75,54192.0867,1,5.587899999998626,BACKFILL_AUTO
2026-07-11 16:54:10,1783788850,R_75,54190.275,-1,1.8116999999983818,BACKFILL_AUTO
2026-07-11 16:54:12,1783788852,R_75,54182.5026,-1,7.772400000001653,BACKFILL_AUTO
2026-07-11 16:54:14,1783788854,R_75,54175.4565,-1,7.046099999999569,BACKFILL_AUTO
2026-07-11 16:54:16,1783788856,R_75,54180.9183,1,5.461799999997311,BACKFILL_AUTO
2026-07-11 16:54:18,1783788858,R_75,54184.8391,1,3.920799999999872,BACKFILL_AUTO
2026-07-11 16:54:20,1783788860,R_75,54180.9252,-1,3.9138999999995576,BACKFILL_AUTO
2026-07-11 16:54:22,1783788862,R_75,54182.329,1,1.4038000000000466,BACKFILL_AUTO
2026-07-11 16:54:24,1783788864,R_75,54165.9709,-1,16.35809999999765,BACKFILL_AUTO
2026-07-11 16:54:26,1783788866,R_75,54163.6734,-1,2.297500000000582,BACKFILL_AUTO
2026-07-11 16:54:28,1783788868,R_75,54173.9197,1,10.246299999998882,BACKFILL_AUTO
2026-07-11 16:54:30,1783788870,R_75,54162.5212,-1,11.398499999995693,BACKFILL_AUTO
2026-07-11 16:54:32,1783788872,R_75,54153.9078,-1,8.613400000002002,BACKFILL_AUTO
2026-07-11 16:54:34,1783788874,R_75,54132.4656,-1,21.442199999997683,BACKFILL_AUTO
2026-07-11 16:54:36,1783788876,R_75,54129.8468,-1,2.61880000000383,BACKFILL_AUTO
2026-07-11 16:54:38,1783788878,R_75,54140.9017,1,11.054900000002817,BACKFILL_AUTO
2026-07-11 16:54:40,1783788880,R_75,54137.4243,-1,3.4774000000033993,BACKFILL_AUTO
2026-07-11 16:54:42,1783788882,R_75,54141.4899,1,4.065600000001723,BACKFILL_AUTO
2026-07-11 16:54:44,1783788884,R_75,54148.3857,1,6.895799999998417,BACKFILL_AUTO
2026-07-11 16:54:46,1783788886,R_75,54150.9556,1,2.569900000002235,BACKFILL_AUTO
2026-07-11 16:54:48,1783788888,R_75,54149.6501,-1,1.305500000002212,BACKFILL_AUTO
2026-07-11 16:54:50,1783788890,R_75,54163.9517,1,14.30159999999887,BACKFILL_AUTO
2026-07-11 16:54:52,1783788892,R_75,54172.3523,1,8.40060000000085,BACKFILL_AUTO
2026-07-11 16:54:54,1783788894,R_75,54171.2108,-1,1.1414999999979045,BACKFILL_AUTO
2026-07-11 16:54:56,1783788896,R_75,54166.7329,-1,4.477899999998044,BACKFILL_AUTO
2026-07-11 16:54:58,1783788898,R_75,54175.0551,1,8.322199999995064,BACKFILL_AUTO
2026-07-11 16:55:00,1783788900,R_75,54182.9007,1,7.845600000000559,BACKFILL_AUTO
2026-07-11 16:55:02,1783788902,R_75,54173.3735,-1,9.52719999999681,BACKFILL_AUTO
2026-07-11 16:55:04,1783788904,R_75,54184.4266,1,11.053099999997357,BACKFILL_AUTO
2026-07-11 16:55:06,1783788906,R_75,54179.5636,-1,4.862999999997555,BACKFILL_AUTO
2026-07-11 16:55:08,1783788908,R_75,54181.6729,1,2.1092999999964377,BACKFILL_AUTO
2026-07-11 16:55:10,1783788910,R_75,54185.8804,1,4.2075000000040745,BACKFILL_AUTO
2026-07-11 16:55:12,1783788912,R_75,54192.7876,1,6.907200000001467,BACKFILL_AUTO
2026-07-11 16:55:14,1783788914,R_75,54180.2939,-1,12.493700000006356,BACKFILL_AUTO
2026-07-11 16:55:16,1783788916,R_75,54167.5918,-1,12.70209999999497,BACKFILL_AUTO
2026-07-11 16:55:18,1783788918,R_75,54157.1769,-1,10.4149000000034,BACKFILL_AUTO
2026-07-11 16:55:20,1783788920,R_75,54173.6288,1,16.451900000000023,BACKFILL_AUTO
2026-07-11 16:55:22,1783788922,R_75,54169.5276,-1,4.101199999997334,BACKFILL_AUTO
2026-07-11 16:55:24,1783788924,R_75,54174.9094,1,5.381799999995565,BACKFILL_AUTO
2026-07-11 16:55:26,1783788926,R_75,54166.7096,-1,8.199799999994866,BACKFILL_AUTO
2026-07-11 16:55:28,1783788928,R_75,54171.3388,1,4.6291999999957625,BACKFILL_AUTO
2026-07-11 16:55:30,1783788930,R_75,54162.9892,-1,8.349599999994098,BACKFILL_AUTO
2026-07-11 16:55:32,1783788932,R_75,54145.4232,-1,17.56600000000617,BACKFILL_AUTO
2026-07-11 16:55:34,1783788934,R_75,54158.268,1,12.84479999999894,BACKFILL_AUTO
2026-07-11 16:55:36,1783788936,R_75,54165.7545,1,7.486500000006345,BACKFILL_AUTO
2026-07-11 16:55:38,1783788938,R_75,54166.2349,1,0.48040000000037253,BACKFILL_AUTO
2026-07-11 16:55:40,1783788940,R_75,54138.7721,-1,27.462800000001153,BACKFILL_AUTO
2026-07-11 16:55:42,1783788942,R_75,54154.6755,1,15.9033999999956,BACKFILL_AUTO
2026-07-11 16:55:44,1783788944,R_75,54156.8764,1,2.2009000000034575,BACKFILL_AUTO
2026-07-11 16:55:46,1783788946,R_75,54145.3727,-1,11.503700000001118,BACKFILL_AUTO
2026-07-11 16:55:48,1783788948,R_75,54141.7129,-1,3.659800000001269,BACKFILL_AUTO
2026-07-11 16:55:50,1783788950,R_75,54128.616,-1,13.096899999996822,BACKFILL_AUTO
2026-07-11 16:55:52,1783788952,R_75,54133.1992,1,4.583200000000943,BACKFILL_AUTO
2026-07-11 16:55:54,1783788954,R_75,54120.7915,-1,12.407700000003388,BACKFILL_AUTO
2026-07-11 16:55:56,1783788956,R_75,54125.6176,1,4.826099999998405,BACKFILL_AUTO
2026-07-11 16:55:58,1783788958,R_75,54132.5888,1,6.971199999999953,BACKFILL_AUTO
2026-07-11 16:56:00,1783788960,R_75,54148.8326,1,16.24380000000383,BACKFILL_AUTO
2026-07-11 16:56:02,1783788962,R_75,54147.864,-1,0.9686000000001513,BACKFILL_AUTO
2026-07-11 16:56:04,1783788964,R_75,54144.3208,-1,3.54320000000007,BACKFILL_AUTO
2026-07-11 16:56:06,1783788966,R_75,54141.9601,-1,2.3607000000047265,BACKFILL_AUTO
2026-07-11 16:56:08,1783788968,R_75,54134.6291,-1,7.330999999998312,BACKFILL_AUTO
2026-07-11 16:56:10,1783788970,R_75,54125.8758,-1,8.75329999999667,BACKFILL_AUTO
2026-07-11 16:56:12,1783788972,R_75,54134.6746,1,8.798799999996845,BACKFILL_AUTO
2026-07-11 16:56:14,1783788974,R_75,54125.9774,-1,8.697199999995064,BACKFILL_AUTO
2026-07-11 16:56:16,1783788976,R_75,54111.492,-1,14.48540000000503,BACKFILL_AUTO
2026-07-11 16:56:18,1783788978,R_75,54109.5194,-1,1.9726000000009662,BACKFILL_AUTO
2026-07-11 16:56:20,1783788980,R_75,54120.3877,1,10.86830000000191,BACKFILL_AUTO
2026-07-11 16:56:22,1783788982,R_75,54120.1895,-1,0.1981999999989057,BACKFILL_AUTO
2026-07-11 16:56:24,1783788984,R_75,54127.8566,1,7.667099999998754,BACKFILL_AUTO
2026-07-11 16:56:26,1783788986,R_75,54128.1633,1,0.30670000000100117,BACKFILL_AUTO
2026-07-11 16:56:28,1783788988,R_75,54131.8888,1,3.7255000000004657,BACKFILL_AUTO
2026-07-11 16:56:30,1783788990,R_75,54126.6637,-1,5.2251000000032946,BACKFILL_AUTO
2026-07-11 16:56:32,1783788992,R_75,54128.1941,1,1.530400000003283,BACKFILL_AUTO
2026-07-11 16:56:34,1783788994,R_75,54120.3622,-1,7.831899999997404,BACKFILL_AUTO
2026-07-11 16:56:36,1783788996,R_75,54114.6658,-1,5.696400000000722,BACKFILL_AUTO
2026-07-11 16:56:38,1783788998,R_75,54111.4722,-1,3.193600000005972,BACKFILL_AUTO
2026-07-11 16:56:40,1783789000,R_75,54107.9116,-1,3.5605999999970663,BACKFILL_AUTO
2026-07-11 16:56:42,1783789002,R_75,54100.0744,-1,7.837200000001758,BACKFILL_AUTO
2026-07-11 16:56:44,1783789004,R_75,54099.3348,-1,0.7396000000007916,BACKFILL_AUTO
2026-07-11 16:56:46,1783789006,R_75,54086.4665,-1,12.868299999994633,BACKFILL_AUTO
2026-07-11 16:56:48,1783789008,R_75,54080.5275,-1,5.939000000005763,BACKFILL_AUTO
2026-07-11 16:56:50,1783789010,R_75,54108.0118,1,27.484300000003714,BACKFILL_AUTO
2026-07-11 16:56:52,1783789012,R_75,54120.4239,1,12.412100000001374,BACKFILL_AUTO
2026-07-11 16:56:54,1783789014,R_75,54122.7807,1,2.3568000000013853,BACKFILL_AUTO
2026-07-11 16:56:56,1783789016,R_75,54124.3766,1,1.5959000000002561,BACKFILL_AUTO
2026-07-11 16:56:58,1783789018,R_75,54125.3136,1,0.9369999999980791,BACKFILL_AUTO
2026-07-11 16:57:00,1783789020,R_75,54131.2201,1,5.9064999999973224,BACKFILL_AUTO
2026-07-11 16:57:02,1783789022,R_75,54128.3276,-1,2.8925000000017462,BACKFILL_AUTO
2026-07-11 16:57:04,1783789024,R_75,54128.3656,1,0.03800000000046566,BACKFILL_AUTO
2026-07-11 16:57:06,1783789026,R_75,54144.2392,1,15.873600000006263,BACKFILL_AUTO
2026-07-11 16:57:08,1783789028,R_75,54141.9365,-1,2.3027000000001863,BACKFILL_AUTO
2026-07-11 16:57:10,1783789030,R_75,54138.9339,-1,3.002599999999802,BACKFILL_AUTO
2026-07-11 16:57:12,1783789032,R_75,54146.2351,1,7.301199999994424,BACKFILL_AUTO
2026-07-11 16:57:14,1783789034,R_75,54146.6567,1,0.4216000000014901,BACKFILL_AUTO
2026-07-11 16:57:16,1783789036,R_75,54140.9556,-1,5.701099999998405,BACKFILL_AUTO
2026-07-11 16:57:18,1783789038,R_75,54151.9715,1,11.01589999999851,BACKFILL_AUTO
2026-07-11 16:57:20,1783789040,R_75,54149.3722,-1,2.5993000000016764,BACKFILL_AUTO
2026-07-11 16:57:22,1783789042,R_75,54133.9021,-1,15.470099999998638,BACKFILL_AUTO
2026-07-11 16:57:24,1783789044,R_75,54128.3055,-1,5.5965999999971245,BACKFILL_AUTO
2026-07-11 16:57:26,1783789046,R_75,54119.2012,-1,9.104299999999057,BACKFILL_AUTO
2026-07-11 16:57:28,1783789048,R_75,54121.9632,1,2.7619999999951688,BACKFILL_AUTO
2026-07-11 16:57:30,1783789050,R_75,54130.3397,1,8.376499999998487,BACKFILL_AUTO
2026-07-11 16:57:32,1783789052,R_75,54134.1737,1,3.834000000002561,BACKFILL_AUTO
2026-07-11 16:57:34,1783789054,R_75,54104.9454,-1,29.22830000000249,BACKFILL_AUTO
2026-07-11 16:57:36,1783789056,R_75,54101.3659,-1,3.5794999999998254,BACKFILL_AUTO
2026-07-11 16:57:38,1783789058,R_75,54110.1314,1,8.765500000001339,BACKFILL_AUTO
2026-07-11 16:57:40,1783789060,R_75,54097.777,-1,12.35439999999653,BACKFILL_AUTO
2026-07-11 16:57:42,1783789062,R_75,54103.4885,1,5.7114999999976135,BACKFILL_AUTO
2026-07-11 16:57:44,1783789064,R_75,54114.6399,1,11.151400000002468,BACKFILL_AUTO
2026-07-11 16:57:46,1783789066,R_75,54123.684,1,9.044099999999162,BACKFILL_AUTO
2026-07-11 16:57:48,1783789068,R_75,54120.4918,-1,3.1921999999976833,BACKFILL_AUTO
2026-07-11 16:57:50,1783789070,R_75,54120.4115,-1,0.08030000000144355,BACKFILL_AUTO
2026-07-11 16:57:52,1783789072,R_75,54121.2031,1,0.7915999999968335,BACKFILL_AUTO
2026-07-11 16:57:54,1783789074,R_75,54111.3373,-1,9.865799999999581,BACKFILL_AUTO
2026-07-11 16:57:56,1783789076,R_75,54112.8505,1,1.513200000001234,BACKFILL_AUTO
2026-07-11 16:57:58,1783789078,R_75,54113.1328,1,0.2822999999989406,BACKFILL_AUTO
2026-07-11 16:58:00,1783789080,R_75,54112.6489,-1,0.4838999999992666,BACKFILL_AUTO
2026-07-11 16:58:02,1783789082,R_75,54124.4664,1,11.81749999999738,BACKFILL_AUTO
2026-07-11 16:58:04,1783789084,R_75,54112.0046,-1,12.46179999999731,BACKFILL_AUTO
2026-07-11 16:58:06,1783789086,R_75,54111.8568,-1,0.1477999999988242,BACKFILL_AUTO
2026-07-11 16:58:08,1783789088,R_75,54119.0258,1,7.169000000001688,BACKFILL_AUTO
2026-07-11 16:58:10,1783789090,R_75,54108.3461,-1,10.679700000000594,BACKFILL_AUTO
2026-07-11 16:58:12,1783789092,R_75,54087.1895,-1,21.156600000002072,BACKFILL_AUTO
2026-07-11 16:58:14,1783789094,R_75,54089.4836,1,2.294099999999162,BACKFILL_AUTO
2026-07-11 16:58:16,1783789096,R_75,54102.1202,1,12.636599999997998,BACKFILL_AUTO
2026-07-11 16:58:18,1783789098,R_75,54082.0896,-1,20.03059999999823,BACKFILL_AUTO
2026-07-11 16:58:20,1783789100,R_75,54094.8976,1,12.807999999997264,BACKFILL_AUTO
2026-07-11 16:58:22,1783789102,R_75,54080.5305,-1,14.367099999995844,BACKFILL_AUTO
2026-07-11 16:58:24,1783789104,R_75,54088.7053,1,8.174800000000687,BACKFILL_AUTO
2026-07-11 16:58:26,1783789106,R_75,54078.557,-1,10.148300000000745,BACKFILL_AUTO
2026-07-11 16:58:28,1783789108,R_75,54096.5349,1,17.977899999998044,BACKFILL_AUTO
2026-07-11 16:58:30,1783789110,R_75,54084.1621,-1,12.372799999997369,BACKFILL_AUTO
2026-07-11 16:58:32,1783789112,R_75,54078.595,-1,5.5671000000002095,BACKFILL_AUTO
2026-07-11 16:58:34,1783789114,R_75,54070.4337,-1,8.161299999999756,BACKFILL_AUTO
2026-07-11 16:58:36,1783789116,R_75,54044.7364,-1,25.697299999999814,BACKFILL_AUTO
2026-07-11 16:58:38,1783789118,R_75,54027.0975,-1,17.638899999998102,BACKFILL_AUTO
2026-07-11 16:58:40,1783789120,R_75,54053.2311,1,26.13359999999375,BACKFILL_AUTO
2026-07-11 16:58:42,1783789122,R_75,54070.1642,1,16.933100000002014,BACKFILL_AUTO
2026-07-11 16:58:44,1783789124,R_75,54057.1065,-1,13.057699999997567,BACKFILL_AUTO
2026-07-11 16:58:46,1783789126,R_75,54041.8107,-1,15.295799999999872,BACKFILL_AUTO
2026-07-11 16:58:48,1783789128,R_75,54029.945,-1,11.865700000002107,BACKFILL_AUTO
2026-07-11 16:58:50,1783789130,R_75,54034.2476,1,4.3026000000027125,BACKFILL_AUTO
2026-07-11 16:58:52,1783789132,R_75,54037.1991,1,2.951499999995576,BACKFILL_AUTO
2026-07-11 16:58:54,1783789134,R_75,54034.7111,-1,2.4879999999975553,BACKFILL_AUTO
2026-07-11 16:58:56,1783789136,R_75,54017.5667,-1,17.144399999997404,BACKFILL_AUTO
2026-07-11 16:58:58,1783789138,R_75,54027.7822,1,10.215499999998428,BACKFILL_AUTO
2026-07-11 16:59:00,1783789140,R_75,54008.3803,-1,19.40190000000439,BACKFILL_AUTO
2026-07-11 16:59:02,1783789142,R_75,54001.4941,-1,6.886199999993551,BACKFILL_AUTO
2026-07-11 16:59:04,1783789144,R_75,54014.3411,1,12.846999999994296,BACKFILL_AUTO
2026-07-11 16:59:06,1783789146,R_75,54033.8776,1,19.53650000000198,BACKFILL_AUTO
2026-07-11 16:59:08,1783789148,R_75,54054.6083,1,20.73070000000007,BACKFILL_AUTO
2026-07-11 16:59:10,1783789150,R_75,54053.8217,-1,0.7865999999994528,BACKFILL_AUTO
2026-07-11 16:59:12,1783789152,R_75,54048.4086,-1,5.4130999999979394,BACKFILL_AUTO
2026-07-11 16:59:14,1783789154,R_75,54044.6023,-1,3.80630000000383,BACKFILL_AUTO
2026-07-11 16:59:16,1783789156,R_75,54017.0401,-1,27.562200000000303,BACKFILL_AUTO
2026-07-11 16:59:18,1783789158,R_75,54007.4137,-1,9.626400000001013,BACKFILL_AUTO
2026-07-11 16:59:20,1783789160,R_75,53999.5887,-1,7.82499999999709,BACKFILL_AUTO
2026-07-11 16:59:22,1783789162,R_75,54000.8679,1,1.2791999999972177,BACKFILL_AUTO
2026-07-11 16:59:24,1783789164,R_75,53990.7546,-1,10.113299999997253,BACKFILL_AUTO
2026-07-11 16:59:26,1783789166,R_75,54005.715,1,14.960399999996298,BACKFILL_AUTO
2026-07-11 16:59:28,1783789168,R_75,54005.4118,-1,0.30319999999483116,BACKFILL_AUTO
2026-07-11 16:59:30,1783789170,R_75,54022.4154,1,17.003599999996368,BACKFILL_AUTO
2026-07-11 16:59:32,1783789172,R_75,54032.4321,1,10.016700000000128,BACKFILL_AUTO
2026-07-11 16:59:34,1783789174,R_75,54016.67,-1,15.762099999999919,BACKFILL_AUTO
2026-07-11 16:59:36,1783789176,R_75,54018.8991,1,2.2291000000041095,BACKFILL_AUTO
2026-07-11 16:59:38,1783789178,R_75,54009.9547,-1,8.944400000000314,BACKFILL_AUTO
2026-07-11 16:59:40,1783789180,R_75,54020.4288,1,10.474099999999453,BACKFILL_AUTO
2026-07-11 16:59:42,1783789182,R_75,54003.2556,-1,17.173200000004726,BACKFILL_AUTO
2026-07-11 16:59:44,1783789184,R_75,54016.888,1,13.632400000002235,BACKFILL_AUTO
2026-07-11 16:59:46,1783789186,R_75,54027.0565,1,10.168499999999767,BACKFILL_AUTO
2026-07-11 16:59:48,1783789188,R_75,54019.9405,-1,7.116000000001804,BACKFILL_AUTO
2026-07-11 16:59:50,1783789190,R_75,54024.0459,1,4.1054000000003725,BACKFILL_AUTO
2026-07-11 16:59:52,1783789192,R_75,54026.4556,1,2.409700000003795,BACKFILL_AUTO
2026-07-11 16:59:54,1783789194,R_75,54032.0486,1,5.593000000000757,BACKFILL_AUTO
2026-07-11 16:59:56,1783789196,R_75,54028.5659,-1,3.4827000000004773,BACKFILL_AUTO
2026-07-11 16:59:58,1783789198,R_75,54029.6615,1,1.0956000000005588,BACKFILL_AUTO
2026-07-11 17:00:00,1783789200,R_75,54023.3951,-1,6.266400000000431,BACKFILL_AUTO
2026-07-11 17:00:02,1783789202,R_75,54015.845,-1,7.550100000000384,BACKFILL_AUTO
2026-07-11 17:00:04,1783789204,R_75,53992.016,-1,23.828999999997905,BACKFILL_AUTO
2026-07-11 17:00:06,1783789206,R_75,53988.5533,-1,3.4627000000036787,BACKFILL_AUTO
2026-07-11 17:00:08,1783789208,R_75,53983.1168,-1,5.436499999996158,BACKFILL_AUTO
2026-07-11 17:00:10,1783789210,R_75,53972.2966,-1,10.820200000001932,BACKFILL_AUTO
2026-07-11 17:00:12,1783789212,R_75,53967.5861,-1,4.710500000001048,BACKFILL_AUTO
2026-07-11 17:00:14,1783789214,R_75,53978.6786,1,11.092499999998836,BACKFILL_AUTO
2026-07-11 17:00:16,1783789216,R_75,53981.6671,1,2.988499999999476,BACKFILL_AUTO
2026-07-11 17:00:18,1783789218,R_75,53981.5836,-1,0.08350000000064028,BACKFILL_AUTO
2026-07-11 17:00:20,1783789220,R_75,53974.5761,-1,7.007499999999709,BACKFILL_AUTO
2026-07-11 17:00:22,1783789222,R_75,53974.0883,-1,0.48779999999533175,BACKFILL_AUTO
2026-07-11 17:00:24,1783789224,R_75,53968.9639,-1,5.124400000000605,BACKFILL_AUTO
2026-07-11 17:00:26,1783789226,R_75,53978.8206,1,9.856699999996636,BACKFILL_AUTO
2026-07-11 17:00:28,1783789228,R_75,53983.4539,1,4.633300000001327,BACKFILL_AUTO
2026-07-11 17:00:30,1783789230,R_75,53979.4614,-1,3.992500000000291,BACKFILL_AUTO
2026-07-11 17:00:32,1783789232,R_75,53986.0437,1,6.582300000001851,BACKFILL_AUTO
2026-07-11 17:00:34,1783789234,R_75,53991.8164,1,5.77270000000135,BACKFILL_AUTO
2026-07-11 17:00:36,1783789236,R_75,53993.169,1,1.352599999998347,BACKFILL_AUTO
2026-07-11 17:00:38,1783789238,R_75,53985.4081,-1,7.760900000001129,BACKFILL_AUTO
2026-07-11 17:00:40,1783789240,R_75,53978.9401,-1,6.468000000000757,BACKFILL_AUTO
2026-07-11 17:00:42,1783789242,R_75,53982.9033,1,3.9631999999983236,BACKFILL_AUTO
2026-07-11 17:00:44,1783789244,R_75,53984.7267,1,1.8234000000011292,BACKFILL_AUTO
2026-07-11 17:00:46,1783789246,R_75,53963.1905,-1,21.53620000000228,BACKFILL_AUTO
2026-07-11 17:00:48,1783789248,R_75,53968.0525,1,4.8620000000009895,BACKFILL_AUTO
2026-07-11 17:00:50,1783789250,R_75,53970.1847,1,2.1322000000000116,BACKFILL_AUTO
2026-07-11 17:00:52,1783789252,R_75,53973.2866,1,3.1019000000014785,BACKFILL_AUTO
2026-07-11 17:00:54,1783789254,R_75,53973.4338,1,0.14719999999942956,BACKFILL_AUTO
2026-07-11 17:00:56,1783789256,R_75,53978.9082,1,5.47439999999915,BACKFILL_AUTO
2026-07-11 17:00:58,1783789258,R_75,53982.398,1,3.489800000003015,BACKFILL_AUTO
2026-07-11 17:01:00,1783789260,R_75,53971.6613,-1,10.736700000001292,BACKFILL_AUTO
2026-07-11 17:01:02,1783789262,R_75,53972.9995,1,1.3381999999983236,BACKFILL_AUTO
2026-07-11 17:01:04,1783789264,R_75,53951.7552,-1,21.244299999998475,BACKFILL_AUTO
2026-07-11 17:01:06,1783789266,R_75,53961.9357,1,10.180500000002212,BACKFILL_AUTO
2026-07-11 17:01:08,1783789268,R_75,53956.4476,-1,5.488100000002305,BACKFILL_AUTO
2026-07-11 17:01:10,1783789270,R_75,53946.2646,-1,10.182999999997264,BACKFILL_AUTO
2026-07-11 17:01:12,1783789272,R_75,53958.0559,1,11.791299999997136,BACKFILL_AUTO
2026-07-11 17:01:14,1783789274,R_75,53963.2638,1,5.207900000001246,BACKFILL_AUTO
2026-07-11 17:01:16,1783789276,R_75,53967.2414,1,3.977599999998347,BACKFILL_AUTO
2026-07-11 17:01:18,1783789278,R_75,53972.8497,1,5.608299999999872,BACKFILL_AUTO
2026-07-11 17:01:20,1783789280,R_75,53979.2251,1,6.375400000004447,BACKFILL_AUTO
2026-07-11 17:01:22,1783789282,R_75,53989.787,1,10.56189999999333,BACKFILL_AUTO
2026-07-11 17:01:24,1783789284,R_75,53994.2303,1,4.443300000006275,BACKFILL_AUTO
2026-07-11 17:01:26,1783789286,R_75,53976.7063,-1,17.52400000000489,BACKFILL_AUTO
2026-07-11 17:01:28,1783789288,R_75,53976.3199,-1,0.3863999999957741,BACKFILL_AUTO
2026-07-11 17:01:30,1783789290,R_75,53962.048,-1,14.271899999999732,BACKFILL_AUTO
2026-07-11 17:01:32,1783789292,R_75,53957.1187,-1,4.929300000003423,BACKFILL_AUTO
2026-07-11 17:01:34,1783789294,R_75,53946.5308,-1,10.587899999998626,BACKFILL_AUTO
2026-07-11 17:01:36,1783789296,R_75,53950.3335,1,3.8027000000001863,BACKFILL_AUTO
2026-07-11 17:01:38,1783789298,R_75,53949.9699,-1,0.3636000000042259,BACKFILL_AUTO
2026-07-11 17:01:40,1783789300,R_75,53941.0003,-1,8.969599999996717,BACKFILL_AUTO
2026-07-11 17:01:42,1783789302,R_75,53947.6136,1,6.613299999997253,BACKFILL_AUTO
2026-07-11 17:01:44,1783789304,R_75,53936.5506,-1,11.062999999994645,BACKFILL_AUTO
2026-07-11 17:01:46,1783789306,R_75,53925.6833,-1,10.867300000005343,BACKFILL_AUTO
2026-07-11 17:01:48,1783789308,R_75,53918.7113,-1,6.971999999994296,BACKFILL_AUTO
2026-07-11 17:01:50,1783789310,R_75,53927.9981,1,9.2867999999944,BACKFILL_AUTO
2026-07-11 17:01:52,1783789312,R_75,53926.424,-1,1.5740999999979977,BACKFILL_AUTO
2026-07-11 17:01:54,1783789314,R_75,53929.1673,1,2.743300000001909,BACKFILL_AUTO
2026-07-11 17:01:56,1783789316,R_75,53939.2608,1,10.093499999995402,BACKFILL_AUTO
2026-07-11 17:01:58,1783789318,R_75,53945.4798,1,6.219000000004598,BACKFILL_AUTO
2026-07-11 17:02:00,1783789320,R_75,53953.4683,1,7.988499999999476,BACKFILL_AUTO
2026-07-11 17:02:02,1783789322,R_75,53969.4239,1,15.95560000000114,BACKFILL_AUTO
2026-07-11 17:02:04,1783789324,R_75,53976.3927,1,6.968799999995099,BACKFILL_AUTO
2026-07-11 17:02:06,1783789326,R_75,53974.7518,-1,1.6408999999985099,BACKFILL_AUTO
2026-07-11 17:02:08,1783789328,R_75,53954.0658,-1,20.686000000001513,BACKFILL_AUTO
2026-07-11 17:02:10,1783789330,R_75,53952.4791,-1,1.586699999999837,BACKFILL_AUTO
2026-07-11 17:02:12,1783789332,R_75,53934.5328,-1,17.946299999995972,BACKFILL_AUTO
2026-07-11 17:02:14,1783789334,R_75,53928.381,-1,6.151799999999639,BACKFILL_AUTO
2026-07-11 17:02:16,1783789336,R_75,53928.8547,1,0.47370000000228174,BACKFILL_AUTO
2026-07-11 17:02:18,1783789338,R_75,53914.9999,-1,13.854800000000978,BACKFILL_AUTO
2026-07-11 17:02:20,1783789340,R_75,53920.1881,1,5.188199999996868,BACKFILL_AUTO
2026-07-11 17:02:22,1783789342,R_75,53930.8523,1,10.664199999999255,BACKFILL_AUTO
2026-07-11 17:02:24,1783789344,R_75,53937.8631,1,7.010800000003655,BACKFILL_AUTO
2026-07-11 17:02:26,1783789346,R_75,53934.3576,-1,3.5054999999993015,BACKFILL_AUTO
2026-07-11 17:02:28,1783789348,R_75,53950.6594,1,16.30179999999382,BACKFILL_AUTO
2026-07-11 17:02:30,1783789350,R_75,53939.0768,-1,11.582599999994272,BACKFILL_AUTO
2026-07-11 17:02:32,1783789352,R_75,53934.2695,-1,4.807300000000396,BACKFILL_AUTO
2026-07-11 17:02:34,1783789354,R_75,53941.3549,1,7.085399999996298,BACKFILL_AUTO
2026-07-11 17:02:36,1783789356,R_75,53952.8792,1,11.524300000004587,BACKFILL_AUTO
2026-07-11 17:02:38,1783789358,R_75,53968.5583,1,15.679099999993923,BACKFILL_AUTO
2026-07-11 17:02:40,1783789360,R_75,53954.4297,-1,14.128599999996368,BACKFILL_AUTO
2026-07-11 17:02:42,1783789362,R_75,53973.6487,1,19.218999999997322,BACKFILL_AUTO
2026-07-11 17:02:44,1783789364,R_75,53979.049,1,5.4003000000011525,BACKFILL_AUTO
2026-07-11 17:02:46,1783789366,R_75,53987.4343,1,8.385300000001735,BACKFILL_AUTO
2026-07-11 17:02:48,1783789368,R_75,53988.1686,1,0.7342999999964377,BACKFILL_AUTO
2026-07-11 17:02:50,1783789370,R_75,53992.5075,1,4.338900000002468,BACKFILL_AUTO
2026-07-11 17:02:52,1783789372,R_75,53975.0224,-1,17.485099999998056,BACKFILL_AUTO
2026-07-11 17:02:54,1783789374,R_75,53965.7203,-1,9.302100000000792,BACKFILL_AUTO
2026-07-11 17:02:56,1783789376,R_75,53955.212,-1,10.508300000001327,BACKFILL_AUTO
2026-07-11 17:02:58,1783789378,R_75,53961.0134,1,5.801400000003923,BACKFILL_AUTO
2026-07-11 17:03:00,1783789380,R_75,53967.4167,1,6.403299999998126,BACKFILL_AUTO
2026-07-11 17:03:02,1783789382,R_75,53979.851,1,12.434300000000803,BACKFILL_AUTO
2026-07-11 17:03:04,1783789384,R_75,53973.4524,-1,6.398600000000442,BACKFILL_AUTO
2026-07-11 17:03:06,1783789386,R_75,53982.1373,1,8.684900000000198,BACKFILL_AUTO
2026-07-11 17:03:08,1783789388,R_75,53976.5784,-1,5.558900000003632,BACKFILL_AUTO
2026-07-11 17:03:10,1783789390,R_75,53978.9541,1,2.3757000000041444,BACKFILL_AUTO
2026-07-11 17:03:12,1783789392,R_75,53994.4108,1,15.45669999999518,BACKFILL_AUTO
2026-07-11 17:03:14,1783789394,R_75,53991.2235,-1,3.1872999999977765,BACKFILL_AUTO
2026-07-11 17:03:16,1783789396,R_75,53993.818,1,2.5944999999992433,BACKFILL_AUTO
2026-07-11 17:03:18,1783789398,R_75,54010.481,1,16.663000000000466,BACKFILL_AUTO
2026-07-11 17:03:20,1783789400,R_75,54004.4568,-1,6.024199999999837,BACKFILL_AUTO
2026-07-11 17:03:22,1783789402,R_75,53996.4378,-1,8.019000000000233,BACKFILL_AUTO
2026-07-11 17:03:24,1783789404,R_75,54005.3699,1,8.932099999998172,BACKFILL_AUTO
2026-07-11 17:03:26,1783789406,R_75,54012.2654,1,6.895499999998719,BACKFILL_AUTO
2026-07-11 17:03:28,1783789408,R_75,53995.6391,-1,16.626299999996263,BACKFILL_AUTO
2026-07-11 17:03:30,1783789410,R_75,54016.3514,1,20.71229999999923,BACKFILL_AUTO
2026-07-11 17:03:32,1783789412,R_75,54018.1889,1,1.8375000000014552,BACKFILL_AUTO
2026-07-11 17:03:34,1783789414,R_75,54016.4707,-1,1.7182000000029802,BACKFILL_AUTO
2026-07-11 17:03:36,1783789416,R_75,54011.127,-1,5.343699999997625,BACKFILL_AUTO
2026-07-11 17:03:38,1783789418,R_75,54011.3287,1,0.20169999999779975,BACKFILL_AUTO
2026-07-11 17:03:40,1783789420,R_75,54022.7311,1,11.402399999999034,BACKFILL_AUTO
2026-07-11 17:03:42,1783789422,R_75,54013.1903,-1,9.540799999995215,BACKFILL_AUTO
2026-07-11 17:03:44,1783789424,R_75,54009.7037,-1,3.4866000000038184,BACKFILL_AUTO
2026-07-11 17:03:46,1783789426,R_75,53992.8786,-1,16.82510000000184,BACKFILL_AUTO
2026-07-11 17:03:48,1783789428,R_75,53998.1273,1,5.248700000003737,BACKFILL_AUTO
2026-07-11 17:03:50,1783789430,R_75,54006.6615,1,8.534200000001874,BACKFILL_AUTO
2026-07-11 17:03:52,1783789432,R_75,54003.4867,-1,3.174800000000687,BACKFILL_AUTO
2026-07-11 17:03:54,1783789434,R_75,53994.5141,-1,8.972600000000966,BACKFILL_AUTO
2026-07-11 17:03:56,1783789436,R_75,54005.8369,1,11.322800000001735,BACKFILL_AUTO
2026-07-11 17:03:58,1783789438,R_75,54015.9525,1,10.115599999997357,BACKFILL_AUTO
2026-07-11 17:04:00,1783789440,R_75,54015.5114,-1,0.44109999999636784,BACKFILL_AUTO
2026-07-11 17:04:02,1783789442,R_75,54009.9054,-1,5.605999999999767,BACKFILL_AUTO
2026-07-11 17:04:04,1783789444,R_75,53999.2879,-1,10.617500000000291,BACKFILL_AUTO
2026-07-11 17:04:06,1783789446,R_75,54008.8474,1,9.55949999999575,BACKFILL_AUTO
2026-07-11 17:04:08,1783789448,R_75,54021.4587,1,12.611300000004121,BACKFILL_AUTO
2026-07-11 17:04:10,1783789450,R_75,54012.3708,-1,9.087900000005902,BACKFILL_AUTO
2026-07-11 17:04:12,1783789452,R_75,54016.471,1,4.100200000000768,BACKFILL_AUTO
2026-07-11 17:04:14,1783789454,R_75,54013.7366,-1,2.7344000000011874,BACKFILL_AUTO
2026-07-11 17:04:16,1783789456,R_75,54028.0886,1,14.352000000006228,BACKFILL_AUTO
2026-07-11 17:04:18,1783789458,R_75,54048.3786,1,20.289999999993597,BACKFILL_AUTO
2026-07-11 17:04:20,1783789460,R_75,54041.1376,-1,7.2409999999945285,BACKFILL_AUTO
2026-07-11 17:04:22,1783789462,R_75,54032.5958,-1,8.541799999999057,BACKFILL_AUTO
2026-07-11 17:04:24,1783789464,R_75,54039.8194,1,7.223599999997532,BACKFILL_AUTO
2026-07-11 17:04:26,1783789466,R_75,54033.2786,-1,6.540800000002491,BACKFILL_AUTO
2026-07-11 17:04:28,1783789468,R_75,54028.1195,-1,5.1590999999971245,BACKFILL_AUTO
2026-07-11 17:04:30,1783789470,R_75,54019.77,-1,8.3495000000039,BACKFILL_AUTO
2026-07-11 17:04:32,1783789472,R_75,54038.0758,1,18.30580000000191,BACKFILL_AUTO
2026-07-11 17:04:34,1783789474,R_75,54022.0911,-1,15.984700000000885,BACKFILL_AUTO
2026-07-11 17:04:36,1783789476,R_75,54022.2828,1,0.19170000000303844,BACKFILL_AUTO
2026-07-11 17:04:38,1783789478,R_75,54030.0541,1,7.771300000000338,BACKFILL_AUTO
2026-07-11 17:04:40,1783789480,R_75,54013.2608,-1,16.79330000000482,BACKFILL_AUTO
2026-07-11 17:04:42,1783789482,R_75,54008.9125,-1,4.348299999997835,BACKFILL_AUTO
2026-07-11 17:04:44,1783789484,R_75,54005.1523,-1,3.760199999996985,BACKFILL_AUTO
2026-07-11 17:04:46,1783789486,R_75,53989.6898,-1,15.462500000001455,BACKFILL_AUTO
2026-07-11 17:04:48,1783789488,R_75,53988.5217,-1,1.168100000002596,BACKFILL_AUTO
2026-07-11 17:04:50,1783789490,R_75,53988.1124,-1,0.4092999999993481,BACKFILL_AUTO
2026-07-11 17:04:52,1783789492,R_75,53992.4933,1,4.380900000003749,BACKFILL_AUTO
2026-07-11 17:04:54,1783789494,R_75,53985.1579,-1,7.335400000003574,BACKFILL_AUTO
2026-07-11 17:04:56,1783789496,R_75,53998.0579,1,12.900000000001455,BACKFILL_AUTO
2026-07-11 17:04:58,1783789498,R_75,53988.0684,-1,9.989500000003318,BACKFILL_AUTO
2026-07-11 17:05:00,1783789500,R_75,53997.3674,1,9.299000000006345,BACKFILL_AUTO
2026-07-11 17:05:02,1783789502,R_75,54000.5626,1,3.1951999999946565,BACKFILL_AUTO
2026-07-11 17:05:04,1783789504,R_75,53998.3076,-1,2.2549999999973807,BACKFILL_AUTO
2026-07-11 17:05:06,1783789506,R_75,53993.1565,-1,5.151100000002771,BACKFILL_AUTO
2026-07-11 17:05:08,1783789508,R_75,54007.5137,1,14.357200000005832,BACKFILL_AUTO
2026-07-11 17:05:10,1783789510,R_75,54003.8498,-1,3.6638999999995576,BACKFILL_AUTO
2026-07-11 17:05:12,1783789512,R_75,54016.438,1,12.588199999998324,BACKFILL_AUTO
2026-07-11 17:05:14,1783789514,R_75,54029.4839,1,13.045899999997346,BACKFILL_AUTO
2026-07-11 17:05:16,1783789516,R_75,54033.1796,1,3.6957000000038533,BACKFILL_AUTO
2026-07-11 17:05:18,1783789518,R_75,54047.8108,1,14.63119999999617,BACKFILL_AUTO
2026-07-11 17:05:20,1783789520,R_75,54054.6154,1,6.80460000000312,BACKFILL_AUTO
2026-07-11 17:05:22,1783789522,R_75,54055.0454,1,0.43000000000029104,BACKFILL_AUTO
2026-07-11 17:05:24,1783789524,R_75,54056.0965,1,1.05109999999695,BACKFILL_AUTO
2026-07-11 17:05:26,1783789526,R_75,54036.5219,-1,19.57459999999992,BACKFILL_AUTO
2026-07-11 17:05:28,1783789528,R_75,54036.1655,-1,0.3563999999969383,BACKFILL_AUTO
2026-07-11 17:05:30,1783789530,R_75,54040.587,1,4.42149999999674,BACKFILL_AUTO
2026-07-11 17:05:32,1783789532,R_75,54040.929,1,0.341999999996915,BACKFILL_AUTO
2026-07-11 17:05:34,1783789534,R_75,54023.3998,-1,17.529199999997218,BACKFILL_AUTO
2026-07-11 17:05:36,1783789536,R_75,54010.2789,-1,13.120900000001711,BACKFILL_AUTO
2026-07-11 17:05:38,1783789538,R_75,54011.1831,1,0.9042000000044936,BACKFILL_AUTO
2026-07-11 17:05:40,1783789540,R_75,54010.1442,-1,1.0388999999995576,BACKFILL_AUTO
2026-07-11 17:05:42,1783789542,R_75,54008.8571,-1,1.2871000000013737,BACKFILL_AUTO
2026-07-11 17:05:44,1783789544,R_75,54005.4993,-1,3.357799999997951,BACKFILL_AUTO
2026-07-11 17:05:46,1783789546,R_75,54010.5847,1,5.085399999996298,BACKFILL_AUTO
2026-07-11 17:05:48,1783789548,R_75,54013.2141,1,2.629399999997986,BACKFILL_AUTO
2026-07-11 17:05:50,1783789550,R_75,54018.2925,1,5.078400000005786,BACKFILL_AUTO
2026-07-11 17:05:52,1783789552,R_75,54021.2896,1,2.9970999999932246,BACKFILL_AUTO
2026-07-11 17:05:54,1783789554,R_75,54015.678,-1,5.6115999999965425,BACKFILL_AUTO
2026-07-11 17:05:56,1783789556,R_75,54015.65,-1,0.027999999998428393,BACKFILL_AUTO
2026-07-11 17:05:58,1783789558,R_75,53993.8899,-1,21.76009999999951,BACKFILL_AUTO
2026-07-11 17:06:00,1783789560,R_75,54000.4247,1,6.534800000001269,BACKFILL_AUTO
2026-07-11 17:06:02,1783789562,R_75,53999.6795,-1,0.7452000000048429,BACKFILL_AUTO
2026-07-11 17:06:04,1783789564,R_75,53999.5622,-1,0.1172999999980675,BACKFILL_AUTO
2026-07-11 17:06:06,1783789566,R_75,54010.1664,1,10.604200000001583,BACKFILL_AUTO
2026-07-11 17:06:08,1783789568,R_75,54010.8343,1,0.6679000000003725,BACKFILL_AUTO
2026-07-11 17:06:10,1783789570,R_75,53996.536,-1,14.2983000000022,BACKFILL_AUTO
2026-07-11 17:06:12,1783789572,R_75,53999.9466,1,3.410600000002887,BACKFILL_AUTO
2026-07-11 17:06:14,1783789574,R_75,53992.1092,-1,7.837400000003981,BACKFILL_AUTO
2026-07-11 17:06:16,1783789576,R_75,53972.4025,-1,19.706700000002456,BACKFILL_AUTO
2026-07-11 17:06:18,1783789578,R_75,53966.426,-1,5.976499999997031,BACKFILL_AUTO
2026-07-11 17:06:20,1783789580,R_75,53961.1082,-1,5.317799999997078,BACKFILL_AUTO
2026-07-11 17:06:22,1783789582,R_75,53956.1576,-1,4.95060000000376,BACKFILL_AUTO
2026-07-11 17:06:24,1783789584,R_75,53955.6569,-1,0.5006999999968684,BACKFILL_AUTO
2026-07-11 17:06:26,1783789586,R_75,53950.1789,-1,5.478000000002794,BACKFILL_AUTO
2026-07-11 17:06:28,1783789588,R_75,53956.7625,1,6.583599999998114,BACKFILL_AUTO
2026-07-11 17:06:30,1783789590,R_75,53965.5138,1,8.751300000003539,BACKFILL_AUTO
2026-07-11 17:06:32,1783789592,R_75,53949.1758,-1,16.338000000003376,BACKFILL_AUTO
2026-07-11 17:06:34,1783789594,R_75,53942.1103,-1,7.065499999996973,BACKFILL_AUTO
2026-07-11 17:06:36,1783789596,R_75,53949.8999,1,7.789599999996426,BACKFILL_AUTO
2026-07-11 17:06:38,1783789598,R_75,53950.0191,1,0.11920000000100117,BACKFILL_AUTO
2026-07-11 17:06:40,1783789600,R_75,53945.6705,-1,4.348599999997532,BACKFILL_AUTO
2026-07-11 17:06:42,1783789602,R_75,53942.9297,-1,2.740799999999581,BACKFILL_AUTO
2026-07-11 17:06:44,1783789604,R_75,53951.529,1,8.599300000001676,BACKFILL_AUTO
2026-07-11 17:06:46,1783789606,R_75,53948.9227,-1,2.6062999999994645,BACKFILL_AUTO
2026-07-11 17:06:48,1783789608,R_75,53949.757,1,0.8342999999949825,BACKFILL_AUTO
2026-07-11 17:06:50,1783789610,R_75,53946.3943,-1,3.362699999997858,BACKFILL_AUTO
2026-07-11 17:06:52,1783789612,R_75,53953.6894,1,7.2951000000030035,BACKFILL_AUTO
2026-07-11 17:06:54,1783789614,R_75,53969.5445,1,15.855100000000675,BACKFILL_AUTO
2026-07-11 17:06:56,1783789616,R_75,53967.5826,-1,1.9619000000020606,BACKFILL_AUTO
2026-07-11 17:06:58,1783789618,R_75,53975.4523,1,7.869699999995646,BACKFILL_AUTO
2026-07-11 17:07:00,1783789620,R_75,53972.6923,-1,2.7599999999947613,BACKFILL_AUTO
2026-07-11 17:07:02,1783789622,R_75,53973.8029,1,1.1105999999999767,BACKFILL_AUTO
2026-07-11 17:07:04,1783789624,R_75,53970.4876,-1,3.3153000000020256,BACKFILL_AUTO
2026-07-11 17:07:06,1783789626,R_75,53968.0812,-1,2.4063999999998487,BACKFILL_AUTO
2026-07-11 17:07:08,1783789628,R_75,53950.7519,-1,17.329299999997602,BACKFILL_AUTO
2026-07-11 17:07:10,1783789630,R_75,53956.6321,1,5.880199999999604,BACKFILL_AUTO
2026-07-11 17:07:12,1783789632,R_75,53951.7157,-1,4.916400000001886,BACKFILL_AUTO
2026-07-11 17:07:14,1783789634,R_75,53947.3569,-1,4.358800000001793,BACKFILL_AUTO
2026-07-11 17:07:16,1783789636,R_75,53960.7117,1,13.354800000000978,BACKFILL_AUTO
2026-07-11 17:07:18,1783789638,R_75,53963.4404,1,2.7286999999996624,BACKFILL_AUTO
2026-07-11 17:07:20,1783789640,R_75,53961.6401,-1,1.8003000000026077,BACKFILL_AUTO
2026-07-11 17:07:22,1783789642,R_75,53969.4968,1,7.8567000000039116,BACKFILL_AUTO
2026-07-11 17:07:24,1783789644,R_75,53966.9965,-1,2.5002999999996973,BACKFILL_AUTO
2026-07-11 17:07:26,1783789646,R_75,53978.615,1,11.618499999996857,BACKFILL_AUTO
2026-07-11 17:07:28,1783789648,R_75,53994.4587,1,15.843700000004901,BACKFILL_AUTO
2026-07-11 17:07:30,1783789650,R_75,53975.9967,-1,18.461999999999534,BACKFILL_AUTO
2026-07-11 17:07:32,1783789652,R_75,53978.3215,1,2.324799999994866,BACKFILL_AUTO
2026-07-11 17:07:34,1783789654,R_75,53955.556,-1,22.76550000000134,BACKFILL_AUTO
2026-07-11 17:07:36,1783789656,R_75,53964.6345,1,9.07850000000326,BACKFILL_AUTO
2026-07-11 17:07:38,1783789658,R_75,53981.2311,1,16.596599999997125,BACKFILL_AUTO
2026-07-11 17:07:40,1783789660,R_75,53982.505,1,1.2739000000001397,BACKFILL_AUTO
2026-07-11 17:07:42,1783789662,R_75,53996.7331,1,14.228100000000268,BACKFILL_AUTO
2026-07-11 17:07:44,1783789664,R_75,53996.5866,-1,0.14649999999528518,BACKFILL_AUTO
2026-07-11 17:07:46,1783789666,R_75,54011.7662,1,15.179599999995844,BACKFILL_AUTO
2026-07-11 17:07:48,1783789668,R_75,54030.5008,1,18.73460000000341,BACKFILL_AUTO
2026-07-11 17:07:50,1783789670,R_75,54031.6501,1,1.1492999999973108,BACKFILL_AUTO
2026-07-11 17:07:52,1783789672,R_75,54006.0634,-1,25.586699999999837,BACKFILL_AUTO
2026-07-11 17:07:54,1783789674,R_75,54022.3727,1,16.309300000000803,BACKFILL_AUTO
2026-07-11 17:07:56,1783789676,R_75,54022.3961,1,0.023399999998218846,BACKFILL_AUTO
2026-07-11 17:07:58,1783789678,R_75,54037.6232,1,15.227100000003702,BACKFILL_AUTO
2026-07-11 17:08:00,1783789680,R_75,54033.6605,-1,3.9627000000036787,BACKFILL_AUTO
2026-07-11 17:08:02,1783789682,R_75,54048.1826,1,14.522100000001956,BACKFILL_AUTO
2026-07-11 17:08:04,1783789684,R_75,54045.9125,-1,2.2701000000015483,BACKFILL_AUTO
2026-07-11 17:08:06,1783789686,R_75,54055.6291,1,9.716599999999744,BACKFILL_AUTO
2026-07-11 17:08:08,1783789688,R_75,54049.2445,-1,6.38459999999759,BACKFILL_AUTO
2026-07-11 17:08:10,1783789690,R_75,54063.0169,1,13.772400000001653,BACKFILL_AUTO
2026-07-11 17:08:12,1783789692,R_75,54066.4296,1,3.4127000000007683,BACKFILL_AUTO
2026-07-11 17:08:14,1783789694,R_75,54075.5837,1,9.154099999999744,BACKFILL_AUTO
2026-07-11 17:08:16,1783789696,R_75,54086.8546,1,11.27089999999589,BACKFILL_AUTO
2026-07-11 17:08:18,1783789698,R_75,54092.4012,1,5.54660000000149,BACKFILL_AUTO
2026-07-11 17:08:20,1783789700,R_75,54103.7211,1,11.319900000002235,BACKFILL_AUTO
2026-07-11 17:08:22,1783789702,R_75,54090.3011,-1,13.42000000000553,BACKFILL_AUTO
2026-07-11 17:08:24,1783789704,R_75,54096.8353,1,6.534200000001874,BACKFILL_AUTO
2026-07-11 17:08:26,1783789706,R_75,54102.9493,1,6.114000000001397,BACKFILL_AUTO
2026-07-11 17:08:28,1783789708,R_75,54101.7528,-1,1.1964999999981956,BACKFILL_AUTO
2026-07-11 17:08:30,1783789710,R_75,54096.5586,-1,5.194200000005367,BACKFILL_AUTO
2026-07-11 17:08:32,1783789712,R_75,54092.1309,-1,4.427700000000186,BACKFILL_AUTO
2026-07-11 17:08:34,1783789714,R_75,54086.9288,-1,5.202099999994971,BACKFILL_AUTO
2026-07-11 17:08:36,1783789716,R_75,54084.3343,-1,2.5944999999992433,BACKFILL_AUTO
2026-07-11 17:08:38,1783789718,R_75,54104.2,1,19.86569999999483,BACKFILL_AUTO
2026-07-11 17:08:40,1783789720,R_75,54121.1455,1,16.94550000000163,BACKFILL_AUTO
2026-07-11 17:08:42,1783789722,R_75,54121.0491,-1,0.09640000000217697,BACKFILL_AUTO
2026-07-11 17:08:44,1783789724,R_75,54134.5194,1,13.470300000000861,BACKFILL_AUTO
2026-07-11 17:08:46,1783789726,R_75,54136.5674,1,2.048000000002503,BACKFILL_AUTO
2026-07-11 17:08:48,1783789728,R_75,54133.79,-1,2.7773999999990338,BACKFILL_AUTO
2026-07-11 17:08:50,1783789730,R_75,54137.9298,1,4.139799999997194,BACKFILL_AUTO
2026-07-11 17:08:52,1783789732,R_75,54121.3093,-1,16.620499999997264,BACKFILL_AUTO
2026-07-11 17:08:54,1783789734,R_75,54131.6216,1,10.312299999997776,BACKFILL_AUTO
2026-07-11 17:08:56,1783789736,R_75,54126.1323,-1,5.489300000001094,BACKFILL_AUTO
2026-07-11 17:08:58,1783789738,R_75,54125.1502,-1,0.9821000000010827,BACKFILL_AUTO
2026-07-11 17:09:00,1783789740,R_75,54119.1581,-1,5.992099999995844,BACKFILL_AUTO
2026-07-11 17:09:02,1783789742,R_75,54119.1571,-1,0.0010000000038417056,BACKFILL_AUTO
2026-07-11 17:09:04,1783789744,R_75,54120.2165,1,1.059400000005553,BACKFILL_AUTO
2026-07-11 17:09:06,1783789746,R_75,54109.3249,-1,10.891600000002654,BACKFILL_AUTO
2026-07-11 17:09:08,1783789748,R_75,54117.4876,1,8.162700000000768,BACKFILL_AUTO
2026-07-11 17:09:10,1783789750,R_75,54133.5916,1,16.10399999999936,BACKFILL_AUTO
2026-07-11 17:09:12,1783789752,R_75,54133.3026,-1,0.2889999999970314,BACKFILL_AUTO
2026-07-11 17:09:14,1783789754,R_75,54129.6046,-1,3.698000000003958,BACKFILL_AUTO
2026-07-11 17:09:16,1783789756,R_75,54123.131,-1,6.473599999997532,BACKFILL_AUTO
2026-07-11 17:09:18,1783789758,R_75,54119.1798,-1,3.951200000003155,BACKFILL_AUTO
2026-07-11 17:09:20,1783789760,R_75,54106.4432,-1,12.736599999996542,BACKFILL_AUTO
2026-07-11 17:09:22,1783789762,R_75,54113.6334,1,7.190199999997276,BACKFILL_AUTO
2026-07-11 17:09:24,1783789764,R_75,54108.4573,-1,5.17609999999695,BACKFILL_AUTO
2026-07-11 17:09:26,1783789766,R_75,54110.6974,1,2.2400999999954365,BACKFILL_AUTO
2026-07-11 17:09:28,1783789768,R_75,54111.5865,1,0.889100000000326,BACKFILL_AUTO
2026-07-11 17:09:30,1783789770,R_75,54131.0521,1,19.465600000003178,BACKFILL_AUTO
2026-07-11 17:09:32,1783789772,R_75,54126.6867,-1,4.36540000000241,BACKFILL_AUTO
2026-07-11 17:09:34,1783789774,R_75,54126.7739,1,0.08720000000175787,BACKFILL_AUTO
2026-07-11 17:09:36,1783789776,R_75,54134.6267,1,7.85280000000057,BACKFILL_AUTO
2026-07-11 17:09:38,1783789778,R_75,54141.2916,1,6.664899999996123,BACKFILL_AUTO
2026-07-11 17:09:40,1783789780,R_75,54129.0039,-1,12.287699999993492,BACKFILL_AUTO
2026-07-11 17:09:42,1783789782,R_75,54125.7639,-1,3.2400000000052387,BACKFILL_AUTO
2026-07-11 17:09:44,1783789784,R_75,54108.1436,-1,17.62029999999504,BACKFILL_AUTO
2026-07-11 17:09:46,1783789786,R_75,54116.4971,1,8.353499999997439,BACKFILL_AUTO
2026-07-11 17:09:48,1783789788,R_75,54112.2409,-1,4.256200000003446,BACKFILL_AUTO
2026-07-11 17:09:50,1783789790,R_75,54124.9344,1,12.693500000001222,BACKFILL_AUTO
2026-07-11 17:09:52,1783789792,R_75,54134.2293,1,9.29490000000078,BACKFILL_AUTO
2026-07-11 17:09:54,1783789794,R_75,54128.0622,-1,6.167099999998754,BACKFILL_AUTO
2026-07-11 17:09:56,1783789796,R_75,54119.5301,-1,8.532099999996717,BACKFILL_AUTO
2026-07-11 17:09:58,1783789798,R_75,54123.7255,1,4.19539999999688,BACKFILL_AUTO
2026-07-11 17:10:00,1783789800,R_75,54126.5798,1,2.854299999999057,BACKFILL_AUTO
2026-07-11 17:10:02,1783789802,R_75,54141.3341,1,14.754300000000512,BACKFILL_AUTO
2026-07-11 17:10:04,1783789804,R_75,54127.6754,-1,13.658699999999953,BACKFILL_AUTO
2026-07-11 17:10:06,1783789806,R_75,54139.1353,1,11.459900000001653,BACKFILL_AUTO
2026-07-11 17:10:08,1783789808,R_75,54153.0701,1,13.934799999995448,BACKFILL_AUTO
2026-07-11 17:10:10,1783789810,R_75,54152.5033,-1,0.5668000000005122,BACKFILL_AUTO
2026-07-11 17:10:12,1783789812,R_75,54148.8474,-1,3.655899999997928,BACKFILL_AUTO
2026-07-11 17:10:14,1783789814,R_75,54156.1081,1,7.260699999998906,BACKFILL_AUTO
2026-07-11 17:10:16,1783789816,R_75,54151.9847,-1,4.123399999996764,BACKFILL_AUTO
2026-07-11 17:10:18,1783789818,R_75,54149.4389,-1,2.545799999999872,BACKFILL_AUTO
2026-07-11 17:10:20,1783789820,R_75,54142.7566,-1,6.682300000000396,BACKFILL_AUTO
2026-07-11 17:10:22,1783789822,R_75,54138.2698,-1,4.486799999998766,BACKFILL_AUTO
2026-07-11 17:10:24,1783789824,R_75,54156.3026,1,18.03280000000086,BACKFILL_AUTO
2026-07-11 17:10:26,1783789826,R_75,54147.8373,-1,8.46530000000348,BACKFILL_AUTO
2026-07-11 17:10:28,1783789828,R_75,54144.4399,-1,3.397400000001653,BACKFILL_AUTO
2026-07-11 17:10:30,1783789830,R_75,54132.4746,-1,11.965299999996205,BACKFILL_AUTO
2026-07-11 17:10:32,1783789832,R_75,54142.6383,1,10.163699999997334,BACKFILL_AUTO
2026-07-11 17:10:34,1783789834,R_75,54139.3607,-1,3.2776000000012573,BACKFILL_AUTO
2026-07-11 17:10:36,1783789836,R_75,54152.812,1,13.451300000000629,BACKFILL_AUTO
2026-07-11 17:10:38,1783789838,R_75,54158.8443,1,6.032299999998941,BACKFILL_AUTO
2026-07-11 17:10:40,1783789840,R_75,54153.8236,-1,5.020699999993667,BACKFILL_AUTO
2026-07-11 17:10:42,1783789842,R_75,54150.715,-1,3.108600000006845,BACKFILL_AUTO
2026-07-11 17:10:44,1783789844,R_75,54156.1386,1,5.423600000001898,BACKFILL_AUTO
2026-07-11 17:10:46,1783789846,R_75,54170.5952,1,14.456600000004983,BACKFILL_AUTO
2026-07-11 17:10:48,1783789848,R_75,54162.2011,-1,8.394100000004983,BACKFILL_AUTO
2026-07-11 17:10:50,1783789850,R_75,54149.5524,-1,12.648699999997916,BACKFILL_AUTO
2026-07-11 17:10:52,1783789852,R_75,54154.8398,1,5.287400000001071,BACKFILL_AUTO
2026-07-11 17:10:54,1783789854,R_75,54163.6019,1,8.762099999999919,BACKFILL_AUTO
2026-07-11 17:10:56,1783789856,R_75,54163.4487,-1,0.15320000000065193,BACKFILL_AUTO
2026-07-11 17:10:58,1783789858,R_75,54172.9215,1,9.472799999995914,BACKFILL_AUTO
2026-07-11 17:11:00,1783789860,R_75,54156.7459,-1,16.17559999999503,BACKFILL_AUTO
2026-07-11 17:11:02,1783789862,R_75,54155.137,-1,1.6088999999992666,BACKFILL_AUTO
2026-07-11 17:11:04,1783789864,R_75,54146.3473,-1,8.789700000001176,BACKFILL_AUTO
2026-07-11 17:11:06,1783789866,R_75,54149.2741,1,2.9268000000010943,BACKFILL_AUTO
2026-07-11 17:11:08,1783789868,R_75,54140.2843,-1,8.989800000003015,BACKFILL_AUTO
2026-07-11 17:11:10,1783789870,R_75,54147.0537,1,6.769399999997404,BACKFILL_AUTO
2026-07-11 17:11:12,1783789872,R_75,54147.8928,1,0.8391000000046915,BACKFILL_AUTO
2026-07-11 17:11:14,1783789874,R_75,54155.856,1,7.963199999998324,BACKFILL_AUTO
2026-07-11 17:11:16,1783789876,R_75,54155.9301,1,0.07409999999799766,BACKFILL_AUTO
2026-07-11 17:11:18,1783789878,R_75,54159.4454,1,3.5152999999991152,BACKFILL_AUTO
2026-07-11 17:11:20,1783789880,R_75,54166.3943,1,6.94890000000305,BACKFILL_AUTO
2026-07-11 17:11:22,1783789882,R_75,54176.0398,1,9.64549999999872,BACKFILL_AUTO
2026-07-11 17:11:24,1783789884,R_75,54175.5159,-1,0.5239000000001397,BACKFILL_AUTO
2026-07-11 17:11:26,1783789886,R_75,54173.2107,-1,2.3051999999952386,BACKFILL_AUTO
2026-07-11 17:11:28,1783789888,R_75,54173.8452,1,0.6345000000001164,BACKFILL_AUTO
2026-07-11 17:11:30,1783789890,R_75,54159.2784,-1,14.566800000000512,BACKFILL_AUTO
2026-07-11 17:11:32,1783789892,R_75,54143.9477,-1,15.33070000000589,BACKFILL_AUTO
2026-07-11 17:11:34,1783789894,R_75,54142.5161,-1,1.4315999999962514,BACKFILL_AUTO
2026-07-11 17:11:36,1783789896,R_75,54139.3712,-1,3.144899999999325,BACKFILL_AUTO
2026-07-11 17:11:38,1783789898,R_75,54143.1013,1,3.730100000000675,BACKFILL_AUTO
2026-07-11 17:11:40,1783789900,R_75,54136.1928,-1,6.908500000005006,BACKFILL_AUTO
2026-07-11 17:11:42,1783789902,R_75,54128.4365,-1,7.756299999993644,BACKFILL_AUTO
2026-07-11 17:11:44,1783789904,R_75,54143.9665,1,15.529999999998836,BACKFILL_AUTO
2026-07-11 17:11:46,1783789906,R_75,54133.2327,-1,10.733800000001793,BACKFILL_AUTO
2026-07-11 17:11:48,1783789908,R_75,54129.7489,-1,3.483800000001793,BACKFILL_AUTO
2026-07-11 17:11:50,1783789910,R_75,54120.0426,-1,9.70629999999801,BACKFILL_AUTO
2026-07-11 17:11:52,1783789912,R_75,54127.8577,1,7.815099999999802,BACKFILL_AUTO
2026-07-11 17:11:54,1783789914,R_75,54129.5551,1,1.6973999999972875,BACKFILL_AUTO
2026-07-11 17:11:56,1783789916,R_75,54127.2675,-1,2.2875999999960186,BACKFILL_AUTO
2026-07-11 17:11:58,1783789918,R_75,54145.3921,1,18.124599999995553,BACKFILL_AUTO
2026-07-11 17:12:00,1783789920,R_75,54170.588,1,25.195900000006077,BACKFILL_AUTO
2026-07-11 17:12:02,1783789922,R_75,54149.8445,-1,20.743500000004133,BACKFILL_AUTO
2026-07-11 17:12:04,1783789924,R_75,54130.8579,-1,18.986599999996542,BACKFILL_AUTO
2026-07-11 17:12:06,1783789926,R_75,54129.5489,-1,1.309000000001106,BACKFILL_AUTO
2026-07-11 17:12:08,1783789928,R_75,54138.757,1,9.208099999996193,BACKFILL_AUTO
2026-07-11 17:12:10,1783789930,R_75,54131.7169,-1,7.040099999998347,BACKFILL_AUTO
2026-07-11 17:12:12,1783789932,R_75,54145.7609,1,14.044000000001688,BACKFILL_AUTO
2026-07-11 17:12:14,1783789934,R_75,54132.3208,-1,13.440099999999802,BACKFILL_AUTO
2026-07-11 17:12:16,1783789936,R_75,54142.542,1,10.221199999999953,BACKFILL_AUTO
2026-07-11 17:12:18,1783789938,R_75,54133.8268,-1,8.715199999998731,BACKFILL_AUTO
2026-07-11 17:12:20,1783789940,R_75,54128.7553,-1,5.0715000000054715,BACKFILL_AUTO
2026-07-11 17:12:22,1783789942,R_75,54125.6055,-1,3.1497999999992317,BACKFILL_AUTO
2026-07-11 17:12:24,1783789944,R_75,54127.1589,1,1.5534000000043306,BACKFILL_AUTO
2026-07-11 17:12:26,1783789946,R_75,54113.5665,-1,13.592400000001362,BACKFILL_AUTO
2026-07-11 17:12:28,1783789948,R_75,54113.2531,-1,0.31339999999909196,BACKFILL_AUTO
2026-07-11 17:12:30,1783789950,R_75,54110.4985,-1,2.7546000000002095,BACKFILL_AUTO
2026-07-11 17:12:32,1783789952,R_75,54111.3475,1,0.8490000000019791,BACKFILL_AUTO
2026-07-11 17:12:34,1783789954,R_75,54105.6919,-1,5.6556000000055064,BACKFILL_AUTO
2026-07-11 17:12:36,1783789956,R_75,54094.4956,-1,11.196299999995972,BACKFILL_AUTO
2026-07-11 17:12:38,1783789958,R_75,54100.1096,1,5.614000000001397,BACKFILL_AUTO
2026-07-11 17:12:40,1783789960,R_75,54121.4959,1,21.3862999999983,BACKFILL_AUTO
2026-07-11 17:12:42,1783789962,R_75,54110.508,-1,10.987900000000081,BACKFILL_AUTO
2026-07-11 17:12:44,1783789964,R_75,54094.5283,-1,15.979700000003504,BACKFILL_AUTO
2026-07-11 17:12:46,1783789966,R_75,54093.0461,-1,1.4821999999985565,BACKFILL_AUTO
2026-07-11 17:12:48,1783789968,R_75,54084.0228,-1,9.023300000000745,BACKFILL_AUTO
2026-07-11 17:12:50,1783789970,R_75,54087.1801,1,3.1572999999989406,BACKFILL_AUTO
2026-07-11 17:12:52,1783789972,R_75,54077.5833,-1,9.596799999999348,BACKFILL_AUTO
2026-07-11 17:12:54,1783789974,R_75,54087.0509,1,9.467600000003586,BACKFILL_AUTO
2026-07-11 17:12:56,1783789976,R_75,54097.8042,1,10.75329999999667,BACKFILL_AUTO
2026-07-11 17:12:58,1783789978,R_75,54085.6572,-1,12.146999999997206,BACKFILL_AUTO
2026-07-11 17:13:00,1783789980,R_75,54087.7994,1,2.142200000002049,BACKFILL_AUTO
2026-07-11 17:13:02,1783789982,R_75,54087.3042,-1,0.4952000000048429,BACKFILL_AUTO
2026-07-11 17:13:04,1783789984,R_75,54075.834,-1,11.470199999996112,BACKFILL_AUTO
2026-07-11 17:13:06,1783789986,R_75,54072.2907,-1,3.5433000000048196,BACKFILL_AUTO
2026-07-11 17:13:08,1783789988,R_75,54064.9531,-1,7.337599999998929,BACKFILL_AUTO
2026-07-11 17:13:10,1783789990,R_75,54072.7443,1,7.791199999999662,BACKFILL_AUTO
2026-07-11 17:13:12,1783789992,R_75,54076.1657,1,3.4213999999992666,BACKFILL_AUTO
2026-07-11 17:13:14,1783789994,R_75,54085.7602,1,9.594499999999243,BACKFILL_AUTO
2026-07-11 17:13:16,1783789996,R_75,54086.0795,1,0.31930000000284053,BACKFILL_AUTO
2026-07-11 17:13:18,1783789998,R_75,54101.4764,1,15.396899999999732,BACKFILL_AUTO
2026-07-11 17:13:20,1783790000,R_75,54086.0263,-1,15.45010000000184,BACKFILL_AUTO
2026-07-11 17:13:22,1783790002,R_75,54081.6391,-1,4.387199999997392,BACKFILL_AUTO
2026-07-11 17:13:24,1783790004,R_75,54090.1052,1,8.466099999997823,BACKFILL_AUTO
2026-07-11 17:13:26,1783790006,R_75,54100.7404,1,10.63520000000426,BACKFILL_AUTO
2026-07-11 17:13:28,1783790008,R_75,54114.5795,1,13.839099999997416,BACKFILL_AUTO
2026-07-11 17:13:30,1783790010,R_75,54119.0594,1,4.479899999998452,BACKFILL_AUTO
2026-07-11 17:13:32,1783790012,R_75,54129.2196,1,10.16019999999844,BACKFILL_AUTO
2026-07-11 17:13:34,1783790014,R_75,54139.5084,1,10.288800000002084,BACKFILL_AUTO
2026-07-11 17:13:36,1783790016,R_75,54149.4707,1,9.962299999999232,BACKFILL_AUTO
2026-07-11 17:13:38,1783790018,R_75,54147.7678,-1,1.702899999996589,BACKFILL_AUTO
2026-07-11 17:13:40,1783790020,R_75,54142.407,-1,5.3608000000022,BACKFILL_AUTO
2026-07-11 17:13:42,1783790022,R_75,54143.0454,1,0.6384000000034575,BACKFILL_AUTO
2026-07-11 17:13:44,1783790024,R_75,54151.4716,1,8.426199999994424,BACKFILL_AUTO
2026-07-11 17:13:46,1783790026,R_75,54141.2726,-1,10.199000000000524,BACKFILL_AUTO
2026-07-11 17:13:48,1783790028,R_75,54139.7713,-1,1.501299999996263,BACKFILL_AUTO
2026-07-11 17:13:50,1783790030,R_75,54137.6263,-1,2.1449999999967986,BACKFILL_AUTO
2026-07-11 17:13:52,1783790032,R_75,54137.3854,-1,0.24090000000433065,BACKFILL_AUTO
2026-07-11 17:13:54,1783790034,R_75,54147.2121,1,9.8266999999978,BACKFILL_AUTO
2026-07-11 17:13:56,1783790036,R_75,54147.7414,1,0.5293000000019674,BACKFILL_AUTO
2026-07-11 17:13:58,1783790038,R_75,54155.2318,1,7.49040000000241,BACKFILL_AUTO
2026-07-11 17:14:00,1783790040,R_75,54159.3606,1,4.128799999998591,BACKFILL_AUTO
2026-07-11 17:14:02,1783790042,R_75,54152.7284,-1,6.632200000000012,BACKFILL_AUTO
2026-07-11 17:14:04,1783790044,R_75,54142.4896,-1,10.238799999999173,BACKFILL_AUTO
2026-07-11 17:14:06,1783790046,R_75,54127.432,-1,15.057600000000093,BACKFILL_AUTO
2026-07-11 17:14:08,1783790048,R_75,54110.0605,-1,17.371500000001106,BACKFILL_AUTO
2026-07-11 17:14:10,1783790050,R_75,54119.104,1,9.043499999999767,BACKFILL_AUTO
2026-07-11 17:14:12,1783790052,R_75,54124.6523,1,5.5483000000022,BACKFILL_AUTO
2026-07-11 17:14:14,1783790054,R_75,54116.3531,-1,8.299200000001292,BACKFILL_AUTO
2026-07-11 17:14:16,1783790056,R_75,54099.5335,-1,16.819600000002538,BACKFILL_AUTO
2026-07-11 17:14:18,1783790058,R_75,54112.2531,1,12.719600000003993,BACKFILL_AUTO
2026-07-11 17:14:20,1783790060,R_75,54122.6795,1,10.426399999996647,BACKFILL_AUTO
2026-07-11 17:14:22,1783790062,R_75,54137.9472,1,15.26770000000397,BACKFILL_AUTO
2026-07-11 17:14:24,1783790064,R_75,54139.9336,1,1.986399999994319,BACKFILL_AUTO
2026-07-11 17:14:26,1783790066,R_75,54131.1616,-1,8.771999999997206,BACKFILL_AUTO
2026-07-11 17:14:28,1783790068,R_75,54116.6901,-1,14.47149999999965,BACKFILL_AUTO
2026-07-11 17:14:30,1783790070,R_75,54105.7135,-1,10.976600000001781,BACKFILL_AUTO
2026-07-11 17:14:32,1783790072,R_75,54102.3828,-1,3.3306999999986147,BACKFILL_AUTO
2026-07-11 17:14:34,1783790074,R_75,54085.2009,-1,17.18189999999595,BACKFILL_AUTO
2026-07-11 17:14:36,1783790076,R_75,54098.0058,1,12.804899999995541,BACKFILL_AUTO
2026-07-11 17:14:38,1783790078,R_75,54108.6885,1,10.682699999997567,BACKFILL_AUTO
2026-07-11 17:14:40,1783790080,R_75,54121.7701,1,13.081600000004983,BACKFILL_AUTO
2026-07-11 17:14:42,1783790082,R_75,54107.6216,-1,14.148500000002969,BACKFILL_AUTO
2026-07-11 17:14:44,1783790084,R_75,54110.454,1,2.832399999999325,BACKFILL_AUTO
2026-07-11 17:14:46,1783790086,R_75,54113.8386,1,3.384600000004866,BACKFILL_AUTO
2026-07-11 17:14:48,1783790088,R_75,54124.4717,1,10.633099999999104,BACKFILL_AUTO
2026-07-11 17:14:50,1783790090,R_75,54120.9796,-1,3.49210000000312,BACKFILL_AUTO
2026-07-11 17:14:52,1783790092,R_75,54103.0254,-1,17.954200000000128,BACKFILL_AUTO
2026-07-11 17:14:54,1783790094,R_75,54087.2353,-1,15.790099999998347,BACKFILL_AUTO
2026-07-11 17:14:56,1783790096,R_75,54069.2665,-1,17.968800000002375,BACKFILL_AUTO
2026-07-11 17:14:58,1783790098,R_75,54054.1179,-1,15.148600000000442,BACKFILL_AUTO
2026-07-11 17:15:00,1783790100,R_75,54045.8763,-1,8.241599999993923,BACKFILL_AUTO
2026-07-11 17:15:02,1783790102,R_75,54045.8764,1,9.999999747378752e-05,BACKFILL_AUTO
2026-07-11 17:15:04,1783790104,R_75,54051.6744,1,5.798000000002503,BACKFILL_AUTO
2026-07-11 17:15:06,1783790106,R_75,54067.2465,1,15.57209999999759,BACKFILL_AUTO
2026-07-11 17:15:08,1783790108,R_75,54070.8797,1,3.6331999999965774,BACKFILL_AUTO
2026-07-11 17:15:10,1783790110,R_75,54058.8191,-1,12.060599999997066,BACKFILL_AUTO
2026-07-11 17:15:12,1783790112,R_75,54056.4197,-1,2.3994000000020606,BACKFILL_AUTO
2026-07-11 17:15:14,1783790114,R_75,54060.752,1,4.332300000001851,BACKFILL_AUTO
2026-07-11 17:15:16,1783790116,R_75,54044.8568,-1,15.895199999999022,BACKFILL_AUTO
2026-07-11 17:15:18,1783790118,R_75,54060.9564,1,16.099600000001374,BACKFILL_AUTO
2026-07-11 17:15:20,1783790120,R_75,54049.6847,-1,11.271700000004785,BACKFILL_AUTO
2026-07-11 17:15:22,1783790122,R_75,54045.8278,-1,3.856899999998859,BACKFILL_AUTO
2026-07-11 17:15:24,1783790124,R_75,54031.4999,-1,14.327899999996589,BACKFILL_AUTO
2026-07-11 17:15:26,1783790126,R_75,54016.2638,-1,15.236100000001898,BACKFILL_AUTO
2026-07-11 17:15:28,1783790128,R_75,54010.7298,-1,5.533999999999651,BACKFILL_AUTO
2026-07-11 17:15:30,1783790130,R_75,54018.6799,1,7.950100000001839,BACKFILL_AUTO
2026-07-11 17:15:32,1783790132,R_75,54008.5012,-1,10.178700000004028,BACKFILL_AUTO
2026-07-11 17:15:34,1783790134,R_75,54016.8795,1,8.378300000003946,BACKFILL_AUTO
2026-07-11 17:15:36,1783790136,R_75,54019.5367,1,2.657199999994191,BACKFILL_AUTO
2026-07-11 17:15:38,1783790138,R_75,54031.6995,1,12.162800000005518,BACKFILL_AUTO
2026-07-11 17:15:40,1783790140,R_75,54040.3628,1,8.663300000000163,BACKFILL_AUTO
2026-07-11 17:15:42,1783790142,R_75,54039.069,-1,1.2937999999994645,BACKFILL_AUTO
2026-07-11 17:15:44,1783790144,R_75,54040.6964,1,1.6273999999975786,BACKFILL_AUTO
2026-07-11 17:15:46,1783790146,R_75,54042.6373,1,1.9409000000014203,BACKFILL_AUTO
2026-07-11 17:15:48,1783790148,R_75,54044.5557,1,1.9183999999950174,BACKFILL_AUTO
2026-07-11 17:15:50,1783790150,R_75,54057.9408,1,13.385099999999511,BACKFILL_AUTO
2026-07-11 17:15:52,1783790152,R_75,54045.0595,-1,12.881299999993644,BACKFILL_AUTO
2026-07-11 17:15:54,1783790154,R_75,54051.0525,1,5.992999999994936,BACKFILL_AUTO
2026-07-11 17:15:56,1783790156,R_75,54052.9437,1,1.8912000000054832,BACKFILL_AUTO
2026-07-11 17:15:58,1783790158,R_75,54039.5086,-1,13.435100000002421,BACKFILL_AUTO
2026-07-11 17:16:00,1783790160,R_75,54049.0102,1,9.50159999999596,BACKFILL_AUTO
2026-07-11 17:16:02,1783790162,R_75,54061.0268,1,12.016600000002654,BACKFILL_AUTO
2026-07-11 17:16:04,1783790164,R_75,54064.5922,1,3.5653999999994994,BACKFILL_AUTO
2026-07-11 17:16:06,1783790166,R_75,54067.7032,1,3.111000000004424,BACKFILL_AUTO
2026-07-11 17:16:08,1783790168,R_75,54051.2144,-1,16.48880000000645,BACKFILL_AUTO
2026-07-11 17:16:10,1783790170,R_75,54061.3179,1,10.103500000004715,BACKFILL_AUTO
2026-07-11 17:16:12,1783790172,R_75,54062.1013,1,0.7834000000002561,BACKFILL_AUTO
2026-07-11 17:16:14,1783790174,R_75,54062.0243,-1,0.07700000000477303,BACKFILL_AUTO
2026-07-11 17:16:16,1783790176,R_75,54057.3435,-1,4.680799999994633,BACKFILL_AUTO
2026-07-11 17:16:18,1783790178,R_75,54052.1082,-1,5.235300000000279,BACKFILL_AUTO
2026-07-11 17:16:20,1783790180,R_75,54050.106,-1,2.002200000002631,BACKFILL_AUTO
2026-07-11 17:16:22,1783790182,R_75,54051.8095,1,1.7035000000032596,BACKFILL_AUTO
2026-07-11 17:16:24,1783790184,R_75,54065.0398,1,13.230299999995623,BACKFILL_AUTO
2026-07-11 17:16:26,1783790186,R_75,54066.1024,1,1.0626000000047497,BACKFILL_AUTO
2026-07-11 17:16:28,1783790188,R_75,54057.0143,-1,9.08810000000085,BACKFILL_AUTO
2026-07-11 17:16:30,1783790190,R_75,54042.0916,-1,14.922700000002806,BACKFILL_AUTO
2026-07-11 17:16:32,1783790192,R_75,54038.0374,-1,4.054199999998673,BACKFILL_AUTO
2026-07-11 17:16:34,1783790194,R_75,54029.1517,-1,8.885699999998906,BACKFILL_AUTO
2026-07-11 17:16:36,1783790196,R_75,54034.0598,1,4.908100000000559,BACKFILL_AUTO
2026-07-11 17:16:38,1783790198,R_75,54036.5632,1,2.5033999999941443,BACKFILL_AUTO
2026-07-11 17:16:40,1783790200,R_75,54032.3669,-1,4.196299999995972,BACKFILL_AUTO
2026-07-11 17:16:42,1783790202,R_75,54048.9155,1,16.548600000001898,BACKFILL_AUTO
2026-07-11 17:16:44,1783790204,R_75,54051.6539,1,2.7383999999947264,BACKFILL_AUTO
2026-07-11 17:16:46,1783790206,R_75,54054.8249,1,3.1710000000020955,BACKFILL_AUTO
2026-07-11 17:16:48,1783790208,R_75,54039.7064,-1,15.118499999996857,BACKFILL_AUTO
2026-07-11 17:16:50,1783790210,R_75,54023.4113,-1,16.295100000003004,BACKFILL_AUTO
2026-07-11 17:16:52,1783790212,R_75,54024.3442,1,0.9328999999997905,BACKFILL_AUTO
2026-07-11 17:16:54,1783790214,R_75,54021.9581,-1,2.386099999996077,BACKFILL_AUTO
2026-07-11 17:16:56,1783790216,R_75,54014.8618,-1,7.096300000004703,BACKFILL_AUTO
2026-07-11 17:16:58,1783790218,R_75,54010.293,-1,4.56880000000092,BACKFILL_AUTO
2026-07-11 17:17:00,1783790220,R_75,54006.3659,-1,3.9271000000007916,BACKFILL_AUTO
2026-07-11 17:17:02,1783790222,R_75,54019.9409,1,13.575000000004366,BACKFILL_AUTO
2026-07-11 17:17:04,1783790224,R_75,54003.7367,-1,16.204200000000128,BACKFILL_AUTO
2026-07-11 17:17:06,1783790226,R_75,54013.4144,1,9.677700000000186,BACKFILL_AUTO
2026-07-11 17:17:08,1783790228,R_75,53998.9319,-1,14.482499999998254,BACKFILL_AUTO
2026-07-11 17:17:10,1783790230,R_75,53995.9868,-1,2.9451000000044587,BACKFILL_AUTO
2026-07-11 17:17:12,1783790232,R_75,53984.5044,-1,11.48240000000078,BACKFILL_AUTO
2026-07-11 17:17:14,1783790234,R_75,53997.5661,1,13.061699999998382,BACKFILL_AUTO
2026-07-11 17:17:16,1783790236,R_75,53989.2177,-1,8.348399999995308,BACKFILL_AUTO
2026-07-11 17:17:18,1783790238,R_75,53977.8723,-1,11.345399999998335,BACKFILL_AUTO
2026-07-11 17:17:20,1783790240,R_75,53989.7236,1,11.851299999994808,BACKFILL_AUTO
2026-07-11 17:17:22,1783790242,R_75,53996.8213,1,7.097700000005716,BACKFILL_AUTO
2026-07-11 17:17:24,1783790244,R_75,53995.6175,-1,1.203800000002957,BACKFILL_AUTO
2026-07-11 17:17:26,1783790246,R_75,53982.65,-1,12.967499999998836,BACKFILL_AUTO
2026-07-11 17:17:28,1783790248,R_75,53977.274,-1,5.376000000003842,BACKFILL_AUTO
2026-07-11 17:17:30,1783790250,R_75,53985.3767,1,8.102700000003097,BACKFILL_AUTO
2026-07-11 17:17:32,1783790252,R_75,53992.1455,1,6.768799999998009,BACKFILL_AUTO
2026-07-11 17:17:34,1783790254,R_75,53992.1772,1,0.03169999999954598,BACKFILL_AUTO
2026-07-11 17:17:36,1783790256,R_75,53999.7452,1,7.5679999999993015,BACKFILL_AUTO
2026-07-11 17:17:38,1783790258,R_75,54000.3848,1,0.6396000000022468,BACKFILL_AUTO
2026-07-11 17:17:40,1783790260,R_75,53977.8447,-1,22.540099999998347,BACKFILL_AUTO
2026-07-11 17:17:42,1783790262,R_75,53967.2852,-1,10.559500000003027,BACKFILL_AUTO
2026-07-11 17:17:44,1783790264,R_75,53951.5128,-1,15.772400000001653,BACKFILL_AUTO
2026-07-11 17:17:46,1783790266,R_75,53952.5516,1,1.0388000000020838,BACKFILL_AUTO
2026-07-11 17:17:48,1783790268,R_75,53968.793,1,16.241399999998976,BACKFILL_AUTO
2026-07-11 17:17:50,1783790270,R_75,53970.5229,1,1.7299000000057276,BACKFILL_AUTO
2026-07-11 17:17:52,1783790272,R_75,53953.356,-1,17.166900000003807,BACKFILL_AUTO
2026-07-11 17:17:54,1783790274,R_75,53941.5741,-1,11.78190000000177,BACKFILL_AUTO
2026-07-11 17:17:56,1783790276,R_75,53942.4736,1,0.8994999999995343,BACKFILL_AUTO
2026-07-11 17:17:58,1783790278,R_75,53952.4154,1,9.941800000000512,BACKFILL_AUTO
2026-07-11 17:18:00,1783790280,R_75,53944.7775,-1,7.637900000001537,BACKFILL_AUTO
2026-07-11 17:18:02,1783790282,R_75,53934.9467,-1,9.830799999996088,BACKFILL_AUTO
2026-07-11 17:18:04,1783790284,R_75,53937.6474,1,2.700700000001234,BACKFILL_AUTO
2026-07-11 17:18:06,1783790286,R_75,53943.5599,1,5.912499999998545,BACKFILL_AUTO
2026-07-11 17:18:08,1783790288,R_75,53961.1319,1,17.572000000000116,BACKFILL_AUTO
2026-07-11 17:18:10,1783790290,R_75,53974.4854,1,13.353499999997439,BACKFILL_AUTO
2026-07-11 17:18:12,1783790292,R_75,53966.2427,-1,8.242699999995239,BACKFILL_AUTO
2026-07-11 17:18:14,1783790294,R_75,53976.907,1,10.664299999996729,BACKFILL_AUTO
2026-07-11 17:18:16,1783790296,R_75,53985.2154,1,8.308400000001711,BACKFILL_AUTO
2026-07-11 17:18:18,1783790298,R_75,53986.1026,1,0.8871999999973923,BACKFILL_AUTO
2026-07-11 17:18:20,1783790300,R_75,53991.7708,1,5.66820000000007,BACKFILL_AUTO
2026-07-11 17:18:22,1783790302,R_75,53983.9474,-1,7.823400000001129,BACKFILL_AUTO
2026-07-11 17:18:24,1783790304,R_75,53989.6908,1,5.743399999999383,BACKFILL_AUTO
2026-07-11 17:18:26,1783790306,R_75,53982.7168,-1,6.973999999994703,BACKFILL_AUTO
2026-07-11 17:18:28,1783790308,R_75,53982.5098,-1,0.20700000000215368,BACKFILL_AUTO
2026-07-11 17:18:30,1783790310,R_75,53994.0971,1,11.587299999999232,BACKFILL_AUTO
2026-07-11 17:18:32,1783790312,R_75,53997.7796,1,3.6825000000026193,BACKFILL_AUTO
2026-07-11 17:18:34,1783790314,R_75,54000.8428,1,3.0631999999968684,BACKFILL_AUTO
2026-07-11 17:18:36,1783790316,R_75,53998.44,-1,2.402799999996205,BACKFILL_AUTO
2026-07-11 17:18:38,1783790318,R_75,53985.5499,-1,12.890100000004168,BACKFILL_AUTO
2026-07-11 17:18:40,1783790320,R_75,53996.5566,1,11.006700000005367,BACKFILL_AUTO
2026-07-11 17:18:42,1783790322,R_75,54023.4852,1,26.92859999999928,BACKFILL_AUTO
2026-07-11 17:18:44,1783790324,R_75,54008.4115,-1,15.073700000000827,BACKFILL_AUTO
2026-07-11 17:18:46,1783790326,R_75,53997.7114,-1,10.70010000000184,BACKFILL_AUTO
2026-07-11 17:18:48,1783790328,R_75,54013.5124,1,15.800999999999476,BACKFILL_AUTO
2026-07-11 17:18:50,1783790330,R_75,54004.7161,-1,8.796300000001793,BACKFILL_AUTO
2026-07-11 17:18:52,1783790332,R_75,54003.7881,-1,0.9279999999998836,BACKFILL_AUTO
2026-07-11 17:18:54,1783790334,R_75,54020.5656,1,16.777500000003783,BACKFILL_AUTO
2026-07-11 17:18:56,1783790336,R_75,54009.8038,-1,10.761800000000221,BACKFILL_AUTO
2026-07-11 17:18:58,1783790338,R_75,54010.2545,1,0.450700000001234,BACKFILL_AUTO
2026-07-11 17:19:00,1783790340,R_75,54011.8486,1,1.5940999999947962,BACKFILL_AUTO
2026-07-11 17:19:02,1783790342,R_75,53984.1389,-1,27.70969999999943,BACKFILL_AUTO
2026-07-11 17:19:04,1783790344,R_75,53991.784,1,7.645100000001548,BACKFILL_AUTO
2026-07-11 17:19:06,1783790346,R_75,53993.1048,1,1.3208000000013271,BACKFILL_AUTO
2026-07-11 17:19:08,1783790348,R_75,53986.6526,-1,6.452199999999721,BACKFILL_AUTO
2026-07-11 17:19:10,1783790350,R_75,54008.5278,1,21.875200000002224,BACKFILL_AUTO
2026-07-11 17:19:12,1783790352,R_75,54013.9122,1,5.384399999995367,BACKFILL_AUTO
2026-07-11 17:19:14,1783790354,R_75,53999.2636,-1,14.648600000000442,BACKFILL_AUTO
2026-07-11 17:19:16,1783790356,R_75,53998.3127,-1,0.9508999999961816,BACKFILL_AUTO
2026-07-11 17:19:18,1783790358,R_75,54003.8808,1,5.568099999996775,BACKFILL_AUTO
2026-07-11 17:19:20,1783790360,R_75,54004.0261,1,0.14530000000377186,BACKFILL_AUTO
2026-07-11 17:19:22,1783790362,R_75,54004.8663,1,0.8401999999987311,BACKFILL_AUTO
2026-07-11 17:19:24,1783790364,R_75,53998.6799,-1,6.1863999999986845,BACKFILL_AUTO
2026-07-11 17:19:26,1783790366,R_75,54013.8941,1,15.21419999999489,BACKFILL_AUTO
2026-07-11 17:19:28,1783790368,R_75,54008.0081,-1,5.885999999998603,BACKFILL_AUTO
2026-07-11 17:19:30,1783790370,R_75,53994.8805,-1,13.127599999999802,BACKFILL_AUTO
2026-07-11 17:19:32,1783790372,R_75,53988.495,-1,6.385499999996682,BACKFILL_AUTO
2026-07-11 17:19:34,1783790374,R_75,53991.2846,1,2.789599999996426,BACKFILL_AUTO
2026-07-11 17:19:36,1783790376,R_75,53999.3588,1,8.074200000002747,BACKFILL_AUTO
2026-07-11 17:19:38,1783790378,R_75,53995.7541,-1,3.604700000003504,BACKFILL_AUTO
2026-07-11 17:19:40,1783790380,R_75,53992.2122,-1,3.541899999996531,BACKFILL_AUTO
2026-07-11 17:19:42,1783790382,R_75,54011.4296,1,19.217400000001362,BACKFILL_AUTO
2026-07-11 17:19:44,1783790384,R_75,54009.2558,-1,2.173800000004121,BACKFILL_AUTO
2026-07-11 17:19:46,1783790386,R_75,54008.9028,-1,0.352999999995518,BACKFILL_AUTO
2026-07-11 17:19:48,1783790388,R_75,54010.209,1,1.3061999999990803,BACKFILL_AUTO
2026-07-11 17:19:50,1783790390,R_75,54012.9288,1,2.7197999999989406,BACKFILL_AUTO
2026-07-11 17:19:52,1783790392,R_75,53995.4843,-1,17.444500000005064,BACKFILL_AUTO
2026-07-11 17:19:54,1783790394,R_75,53998.0818,1,2.5975000000034925,BACKFILL_AUTO
2026-07-11 17:19:56,1783790396,R_75,53993.6048,-1,4.476999999998952,BACKFILL_AUTO
2026-07-11 17:19:58,1783790398,R_75,54006.3328,1,12.727999999995518,BACKFILL_AUTO
2026-07-11 17:20:00,1783790400,R_75,54004.7443,-1,1.588499999998021,BACKFILL_AUTO
2026-07-11 17:20:02,1783790402,R_75,54021.2361,1,16.491800000003423,BACKFILL_AUTO
2026-07-11 17:20:04,1783790404,R_75,54003.0363,-1,18.199800000002142,BACKFILL_AUTO
2026-07-11 17:20:06,1783790406,R_75,54005.8605,1,2.8242000000027474,BACKFILL_AUTO
2026-07-11 17:20:08,1783790408,R_75,54012.311,1,6.4504999999990105,BACKFILL_AUTO
2026-07-11 17:20:10,1783790410,R_75,54000.9949,-1,11.316100000003644,BACKFILL_AUTO
2026-07-11 17:20:12,1783790412,R_75,54002.1809,1,1.1860000000015134,BACKFILL_AUTO
2026-07-11 17:20:14,1783790414,R_75,54002.0089,-1,0.17199999999866122,BACKFILL_AUTO
2026-07-11 17:20:16,1783790416,R_75,54004.5677,1,2.5587999999988824,BACKFILL_AUTO
2026-07-11 17:20:18,1783790418,R_75,54004.1061,-1,0.46160000000236323,BACKFILL_AUTO
2026-07-11 17:20:20,1783790420,R_75,54016.0324,1,11.926299999999173,BACKFILL_AUTO
2026-07-11 17:20:22,1783790422,R_75,54014.5238,-1,1.5085999999937485,BACKFILL_AUTO
2026-07-11 17:20:24,1783790424,R_75,54002.0338,-1,12.490000000005239,BACKFILL_AUTO
2026-07-11 17:20:26,1783790426,R_75,54000.3553,-1,1.6784999999945285,BACKFILL_AUTO
2026-07-11 17:20:28,1783790428,R_75,54002.5853,1,2.2299999999959255,BACKFILL_AUTO
2026-07-11 17:20:30,1783790430,R_75,53986.5685,-1,16.016799999997602,BACKFILL_AUTO
2026-07-11 17:20:32,1783790432,R_75,53974.2881,-1,12.280400000003283,BACKFILL_AUTO
2026-07-11 17:20:34,1783790434,R_75,53962.3101,-1,11.977999999995518,BACKFILL_AUTO
2026-07-11 17:20:36,1783790436,R_75,53965.1126,1,2.8024999999979627,BACKFILL_AUTO
2026-07-11 17:20:38,1783790438,R_75,53950.1827,-1,14.929900000002817,BACKFILL_AUTO
2026-07-11 17:20:40,1783790440,R_75,53944.8678,-1,5.314899999997579,BACKFILL_AUTO
2026-07-11 17:20:42,1783790442,R_75,53926.9233,-1,17.944499999997788,BACKFILL_AUTO
2026-07-11 17:20:44,1783790444,R_75,53955.6282,1,28.704899999996996,BACKFILL_AUTO
2026-07-11 17:20:46,1783790446,R_75,53957.9413,1,2.3130999999993946,BACKFILL_AUTO
2026-07-11 17:20:48,1783790448,R_75,53951.2035,-1,6.737799999995332,BACKFILL_AUTO
2026-07-11 17:20:50,1783790450,R_75,53947.7329,-1,3.470600000000559,BACKFILL_AUTO
2026-07-11 17:20:52,1783790452,R_75,53938.516,-1,9.216899999999441,BACKFILL_AUTO
2026-07-11 17:20:54,1783790454,R_75,53944.4316,1,5.915600000000268,BACKFILL_AUTO
2026-07-11 17:20:56,1783790456,R_75,53933.5459,-1,10.885700000006182,BACKFILL_AUTO
2026-07-11 17:20:58,1783790458,R_75,53934.4656,1,0.9197000000058324,BACKFILL_AUTO
2026-07-11 17:21:00,1783790460,R_75,53934.4759,1,0.01029999999445863,BACKFILL_AUTO
2026-07-11 17:21:02,1783790462,R_75,53937.021,1,2.5451000000030035,BACKFILL_AUTO
2026-07-11 17:21:04,1783790464,R_75,53951.1824,1,14.16139999999723,BACKFILL_AUTO
2026-07-11 17:21:06,1783790466,R_75,53961.1571,1,9.974699999998847,BACKFILL_AUTO
2026-07-11 17:21:08,1783790468,R_75,53962.8547,1,1.697600000006787,BACKFILL_AUTO
2026-07-11 17:21:10,1783790470,R_75,53969.8932,1,7.038499999995111,BACKFILL_AUTO
2026-07-11 17:21:12,1783790472,R_75,53974.2401,1,4.346900000004098,BACKFILL_AUTO
2026-07-11 17:21:14,1783790474,R_75,53973.8851,-1,0.3550000000032014,BACKFILL_AUTO
2026-07-11 17:21:16,1783790476,R_75,53963.8354,-1,10.049699999995937,BACKFILL_AUTO
2026-07-11 17:21:18,1783790478,R_75,53957.8748,-1,5.9606000000057975,BACKFILL_AUTO
2026-07-11 17:21:20,1783790480,R_75,53940.5102,-1,17.36460000000079,BACKFILL_AUTO
2026-07-11 17:21:22,1783790482,R_75,53933.3168,-1,7.193399999996473,BACKFILL_AUTO
2026-07-11 17:21:24,1783790484,R_75,53924.8054,-1,8.51140000000305,BACKFILL_AUTO
2026-07-11 17:21:26,1783790486,R_75,53930.0299,1,5.2245000000039,BACKFILL_AUTO
2026-07-11 17:21:28,1783790488,R_75,53927.7181,-1,2.3118000000031316,BACKFILL_AUTO
2026-07-11 17:21:30,1783790490,R_75,53939.2573,1,11.539199999999255,BACKFILL_AUTO
2026-07-11 17:21:32,1783790492,R_75,53945.1018,1,5.844499999999243,BACKFILL_AUTO
2026-07-11 17:21:34,1783790494,R_75,53946.4255,1,1.3237000000008265,BACKFILL_AUTO
2026-07-11 17:21:36,1783790496,R_75,53949.9151,1,3.4896000000007916,BACKFILL_AUTO
2026-07-11 17:21:38,1783790498,R_75,53958.8204,1,8.905299999998533,BACKFILL_AUTO
2026-07-11 17:21:40,1783790500,R_75,53962.3199,1,3.499500000005355,BACKFILL_AUTO
2026-07-11 17:21:42,1783790502,R_75,53953.0717,-1,9.248200000001816,BACKFILL_AUTO
2026-07-11 17:21:44,1783790504,R_75,53954.0203,1,0.9485999999960768,BACKFILL_AUTO
2026-07-11 17:21:46,1783790506,R_75,53944.4459,-1,9.574399999997695,BACKFILL_AUTO
2026-07-11 17:21:48,1783790508,R_75,53939.7232,-1,4.72269999999844,BACKFILL_AUTO
2026-07-11 17:21:50,1783790510,R_75,53938.9497,-1,0.7735000000029686,BACKFILL_AUTO
2026-07-11 17:21:52,1783790512,R_75,53949.3351,1,10.385399999999208,BACKFILL_AUTO
2026-07-11 17:21:54,1783790514,R_75,53945.6557,-1,3.6793999999936204,BACKFILL_AUTO
2026-07-11 17:21:56,1783790516,R_75,53950.0116,1,4.355899999995017,BACKFILL_AUTO
2026-07-11 17:21:58,1783790518,R_75,53934.263,-1,15.748599999998987,BACKFILL_AUTO
2026-07-11 17:22:00,1783790520,R_75,53917.2253,-1,17.03770000000077,BACKFILL_AUTO
2026-07-11 17:22:02,1783790522,R_75,53897.8951,-1,19.330199999996694,BACKFILL_AUTO
2026-07-11 17:22:04,1783790524,R_75,53897.3682,-1,0.5269000000043889,BACKFILL_AUTO
2026-07-11 17:22:06,1783790526,R_75,53907.3888,1,10.02060000000347,BACKFILL_AUTO
2026-07-11 17:22:08,1783790528,R_75,53924.8622,1,17.473400000002584,BACKFILL_AUTO
2026-07-11 17:22:10,1783790530,R_75,53935.3758,1,10.513599999998405,BACKFILL_AUTO
2026-07-11 17:22:12,1783790532,R_75,53952.9657,1,17.589899999999034,BACKFILL_AUTO
2026-07-11 17:22:14,1783790534,R_75,53942.3559,-1,10.609799999998359,BACKFILL_AUTO
2026-07-11 17:22:16,1783790536,R_75,53939.8472,-1,2.508700000005774,BACKFILL_AUTO
2026-07-11 17:22:18,1783790538,R_75,53939.5771,-1,0.27009999999427237,BACKFILL_AUTO
2026-07-11 17:22:20,1783790540,R_75,53951.682,1,12.104899999998452,BACKFILL_AUTO
2026-07-11 17:22:22,1783790542,R_75,53942.9942,-1,8.687799999999697,BACKFILL_AUTO
2026-07-11 17:22:24,1783790544,R_75,53935.575,-1,7.4192000000039116,BACKFILL_AUTO
2026-07-11 17:22:26,1783790546,R_75,53935.4979,-1,0.07709999999497086,BACKFILL_AUTO
2026-07-11 17:22:28,1783790548,R_75,53944.82,1,9.32209999999759,BACKFILL_AUTO
2026-07-11 17:22:30,1783790550,R_75,53966.1735,1,21.35349999999744,BACKFILL_AUTO
2026-07-11 17:22:32,1783790552,R_75,53980.813,1,14.639500000004773,BACKFILL_AUTO
2026-07-11 17:22:34,1783790554,R_75,53974.5121,-1,6.300900000002002,BACKFILL_AUTO
2026-07-11 17:22:36,1783790556,R_75,53969.2029,-1,5.3092000000033295,BACKFILL_AUTO
2026-07-11 17:22:38,1783790558,R_75,53970.3807,1,1.177800000004936,BACKFILL_AUTO
2026-07-11 17:22:40,1783790560,R_75,53972.8266,1,2.445899999998801,BACKFILL_AUTO
2026-07-11 17:22:42,1783790562,R_75,53982.8835,1,10.056900000003225,BACKFILL_AUTO
2026-07-11 17:22:44,1783790564,R_75,53989.7585,1,6.875,BACKFILL_AUTO
2026-07-11 17:22:46,1783790566,R_75,54010.4753,1,20.71679999999469,BACKFILL_AUTO
2026-07-11 17:22:48,1783790568,R_75,54028.192,1,17.716700000004494,BACKFILL_AUTO
2026-07-11 17:22:50,1783790570,R_75,54015.024,-1,13.168000000005122,BACKFILL_AUTO
2026-07-11 17:22:52,1783790572,R_75,53997.7903,-1,17.233699999997043,BACKFILL_AUTO
2026-07-11 17:22:54,1783790574,R_75,53984.5808,-1,13.209499999997206,BACKFILL_AUTO
2026-07-11 17:22:56,1783790576,R_75,53982.3698,-1,2.2110000000029686,BACKFILL_AUTO
2026-07-11 17:22:58,1783790578,R_75,53978.3609,-1,4.008900000000722,BACKFILL_AUTO
2026-07-11 17:23:00,1783790580,R_75,53980.6068,1,2.2459000000017113,BACKFILL_AUTO
2026-07-11 17:23:02,1783790582,R_75,53970.9726,-1,9.634200000000419,BACKFILL_AUTO
2026-07-11 17:23:04,1783790584,R_75,53980.6684,1,9.695800000001327,BACKFILL_AUTO
2026-07-11 17:23:06,1783790586,R_75,53992.7676,1,12.099199999996927,BACKFILL_AUTO
2026-07-11 17:23:08,1783790588,R_75,53985.4638,-1,7.303800000001502,BACKFILL_AUTO
2026-07-11 17:23:10,1783790590,R_75,53971.8497,-1,13.61409999999887,BACKFILL_AUTO
2026-07-11 17:23:12,1783790592,R_75,53976.698,1,4.848299999997835,BACKFILL_AUTO
2026-07-11 17:23:14,1783790594,R_75,53963.19,-1,13.507999999994354,BACKFILL_AUTO
2026-07-11 17:23:16,1783790596,R_75,53956.1251,-1,7.0649000000048545,BACKFILL_AUTO
2026-07-11 17:23:18,1783790598,R_75,53960.1697,1,4.044600000001083,BACKFILL_AUTO
2026-07-11 17:23:20,1783790600,R_75,53961.079,1,0.9092999999993481,BACKFILL_AUTO
2026-07-11 17:23:22,1783790602,R_75,53960.2882,-1,0.7907999999952153,BACKFILL_AUTO
2026-07-11 17:23:24,1783790604,R_75,53949.7107,-1,10.577499999999418,BACKFILL_AUTO
2026-07-11 17:23:26,1783790606,R_75,53943.2298,-1,6.480900000002293,BACKFILL_AUTO
2026-07-11 17:23:28,1783790608,R_75,53934.8065,-1,8.4233000000022,BACKFILL_AUTO
2026-07-11 17:23:30,1783790610,R_75,53942.447,1,7.640500000001339,BACKFILL_AUTO
2026-07-11 17:23:32,1783790612,R_75,53948.5999,1,6.152900000000955,BACKFILL_AUTO
2026-07-11 17:23:34,1783790614,R_75,53945.7814,-1,2.8185000000012224,BACKFILL_AUTO
2026-07-11 17:23:36,1783790616,R_75,53954.3504,1,8.569000000003143,BACKFILL_AUTO
2026-07-11 17:23:38,1783790618,R_75,53968.8951,1,14.544699999998556,BACKFILL_AUTO
2026-07-11 17:23:40,1783790620,R_75,53969.8104,1,0.9153000000005704,BACKFILL_AUTO
2026-07-11 17:23:42,1783790622,R_75,53982.9377,1,13.127300000000105,BACKFILL_AUTO
2026-07-11 17:23:44,1783790624,R_75,53976.0984,-1,6.839299999999639,BACKFILL_AUTO
2026-07-11 17:23:46,1783790626,R_75,53967.9981,-1,8.100300000005518,BACKFILL_AUTO
2026-07-11 17:23:48,1783790628,R_75,53979.7225,1,11.724400000006426,BACKFILL_AUTO
2026-07-11 17:23:50,1783790630,R_75,53998.3979,1,18.67540000000008,BACKFILL_AUTO
2026-07-11 17:23:52,1783790632,R_75,53997.9017,-1,0.4962000000014086,BACKFILL_AUTO
2026-07-11 17:23:54,1783790634,R_75,54012.5411,1,14.639400000000023,BACKFILL_AUTO
2026-07-11 17:23:56,1783790636,R_75,54010.8849,-1,1.656200000004901,BACKFILL_AUTO
2026-07-11 17:23:58,1783790638,R_75,53996.7638,-1,14.121099999996659,BACKFILL_AUTO
2026-07-11 17:24:00,1783790640,R_75,53989.5467,-1,7.217100000001665,BACKFILL_AUTO
2026-07-11 17:24:02,1783790642,R_75,53968.8094,-1,20.737300000000687,BACKFILL_AUTO
2026-07-11 17:24:04,1783790644,R_75,53962.8124,-1,5.996999999995751,BACKFILL_AUTO
2026-07-11 17:24:06,1783790646,R_75,53953.4282,-1,9.384200000000419,BACKFILL_AUTO
2026-07-11 17:24:08,1783790648,R_75,53958.0005,1,4.572299999999814,BACKFILL_AUTO
2026-07-11 17:24:10,1783790650,R_75,53968.2518,1,10.251299999996263,BACKFILL_AUTO
2026-07-11 17:24:12,1783790652,R_75,53961.3013,-1,6.9504999999990105,BACKFILL_AUTO
2026-07-11 17:24:14,1783790654,R_75,53951.339,-1,9.962299999999232,BACKFILL_AUTO
2026-07-11 17:24:16,1783790656,R_75,53944.5158,-1,6.823199999998906,BACKFILL_AUTO
2026-07-11 17:24:18,1783790658,R_75,53951.1004,1,6.584600000001956,BACKFILL_AUTO
2026-07-11 17:24:20,1783790660,R_75,53962.0294,1,10.92899999999645,BACKFILL_AUTO
2026-07-11 17:24:22,1783790662,R_75,53972.4108,1,10.381399999998393,BACKFILL_AUTO
2026-07-11 17:24:24,1783790664,R_75,53969.7794,-1,2.6313999999983935,BACKFILL_AUTO
2026-07-11 17:24:26,1783790666,R_75,53952.9461,-1,16.833299999998417,BACKFILL_AUTO
2026-07-11 17:24:28,1783790668,R_75,53934.0843,-1,18.861799999998766,BACKFILL_AUTO
2026-07-11 17:24:30,1783790670,R_75,53941.29,1,7.205699999998615,BACKFILL_AUTO
2026-07-11 17:24:32,1783790672,R_75,53960.9289,1,19.638899999998102,BACKFILL_AUTO
2026-07-11 17:24:34,1783790674,R_75,53954.4007,-1,6.528200000000652,BACKFILL_AUTO
2026-07-11 17:24:36,1783790676,R_75,53950.0146,-1,4.386099999996077,BACKFILL_AUTO
2026-07-11 17:24:38,1783790678,R_75,53964.3513,1,14.336699999999837,BACKFILL_AUTO
2026-07-11 17:24:40,1783790680,R_75,53966.2584,1,1.907099999996717,BACKFILL_AUTO
2026-07-11 17:24:42,1783790682,R_75,53967.1919,1,0.9334999999991851,BACKFILL_AUTO
2026-07-11 17:24:44,1783790684,R_75,53964.7019,-1,2.4899999999979627,BACKFILL_AUTO
2026-07-11 17:24:46,1783790686,R_75,53973.0092,1,8.307300000000396,BACKFILL_AUTO
2026-07-11 17:24:48,1783790688,R_75,53965.4681,-1,7.541100000002189,BACKFILL_AUTO
2026-07-11 17:24:50,1783790690,R_75,53961.7116,-1,3.7564999999958673,BACKFILL_AUTO
2026-07-11 17:24:52,1783790692,R_75,53963.8536,1,2.1419999999998254,BACKFILL_AUTO
2026-07-11 17:24:54,1783790694,R_75,53944.1318,-1,19.721799999999348,BACKFILL_AUTO
2026-07-11 17:24:56,1783790696,R_75,53949.9445,1,5.812699999994948,BACKFILL_AUTO
2026-07-11 17:24:58,1783790698,R_75,53942.6013,-1,7.343199999995704,BACKFILL_AUTO
2026-07-11 17:25:00,1783790700,R_75,53926.0406,-1,16.560700000001816,BACKFILL_AUTO
2026-07-11 17:25:02,1783790702,R_75,53919.6357,-1,6.404900000001362,BACKFILL_AUTO
2026-07-11 17:25:04,1783790704,R_75,53915.0623,-1,4.573400000001129,BACKFILL_AUTO
2026-07-11 17:25:06,1783790706,R_75,53918.8901,1,3.8277999999991152,BACKFILL_AUTO
2026-07-11 17:25:08,1783790708,R_75,53913.7214,-1,5.168699999994715,BACKFILL_AUTO
2026-07-11 17:25:10,1783790710,R_75,53914.9538,1,1.23240000000078,BACKFILL_AUTO
2026-07-11 17:25:12,1783790712,R_75,53923.4554,1,8.50159999999596,BACKFILL_AUTO
2026-07-11 17:25:14,1783790714,R_75,53919.4877,-1,3.9677000000010594,BACKFILL_AUTO
2026-07-11 17:25:16,1783790716,R_75,53915.0102,-1,4.477500000000873,BACKFILL_AUTO
2026-07-11 17:25:18,1783790718,R_75,53912.435,-1,2.575199999999313,BACKFILL_AUTO
2026-07-11 17:25:20,1783790720,R_75,53922.5687,1,10.133700000005774,BACKFILL_AUTO
2026-07-11 17:25:22,1783790722,R_75,53934.3321,1,11.763399999996182,BACKFILL_AUTO
2026-07-11 17:25:24,1783790724,R_75,53936.4616,1,2.1295000000027358,BACKFILL_AUTO
2026-07-11 17:25:26,1783790726,R_75,53930.024,-1,6.43760000000475,BACKFILL_AUTO
2026-07-11 17:25:28,1783790728,R_75,53920.2484,-1,9.77560000000085,BACKFILL_AUTO
2026-07-11 17:25:30,1783790730,R_75,53921.7799,1,1.5315000000045984,BACKFILL_AUTO
2026-07-11 17:25:32,1783790732,R_75,53945.3229,1,23.542999999997846,BACKFILL_AUTO
2026-07-11 17:25:34,1783790734,R_75,53950.9591,1,5.6362000000008265,BACKFILL_AUTO
2026-07-11 17:25:36,1783790736,R_75,53941.9143,-1,9.044800000003306,BACKFILL_AUTO
2026-07-11 17:25:38,1783790738,R_75,53948.206,1,6.291700000001583,BACKFILL_AUTO
2026-07-11 17:25:40,1783790740,R_75,53938.9962,-1,9.209799999996903,BACKFILL_AUTO
2026-07-11 17:25:42,1783790742,R_75,53935.7238,-1,3.272400000001653,BACKFILL_AUTO
2026-07-11 17:25:44,1783790744,R_75,53937.6064,1,1.8825999999971827,BACKFILL_AUTO
2026-07-11 17:25:46,1783790746,R_75,53930.8834,-1,6.722999999998137,BACKFILL_AUTO
2026-07-11 17:25:48,1783790748,R_75,53938.4027,1,7.51929999999993,BACKFILL_AUTO
2026-07-11 17:25:50,1783790750,R_75,53951.1156,1,12.712899999998626,BACKFILL_AUTO
2026-07-11 17:25:52,1783790752,R_75,53952.3229,1,1.207300000001851,BACKFILL_AUTO
2026-07-11 17:25:54,1783790754,R_75,53962.0151,1,9.692199999997683,BACKFILL_AUTO
2026-07-11 17:25:56,1783790756,R_75,53981.283,1,19.267900000006193,BACKFILL_AUTO
2026-07-11 17:25:58,1783790758,R_75,53997.5203,1,16.23729999999341,BACKFILL_AUTO
2026-07-11 17:26:00,1783790760,R_75,54002.7835,1,5.263200000001234,BACKFILL_AUTO
2026-07-11 17:26:02,1783790762,R_75,54003.6461,1,0.8626000000003842,BACKFILL_AUTO
2026-07-11 17:26:04,1783790764,R_75,54016.0542,1,12.408100000000559,BACKFILL_AUTO
2026-07-11 17:26:06,1783790766,R_75,54015.4508,-1,0.6033999999999651,BACKFILL_AUTO
2026-07-11 17:26:08,1783790768,R_75,54017.5768,1,2.1260000000038417,BACKFILL_AUTO
2026-07-11 17:26:10,1783790770,R_75,54013.6525,-1,3.924300000006042,BACKFILL_AUTO
2026-07-11 17:26:12,1783790772,R_75,54018.5642,1,4.911700000004203,BACKFILL_AUTO
2026-07-11 17:26:14,1783790774,R_75,54031.6676,1,13.103399999999965,BACKFILL_AUTO
2026-07-11 17:26:16,1783790776,R_75,54022.4678,-1,9.199800000002142,BACKFILL_AUTO
2026-07-11 17:26:18,1783790778,R_75,54051.542,1,29.074200000002747,BACKFILL_AUTO
2026-07-11 17:26:20,1783790780,R_75,54046.4184,-1,5.123599999998987,BACKFILL_AUTO
2026-07-11 17:26:22,1783790782,R_75,54039.3475,-1,7.070899999998801,BACKFILL_AUTO
2026-07-11 17:26:24,1783790784,R_75,54040.5552,1,1.2076999999990221,BACKFILL_AUTO
2026-07-11 17:26:26,1783790786,R_75,54039.4235,-1,1.1317000000053667,BACKFILL_AUTO
2026-07-11 17:26:28,1783790788,R_75,54048.9674,1,9.543900000004214,BACKFILL_AUTO
2026-07-11 17:26:30,1783790790,R_75,54057.5444,1,8.576999999997497,BACKFILL_AUTO
2026-07-11 17:26:32,1783790792,R_75,54056.5782,-1,0.9661999999952968,BACKFILL_AUTO
2026-07-11 17:26:34,1783790794,R_75,54069.9886,1,13.410399999993388,BACKFILL_AUTO
2026-07-11 17:26:36,1783790796,R_75,54063.1386,-1,6.849999999998545,BACKFILL_AUTO
2026-07-11 17:26:38,1783790798,R_75,54058.1436,-1,4.994999999995343,BACKFILL_AUTO
2026-07-11 17:26:40,1783790800,R_75,54066.3722,1,8.228599999994913,BACKFILL_AUTO
2026-07-11 17:26:42,1783790802,R_75,54056.7019,-1,9.670299999997951,BACKFILL_AUTO
2026-07-11 17:26:44,1783790804,R_75,54044.4928,-1,12.209100000000035,BACKFILL_AUTO
2026-07-11 17:26:46,1783790806,R_75,54044.7216,1,0.22879999999713618,BACKFILL_AUTO
2026-07-11 17:26:48,1783790808,R_75,54048.4034,1,3.681800000005751,BACKFILL_AUTO
2026-07-11 17:26:50,1783790810,R_75,54042.0724,-1,6.331000000005588,BACKFILL_AUTO
2026-07-11 17:26:52,1783790812,R_75,54063.1795,1,21.107100000001083,BACKFILL_AUTO
2026-07-11 17:26:54,1783790814,R_75,54079.9277,1,16.748200000001816,BACKFILL_AUTO
2026-07-11 17:26:56,1783790816,R_75,54086.5363,1,6.608599999999569,BACKFILL_AUTO
2026-07-11 17:26:58,1783790818,R_75,54084.7133,-1,1.8229999999966822,BACKFILL_AUTO
2026-07-11 17:27:00,1783790820,R_75,54095.81,1,11.096699999994598,BACKFILL_AUTO
2026-07-11 17:27:02,1783790822,R_75,54096.8597,1,1.049700000003213,BACKFILL_AUTO
2026-07-11 17:27:04,1783790824,R_75,54109.4656,1,12.605900000002293,BACKFILL_AUTO
2026-07-11 17:27:06,1783790826,R_75,54112.6665,1,3.2008999999961816,BACKFILL_AUTO
2026-07-11 17:27:08,1783790828,R_75,54112.3582,-1,0.30829999999696156,BACKFILL_AUTO
2026-07-11 17:27:10,1783790830,R_75,54110.5186,-1,1.8395999999993364,BACKFILL_AUTO
2026-07-11 17:27:12,1783790832,R_75,54117.0628,1,6.544199999996636,BACKFILL_AUTO
2026-07-11 17:27:14,1783790834,R_75,54121.9306,1,4.867799999999988,BACKFILL_AUTO
2026-07-11 17:27:16,1783790836,R_75,54122.9306,1,1.0,BACKFILL_AUTO
2026-07-11 17:27:18,1783790838,R_75,54114.7766,-1,8.15400000000227,BACKFILL_AUTO
2026-07-11 17:27:20,1783790840,R_75,54114.5173,-1,0.2592999999978929,BACKFILL_AUTO
2026-07-11 17:27:22,1783790842,R_75,54119.545,1,5.027699999998731,BACKFILL_AUTO
2026-07-11 17:27:24,1783790844,R_75,54112.4455,-1,7.099499999996624,BACKFILL_AUTO
2026-07-11 17:27:26,1783790846,R_75,54110.6265,-1,1.8190000000031432,BACKFILL_AUTO
2026-07-11 17:27:28,1783790848,R_75,54113.528,1,2.901499999999942,BACKFILL_AUTO
2026-07-11 17:27:30,1783790850,R_75,54102.4884,-1,11.039599999996426,BACKFILL_AUTO
2026-07-11 17:27:32,1783790852,R_75,54107.9755,1,5.487099999998463,BACKFILL_AUTO
2026-07-11 17:27:34,1783790854,R_75,54115.4417,1,7.466200000002573,BACKFILL_AUTO
2026-07-11 17:27:36,1783790856,R_75,54118.0259,1,2.5841999999975087,BACKFILL_AUTO
2026-07-11 17:27:38,1783790858,R_75,54123.9318,1,5.905899999997928,BACKFILL_AUTO
2026-07-11 17:27:40,1783790860,R_75,54128.2136,1,4.281800000004296,BACKFILL_AUTO
2026-07-11 17:27:42,1783790862,R_75,54120.8378,-1,7.375800000001618,BACKFILL_AUTO
2026-07-11 17:27:44,1783790864,R_75,54138.318,1,17.48019999999815,BACKFILL_AUTO
2026-07-11 17:27:46,1783790866,R_75,54141.6824,1,3.364399999998568,BACKFILL_AUTO
2026-07-11 17:27:48,1783790868,R_75,54155.2413,1,13.558900000003632,BACKFILL_AUTO
2026-07-11 17:27:50,1783790870,R_75,54158.1947,1,2.95339999999851,BACKFILL_AUTO
2026-07-11 17:27:52,1783790872,R_75,54164.758,1,6.563300000001618,BACKFILL_AUTO
2026-07-11 17:27:54,1783790874,R_75,54174.882,1,10.123999999996158,BACKFILL_AUTO
2026-07-11 17:27:56,1783790876,R_75,54182.5696,1,7.68760000000475,BACKFILL_AUTO
2026-07-11 17:27:58,1783790878,R_75,54181.5335,-1,1.036100000004808,BACKFILL_AUTO
2026-07-11 17:28:00,1783790880,R_75,54173.2573,-1,8.276200000000244,BACKFILL_AUTO
2026-07-11 17:28:02,1783790882,R_75,54178.0074,1,4.75010000000475,BACKFILL_AUTO
2026-07-11 17:28:04,1783790884,R_75,54186.549,1,8.541599999996834,BACKFILL_AUTO
2026-07-11 17:28:06,1783790886,R_75,54196.0015,1,9.452499999999418,BACKFILL_AUTO
2026-07-11 17:28:08,1783790888,R_75,54192.4682,-1,3.5332999999955064,BACKFILL_AUTO
2026-07-11 17:28:10,1783790890,R_75,54192.4504,-1,0.01780000000144355,BACKFILL_AUTO
2026-07-11 17:28:12,1783790892,R_75,54206.1645,1,13.714099999997416,BACKFILL_AUTO
2026-07-11 17:28:14,1783790894,R_75,54190.4272,-1,15.737300000000687,BACKFILL_AUTO
2026-07-11 17:28:16,1783790896,R_75,54165.5985,-1,24.828699999998207,BACKFILL_AUTO
2026-07-11 17:28:18,1783790898,R_75,54150.1229,-1,15.47559999999794,BACKFILL_AUTO
2026-07-11 17:28:20,1783790900,R_75,54161.1138,1,10.990899999997055,BACKFILL_AUTO
2026-07-11 17:28:22,1783790902,R_75,54149.716,-1,11.397799999998824,BACKFILL_AUTO
2026-07-11 17:28:24,1783790904,R_75,54168.2897,1,18.573700000000827,BACKFILL_AUTO
2026-07-11 17:28:26,1783790906,R_75,54177.7752,1,9.485499999995227,BACKFILL_AUTO
2026-07-11 17:28:28,1783790908,R_75,54162.8317,-1,14.943499999993946,BACKFILL_AUTO
2026-07-11 17:28:30,1783790910,R_75,54161.7627,-1,1.0690000000031432,BACKFILL_AUTO
2026-07-11 17:28:32,1783790912,R_75,54163.4627,1,1.6999999999970896,BACKFILL_AUTO
2026-07-11 17:28:34,1783790914,R_75,54153.3632,-1,10.099499999996624,BACKFILL_AUTO
2026-07-11 17:28:36,1783790916,R_75,54140.9262,-1,12.43699999999808,BACKFILL_AUTO
2026-07-11 17:28:38,1783790918,R_75,54124.7022,-1,16.22400000000198,BACKFILL_AUTO
2026-07-11 17:28:40,1783790920,R_75,54121.4655,-1,3.236700000001292,BACKFILL_AUTO
2026-07-11 17:28:42,1783790922,R_75,54137.1196,1,15.654099999999744,BACKFILL_AUTO
2026-07-11 17:28:44,1783790924,R_75,54130.6599,-1,6.45969999999943,BACKFILL_AUTO
2026-07-11 17:28:46,1783790926,R_75,54113.4301,-1,17.229800000000978,BACKFILL_AUTO
2026-07-11 17:28:48,1783790928,R_75,54118.2996,1,4.8695000000006985,BACKFILL_AUTO
2026-07-11 17:28:50,1783790930,R_75,54120.3391,1,2.0394999999989523,BACKFILL_AUTO
2026-07-11 17:28:52,1783790932,R_75,54107.5502,-1,12.788899999999558,BACKFILL_AUTO
2026-07-11 17:28:54,1783790934,R_75,54102.1427,-1,5.407500000001164,BACKFILL_AUTO
2026-07-11 17:28:56,1783790936,R_75,54094.4182,-1,7.724499999996624,BACKFILL_AUTO
2026-07-11 17:28:58,1783790938,R_75,54093.0917,-1,1.3265000000028522,BACKFILL_AUTO
2026-07-11 17:29:00,1783790940,R_75,54075.9256,-1,17.166099999994913,BACKFILL_AUTO
2026-07-11 17:29:02,1783790942,R_75,54090.6555,1,14.729899999998452,BACKFILL_AUTO
2026-07-11 17:29:04,1783790944,R_75,54092.132,1,1.4764999999970314,BACKFILL_AUTO
2026-07-11 17:29:06,1783790946,R_75,54092.7794,1,0.6474000000016531,BACKFILL_AUTO
2026-07-11 17:29:08,1783790948,R_75,54076.8767,-1,15.902699999998731,BACKFILL_AUTO
2026-07-11 17:29:10,1783790950,R_75,54084.3043,1,7.4276000000027125,BACKFILL_AUTO
2026-07-11 17:29:12,1783790952,R_75,54097.9696,1,13.665299999993294,BACKFILL_AUTO
2026-07-11 17:29:14,1783790954,R_75,54088.9588,-1,9.01079999999638,BACKFILL_AUTO
2026-07-11 17:29:16,1783790956,R_75,54088.9998,1,0.04099999999743886,BACKFILL_AUTO
2026-07-11 17:29:18,1783790958,R_75,54088.9815,-1,0.018299999996088445,BACKFILL_AUTO
2026-07-11 17:29:20,1783790960,R_75,54090.9279,1,1.9464000000007218,BACKFILL_AUTO
2026-07-11 17:29:22,1783790962,R_75,54098.0829,1,7.154999999998836,BACKFILL_AUTO
2026-07-11 17:29:24,1783790964,R_75,54088.083,-1,9.999900000002526,BACKFILL_AUTO
2026-07-11 17:29:26,1783790966,R_75,54079.056,-1,9.027000000001863,BACKFILL_AUTO
2026-07-11 17:29:28,1783790968,R_75,54070.3271,-1,8.72889999999461,BACKFILL_AUTO
2026-07-11 17:29:30,1783790970,R_75,54076.2965,1,5.9693999999944936,BACKFILL_AUTO
2026-07-11 17:29:32,1783790972,R_75,54077.796,1,1.499500000005355,BACKFILL_AUTO
2026-07-11 17:29:34,1783790974,R_75,54070.3064,-1,7.489600000000792,BACKFILL_AUTO
2026-07-11 17:29:36,1783790976,R_75,54072.6461,1,2.33969999999681,BACKFILL_AUTO
2026-07-11 17:29:38,1783790978,R_75,54062.7369,-1,9.909199999994598,BACKFILL_AUTO
2026-07-11 17:29:40,1783790980,R_75,54051.8311,-1,10.905800000000454,BACKFILL_AUTO
2026-07-11 17:29:42,1783790982,R_75,54040.7158,-1,11.115300000004936,BACKFILL_AUTO
2026-07-11 17:29:44,1783790984,R_75,54024.4785,-1,16.237300000000687,BACKFILL_AUTO
2026-07-11 17:29:46,1783790986,R_75,54014.3132,-1,10.16530000000057,BACKFILL_AUTO
2026-07-11 17:29:48,1783790988,R_75,54022.1786,1,7.86540000000241,BACKFILL_AUTO
2026-07-11 17:29:50,1783790990,R_75,54021.2594,-1,0.9191999999966356,BACKFILL_AUTO
2026-07-11 17:29:52,1783790992,R_75,54029.2669,1,8.007499999999709,BACKFILL_AUTO
2026-07-11 17:29:54,1783790994,R_75,54027.5792,-1,1.6877000000022235,BACKFILL_AUTO
2026-07-11 17:29:56,1783790996,R_75,54033.1546,1,5.575400000001537,BACKFILL_AUTO
2026-07-11 17:29:58,1783790998,R_75,54027.653,-1,5.501600000003236,BACKFILL_AUTO
2026-07-11 17:30:00,1783791000,R_75,54040.5796,1,12.92659999999887,BACKFILL_AUTO
2026-07-11 17:30:02,1783791002,R_75,54044.2199,1,3.6402999999991152,BACKFILL_AUTO
2026-07-11 17:30:04,1783791004,R_75,54044.0527,-1,0.16719999999622814,BACKFILL_AUTO
2026-07-11 17:30:06,1783791006,R_75,54056.6159,1,12.563199999996868,BACKFILL_AUTO
2026-07-11 17:30:08,1783791008,R_75,54066.2894,1,9.673500000004424,BACKFILL_AUTO
2026-07-11 17:30:10,1783791010,R_75,54064.0837,-1,2.2056999999986147,BACKFILL_AUTO
2026-07-11 17:30:12,1783791012,R_75,54063.7184,-1,0.365300000004936,BACKFILL_AUTO
2026-07-11 17:30:14,1783791014,R_75,54053.2906,-1,10.42779999999766,BACKFILL_AUTO
2026-07-11 17:30:16,1783791016,R_75,54052.5058,-1,0.7848000000012689,BACKFILL_AUTO
2026-07-11 17:30:18,1783791018,R_75,54049.8107,-1,2.6950999999971827,BACKFILL_AUTO
2026-07-11 17:30:20,1783791020,R_75,54034.8711,-1,14.939600000005157,BACKFILL_AUTO
2026-07-11 17:30:22,1783791022,R_75,54044.8242,1,9.953100000006089,BACKFILL_AUTO
2026-07-11 17:30:24,1783791024,R_75,54046.812,1,1.9877999999953317,BACKFILL_AUTO
2026-07-11 17:30:26,1783791026,R_75,54050.3612,1,3.549200000001292,BACKFILL_AUTO
2026-07-11 17:30:28,1783791028,R_75,54045.96,-1,4.4012000000002445,BACKFILL_AUTO
2026-07-11 17:30:30,1783791030,R_75,54031.801,-1,14.15899999999965,BACKFILL_AUTO
2026-07-11 17:30:32,1783791032,R_75,54014.7459,-1,17.055099999997765,BACKFILL_AUTO
2026-07-11 17:30:34,1783791034,R_75,54015.1687,1,0.4228000000002794,BACKFILL_AUTO
2026-07-11 17:30:36,1783791036,R_75,53993.9103,-1,21.2583999999988,BACKFILL_AUTO
2026-07-11 17:30:38,1783791038,R_75,53977.0839,-1,16.82640000000538,BACKFILL_AUTO
2026-07-11 17:30:40,1783791040,R_75,53955.5154,-1,21.568500000001222,BACKFILL_AUTO
2026-07-11 17:30:42,1783791042,R_75,53924.2107,-1,31.304699999993318,BACKFILL_AUTO
2026-07-11 17:30:44,1783791044,R_75,53903.1473,-1,21.063400000006368,BACKFILL_AUTO
2026-07-11 17:30:46,1783791046,R_75,53896.1169,-1,7.030399999996007,BACKFILL_AUTO
2026-07-11 17:30:48,1783791048,R_75,53888.5509,-1,7.565999999998894,BACKFILL_AUTO
2026-07-11 17:30:50,1783791050,R_75,53874.4485,-1,14.1024000000034,BACKFILL_AUTO
2026-07-11 17:30:52,1783791052,R_75,53868.0113,-1,6.437200000000303,BACKFILL_AUTO
2026-07-11 17:30:54,1783791054,R_75,53891.6486,1,23.637300000002142,BACKFILL_AUTO
2026-07-11 17:30:56,1783791056,R_75,53895.3775,1,3.728900000001886,BACKFILL_AUTO
2026-07-11 17:30:58,1783791058,R_75,53902.4973,1,7.119800000000396,BACKFILL_AUTO
2026-07-11 17:31:00,1783791060,R_75,53914.8905,1,12.393199999998615,BACKFILL_AUTO
2026-07-11 17:31:02,1783791062,R_75,53913.1224,-1,1.7681000000011409,BACKFILL_AUTO
2026-07-11 17:31:04,1783791064,R_75,53910.4184,-1,2.7039999999979045,BACKFILL_AUTO
2026-07-11 17:31:06,1783791066,R_75,53918.9684,1,8.549999999995634,BACKFILL_AUTO
2026-07-11 17:31:08,1783791068,R_75,53920.3301,1,1.3617000000012922,BACKFILL_AUTO
2026-07-11 17:31:10,1783791070,R_75,53909.4219,-1,10.908199999998033,BACKFILL_AUTO
2026-07-11 17:31:12,1783791072,R_75,53912.5115,1,3.0895999999993364,BACKFILL_AUTO
2026-07-11 17:31:14,1783791074,R_75,53899.3716,-1,13.139900000001944,BACKFILL_AUTO
2026-07-11 17:31:16,1783791076,R_75,53897.0959,-1,2.2756999999983236,BACKFILL_AUTO
2026-07-11 17:31:18,1783791078,R_75,53896.7414,-1,0.35450000000128057,BACKFILL_AUTO
2026-07-11 17:31:20,1783791080,R_75,53878.3379,-1,18.40350000000035,BACKFILL_AUTO
2026-07-11 17:31:22,1783791082,R_75,53867.0532,-1,11.28469999999652,BACKFILL_AUTO
2026-07-11 17:31:24,1783791084,R_75,53871.1499,1,4.096699999994598,BACKFILL_AUTO
2026-07-11 17:31:26,1783791086,R_75,53868.8978,-1,2.2520999999978812,BACKFILL_AUTO
2026-07-11 17:31:28,1783791088,R_75,53868.9146,1,0.016799999997601844,BACKFILL_AUTO
2026-07-11 17:31:30,1783791090,R_75,53886.2551,1,17.340500000005704,BACKFILL_AUTO
2026-07-11 17:31:32,1783791092,R_75,53878.3848,-1,7.870300000002317,BACKFILL_AUTO
2026-07-11 17:31:34,1783791094,R_75,53864.5015,-1,13.883300000001327,BACKFILL_AUTO
2026-07-11 17:31:36,1783791096,R_75,53859.9125,-1,4.588999999999942,BACKFILL_AUTO
2026-07-11 17:31:38,1783791098,R_75,53845.5036,-1,14.408900000002177,BACKFILL_AUTO
2026-07-11 17:31:40,1783791100,R_75,53844.6864,-1,0.8171999999976833,BACKFILL_AUTO
2026-07-11 17:31:42,1783791102,R_75,53840.3159,-1,4.370499999997264,BACKFILL_AUTO
2026-07-11 17:31:44,1783791104,R_75,53810.7513,-1,29.56459999999788,BACKFILL_AUTO
2026-07-11 17:31:46,1783791106,R_75,53811.3675,1,0.616199999996752,BACKFILL_AUTO
2026-07-11 17:31:48,1783791108,R_75,53813.0895,1,1.7220000000015716,BACKFILL_AUTO
2026-07-11 17:31:50,1783791110,R_75,53809.9945,-1,3.095000000001164,BACKFILL_AUTO
2026-07-11 17:31:52,1783791112,R_75,53805.3213,-1,4.6731999999974505,BACKFILL_AUTO
2026-07-11 17:31:54,1783791114,R_75,53787.7173,-1,17.604000000006636,BACKFILL_AUTO
2026-07-11 17:31:56,1783791116,R_75,53801.077,1,13.359700000000885,BACKFILL_AUTO
2026-07-11 17:31:58,1783791118,R_75,53789.4301,-1,11.646899999999732,BACKFILL_AUTO
2026-07-11 17:32:00,1783791120,R_75,53780.8202,-1,8.609899999995832,BACKFILL_AUTO
2026-07-11 17:32:02,1783791122,R_75,53793.4787,1,12.65849999999773,BACKFILL_AUTO
2026-07-11 17:32:04,1783791124,R_75,53807.0581,1,13.579400000002352,BACKFILL_AUTO
2026-07-11 17:32:06,1783791126,R_75,53808.2069,1,1.14879999999539,BACKFILL_AUTO
2026-07-11 17:32:08,1783791128,R_75,53812.3753,1,4.168400000002293,BACKFILL_AUTO
2026-07-11 17:32:10,1783791130,R_75,53799.1412,-1,13.23410000000149,BACKFILL_AUTO
2026-07-11 17:32:12,1783791132,R_75,53793.6515,-1,5.489699999998265,BACKFILL_AUTO
2026-07-11 17:32:14,1783791134,R_75,53802.0088,1,8.357300000003306,BACKFILL_AUTO
2026-07-11 17:32:16,1783791136,R_75,53801.3823,-1,0.6265000000057626,BACKFILL_AUTO
2026-07-11 17:32:18,1783791138,R_75,53798.2711,-1,3.1111999999993714,BACKFILL_AUTO
2026-07-11 17:32:20,1783791140,R_75,53818.4765,1,20.205399999998917,BACKFILL_AUTO
2026-07-11 17:32:22,1783791142,R_75,53800.3874,-1,18.089099999997416,BACKFILL_AUTO
2026-07-11 17:32:24,1783791144,R_75,53802.4912,1,2.103799999997136,BACKFILL_AUTO
2026-07-11 17:32:26,1783791146,R_75,53818.381,1,15.88980000000447,BACKFILL_AUTO
2026-07-11 17:32:28,1783791148,R_75,53815.8427,-1,2.538300000000163,BACKFILL_AUTO
2026-07-11 17:32:30,1783791150,R_75,53818.4759,1,2.6331999999965774,BACKFILL_AUTO
2026-07-11 17:32:32,1783791152,R_75,53817.6037,-1,0.8721999999979744,BACKFILL_AUTO
2026-07-11 17:32:34,1783791154,R_75,53817.5481,-1,0.05559999999968568,BACKFILL_AUTO
2026-07-11 17:32:36,1783791156,R_75,53816.1533,-1,1.394800000001851,BACKFILL_AUTO
2026-07-11 17:32:38,1783791158,R_75,53811.5034,-1,4.6498999999967054,BACKFILL_AUTO
2026-07-11 17:32:40,1783791160,R_75,53816.4934,1,4.989999999997963,BACKFILL_AUTO
2026-07-11 17:32:42,1783791162,R_75,53815.6593,-1,0.8341000000000349,BACKFILL_AUTO
2026-07-11 17:32:44,1783791164,R_75,53818.2268,1,2.5674999999973807,BACKFILL_AUTO
2026-07-11 17:32:46,1783791166,R_75,53830.5299,1,12.303100000004633,BACKFILL_AUTO
2026-07-11 17:32:48,1783791168,R_75,53835.8092,1,5.279300000001967,BACKFILL_AUTO
2026-07-11 17:32:50,1783791170,R_75,53834.7418,-1,1.0673999999999069,BACKFILL_AUTO
2026-07-11 17:32:52,1783791172,R_75,53839.7703,1,5.028499999993073,BACKFILL_AUTO
2026-07-11 17:32:54,1783791174,R_75,53838.3847,-1,1.385599999994156,BACKFILL_AUTO
2026-07-11 17:32:56,1783791176,R_75,53845.2249,1,6.840199999998731,BACKFILL_AUTO
2026-07-11 17:32:58,1783791178,R_75,53836.2141,-1,9.010800000003655,BACKFILL_AUTO
2026-07-11 17:33:00,1783791180,R_75,53846.3684,1,10.154300000001967,BACKFILL_AUTO
2026-07-11 17:33:02,1783791182,R_75,53846.0323,-1,0.3361000000004424,BACKFILL_AUTO
2026-07-11 17:33:04,1783791184,R_75,53843.603,-1,2.4292999999961467,BACKFILL_AUTO
2026-07-11 17:33:06,1783791186,R_75,53840.8774,-1,2.7256000000052154,BACKFILL_AUTO
2026-07-11 17:33:08,1783791188,R_75,53829.5708,-1,11.306599999996251,BACKFILL_AUTO
2026-07-11 17:33:10,1783791190,R_75,53839.6092,1,10.038399999997637,BACKFILL_AUTO
2026-07-11 17:33:12,1783791192,R_75,53847.6057,1,7.996500000001106,BACKFILL_AUTO
2026-07-11 17:33:14,1783791194,R_75,53844.8838,-1,2.721899999996822,BACKFILL_AUTO
2026-07-11 17:33:16,1783791196,R_75,53855.2009,1,10.31710000000021,BACKFILL_AUTO
2026-07-11 17:33:18,1783791198,R_75,53855.2321,1,0.031199999997625127,BACKFILL_AUTO
2026-07-11 17:33:20,1783791200,R_75,53865.4268,1,10.194700000000012,BACKFILL_AUTO
2026-07-11 17:33:22,1783791202,R_75,53867.5879,1,2.161099999997532,BACKFILL_AUTO
2026-07-11 17:33:24,1783791204,R_75,53870.0926,1,2.5047000000049593,BACKFILL_AUTO
2026-07-11 17:33:26,1783791206,R_75,53867.3029,-1,2.789700000001176,BACKFILL_AUTO
2026-07-11 17:33:28,1783791208,R_75,53876.7675,1,9.464599999999336,BACKFILL_AUTO
2026-07-11 17:33:30,1783791210,R_75,53866.926,-1,9.84150000000227,BACKFILL_AUTO
2026-07-11 17:33:32,1783791212,R_75,53888.5575,1,21.631500000003143,BACKFILL_AUTO
2026-07-11 17:33:34,1783791214,R_75,53898.2758,1,9.718300000000454,BACKFILL_AUTO
2026-07-11 17:33:36,1783791216,R_75,53909.6412,1,11.365399999995134,BACKFILL_AUTO
2026-07-11 17:33:38,1783791218,R_75,53912.7838,1,3.14259999999922,BACKFILL_AUTO
2026-07-11 17:33:40,1783791220,R_75,53908.7164,-1,4.067399999999907,BACKFILL_AUTO
2026-07-11 17:33:42,1783791222,R_75,53903.2356,-1,5.480799999997544,BACKFILL_AUTO
2026-07-11 17:33:44,1783791224,R_75,53903.3265,1,0.09090000000287546,BACKFILL_AUTO
2026-07-11 17:33:46,1783791226,R_75,53904.9657,1,1.6391999999977998,BACKFILL_AUTO
2026-07-11 17:33:48,1783791228,R_75,53899.3004,-1,5.66530000000057,BACKFILL_AUTO
2026-07-11 17:33:50,1783791230,R_75,53931.2103,1,31.909899999998743,BACKFILL_AUTO
2026-07-11 17:33:52,1783791232,R_75,53938.3921,1,7.181799999998475,BACKFILL_AUTO
2026-07-11 17:33:54,1783791234,R_75,53933.0928,-1,5.299299999998766,BACKFILL_AUTO
2026-07-11 17:33:56,1783791236,R_75,53927.9291,-1,5.163699999997334,BACKFILL_AUTO
2026-07-11 17:33:58,1783791238,R_75,53930.0393,1,2.1101999999955297,BACKFILL_AUTO
2026-07-11 17:34:00,1783791240,R_75,53936.0999,1,6.060600000004342,BACKFILL_AUTO
2026-07-11 17:34:02,1783791242,R_75,53947.6235,1,11.523600000000442,BACKFILL_AUTO
2026-07-11 17:34:04,1783791244,R_75,53947.5378,-1,0.08570000000327127,BACKFILL_AUTO
2026-07-11 17:34:06,1783791246,R_75,53930.5282,-1,17.00959999999759,BACKFILL_AUTO
2026-07-11 17:34:08,1783791248,R_75,53908.0999,-1,22.42829999999958,BACKFILL_AUTO
2026-07-11 17:34:10,1783791250,R_75,53907.393,-1,0.7069000000046799,BACKFILL_AUTO
2026-07-11 17:34:12,1783791252,R_75,53903.3233,-1,4.069700000000012,BACKFILL_AUTO
2026-07-11 17:34:14,1783791254,R_75,53902.7138,-1,0.6094999999986612,BACKFILL_AUTO
2026-07-11 17:34:16,1783791256,R_75,53897.321,-1,5.392799999994168,BACKFILL_AUTO
2026-07-11 17:34:18,1783791258,R_75,53902.3366,1,5.015599999998813,BACKFILL_AUTO
2026-07-11 17:34:20,1783791260,R_75,53923.7164,1,21.379799999995157,BACKFILL_AUTO
2026-07-11 17:34:22,1783791262,R_75,53907.6302,-1,16.086199999997916,BACKFILL_AUTO
2026-07-11 17:34:24,1783791264,R_75,53901.4,-1,6.230199999998149,BACKFILL_AUTO
2026-07-11 17:34:26,1783791266,R_75,53908.0436,1,6.643599999995786,BACKFILL_AUTO
2026-07-11 17:34:28,1783791268,R_75,53920.0798,1,12.036200000002282,BACKFILL_AUTO
2026-07-11 17:34:30,1783791270,R_75,53920.1198,1,0.040000000000873115,BACKFILL_AUTO
2026-07-11 17:34:32,1783791272,R_75,53920.2536,1,0.13379999999597203,BACKFILL_AUTO
2026-07-11 17:34:34,1783791274,R_75,53897.1327,-1,23.120899999994435,BACKFILL_AUTO
2026-07-11 17:34:36,1783791276,R_75,53886.239,-1,10.893700000000536,BACKFILL_AUTO
2026-07-11 17:34:38,1783791278,R_75,53891.4695,1,5.230499999997846,BACKFILL_AUTO
2026-07-11 17:34:40,1783791280,R_75,53888.4646,-1,3.004899999999907,BACKFILL_AUTO
2026-07-11 17:34:42,1783791282,R_75,53888.7711,1,0.30649999999877764,BACKFILL_AUTO
2026-07-11 17:34:44,1783791284,R_75,53897.7658,1,8.994700000002922,BACKFILL_AUTO
2026-07-11 17:34:46,1783791286,R_75,53891.7313,-1,6.034500000001572,BACKFILL_AUTO
2026-07-11 17:34:48,1783791288,R_75,53899.3404,1,7.60910000000149,BACKFILL_AUTO
2026-07-11 17:34:50,1783791290,R_75,53898.921,-1,0.41939999999885913,BACKFILL_AUTO
2026-07-11 17:34:52,1783791292,R_75,53904.8883,1,5.967299999996612,BACKFILL_AUTO
2026-07-11 17:34:54,1783791294,R_75,53911.2908,1,6.4025000000037835,BACKFILL_AUTO
2026-07-11 17:34:56,1783791296,R_75,53921.0345,1,9.74369999999908,BACKFILL_AUTO
2026-07-11 17:34:58,1783791298,R_75,53918.0139,-1,3.020600000003469,BACKFILL_AUTO
2026-07-11 17:35:00,1783791300,R_75,53926.3711,1,8.357199999998556,BACKFILL_AUTO
2026-07-11 17:35:02,1783791302,R_75,53941.8723,1,15.501200000006065,BACKFILL_AUTO
2026-07-11 17:35:04,1783791304,R_75,53956.088,1,14.215700000000652,BACKFILL_AUTO
2026-07-11 17:35:06,1783791306,R_75,53946.4717,-1,9.616300000001502,BACKFILL_AUTO
2026-07-11 17:35:08,1783791308,R_75,53946.9249,1,0.45319999999628635,BACKFILL_AUTO
2026-07-11 17:35:10,1783791310,R_75,53945.0357,-1,1.8891999999977998,BACKFILL_AUTO
2026-07-11 17:35:12,1783791312,R_75,53956.0035,1,10.967799999998533,BACKFILL_AUTO
2026-07-11 17:35:14,1783791314,R_75,53964.0551,1,8.05159999999887,BACKFILL_AUTO
2026-07-11 17:35:16,1783791316,R_75,53966.2394,1,2.1843000000008033,BACKFILL_AUTO
2026-07-11 17:35:18,1783791318,R_75,53967.9959,1,1.7565000000031432,BACKFILL_AUTO
2026-07-11 17:35:20,1783791320,R_75,53974.6461,1,6.650199999996403,BACKFILL_AUTO
2026-07-11 17:35:22,1783791322,R_75,53989.6864,1,15.04030000000057,BACKFILL_AUTO
2026-07-11 17:35:24,1783791324,R_75,53998.1198,1,8.433400000001711,BACKFILL_AUTO
2026-07-11 17:35:26,1783791326,R_75,54005.0044,1,6.88459999999759,BACKFILL_AUTO
2026-07-11 17:35:28,1783791328,R_75,53983.7372,-1,21.267199999994773,BACKFILL_AUTO
2026-07-11 17:35:30,1783791330,R_75,53997.1418,1,13.404599999994389,BACKFILL_AUTO
2026-07-11 17:35:32,1783791332,R_75,53983.4952,-1,13.646600000000035,BACKFILL_AUTO
2026-07-11 17:35:34,1783791334,R_75,53972.8343,-1,10.660899999995308,BACKFILL_AUTO
2026-07-11 17:35:36,1783791336,R_75,53997.4209,1,24.586599999995087,BACKFILL_AUTO
2026-07-11 17:35:38,1783791338,R_75,53996.3045,-1,1.1163999999989755,BACKFILL_AUTO
2026-07-11 17:35:40,1783791340,R_75,53982.6318,-1,13.67269999999553,BACKFILL_AUTO
2026-07-11 17:35:42,1783791342,R_75,53988.8057,1,6.173899999994319,BACKFILL_AUTO
2026-07-11 17:35:44,1783791344,R_75,53998.6709,1,9.865200000000186,BACKFILL_AUTO
2026-07-11 17:35:46,1783791346,R_75,53984.9881,-1,13.68279999999504,BACKFILL_AUTO
2026-07-11 17:35:48,1783791348,R_75,53996.8846,1,11.896499999995285,BACKFILL_AUTO
2026-07-11 17:35:50,1783791350,R_75,54001.2706,1,4.386000000005879,BACKFILL_AUTO
2026-07-11 17:35:52,1783791352,R_75,54021.4088,1,20.138199999993958,BACKFILL_AUTO
2026-07-11 17:35:54,1783791354,R_75,54024.1846,1,2.7758000000030734,BACKFILL_AUTO
2026-07-11 17:35:56,1783791356,R_75,54017.9184,-1,6.266199999998207,BACKFILL_AUTO
2026-07-11 17:35:58,1783791358,R_75,54015.4453,-1,2.473100000002887,BACKFILL_AUTO
2026-07-11 17:36:00,1783791360,R_75,54024.7078,1,9.26249999999709,BACKFILL_AUTO
2026-07-11 17:36:02,1783791362,R_75,54028.5032,1,3.795400000002701,BACKFILL_AUTO
2026-07-11 17:36:04,1783791364,R_75,54024.2952,-1,4.207999999998719,BACKFILL_AUTO
2026-07-11 17:36:06,1783791366,R_75,54022.7814,-1,1.5138000000006286,BACKFILL_AUTO
2026-07-11 17:36:08,1783791368,R_75,54007.1585,-1,15.622900000002119,BACKFILL_AUTO
2026-07-11 17:36:10,1783791370,R_75,53995.6682,-1,11.49029999999766,BACKFILL_AUTO
2026-07-11 17:36:12,1783791372,R_75,53989.5842,-1,6.084000000002561,BACKFILL_AUTO
2026-07-11 17:36:14,1783791374,R_75,53991.9491,1,2.364900000000489,BACKFILL_AUTO
2026-07-11 17:36:16,1783791376,R_75,53995.9845,1,4.035400000000664,BACKFILL_AUTO
2026-07-11 17:36:18,1783791378,R_75,53980.9725,-1,15.011999999995169,BACKFILL_AUTO
2026-07-11 17:36:20,1783791380,R_75,53979.5572,-1,1.4153000000005704,BACKFILL_AUTO
2026-07-11 17:36:22,1783791382,R_75,53991.0281,1,11.470900000000256,BACKFILL_AUTO
2026-07-11 17:36:24,1783791384,R_75,53991.2028,1,0.1746999999959371,BACKFILL_AUTO
2026-07-11 17:36:26,1783791386,R_75,53992.397,1,1.1941999999980908,BACKFILL_AUTO
2026-07-11 17:36:28,1783791388,R_75,53991.4828,-1,0.9141999999992549,BACKFILL_AUTO
2026-07-11 17:36:30,1783791390,R_75,53989.8002,-1,1.6826000000000931,BACKFILL_AUTO
2026-07-11 17:36:32,1783791392,R_75,53981.0753,-1,8.724900000001071,BACKFILL_AUTO
2026-07-11 17:36:34,1783791394,R_75,53983.5851,1,2.5097999999998137,BACKFILL_AUTO
2026-07-11 17:36:36,1783791396,R_75,53985.778,1,2.1929000000018277,BACKFILL_AUTO
2026-07-11 17:36:38,1783791398,R_75,53965.8565,-1,19.92149999999674,BACKFILL_AUTO
2026-07-11 17:36:40,1783791400,R_75,53970.1922,1,4.335699999995995,BACKFILL_AUTO
2026-07-11 17:36:42,1783791402,R_75,53962.7221,-1,7.470099999998638,BACKFILL_AUTO
2026-07-11 17:36:44,1783791404,R_75,53968.9688,1,6.2467000000033295,BACKFILL_AUTO
2026-07-11 17:36:46,1783791406,R_75,53968.6845,-1,0.2842999999993481,BACKFILL_AUTO
2026-07-11 17:36:48,1783791408,R_75,53970.3549,1,1.6703999999954249,BACKFILL_AUTO
2026-07-11 17:36:50,1783791410,R_75,53986.6945,1,16.339599999999336,BACKFILL_AUTO
2026-07-11 17:36:52,1783791412,R_75,53994.5786,1,7.884100000002945,BACKFILL_AUTO
2026-07-11 17:36:54,1783791414,R_75,53990.7382,-1,3.8404000000009546,BACKFILL_AUTO
2026-07-11 17:36:56,1783791416,R_75,54003.6888,1,12.95060000000376,BACKFILL_AUTO
2026-07-11 17:36:58,1783791418,R_75,54019.9184,1,16.229599999998754,BACKFILL_AUTO
2026-07-11 17:37:00,1783791420,R_75,54023.4729,1,3.55449999999837,BACKFILL_AUTO
2026-07-11 17:37:02,1783791422,R_75,54024.8031,1,1.3301999999966938,BACKFILL_AUTO
2026-07-11 17:37:04,1783791424,R_75,54003.0075,-1,21.79559999999765,BACKFILL_AUTO
2026-07-11 17:37:06,1783791426,R_75,54003.1567,1,0.14919999999983702,BACKFILL_AUTO
2026-07-11 17:37:08,1783791428,R_75,53989.9747,-1,13.182000000000698,BACKFILL_AUTO
2026-07-11 17:37:10,1783791430,R_75,53991.4531,1,1.478399999999965,BACKFILL_AUTO
2026-07-11 17:37:12,1783791432,R_75,53990.2663,-1,1.1867999999958556,BACKFILL_AUTO
2026-07-11 17:37:14,1783791434,R_75,53994.4059,1,4.139599999994971,BACKFILL_AUTO
2026-07-11 17:37:16,1783791436,R_75,53989.8692,-1,4.536699999996927,BACKFILL_AUTO
2026-07-11 17:37:18,1783791438,R_75,53988.0814,-1,1.7877999999982421,BACKFILL_AUTO
2026-07-11 17:37:20,1783791440,R_75,53988.1895,1,0.10809999999764841,BACKFILL_AUTO
2026-07-11 17:37:22,1783791442,R_75,53980.1389,-1,8.050600000002305,BACKFILL_AUTO
2026-07-11 17:37:24,1783791444,R_75,53979.7195,-1,0.41939999999885913,BACKFILL_AUTO
2026-07-11 17:37:26,1783791446,R_75,53973.881,-1,5.838499999998021,BACKFILL_AUTO
2026-07-11 17:37:28,1783791448,R_75,53980.358,1,6.476999999998952,BACKFILL_AUTO
2026-07-11 17:37:30,1783791450,R_75,53984.5249,1,4.166899999996531,BACKFILL_AUTO
2026-07-11 17:37:32,1783791452,R_75,53963.6561,-1,20.868799999996554,BACKFILL_AUTO
2026-07-11 17:37:34,1783791454,R_75,53964.4518,1,0.7957000000023982,BACKFILL_AUTO
2026-07-11 17:37:36,1783791456,R_75,53945.0503,-1,19.401499999999942,BACKFILL_AUTO
2026-07-11 17:37:38,1783791458,R_75,53944.05,-1,1.0002999999996973,BACKFILL_AUTO
2026-07-11 17:37:40,1783791460,R_75,53952.3089,1,8.258900000000722,BACKFILL_AUTO
2026-07-11 17:37:42,1783791462,R_75,53959.5454,1,7.236499999999069,BACKFILL_AUTO
2026-07-11 17:37:44,1783791464,R_75,53968.1933,1,8.647899999996298,BACKFILL_AUTO
2026-07-11 17:37:46,1783791466,R_75,53983.0965,1,14.903200000000652,BACKFILL_AUTO
2026-07-11 17:37:48,1783791468,R_75,53965.9638,-1,17.132700000001932,BACKFILL_AUTO
2026-07-11 17:37:50,1783791470,R_75,53965.7391,-1,0.2246999999988475,BACKFILL_AUTO
2026-07-11 17:37:52,1783791472,R_75,53953.9462,-1,11.792900000000373,BACKFILL_AUTO
2026-07-11 17:37:54,1783791474,R_75,53963.3154,1,9.369200000001001,BACKFILL_AUTO
2026-07-11 17:37:56,1783791476,R_75,53973.2528,1,9.937400000002526,BACKFILL_AUTO
2026-07-11 17:37:58,1783791478,R_75,53958.7719,-1,14.480900000002293,BACKFILL_AUTO
2026-07-11 17:38:00,1783791480,R_75,53961.1806,1,2.4086999999999534,BACKFILL_AUTO
2026-07-11 17:38:02,1783791482,R_75,53960.1152,-1,1.0653999999994994,BACKFILL_AUTO
2026-07-11 17:38:04,1783791484,R_75,53972.248,1,12.132799999999406,BACKFILL_AUTO
2026-07-11 17:38:06,1783791486,R_75,53982.623,1,10.375,BACKFILL_AUTO
2026-07-11 17:38:08,1783791488,R_75,53980.3534,-1,2.2695999999996275,BACKFILL_AUTO
2026-07-11 17:38:10,1783791490,R_75,53971.0315,-1,9.321900000002643,BACKFILL_AUTO
2026-07-11 17:38:12,1783791492,R_75,53961.2985,-1,9.733000000000175,BACKFILL_AUTO
2026-07-11 17:38:14,1783791494,R_75,53973.4091,1,12.110599999999977,BACKFILL_AUTO
2026-07-11 17:38:16,1783791496,R_75,53972.7838,-1,0.6252999999996973,BACKFILL_AUTO
2026-07-11 17:38:18,1783791498,R_75,53964.333,-1,8.450799999998708,BACKFILL_AUTO
2026-07-11 17:38:20,1783791500,R_75,53963.7941,-1,0.5388999999995576,BACKFILL_AUTO
2026-07-11 17:38:22,1783791502,R_75,53967.4233,1,3.6292000000030384,BACKFILL_AUTO
2026-07-11 17:38:24,1783791504,R_75,53966.3524,-1,1.070899999998801,BACKFILL_AUTO
2026-07-11 17:38:26,1783791506,R_75,53975.1844,1,8.831999999994878,BACKFILL_AUTO
2026-07-11 17:38:28,1783791508,R_75,53988.833,1,13.648600000000442,BACKFILL_AUTO
2026-07-11 17:38:30,1783791510,R_75,53990.39,1,1.5570000000006985,BACKFILL_AUTO
2026-07-11 17:38:32,1783791512,R_75,53990.3108,-1,0.07920000000012806,BACKFILL_AUTO
2026-07-11 17:38:34,1783791514,R_75,53990.1651,-1,0.14570000000094296,BACKFILL_AUTO
2026-07-11 17:38:36,1783791516,R_75,53977.1727,-1,12.992399999995541,BACKFILL_AUTO
2026-07-11 17:38:38,1783791518,R_75,53982.493,1,5.320299999999406,BACKFILL_AUTO
2026-07-11 17:38:40,1783791520,R_75,53972.9692,-1,9.523800000002666,BACKFILL_AUTO
2026-07-11 17:38:42,1783791522,R_75,53956.7254,-1,16.243799999996554,BACKFILL_AUTO
2026-07-11 17:38:44,1783791524,R_75,53945.6238,-1,11.101600000001781,BACKFILL_AUTO
2026-07-11 17:38:46,1783791526,R_75,53951.0847,1,5.460899999998219,BACKFILL_AUTO
2026-07-11 17:38:48,1783791528,R_75,53939.0562,-1,12.02850000000035,BACKFILL_AUTO
2026-07-11 17:38:50,1783791530,R_75,53950.1479,1,11.091700000004494,BACKFILL_AUTO
2026-07-11 17:38:52,1783791532,R_75,53946.1802,-1,3.9677000000010594,BACKFILL_AUTO
2026-07-11 17:38:54,1783791534,R_75,53935.1584,-1,11.021800000002258,BACKFILL_AUTO
2026-07-11 17:38:56,1783791536,R_75,53937.6342,1,2.475800000000163,BACKFILL_AUTO
2026-07-11 17:38:58,1783791538,R_75,53938.1103,1,0.4760999999998603,BACKFILL_AUTO
2026-07-11 17:39:00,1783791540,R_75,53949.3502,1,11.239900000000489,BACKFILL_AUTO
2026-07-11 17:39:02,1783791542,R_75,53958.8301,1,9.479899999998452,BACKFILL_AUTO
2026-07-11 17:39:04,1783791544,R_75,53977.8451,1,19.014999999999418,BACKFILL_AUTO
2026-07-11 17:39:06,1783791546,R_75,53993.4942,1,15.649100000002363,BACKFILL_AUTO
2026-07-11 17:39:08,1783791548,R_75,53992.9803,-1,0.5138999999981024,BACKFILL_AUTO
2026-07-11 17:39:10,1783791550,R_75,53977.0474,-1,15.93289999999979,BACKFILL_AUTO
2026-07-11 17:39:12,1783791552,R_75,53977.8501,1,0.8027000000001863,BACKFILL_AUTO
2026-07-11 17:39:14,1783791554,R_75,53972.0592,-1,5.790899999999965,BACKFILL_AUTO
2026-07-11 17:39:16,1783791556,R_75,53967.4733,-1,4.585900000005495,BACKFILL_AUTO
2026-07-11 17:39:18,1783791558,R_75,53954.563,-1,12.910299999995914,BACKFILL_AUTO
2026-07-11 17:39:20,1783791560,R_75,53960.462,1,5.8989999999976135,BACKFILL_AUTO
2026-07-11 17:39:22,1783791562,R_75,53966.6947,1,6.232700000000477,BACKFILL_AUTO
2026-07-11 17:39:24,1783791564,R_75,53961.2405,-1,5.454200000000128,BACKFILL_AUTO
2026-07-11 17:39:26,1783791566,R_75,53966.9089,1,5.668400000002293,BACKFILL_AUTO
2026-07-11 17:39:28,1783791568,R_75,53969.914,1,3.0050999999948544,BACKFILL_AUTO
2026-07-11 17:39:30,1783791570,R_75,53971.7107,1,1.7967000000062399,BACKFILL_AUTO
2026-07-11 17:39:32,1783791572,R_75,53990.5241,1,18.813399999999092,BACKFILL_AUTO
2026-07-11 17:39:34,1783791574,R_75,53988.013,-1,2.5111000000033528,BACKFILL_AUTO
2026-07-11 17:39:36,1783791576,R_75,53987.3511,-1,0.6618999999991502,BACKFILL_AUTO
2026-07-11 17:39:38,1783791578,R_75,54005.0645,1,17.713400000000547,BACKFILL_AUTO
2026-07-11 17:39:40,1783791580,R_75,54023.0774,1,18.012900000001537,BACKFILL_AUTO
2026-07-11 17:39:42,1783791582,R_75,54025.211,1,2.1336000000010245,BACKFILL_AUTO
2026-07-11 17:39:44,1783791584,R_75,54046.8941,1,21.683099999994738,BACKFILL_AUTO
2026-07-11 17:39:46,1783791586,R_75,54044.8148,-1,2.079299999997602,BACKFILL_AUTO
2026-07-11 17:39:48,1783791588,R_75,54034.3891,-1,10.425699999999779,BACKFILL_AUTO
2026-07-11 17:39:50,1783791590,R_75,54043.822,1,9.43289999999979,BACKFILL_AUTO
2026-07-11 17:39:52,1783791592,R_75,54039.6868,-1,4.135199999996985,BACKFILL_AUTO
2026-07-11 17:39:54,1783791594,R_75,54031.2672,-1,8.419600000001083,BACKFILL_AUTO
2026-07-11 17:39:56,1783791596,R_75,54045.4614,1,14.19419999999809,BACKFILL_AUTO
2026-07-11 17:39:58,1783791598,R_75,54043.6331,-1,1.828300000001036,BACKFILL_AUTO
2026-07-11 17:40:00,1783791600,R_75,54060.0856,1,16.452499999999418,BACKFILL_AUTO
2026-07-11 17:40:02,1783791602,R_75,54076.0356,1,15.950000000004366,BACKFILL_AUTO
2026-07-11 17:40:04,1783791604,R_75,54095.2588,1,19.22320000000036,BACKFILL_AUTO
2026-07-11 17:40:06,1783791606,R_75,54091.0123,-1,4.246500000001106,BACKFILL_AUTO
2026-07-11 17:40:08,1783791608,R_75,54080.8525,-1,10.159800000001269,BACKFILL_AUTO
2026-07-11 17:40:10,1783791610,R_75,54091.3193,1,10.466800000001967,BACKFILL_AUTO
2026-07-11 17:40:12,1783791612,R_75,54089.9645,-1,1.3548000000009779,BACKFILL_AUTO
2026-07-11 17:40:14,1783791614,R_75,54075.5807,-1,14.383800000003248,BACKFILL_AUTO
2026-07-11 17:40:16,1783791616,R_75,54078.6335,1,3.052800000004936,BACKFILL_AUTO
2026-07-11 17:40:18,1783791618,R_75,54074.7742,-1,3.8593000000037136,BACKFILL_AUTO
2026-07-11 17:40:20,1783791620,R_75,54084.2829,1,9.508699999998498,BACKFILL_AUTO
2026-07-11 17:40:22,1783791622,R_75,54097.1087,1,12.825799999998708,BACKFILL_AUTO
2026-07-11 17:40:24,1783791624,R_75,54085.7182,-1,11.390499999994063,BACKFILL_AUTO
2026-07-11 17:40:26,1783791626,R_75,54076.0671,-1,9.65110000000277,BACKFILL_AUTO
2026-07-11 17:40:28,1783791628,R_75,54070.9905,-1,5.076600000000326,BACKFILL_AUTO
2026-07-11 17:40:30,1783791630,R_75,54067.657,-1,3.3335000000006403,BACKFILL_AUTO
2026-07-11 17:40:32,1783791632,R_75,54068.3412,1,0.6842000000033295,BACKFILL_AUTO
2026-07-11 17:40:34,1783791634,R_75,54053.0121,-1,15.329100000002654,BACKFILL_AUTO
2026-07-11 17:40:36,1783791636,R_75,54045.7561,-1,7.256000000001222,BACKFILL_AUTO
2026-07-11 17:40:38,1783791638,R_75,54043.0885,-1,2.667600000000675,BACKFILL_AUTO
2026-07-11 17:40:40,1783791640,R_75,54029.405,-1,13.683499999999185,BACKFILL_AUTO
2026-07-11 17:40:42,1783791642,R_75,54046.0246,1,16.619599999998172,BACKFILL_AUTO
2026-07-11 17:40:44,1783791644,R_75,54035.2207,-1,10.803899999998976,BACKFILL_AUTO
2026-07-11 17:40:46,1783791646,R_75,54041.8595,1,6.638800000000629,BACKFILL_AUTO
2026-07-11 17:40:48,1783791648,R_75,54036.9871,-1,4.872400000000198,BACKFILL_AUTO
2026-07-11 17:40:50,1783791650,R_75,54037.0259,1,0.038800000002083834,BACKFILL_AUTO
2026-07-11 17:40:52,1783791652,R_75,54027.7677,-1,9.258200000003853,BACKFILL_AUTO
2026-07-11 17:40:54,1783791654,R_75,54038.2878,1,10.520100000001548,BACKFILL_AUTO
2026-07-11 17:40:56,1783791656,R_75,54066.1563,1,27.868500000004133,BACKFILL_AUTO
2026-07-11 17:40:58,1783791658,R_75,54065.2334,-1,0.9229000000050291,BACKFILL_AUTO
2026-07-11 17:41:00,1783791660,R_75,54057.7979,-1,7.4354999999995925,BACKFILL_AUTO
2026-07-11 17:41:02,1783791662,R_75,54046.6932,-1,11.104699999996228,BACKFILL_AUTO
2026-07-11 17:41:04,1783791664,R_75,54050.4578,1,3.764599999994971,BACKFILL_AUTO
2026-07-11 17:41:06,1783791666,R_75,54071.8216,1,21.36380000000645,BACKFILL_AUTO
2026-07-11 17:41:08,1783791668,R_75,54061.0366,-1,10.785000000003492,BACKFILL_AUTO
2026-07-11 17:41:10,1783791670,R_75,54071.6211,1,10.584499999997206,BACKFILL_AUTO
2026-07-11 17:41:12,1783791672,R_75,54072.5763,1,0.9552000000039698,BACKFILL_AUTO
2026-07-11 17:41:14,1783791674,R_75,54062.4382,-1,10.13810000000376,BACKFILL_AUTO
2026-07-11 17:41:16,1783791676,R_75,54074.3715,1,11.933300000004238,BACKFILL_AUTO
2026-07-11 17:41:18,1783791678,R_75,54095.6145,1,21.243000000002212,BACKFILL_AUTO
2026-07-11 17:41:20,1783791680,R_75,54089.3502,-1,6.2643000000025495,BACKFILL_AUTO
2026-07-11 17:41:22,1783791682,R_75,54104.0337,1,14.683499999999185,BACKFILL_AUTO
2026-07-11 17:41:24,1783791684,R_75,54084.3428,-1,19.69090000000142,BACKFILL_AUTO
2026-07-11 17:41:26,1783791686,R_75,54088.8991,1,4.55630000000383,BACKFILL_AUTO
2026-07-11 17:41:28,1783791688,R_75,54090.6495,1,1.750399999997171,BACKFILL_AUTO
2026-07-11 17:41:30,1783791690,R_75,54077.6549,-1,12.994599999998172,BACKFILL_AUTO
2026-07-11 17:41:32,1783791692,R_75,54059.4352,-1,18.219700000001467,BACKFILL_AUTO
2026-07-11 17:41:34,1783791694,R_75,54043.1202,-1,16.31500000000233,BACKFILL_AUTO
2026-07-11 17:41:36,1783791696,R_75,54033.325,-1,9.795200000000477,BACKFILL_AUTO
2026-07-11 17:41:38,1783791698,R_75,54024.9039,-1,8.42109999999957,BACKFILL_AUTO
2026-07-11 17:41:40,1783791700,R_75,54029.9783,1,5.074400000004971,BACKFILL_AUTO
2026-07-11 17:41:42,1783791702,R_75,54042.0629,1,12.08459999999468,BACKFILL_AUTO
2026-07-11 17:41:44,1783791704,R_75,54039.2386,-1,2.824300000000221,BACKFILL_AUTO
2026-07-11 17:41:46,1783791706,R_75,54050.2295,1,10.99090000000433,BACKFILL_AUTO
2026-07-11 17:41:48,1783791708,R_75,54060.148,1,9.918499999999767,BACKFILL_AUTO
2026-07-11 17:41:50,1783791710,R_75,54053.6126,-1,6.535400000000664,BACKFILL_AUTO
2026-07-11 17:41:52,1783791712,R_75,54063.0301,1,9.417500000003201,BACKFILL_AUTO
2026-07-11 17:41:54,1783791714,R_75,54042.5786,-1,20.451500000002852,BACKFILL_AUTO
2026-07-11 17:41:56,1783791716,R_75,54023.184,-1,19.394599999999627,BACKFILL_AUTO
2026-07-11 17:41:58,1783791718,R_75,54021.2798,-1,1.9042000000044936,BACKFILL_AUTO
2026-07-11 17:42:00,1783791720,R_75,54018.8971,-1,2.3826999999946565,BACKFILL_AUTO
2026-07-11 17:42:02,1783791722,R_75,54020.4143,1,1.517199999994773,BACKFILL_AUTO
2026-07-11 17:42:04,1783791724,R_75,54018.5895,-1,1.824799999994866,BACKFILL_AUTO
2026-07-11 17:42:06,1783791726,R_75,54016.7337,-1,1.8558000000048196,BACKFILL_AUTO
2026-07-11 17:42:08,1783791728,R_75,54032.9577,1,16.22400000000198,BACKFILL_AUTO
2026-07-11 17:42:10,1783791730,R_75,54022.3684,-1,10.58929999999964,BACKFILL_AUTO
2026-07-11 17:42:12,1783791732,R_75,54027.6729,1,5.30449999999837,BACKFILL_AUTO
2026-07-11 17:42:14,1783791734,R_75,54043.5905,1,15.917600000000675,BACKFILL_AUTO
2026-07-11 17:42:16,1783791736,R_75,54056.5055,1,12.915000000000873,BACKFILL_AUTO
2026-07-11 17:42:18,1783791738,R_75,54047.7474,-1,8.758099999999104,BACKFILL_AUTO
2026-07-11 17:42:20,1783791740,R_75,54045.9865,-1,1.7609000000011292,BACKFILL_AUTO
2026-07-11 17:42:22,1783791742,R_75,54052.9645,1,6.978000000002794,BACKFILL_AUTO
2026-07-11 17:42:24,1783791744,R_75,54056.7594,1,3.79490000000078,BACKFILL_AUTO
2026-07-11 17:42:26,1783791746,R_75,54051.7526,-1,5.0068000000028405,BACKFILL_AUTO
2026-07-11 17:42:28,1783791748,R_75,54077.8565,1,26.103900000001886,BACKFILL_AUTO
2026-07-11 17:42:30,1783791750,R_75,54078.0135,1,0.1569999999992433,BACKFILL_AUTO
2026-07-11 17:42:32,1783791752,R_75,54076.1946,-1,1.8188999999983935,BACKFILL_AUTO
2026-07-11 17:42:34,1783791754,R_75,54082.6056,1,6.411000000000058,BACKFILL_AUTO
2026-07-11 17:42:36,1783791756,R_75,54082.4093,-1,0.196300000003248,BACKFILL_AUTO
2026-07-11 17:42:38,1783791758,R_75,54091.2707,1,8.861400000001595,BACKFILL_AUTO
2026-07-11 17:42:40,1783791760,R_75,54088.5371,-1,2.7335999999995693,BACKFILL_AUTO
2026-07-11 17:42:42,1783791762,R_75,54088.3438,-1,0.19329999999899883,BACKFILL_AUTO
2026-07-11 17:42:44,1783791764,R_75,54084.9543,-1,3.389500000004773,BACKFILL_AUTO
2026-07-11 17:42:46,1783791766,R_75,54079.141,-1,5.813299999994342,BACKFILL_AUTO
2026-07-11 17:42:48,1783791768,R_75,54070.6077,-1,8.533300000002782,BACKFILL_AUTO
2026-07-11 17:42:50,1783791770,R_75,54070.8337,1,0.22600000000238651,BACKFILL_AUTO
2026-07-11 17:42:52,1783791772,R_75,54075.054,1,4.2202999999935855,BACKFILL_AUTO
2026-07-11 17:42:54,1783791774,R_75,54074.4195,-1,0.6344999999928405,BACKFILL_AUTO
2026-07-11 17:42:56,1783791776,R_75,54070.9887,-1,3.430800000001909,BACKFILL_AUTO
2026-07-11 17:42:58,1783791778,R_75,54078.065,1,7.076300000000629,BACKFILL_AUTO
2026-07-11 17:43:00,1783791780,R_75,54074.6374,-1,3.4276000000027125,BACKFILL_AUTO
2026-07-11 17:43:02,1783791782,R_75,54073.3889,-1,1.2485000000015134,BACKFILL_AUTO
2026-07-11 17:43:04,1783791784,R_75,54060.0236,-1,13.36529999999766,BACKFILL_AUTO
2026-07-11 17:43:06,1783791786,R_75,54077.9973,1,17.97370000000228,BACKFILL_AUTO
2026-07-11 17:43:08,1783791788,R_75,54074.1041,-1,3.8932000000058906,BACKFILL_AUTO
2026-07-11 17:43:10,1783791790,R_75,54071.7073,-1,2.3967999999949825,BACKFILL_AUTO
2026-07-11 17:43:12,1783791792,R_75,54086.1129,1,14.40559999999823,BACKFILL_AUTO
2026-07-11 17:43:14,1783791794,R_75,54108.203,1,22.090100000001257,BACKFILL_AUTO
2026-07-11 17:43:16,1783791796,R_75,54113.0226,1,4.819599999995262,BACKFILL_AUTO
2026-07-11 17:43:18,1783791798,R_75,54122.9517,1,9.929100000001199,BACKFILL_AUTO
2026-07-11 17:43:20,1783791800,R_75,54119.5296,-1,3.422099999996135,BACKFILL_AUTO
2026-07-11 17:43:22,1783791802,R_75,54132.8849,1,13.355299999995623,BACKFILL_AUTO
2026-07-11 17:43:24,1783791804,R_75,54139.1258,1,6.240900000004331,BACKFILL_AUTO
2026-07-11 17:43:26,1783791806,R_75,54144.4817,1,5.355899999995017,BACKFILL_AUTO
2026-07-11 17:43:28,1783791808,R_75,54136.6414,-1,7.840299999996205,BACKFILL_AUTO
2026-07-11 17:43:30,1783791810,R_75,54154.6618,1,18.020400000001246,BACKFILL_AUTO
2026-07-11 17:43:32,1783791812,R_75,54155.7891,1,1.1273000000001048,BACKFILL_AUTO
2026-07-11 17:43:34,1783791814,R_75,54141.9372,-1,13.851900000001478,BACKFILL_AUTO
2026-07-11 17:43:36,1783791816,R_75,54133.7678,-1,8.16939999999886,BACKFILL_AUTO
2026-07-11 17:43:38,1783791818,R_75,54149.3793,1,15.611499999999069,BACKFILL_AUTO
2026-07-11 17:43:40,1783791820,R_75,54149.9452,1,0.5659000000014203,BACKFILL_AUTO
2026-07-11 17:43:42,1783791822,R_75,54163.6883,1,13.743099999999686,BACKFILL_AUTO
2026-07-11 17:43:44,1783791824,R_75,54170.4424,1,6.754099999998289,BACKFILL_AUTO
2026-07-11 17:43:46,1783791826,R_75,54163.3952,-1,7.047200000000885,BACKFILL_AUTO
2026-07-11 17:43:48,1783791828,R_75,54166.5801,1,3.184900000000198,BACKFILL_AUTO
2026-07-11 17:43:50,1783791830,R_75,54161.6859,-1,4.894200000002456,BACKFILL_AUTO
2026-07-11 17:43:52,1783791832,R_75,54186.4095,1,24.723600000004808,BACKFILL_AUTO
2026-07-11 17:43:54,1783791834,R_75,54186.4277,1,0.018199999998614658,BACKFILL_AUTO
2026-07-11 17:43:56,1783791836,R_75,54191.0765,1,4.648800000002666,BACKFILL_AUTO
2026-07-11 17:43:58,1783791838,R_75,54184.187,-1,6.889500000004773,BACKFILL_AUTO
2026-07-11 17:44:00,1783791840,R_75,54179.6654,-1,4.521600000000035,BACKFILL_AUTO
2026-07-11 17:44:02,1783791842,R_75,54175.3792,-1,4.286199999995006,BACKFILL_AUTO
2026-07-11 17:44:04,1783791844,R_75,54202.5117,1,27.13249999999971,BACKFILL_AUTO
2026-07-11 17:44:06,1783791846,R_75,54183.0048,-1,19.506900000000314,BACKFILL_AUTO
2026-07-11 17:44:08,1783791848,R_75,54191.9994,1,8.994599999998172,BACKFILL_AUTO
2026-07-11 17:44:10,1783791850,R_75,54192.0319,1,0.03250000000116415,BACKFILL_AUTO
2026-07-11 17:44:12,1783791852,R_75,54196.7955,1,4.763599999998405,BACKFILL_AUTO
2026-07-11 17:44:14,1783791854,R_75,54188.0491,-1,8.746400000003632,BACKFILL_AUTO
2026-07-11 17:44:16,1783791856,R_75,54186.946,-1,1.1030999999929918,BACKFILL_AUTO
2026-07-11 17:44:18,1783791858,R_75,54188.2128,1,1.2667999999976018,BACKFILL_AUTO
2026-07-11 17:44:20,1783791860,R_75,54190.2175,1,2.0046999999976833,BACKFILL_AUTO
2026-07-11 17:44:22,1783791862,R_75,54205.5505,1,15.33299999999872,BACKFILL_AUTO
2026-07-11 17:44:24,1783791864,R_75,54224.7207,1,19.170200000000477,BACKFILL_AUTO
2026-07-11 17:44:26,1783791866,R_75,54209.1348,-1,15.585899999998219,BACKFILL_AUTO
2026-07-11 17:44:28,1783791868,R_75,54229.2184,1,20.083599999998114,BACKFILL_AUTO
2026-07-11 17:44:30,1783791870,R_75,54217.8222,-1,11.396199999995588,BACKFILL_AUTO
2026-07-11 17:44:32,1783791872,R_75,54212.9279,-1,4.89429999999993,BACKFILL_AUTO
2026-07-11 17:44:34,1783791874,R_75,54216.4639,1,3.536000000000058,BACKFILL_AUTO
2026-07-11 17:44:36,1783791876,R_75,54198.0214,-1,18.442500000004657,BACKFILL_AUTO
2026-07-11 17:44:38,1783791878,R_75,54205.9462,1,7.924800000000687,BACKFILL_AUTO
2026-07-11 17:44:40,1783791880,R_75,54213.5474,1,7.60120000000461,BACKFILL_AUTO
2026-07-11 17:44:42,1783791882,R_75,54213.7702,1,0.22279999999591382,BACKFILL_AUTO
2026-07-11 17:44:44,1783791884,R_75,54219.2144,1,5.444199999998091,BACKFILL_AUTO
2026-07-11 17:44:46,1783791886,R_75,54219.2745,1,0.06010000000242144,BACKFILL_AUTO
2026-07-11 17:44:48,1783791888,R_75,54230.741,1,11.46650000000227,BACKFILL_AUTO
2026-07-11 17:44:50,1783791890,R_75,54244.3396,1,13.598599999997532,BACKFILL_AUTO
2026-07-11 17:44:52,1783791892,R_75,54236.2949,-1,8.044699999998556,BACKFILL_AUTO
2026-07-11 17:44:54,1783791894,R_75,54237.9675,1,1.6725999999980559,BACKFILL_AUTO
2026-07-11 17:44:56,1783791896,R_75,54254.0108,1,16.043299999997544,BACKFILL_AUTO
2026-07-11 17:44:58,1783791898,R_75,54247.4058,-1,6.6049999999959255,BACKFILL_AUTO
2026-07-11 17:45:00,1783791900,R_75,54230.7103,-1,16.69550000000163,BACKFILL_AUTO
2026-07-11 17:45:02,1783791902,R_75,54211.4677,-1,19.242599999997765,BACKFILL_AUTO
2026-07-11 17:45:04,1783791904,R_75,54212.5115,1,1.0437999999994645,BACKFILL_AUTO
2026-07-11 17:45:06,1783791906,R_75,54219.6804,1,7.168899999996938,BACKFILL_AUTO
2026-07-11 17:45:08,1783791908,R_75,54234.8128,1,15.132400000002235,BACKFILL_AUTO
2026-07-11 17:45:10,1783791910,R_75,54249.5834,1,14.77060000000347,BACKFILL_AUTO
2026-07-11 17:45:12,1783791912,R_75,54246.1785,-1,3.404900000001362,BACKFILL_AUTO
2026-07-11 17:45:14,1783791914,R_75,54245.5233,-1,0.6552000000010594,BACKFILL_AUTO
2026-07-11 17:45:16,1783791916,R_75,54259.0739,1,13.550600000002305,BACKFILL_AUTO
2026-07-11 17:45:18,1783791918,R_75,54249.9934,-1,9.080500000003667,BACKFILL_AUTO
2026-07-11 17:45:20,1783791920,R_75,54237.7833,-1,12.2100999999966,BACKFILL_AUTO
2026-07-11 17:45:22,1783791922,R_75,54234.231,-1,3.552300000003015,BACKFILL_AUTO
2026-07-11 17:45:24,1783791924,R_75,54220.0434,-1,14.187599999997474,BACKFILL_AUTO
2026-07-11 17:45:26,1783791926,R_75,54213.91,-1,6.133399999998801,BACKFILL_AUTO
2026-07-11 17:45:28,1783791928,R_75,54221.5704,1,7.660399999993388,BACKFILL_AUTO
2026-07-11 17:45:30,1783791930,R_75,54216.3759,-1,5.194499999997788,BACKFILL_AUTO
2026-07-11 17:45:32,1783791932,R_75,54213.2953,-1,3.080600000001141,BACKFILL_AUTO
2026-07-11 17:45:34,1783791934,R_75,54211.8555,-1,1.4398000000001048,BACKFILL_AUTO
2026-07-11 17:45:36,1783791936,R_75,54201.1382,-1,10.717299999996612,BACKFILL_AUTO
2026-07-11 17:45:38,1783791938,R_75,54211.5126,1,10.374400000000605,BACKFILL_AUTO
2026-07-11 17:45:40,1783791940,R_75,54208.7154,-1,2.7972000000008848,BACKFILL_AUTO
2026-07-11 17:45:42,1783791942,R_75,54209.5676,1,0.8522000000011758,BACKFILL_AUTO
2026-07-11 17:45:44,1783791944,R_75,54221.4779,1,11.910299999995914,BACKFILL_AUTO
2026-07-11 17:45:46,1783791946,R_75,54226.3313,1,4.853399999999965,BACKFILL_AUTO
2026-07-11 17:45:48,1783791948,R_75,54244.3332,1,18.001900000002934,BACKFILL_AUTO
2026-07-11 17:45:50,1783791950,R_75,54240.0898,-1,4.243399999999383,BACKFILL_AUTO
2026-07-11 17:45:52,1783791952,R_75,54239.389,-1,0.7007999999987078,BACKFILL_AUTO
2026-07-11 17:45:54,1783791954,R_75,54218.2004,-1,21.188600000001315,BACKFILL_AUTO
2026-07-11 17:45:56,1783791956,R_75,54217.0532,-1,1.1471999999994296,BACKFILL_AUTO
2026-07-11 17:45:58,1783791958,R_75,54198.9783,-1,18.074899999999616,BACKFILL_AUTO
2026-07-11 17:46:00,1783791960,R_75,54207.2936,1,8.31529999999475,BACKFILL_AUTO
2026-07-11 17:46:02,1783791962,R_75,54205.1645,-1,2.1290999999982887,BACKFILL_AUTO
2026-07-11 17:46:04,1783791964,R_75,54200.8668,-1,4.29769999999553,BACKFILL_AUTO
2026-07-11 17:46:06,1783791966,R_75,54219.4309,1,18.56409999999596,BACKFILL_AUTO
2026-07-11 17:46:08,1783791968,R_75,54223.0768,1,3.6459000000031665,BACKFILL_AUTO
2026-07-11 17:46:10,1783791970,R_75,54213.3908,-1,9.686000000001513,BACKFILL_AUTO
2026-07-11 17:46:12,1783791972,R_75,54224.7305,1,11.33969999999681,BACKFILL_AUTO
2026-07-11 17:46:14,1783791974,R_75,54232.3036,1,7.573100000001432,BACKFILL_AUTO
2026-07-11 17:46:16,1783791976,R_75,54237.6621,1,5.3585000000020955,BACKFILL_AUTO
2026-07-11 17:46:18,1783791978,R_75,54233.4807,-1,4.181400000001304,BACKFILL_AUTO
2026-07-11 17:46:20,1783791980,R_75,54233.4176,-1,0.06309999999939464,BACKFILL_AUTO
2026-07-11 17:46:22,1783791982,R_75,54225.9674,-1,7.450199999999313,BACKFILL_AUTO
2026-07-11 17:46:24,1783791984,R_75,54203.7684,-1,22.199000000000524,BACKFILL_AUTO
2026-07-11 17:46:26,1783791986,R_75,54221.8546,1,18.086199999997916,BACKFILL_AUTO
2026-07-11 17:46:28,1783791988,R_75,54241.7129,1,19.858299999999872,BACKFILL_AUTO
2026-07-11 17:46:30,1783791990,R_75,54254.8058,1,13.092900000003283,BACKFILL_AUTO
2026-07-11 17:46:32,1783791992,R_75,54262.8181,1,8.012299999994866,BACKFILL_AUTO
2026-07-11 17:46:34,1783791994,R_75,54257.037,-1,5.781100000000151,BACKFILL_AUTO
2026-07-11 17:46:36,1783791996,R_75,54257.2027,1,0.1657000000050175,BACKFILL_AUTO
2026-07-11 17:46:38,1783791998,R_75,54278.9352,1,21.732499999998254,BACKFILL_AUTO
2026-07-11 17:46:40,1783792000,R_75,54269.9038,-1,9.031399999999849,BACKFILL_AUTO
2026-07-11 17:46:42,1783792002,R_75,54285.0284,1,15.124600000002829,BACKFILL_AUTO
2026-07-11 17:46:44,1783792004,R_75,54266.7767,-1,18.25170000000071,BACKFILL_AUTO
2026-07-11 17:46:46,1783792006,R_75,54276.9587,1,10.182000000000698,BACKFILL_AUTO
2026-07-11 17:46:48,1783792008,R_75,54273.2989,-1,3.659800000001269,BACKFILL_AUTO
2026-07-11 17:46:50,1783792010,R_75,54269.0511,-1,4.247800000004645,BACKFILL_AUTO
2026-07-11 17:46:52,1783792012,R_75,54243.7914,-1,25.259699999995064,BACKFILL_AUTO
2026-07-11 17:46:54,1783792014,R_75,54245.7995,1,2.0080999999991036,BACKFILL_AUTO
2026-07-11 17:46:56,1783792016,R_75,54245.7816,-1,0.017899999998917338,BACKFILL_AUTO
2026-07-11 17:46:58,1783792018,R_75,54247.0058,1,1.2241999999969266,BACKFILL_AUTO
2026-07-11 17:47:00,1783792020,R_75,54246.1463,-1,0.8594999999986612,BACKFILL_AUTO
2026-07-11 17:47:02,1783792022,R_75,54262.3224,1,16.17609999999695,BACKFILL_AUTO
2026-07-11 17:47:04,1783792024,R_75,54260.6623,-1,1.6600999999936903,BACKFILL_AUTO
2026-07-11 17:47:06,1783792026,R_75,54239.7698,-1,20.892500000001746,BACKFILL_AUTO
2026-07-11 17:47:08,1783792028,R_75,54228.9501,-1,10.819700000000012,BACKFILL_AUTO
2026-07-11 17:47:10,1783792030,R_75,54222.6149,-1,6.33520000000135,BACKFILL_AUTO
2026-07-11 17:47:12,1783792032,R_75,54229.6615,1,7.04660000000149,BACKFILL_AUTO
2026-07-11 17:47:14,1783792034,R_75,54237.8675,1,8.205999999998312,BACKFILL_AUTO
2026-07-11 17:47:16,1783792036,R_75,54241.0213,1,3.1538000000000466,BACKFILL_AUTO
2026-07-11 17:47:18,1783792038,R_75,54231.4937,-1,9.527600000001257,BACKFILL_AUTO
2026-07-11 17:47:20,1783792040,R_75,54233.645,1,2.1512999999977183,BACKFILL_AUTO
2026-07-11 17:47:22,1783792042,R_75,54236.2282,1,2.583200000000943,BACKFILL_AUTO
2026-07-11 17:47:24,1783792044,R_75,54227.8574,-1,8.370799999996962,BACKFILL_AUTO
2026-07-11 17:47:26,1783792046,R_75,54226.4347,-1,1.4227000000028056,BACKFILL_AUTO
2026-07-11 17:47:28,1783792048,R_75,54213.0213,-1,13.413399999997637,BACKFILL_AUTO
2026-07-11 17:47:30,1783792050,R_75,54215.6461,1,2.6247999999977765,BACKFILL_AUTO
2026-07-11 17:47:32,1783792052,R_75,54215.8775,1,0.23140000000421423,BACKFILL_AUTO
2026-07-11 17:47:34,1783792054,R_75,54220.7555,1,4.877999999996973,BACKFILL_AUTO
2026-07-11 17:47:36,1783792056,R_75,54227.4996,1,6.744100000003527,BACKFILL_AUTO
2026-07-11 17:47:38,1783792058,R_75,54232.0569,1,4.557300000000396,BACKFILL_AUTO
2026-07-11 17:47:40,1783792060,R_75,54242.73,1,10.673099999999977,BACKFILL_AUTO
2026-07-11 17:47:42,1783792062,R_75,54246.3891,1,3.6590999999971245,BACKFILL_AUTO
2026-07-11 17:47:44,1783792064,R_75,54229.4487,-1,16.9403999999995,BACKFILL_AUTO
2026-07-11 17:47:46,1783792066,R_75,54231.8582,1,2.4095000000015716,BACKFILL_AUTO
2026-07-11 17:47:48,1783792068,R_75,54230.2416,-1,1.616600000001199,BACKFILL_AUTO
2026-07-11 17:47:50,1783792070,R_75,54236.0383,1,5.796699999998964,BACKFILL_AUTO
2026-07-11 17:47:52,1783792072,R_75,54235.452,-1,0.5863000000026659,BACKFILL_AUTO
2026-07-11 17:47:54,1783792074,R_75,54245.4113,1,9.959300000002258,BACKFILL_AUTO
2026-07-11 17:47:56,1783792076,R_75,54235.3336,-1,10.077700000001641,BACKFILL_AUTO
2026-07-11 17:47:58,1783792078,R_75,54218.1747,-1,17.1588999999949,BACKFILL_AUTO
2026-07-11 17:48:00,1783792080,R_75,54215.4645,-1,2.7102000000013504,BACKFILL_AUTO
2026-07-11 17:48:02,1783792082,R_75,54219.1477,1,3.6831999999994878,BACKFILL_AUTO
2026-07-11 17:48:04,1783792084,R_75,54226.0775,1,6.9297999999980675,BACKFILL_AUTO
2026-07-11 17:48:06,1783792086,R_75,54222.2482,-1,3.829299999997602,BACKFILL_AUTO
2026-07-11 17:48:08,1783792088,R_75,54237.9571,1,15.708899999997811,BACKFILL_AUTO
2026-07-11 17:48:10,1783792090,R_75,54225.4805,-1,12.476600000001781,BACKFILL_AUTO
2026-07-11 17:48:12,1783792092,R_75,54211.9573,-1,13.523199999995995,BACKFILL_AUTO
2026-07-11 17:48:14,1783792094,R_75,54213.5146,1,1.5573000000003958,BACKFILL_AUTO
2026-07-11 17:48:16,1783792096,R_75,54214.8899,1,1.3752999999996973,BACKFILL_AUTO
2026-07-11 17:48:18,1783792098,R_75,54219.15,1,4.260099999999511,BACKFILL_AUTO
2026-07-11 17:48:20,1783792100,R_75,54202.7146,-1,16.43540000000212,BACKFILL_AUTO
2026-07-11 17:48:22,1783792102,R_75,54209.0949,1,6.380299999997078,BACKFILL_AUTO
2026-07-11 17:48:24,1783792104,R_75,54203.1277,-1,5.9671999999991385,BACKFILL_AUTO
2026-07-11 17:48:26,1783792106,R_75,54183.6292,-1,19.498499999994237,BACKFILL_AUTO
2026-07-11 17:48:28,1783792108,R_75,54206.0833,1,22.45409999999538,BACKFILL_AUTO
2026-07-11 17:48:30,1783792110,R_75,54198.8091,-1,7.274199999999837,BACKFILL_AUTO
2026-07-11 17:48:32,1783792112,R_75,54194.3836,-1,4.425499999997555,BACKFILL_AUTO
2026-07-11 17:48:34,1783792114,R_75,54194.46,1,0.07639999999810243,BACKFILL_AUTO
2026-07-11 17:48:36,1783792116,R_75,54209.6933,1,15.233299999999872,BACKFILL_AUTO
2026-07-11 17:48:38,1783792118,R_75,54215.7268,1,6.03349999999773,BACKFILL_AUTO
2026-07-11 17:48:40,1783792120,R_75,54230.8928,1,15.166000000004715,BACKFILL_AUTO
2026-07-11 17:48:42,1783792122,R_75,54228.5498,-1,2.3430000000007567,BACKFILL_AUTO
2026-07-11 17:48:44,1783792124,R_75,54215.2713,-1,13.27850000000035,BACKFILL_AUTO
2026-07-11 17:48:46,1783792126,R_75,54226.2567,1,10.985399999997753,BACKFILL_AUTO
2026-07-11 17:48:48,1783792128,R_75,54221.9775,-1,4.279199999997218,BACKFILL_AUTO
2026-07-11 17:48:50,1783792130,R_75,54225.7196,1,3.742099999995844,BACKFILL_AUTO
2026-07-11 17:48:52,1783792132,R_75,54217.3672,-1,8.352399999996123,BACKFILL_AUTO
2026-07-11 17:48:54,1783792134,R_75,54224.8447,1,7.477500000000873,BACKFILL_AUTO
2026-07-11 17:48:56,1783792136,R_75,54238.7176,1,13.872900000002119,BACKFILL_AUTO
2026-07-11 17:48:58,1783792138,R_75,54255.4343,1,16.716699999997218,BACKFILL_AUTO
2026-07-11 17:49:00,1783792140,R_75,54257.3534,1,1.9190999999991618,BACKFILL_AUTO
2026-07-11 17:49:02,1783792142,R_75,54240.0492,-1,17.304199999998673,BACKFILL_AUTO
2026-07-11 17:49:04,1783792144,R_75,54231.3236,-1,8.72559999999794,BACKFILL_AUTO
2026-07-11 17:49:06,1783792146,R_75,54223.1574,-1,8.166200000006938,BACKFILL_AUTO
2026-07-11 17:49:08,1783792148,R_75,54226.1104,1,2.9530000000013388,BACKFILL_AUTO
2026-07-11 17:49:10,1783792150,R_75,54205.1952,-1,20.91519999999582,BACKFILL_AUTO
2026-07-11 17:49:12,1783792152,R_75,54209.017,1,3.821799999997893,BACKFILL_AUTO
2026-07-11 17:49:14,1783792154,R_75,54202.7985,-1,6.2185000000026776,BACKFILL_AUTO
2026-07-11 17:49:16,1783792156,R_75,54177.1365,-1,25.661999999996624,BACKFILL_AUTO
2026-07-11 17:49:18,1783792158,R_75,54154.5345,-1,22.601999999998952,BACKFILL_AUTO
2026-07-11 17:49:20,1783792160,R_75,54138.4131,-1,16.121400000003632,BACKFILL_AUTO
2026-07-11 17:49:22,1783792162,R_75,54129.7812,-1,8.631900000000314,BACKFILL_AUTO
2026-07-11 17:49:24,1783792164,R_75,54120.4485,-1,9.332699999999022,BACKFILL_AUTO
2026-07-11 17:49:26,1783792166,R_75,54129.1996,1,8.751100000001315,BACKFILL_AUTO
2026-07-11 17:49:28,1783792168,R_75,54106.1137,-1,23.08589999999822,BACKFILL_AUTO
2026-07-11 17:49:30,1783792170,R_75,54113.2503,1,7.136599999997998,BACKFILL_AUTO
2026-07-11 17:49:32,1783792172,R_75,54104.2111,-1,9.039199999999255,BACKFILL_AUTO
2026-07-11 17:49:34,1783792174,R_75,54091.9865,-1,12.224600000001374,BACKFILL_AUTO
2026-07-11 17:49:36,1783792176,R_75,54098.1019,1,6.11540000000241,BACKFILL_AUTO
2026-07-11 17:49:38,1783792178,R_75,54088.5748,-1,9.527099999999336,BACKFILL_AUTO
2026-07-11 17:49:40,1783792180,R_75,54098.031,1,9.456200000000536,BACKFILL_AUTO
2026-07-11 17:49:42,1783792182,R_75,54106.6593,1,8.62829999999667,BACKFILL_AUTO
2026-07-11 17:49:44,1783792184,R_75,54107.2317,1,0.5723999999972875,BACKFILL_AUTO
2026-07-11 17:49:46,1783792186,R_75,54111.8675,1,4.635800000003655,BACKFILL_AUTO
2026-07-11 17:49:48,1783792188,R_75,54124.3691,1,12.501600000003236,BACKFILL_AUTO
2026-07-11 17:49:50,1783792190,R_75,54127.6157,1,3.2465999999985797,BACKFILL_AUTO
2026-07-11 17:49:52,1783792192,R_75,54118.6389,-1,8.976800000004005,BACKFILL_AUTO
2026-07-11 17:49:54,1783792194,R_75,54114.2512,-1,4.387699999999313,BACKFILL_AUTO
2026-07-11 17:49:56,1783792196,R_75,54099.2118,-1,15.039400000001478,BACKFILL_AUTO
2026-07-11 17:49:58,1783792198,R_75,54088.3919,-1,10.81989999999496,BACKFILL_AUTO
2026-07-11 17:50:00,1783792200,R_75,54077.0361,-1,11.35580000000482,BACKFILL_AUTO
2026-07-11 17:50:02,1783792202,R_75,54077.252,1,0.21590000000287546,BACKFILL_AUTO
2026-07-11 17:50:04,1783792204,R_75,54073.9922,-1,3.2597999999998137,BACKFILL_AUTO
2026-07-11 17:50:06,1783792206,R_75,54082.4154,1,8.42319999999745,BACKFILL_AUTO
2026-07-11 17:50:08,1783792208,R_75,54057.5865,-1,24.82890000000043,BACKFILL_AUTO
2026-07-11 17:50:10,1783792210,R_75,54047.4805,-1,10.105999999999767,BACKFILL_AUTO
2026-07-11 17:50:12,1783792212,R_75,54038.9742,-1,8.50630000000092,BACKFILL_AUTO
2026-07-11 17:50:14,1783792214,R_75,54048.7741,1,9.799900000005437,BACKFILL_AUTO
2026-07-11 17:50:16,1783792216,R_75,54046.8988,-1,1.8752999999996973,BACKFILL_AUTO
2026-07-11 17:50:18,1783792218,R_75,54026.7959,-1,20.10290000000532,BACKFILL_AUTO
2026-07-11 17:50:20,1783792220,R_75,54030.7642,1,3.968300000000454,BACKFILL_AUTO
2026-07-11 17:50:22,1783792222,R_75,54020.8537,-1,9.910499999998137,BACKFILL_AUTO
2026-07-11 17:50:24,1783792224,R_75,54010.5066,-1,10.347099999999045,BACKFILL_AUTO
2026-07-11 17:50:26,1783792226,R_75,54005.4877,-1,5.018900000002759,BACKFILL_AUTO
2026-07-11 17:50:28,1783792228,R_75,53995.2765,-1,10.211199999997916,BACKFILL_AUTO
2026-07-11 17:50:30,1783792230,R_75,53984.8275,-1,10.449000000000524,BACKFILL_AUTO
2026-07-11 17:50:32,1783792232,R_75,53984.7421,-1,0.08539999999629799,BACKFILL_AUTO
2026-07-11 17:50:34,1783792234,R_75,53991.0311,1,6.288999999997031,BACKFILL_AUTO
2026-07-11 17:50:36,1783792236,R_75,53982.1937,-1,8.837399999996705,BACKFILL_AUTO
2026-07-11 17:50:38,1783792238,R_75,53981.9607,-1,0.23300000000017462,BACKFILL_AUTO
2026-07-11 17:50:40,1783792240,R_75,53970.2894,-1,11.671300000001793,BACKFILL_AUTO
2026-07-11 17:50:42,1783792242,R_75,53978.597,1,8.307600000000093,BACKFILL_AUTO
2026-07-11 17:50:44,1783792244,R_75,53990.7847,1,12.187699999994948,BACKFILL_AUTO
2026-07-11 17:50:46,1783792246,R_75,53980.2293,-1,10.555399999997462,BACKFILL_AUTO
2026-07-11 17:50:48,1783792248,R_75,53986.5034,1,6.274100000002363,BACKFILL_AUTO
2026-07-11 17:50:50,1783792250,R_75,53989.2515,1,2.7480999999970663,BACKFILL_AUTO
2026-07-11 17:50:52,1783792252,R_75,53988.3101,-1,0.9413999999960652,BACKFILL_AUTO
2026-07-11 17:50:54,1783792254,R_75,53976.3086,-1,12.001500000005763,BACKFILL_AUTO
2026-07-11 17:50:56,1783792256,R_75,53972.7951,-1,3.5134999999936554,BACKFILL_AUTO
2026-07-11 17:50:58,1783792258,R_75,53987.7468,1,14.9516999999978,BACKFILL_AUTO
2026-07-11 17:51:00,1783792260,R_75,53968.3119,-1,19.434900000000198,BACKFILL_AUTO
2026-07-11 17:51:02,1783792262,R_75,53963.1782,-1,5.133699999998498,BACKFILL_AUTO
2026-07-11 17:51:04,1783792264,R_75,53972.0354,1,8.857199999998556,BACKFILL_AUTO
2026-07-11 17:51:06,1783792266,R_75,53960.7382,-1,11.297200000000885,BACKFILL_AUTO
2026-07-11 17:51:08,1783792268,R_75,53968.6595,1,7.921300000001793,BACKFILL_AUTO
2026-07-11 17:51:10,1783792270,R_75,53981.9089,1,13.249400000000605,BACKFILL_AUTO
2026-07-11 17:51:12,1783792272,R_75,53988.9999,1,7.091000000000349,BACKFILL_AUTO
2026-07-11 17:51:14,1783792274,R_75,53974.1122,-1,14.887699999999313,BACKFILL_AUTO
2026-07-11 17:51:16,1783792276,R_75,53985.147,1,11.034799999993993,BACKFILL_AUTO
2026-07-11 17:51:18,1783792278,R_75,53994.8333,1,9.68630000000121,BACKFILL_AUTO
2026-07-11 17:51:20,1783792280,R_75,53995.6901,1,0.8568000000013853,BACKFILL_AUTO
2026-07-11 17:51:22,1783792282,R_75,53992.4017,-1,3.2883999999976368,BACKFILL_AUTO
2026-07-11 17:51:24,1783792284,R_75,53986.1603,-1,6.2413999999989755,BACKFILL_AUTO
2026-07-11 17:51:26,1783792286,R_75,53987.4833,1,1.3229999999966822,BACKFILL_AUTO
2026-07-11 17:51:28,1783792288,R_75,53999.8122,1,12.32890000000043,BACKFILL_AUTO
2026-07-11 17:51:30,1783792290,R_75,53987.0646,-1,12.747600000002421,BACKFILL_AUTO
2026-07-11 17:51:32,1783792292,R_75,53993.2534,1,6.188800000003539,BACKFILL_AUTO
2026-07-11 17:51:34,1783792294,R_75,54003.5055,1,10.252099999997881,BACKFILL_AUTO
2026-07-11 17:51:36,1783792296,R_75,53997.937,-1,5.568500000001222,BACKFILL_AUTO
2026-07-11 17:51:38,1783792298,R_75,54008.6061,1,10.669099999999162,BACKFILL_AUTO
2026-07-11 17:51:40,1783792300,R_75,54012.4102,1,3.804100000001199,BACKFILL_AUTO
2026-07-11 17:51:42,1783792302,R_75,54014.8711,1,2.460899999998219,BACKFILL_AUTO
2026-07-11 17:51:44,1783792304,R_75,54020.953,1,6.08190000000468,BACKFILL_AUTO
2026-07-11 17:51:46,1783792306,R_75,54035.8329,1,14.879899999999907,BACKFILL_AUTO
2026-07-11 17:51:48,1783792308,R_75,54028.6803,-1,7.152600000001257,BACKFILL_AUTO
2026-07-11 17:51:50,1783792310,R_75,54029.4673,1,0.786999999996624,BACKFILL_AUTO
2026-07-11 17:51:52,1783792312,R_75,54021.5464,-1,7.920899999997346,BACKFILL_AUTO
2026-07-11 17:51:54,1783792314,R_75,54027.9451,1,6.398699999997916,BACKFILL_AUTO
2026-07-11 17:51:56,1783792316,R_75,54043.4895,1,15.544400000006135,BACKFILL_AUTO
2026-07-11 17:51:58,1783792318,R_75,54031.8989,-1,11.590600000003178,BACKFILL_AUTO
2026-07-11 17:52:00,1783792320,R_75,54029.2772,-1,2.6217000000033295,BACKFILL_AUTO
2026-07-11 17:52:02,1783792322,R_75,54012.6114,-1,16.665799999995215,BACKFILL_AUTO
2026-07-11 17:52:04,1783792324,R_75,54000.9453,-1,11.666100000002189,BACKFILL_AUTO
2026-07-11 17:52:06,1783792326,R_75,53998.7114,-1,2.2338999999992666,BACKFILL_AUTO
2026-07-11 17:52:08,1783792328,R_75,53995.943,-1,2.768400000000838,BACKFILL_AUTO
2026-07-11 17:52:10,1783792330,R_75,53999.874,1,3.9310000000041327,BACKFILL_AUTO
2026-07-11 17:52:12,1783792332,R_75,53999.5938,-1,0.2802000000010594,BACKFILL_AUTO
2026-07-11 17:52:14,1783792334,R_75,54009.007,1,9.413199999995413,BACKFILL_AUTO
2026-07-11 17:52:16,1783792336,R_75,53999.9262,-1,9.080799999996088,BACKFILL_AUTO
2026-07-11 17:52:18,1783792338,R_75,53996.5691,-1,3.3571000000010827,BACKFILL_AUTO
2026-07-11 17:52:20,1783792340,R_75,54021.5473,1,24.97819999999774,BACKFILL_AUTO
2026-07-11 17:52:22,1783792342,R_75,54058.5162,1,36.96889999999985,BACKFILL_AUTO
2026-07-11 17:52:24,1783792344,R_75,54049.8934,-1,8.622799999997369,BACKFILL_AUTO
2026-07-11 17:52:26,1783792346,R_75,54044.8742,-1,5.019200000002456,BACKFILL_AUTO
2026-07-11 17:52:28,1783792348,R_75,54033.3042,-1,11.569999999999709,BACKFILL_AUTO
2026-07-11 17:52:30,1783792350,R_75,54038.1627,1,4.8585000000020955,BACKFILL_AUTO
2026-07-11 17:52:32,1783792352,R_75,54034.0466,-1,4.116099999999278,BACKFILL_AUTO
2026-07-11 17:52:34,1783792354,R_75,54022.0739,-1,11.97269999999844,BACKFILL_AUTO
2026-07-11 17:52:36,1783792356,R_75,54036.3945,1,14.320599999999104,BACKFILL_AUTO
2026-07-11 17:52:38,1783792358,R_75,54031.2993,-1,5.095200000003388,BACKFILL_AUTO
2026-07-11 17:52:40,1783792360,R_75,54033.3125,1,2.013200000001234,BACKFILL_AUTO
2026-07-11 17:52:42,1783792362,R_75,54033.7479,1,0.43540000000211876,BACKFILL_AUTO
2026-07-11 17:52:44,1783792364,R_75,54041.3847,1,7.636800000000221,BACKFILL_AUTO
2026-07-11 17:52:46,1783792366,R_75,54065.3744,1,23.989699999998265,BACKFILL_AUTO
2026-07-11 17:52:48,1783792368,R_75,54053.327,-1,12.047400000003108,BACKFILL_AUTO
2026-07-11 17:52:50,1783792370,R_75,54063.298,1,9.971000000005006,BACKFILL_AUTO
2026-07-11 17:52:52,1783792372,R_75,54060.1074,-1,3.190600000001723,BACKFILL_AUTO
2026-07-11 17:52:54,1783792374,R_75,54066.115,1,6.007599999997183,BACKFILL_AUTO
2026-07-11 17:52:56,1783792376,R_75,54069.2754,1,3.1604000000006636,BACKFILL_AUTO
2026-07-11 17:52:58,1783792378,R_75,54055.7006,-1,13.574800000002142,BACKFILL_AUTO
2026-07-11 17:53:00,1783792380,R_75,54047.2093,-1,8.491299999994226,BACKFILL_AUTO
2026-07-11 17:53:02,1783792382,R_75,54054.7615,1,7.552199999998265,BACKFILL_AUTO
2026-07-11 17:53:04,1783792384,R_75,54053.2133,-1,1.5481999999974505,BACKFILL_AUTO
2026-07-11 17:53:06,1783792386,R_75,54050.5955,-1,2.6177999999999884,BACKFILL_AUTO
2026-07-11 17:53:08,1783792388,R_75,54043.325,-1,7.270500000005995,BACKFILL_AUTO
2026-07-11 17:53:10,1783792390,R_75,54053.618,1,10.293000000005122,BACKFILL_AUTO
2026-07-11 17:53:12,1783792392,R_75,54065.2378,1,11.619800000000396,BACKFILL_AUTO
2026-07-11 17:53:14,1783792394,R_75,54047.2338,-1,18.004000000000815,BACKFILL_AUTO
2026-07-11 17:53:16,1783792396,R_75,54040.6578,-1,6.576000000000931,BACKFILL_AUTO
2026-07-11 17:53:18,1783792398,R_75,54045.795,1,5.137199999997392,BACKFILL_AUTO
2026-07-11 17:53:20,1783792400,R_75,54053.9598,1,8.16479999999865,BACKFILL_AUTO
2026-07-11 17:53:22,1783792402,R_75,54038.0399,-1,15.919899999993504,BACKFILL_AUTO
2026-07-11 17:53:24,1783792404,R_75,54035.8628,-1,2.1771000000007916,BACKFILL_AUTO
2026-07-11 17:53:26,1783792406,R_75,54031.9829,-1,3.879899999999907,BACKFILL_AUTO
2026-07-11 17:53:28,1783792408,R_75,54047.1848,1,15.201900000000023,BACKFILL_AUTO
2026-07-11 17:53:30,1783792410,R_75,54029.8122,-1,17.37260000000242,BACKFILL_AUTO
2026-07-11 17:53:32,1783792412,R_75,54013.8109,-1,16.00130000000354,BACKFILL_AUTO
2026-07-11 17:53:34,1783792414,R_75,54001.5769,-1,12.23399999999674,BACKFILL_AUTO
2026-07-11 17:53:36,1783792416,R_75,53994.0065,-1,7.57039999999688,BACKFILL_AUTO
2026-07-11 17:53:38,1783792418,R_75,53993.3625,-1,0.6440000000002328,BACKFILL_AUTO
2026-07-11 17:53:40,1783792420,R_75,53980.6091,-1,12.75340000000142,BACKFILL_AUTO
2026-07-11 17:53:42,1783792422,R_75,53967.4712,-1,13.137900000001537,BACKFILL_AUTO
2026-07-11 17:53:44,1783792424,R_75,53956.3403,-1,11.130899999996473,BACKFILL_AUTO
2026-07-11 17:53:46,1783792426,R_75,53939.8203,-1,16.520000000004075,BACKFILL_AUTO
2026-07-11 17:53:48,1783792428,R_75,53934.2119,-1,5.608399999997346,BACKFILL_AUTO
2026-07-11 17:53:50,1783792430,R_75,53944.1027,1,9.890800000001036,BACKFILL_AUTO
2026-07-11 17:53:52,1783792432,R_75,53935.1769,-1,8.925800000004529,BACKFILL_AUTO
2026-07-11 17:53:54,1783792434,R_75,53939.8552,1,4.678299999999581,BACKFILL_AUTO
2026-07-11 17:53:56,1783792436,R_75,53937.3568,-1,2.4983999999967637,BACKFILL_AUTO
2026-07-11 17:53:58,1783792438,R_75,53923.0151,-1,14.341700000004494,BACKFILL_AUTO
2026-07-11 17:54:00,1783792440,R_75,53909.9328,-1,13.082299999994575,BACKFILL_AUTO
2026-07-11 17:54:02,1783792442,R_75,53901.1836,-1,8.749200000005658,BACKFILL_AUTO
2026-07-11 17:54:04,1783792444,R_75,53883.397,-1,17.786599999999453,BACKFILL_AUTO
2026-07-11 17:54:06,1783792446,R_75,53883.4811,1,0.08410000000003492,BACKFILL_AUTO
2026-07-11 17:54:08,1783792448,R_75,53881.3761,-1,2.1049999999959255,BACKFILL_AUTO
2026-07-11 17:54:10,1783792450,R_75,53865.7596,-1,15.616500000003725,BACKFILL_AUTO
2026-07-11 17:54:12,1783792452,R_75,53864.3288,-1,1.4307999999946333,BACKFILL_AUTO
2026-07-11 17:54:14,1783792454,R_75,53852.9902,-1,11.33860000000277,BACKFILL_AUTO
2026-07-11 17:54:16,1783792456,R_75,53851.2518,-1,1.7384000000020023,BACKFILL_AUTO
2026-07-11 17:54:18,1783792458,R_75,53863.7001,1,12.448300000003655,BACKFILL_AUTO
2026-07-11 17:54:20,1783792460,R_75,53875.8241,1,12.123999999996158,BACKFILL_AUTO
2026-07-11 17:54:22,1783792462,R_75,53863.743,-1,12.081099999995786,BACKFILL_AUTO
2026-07-11 17:54:24,1783792464,R_75,53863.3922,-1,0.350800000000163,BACKFILL_AUTO
2026-07-11 17:54:26,1783792466,R_75,53860.1121,-1,3.2801000000035856,BACKFILL_AUTO
2026-07-11 17:54:28,1783792468,R_75,53864.3436,1,4.231500000001688,BACKFILL_AUTO
2026-07-11 17:54:30,1783792470,R_75,53873.2822,1,8.938600000001315,BACKFILL_AUTO
2026-07-11 17:54:32,1783792472,R_75,53876.2725,1,2.99029999999766,BACKFILL_AUTO
2026-07-11 17:54:34,1783792474,R_75,53888.1391,1,11.866600000001199,BACKFILL_AUTO
2026-07-11 17:54:36,1783792476,R_75,53895.515,1,7.375899999999092,BACKFILL_AUTO
2026-07-11 17:54:38,1783792478,R_75,53883.1153,-1,12.399700000001758,BACKFILL_AUTO
2026-07-11 17:54:40,1783792480,R_75,53901.4375,1,18.32220000000234,BACKFILL_AUTO
2026-07-11 17:54:42,1783792482,R_75,53899.5627,-1,1.8747999999977765,BACKFILL_AUTO
2026-07-11 17:54:44,1783792484,R_75,53904.5843,1,5.021600000000035,BACKFILL_AUTO
2026-07-11 17:54:46,1783792486,R_75,53897.5147,-1,7.069600000002538,BACKFILL_AUTO
2026-07-11 17:54:48,1783792488,R_75,53893.5249,-1,3.989800000003015,BACKFILL_AUTO
2026-07-11 17:54:50,1783792490,R_75,53891.6256,-1,1.8992999999973108,BACKFILL_AUTO
2026-07-11 17:54:52,1783792492,R_75,53871.749,-1,19.87659999999596,BACKFILL_AUTO
2026-07-11 17:54:54,1783792494,R_75,53880.2378,1,8.488799999999173,BACKFILL_AUTO
2026-07-11 17:54:56,1783792496,R_75,53875.9716,-1,4.266200000005483,BACKFILL_AUTO
2026-07-11 17:54:58,1783792498,R_75,53866.3436,-1,9.627999999996973,BACKFILL_AUTO
2026-07-11 17:55:00,1783792500,R_75,53871.3941,1,5.050499999997555,BACKFILL_AUTO
2026-07-11 17:55:02,1783792502,R_75,53872.0076,1,0.6134999999994761,BACKFILL_AUTO
2026-07-11 17:55:04,1783792504,R_75,53853.3362,-1,18.671399999999267,BACKFILL_AUTO
2026-07-11 17:55:06,1783792506,R_75,53858.0332,1,4.697000000000116,BACKFILL_AUTO
2026-07-11 17:55:08,1783792508,R_75,53855.6589,-1,2.3742999999958556,BACKFILL_AUTO
2026-07-11 17:55:10,1783792510,R_75,53854.781,-1,0.8778999999994994,BACKFILL_AUTO
2026-07-11 17:55:12,1783792512,R_75,53855.6254,1,0.8443999999944936,BACKFILL_AUTO
2026-07-11 17:55:14,1783792514,R_75,53870.1906,1,14.565200000004552,BACKFILL_AUTO
2026-07-11 17:55:16,1783792516,R_75,53876.4448,1,6.2541999999957625,BACKFILL_AUTO
2026-07-11 17:55:18,1783792518,R_75,53859.3011,-1,17.143700000000536,BACKFILL_AUTO
2026-07-11 17:55:20,1783792520,R_75,53828.7465,-1,30.554599999995844,BACKFILL_AUTO
2026-07-11 17:55:22,1783792522,R_75,53846.8574,1,18.110899999999674,BACKFILL_AUTO
2026-07-11 17:55:24,1783792524,R_75,53861.567,1,14.709600000001956,BACKFILL_AUTO
2026-07-11 17:55:26,1783792526,R_75,53841.6278,-1,19.93920000000071,BACKFILL_AUTO
2026-07-11 17:55:28,1783792528,R_75,53842.2509,1,0.6230999999970663,BACKFILL_AUTO
2026-07-11 17:55:30,1783792530,R_75,53838.8004,-1,3.4504999999990105,BACKFILL_AUTO
2026-07-11 17:55:32,1783792532,R_75,53840.8555,1,2.055099999997765,BACKFILL_AUTO
2026-07-11 17:55:34,1783792534,R_75,53835.8456,-1,5.0098999999972875,BACKFILL_AUTO
2026-07-11 17:55:36,1783792536,R_75,53836.8239,1,0.9783000000024913,BACKFILL_AUTO
2026-07-11 17:55:38,1783792538,R_75,53844.713,1,7.889100000000326,BACKFILL_AUTO
2026-07-11 17:55:40,1783792540,R_75,53836.0562,-1,8.656800000004296,BACKFILL_AUTO
2026-07-11 17:55:42,1783792542,R_75,53827.359,-1,8.69720000000234,BACKFILL_AUTO
2026-07-11 17:55:44,1783792544,R_75,53837.6511,1,10.29210000000603,BACKFILL_AUTO
2026-07-11 17:55:46,1783792546,R_75,53852.2531,1,14.601999999998952,BACKFILL_AUTO
2026-07-11 17:55:48,1783792548,R_75,53861.2018,1,8.948700000000827,BACKFILL_AUTO
2026-07-11 17:55:50,1783792550,R_75,53865.615,1,4.413199999995413,BACKFILL_AUTO
2026-07-11 17:55:52,1783792552,R_75,53854.2509,-1,11.36409999999887,BACKFILL_AUTO
2026-07-11 17:55:54,1783792554,R_75,53846.0232,-1,8.22769999999582,BACKFILL_AUTO
2026-07-11 17:55:56,1783792556,R_75,53850.1923,1,4.169099999999162,BACKFILL_AUTO
2026-07-11 17:55:58,1783792558,R_75,53858.5543,1,8.36200000000099,BACKFILL_AUTO
2026-07-11 17:56:00,1783792560,R_75,53850.0657,-1,8.488600000004226,BACKFILL_AUTO
2026-07-11 17:56:02,1783792562,R_75,53833.2667,-1,16.79899999999907,BACKFILL_AUTO
2026-07-11 17:56:04,1783792564,R_75,53821.9298,-1,11.33690000000206,BACKFILL_AUTO
2026-07-11 17:56:06,1783792566,R_75,53831.1152,1,9.185400000002119,BACKFILL_AUTO
2026-07-11 17:56:08,1783792568,R_75,53823.0847,-1,8.030500000000757,BACKFILL_AUTO
2026-07-11 17:56:10,1783792570,R_75,53825.2137,1,2.129000000000815,BACKFILL_AUTO
2026-07-11 17:56:12,1783792572,R_75,53828.0443,1,2.830600000001141,BACKFILL_AUTO
2026-07-11 17:56:14,1783792574,R_75,53845.8561,1,17.811799999995856,BACKFILL_AUTO
2026-07-11 17:56:16,1783792576,R_75,53836.3663,-1,9.48979999999574,BACKFILL_AUTO
2026-07-11 17:56:18,1783792578,R_75,53828.7849,-1,7.581400000002759,BACKFILL_AUTO
2026-07-11 17:56:20,1783792580,R_75,53820.7112,-1,8.073700000000827,BACKFILL_AUTO
2026-07-11 17:56:22,1783792582,R_75,53804.0438,-1,16.66739999999845,BACKFILL_AUTO
2026-07-11 17:56:24,1783792584,R_75,53811.6866,1,7.6428000000014435,BACKFILL_AUTO
2026-07-11 17:56:26,1783792586,R_75,53803.1158,-1,8.570800000001327,BACKFILL_AUTO
2026-07-11 17:56:28,1783792588,R_75,53791.7424,-1,11.373399999996764,BACKFILL_AUTO
2026-07-11 17:56:30,1783792590,R_75,53796.6545,1,4.912099999994098,BACKFILL_AUTO
2026-07-11 17:56:32,1783792592,R_75,53791.3062,-1,5.348299999997835,BACKFILL_AUTO
2026-07-11 17:56:34,1783792594,R_75,53797.0292,1,5.722999999998137,BACKFILL_AUTO
2026-07-11 17:56:36,1783792596,R_75,53792.2658,-1,4.763399999996182,BACKFILL_AUTO
2026-07-11 17:56:38,1783792598,R_75,53793.1972,1,0.9314000000013039,BACKFILL_AUTO
2026-07-11 17:56:40,1783792600,R_75,53783.1047,-1,10.092499999998836,BACKFILL_AUTO
2026-07-11 17:56:42,1783792602,R_75,53803.6394,1,20.53469999999652,BACKFILL_AUTO
2026-07-11 17:56:44,1783792604,R_75,53790.9409,-1,12.698499999998603,BACKFILL_AUTO
2026-07-11 17:56:46,1783792606,R_75,53794.2483,1,3.3073999999978696,BACKFILL_AUTO
2026-07-11 17:56:48,1783792608,R_75,53792.7143,-1,1.5339999999996508,BACKFILL_AUTO
2026-07-11 17:56:50,1783792610,R_75,53778.9882,-1,13.72609999999986,BACKFILL_AUTO
2026-07-11 17:56:52,1783792612,R_75,53797.6224,1,18.63420000000042,BACKFILL_AUTO
2026-07-11 17:56:54,1783792614,R_75,53812.9251,1,15.302700000000186,BACKFILL_AUTO
2026-07-11 17:56:56,1783792616,R_75,53815.6061,1,2.680999999996857,BACKFILL_AUTO
2026-07-11 17:56:58,1783792618,R_75,53807.2685,-1,8.337599999998929,BACKFILL_AUTO
2026-07-11 17:57:00,1783792620,R_75,53813.7986,1,6.530100000003586,BACKFILL_AUTO
2026-07-11 17:57:02,1783792622,R_75,53816.7688,1,2.9701999999961117,BACKFILL_AUTO
2026-07-11 17:57:04,1783792624,R_75,53820.7998,1,4.0310000000026776,BACKFILL_AUTO
2026-07-11 17:57:06,1783792626,R_75,53819.5902,-1,1.2096000000019558,BACKFILL_AUTO
2026-07-11 17:57:08,1783792628,R_75,53822.2918,1,2.701600000000326,BACKFILL_AUTO
2026-07-11 17:57:10,1783792630,R_75,53823.3824,1,1.0906000000031781,BACKFILL_AUTO
2026-07-11 17:57:12,1783792632,R_75,53828.9931,1,5.6106999999974505,BACKFILL_AUTO
2026-07-11 17:57:14,1783792634,R_75,53822.2987,-1,6.694400000000314,BACKFILL_AUTO
2026-07-11 17:57:16,1783792636,R_75,53806.2432,-1,16.055500000002212,BACKFILL_AUTO
2026-07-11 17:57:18,1783792638,R_75,53795.6576,-1,10.585599999998522,BACKFILL_AUTO
2026-07-11 17:57:20,1783792640,R_75,53797.3435,1,1.6859000000040396,BACKFILL_AUTO
2026-07-11 17:57:22,1783792642,R_75,53810.3925,1,13.048999999999069,BACKFILL_AUTO
2026-07-11 17:57:24,1783792644,R_75,53804.8163,-1,5.576200000003155,BACKFILL_AUTO
2026-07-11 17:57:26,1783792646,R_75,53810.8458,1,6.029500000004191,BACKFILL_AUTO
2026-07-11 17:57:28,1783792648,R_75,53821.9973,1,11.151499999999942,BACKFILL_AUTO
2026-07-11 17:57:30,1783792650,R_75,53810.6194,-1,11.3778999999995,BACKFILL_AUTO
2026-07-11 17:57:32,1783792652,R_75,53790.6437,-1,19.97570000000269,BACKFILL_AUTO
2026-07-11 17:57:34,1783792654,R_75,53787.0966,-1,3.547100000003411,BACKFILL_AUTO
2026-07-11 17:57:36,1783792656,R_75,53782.9438,-1,4.152799999996205,BACKFILL_AUTO
2026-07-11 17:57:38,1783792658,R_75,53780.0265,-1,2.917300000000978,BACKFILL_AUTO
2026-07-11 17:57:40,1783792660,R_75,53780.8221,1,0.7955999999976484,BACKFILL_AUTO
2026-07-11 17:57:42,1783792662,R_75,53787.2424,1,6.420300000005227,BACKFILL_AUTO
2026-07-11 17:57:44,1783792664,R_75,53779.9311,-1,7.311300000001211,BACKFILL_AUTO
2026-07-11 17:57:46,1783792666,R_75,53769.3046,-1,10.626499999998487,BACKFILL_AUTO
2026-07-11 17:57:48,1783792668,R_75,53764.4481,-1,4.856500000001688,BACKFILL_AUTO
2026-07-11 17:57:50,1783792670,R_75,53755.3992,-1,9.048900000001595,BACKFILL_AUTO
2026-07-11 17:57:52,1783792672,R_75,53746.0831,-1,9.316099999996368,BACKFILL_AUTO
2026-07-11 17:57:54,1783792674,R_75,53750.3499,1,4.266799999997602,BACKFILL_AUTO
2026-07-11 17:57:56,1783792676,R_75,53760.7949,1,10.444999999999709,BACKFILL_AUTO
2026-07-11 17:57:58,1783792678,R_75,53765.599,1,4.804100000001199,BACKFILL_AUTO
2026-07-11 17:58:00,1783792680,R_75,53761.5648,-1,4.034200000001874,BACKFILL_AUTO
2026-07-11 17:58:02,1783792682,R_75,53754.887,-1,6.67779999999766,BACKFILL_AUTO
2026-07-11 17:58:04,1783792684,R_75,53762.5051,1,7.618099999999686,BACKFILL_AUTO
2026-07-11 17:58:06,1783792686,R_75,53770.6094,1,8.104299999999057,BACKFILL_AUTO
2026-07-11 17:58:08,1783792688,R_75,53758.0781,-1,12.531300000002375,BACKFILL_AUTO
2026-07-11 17:58:10,1783792690,R_75,53757.6557,-1,0.42239999999583233,BACKFILL_AUTO
2026-07-11 17:58:12,1783792692,R_75,53782.598,1,24.942299999995157,BACKFILL_AUTO
2026-07-11 17:58:14,1783792694,R_75,53778.5772,-1,4.020799999998417,BACKFILL_AUTO
2026-07-11 17:58:16,1783792696,R_75,53764.7254,-1,13.851799999996729,BACKFILL_AUTO
2026-07-11 17:58:18,1783792698,R_75,53765.7925,1,1.0671000000002095,BACKFILL_AUTO
2026-07-11 17:58:20,1783792700,R_75,53767.8091,1,2.0165999999953783,BACKFILL_AUTO
2026-07-11 17:58:22,1783792702,R_75,53767.7455,-1,0.0636000000013155,BACKFILL_AUTO
2026-07-11 17:58:24,1783792704,R_75,53764.8604,-1,2.885099999999511,BACKFILL_AUTO
2026-07-11 17:58:26,1783792706,R_75,53781.3994,1,16.539000000004307,BACKFILL_AUTO
2026-07-11 17:58:28,1783792708,R_75,53780.8494,-1,0.5500000000029104,BACKFILL_AUTO
2026-07-11 17:58:30,1783792710,R_75,53784.7925,1,3.9431000000040513,BACKFILL_AUTO
2026-07-11 17:58:32,1783792712,R_75,53789.5616,1,4.769099999997707,BACKFILL_AUTO
2026-07-11 17:58:34,1783792714,R_75,53786.7373,-1,2.824300000000221,BACKFILL_AUTO
2026-07-11 17:58:36,1783792716,R_75,53785.6543,-1,1.0829999999987194,BACKFILL_AUTO
2026-07-11 17:58:38,1783792718,R_75,53782.0281,-1,3.6261999999987893,BACKFILL_AUTO
2026-07-11 17:58:40,1783792720,R_75,53782.6428,1,0.6146999999982654,BACKFILL_AUTO
2026-07-11 17:58:42,1783792722,R_75,53783.1579,1,0.5150999999968917,BACKFILL_AUTO
2026-07-11 17:58:44,1783792724,R_75,53797.3859,1,14.228000000002794,BACKFILL_AUTO
2026-07-11 17:58:46,1783792726,R_75,53795.9369,-1,1.4490000000005239,BACKFILL_AUTO
2026-07-11 17:58:48,1783792728,R_75,53794.0163,-1,1.9205999999976484,BACKFILL_AUTO
2026-07-11 17:58:50,1783792730,R_75,53793.7453,-1,0.2710000000006403,BACKFILL_AUTO
2026-07-11 17:58:52,1783792732,R_75,53784.2328,-1,9.512500000004366,BACKFILL_AUTO
2026-07-11 17:58:54,1783792734,R_75,53818.7326,1,34.49980000000505,BACKFILL_AUTO
2026-07-11 17:58:56,1783792736,R_75,53803.8458,-1,14.886800000000221,BACKFILL_AUTO
2026-07-11 17:58:58,1783792738,R_75,53790.643,-1,13.202800000006391,BACKFILL_AUTO
2026-07-11 17:59:00,1783792740,R_75,53803.1278,1,12.484800000005635,BACKFILL_AUTO
2026-07-11 17:59:02,1783792742,R_75,53806.5111,1,3.383300000001327,BACKFILL_AUTO
2026-07-11 17:59:04,1783792744,R_75,53805.1918,-1,1.3193000000028405,BACKFILL_AUTO
2026-07-11 17:59:06,1783792746,R_75,53814.9359,1,9.744099999996251,BACKFILL_AUTO
2026-07-11 17:59:08,1783792748,R_75,53827.3487,1,12.412800000005518,BACKFILL_AUTO
2026-07-11 17:59:10,1783792750,R_75,53842.1679,1,14.81919999999809,BACKFILL_AUTO
2026-07-11 17:59:12,1783792752,R_75,53852.9197,1,10.751799999998184,BACKFILL_AUTO
2026-07-11 17:59:14,1783792754,R_75,53833.1098,-1,19.809900000000198,BACKFILL_AUTO
2026-07-11 17:59:16,1783792756,R_75,53836.4668,1,3.357000000003609,BACKFILL_AUTO
2026-07-11 17:59:18,1783792758,R_75,53843.8261,1,7.359299999996438,BACKFILL_AUTO
2026-07-11 17:59:20,1783792760,R_75,53820.2426,-1,23.58350000000064,BACKFILL_AUTO
2026-07-11 17:59:22,1783792762,R_75,53827.893,1,7.650399999998626,BACKFILL_AUTO
2026-07-11 17:59:24,1783792764,R_75,53832.4089,1,4.515900000005786,BACKFILL_AUTO
2026-07-11 17:59:26,1783792766,R_75,53846.1962,1,13.787299999996321,BACKFILL_AUTO
2026-07-11 17:59:28,1783792768,R_75,53848.9171,1,2.720900000000256,BACKFILL_AUTO
2026-07-11 17:59:30,1783792770,R_75,53868.6279,1,19.710800000000745,BACKFILL_AUTO
2026-07-11 17:59:32,1783792772,R_75,53877.9592,1,9.33129999999801,BACKFILL_AUTO
2026-07-11 17:59:34,1783792774,R_75,53891.164,1,13.204799999999523,BACKFILL_AUTO
2026-07-11 17:59:36,1783792776,R_75,53901.632,1,10.468000000000757,BACKFILL_AUTO
2026-07-11 17:59:38,1783792778,R_75,53907.5358,1,5.903800000000047,BACKFILL_AUTO
2026-07-11 17:59:40,1783792780,R_75,53907.944,1,0.40820000000530854,BACKFILL_AUTO
2026-07-11 17:59:42,1783792782,R_75,53897.564,-1,10.380000000004657,BACKFILL_AUTO
2026-07-11 17:59:44,1783792784,R_75,53902.4327,1,4.86869999999908,BACKFILL_AUTO
2026-07-11 17:59:46,1783792786,R_75,53902.2212,-1,0.21149999999761349,BACKFILL_AUTO
2026-07-11 17:59:48,1783792788,R_75,53923.6167,1,21.39549999999872,BACKFILL_AUTO
2026-07-11 17:59:50,1783792790,R_75,53919.7709,-1,3.8457999999955064,BACKFILL_AUTO
2026-07-11 17:59:52,1783792792,R_75,53926.0239,1,6.252999999996973,BACKFILL_AUTO
2026-07-11 17:59:54,1783792794,R_75,53941.723,1,15.699099999997998,BACKFILL_AUTO
2026-07-11 17:59:56,1783792796,R_75,53938.2684,-1,3.454599999997299,BACKFILL_AUTO
2026-07-11 17:59:58,1783792798,R_75,53943.9886,1,5.720199999996112,BACKFILL_AUTO
2026-07-11 18:00:00,1783792800,R_75,53938.3163,-1,5.6722999999983585,BACKFILL_AUTO
2026-07-11 18:00:02,1783792802,R_75,53951.5582,1,13.241900000000896,BACKFILL_AUTO
2026-07-11 18:00:04,1783792804,R_75,53966.6194,1,15.061200000003737,BACKFILL_AUTO
2026-07-11 18:00:06,1783792806,R_75,53941.3537,-1,25.265700000003562,BACKFILL_AUTO
2026-07-11 18:00:08,1783792808,R_75,53945.3804,1,4.026700000002165,BACKFILL_AUTO
2026-07-11 18:00:10,1783792810,R_75,53950.7386,1,5.358199999995122,BACKFILL_AUTO
2026-07-11 18:00:12,1783792812,R_75,53940.2584,-1,10.480199999998149,BACKFILL_AUTO
2026-07-11 18:00:14,1783792814,R_75,53939.5955,-1,0.6628999999957159,BACKFILL_AUTO
2026-07-11 18:00:16,1783792816,R_75,53932.6402,-1,6.9553000000014435,BACKFILL_AUTO
2026-07-11 18:00:18,1783792818,R_75,53930.3503,-1,2.2899000000033993,BACKFILL_AUTO
2026-07-11 18:00:20,1783792820,R_75,53933.1342,1,2.783900000002177,BACKFILL_AUTO
2026-07-11 18:00:22,1783792822,R_75,53946.0581,1,12.923900000001595,BACKFILL_AUTO
2026-07-11 18:00:24,1783792824,R_75,53952.9637,1,6.9055999999982305,BACKFILL_AUTO
2026-07-11 18:00:26,1783792826,R_75,53969.3282,1,16.364500000003318,BACKFILL_AUTO
2026-07-11 18:00:28,1783792828,R_75,53980.3247,1,10.99649999999383,BACKFILL_AUTO
2026-07-11 18:00:30,1783792830,R_75,53988.7821,1,8.457399999999325,BACKFILL_AUTO
2026-07-11 18:00:32,1783792832,R_75,53965.1801,-1,23.601999999998952,BACKFILL_AUTO
2026-07-11 18:00:34,1783792834,R_75,53978.7971,1,13.617000000005646,BACKFILL_AUTO
2026-07-11 18:00:36,1783792836,R_75,53992.1822,1,13.385099999999511,BACKFILL_AUTO
2026-07-11 18:00:38,1783792838,R_75,54001.6408,1,9.458599999998114,BACKFILL_AUTO
2026-07-11 18:00:40,1783792840,R_75,53990.502,-1,11.138800000000629,BACKFILL_AUTO
2026-07-11 18:00:42,1783792842,R_75,54001.3087,1,10.806700000001001,BACKFILL_AUTO
2026-07-11 18:00:44,1783792844,R_75,53993.4911,-1,7.81760000000213,BACKFILL_AUTO
2026-07-11 18:00:46,1783792846,R_75,53994.9136,1,1.422500000000582,BACKFILL_AUTO
2026-07-11 18:00:48,1783792848,R_75,54000.7129,1,5.799299999998766,BACKFILL_AUTO
2026-07-11 18:00:50,1783792850,R_75,54005.7183,1,5.005400000001828,BACKFILL_AUTO
2026-07-11 18:00:52,1783792852,R_75,53997.2884,-1,8.429900000002817,BACKFILL_AUTO
2026-07-11 18:00:54,1783792854,R_75,54005.7935,1,8.50510000000213,BACKFILL_AUTO
2026-07-11 18:00:56,1783792856,R_75,54000.3588,-1,5.434699999997974,BACKFILL_AUTO
2026-07-11 18:00:58,1783792858,R_75,53983.3574,-1,17.001400000001013,BACKFILL_AUTO
2026-07-11 18:01:00,1783792860,R_75,53995.9732,1,12.615799999999581,BACKFILL_AUTO
2026-07-11 18:01:02,1783792862,R_75,53997.362,1,1.3888000000006286,BACKFILL_AUTO
2026-07-11 18:01:04,1783792864,R_75,54009.6496,1,12.287599999996019,BACKFILL_AUTO
2026-07-11 18:01:06,1783792866,R_75,54009.7429,1,0.09330000000045402,BACKFILL_AUTO
2026-07-11 18:01:08,1783792868,R_75,53994.073,-1,15.66990000000078,BACKFILL_AUTO
2026-07-11 18:01:10,1783792870,R_75,54000.2611,1,6.188100000006671,BACKFILL_AUTO
2026-07-11 18:01:12,1783792872,R_75,54005.4651,1,5.2039999999979045,BACKFILL_AUTO
2026-07-11 18:01:14,1783792874,R_75,53999.6981,-1,5.766999999999825,BACKFILL_AUTO
2026-07-11 18:01:16,1783792876,R_75,53999.7448,1,0.046699999998963904,BACKFILL_AUTO
2026-07-11 18:01:18,1783792878,R_75,53997.6431,-1,2.101699999999255,BACKFILL_AUTO
2026-07-11 18:01:20,1783792880,R_75,53995.9736,-1,1.6695000000036089,BACKFILL_AUTO
2026-07-11 18:01:22,1783792882,R_75,53997.4387,1,1.4651000000012573,BACKFILL_AUTO
2026-07-11 18:01:24,1783792884,R_75,53998.9891,1,1.5504000000000815,BACKFILL_AUTO
2026-07-11 18:01:26,1783792886,R_75,54018.381,1,19.39190000000235,BACKFILL_AUTO
2026-07-11 18:01:28,1783792888,R_75,54003.8623,-1,14.518700000000536,BACKFILL_AUTO
2026-07-11 18:01:30,1783792890,R_75,54018.1615,1,14.299200000001292,BACKFILL_AUTO
2026-07-11 18:01:32,1783792892,R_75,54022.2327,1,4.071199999998498,BACKFILL_AUTO
2026-07-11 18:01:34,1783792894,R_75,54026.0761,1,3.843399999997928,BACKFILL_AUTO
2026-07-11 18:01:36,1783792896,R_75,54034.4674,1,8.391300000002957,BACKFILL_AUTO
2026-07-11 18:01:38,1783792898,R_75,54029.1097,-1,5.357700000000477,BACKFILL_AUTO
2026-07-11 18:01:40,1783792900,R_75,54025.0229,-1,4.086799999997311,BACKFILL_AUTO
2026-07-11 18:01:42,1783792902,R_75,54024.8488,-1,0.17410000000381842,BACKFILL_AUTO
2026-07-11 18:01:44,1783792904,R_75,54027.4614,1,2.612600000000384,BACKFILL_AUTO
2026-07-11 18:01:46,1783792906,R_75,54027.7512,1,0.2897999999986496,BACKFILL_AUTO
2026-07-11 18:01:48,1783792908,R_75,54009.7879,-1,17.963299999995797,BACKFILL_AUTO
2026-07-11 18:01:50,1783792910,R_75,54014.0097,1,4.221799999999348,BACKFILL_AUTO
2026-07-11 18:01:52,1783792912,R_75,54006.8589,-1,7.150800000003073,BACKFILL_AUTO
2026-07-11 18:01:54,1783792914,R_75,53995.5124,-1,11.34649999999965,BACKFILL_AUTO
2026-07-11 18:01:56,1783792916,R_75,54002.0513,1,6.538899999999558,BACKFILL_AUTO
2026-07-11 18:01:58,1783792918,R_75,53994.1068,-1,7.944499999997788,BACKFILL_AUTO
2026-07-11 18:02:00,1783792920,R_75,53993.6917,-1,0.4150999999983469,BACKFILL_AUTO
2026-07-11 18:02:02,1783792922,R_75,53993.4835,-1,0.20820000000094296,BACKFILL_AUTO
2026-07-11 18:02:04,1783792924,R_75,53979.9908,-1,13.492700000002515,BACKFILL_AUTO
2026-07-11 18:02:06,1783792926,R_75,53985.4451,1,5.454299999997602,BACKFILL_AUTO
2026-07-11 18:02:08,1783792928,R_75,53984.5826,-1,0.8624999999956344,BACKFILL_AUTO
2026-07-11 18:02:10,1783792930,R_75,53983.5081,-1,1.0745000000024447,BACKFILL_AUTO
2026-07-11 18:02:12,1783792932,R_75,53982.2903,-1,1.2177999999985332,BACKFILL_AUTO
2026-07-11 18:02:14,1783792934,R_75,53984.4225,1,2.1322000000000116,BACKFILL_AUTO
2026-07-11 18:02:16,1783792936,R_75,53981.3918,-1,3.0307000000029802,BACKFILL_AUTO
2026-07-11 18:02:18,1783792938,R_75,53984.8017,1,3.4099000000060187,BACKFILL_AUTO
2026-07-11 18:02:20,1783792940,R_75,53982.2826,-1,2.5191000000049826,BACKFILL_AUTO
2026-07-11 18:02:22,1783792942,R_75,53984.0072,1,1.7246000000013737,BACKFILL_AUTO
2026-07-11 18:02:24,1783792944,R_75,53975.8842,-1,8.122999999999593,BACKFILL_AUTO
2026-07-11 18:02:26,1783792946,R_75,53964.9732,-1,10.911000000000058,BACKFILL_AUTO
2026-07-11 18:02:28,1783792948,R_75,53956.9607,-1,8.01249999999709,BACKFILL_AUTO
2026-07-11 18:02:30,1783792950,R_75,53956.3784,-1,0.582300000001851,BACKFILL_AUTO
2026-07-11 18:02:32,1783792952,R_75,53947.429,-1,8.949400000004971,BACKFILL_AUTO
2026-07-11 18:02:34,1783792954,R_75,53940.9303,-1,6.498699999996461,BACKFILL_AUTO
2026-07-11 18:02:36,1783792956,R_75,53934.1543,-1,6.775999999998021,BACKFILL_AUTO
2026-07-11 18:02:38,1783792958,R_75,53939.7303,1,5.576000000000931,BACKFILL_AUTO
2026-07-11 18:02:40,1783792960,R_75,53958.2358,1,18.5054999999993,BACKFILL_AUTO
2026-07-11 18:02:42,1783792962,R_75,53953.5753,-1,4.660500000005413,BACKFILL_AUTO
2026-07-11 18:02:44,1783792964,R_75,53961.9733,1,8.398000000001048,BACKFILL_AUTO
2026-07-11 18:02:46,1783792966,R_75,53962.4937,1,0.5204000000012456,BACKFILL_AUTO
2026-07-11 18:02:48,1783792968,R_75,53974.5944,1,12.10070000000269,BACKFILL_AUTO
2026-07-11 18:02:50,1783792970,R_75,53977.3017,1,2.707300000001851,BACKFILL_AUTO
2026-07-11 18:02:52,1783792972,R_75,53988.3655,1,11.063799999996263,BACKFILL_AUTO
2026-07-11 18:02:54,1783792974,R_75,54007.7005,1,19.334999999999127,BACKFILL_AUTO
2026-07-11 18:02:56,1783792976,R_75,53999.7193,-1,7.981200000001991,BACKFILL_AUTO
2026-07-11 18:02:58,1783792978,R_75,54003.4677,1,3.7484000000040396,BACKFILL_AUTO
2026-07-11 18:03:00,1783792980,R_75,54012.9159,1,9.448199999998906,BACKFILL_AUTO
2026-07-11 18:03:02,1783792982,R_75,54029.7897,1,16.87380000000121,BACKFILL_AUTO
2026-07-11 18:03:04,1783792984,R_75,54018.255,-1,11.534700000003795,BACKFILL_AUTO
2026-07-11 18:03:06,1783792986,R_75,54024.4943,1,6.239300000001094,BACKFILL_AUTO
2026-07-11 18:03:08,1783792988,R_75,54021.913,-1,2.5812999999980093,BACKFILL_AUTO
2026-07-11 18:03:10,1783792990,R_75,54012.4432,-1,9.46979999999894,BACKFILL_AUTO
2026-07-11 18:03:12,1783792992,R_75,53998.1811,-1,14.262099999999919,BACKFILL_AUTO
2026-07-11 18:03:14,1783792994,R_75,54004.8049,1,6.623800000001211,BACKFILL_AUTO
2026-07-11 18:03:16,1783792996,R_75,54007.2813,1,2.4763999999995576,BACKFILL_AUTO
2026-07-11 18:03:18,1783792998,R_75,54009.7089,1,2.4275999999954365,BACKFILL_AUTO
2026-07-11 18:03:20,1783793000,R_75,54007.8617,-1,1.8471999999965192,BACKFILL_AUTO
2026-07-11 18:03:22,1783793002,R_75,53985.3031,-1,22.558600000003935,BACKFILL_AUTO
2026-07-11 18:03:24,1783793004,R_75,53964.962,-1,20.341099999997823,BACKFILL_AUTO
2026-07-11 18:03:26,1783793006,R_75,53973.936,1,8.974000000001979,BACKFILL_AUTO
2026-07-11 18:03:28,1783793008,R_75,53970.1304,-1,3.8055999999996857,BACKFILL_AUTO
2026-07-11 18:03:30,1783793010,R_75,53949.2286,-1,20.90179999999964,BACKFILL_AUTO
2026-07-11 18:03:32,1783793012,R_75,53966.4091,1,17.180499999994936,BACKFILL_AUTO
2026-07-11 18:03:34,1783793014,R_75,53952.1428,-1,14.266299999995681,BACKFILL_AUTO
2026-07-11 18:03:36,1783793016,R_75,53938.5772,-1,13.565600000001723,BACKFILL_AUTO
2026-07-11 18:03:38,1783793018,R_75,53925.6478,-1,12.929400000000896,BACKFILL_AUTO
2026-07-11 18:03:40,1783793020,R_75,53933.943,1,8.295200000000477,BACKFILL_AUTO
2026-07-11 18:03:42,1783793022,R_75,53928.2035,-1,5.739499999996042,BACKFILL_AUTO
2026-07-11 18:03:44,1783793024,R_75,53943.0426,1,14.839099999997416,BACKFILL_AUTO
2026-07-11 18:03:46,1783793026,R_75,53954.4629,1,11.420299999997951,BACKFILL_AUTO
2026-07-11 18:03:48,1783793028,R_75,53954.4693,1,0.0063999999983934686,BACKFILL_AUTO
2026-07-11 18:03:50,1783793030,R_75,53957.0705,1,2.60120000000461,BACKFILL_AUTO
2026-07-11 18:03:52,1783793032,R_75,53968.3171,1,11.24659999999858,BACKFILL_AUTO
2026-07-11 18:03:54,1783793034,R_75,53964.8542,-1,3.4628999999986263,BACKFILL_AUTO
2026-07-11 18:03:56,1783793036,R_75,53962.7875,-1,2.0667000000030384,BACKFILL_AUTO
2026-07-11 18:03:58,1783793038,R_75,53968.7307,1,5.943200000001525,BACKFILL_AUTO
2026-07-11 18:04:00,1783793040,R_75,53972.7481,1,4.0173999999969965,BACKFILL_AUTO
2026-07-11 18:04:02,1783793042,R_75,53976.6122,1,3.8641000000061467,BACKFILL_AUTO
2026-07-11 18:04:04,1783793044,R_75,53989.364,1,12.751799999998184,BACKFILL_AUTO
2026-07-11 18:04:06,1783793046,R_75,54000.4869,1,11.122900000002119,BACKFILL_AUTO
2026-07-11 18:04:08,1783793048,R_75,54017.0218,1,16.534899999998743,BACKFILL_AUTO
2026-07-11 18:04:10,1783793050,R_75,54009.725,-1,7.296800000003714,BACKFILL_AUTO
2026-07-11 18:04:12,1783793052,R_75,54013.8221,1,4.097099999999045,BACKFILL_AUTO
2026-07-11 18:04:14,1783793054,R_75,54002.6335,-1,11.18859999999404,BACKFILL_AUTO
2026-07-11 18:04:16,1783793056,R_75,54011.3183,1,8.684799999995448,BACKFILL_AUTO
2026-07-11 18:04:18,1783793058,R_75,54010.0072,-1,1.3110999999989872,BACKFILL_AUTO
2026-07-11 18:04:20,1783793060,R_75,54032.6904,1,22.683199999999488,BACKFILL_AUTO
2026-07-11 18:04:22,1783793062,R_75,54039.5562,1,6.865799999999581,BACKFILL_AUTO
2026-07-11 18:04:24,1783793064,R_75,54054.2978,1,14.741600000001199,BACKFILL_AUTO
2026-07-11 18:04:26,1783793066,R_75,54056.3004,1,2.002599999999802,BACKFILL_AUTO
2026-07-11 18:04:28,1783793068,R_75,54078.7118,1,22.41139999999723,BACKFILL_AUTO
2026-07-11 18:04:30,1783793070,R_75,54095.0813,1,16.3695000000007,BACKFILL_AUTO
2026-07-11 18:04:32,1783793072,R_75,54101.2555,1,6.174200000001292,BACKFILL_AUTO
2026-07-11 18:04:34,1783793074,R_75,54095.1903,-1,6.065199999997276,BACKFILL_AUTO
2026-07-11 18:04:36,1783793076,R_75,54087.5337,-1,7.656600000002072,BACKFILL_AUTO
2026-07-11 18:04:38,1783793078,R_75,54093.6331,1,6.09939999999915,BACKFILL_AUTO
2026-07-11 18:04:40,1783793080,R_75,54081.7615,-1,11.87159999999858,BACKFILL_AUTO
2026-07-11 18:04:42,1783793082,R_75,54066.1055,-1,15.656000000002678,BACKFILL_AUTO
2026-07-11 18:04:44,1783793084,R_75,54073.9927,1,7.887200000004668,BACKFILL_AUTO
2026-07-11 18:04:46,1783793086,R_75,54065.5107,-1,8.482000000003609,BACKFILL_AUTO
2026-07-11 18:04:48,1783793088,R_75,54064.2941,-1,1.2165999999997439,BACKFILL_AUTO
2026-07-11 18:04:50,1783793090,R_75,54053.8635,-1,10.430599999999686,BACKFILL_AUTO
2026-07-11 18:04:52,1783793092,R_75,54067.0898,1,13.226300000002084,BACKFILL_AUTO
2026-07-11 18:04:54,1783793094,R_75,54084.2953,1,17.20549999999639,BACKFILL_AUTO
2026-07-11 18:04:56,1783793096,R_75,54092.1267,1,7.831400000002759,BACKFILL_AUTO
2026-07-11 18:04:58,1783793098,R_75,54088.2579,-1,3.86880000000383,BACKFILL_AUTO
2026-07-11 18:05:00,1783793100,R_75,54089.7099,1,1.452000000004773,BACKFILL_AUTO
2026-07-11 18:05:02,1783793102,R_75,54082.9277,-1,6.782200000001467,BACKFILL_AUTO
2026-07-11 18:05:04,1783793104,R_75,54066.8146,-1,16.113100000002305,BACKFILL_AUTO
2026-07-11 18:05:06,1783793106,R_75,54077.1631,1,10.348500000000058,BACKFILL_AUTO
2026-07-11 18:05:08,1783793108,R_75,54079.5123,1,2.3492000000042026,BACKFILL_AUTO
2026-07-11 18:05:10,1783793110,R_75,54084.3553,1,4.843000000000757,BACKFILL_AUTO
2026-07-11 18:05:12,1783793112,R_75,54092.0653,1,7.709999999999127,BACKFILL_AUTO
2026-07-11 18:05:14,1783793114,R_75,54102.9714,1,10.906100000000151,BACKFILL_AUTO
2026-07-11 18:05:16,1783793116,R_75,54102.1074,-1,0.864000000001397,BACKFILL_AUTO
2026-07-11 18:05:18,1783793118,R_75,54110.9944,1,8.887000000002445,BACKFILL_AUTO
2026-07-11 18:05:20,1783793120,R_75,54108.1664,-1,2.8280000000013388,BACKFILL_AUTO
2026-07-11 18:05:22,1783793122,R_75,54099.8107,-1,8.35570000000007,BACKFILL_AUTO
2026-07-11 18:05:24,1783793124,R_75,54099.7371,-1,0.07360000000335276,BACKFILL_AUTO
2026-07-11 18:05:26,1783793126,R_75,54098.2116,-1,1.5254999999961,BACKFILL_AUTO
2026-07-11 18:05:28,1783793128,R_75,54108.9539,1,10.742299999998068,BACKFILL_AUTO
2026-07-11 18:05:30,1783793130,R_75,54112.2743,1,3.32039999999688,BACKFILL_AUTO
2026-07-11 18:05:32,1783793132,R_75,54122.6747,1,10.400400000005902,BACKFILL_AUTO
2026-07-11 18:05:34,1783793134,R_75,54136.7645,1,14.089799999994284,BACKFILL_AUTO
2026-07-11 18:05:36,1783793136,R_75,54144.5697,1,7.805200000002515,BACKFILL_AUTO
2026-07-11 18:05:38,1783793138,R_75,54147.8884,1,3.318700000003446,BACKFILL_AUTO
2026-07-11 18:05:40,1783793140,R_75,54140.6152,-1,7.273200000003271,BACKFILL_AUTO
2026-07-11 18:05:42,1783793142,R_75,54149.6446,1,9.029399999999441,BACKFILL_AUTO
2026-07-11 18:05:44,1783793144,R_75,54153.8993,1,4.254699999997683,BACKFILL_AUTO
2026-07-11 18:05:46,1783793146,R_75,54160.2206,1,6.321300000003248,BACKFILL_AUTO
2026-07-11 18:05:48,1783793148,R_75,54159.6763,-1,0.5443000000013853,BACKFILL_AUTO
2026-07-11 18:05:50,1783793150,R_75,54156.4935,-1,3.1828000000023167,BACKFILL_AUTO
2026-07-11 18:05:52,1783793152,R_75,54156.1581,-1,0.335399999996298,BACKFILL_AUTO
2026-07-11 18:05:54,1783793154,R_75,54146.5798,-1,9.578300000001036,BACKFILL_AUTO
2026-07-11 18:05:56,1783793156,R_75,54142.1571,-1,4.422700000002806,BACKFILL_AUTO
2026-07-11 18:05:58,1783793158,R_75,54134.8748,-1,7.282299999998941,BACKFILL_AUTO
2026-07-11 18:06:00,1783793160,R_75,54127.2989,-1,7.575899999996182,BACKFILL_AUTO
2026-07-11 18:06:02,1783793162,R_75,54135.1505,1,7.851600000001781,BACKFILL_AUTO
2026-07-11 18:06:04,1783793164,R_75,54133.0634,-1,2.087100000004284,BACKFILL_AUTO
2026-07-11 18:06:06,1783793166,R_75,54144.9839,1,11.920500000000175,BACKFILL_AUTO
2026-07-11 18:06:08,1783793168,R_75,54134.9177,-1,10.066200000001118,BACKFILL_AUTO
2026-07-11 18:06:10,1783793170,R_75,54126.8872,-1,8.030500000000757,BACKFILL_AUTO
2026-07-11 18:06:12,1783793172,R_75,54119.5019,-1,7.385299999994459,BACKFILL_AUTO
2026-07-11 18:06:14,1783793174,R_75,54108.1081,-1,11.393800000005285,BACKFILL_AUTO
2026-07-11 18:06:16,1783793176,R_75,54113.6922,1,5.584100000000035,BACKFILL_AUTO
2026-07-11 18:06:18,1783793178,R_75,54099.9136,-1,13.778599999997823,BACKFILL_AUTO
2026-07-11 18:06:20,1783793180,R_75,54103.6778,1,3.7641999999977998,BACKFILL_AUTO
2026-07-11 18:06:22,1783793182,R_75,54110.5918,1,6.914000000004307,BACKFILL_AUTO
2026-07-11 18:06:24,1783793184,R_75,54103.8419,-1,6.749900000002526,BACKFILL_AUTO
2026-07-11 18:06:26,1783793186,R_75,54090.7648,-1,13.077100000002247,BACKFILL_AUTO
2026-07-11 18:06:28,1783793188,R_75,54105.4819,1,14.717100000001665,BACKFILL_AUTO
2026-07-11 18:06:30,1783793190,R_75,54089.9616,-1,15.520299999996496,BACKFILL_AUTO
2026-07-11 18:06:32,1783793192,R_75,54083.8947,-1,6.066900000005262,BACKFILL_AUTO
2026-07-11 18:06:34,1783793194,R_75,54067.1143,-1,16.780399999996007,BACKFILL_AUTO
2026-07-11 18:06:36,1783793196,R_75,54070.475,1,3.3606999999974505,BACKFILL_AUTO
2026-07-11 18:06:38,1783793198,R_75,54070.3373,-1,0.13769999999931315,BACKFILL_AUTO
2026-07-11 18:06:40,1783793200,R_75,54070.036,-1,0.30129999999917345,BACKFILL_AUTO
2026-07-11 18:06:42,1783793202,R_75,54074.8121,1,4.776100000002771,BACKFILL_AUTO
2026-07-11 18:06:44,1783793204,R_75,54060.5414,-1,14.270700000000943,BACKFILL_AUTO
2026-07-11 18:06:46,1783793206,R_75,54070.9365,1,10.395100000001548,BACKFILL_AUTO
2026-07-11 18:06:48,1783793208,R_75,54085.802,1,14.865499999999884,BACKFILL_AUTO
2026-07-11 18:06:50,1783793210,R_75,54066.4855,-1,19.316500000000815,BACKFILL_AUTO
2026-07-11 18:06:52,1783793212,R_75,54048.1092,-1,18.37630000000354,BACKFILL_AUTO
2026-07-11 18:06:54,1783793214,R_75,54030.7071,-1,17.402099999999336,BACKFILL_AUTO
2026-07-11 18:06:56,1783793216,R_75,54023.8134,-1,6.8937000000005355,BACKFILL_AUTO
2026-07-11 18:06:58,1783793218,R_75,54034.9084,1,11.095000000001164,BACKFILL_AUTO
2026-07-11 18:07:00,1783793220,R_75,54030.2033,-1,4.70509999999922,BACKFILL_AUTO
2026-07-11 18:07:02,1783793222,R_75,54025.8888,-1,4.3145000000004075,BACKFILL_AUTO
2026-07-11 18:07:04,1783793224,R_75,54028.6606,1,2.7718000000022585,BACKFILL_AUTO
2026-07-11 18:07:06,1783793226,R_75,54034.0657,1,5.40509999999631,BACKFILL_AUTO
2026-07-11 18:07:08,1783793228,R_75,54018.1916,-1,15.874100000000908,BACKFILL_AUTO
2026-07-11 18:07:10,1783793230,R_75,54022.83,1,4.6384000000034575,BACKFILL_AUTO
2026-07-11 18:07:12,1783793232,R_75,54030.0993,1,7.26929999999993,BACKFILL_AUTO
2026-07-11 18:07:14,1783793234,R_75,54048.9102,1,18.810899999996764,BACKFILL_AUTO
2026-07-11 18:07:16,1783793236,R_75,54040.4422,-1,8.468000000000757,BACKFILL_AUTO
2026-07-11 18:07:18,1783793238,R_75,54045.6224,1,5.180200000002515,BACKFILL_AUTO
2026-07-11 18:07:20,1783793240,R_75,54053.9364,1,8.313999999998487,BACKFILL_AUTO
2026-07-11 18:07:22,1783793242,R_75,54077.7634,1,23.827000000004773,BACKFILL_AUTO
2026-07-11 18:07:24,1783793244,R_75,54095.5134,1,17.75,BACKFILL_AUTO
2026-07-11 18:07:26,1783793246,R_75,54112.1944,1,16.680999999996857,BACKFILL_AUTO
2026-07-11 18:07:28,1783793248,R_75,54107.6064,-1,4.588000000003376,BACKFILL_AUTO
2026-07-11 18:07:30,1783793250,R_75,54126.4002,1,18.793799999999464,BACKFILL_AUTO
2026-07-11 18:07:32,1783793252,R_75,54125.6146,-1,0.7855999999956111,BACKFILL_AUTO
2026-07-11 18:07:34,1783793254,R_75,54121.4457,-1,4.168900000004214,BACKFILL_AUTO
2026-07-11 18:07:36,1783793256,R_75,54117.0282,-1,4.4174999999959255,BACKFILL_AUTO
2026-07-11 18:07:38,1783793258,R_75,54120.0358,1,3.0075999999971827,BACKFILL_AUTO
2026-07-11 18:07:40,1783793260,R_75,54107.231,-1,12.804799999998068,BACKFILL_AUTO
2026-07-11 18:07:42,1783793262,R_75,54109.5077,1,2.2767000000021653,BACKFILL_AUTO
2026-07-11 18:07:44,1783793264,R_75,54115.9908,1,6.483099999997648,BACKFILL_AUTO
2026-07-11 18:07:46,1783793266,R_75,54128.4463,1,12.455500000003667,BACKFILL_AUTO
2026-07-11 18:07:48,1783793268,R_75,54122.5504,-1,5.8959000000031665,BACKFILL_AUTO
2026-07-11 18:07:50,1783793270,R_75,54132.3558,1,9.805399999997462,BACKFILL_AUTO
2026-07-11 18:07:52,1783793272,R_75,54124.4716,-1,7.884200000000419,BACKFILL_AUTO
2026-07-11 18:07:54,1783793274,R_75,54144.9213,1,20.44970000000467,BACKFILL_AUTO
2026-07-11 18:07:56,1783793276,R_75,54159.4284,1,14.507099999995262,BACKFILL_AUTO
2026-07-11 18:07:58,1783793278,R_75,54159.0222,-1,0.4061999999976251,BACKFILL_AUTO
2026-07-11 18:08:00,1783793280,R_75,54154.538,-1,4.484199999998964,BACKFILL_AUTO
2026-07-11 18:08:02,1783793282,R_75,54149.6054,-1,4.932600000000093,BACKFILL_AUTO
2026-07-11 18:08:04,1783793284,R_75,54166.6902,1,17.084799999996903,BACKFILL_AUTO
2026-07-11 18:08:06,1783793286,R_75,54182.2564,1,15.566200000001118,BACKFILL_AUTO
2026-07-11 18:08:08,1783793288,R_75,54179.8949,-1,2.3614999999990687,BACKFILL_AUTO
2026-07-11 18:08:10,1783793290,R_75,54175.8867,-1,4.008199999996577,BACKFILL_AUTO
2026-07-11 18:08:12,1783793292,R_75,54175.5751,-1,0.31160000000090804,BACKFILL_AUTO
2026-07-11 18:08:14,1783793294,R_75,54170.0555,-1,5.5195999999996275,BACKFILL_AUTO
2026-07-11 18:08:16,1783793296,R_75,54197.278,1,27.222499999996217,BACKFILL_AUTO
2026-07-11 18:08:18,1783793298,R_75,54198.4342,1,1.156200000004901,BACKFILL_AUTO
2026-07-11 18:08:20,1783793300,R_75,54198.9888,1,0.554599999995844,BACKFILL_AUTO
2026-07-11 18:08:22,1783793302,R_75,54215.0152,1,16.026400000002468,BACKFILL_AUTO
2026-07-11 18:08:24,1783793304,R_75,54223.7324,1,8.717199999999139,BACKFILL_AUTO
2026-07-11 18:08:26,1783793306,R_75,54234.3575,1,10.625099999997474,BACKFILL_AUTO
2026-07-11 18:08:28,1783793308,R_75,54212.7652,-1,21.592299999996612,BACKFILL_AUTO
2026-07-11 18:08:30,1783793310,R_75,54187.3736,-1,25.391600000002654,BACKFILL_AUTO
2026-07-11 18:08:32,1783793312,R_75,54180.0352,-1,7.338400000000547,BACKFILL_AUTO
2026-07-11 18:08:34,1783793314,R_75,54176.7597,-1,3.2754999999961,BACKFILL_AUTO
2026-07-11 18:08:36,1783793316,R_75,54201.1088,1,24.349099999999453,BACKFILL_AUTO
2026-07-11 18:08:38,1783793318,R_75,54193.622,-1,7.486799999998766,BACKFILL_AUTO
2026-07-11 18:08:40,1783793320,R_75,54182.4282,-1,11.19380000000092,BACKFILL_AUTO
2026-07-11 18:08:42,1783793322,R_75,54176.4511,-1,5.977100000003702,BACKFILL_AUTO
2026-07-11 18:08:44,1783793324,R_75,54185.1526,1,8.701500000002852,BACKFILL_AUTO
2026-07-11 18:08:46,1783793326,R_75,54174.7869,-1,10.365700000002107,BACKFILL_AUTO
2026-07-11 18:08:48,1783793328,R_75,54172.2343,-1,2.5526000000027125,BACKFILL_AUTO
2026-07-11 18:08:50,1783793330,R_75,54178.0031,1,5.768800000005285,BACKFILL_AUTO
2026-07-11 18:08:52,1783793332,R_75,54168.0558,-1,9.947299999999814,BACKFILL_AUTO
2026-07-11 18:08:54,1783793334,R_75,54173.6762,1,5.6203999999997905,BACKFILL_AUTO
2026-07-11 18:08:56,1783793336,R_75,54169.9635,-1,3.7127000000036787,BACKFILL_AUTO
2026-07-11 18:08:58,1783793338,R_75,54187.7508,1,17.787300000003597,BACKFILL_AUTO
2026-07-11 18:09:00,1783793340,R_75,54184.1938,-1,3.5570000000006985,BACKFILL_AUTO
2026-07-11 18:09:02,1783793342,R_75,54181.3923,-1,2.801500000001397,BACKFILL_AUTO
2026-07-11 18:09:04,1783793344,R_75,54197.7302,1,16.337899999998626,BACKFILL_AUTO
2026-07-11 18:09:06,1783793346,R_75,54202.9351,1,5.204900000004272,BACKFILL_AUTO
2026-07-11 18:09:08,1783793348,R_75,54200.9775,-1,1.9576000000015483,BACKFILL_AUTO
2026-07-11 18:09:10,1783793350,R_75,54196.3805,-1,4.597000000001572,BACKFILL_AUTO
2026-07-11 18:09:12,1783793352,R_75,54181.6838,-1,14.696700000000419,BACKFILL_AUTO
2026-07-11 18:09:14,1783793354,R_75,54179.9503,-1,1.7335000000020955,BACKFILL_AUTO
2026-07-11 18:09:16,1783793356,R_75,54192.6944,1,12.744100000003527,BACKFILL_AUTO
2026-07-11 18:09:18,1783793358,R_75,54204.1786,1,11.484199999998964,BACKFILL_AUTO
2026-07-11 18:09:20,1783793360,R_75,54198.4701,-1,5.70850000000064,BACKFILL_AUTO
2026-07-11 18:09:22,1783793362,R_75,54196.811,-1,1.6590999999971245,BACKFILL_AUTO
2026-07-11 18:09:24,1783793364,R_75,54194.4117,-1,2.3993000000045868,BACKFILL_AUTO
2026-07-11 18:09:26,1783793366,R_75,54192.3619,-1,2.049799999993411,BACKFILL_AUTO
2026-07-11 18:09:28,1783793368,R_75,54192.0406,-1,0.321300000003248,BACKFILL_AUTO
2026-07-11 18:09:30,1783793370,R_75,54174.355,-1,17.685599999997066,BACKFILL_AUTO
2026-07-11 18:09:32,1783793372,R_75,54193.972,1,19.61699999999837,BACKFILL_AUTO
2026-07-11 18:09:34,1783793374,R_75,54191.0562,-1,2.9158000000024913,BACKFILL_AUTO
2026-07-11 18:09:36,1783793376,R_75,54195.2607,1,4.204499999999825,BACKFILL_AUTO
2026-07-11 18:09:38,1783793378,R_75,54189.4053,-1,5.8554000000003725,BACKFILL_AUTO
2026-07-11 18:09:40,1783793380,R_75,54196.9943,1,7.588999999999942,BACKFILL_AUTO
2026-07-11 18:09:42,1783793382,R_75,54188.2467,-1,8.747599999995145,BACKFILL_AUTO
2026-07-11 18:09:44,1783793384,R_75,54177.2005,-1,11.046200000004319,BACKFILL_AUTO
2026-07-11 18:09:46,1783793386,R_75,54172.5829,-1,4.617599999997765,BACKFILL_AUTO
2026-07-11 18:09:48,1783793388,R_75,54169.7871,-1,2.795799999999872,BACKFILL_AUTO
2026-07-11 18:09:50,1783793390,R_75,54178.2957,1,8.508600000001024,BACKFILL_AUTO
2026-07-11 18:09:52,1783793392,R_75,54173.6215,-1,4.674200000001292,BACKFILL_AUTO
2026-07-11 18:09:54,1783793394,R_75,54172.7758,-1,0.8456999999980326,BACKFILL_AUTO
2026-07-11 18:09:56,1783793396,R_75,54193.1856,1,20.409799999993993,BACKFILL_AUTO
2026-07-11 18:09:58,1783793398,R_75,54189.4834,-1,3.7021999999997206,BACKFILL_AUTO
2026-07-11 18:10:00,1783793400,R_75,54177.6235,-1,11.859899999995832,BACKFILL_AUTO
2026-07-11 18:10:02,1783793402,R_75,54197.4218,1,19.798299999994924,BACKFILL_AUTO
2026-07-11 18:10:04,1783793404,R_75,54209.7846,1,12.362800000002608,BACKFILL_AUTO
2026-07-11 18:10:06,1783793406,R_75,54208.2842,-1,1.500399999997171,BACKFILL_AUTO
2026-07-11 18:10:08,1783793408,R_75,54216.8525,1,8.568299999998999,BACKFILL_AUTO
2026-07-11 18:10:10,1783793410,R_75,54225.9032,1,9.050699999999779,BACKFILL_AUTO
2026-07-11 18:10:12,1783793412,R_75,54219.8949,-1,6.008300000001327,BACKFILL_AUTO
2026-07-11 18:10:14,1783793414,R_75,54199.9613,-1,19.93359999999666,BACKFILL_AUTO
2026-07-11 18:10:16,1783793416,R_75,54200.1397,1,0.1783999999970547,BACKFILL_AUTO
2026-07-11 18:10:18,1783793418,R_75,54198.2058,-1,1.9338999999963562,BACKFILL_AUTO
2026-07-11 18:10:20,1783793420,R_75,54201.2591,1,3.053299999999581,BACKFILL_AUTO
2026-07-11 18:10:22,1783793422,R_75,54188.2697,-1,12.989400000005844,BACKFILL_AUTO
2026-07-11 18:10:24,1783793424,R_75,54204.4278,1,16.15810000000056,BACKFILL_AUTO
2026-07-11 18:10:26,1783793426,R_75,54207.4431,1,3.0152999999991152,BACKFILL_AUTO
2026-07-11 18:10:28,1783793428,R_75,54219.6666,1,12.223500000000058,BACKFILL_AUTO
2026-07-11 18:10:30,1783793430,R_75,54230.4496,1,10.783000000003085,BACKFILL_AUTO
2026-07-11 18:10:32,1783793432,R_75,54242.7619,1,12.312299999997776,BACKFILL_AUTO
2026-07-11 18:10:34,1783793434,R_75,54247.675,1,4.913100000005215,BACKFILL_AUTO
2026-07-11 18:10:36,1783793436,R_75,54231.2011,-1,16.473900000004505,BACKFILL_AUTO
2026-07-11 18:10:38,1783793438,R_75,54232.8358,1,1.63470000000234,BACKFILL_AUTO
2026-07-11 18:10:40,1783793440,R_75,54239.0575,1,6.221700000001874,BACKFILL_AUTO
2026-07-11 18:10:42,1783793442,R_75,54239.532,1,0.47449999999662396,BACKFILL_AUTO
2026-07-11 18:10:44,1783793444,R_75,54257.9401,1,18.40810000000056,BACKFILL_AUTO
2026-07-11 18:10:46,1783793446,R_75,54275.1015,1,17.16139999999723,BACKFILL_AUTO
2026-07-11 18:10:48,1783793448,R_75,54255.2112,-1,19.890299999999115,BACKFILL_AUTO
2026-07-11 18:10:50,1783793450,R_75,54270.3106,1,15.09939999999915,BACKFILL_AUTO
2026-07-11 18:10:52,1783793452,R_75,54262.443,-1,7.867599999997765,BACKFILL_AUTO
2026-07-11 18:10:54,1783793454,R_75,54259.4501,-1,2.992899999997462,BACKFILL_AUTO
2026-07-11 18:10:56,1783793456,R_75,54250.1164,-1,9.333700000002864,BACKFILL_AUTO
2026-07-11 18:10:58,1783793458,R_75,54245.7635,-1,4.352899999998044,BACKFILL_AUTO
2026-07-11 18:11:00,1783793460,R_75,54241.2604,-1,4.503100000001723,BACKFILL_AUTO
2026-07-11 18:11:02,1783793462,R_75,54229.6293,-1,11.631099999998696,BACKFILL_AUTO
2026-07-11 18:11:04,1783793464,R_75,54204.0498,-1,25.579499999999825,BACKFILL_AUTO
2026-07-11 18:11:06,1783793466,R_75,54198.3308,-1,5.7189999999973224,BACKFILL_AUTO
2026-07-11 18:11:08,1783793468,R_75,54210.4843,1,12.153499999993073,BACKFILL_AUTO
2026-07-11 18:11:10,1783793470,R_75,54229.7173,1,19.233000000000175,BACKFILL_AUTO
2026-07-11 18:11:12,1783793472,R_75,54234.5928,1,4.875500000001921,BACKFILL_AUTO
2026-07-11 18:11:14,1783793474,R_75,54240.43,1,5.837200000001758,BACKFILL_AUTO
2026-07-11 18:11:16,1783793476,R_75,54230.0045,-1,10.425499999997555,BACKFILL_AUTO
2026-07-11 18:11:18,1783793478,R_75,54237.1832,1,7.178699999996752,BACKFILL_AUTO
2026-07-11 18:11:20,1783793480,R_75,54236.5223,-1,0.6609000000025844,BACKFILL_AUTO
2026-07-11 18:11:22,1783793482,R_75,54246.8337,1,10.31140000000596,BACKFILL_AUTO
2026-07-11 18:11:24,1783793484,R_75,54244.6857,-1,2.1480000000010477,BACKFILL_AUTO
2026-07-11 18:11:26,1783793486,R_75,54237.7142,-1,6.971499999999651,BACKFILL_AUTO
2026-07-11 18:11:28,1783793488,R_75,54244.3411,1,6.626899999995658,BACKFILL_AUTO
2026-07-11 18:11:30,1783793490,R_75,54233.548,-1,10.79309999999532,BACKFILL_AUTO
2026-07-11 18:11:32,1783793492,R_75,54245.2914,1,11.743399999999383,BACKFILL_AUTO
2026-07-11 18:11:34,1783793494,R_75,54243.4281,-1,1.8633000000045286,BACKFILL_AUTO
2026-07-11 18:11:36,1783793496,R_75,54227.7674,-1,15.66070000000036,BACKFILL_AUTO
2026-07-11 18:11:38,1783793498,R_75,54227.0554,-1,0.7119999999995343,BACKFILL_AUTO
2026-07-11 18:11:40,1783793500,R_75,54224.3622,-1,2.693199999994249,BACKFILL_AUTO
2026-07-11 18:11:42,1783793502,R_75,54211.0102,-1,13.352000000006228,BACKFILL_AUTO
2026-07-11 18:11:44,1783793504,R_75,54214.8456,1,3.835400000003574,BACKFILL_AUTO
2026-07-11 18:11:46,1783793506,R_75,54221.1533,1,6.307699999997567,BACKFILL_AUTO
2026-07-11 18:11:48,1783793508,R_75,54218.1583,-1,2.9949999999953434,BACKFILL_AUTO
2026-07-11 18:11:50,1783793510,R_75,54213.7878,-1,4.37050000000454,BACKFILL_AUTO
2026-07-11 18:11:52,1783793512,R_75,54214.7571,1,0.9693000000042957,BACKFILL_AUTO
2026-07-11 18:11:54,1783793514,R_75,54214.1019,-1,0.6552000000010594,BACKFILL_AUTO
2026-07-11 18:11:56,1783793516,R_75,54177.866,-1,36.235899999999674,BACKFILL_AUTO
2026-07-11 18:11:58,1783793518,R_75,54169.661,-1,8.205000000001746,BACKFILL_AUTO
2026-07-11 18:12:00,1783793520,R_75,54183.0789,1,13.417900000000373,BACKFILL_AUTO
2026-07-11 18:12:02,1783793522,R_75,54194.9806,1,11.901700000002165,BACKFILL_AUTO
2026-07-11 18:12:04,1783793524,R_75,54191.9514,-1,3.0292000000044936,BACKFILL_AUTO
2026-07-11 18:12:06,1783793526,R_75,54196.427,1,4.475600000005215,BACKFILL_AUTO
2026-07-11 18:12:08,1783793528,R_75,54203.6745,1,7.247499999997672,BACKFILL_AUTO
2026-07-11 18:12:10,1783793530,R_75,54199.8034,-1,3.871100000003935,BACKFILL_AUTO
2026-07-11 18:12:12,1783793532,R_75,54201.6255,1,1.8221000000048662,BACKFILL_AUTO
2026-07-11 18:12:14,1783793534,R_75,54173.3965,-1,28.22899999999936,BACKFILL_AUTO
2026-07-11 18:12:16,1783793536,R_75,54174.3157,1,0.9191999999966356,BACKFILL_AUTO
2026-07-11 18:12:18,1783793538,R_75,54177.6724,1,3.3567000000039116,BACKFILL_AUTO
2026-07-11 18:12:20,1783793540,R_75,54174.3314,-1,3.3410000000003492,BACKFILL_AUTO
2026-07-11 18:12:22,1783793542,R_75,54163.1333,-1,11.198100000001432,BACKFILL_AUTO
2026-07-11 18:12:24,1783793544,R_75,54134.7616,-1,28.37170000000333,BACKFILL_AUTO
2026-07-11 18:12:26,1783793546,R_75,54135.0752,1,0.3136000000013155,BACKFILL_AUTO
2026-07-11 18:12:28,1783793548,R_75,54134.7533,-1,0.32190000000264263,BACKFILL_AUTO
2026-07-11 18:12:30,1783793550,R_75,54141.3759,1,6.622600000002421,BACKFILL_AUTO
2026-07-11 18:12:32,1783793552,R_75,54141.0718,-1,0.3041000000011991,BACKFILL_AUTO
2026-07-11 18:12:34,1783793554,R_75,54129.757,-1,11.314800000000105,BACKFILL_AUTO
2026-07-11 18:12:36,1783793556,R_75,54124.2737,-1,5.483299999999872,BACKFILL_AUTO
2026-07-11 18:12:38,1783793558,R_75,54114.0361,-1,10.237600000000384,BACKFILL_AUTO
2026-07-11 18:12:40,1783793560,R_75,54127.5663,1,13.53020000000106,BACKFILL_AUTO
2026-07-11 18:12:42,1783793562,R_75,54121.1627,-1,6.403599999997823,BACKFILL_AUTO
2026-07-11 18:12:44,1783793564,R_75,54118.8174,-1,2.3453000000008615,BACKFILL_AUTO
2026-07-11 18:12:46,1783793566,R_75,54129.9414,1,11.124000000003434,BACKFILL_AUTO
2026-07-11 18:12:48,1783793568,R_75,54117.023,-1,12.918400000002293,BACKFILL_AUTO
2026-07-11 18:12:50,1783793570,R_75,54120.8932,1,3.870199999997567,BACKFILL_AUTO
2026-07-11 18:12:52,1783793572,R_75,54110.4585,-1,10.434699999997974,BACKFILL_AUTO
2026-07-11 18:12:54,1783793574,R_75,54102.4874,-1,7.97110000000248,BACKFILL_AUTO
2026-07-11 18:12:56,1783793576,R_75,54116.6587,1,14.171300000001793,BACKFILL_AUTO
2026-07-11 18:12:58,1783793578,R_75,54123.1022,1,6.443500000001222,BACKFILL_AUTO
2026-07-11 18:13:00,1783793580,R_75,54122.1155,-1,0.9867000000012922,BACKFILL_AUTO
2026-07-11 18:13:02,1783793582,R_75,54137.6143,1,15.49880000000121,BACKFILL_AUTO
2026-07-11 18:13:04,1783793584,R_75,54143.5917,1,5.977399999996123,BACKFILL_AUTO
2026-07-11 18:13:06,1783793586,R_75,54136.3665,-1,7.225200000000768,BACKFILL_AUTO
2026-07-11 18:13:08,1783793588,R_75,54127.8945,-1,8.471999999994296,BACKFILL_AUTO
2026-07-11 18:13:10,1783793590,R_75,54114.3923,-1,13.502200000002631,BACKFILL_AUTO
2026-07-11 18:13:12,1783793592,R_75,54126.9963,1,12.60399999999936,BACKFILL_AUTO
2026-07-11 18:13:14,1783793594,R_75,54118.8485,-1,8.147799999998824,BACKFILL_AUTO
2026-07-11 18:13:16,1783793596,R_75,54116.7557,-1,2.092799999998533,BACKFILL_AUTO
2026-07-11 18:13:18,1783793598,R_75,54114.0167,-1,2.739000000001397,BACKFILL_AUTO
2026-07-11 18:13:20,1783793600,R_75,54123.5933,1,9.576600000000326,BACKFILL_AUTO
2026-07-11 18:13:22,1783793602,R_75,54143.6866,1,20.093300000000454,BACKFILL_AUTO
2026-07-11 18:13:24,1783793604,R_75,54134.729,-1,8.957600000001548,BACKFILL_AUTO
2026-07-11 18:13:26,1783793606,R_75,54145.0011,1,10.272100000001956,BACKFILL_AUTO
2026-07-11 18:13:28,1783793608,R_75,54132.5006,-1,12.50050000000192,BACKFILL_AUTO
2026-07-11 18:13:30,1783793610,R_75,54141.3886,1,8.88799999999901,BACKFILL_AUTO
2026-07-11 18:13:32,1783793612,R_75,54146.623,1,5.234400000001187,BACKFILL_AUTO
2026-07-11 18:13:34,1783793614,R_75,54127.0731,-1,19.54989999999816,BACKFILL_AUTO
2026-07-11 18:13:36,1783793616,R_75,54112.2295,-1,14.843600000000151,BACKFILL_AUTO
2026-07-11 18:13:38,1783793618,R_75,54105.586,-1,6.643499999998312,BACKFILL_AUTO
2026-07-11 18:13:40,1783793620,R_75,54095.5837,-1,10.002300000000105,BACKFILL_AUTO
2026-07-11 18:13:42,1783793622,R_75,54118.0205,1,22.436799999995856,BACKFILL_AUTO
2026-07-11 18:13:44,1783793624,R_75,54102.0771,-1,15.943399999996473,BACKFILL_AUTO
2026-07-11 18:13:46,1783793626,R_75,54107.1527,1,5.075599999996484,BACKFILL_AUTO
2026-07-11 18:13:48,1783793628,R_75,54106.4887,-1,0.6639999999970314,BACKFILL_AUTO
2026-07-11 18:13:50,1783793630,R_75,54108.9934,1,2.5046999999976833,BACKFILL_AUTO
2026-07-11 18:13:52,1783793632,R_75,54115.3321,1,6.3387000000002445,BACKFILL_AUTO
2026-07-11 18:13:54,1783793634,R_75,54113.6282,-1,1.7039000000004307,BACKFILL_AUTO
2026-07-11 18:13:56,1783793636,R_75,54127.5813,1,13.953099999998813,BACKFILL_AUTO
2026-07-11 18:13:58,1783793638,R_75,54119.6645,-1,7.916799999999057,BACKFILL_AUTO
2026-07-11 18:14:00,1783793640,R_75,54119.6191,-1,0.04539999999542488,BACKFILL_AUTO
2026-07-11 18:14:02,1783793642,R_75,54116.0766,-1,3.5425000000032014,BACKFILL_AUTO
2026-07-11 18:14:04,1783793644,R_75,54106.3087,-1,9.767899999998917,BACKFILL_AUTO
2026-07-11 18:14:06,1783793646,R_75,54105.7538,-1,0.5549000000028173,BACKFILL_AUTO
2026-07-11 18:14:08,1783793648,R_75,54119.862,1,14.108200000002398,BACKFILL_AUTO
2026-07-11 18:14:10,1783793650,R_75,54119.0938,-1,0.7681999999986147,BACKFILL_AUTO
2026-07-11 18:14:12,1783793652,R_75,54103.6899,-1,15.403900000004796,BACKFILL_AUTO
2026-07-11 18:14:14,1783793654,R_75,54100.7912,-1,2.898699999997916,BACKFILL_AUTO
2026-07-11 18:14:16,1783793656,R_75,54104.5359,1,3.744700000002922,BACKFILL_AUTO
2026-07-11 18:14:18,1783793658,R_75,54097.3857,-1,7.150200000003679,BACKFILL_AUTO
2026-07-11 18:14:20,1783793660,R_75,54095.5657,-1,1.819999999999709,BACKFILL_AUTO
2026-07-11 18:14:22,1783793662,R_75,54090.5594,-1,5.00630000000092,BACKFILL_AUTO
2026-07-11 18:14:24,1783793664,R_75,54091.5097,1,0.9503000000040629,BACKFILL_AUTO
2026-07-11 18:14:26,1783793666,R_75,54091.0148,-1,0.49490000000514556,BACKFILL_AUTO
2026-07-11 18:14:28,1783793668,R_75,54095.0556,1,4.040800000002491,BACKFILL_AUTO
2026-07-11 18:14:30,1783793670,R_75,54123.6272,1,28.571600000002945,BACKFILL_AUTO
2026-07-11 18:14:32,1783793672,R_75,54125.7354,1,2.108199999995122,BACKFILL_AUTO
2026-07-11 18:14:34,1783793674,R_75,54135.5667,1,9.831300000005285,BACKFILL_AUTO
2026-07-11 18:14:36,1783793676,R_75,54157.3284,1,21.76169999999547,BACKFILL_AUTO
2026-07-11 18:14:38,1783793678,R_75,54157.4364,1,0.10800000000017462,BACKFILL_AUTO
2026-07-11 18:14:40,1783793680,R_75,54145.6507,-1,11.78570000000036,BACKFILL_AUTO
2026-07-11 18:14:42,1783793682,R_75,54167.1308,1,21.480100000000675,BACKFILL_AUTO
2026-07-11 18:14:44,1783793684,R_75,54168.0699,1,0.9391000000032363,BACKFILL_AUTO
2026-07-11 18:14:46,1783793686,R_75,54177.9788,1,9.908899999994901,BACKFILL_AUTO
2026-07-11 18:14:48,1783793688,R_75,54179.3103,1,1.3315000000002328,BACKFILL_AUTO
2026-07-11 18:14:50,1783793690,R_75,54170.8366,-1,8.473699999995006,BACKFILL_AUTO
2026-07-11 18:14:52,1783793692,R_75,54164.1618,-1,6.674800000000687,BACKFILL_AUTO
2026-07-11 18:14:54,1783793694,R_75,54167.5347,1,3.372899999994843,BACKFILL_AUTO
2026-07-11 18:14:56,1783793696,R_75,54162.806,-1,4.728699999999662,BACKFILL_AUTO
2026-07-11 18:14:58,1783793698,R_75,54147.7934,-1,15.012599999994563,BACKFILL_AUTO
2026-07-11 18:15:00,1783793700,R_75,54148.5908,1,0.7973999999958323,BACKFILL_AUTO
2026-07-11 18:15:02,1783793702,R_75,54155.823,1,7.2321999999985565,BACKFILL_AUTO
2026-07-11 18:15:04,1783793704,R_75,54160.0595,1,4.236500000006345,BACKFILL_AUTO
2026-07-11 18:15:06,1783793706,R_75,54147.664,-1,12.395500000005995,BACKFILL_AUTO
2026-07-11 18:15:08,1783793708,R_75,54142.4669,-1,5.19709999999759,BACKFILL_AUTO
2026-07-11 18:15:10,1783793710,R_75,54140.7458,-1,1.7211000000024796,BACKFILL_AUTO
2026-07-11 18:15:12,1783793712,R_75,54139.6478,-1,1.0979999999981374,BACKFILL_AUTO
2026-07-11 18:15:14,1783793714,R_75,54132.5928,-1,7.055000000000291,BACKFILL_AUTO
2026-07-11 18:15:16,1783793716,R_75,54137.0457,1,4.452900000003865,BACKFILL_AUTO
2026-07-11 18:15:18,1783793718,R_75,54129.5343,-1,7.51140000000305,BACKFILL_AUTO
2026-07-11 18:15:20,1783793720,R_75,54113.4106,-1,16.12369999999646,BACKFILL_AUTO
2026-07-11 18:15:22,1783793722,R_75,54101.3889,-1,12.021700000004785,BACKFILL_AUTO
2026-07-11 18:15:24,1783793724,R_75,54102.4811,1,1.0921999999991385,BACKFILL_AUTO
2026-07-11 18:15:26,1783793726,R_75,54122.8779,1,20.39680000000226,BACKFILL_AUTO
2026-07-11 18:15:28,1783793728,R_75,54119.3762,-1,3.50170000000071,BACKFILL_AUTO
2026-07-11 18:15:30,1783793730,R_75,54132.6752,1,13.298999999999069,BACKFILL_AUTO
2026-07-11 18:15:32,1783793732,R_75,54138.2133,1,5.538100000005215,BACKFILL_AUTO
2026-07-11 18:15:34,1783793734,R_75,54124.6483,-1,13.565000000002328,BACKFILL_AUTO
2026-07-11 18:15:36,1783793736,R_75,54110.6547,-1,13.993600000001607,BACKFILL_AUTO
2026-07-11 18:15:38,1783793738,R_75,54102.0173,-1,8.637399999999616,BACKFILL_AUTO
2026-07-11 18:15:40,1783793740,R_75,54085.4521,-1,16.565199999997276,BACKFILL_AUTO
2026-07-11 18:15:42,1783793742,R_75,54080.9488,-1,4.5033000000039465,BACKFILL_AUTO
2026-07-11 18:15:44,1783793744,R_75,54078.0754,-1,2.8733999999967637,BACKFILL_AUTO
2026-07-11 18:15:46,1783793746,R_75,54094.4827,1,16.40729999999894,BACKFILL_AUTO
2026-07-11 18:15:48,1783793748,R_75,54101.9063,1,7.423600000001898,BACKFILL_AUTO
2026-07-11 18:15:50,1783793750,R_75,54111.7721,1,9.865799999999581,BACKFILL_AUTO
2026-07-11 18:15:52,1783793752,R_75,54100.1232,-1,11.64890000000014,BACKFILL_AUTO
2026-07-11 18:15:54,1783793754,R_75,54108.3343,1,8.211100000000442,BACKFILL_AUTO
2026-07-11 18:15:56,1783793756,R_75,54098.9693,-1,9.365000000005239,BACKFILL_AUTO
2026-07-11 18:15:58,1783793758,R_75,54103.452,1,4.482700000000477,BACKFILL_AUTO
2026-07-11 18:16:00,1783793760,R_75,54095.1647,-1,8.287299999996321,BACKFILL_AUTO
2026-07-11 18:16:02,1783793762,R_75,54108.0347,1,12.869999999995343,BACKFILL_AUTO
2026-07-11 18:16:04,1783793764,R_75,54120.295,1,12.260300000001735,BACKFILL_AUTO
2026-07-11 18:16:06,1783793766,R_75,54102.0993,-1,18.195699999996577,BACKFILL_AUTO
2026-07-11 18:16:08,1783793768,R_75,54095.5095,-1,6.58980000000156,BACKFILL_AUTO
2026-07-11 18:16:10,1783793770,R_75,54095.3605,-1,0.14899999999761349,BACKFILL_AUTO
2026-07-11 18:16:12,1783793772,R_75,54100.6159,1,5.255399999994552,BACKFILL_AUTO
2026-07-11 18:16:14,1783793774,R_75,54094.2411,-1,6.3747999999977765,BACKFILL_AUTO
2026-07-11 18:16:16,1783793776,R_75,54095.4984,1,1.2572999999974854,BACKFILL_AUTO
2026-07-11 18:16:18,1783793778,R_75,54098.5475,1,3.0491000000038184,BACKFILL_AUTO
2026-07-11 18:16:20,1783793780,R_75,54099.1805,1,0.6330000000016298,BACKFILL_AUTO
2026-07-11 18:16:22,1783793782,R_75,54088.318,-1,10.86250000000291,BACKFILL_AUTO
2026-07-11 18:16:24,1783793784,R_75,54106.1708,1,17.85280000000057,BACKFILL_AUTO
2026-07-11 18:16:26,1783793786,R_75,54096.8361,-1,9.33469999999943,BACKFILL_AUTO
2026-07-11 18:16:28,1783793788,R_75,54089.6944,-1,7.141700000000128,BACKFILL_AUTO
2026-07-11 18:16:30,1783793790,R_75,54066.498,-1,23.19640000000072,BACKFILL_AUTO
2026-07-11 18:16:32,1783793792,R_75,54056.4537,-1,10.044300000001385,BACKFILL_AUTO
2026-07-11 18:16:34,1783793794,R_75,54059.6952,1,3.2415000000037253,BACKFILL_AUTO
2026-07-11 18:16:36,1783793796,R_75,54078.8503,1,19.15509999999631,BACKFILL_AUTO
2026-07-11 18:16:38,1783793798,R_75,54092.1573,1,13.307000000000698,BACKFILL_AUTO
2026-07-11 18:16:40,1783793800,R_75,54096.985,1,4.8277000000016415,BACKFILL_AUTO
2026-07-11 18:16:42,1783793802,R_75,54115.7455,1,18.760499999996682,BACKFILL_AUTO
2026-07-11 18:16:44,1783793804,R_75,54105.1661,-1,10.579399999995076,BACKFILL_AUTO
2026-07-11 18:16:46,1783793806,R_75,54107.0097,1,1.8436000000001513,BACKFILL_AUTO
2026-07-11 18:16:48,1783793808,R_75,54106.4466,-1,0.5630999999993946,BACKFILL_AUTO
2026-07-11 18:16:50,1783793810,R_75,54092.059,-1,14.38760000000184,BACKFILL_AUTO
2026-07-11 18:16:52,1783793812,R_75,54091.2647,-1,0.7943000000013853,BACKFILL_AUTO
2026-07-11 18:16:54,1783793814,R_75,54092.7565,1,1.4918000000034226,BACKFILL_AUTO
2026-07-11 18:16:56,1783793816,R_75,54082.2556,-1,10.500900000006368,BACKFILL_AUTO
2026-07-11 18:16:58,1783793818,R_75,54080.4929,-1,1.7626999999993131,BACKFILL_AUTO
2026-07-11 18:17:00,1783793820,R_75,54090.2515,1,9.758600000001024,BACKFILL_AUTO
2026-07-11 18:17:02,1783793822,R_75,54110.3419,1,20.090400000000955,BACKFILL_AUTO
2026-07-11 18:17:04,1783793824,R_75,54103.4043,-1,6.937599999997474,BACKFILL_AUTO
2026-07-11 18:17:06,1783793826,R_75,54112.1325,1,8.728199999997742,BACKFILL_AUTO
2026-07-11 18:17:08,1783793828,R_75,54120.7315,1,8.599000000001979,BACKFILL_AUTO
2026-07-11 18:17:10,1783793830,R_75,54115.8946,-1,4.8369000000020606,BACKFILL_AUTO
2026-07-11 18:17:12,1783793832,R_75,54130.4277,1,14.533100000000559,BACKFILL_AUTO
2026-07-11 18:17:14,1783793834,R_75,54129.6807,-1,0.7470000000030268,BACKFILL_AUTO
2026-07-11 18:17:16,1783793836,R_75,54131.9366,1,2.2559000000037486,BACKFILL_AUTO
2026-07-11 18:17:18,1783793838,R_75,54152.0592,1,20.12260000000242,BACKFILL_AUTO
2026-07-11 18:17:20,1783793840,R_75,54142.3881,-1,9.671100000006845,BACKFILL_AUTO
2026-07-11 18:17:22,1783793842,R_75,54159.5022,1,17.114100000006147,BACKFILL_AUTO
2026-07-11 18:17:24,1783793844,R_75,54166.8176,1,7.315399999999499,BACKFILL_AUTO
2026-07-11 18:17:26,1783793846,R_75,54168.5892,1,1.771600000000035,BACKFILL_AUTO
2026-07-11 18:17:28,1783793848,R_75,54177.3588,1,8.769599999999627,BACKFILL_AUTO
2026-07-11 18:17:30,1783793850,R_75,54190.5194,1,13.160599999995611,BACKFILL_AUTO
2026-07-11 18:17:32,1783793852,R_75,54178.6575,-1,11.86189999999624,BACKFILL_AUTO
2026-07-11 18:17:34,1783793854,R_75,54163.7642,-1,14.893300000003364,BACKFILL_AUTO
2026-07-11 18:17:36,1783793856,R_75,54154.0544,-1,9.709799999996903,BACKFILL_AUTO
2026-07-11 18:17:38,1783793858,R_75,54154.4977,1,0.44329999999899883,BACKFILL_AUTO
2026-07-11 18:17:40,1783793860,R_75,54144.734,-1,9.763700000003155,BACKFILL_AUTO
2026-07-11 18:17:42,1783793862,R_75,54157.215,1,12.480999999999767,BACKFILL_AUTO
2026-07-11 18:17:44,1783793864,R_75,54163.2901,1,6.075100000001839,BACKFILL_AUTO
2026-07-11 18:17:46,1783793866,R_75,54158.8553,-1,4.434799999995448,BACKFILL_AUTO
2026-07-11 18:17:48,1783793868,R_75,54154.4719,-1,4.383400000006077,BACKFILL_AUTO
2026-07-11 18:17:50,1783793870,R_75,54161.9172,1,7.445300000006682,BACKFILL_AUTO
2026-07-11 18:17:52,1783793872,R_75,54157.487,-1,4.430200000002515,BACKFILL_AUTO
2026-07-11 18:17:54,1783793874,R_75,54148.2228,-1,9.2641999999978,BACKFILL_AUTO
2026-07-11 18:17:56,1783793876,R_75,54144.0479,-1,4.174900000005437,BACKFILL_AUTO
2026-07-11 18:17:58,1783793878,R_75,54150.4527,1,6.404800000003888,BACKFILL_AUTO
2026-07-11 18:18:00,1783793880,R_75,54147.8802,-1,2.5725000000020373,BACKFILL_AUTO
2026-07-11 18:18:02,1783793882,R_75,54143.1816,-1,4.698599999996077,BACKFILL_AUTO
2026-07-11 18:18:04,1783793884,R_75,54139.6855,-1,3.496100000003935,BACKFILL_AUTO
2026-07-11 18:18:06,1783793886,R_75,54145.7745,1,6.088999999999942,BACKFILL_AUTO
2026-07-11 18:18:08,1783793888,R_75,54144.518,-1,1.2565000000031432,BACKFILL_AUTO
2026-07-11 18:18:10,1783793890,R_75,54130.5397,-1,13.978299999995215,BACKFILL_AUTO
2026-07-11 18:18:12,1783793892,R_75,54133.5997,1,3.0599999999976717,BACKFILL_AUTO
2026-07-11 18:18:14,1783793894,R_75,54125.9215,-1,7.678200000002107,BACKFILL_AUTO
2026-07-11 18:18:16,1783793896,R_75,54126.7991,1,0.8775999999998021,BACKFILL_AUTO
2026-07-11 18:18:18,1783793898,R_75,54110.9113,-1,15.887799999996787,BACKFILL_AUTO
2026-07-11 18:18:20,1783793900,R_75,54122.2819,1,11.370600000002014,BACKFILL_AUTO
2026-07-11 18:18:22,1783793902,R_75,54125.6338,1,3.3519000000014785,BACKFILL_AUTO
2026-07-11 18:18:24,1783793904,R_75,54113.9101,-1,11.723700000002282,BACKFILL_AUTO
2026-07-11 18:18:26,1783793906,R_75,54127.8426,1,13.93250000000262,BACKFILL_AUTO
2026-07-11 18:18:28,1783793908,R_75,54137.0621,1,9.219499999999243,BACKFILL_AUTO
2026-07-11 18:18:30,1783793910,R_75,54151.111,1,14.048899999994319,BACKFILL_AUTO
2026-07-11 18:18:32,1783793912,R_75,54156.9312,1,5.8202000000019325,BACKFILL_AUTO
2026-07-11 18:18:34,1783793914,R_75,54136.4419,-1,20.489300000001094,BACKFILL_AUTO
2026-07-11 18:18:36,1783793916,R_75,54142.3087,1,5.866800000003423,BACKFILL_AUTO
2026-07-11 18:18:38,1783793918,R_75,54144.3372,1,2.0285000000003492,BACKFILL_AUTO
2026-07-11 18:18:40,1783793920,R_75,54128.5423,-1,15.79490000000078,BACKFILL_AUTO
2026-07-11 18:18:42,1783793922,R_75,54139.0093,1,10.466999999996915,BACKFILL_AUTO
2026-07-11 18:18:44,1783793924,R_75,54145.6656,1,6.656300000002375,BACKFILL_AUTO
2026-07-11 18:18:46,1783793926,R_75,54141.107,-1,4.558599999996659,BACKFILL_AUTO
2026-07-11 18:18:48,1783793928,R_75,54124.0849,-1,17.022100000001956,BACKFILL_AUTO
2026-07-11 18:18:50,1783793930,R_75,54132.9052,1,8.820299999999406,BACKFILL_AUTO
2026-07-11 18:18:52,1783793932,R_75,54123.9701,-1,8.935100000002421,BACKFILL_AUTO
2026-07-11 18:18:54,1783793934,R_75,54128.8373,1,4.867200000000594,BACKFILL_AUTO
2026-07-11 18:18:56,1783793936,R_75,54130.9041,1,2.0668000000005122,BACKFILL_AUTO
2026-07-11 18:18:58,1783793938,R_75,54109.3387,-1,21.5653999999995,BACKFILL_AUTO
2026-07-11 18:19:00,1783793940,R_75,54108.6419,-1,0.6967999999978929,BACKFILL_AUTO
2026-07-11 18:19:02,1783793942,R_75,54111.4114,1,2.7694999999948777,BACKFILL_AUTO
2026-07-11 18:19:04,1783793944,R_75,54128.2276,1,16.816200000001118,BACKFILL_AUTO
2026-07-11 18:19:06,1783793946,R_75,54133.5669,1,5.339299999999639,BACKFILL_AUTO
2026-07-11 18:19:08,1783793948,R_75,54120.9725,-1,12.594399999994494,BACKFILL_AUTO
2026-07-11 18:19:10,1783793950,R_75,54127.1224,1,6.1498999999967054,BACKFILL_AUTO
2026-07-11 18:19:12,1783793952,R_75,54130.9185,1,3.7960999999995693,BACKFILL_AUTO
2026-07-11 18:19:14,1783793954,R_75,54147.0221,1,16.10360000000219,BACKFILL_AUTO
2026-07-11 18:19:16,1783793956,R_75,54156.4105,1,9.388399999996182,BACKFILL_AUTO
2026-07-11 18:19:18,1783793958,R_75,54176.8377,1,20.427199999998265,BACKFILL_AUTO
2026-07-11 18:19:20,1783793960,R_75,54169.6046,-1,7.233099999997648,BACKFILL_AUTO
2026-07-11 18:19:22,1783793962,R_75,54151.2268,-1,18.377800000002026,BACKFILL_AUTO
2026-07-11 18:19:24,1783793964,R_75,54143.1726,-1,8.054199999998673,BACKFILL_AUTO
2026-07-11 18:19:26,1783793966,R_75,54157.7504,1,14.577799999999115,BACKFILL_AUTO
2026-07-11 18:19:28,1783793968,R_75,54180.5174,1,22.766999999999825,BACKFILL_AUTO
2026-07-11 18:19:30,1783793970,R_75,54170.0282,-1,10.489199999996345,BACKFILL_AUTO
2026-07-11 18:19:32,1783793972,R_75,54173.9535,1,3.9253000000026077,BACKFILL_AUTO
2026-07-11 18:19:34,1783793974,R_75,54181.5108,1,7.55729999999312,BACKFILL_AUTO
2026-07-11 18:19:36,1783793976,R_75,54189.9848,1,8.474000000001979,BACKFILL_AUTO
2026-07-11 18:19:38,1783793978,R_75,54193.6042,1,3.6194000000032247,BACKFILL_AUTO
2026-07-11 18:19:40,1783793980,R_75,54203.9171,1,10.312899999997171,BACKFILL_AUTO
2026-07-11 18:19:42,1783793982,R_75,54206.4421,1,2.525000000001455,BACKFILL_AUTO
2026-07-11 18:19:44,1783793984,R_75,54186.9,-1,19.542099999998754,BACKFILL_AUTO
2026-07-11 18:19:46,1783793986,R_75,54187.6255,1,0.7255000000004657,BACKFILL_AUTO
2026-07-11 18:19:48,1783793988,R_75,54200.9503,1,13.324799999994866,BACKFILL_AUTO
2026-07-11 18:19:50,1783793990,R_75,54213.7297,1,12.779400000006717,BACKFILL_AUTO
2026-07-11 18:19:52,1783793992,R_75,54222.3479,1,8.61819999999716,BACKFILL_AUTO
2026-07-11 18:19:54,1783793994,R_75,54212.9736,-1,9.374300000003132,BACKFILL_AUTO
2026-07-11 18:19:56,1783793996,R_75,54221.7841,1,8.810499999999593,BACKFILL_AUTO
2026-07-11 18:19:58,1783793998,R_75,54214.9472,-1,6.836899999994785,BACKFILL_AUTO
2026-07-11 18:20:00,1783794000,R_75,54206.7945,-1,8.152699999998731,BACKFILL_AUTO
2026-07-11 18:20:02,1783794002,R_75,54213.7304,1,6.935899999996764,BACKFILL_AUTO
2026-07-11 18:20:04,1783794004,R_75,54205.9987,-1,7.7317000000039116,BACKFILL_AUTO
2026-07-11 18:20:06,1783794006,R_75,54193.8177,-1,12.180999999996857,BACKFILL_AUTO
2026-07-11 18:20:08,1783794008,R_75,54202.8867,1,9.069000000003143,BACKFILL_AUTO
2026-07-11 18:20:10,1783794010,R_75,54204.633,1,1.7462999999988824,BACKFILL_AUTO
2026-07-11 18:20:12,1783794012,R_75,54193.0765,-1,11.556499999998778,BACKFILL_AUTO
2026-07-11 18:20:14,1783794014,R_75,54173.7575,-1,19.319000000003143,BACKFILL_AUTO
2026-07-11 18:20:16,1783794016,R_75,54185.9824,1,12.224900000001071,BACKFILL_AUTO
2026-07-11 18:20:18,1783794018,R_75,54190.3491,1,4.366699999998673,BACKFILL_AUTO
2026-07-11 18:20:20,1783794020,R_75,54175.0342,-1,15.314899999997579,BACKFILL_AUTO
2026-07-11 18:20:22,1783794022,R_75,54175.5583,1,0.5240999999950873,BACKFILL_AUTO
2026-07-11 18:20:24,1783794024,R_75,54175.5438,-1,0.01449999999749707,BACKFILL_AUTO
2026-07-11 18:20:26,1783794026,R_75,54173.3798,-1,2.1639999999970314,BACKFILL_AUTO
2026-07-11 18:20:28,1783794028,R_75,54163.2721,-1,10.107700000000477,BACKFILL_AUTO
2026-07-11 18:20:30,1783794030,R_75,54150.0647,-1,13.207399999999325,BACKFILL_AUTO
2026-07-11 18:20:32,1783794032,R_75,54154.4963,1,4.431599999996251,BACKFILL_AUTO
2026-07-11 18:20:34,1783794034,R_75,54165.9776,1,11.481299999999464,BACKFILL_AUTO
2026-07-11 18:20:36,1783794036,R_75,54170.4324,1,4.454799999999523,BACKFILL_AUTO
2026-07-11 18:20:38,1783794038,R_75,54181.4454,1,11.01299999999901,BACKFILL_AUTO
2026-07-11 18:20:40,1783794040,R_75,54183.0752,1,1.629800000002433,BACKFILL_AUTO
2026-07-11 18:20:42,1783794042,R_75,54180.2736,-1,2.8015999999988708,BACKFILL_AUTO
2026-07-11 18:20:44,1783794044,R_75,54193.174,1,12.900399999998626,BACKFILL_AUTO
2026-07-11 18:20:46,1783794046,R_75,54199.8013,1,6.627300000000105,BACKFILL_AUTO
2026-07-11 18:20:48,1783794048,R_75,54196.8037,-1,2.9976000000024214,BACKFILL_AUTO
2026-07-11 18:20:50,1783794050,R_75,54206.4563,1,9.652600000001257,BACKFILL_AUTO
2026-07-11 18:20:52,1783794052,R_75,54211.8461,1,5.38980000000447,BACKFILL_AUTO
2026-07-11 18:20:54,1783794054,R_75,54213.1967,1,1.3505999999979394,BACKFILL_AUTO
2026-07-11 18:20:56,1783794056,R_75,54199.3679,-1,13.828800000002957,BACKFILL_AUTO
2026-07-11 18:20:58,1783794058,R_75,54193.4932,-1,5.874700000000303,BACKFILL_AUTO
2026-07-11 18:21:00,1783794060,R_75,54178.3693,-1,15.123899999998685,BACKFILL_AUTO
2026-07-11 18:21:02,1783794062,R_75,54192.604,1,14.234700000000885,BACKFILL_AUTO
2026-07-11 18:21:04,1783794064,R_75,54186.7551,-1,5.848899999997229,BACKFILL_AUTO
2026-07-11 18:21:06,1783794066,R_75,54185.668,-1,1.087100000004284,BACKFILL_AUTO
2026-07-11 18:21:08,1783794068,R_75,54183.8278,-1,1.840199999998731,BACKFILL_AUTO
2026-07-11 18:21:10,1783794070,R_75,54199.4734,1,15.64560000000347,BACKFILL_AUTO
2026-07-11 18:21:12,1783794072,R_75,54185.4228,-1,14.050600000002305,BACKFILL_AUTO
2026-07-11 18:21:14,1783794074,R_75,54187.0374,1,1.6146000000007916,BACKFILL_AUTO
2026-07-11 18:21:16,1783794076,R_75,54198.7487,1,11.71129999999539,BACKFILL_AUTO
2026-07-11 18:21:18,1783794078,R_75,54196.2131,-1,2.535599999995611,BACKFILL_AUTO
2026-07-11 18:21:20,1783794080,R_75,54199.1127,1,2.899599999997008,BACKFILL_AUTO
2026-07-11 18:21:22,1783794082,R_75,54187.9955,-1,11.117200000000594,BACKFILL_AUTO
2026-07-11 18:21:24,1783794084,R_75,54190.1343,1,2.1388000000006286,BACKFILL_AUTO
2026-07-11 18:21:26,1783794086,R_75,54197.4056,1,7.271300000000338,BACKFILL_AUTO
2026-07-11 18:21:28,1783794088,R_75,54192.2234,-1,5.182199999995646,BACKFILL_AUTO
2026-07-11 18:21:30,1783794090,R_75,54177.3686,-1,14.854800000000978,BACKFILL_AUTO
2026-07-11 18:21:32,1783794092,R_75,54178.7603,1,1.391700000000128,BACKFILL_AUTO
2026-07-11 18:21:34,1783794094,R_75,54177.9677,-1,0.7926000000006752,BACKFILL_AUTO
2026-07-11 18:21:36,1783794096,R_75,54174.8716,-1,3.0961000000024796,BACKFILL_AUTO
2026-07-11 18:21:38,1783794098,R_75,54182.1439,1,7.272300000004179,BACKFILL_AUTO
2026-07-11 18:21:40,1783794100,R_75,54175.6228,-1,6.52110000000539,BACKFILL_AUTO
2026-07-11 18:21:42,1783794102,R_75,54156.0793,-1,19.543499999999767,BACKFILL_AUTO
2026-07-11 18:21:44,1783794104,R_75,54143.6823,-1,12.396999999997206,BACKFILL_AUTO
2026-07-11 18:21:46,1783794106,R_75,54138.7724,-1,4.909899999998743,BACKFILL_AUTO
2026-07-11 18:21:48,1783794108,R_75,54127.529,-1,11.243399999999383,BACKFILL_AUTO
2026-07-11 18:21:50,1783794110,R_75,54141.6334,1,14.10439999999653,BACKFILL_AUTO
2026-07-11 18:21:52,1783794112,R_75,54167.1737,1,25.54030000000057,BACKFILL_AUTO
2026-07-11 18:21:54,1783794114,R_75,54163.1692,-1,4.004500000002736,BACKFILL_AUTO
2026-07-11 18:21:56,1783794116,R_75,54176.1042,1,12.935000000004948,BACKFILL_AUTO
2026-07-11 18:21:58,1783794118,R_75,54176.3459,1,0.24169999999867287,BACKFILL_AUTO
2026-07-11 18:22:00,1783794120,R_75,54163.4869,-1,12.85899999999674,BACKFILL_AUTO
2026-07-11 18:22:02,1783794122,R_75,54179.268,1,15.781099999992875,BACKFILL_AUTO
2026-07-11 18:22:04,1783794124,R_75,54180.5426,1,1.274600000004284,BACKFILL_AUTO
2026-07-11 18:22:06,1783794126,R_75,54190.157,1,9.614399999998568,BACKFILL_AUTO
2026-07-11 18:22:08,1783794128,R_75,54215.8901,1,25.73309999999765,BACKFILL_AUTO
2026-07-11 18:22:10,1783794130,R_75,54200.3549,-1,15.53519999999844,BACKFILL_AUTO
2026-07-11 18:22:12,1783794132,R_75,54199.8866,-1,0.468300000000454,BACKFILL_AUTO
2026-07-11 18:22:14,1783794134,R_75,54195.0702,-1,4.816399999996065,BACKFILL_AUTO
2026-07-11 18:22:16,1783794136,R_75,54183.9859,-1,11.084300000002258,BACKFILL_AUTO
2026-07-11 18:22:18,1783794138,R_75,54186.6076,1,2.6217000000033295,BACKFILL_AUTO
2026-07-11 18:22:20,1783794140,R_75,54188.7546,1,2.146999999997206,BACKFILL_AUTO
2026-07-11 18:22:22,1783794142,R_75,54188.6698,-1,0.08479999999690335,BACKFILL_AUTO
2026-07-11 18:22:24,1783794144,R_75,54173.062,-1,15.607800000005227,BACKFILL_AUTO
2026-07-11 18:22:26,1783794146,R_75,54170.1063,-1,2.9556999999986147,BACKFILL_AUTO
2026-07-11 18:22:28,1783794148,R_75,54161.029,-1,9.077299999997194,BACKFILL_AUTO
2026-07-11 18:22:30,1783794150,R_75,54160.1813,-1,0.847700000005716,BACKFILL_AUTO
2026-07-11 18:22:32,1783794152,R_75,54166.6044,1,6.423099999999977,BACKFILL_AUTO
2026-07-11 18:22:34,1783794154,R_75,54159.7909,-1,6.813499999996566,BACKFILL_AUTO
2026-07-11 18:22:36,1783794156,R_75,54142.2407,-1,17.550199999997858,BACKFILL_AUTO
2026-07-11 18:22:38,1783794158,R_75,54158.3446,1,16.10389999999461,BACKFILL_AUTO
2026-07-11 18:22:40,1783794160,R_75,54170.5335,1,12.188900000001013,BACKFILL_AUTO
2026-07-11 18:22:42,1783794162,R_75,54151.2223,-1,19.31119999999646,BACKFILL_AUTO
2026-07-11 18:22:44,1783794164,R_75,54132.8244,-1,18.397900000003574,BACKFILL_AUTO
2026-07-11 18:22:46,1783794166,R_75,54126.0711,-1,6.7532999999966705,BACKFILL_AUTO
2026-07-11 18:22:48,1783794168,R_75,54150.6738,1,24.60269999999582,BACKFILL_AUTO
2026-07-11 18:22:50,1783794170,R_75,54152.7711,1,2.097300000001269,BACKFILL_AUTO
2026-07-11 18:22:52,1783794172,R_75,54153.8748,1,1.1036999999996624,BACKFILL_AUTO
2026-07-11 18:22:54,1783794174,R_75,54148.252,-1,5.622799999997369,BACKFILL_AUTO
2026-07-11 18:22:56,1783794176,R_75,54148.8656,1,0.6135999999969499,BACKFILL_AUTO
2026-07-11 18:22:58,1783794178,R_75,54140.9283,-1,7.9372999999977765,BACKFILL_AUTO
2026-07-11 18:23:00,1783794180,R_75,54138.1922,-1,2.7361000000018976,BACKFILL_AUTO
2026-07-11 18:23:02,1783794182,R_75,54141.7233,1,3.5311000000001513,BACKFILL_AUTO
2026-07-11 18:23:04,1783794184,R_75,54147.8865,1,6.163200000002689,BACKFILL_AUTO
2026-07-11 18:23:06,1783794186,R_75,54137.9783,-1,9.908199999998033,BACKFILL_AUTO
2026-07-11 18:23:08,1783794188,R_75,54129.6159,-1,8.362400000005437,BACKFILL_AUTO
2026-07-11 18:23:10,1783794190,R_75,54115.9647,-1,13.651200000000244,BACKFILL_AUTO
2026-07-11 18:23:12,1783794192,R_75,54110.4891,-1,5.4755999999979394,BACKFILL_AUTO
2026-07-11 18:23:14,1783794194,R_75,54107.7016,-1,2.787499999998545,BACKFILL_AUTO
2026-07-11 18:23:16,1783794196,R_75,54090.3517,-1,17.34990000000107,BACKFILL_AUTO
2026-07-11 18:23:18,1783794198,R_75,54101.5055,1,11.153800000000047,BACKFILL_AUTO
2026-07-11 18:23:20,1783794200,R_75,54093.5669,-1,7.9386000000013155,BACKFILL_AUTO
2026-07-11 18:23:22,1783794202,R_75,54096.6072,1,3.0403000000005704,BACKFILL_AUTO
2026-07-11 18:23:24,1783794204,R_75,54095.4676,-1,1.1395999999949709,BACKFILL_AUTO
2026-07-11 18:23:26,1783794206,R_75,54104.4313,1,8.963699999992969,BACKFILL_AUTO
2026-07-11 18:23:28,1783794208,R_75,54089.7844,-1,14.646899999999732,BACKFILL_AUTO
2026-07-11 18:23:30,1783794210,R_75,54091.4095,1,1.6251000000047497,BACKFILL_AUTO
2026-07-11 18:23:32,1783794212,R_75,54096.3939,1,4.984400000001187,BACKFILL_AUTO
2026-07-11 18:23:34,1783794214,R_75,54085.7582,-1,10.635700000006182,BACKFILL_AUTO
2026-07-11 18:23:36,1783794216,R_75,54067.4523,-1,18.305899999999383,BACKFILL_AUTO
2026-07-11 18:23:38,1783794218,R_75,54059.9851,-1,7.4671999999991385,BACKFILL_AUTO
2026-07-11 18:23:40,1783794220,R_75,54049.6321,-1,10.352999999995518,BACKFILL_AUTO
2026-07-11 18:23:42,1783794222,R_75,54041.4999,-1,8.132200000000012,BACKFILL_AUTO
2026-07-11 18:23:44,1783794224,R_75,54045.4181,1,3.91820000000007,BACKFILL_AUTO
2026-07-11 18:23:46,1783794226,R_75,54062.3915,1,16.97339999999531,BACKFILL_AUTO
2026-07-11 18:23:48,1783794228,R_75,54067.19,1,4.798500000004424,BACKFILL_AUTO
2026-07-11 18:23:50,1783794230,R_75,54057.909,-1,9.281000000002678,BACKFILL_AUTO
2026-07-11 18:23:52,1783794232,R_75,54075.8241,1,17.915099999998347,BACKFILL_AUTO
2026-07-11 18:23:54,1783794234,R_75,54073.4933,-1,2.3307999999960884,BACKFILL_AUTO
2026-07-11 18:23:56,1783794236,R_75,54053.9491,-1,19.54420000000391,BACKFILL_AUTO
2026-07-11 18:23:58,1783794238,R_75,54056.5298,1,2.5806999999986147,BACKFILL_AUTO
2026-07-11 18:24:00,1783794240,R_75,54056.7791,1,0.24930000000313157,BACKFILL_AUTO
2026-07-11 18:24:02,1783794242,R_75,54055.4695,-1,1.3096000000005006,BACKFILL_AUTO
2026-07-11 18:24:04,1783794244,R_75,54049.679,-1,5.790500000002794,BACKFILL_AUTO
2026-07-11 18:24:06,1783794246,R_75,54036.4032,-1,13.275799999995797,BACKFILL_AUTO
2026-07-11 18:24:08,1783794248,R_75,54048.1729,1,11.769699999997101,BACKFILL_AUTO
2026-07-11 18:24:10,1783794250,R_75,54056.4234,1,8.25050000000192,BACKFILL_AUTO
2026-07-11 18:24:12,1783794252,R_75,54070.3066,1,13.883200000003853,BACKFILL_AUTO
2026-07-11 18:24:14,1783794254,R_75,54064.9398,-1,5.366800000003423,BACKFILL_AUTO
2026-07-11 18:24:16,1783794256,R_75,54063.7914,-1,1.1483999999982188,BACKFILL_AUTO
2026-07-11 18:24:18,1783794258,R_75,54065.1665,1,1.3750999999974738,BACKFILL_AUTO
2026-07-11 18:24:20,1783794260,R_75,54075.1556,1,9.98909999999887,BACKFILL_AUTO
2026-07-11 18:24:22,1783794262,R_75,54075.5037,1,0.3481000000028871,BACKFILL_AUTO
2026-07-11 18:24:24,1783794264,R_75,54070.1633,-1,5.340400000000955,BACKFILL_AUTO
2026-07-11 18:24:26,1783794266,R_75,54069.3999,-1,0.7634000000034575,BACKFILL_AUTO
2026-07-11 18:24:28,1783794268,R_75,54064.8798,-1,4.520099999994272,BACKFILL_AUTO
2026-07-11 18:24:30,1783794270,R_75,54080.1432,1,15.263399999996182,BACKFILL_AUTO
2026-07-11 18:24:32,1783794272,R_75,54092.4851,1,12.341899999999441,BACKFILL_AUTO
2026-07-11 18:24:34,1783794274,R_75,54088.1054,-1,4.379699999997683,BACKFILL_AUTO
2026-07-11 18:24:36,1783794276,R_75,54067.3724,-1,20.733000000000175,BACKFILL_AUTO
2026-07-11 18:24:38,1783794278,R_75,54054.3236,-1,13.048799999996845,BACKFILL_AUTO
2026-07-11 18:24:40,1783794280,R_75,54063.2137,1,8.890099999996892,BACKFILL_AUTO
2026-07-11 18:24:42,1783794282,R_75,54059.6507,-1,3.563000000001921,BACKFILL_AUTO
2026-07-11 18:24:44,1783794284,R_75,54048.3112,-1,11.339500000001863,BACKFILL_AUTO
2026-07-11 18:24:46,1783794286,R_75,54035.2299,-1,13.08129999999801,BACKFILL_AUTO
2026-07-11 18:24:48,1783794288,R_75,54033.5629,-1,1.6670000000012806,BACKFILL_AUTO
2026-07-11 18:24:50,1783794290,R_75,54028.926,-1,4.636899999997695,BACKFILL_AUTO
2026-07-11 18:24:52,1783794292,R_75,54029.8079,1,0.8819000000003143,BACKFILL_AUTO
2026-07-11 18:24:54,1783794294,R_75,54042.6249,1,12.817000000002736,BACKFILL_AUTO
2026-07-11 18:24:56,1783794296,R_75,54065.4414,1,22.816500000000815,BACKFILL_AUTO
2026-07-11 18:24:58,1783794298,R_75,54066.8677,1,1.4262999999991735,BACKFILL_AUTO
2026-07-11 18:25:00,1783794300,R_75,54059.6567,-1,7.211000000002969,BACKFILL_AUTO
2026-07-11 18:25:02,1783794302,R_75,54066.2369,1,6.58020000000397,BACKFILL_AUTO
2026-07-11 18:25:04,1783794304,R_75,54067.5355,1,1.2985999999946216,BACKFILL_AUTO
2026-07-11 18:25:06,1783794306,R_75,54068.2617,1,0.72620000000461,BACKFILL_AUTO
2026-07-11 18:25:08,1783794308,R_75,54064.7111,-1,3.550600000002305,BACKFILL_AUTO
2026-07-11 18:25:10,1783794310,R_75,54062.7243,-1,1.986799999998766,BACKFILL_AUTO
2026-07-11 18:25:12,1783794312,R_75,54076.8252,1,14.100899999997637,BACKFILL_AUTO
2026-07-11 18:25:14,1783794314,R_75,54082.8204,1,5.995199999997567,BACKFILL_AUTO
2026-07-11 18:25:16,1783794316,R_75,54087.1617,1,4.341300000000047,BACKFILL_AUTO
2026-07-11 18:25:18,1783794318,R_75,54067.9112,-1,19.250499999994645,BACKFILL_AUTO
2026-07-11 18:25:20,1783794320,R_75,54083.3895,1,15.478299999995215,BACKFILL_AUTO
2026-07-11 18:25:22,1783794322,R_75,54083.3168,-1,0.07269999999698484,BACKFILL_AUTO
2026-07-11 18:25:24,1783794324,R_75,54101.169,1,17.852200000001176,BACKFILL_AUTO
2026-07-11 18:25:26,1783794326,R_75,54090.3676,-1,10.801400000003923,BACKFILL_AUTO
2026-07-11 18:25:28,1783794328,R_75,54087.393,-1,2.9746000000013737,BACKFILL_AUTO
2026-07-11 18:25:30,1783794330,R_75,54072.5873,-1,14.80569999999716,BACKFILL_AUTO
2026-07-11 18:25:32,1783794332,R_75,54087.6068,1,15.019500000002154,BACKFILL_AUTO
2026-07-11 18:25:34,1783794334,R_75,54105.1647,1,17.55789999999979,BACKFILL_AUTO
2026-07-11 18:25:36,1783794336,R_75,54116.5212,1,11.356500000001688,BACKFILL_AUTO
2026-07-11 18:25:38,1783794338,R_75,54113.8793,-1,2.6419000000023516,BACKFILL_AUTO
2026-07-11 18:25:40,1783794340,R_75,54102.0723,-1,11.807000000000698,BACKFILL_AUTO
2026-07-11 18:25:42,1783794342,R_75,54090.4865,-1,11.585800000000745,BACKFILL_AUTO
2026-07-11 18:25:44,1783794344,R_75,54076.6002,-1,13.8862999999983,BACKFILL_AUTO
2026-07-11 18:25:46,1783794346,R_75,54066.6549,-1,9.945299999999406,BACKFILL_AUTO
2026-07-11 18:25:48,1783794348,R_75,54067.9633,1,1.3084000000017113,BACKFILL_AUTO
2026-07-11 18:25:50,1783794350,R_75,54071.874,1,3.910700000000361,BACKFILL_AUTO
2026-07-11 18:25:52,1783794352,R_75,54068.7814,-1,3.0926000000035856,BACKFILL_AUTO
2026-07-11 18:25:54,1783794354,R_75,54081.2692,1,12.487800000002608,BACKFILL_AUTO
2026-07-11 18:25:56,1783794356,R_75,54075.622,-1,5.64719999999943,BACKFILL_AUTO
2026-07-11 18:25:58,1783794358,R_75,54068.4518,-1,7.170200000000477,BACKFILL_AUTO
2026-07-11 18:26:00,1783794360,R_75,54044.0176,-1,24.43420000000333,BACKFILL_AUTO
2026-07-11 18:26:02,1783794362,R_75,54036.8316,-1,7.186000000001513,BACKFILL_AUTO
2026-07-11 18:26:04,1783794364,R_75,54046.1056,1,9.27400000000489,BACKFILL_AUTO
2026-07-11 18:26:06,1783794366,R_75,54040.2638,-1,5.841800000001967,BACKFILL_AUTO
2026-07-11 18:26:08,1783794368,R_75,54038.7203,-1,1.5434999999997672,BACKFILL_AUTO
2026-07-11 18:26:10,1783794370,R_75,54045.7862,1,7.06590000000142,BACKFILL_AUTO
2026-07-11 18:26:12,1783794372,R_75,54045.3191,-1,0.46710000000166474,BACKFILL_AUTO
2026-07-11 18:26:14,1783794374,R_75,54047.3344,1,2.0152999999991152,BACKFILL_AUTO
2026-07-11 18:26:16,1783794376,R_75,54052.4053,1,5.070899999998801,BACKFILL_AUTO
2026-07-11 18:26:18,1783794378,R_75,54049.7061,-1,2.6991999999954714,BACKFILL_AUTO
2026-07-11 18:26:20,1783794380,R_75,54036.8355,-1,12.870600000002014,BACKFILL_AUTO
2026-07-11 18:26:22,1783794382,R_75,54016.0789,-1,20.756600000000617,BACKFILL_AUTO
2026-07-11 18:26:24,1783794384,R_75,54018.0908,1,2.011899999997695,BACKFILL_AUTO
2026-07-11 18:26:26,1783794386,R_75,54013.3665,-1,4.724300000001676,BACKFILL_AUTO
2026-07-11 18:26:28,1783794388,R_75,53998.2503,-1,15.116199999996752,BACKFILL_AUTO
2026-07-11 18:26:30,1783794390,R_75,53988.4362,-1,9.814100000003236,BACKFILL_AUTO
2026-07-11 18:26:32,1783794392,R_75,53989.3213,1,0.885100000006787,BACKFILL_AUTO
2026-07-11 18:26:34,1783794394,R_75,53999.5595,1,10.238199999999779,BACKFILL_AUTO
2026-07-11 18:26:36,1783794396,R_75,54001.7315,1,2.1719999999986612,BACKFILL_AUTO
2026-07-11 18:26:38,1783794398,R_75,53995.6768,-1,6.054700000000594,BACKFILL_AUTO
2026-07-11 18:26:40,1783794400,R_75,54004.7996,1,9.122799999997369,BACKFILL_AUTO
2026-07-11 18:26:42,1783794402,R_75,54002.6439,-1,2.1556999999957043,BACKFILL_AUTO
2026-07-11 18:26:44,1783794404,R_75,54011.7684,1,9.12449999999808,BACKFILL_AUTO
2026-07-11 18:26:46,1783794406,R_75,54005.3205,-1,6.447899999999208,BACKFILL_AUTO
2026-07-11 18:26:48,1783794408,R_75,53991.46,-1,13.860500000002503,BACKFILL_AUTO
2026-07-11 18:26:50,1783794410,R_75,53983.2346,-1,8.225399999995716,BACKFILL_AUTO
2026-07-11 18:26:52,1783794412,R_75,53993.5037,1,10.269099999997707,BACKFILL_AUTO
2026-07-11 18:26:54,1783794414,R_75,53996.6796,1,3.1759000000020023,BACKFILL_AUTO
2026-07-11 18:26:56,1783794416,R_75,53991.6222,-1,5.057400000005146,BACKFILL_AUTO
2026-07-11 18:26:58,1783794418,R_75,53979.2233,-1,12.39890000000014,BACKFILL_AUTO
2026-07-11 18:27:00,1783794420,R_75,53969.3551,-1,9.86819999999716,BACKFILL_AUTO
2026-07-11 18:27:02,1783794422,R_75,53973.2009,1,3.8458000000027823,BACKFILL_AUTO
2026-07-11 18:27:04,1783794424,R_75,53965.3931,-1,7.807800000002317,BACKFILL_AUTO
2026-07-11 18:27:06,1783794426,R_75,53977.846,1,12.452899999996589,BACKFILL_AUTO
2026-07-11 18:27:08,1783794428,R_75,53978.1966,1,0.3506000000052154,BACKFILL_AUTO
2026-07-11 18:27:10,1783794430,R_75,53979.7446,1,1.547999999995227,BACKFILL_AUTO
2026-07-11 18:27:12,1783794432,R_75,53972.8602,-1,6.884399999995367,BACKFILL_AUTO
2026-07-11 18:27:14,1783794434,R_75,53970.3472,-1,2.5130000000062864,BACKFILL_AUTO
2026-07-11 18:27:16,1783794436,R_75,53990.3982,1,20.051000000006752,BACKFILL_AUTO
2026-07-11 18:27:18,1783794438,R_75,53990.1353,-1,0.2629000000015367,BACKFILL_AUTO
2026-07-11 18:27:20,1783794440,R_75,53985.7672,-1,4.368099999999686,BACKFILL_AUTO
2026-07-11 18:27:22,1783794442,R_75,53997.4138,1,11.646600000000035,BACKFILL_AUTO
2026-07-11 18:27:24,1783794444,R_75,53998.882,1,1.4681999999957043,BACKFILL_AUTO
2026-07-11 18:27:26,1783794446,R_75,54000.3357,1,1.4537000000054832,BACKFILL_AUTO
2026-07-11 18:27:28,1783794448,R_75,54005.3883,1,5.0525999999954365,BACKFILL_AUTO
2026-07-11 18:27:30,1783794450,R_75,54011.2755,1,5.887200000004668,BACKFILL_AUTO
2026-07-11 18:27:32,1783794452,R_75,54015.1435,1,3.867999999994936,BACKFILL_AUTO
2026-07-11 18:27:34,1783794454,R_75,53994.5169,-1,20.62659999999596,BACKFILL_AUTO
2026-07-11 18:27:36,1783794456,R_75,53995.6839,1,1.1670000000012806,BACKFILL_AUTO
2026-07-11 18:27:38,1783794458,R_75,53996.0491,1,0.3651999999929103,BACKFILL_AUTO
2026-07-11 18:27:40,1783794460,R_75,53965.6808,-1,30.368299999994633,BACKFILL_AUTO
2026-07-11 18:27:42,1783794462,R_75,53976.0786,1,10.397799999998824,BACKFILL_AUTO
2026-07-11 18:27:44,1783794464,R_75,53971.6006,-1,4.478000000002794,BACKFILL_AUTO
2026-07-11 18:27:46,1783794466,R_75,53957.6837,-1,13.91689999999653,BACKFILL_AUTO
2026-07-11 18:27:48,1783794468,R_75,53950.927,-1,6.756699999998091,BACKFILL_AUTO
2026-07-11 18:27:50,1783794470,R_75,53948.218,-1,2.709000000002561,BACKFILL_AUTO
2026-07-11 18:27:52,1783794472,R_75,53951.068,1,2.849999999998545,BACKFILL_AUTO
2026-07-11 18:27:54,1783794474,R_75,53956.6838,1,5.615799999999581,BACKFILL_AUTO
2026-07-11 18:27:56,1783794476,R_75,53940.9161,-1,15.767699999996694,BACKFILL_AUTO
2026-07-11 18:27:58,1783794478,R_75,53930.002,-1,10.914100000001781,BACKFILL_AUTO
2026-07-11 18:28:00,1783794480,R_75,53939.4496,1,9.447599999999511,BACKFILL_AUTO
2026-07-11 18:28:02,1783794482,R_75,53936.4803,-1,2.9692999999970198,BACKFILL_AUTO
2026-07-11 18:28:04,1783794484,R_75,53927.6972,-1,8.783100000000559,BACKFILL_AUTO
2026-07-11 18:28:06,1783794486,R_75,53939.3457,1,11.648499999995693,BACKFILL_AUTO
2026-07-11 18:28:08,1783794488,R_75,53940.8268,1,1.481100000004517,BACKFILL_AUTO
2026-07-11 18:28:10,1783794490,R_75,53934.484,-1,6.342800000005809,BACKFILL_AUTO
2026-07-11 18:28:12,1783794492,R_75,53935.894,1,1.4100000000034925,BACKFILL_AUTO
2026-07-11 18:28:14,1783794494,R_75,53941.8563,1,5.962299999999232,BACKFILL_AUTO
2026-07-11 18:28:16,1783794496,R_75,53951.5232,1,9.666900000003807,BACKFILL_AUTO
2026-07-11 18:28:18,1783794498,R_75,53957.9706,1,6.4473999999972875,BACKFILL_AUTO
2026-07-11 18:28:20,1783794500,R_75,53962.0319,1,4.061300000001211,BACKFILL_AUTO
2026-07-11 18:28:22,1783794502,R_75,53965.7835,1,3.7515999999959604,BACKFILL_AUTO
2026-07-11 18:28:24,1783794504,R_75,53955.2401,-1,10.543399999995017,BACKFILL_AUTO
2026-07-11 18:28:26,1783794506,R_75,53958.7474,1,3.5072999999974854,BACKFILL_AUTO
2026-07-11 18:28:28,1783794508,R_75,53946.5407,-1,12.206700000002456,BACKFILL_AUTO
2026-07-11 18:28:30,1783794510,R_75,53952.2027,1,5.6620000000039,BACKFILL_AUTO
2026-07-11 18:28:32,1783794512,R_75,53957.5085,1,5.305800000001909,BACKFILL_AUTO
2026-07-11 18:28:34,1783794514,R_75,53932.5409,-1,24.967600000003586,BACKFILL_AUTO
2026-07-11 18:28:36,1783794516,R_75,53931.1812,-1,1.3597000000008848,BACKFILL_AUTO
2026-07-11 18:28:38,1783794518,R_75,53918.9164,-1,12.264799999997194,BACKFILL_AUTO
2026-07-11 18:28:40,1783794520,R_75,53926.9899,1,8.073499999998603,BACKFILL_AUTO
2026-07-11 18:28:42,1783794522,R_75,53923.0064,-1,3.9835000000020955,BACKFILL_AUTO
2026-07-11 18:28:44,1783794524,R_75,53903.5425,-1,19.463899999995192,BACKFILL_AUTO
2026-07-11 18:28:46,1783794526,R_75,53903.3295,-1,0.21300000000337604,BACKFILL_AUTO
2026-07-11 18:28:48,1783794528,R_75,53912.4058,1,9.076300000000629,BACKFILL_AUTO
2026-07-11 18:28:50,1783794530,R_75,53880.818,-1,31.587800000001153,BACKFILL_AUTO
2026-07-11 18:28:52,1783794532,R_75,53884.9707,1,4.152699999998731,BACKFILL_AUTO
2026-07-11 18:28:54,1783794534,R_75,53893.0952,1,8.124500000005355,BACKFILL_AUTO
2026-07-11 18:28:56,1783794536,R_75,53889.6098,-1,3.485400000005029,BACKFILL_AUTO
2026-07-11 18:28:58,1783794538,R_75,53900.5859,1,10.97609999999986,BACKFILL_AUTO
2026-07-11 18:29:00,1783794540,R_75,53918.33,1,17.744100000003527,BACKFILL_AUTO
2026-07-11 18:29:02,1783794542,R_75,53920.5245,1,2.194499999997788,BACKFILL_AUTO
2026-07-11 18:29:04,1783794544,R_75,53933.5976,1,13.073100000001432,BACKFILL_AUTO
2026-07-11 18:29:06,1783794546,R_75,53925.8964,-1,7.701200000003155,BACKFILL_AUTO
2026-07-11 18:29:08,1783794548,R_75,53924.2725,-1,1.6238999999986845,BACKFILL_AUTO
2026-07-11 18:29:10,1783794550,R_75,53916.8201,-1,7.452400000001944,BACKFILL_AUTO
2026-07-11 18:29:12,1783794552,R_75,53927.1077,1,10.287600000003295,BACKFILL_AUTO
2026-07-11 18:29:14,1783794554,R_75,53929.7935,1,2.68579999999929,BACKFILL_AUTO
2026-07-11 18:29:16,1783794556,R_75,53911.8899,-1,17.903599999997823,BACKFILL_AUTO
2026-07-11 18:29:18,1783794558,R_75,53923.8999,1,12.009999999994761,BACKFILL_AUTO
2026-07-11 18:29:20,1783794560,R_75,53914.2557,-1,9.64419999999518,BACKFILL_AUTO
2026-07-11 18:29:22,1783794562,R_75,53935.1012,1,20.84549999999581,BACKFILL_AUTO
2026-07-11 18:29:24,1783794564,R_75,53935.6288,1,0.5276000000012573,BACKFILL_AUTO
2026-07-11 18:29:26,1783794566,R_75,53936.4993,1,0.8705000000045402,BACKFILL_AUTO
2026-07-11 18:29:28,1783794568,R_75,53947.6073,1,11.108000000000175,BACKFILL_AUTO
2026-07-11 18:29:30,1783794570,R_75,53958.9272,1,11.31989999999496,BACKFILL_AUTO
2026-07-11 18:29:32,1783794572,R_75,53959.7053,1,0.7781000000031781,BACKFILL_AUTO
2026-07-11 18:29:34,1783794574,R_75,53951.033,-1,8.672299999998359,BACKFILL_AUTO
2026-07-11 18:29:36,1783794576,R_75,53956.4492,1,5.416199999999662,BACKFILL_AUTO
2026-07-11 18:29:38,1783794578,R_75,53957.6446,1,1.19539999999688,BACKFILL_AUTO
2026-07-11 18:29:40,1783794580,R_75,53947.0777,-1,10.566899999997986,BACKFILL_AUTO
2026-07-11 18:29:42,1783794582,R_75,53934.3515,-1,12.72620000000461,BACKFILL_AUTO
2026-07-11 18:29:44,1783794584,R_75,53937.1445,1,2.7930000000051223,BACKFILL_AUTO
2026-07-11 18:29:46,1783794586,R_75,53929.6966,-1,7.447899999999208,BACKFILL_AUTO
2026-07-11 18:29:48,1783794588,R_75,53933.9479,1,4.251299999996263,BACKFILL_AUTO
2026-07-11 18:29:50,1783794590,R_75,53941.0221,1,7.074200000002747,BACKFILL_AUTO
2026-07-11 18:29:52,1783794592,R_75,53938.1996,-1,2.8225000000020373,BACKFILL_AUTO
2026-07-11 18:29:54,1783794594,R_75,53941.2559,1,3.056299999996554,BACKFILL_AUTO
2026-07-11 18:29:56,1783794596,R_75,53937.691,-1,3.5648999999975786,BACKFILL_AUTO
2026-07-11 18:29:58,1783794598,R_75,53924.0807,-1,13.61030000000028,BACKFILL_AUTO
2026-07-11 18:30:00,1783794600,R_75,53935.4512,1,11.37050000000454,BACKFILL_AUTO
2026-07-11 18:30:02,1783794602,R_75,53928.243,-1,7.208200000000943,BACKFILL_AUTO
2026-07-11 18:30:04,1783794604,R_75,53914.6766,-1,13.566400000003341,BACKFILL_AUTO
2026-07-11 18:30:06,1783794606,R_75,53927.7654,1,13.088799999997718,BACKFILL_AUTO
2026-07-11 18:30:08,1783794608,R_75,53949.4859,1,21.720500000003085,BACKFILL_AUTO
2026-07-11 18:30:10,1783794610,R_75,53934.5178,-1,14.96809999999823,BACKFILL_AUTO
2026-07-11 18:30:12,1783794612,R_75,53948.2731,1,13.755299999997078,BACKFILL_AUTO
2026-07-11 18:30:14,1783794614,R_75,53958.8421,1,10.569000000003143,BACKFILL_AUTO
2026-07-11 18:30:16,1783794616,R_75,53942.402,-1,16.440099999999802,BACKFILL_AUTO
2026-07-11 18:30:18,1783794618,R_75,53927.6408,-1,14.761200000000827,BACKFILL_AUTO
2026-07-11 18:30:20,1783794620,R_75,53924.9435,-1,2.6972999999998137,BACKFILL_AUTO
2026-07-11 18:30:22,1783794622,R_75,53945.6358,1,20.692299999995157,BACKFILL_AUTO
2026-07-11 18:30:24,1783794624,R_75,53949.0888,1,3.4530000000013388,BACKFILL_AUTO
2026-07-11 18:30:26,1783794626,R_75,53946.6822,-1,2.4065999999947962,BACKFILL_AUTO
2026-07-11 18:30:28,1783794628,R_75,53936.854,-1,9.828200000003562,BACKFILL_AUTO
2026-07-11 18:30:30,1783794630,R_75,53938.1069,1,1.2528999999994994,BACKFILL_AUTO
2026-07-11 18:30:32,1783794632,R_75,53948.6328,1,10.525900000000547,BACKFILL_AUTO
2026-07-11 18:30:34,1783794634,R_75,53957.4758,1,8.843000000000757,BACKFILL_AUTO
2026-07-11 18:30:36,1783794636,R_75,53957.5723,1,0.09649999999965075,BACKFILL_AUTO
2026-07-11 18:30:38,1783794638,R_75,53949.3582,-1,8.214099999997416,BACKFILL_AUTO
2026-07-11 18:30:40,1783794640,R_75,53949.2724,-1,0.08580000000074506,BACKFILL_AUTO
2026-07-11 18:30:42,1783794642,R_75,53942.6514,-1,6.620999999999185,BACKFILL_AUTO
2026-07-11 18:30:44,1783794644,R_75,53944.3704,1,1.7189999999973224,BACKFILL_AUTO
2026-07-11 18:30:46,1783794646,R_75,53948.5073,1,4.136899999997695,BACKFILL_AUTO
2026-07-11 18:30:48,1783794648,R_75,53937.7678,-1,10.739499999996042,BACKFILL_AUTO
2026-07-11 18:30:50,1783794650,R_75,53942.728,1,4.96020000000135,BACKFILL_AUTO
2026-07-11 18:30:52,1783794652,R_75,53936.1646,-1,6.563400000006368,BACKFILL_AUTO
2026-07-11 18:30:54,1783794654,R_75,53958.0148,1,21.85020000000077,BACKFILL_AUTO
2026-07-11 18:30:56,1783794656,R_75,53956.3865,-1,1.6282999999966705,BACKFILL_AUTO
2026-07-11 18:30:58,1783794658,R_75,53957.266,1,0.8795000000027358,BACKFILL_AUTO
2026-07-11 18:31:00,1783794660,R_75,53974.5649,1,17.29889999999432,BACKFILL_AUTO
2026-07-11 18:31:02,1783794662,R_75,53990.4392,1,15.874300000003132,BACKFILL_AUTO
2026-07-11 18:31:04,1783794664,R_75,53982.1366,-1,8.302600000002712,BACKFILL_AUTO
2026-07-11 18:31:06,1783794666,R_75,53984.5479,1,2.4112999999997555,BACKFILL_AUTO
2026-07-11 18:31:08,1783794668,R_75,53965.1339,-1,19.41399999999703,BACKFILL_AUTO
2026-07-11 18:31:10,1783794670,R_75,53970.5449,1,5.411000000000058,BACKFILL_AUTO
2026-07-11 18:31:12,1783794672,R_75,53963.0055,-1,7.5394000000014785,BACKFILL_AUTO
2026-07-11 18:31:14,1783794674,R_75,53952.6087,-1,10.396800000002258,BACKFILL_AUTO
2026-07-11 18:31:16,1783794676,R_75,53964.013,1,11.404300000001967,BACKFILL_AUTO
2026-07-11 18:31:18,1783794678,R_75,53955.7391,-1,8.27390000000014,BACKFILL_AUTO
2026-07-11 18:31:20,1783794680,R_75,53974.8776,1,19.13850000000093,BACKFILL_AUTO
2026-07-11 18:31:22,1783794682,R_75,53978.1861,1,3.308499999999185,BACKFILL_AUTO
2026-07-11 18:31:24,1783794684,R_75,53961.7992,-1,16.386899999997695,BACKFILL_AUTO
2026-07-11 18:31:26,1783794686,R_75,53959.4935,-1,2.3057000000044354,BACKFILL_AUTO
2026-07-11 18:31:28,1783794688,R_75,53967.4436,1,7.950100000001839,BACKFILL_AUTO
2026-07-11 18:31:30,1783794690,R_75,53960.1783,-1,7.265299999999115,BACKFILL_AUTO
2026-07-11 18:31:32,1783794692,R_75,53967.7075,1,7.529199999997218,BACKFILL_AUTO
2026-07-11 18:31:34,1783794694,R_75,53968.1216,1,0.41410000000178115,BACKFILL_AUTO
2026-07-11 18:31:36,1783794696,R_75,53967.323,-1,0.7986000000018976,BACKFILL_AUTO
2026-07-11 18:31:38,1783794698,R_75,53991.6058,1,24.28280000000086,BACKFILL_AUTO
2026-07-11 18:31:40,1783794700,R_75,53983.1159,-1,8.489900000000489,BACKFILL_AUTO
2026-07-11 18:31:42,1783794702,R_75,53991.7961,1,8.680200000002515,BACKFILL_AUTO
2026-07-11 18:31:44,1783794704,R_75,54000.39,1,8.593899999999849,BACKFILL_AUTO
2026-07-11 18:31:46,1783794706,R_75,53975.365,-1,25.025000000001455,BACKFILL_AUTO
2026-07-11 18:31:48,1783794708,R_75,53968.0876,-1,7.277399999999034,BACKFILL_AUTO
2026-07-11 18:31:50,1783794710,R_75,53975.9118,1,7.824200000002747,BACKFILL_AUTO
2026-07-11 18:31:52,1783794712,R_75,53971.1677,-1,4.744100000003527,BACKFILL_AUTO
2026-07-11 18:31:54,1783794714,R_75,53968.8486,-1,2.319100000000617,BACKFILL_AUTO
2026-07-11 18:31:56,1783794716,R_75,53968.6981,-1,0.1504999999961001,BACKFILL_AUTO
2026-07-11 18:31:58,1783794718,R_75,53969.6642,1,0.966099999997823,BACKFILL_AUTO
2026-07-11 18:32:00,1783794720,R_75,53956.6137,-1,13.050499999997555,BACKFILL_AUTO
2026-07-11 18:32:02,1783794722,R_75,53954.3613,-1,2.2524000000048545,BACKFILL_AUTO
2026-07-11 18:32:04,1783794724,R_75,53957.6473,1,3.286000000000058,BACKFILL_AUTO
2026-07-11 18:32:06,1783794726,R_75,53964.2819,1,6.634600000004866,BACKFILL_AUTO
2026-07-11 18:32:08,1783794728,R_75,53953.9938,-1,10.288100000005215,BACKFILL_AUTO
2026-07-11 18:32:10,1783794730,R_75,53973.9962,1,20.002400000004855,BACKFILL_AUTO
2026-07-11 18:32:12,1783794732,R_75,53955.871,-1,18.125200000002224,BACKFILL_AUTO
2026-07-11 18:32:14,1783794734,R_75,53964.4218,1,8.550799999997253,BACKFILL_AUTO
2026-07-11 18:32:16,1783794736,R_75,53989.1912,1,24.76940000000468,BACKFILL_AUTO
2026-07-11 18:32:18,1783794738,R_75,53985.1088,-1,4.082399999999325,BACKFILL_AUTO
2026-07-11 18:32:20,1783794740,R_75,53981.8406,-1,3.2681999999986147,BACKFILL_AUTO
2026-07-11 18:32:22,1783794742,R_75,53987.9483,1,6.107699999993201,BACKFILL_AUTO
2026-07-11 18:32:24,1783794744,R_75,53964.641,-1,23.30729999999312,BACKFILL_AUTO
2026-07-11 18:32:26,1783794746,R_75,53979.8561,1,15.215099999993981,BACKFILL_AUTO
2026-07-11 18:32:28,1783794748,R_75,53975.5674,-1,4.288699999997334,BACKFILL_AUTO
2026-07-11 18:32:30,1783794750,R_75,53978.6312,1,3.063800000003539,BACKFILL_AUTO
2026-07-11 18:32:32,1783794752,R_75,53972.0362,-1,6.595000000001164,BACKFILL_AUTO
2026-07-11 18:32:34,1783794754,R_75,53962.4054,-1,9.630799999998999,BACKFILL_AUTO
2026-07-11 18:32:36,1783794756,R_75,53941.386,-1,21.01940000000468,BACKFILL_AUTO
2026-07-11 18:32:38,1783794758,R_75,53908.5812,-1,32.80479999999807,BACKFILL_AUTO
2026-07-11 18:32:40,1783794760,R_75,53909.594,1,1.012799999996787,BACKFILL_AUTO
2026-07-11 18:32:42,1783794762,R_75,53914.0886,1,4.494600000005448,BACKFILL_AUTO
2026-07-11 18:32:44,1783794764,R_75,53914.5678,1,0.4791999999943073,BACKFILL_AUTO
2026-07-11 18:32:46,1783794766,R_75,53928.6675,1,14.099700000006123,BACKFILL_AUTO
2026-07-11 18:32:48,1783794768,R_75,53921.9159,-1,6.751600000003236,BACKFILL_AUTO
2026-07-11 18:32:50,1783794770,R_75,53923.8331,1,1.917200000003504,BACKFILL_AUTO
2026-07-11 18:32:52,1783794772,R_75,53932.5634,1,8.730299999995623,BACKFILL_AUTO
2026-07-11 18:32:54,1783794774,R_75,53911.5511,-1,21.012300000002142,BACKFILL_AUTO
2026-07-11 18:32:56,1783794776,R_75,53906.8816,-1,4.669499999996333,BACKFILL_AUTO
2026-07-11 18:32:58,1783794778,R_75,53907.5841,1,0.7024999999994179,BACKFILL_AUTO
2026-07-11 18:33:00,1783794780,R_75,53931.57,1,23.985899999999674,BACKFILL_AUTO
2026-07-11 18:33:02,1783794782,R_75,53918.7136,-1,12.856399999996938,BACKFILL_AUTO
2026-07-11 18:33:04,1783794784,R_75,53913.8586,-1,4.855000000003201,BACKFILL_AUTO
2026-07-11 18:33:06,1783794786,R_75,53900.418,-1,13.440600000001723,BACKFILL_AUTO
2026-07-11 18:33:08,1783794788,R_75,53907.079,1,6.661000000000058,BACKFILL_AUTO
2026-07-11 18:33:10,1783794790,R_75,53892.4991,-1,14.579899999996996,BACKFILL_AUTO
2026-07-11 18:33:12,1783794792,R_75,53899.2954,1,6.796300000001793,BACKFILL_AUTO
2026-07-11 18:33:14,1783794794,R_75,53891.2752,-1,8.020200000006298,BACKFILL_AUTO
2026-07-11 18:33:16,1783794796,R_75,53889.7369,-1,1.538299999992887,BACKFILL_AUTO
2026-07-11 18:33:18,1783794798,R_75,53888.6898,-1,1.047100000003411,BACKFILL_AUTO
2026-07-11 18:33:20,1783794800,R_75,53904.5979,1,15.908100000000559,BACKFILL_AUTO
2026-07-11 18:33:22,1783794802,R_75,53919.7696,1,15.171699999998964,BACKFILL_AUTO
2026-07-11 18:33:24,1783794804,R_75,53930.1818,1,10.412199999998847,BACKFILL_AUTO
2026-07-11 18:33:26,1783794806,R_75,53923.0303,-1,7.151499999999942,BACKFILL_AUTO
2026-07-11 18:33:28,1783794808,R_75,53906.9513,-1,16.078999999997905,BACKFILL_AUTO
2026-07-11 18:33:30,1783794810,R_75,53909.5233,1,2.5720000000001164,BACKFILL_AUTO
2026-07-11 18:33:32,1783794812,R_75,53913.2409,1,3.7175999999963096,BACKFILL_AUTO
2026-07-11 18:33:34,1783794814,R_75,53911.7061,-1,1.534799999993993,BACKFILL_AUTO
2026-07-11 18:33:36,1783794816,R_75,53903.5875,-1,8.118600000001607,BACKFILL_AUTO
2026-07-11 18:33:38,1783794818,R_75,53887.0576,-1,16.529900000001362,BACKFILL_AUTO
2026-07-11 18:33:40,1783794820,R_75,53881.5367,-1,5.5209000000031665,BACKFILL_AUTO
2026-07-11 18:33:42,1783794822,R_75,53866.8604,-1,14.676299999999173,BACKFILL_AUTO
2026-07-11 18:33:44,1783794824,R_75,53861.3245,-1,5.5358999999953085,BACKFILL_AUTO
2026-07-11 18:33:46,1783794826,R_75,53853.5864,-1,7.738100000002305,BACKFILL_AUTO
2026-07-11 18:33:48,1783794828,R_75,53841.9952,-1,11.591200000002573,BACKFILL_AUTO
2026-07-11 18:33:50,1783794830,R_75,53858.5626,1,16.567399999999907,BACKFILL_AUTO
2026-07-11 18:33:52,1783794832,R_75,53876.8147,1,18.252100000005157,BACKFILL_AUTO
2026-07-11 18:33:54,1783794834,R_75,53846.0244,-1,30.79030000000057,BACKFILL_AUTO
2026-07-11 18:33:56,1783794836,R_75,53845.7752,-1,0.24920000000565778,BACKFILL_AUTO
2026-07-11 18:33:58,1783794838,R_75,53839.7531,-1,6.02209999999468,BACKFILL_AUTO
2026-07-11 18:34:00,1783794840,R_75,53838.2632,-1,1.489900000000489,BACKFILL_AUTO
2026-07-11 18:34:02,1783794842,R_75,53849.5637,1,11.300499999997555,BACKFILL_AUTO
2026-07-11 18:34:04,1783794844,R_75,53872.8705,1,23.306799999998475,BACKFILL_AUTO
2026-07-11 18:34:06,1783794846,R_75,53859.9658,-1,12.904699999999139,BACKFILL_AUTO
2026-07-11 18:34:08,1783794848,R_75,53867.5356,1,7.569800000004761,BACKFILL_AUTO
2026-07-11 18:34:10,1783794850,R_75,53867.954,1,0.4183999999950174,BACKFILL_AUTO
2026-07-11 18:34:12,1783794852,R_75,53874.9047,1,6.950700000001234,BACKFILL_AUTO
2026-07-11 18:34:14,1783794854,R_75,53856.546,-1,18.358699999997043,BACKFILL_AUTO
2026-07-11 18:34:16,1783794856,R_75,53838.8836,-1,17.66240000000107,BACKFILL_AUTO
2026-07-11 18:34:18,1783794858,R_75,53854.2875,1,15.40389999999752,BACKFILL_AUTO
2026-07-11 18:34:20,1783794860,R_75,53847.5113,-1,6.7762000000002445,BACKFILL_AUTO
2026-07-11 18:34:22,1783794862,R_75,53851.6392,1,4.127899999999499,BACKFILL_AUTO
2026-07-11 18:34:24,1783794864,R_75,53856.2863,1,4.647100000001956,BACKFILL_AUTO
2026-07-11 18:34:26,1783794866,R_75,53880.8575,1,24.5711999999985,BACKFILL_AUTO
2026-07-11 18:34:28,1783794868,R_75,53873.1534,-1,7.704099999995378,BACKFILL_AUTO
2026-07-11 18:34:30,1783794870,R_75,53872.2574,-1,0.8960000000006403,BACKFILL_AUTO
2026-07-11 18:34:32,1783794872,R_75,53869.7736,-1,2.483800000001793,BACKFILL_AUTO
2026-07-11 18:34:34,1783794874,R_75,53850.7666,-1,19.006999999997788,BACKFILL_AUTO
2026-07-11 18:34:36,1783794876,R_75,53853.0287,1,2.2620999999999185,BACKFILL_AUTO
2026-07-11 18:34:38,1783794878,R_75,53852.8327,-1,0.19600000000355067,BACKFILL_AUTO
2026-07-11 18:34:40,1783794880,R_75,53858.2188,1,5.386100000003353,BACKFILL_AUTO
2026-07-11 18:34:42,1783794882,R_75,53868.1938,1,9.974999999998545,BACKFILL_AUTO
2026-07-11 18:34:44,1783794884,R_75,53856.2161,-1,11.977700000003097,BACKFILL_AUTO
2026-07-11 18:34:46,1783794886,R_75,53862.7661,1,6.55000000000291,BACKFILL_AUTO
2026-07-11 18:34:48,1783794888,R_75,53857.0114,-1,5.754699999997683,BACKFILL_AUTO
2026-07-11 18:34:50,1783794890,R_75,53859.1269,1,2.1154999999998836,BACKFILL_AUTO
2026-07-11 18:34:52,1783794892,R_75,53844.5073,-1,14.619600000005448,BACKFILL_AUTO
2026-07-11 18:34:54,1783794894,R_75,53852.1276,1,7.620300000002317,BACKFILL_AUTO
2026-07-11 18:34:56,1783794896,R_75,53819.035,-1,33.09259999999631,BACKFILL_AUTO
2026-07-11 18:34:58,1783794898,R_75,53811.1278,-1,7.907200000001467,BACKFILL_AUTO
2026-07-11 18:35:00,1783794900,R_75,53797.3741,-1,13.753700000001118,BACKFILL_AUTO
2026-07-11 18:35:02,1783794902,R_75,53808.5904,1,11.216300000000047,BACKFILL_AUTO
2026-07-11 18:35:04,1783794904,R_75,53790.7515,-1,17.838900000002468,BACKFILL_AUTO
2026-07-11 18:35:06,1783794906,R_75,53780.1055,-1,10.64600000000064,BACKFILL_AUTO
2026-07-11 18:35:08,1783794908,R_75,53793.6958,1,13.59030000000348,BACKFILL_AUTO
2026-07-11 18:35:10,1783794910,R_75,53790.9293,-1,2.7664999999979045,BACKFILL_AUTO
2026-07-11 18:35:12,1783794912,R_75,53792.0263,1,1.0969999999942956,BACKFILL_AUTO
2026-07-11 18:35:14,1783794914,R_75,53803.7361,1,11.70980000000418,BACKFILL_AUTO
2026-07-11 18:35:16,1783794916,R_75,53796.2608,-1,7.475300000005518,BACKFILL_AUTO
2026-07-11 18:35:18,1783794918,R_75,53791.8349,-1,4.425899999994726,BACKFILL_AUTO
2026-07-11 18:35:20,1783794920,R_75,53777.4265,-1,14.408400000000256,BACKFILL_AUTO
2026-07-11 18:35:22,1783794922,R_75,53770.9081,-1,6.518400000000838,BACKFILL_AUTO
2026-07-11 18:35:24,1783794924,R_75,53762.6391,-1,8.269000000000233,BACKFILL_AUTO
2026-07-11 18:35:26,1783794926,R_75,53769.5942,1,6.95509999999922,BACKFILL_AUTO
2026-07-11 18:35:28,1783794928,R_75,53760.227,-1,9.367200000000594,BACKFILL_AUTO
2026-07-11 18:35:30,1783794930,R_75,53752.3282,-1,7.89879999999539,BACKFILL_AUTO
2026-07-11 18:35:32,1783794932,R_75,53743.7409,-1,8.587300000006508,BACKFILL_AUTO
2026-07-11 18:35:34,1783794934,R_75,53737.7475,-1,5.993399999999383,BACKFILL_AUTO
2026-07-11 18:35:36,1783794936,R_75,53739.499,1,1.7515000000057626,BACKFILL_AUTO
2026-07-11 18:35:38,1783794938,R_75,53728.8139,-1,10.685100000002421,BACKFILL_AUTO
2026-07-11 18:35:40,1783794940,R_75,53719.3752,-1,9.43869999999879,BACKFILL_AUTO
2026-07-11 18:35:42,1783794942,R_75,53718.4038,-1,0.971400000002177,BACKFILL_AUTO
2026-07-11 18:35:44,1783794944,R_75,53724.8333,1,6.42949999999837,BACKFILL_AUTO
2026-07-11 18:35:46,1783794946,R_75,53732.7866,1,7.953300000001036,BACKFILL_AUTO
2026-07-11 18:35:48,1783794948,R_75,53737.5716,1,4.7850000000034925,BACKFILL_AUTO
2026-07-11 18:35:50,1783794950,R_75,53747.5945,1,10.022899999996298,BACKFILL_AUTO
2026-07-11 18:35:52,1783794952,R_75,53742.4104,-1,5.18409999999858,BACKFILL_AUTO
2026-07-11 18:35:54,1783794954,R_75,53719.3661,-1,23.044300000001385,BACKFILL_AUTO
2026-07-11 18:35:56,1783794956,R_75,53709.0481,-1,10.317999999999302,BACKFILL_AUTO
2026-07-11 18:35:58,1783794958,R_75,53705.5565,-1,3.491600000001199,BACKFILL_AUTO
2026-07-11 18:36:00,1783794960,R_75,53725.2173,1,19.660799999997835,BACKFILL_AUTO
2026-07-11 18:36:02,1783794962,R_75,53738.9278,1,13.710500000001048,BACKFILL_AUTO
2026-07-11 18:36:04,1783794964,R_75,53735.9622,-1,2.965599999995902,BACKFILL_AUTO
2026-07-11 18:36:06,1783794966,R_75,53735.5263,-1,0.4359000000040396,BACKFILL_AUTO
2026-07-11 18:36:08,1783794968,R_75,53730.9779,-1,4.548399999999674,BACKFILL_AUTO
2026-07-11 18:36:10,1783794970,R_75,53736.8019,1,5.824000000000524,BACKFILL_AUTO
2026-07-11 18:36:12,1783794972,R_75,53745.4403,1,8.638400000003458,BACKFILL_AUTO
2026-07-11 18:36:14,1783794974,R_75,53750.0232,1,4.582900000001246,BACKFILL_AUTO
2026-07-11 18:36:16,1783794976,R_75,53749.7056,-1,0.3176000000021304,BACKFILL_AUTO
2026-07-11 18:36:18,1783794978,R_75,53744.6181,-1,5.087500000001455,BACKFILL_AUTO
2026-07-11 18:36:20,1783794980,R_75,53752.5315,1,7.913399999997637,BACKFILL_AUTO
2026-07-11 18:36:22,1783794982,R_75,53749.3009,-1,3.23059999999532,BACKFILL_AUTO
2026-07-11 18:36:24,1783794984,R_75,53760.5838,1,11.282899999998335,BACKFILL_AUTO
2026-07-11 18:36:26,1783794986,R_75,53737.5301,-1,23.053699999996752,BACKFILL_AUTO
2026-07-11 18:36:28,1783794988,R_75,53734.235,-1,3.2951000000030035,BACKFILL_AUTO
2026-07-11 18:36:30,1783794990,R_75,53744.0132,1,9.778200000000652,BACKFILL_AUTO
2026-07-11 18:36:32,1783794992,R_75,53763.3548,1,19.341599999999744,BACKFILL_AUTO
2026-07-11 18:36:34,1783794994,R_75,53755.6341,-1,7.720699999998033,BACKFILL_AUTO
2026-07-11 18:36:36,1783794996,R_75,53761.0555,1,5.421399999999267,BACKFILL_AUTO
2026-07-11 18:36:38,1783794998,R_75,53767.676,1,6.620499999997264,BACKFILL_AUTO
2026-07-11 18:36:40,1783795000,R_75,53763.0167,-1,4.659299999999348,BACKFILL_AUTO
2026-07-11 18:36:42,1783795002,R_75,53770.2949,1,7.278200000000652,BACKFILL_AUTO
2026-07-11 18:36:44,1783795004,R_75,53783.338,1,13.043100000002596,BACKFILL_AUTO
2026-07-11 18:36:46,1783795006,R_75,53776.137,-1,7.201000000000931,BACKFILL_AUTO
2026-07-11 18:36:48,1783795008,R_75,53771.884,-1,4.253000000004249,BACKFILL_AUTO
2026-07-11 18:36:50,1783795010,R_75,53778.5466,1,6.6626000000032946,BACKFILL_AUTO
2026-07-11 18:36:52,1783795012,R_75,53790.9234,1,12.376799999998184,BACKFILL_AUTO
2026-07-11 18:36:54,1783795014,R_75,53795.7864,1,4.862999999997555,BACKFILL_AUTO
2026-07-11 18:36:56,1783795016,R_75,53785.2569,-1,10.529499999996915,BACKFILL_AUTO
2026-07-11 18:36:58,1783795018,R_75,53774.2371,-1,11.019800000001851,BACKFILL_AUTO
2026-07-11 18:37:00,1783795020,R_75,53785.1712,1,10.93409999999858,BACKFILL_AUTO
2026-07-11 18:37:02,1783795022,R_75,53771.5355,-1,13.635699999998906,BACKFILL_AUTO
2026-07-11 18:37:04,1783795024,R_75,53779.8958,1,8.36030000000028,BACKFILL_AUTO
2026-07-11 18:37:06,1783795026,R_75,53770.3298,-1,9.565999999998894,BACKFILL_AUTO
2026-07-11 18:37:08,1783795028,R_75,53781.1189,1,10.789100000001781,BACKFILL_AUTO
2026-07-11 18:37:10,1783795030,R_75,53791.8315,1,10.712599999998929,BACKFILL_AUTO
2026-07-11 18:37:12,1783795032,R_75,53800.9076,1,9.076099999998405,BACKFILL_AUTO
2026-07-11 18:37:14,1783795034,R_75,53792.3312,-1,8.576399999998102,BACKFILL_AUTO
2026-07-11 18:37:16,1783795036,R_75,53788.1321,-1,4.199099999997998,BACKFILL_AUTO
2026-07-11 18:37:18,1783795038,R_75,53786.8942,-1,1.2379000000000815,BACKFILL_AUTO
2026-07-11 18:37:20,1783795040,R_75,53805.7527,1,18.85849999999482,BACKFILL_AUTO
2026-07-11 18:37:22,1783795042,R_75,53823.506,1,17.753300000003946,BACKFILL_AUTO
2026-07-11 18:37:24,1783795044,R_75,53826.3692,1,2.863199999999779,BACKFILL_AUTO
2026-07-11 18:37:26,1783795046,R_75,53827.3986,1,1.0293999999994412,BACKFILL_AUTO
2026-07-11 18:37:28,1783795048,R_75,53826.5699,-1,0.8286999999982072,BACKFILL_AUTO
2026-07-11 18:37:30,1783795050,R_75,53811.3588,-1,15.211100000000442,BACKFILL_AUTO
2026-07-11 18:37:32,1783795052,R_75,53817.2668,1,5.907999999995809,BACKFILL_AUTO
2026-07-11 18:37:34,1783795054,R_75,53821.5002,1,4.233400000004622,BACKFILL_AUTO
2026-07-11 18:37:36,1783795056,R_75,53823.3302,1,1.8299999999944703,BACKFILL_AUTO
2026-07-11 18:37:38,1783795058,R_75,53812.4638,-1,10.866399999998976,BACKFILL_AUTO
2026-07-11 18:37:40,1783795060,R_75,53818.9191,1,6.4553000000014435,BACKFILL_AUTO
2026-07-11 18:37:42,1783795062,R_75,53816.4961,-1,2.423000000002503,BACKFILL_AUTO
2026-07-11 18:37:44,1783795064,R_75,53817.0917,1,0.5956000000005588,BACKFILL_AUTO
2026-07-11 18:37:46,1783795066,R_75,53802.3688,-1,14.722900000000664,BACKFILL_AUTO
2026-07-11 18:37:48,1783795068,R_75,53820.7255,1,18.35670000000391,BACKFILL_AUTO
2026-07-11 18:37:50,1783795070,R_75,53813.8952,-1,6.8303000000014435,BACKFILL_AUTO
2026-07-11 18:37:52,1783795072,R_75,53846.8593,1,32.964099999997416,BACKFILL_AUTO
2026-07-11 18:37:54,1783795074,R_75,53829.636,-1,17.223299999997835,BACKFILL_AUTO
2026-07-11 18:37:56,1783795076,R_75,53831.6054,1,1.9694000000017695,BACKFILL_AUTO
2026-07-11 18:37:58,1783795078,R_75,53831.7837,1,0.1782999999995809,BACKFILL_AUTO
2026-07-11 18:38:00,1783795080,R_75,53829.0666,-1,2.7171000000016647,BACKFILL_AUTO
2026-07-11 18:38:02,1783795082,R_75,53825.0395,-1,4.027099999999336,BACKFILL_AUTO
2026-07-11 18:38:04,1783795084,R_75,53829.6195,1,4.580000000001746,BACKFILL_AUTO
2026-07-11 18:38:06,1783795086,R_75,53826.4553,-1,3.164199999999255,BACKFILL_AUTO
2026-07-11 18:38:08,1783795088,R_75,53821.1358,-1,5.319500000005064,BACKFILL_AUTO
2026-07-11 18:38:10,1783795090,R_75,53828.8544,1,7.718600000000151,BACKFILL_AUTO
2026-07-11 18:38:12,1783795092,R_75,53830.8034,1,1.9490000000005239,BACKFILL_AUTO
2026-07-11 18:38:14,1783795094,R_75,53839.4998,1,8.696400000000722,BACKFILL_AUTO
2026-07-11 18:38:16,1783795096,R_75,53836.4856,-1,3.0141999999977998,BACKFILL_AUTO
2026-07-11 18:38:18,1783795098,R_75,53842.7157,1,6.230100000000675,BACKFILL_AUTO
2026-07-11 18:38:20,1783795100,R_75,53848.7341,1,6.018400000000838,BACKFILL_AUTO
2026-07-11 18:38:22,1783795102,R_75,53846.7163,-1,2.0178000000014435,BACKFILL_AUTO
2026-07-11 18:38:24,1783795104,R_75,53848.538,1,1.821700000000419,BACKFILL_AUTO
2026-07-11 18:38:26,1783795106,R_75,53855.2221,1,6.68409999999858,BACKFILL_AUTO
2026-07-11 18:38:28,1783795108,R_75,53852.4358,-1,2.7862999999997555,BACKFILL_AUTO
2026-07-11 18:38:30,1783795110,R_75,53848.4767,-1,3.959100000000035,BACKFILL_AUTO
2026-07-11 18:38:32,1783795112,R_75,53837.2397,-1,11.23700000000099,BACKFILL_AUTO
2026-07-11 18:38:34,1783795114,R_75,53851.7589,1,14.519200000002456,BACKFILL_AUTO
2026-07-11 18:38:36,1783795116,R_75,53826.9502,-1,24.80870000000141,BACKFILL_AUTO
2026-07-11 18:38:38,1783795118,R_75,53832.8211,1,5.870900000001711,BACKFILL_AUTO
2026-07-11 18:38:40,1783795120,R_75,53834.7595,1,1.938399999999092,BACKFILL_AUTO
2026-07-11 18:38:42,1783795122,R_75,53846.7833,1,12.023800000002666,BACKFILL_AUTO
2026-07-11 18:38:44,1783795124,R_75,53836.115,-1,10.66830000000482,BACKFILL_AUTO
2026-07-11 18:38:46,1783795126,R_75,53827.6712,-1,8.44380000000092,BACKFILL_AUTO
2026-07-11 18:38:48,1783795128,R_75,53840.9055,1,13.234300000003714,BACKFILL_AUTO
2026-07-11 18:38:50,1783795130,R_75,53842.7228,1,1.817300000002433,BACKFILL_AUTO
2026-07-11 18:38:52,1783795132,R_75,53852.9341,1,10.21129999999539,BACKFILL_AUTO
2026-07-11 18:38:54,1783795134,R_75,53847.232,-1,5.702099999994971,BACKFILL_AUTO
2026-07-11 18:38:56,1783795136,R_75,53854.3571,1,7.125099999997474,BACKFILL_AUTO
2026-07-11 18:38:58,1783795138,R_75,53860.9464,1,6.589299999999639,BACKFILL_AUTO
2026-07-11 18:39:00,1783795140,R_75,53860.4864,-1,0.4599999999991269,BACKFILL_AUTO
2026-07-11 18:39:02,1783795142,R_75,53881.2869,1,20.800499999997555,BACKFILL_AUTO
2026-07-11 18:39:04,1783795144,R_75,53883.1626,1,1.8757000000041444,BACKFILL_AUTO
2026-07-11 18:39:06,1783795146,R_75,53879.4857,-1,3.676900000005844,BACKFILL_AUTO
2026-07-11 18:39:08,1783795148,R_75,53869.0935,-1,10.392199999994773,BACKFILL_AUTO
2026-07-11 18:39:10,1783795150,R_75,53880.9766,1,11.883099999999104,BACKFILL_AUTO
2026-07-11 18:39:12,1783795152,R_75,53868.2533,-1,12.72330000000511,BACKFILL_AUTO
2026-07-11 18:39:14,1783795154,R_75,53867.0496,-1,1.2036999999982072,BACKFILL_AUTO
2026-07-11 18:39:16,1783795156,R_75,53852.3309,-1,14.718699999997625,BACKFILL_AUTO
2026-07-11 18:39:18,1783795158,R_75,53864.5027,1,12.171799999996438,BACKFILL_AUTO
2026-07-11 18:39:20,1783795160,R_75,53866.2619,1,1.759200000000419,BACKFILL_AUTO
2026-07-11 18:39:22,1783795162,R_75,53871.4248,1,5.162900000002992,BACKFILL_AUTO
2026-07-11 18:39:24,1783795164,R_75,53860.7968,-1,10.62800000000425,BACKFILL_AUTO
2026-07-11 18:39:26,1783795166,R_75,53852.0783,-1,8.718499999995402,BACKFILL_AUTO
2026-07-11 18:39:28,1783795168,R_75,53854.5375,1,2.4591999999975087,BACKFILL_AUTO
2026-07-11 18:39:30,1783795170,R_75,53851.7637,-1,2.77379999999539,BACKFILL_AUTO
2026-07-11 18:39:32,1783795172,R_75,53851.497,-1,0.26670000000012806,BACKFILL_AUTO
2026-07-11 18:39:34,1783795174,R_75,53864.3749,1,12.8778999999995,BACKFILL_AUTO
2026-07-11 18:39:36,1783795176,R_75,53863.3402,-1,1.0347000000037951,BACKFILL_AUTO
2026-07-11 18:39:38,1783795178,R_75,53870.7091,1,7.368900000001304,BACKFILL_AUTO
2026-07-11 18:39:40,1783795180,R_75,53864.0256,-1,6.683499999999185,BACKFILL_AUTO
2026-07-11 18:39:42,1783795182,R_75,53868.8176,1,4.792000000001281,BACKFILL_AUTO
2026-07-11 18:39:44,1783795184,R_75,53885.9334,1,17.11579999999958,BACKFILL_AUTO
2026-07-11 18:39:46,1783795186,R_75,53868.9629,-1,16.970500000003085,BACKFILL_AUTO
2026-07-11 18:39:48,1783795188,R_75,53887.7146,1,18.75170000000071,BACKFILL_AUTO
2026-07-11 18:39:50,1783795190,R_75,53883.0488,-1,4.665800000002491,BACKFILL_AUTO
2026-07-11 18:39:52,1783795192,R_75,53878.7247,-1,4.324099999997998,BACKFILL_AUTO
2026-07-11 18:39:54,1783795194,R_75,53894.5063,1,15.781600000002072,BACKFILL_AUTO
2026-07-11 18:39:56,1783795196,R_75,53875.4648,-1,19.04149999999936,BACKFILL_AUTO
2026-07-11 18:39:58,1783795198,R_75,53872.3367,-1,3.128100000001723,BACKFILL_AUTO
2026-07-11 18:40:00,1783795200,R_75,53871.471,-1,0.8657000000021071,BACKFILL_AUTO
2026-07-11 18:40:02,1783795202,R_75,53879.5857,1,8.114700000005541,BACKFILL_AUTO
2026-07-11 18:40:04,1783795204,R_75,53882.222,1,2.6362999999983003,BACKFILL_AUTO
2026-07-11 18:40:06,1783795206,R_75,53867.0447,-1,15.177300000003015,BACKFILL_AUTO
2026-07-11 18:40:08,1783795208,R_75,53873.6646,1,6.61989999999787,BACKFILL_AUTO
2026-07-11 18:40:10,1783795210,R_75,53862.8849,-1,10.779699999999139,BACKFILL_AUTO
2026-07-11 18:40:12,1783795212,R_75,53876.3717,1,13.486800000006042,BACKFILL_AUTO
2026-07-11 18:40:14,1783795214,R_75,53871.2013,-1,5.170400000002701,BACKFILL_AUTO
2026-07-11 18:40:16,1783795216,R_75,53880.2569,1,9.055599999999686,BACKFILL_AUTO
2026-07-11 18:40:18,1783795218,R_75,53873.4816,-1,6.7753000000011525,BACKFILL_AUTO
2026-07-11 18:40:20,1783795220,R_75,53870.4152,-1,3.066399999996065,BACKFILL_AUTO
2026-07-11 18:40:22,1783795222,R_75,53865.5612,-1,4.854000000006636,BACKFILL_AUTO
2026-07-11 18:40:24,1783795224,R_75,53875.5422,1,9.981000000007043,BACKFILL_AUTO
2026-07-11 18:40:26,1783795226,R_75,53883.2295,1,7.6872999999977765,BACKFILL_AUTO
2026-07-11 18:40:28,1783795228,R_75,53895.9251,1,12.695599999999104,BACKFILL_AUTO
2026-07-11 18:40:30,1783795230,R_75,53895.1822,-1,0.7428999999974621,BACKFILL_AUTO
2026-07-11 18:40:32,1783795232,R_75,53884.5034,-1,10.678800000001502,BACKFILL_AUTO
2026-07-11 18:40:34,1783795234,R_75,53871.0459,-1,13.457500000004075,BACKFILL_AUTO
2026-07-11 18:40:36,1783795236,R_75,53891.0405,1,19.99460000000545,BACKFILL_AUTO
2026-07-11 18:40:38,1783795238,R_75,53880.7737,-1,10.266800000004878,BACKFILL_AUTO
2026-07-11 18:40:40,1783795240,R_75,53867.8124,-1,12.96129999999539,BACKFILL_AUTO
2026-07-11 18:40:42,1783795242,R_75,53870.8441,1,3.031699999999546,BACKFILL_AUTO
2026-07-11 18:40:44,1783795244,R_75,53884.3669,1,13.522799999998824,BACKFILL_AUTO
2026-07-11 18:40:46,1783795246,R_75,53887.7654,1,3.3984999999956926,BACKFILL_AUTO
2026-07-11 18:40:48,1783795248,R_75,53875.1904,-1,12.57499999999709,BACKFILL_AUTO
2026-07-11 18:40:50,1783795250,R_75,53884.207,1,9.016600000002654,BACKFILL_AUTO
2026-07-11 18:40:52,1783795252,R_75,53900.4369,1,16.22989999999845,BACKFILL_AUTO
2026-07-11 18:40:54,1783795254,R_75,53881.3483,-1,19.08860000000277,BACKFILL_AUTO
2026-07-11 18:40:56,1783795256,R_75,53897.421,1,16.07270000000426,BACKFILL_AUTO
2026-07-11 18:40:58,1783795258,R_75,53901.9668,1,4.545799999999872,BACKFILL_AUTO
2026-07-11 18:41:00,1783795260,R_75,53900.924,-1,1.0428000000028987,BACKFILL_AUTO
2026-07-11 18:41:02,1783795262,R_75,53908.8642,1,7.940200000004552,BACKFILL_AUTO
2026-07-11 18:41:04,1783795264,R_75,53908.0029,-1,0.8613000000041211,BACKFILL_AUTO
2026-07-11 18:41:06,1783795266,R_75,53898.305,-1,9.697899999999208,BACKFILL_AUTO
2026-07-11 18:41:08,1783795268,R_75,53898.6445,1,0.33950000000186265,BACKFILL_AUTO
2026-07-11 18:41:10,1783795270,R_75,53912.5799,1,13.935399999994843,BACKFILL_AUTO
2026-07-11 18:41:12,1783795272,R_75,53906.9882,-1,5.591699999997218,BACKFILL_AUTO
2026-07-11 18:41:14,1783795274,R_75,53912.5399,1,5.5517000000036205,BACKFILL_AUTO
2026-07-11 18:41:16,1783795276,R_75,53897.2493,-1,15.290600000000268,BACKFILL_AUTO
2026-07-11 18:41:18,1783795278,R_75,53911.8579,1,14.60859999999957,BACKFILL_AUTO
2026-07-11 18:41:20,1783795280,R_75,53907.2677,-1,4.590200000006007,BACKFILL_AUTO
2026-07-11 18:41:22,1783795282,R_75,53911.6611,1,4.393400000000838,BACKFILL_AUTO
2026-07-11 18:41:24,1783795284,R_75,53908.2981,-1,3.3629999999975553,BACKFILL_AUTO
2026-07-11 18:41:26,1783795286,R_75,53914.0772,1,5.779099999999744,BACKFILL_AUTO
2026-07-11 18:41:28,1783795288,R_75,53892.3221,-1,21.75510000000213,BACKFILL_AUTO
2026-07-11 18:41:30,1783795290,R_75,53889.6251,-1,2.6970000000001164,BACKFILL_AUTO
2026-07-11 18:41:32,1783795292,R_75,53897.7407,1,8.115600000004633,BACKFILL_AUTO
2026-07-11 18:41:34,1783795294,R_75,53933.8992,1,36.15849999999773,BACKFILL_AUTO
2026-07-11 18:41:36,1783795296,R_75,53946.5823,1,12.683100000002014,BACKFILL_AUTO
2026-07-11 18:41:38,1783795298,R_75,53939.5393,-1,7.043000000005122,BACKFILL_AUTO
2026-07-11 18:41:40,1783795300,R_75,53949.3762,1,9.83690000000206,BACKFILL_AUTO
2026-07-11 18:41:42,1783795302,R_75,53943.0046,-1,6.37159999999858,BACKFILL_AUTO
2026-07-11 18:41:44,1783795304,R_75,53940.2553,-1,2.7493000000031316,BACKFILL_AUTO
2026-07-11 18:41:46,1783795306,R_75,53942.2792,1,2.0239000000001397,BACKFILL_AUTO
2026-07-11 18:41:48,1783795308,R_75,53946.1769,1,3.8977000000013504,BACKFILL_AUTO
2026-07-11 18:41:50,1783795310,R_75,53941.5009,-1,4.675999999999476,BACKFILL_AUTO
2026-07-11 18:41:52,1783795312,R_75,53942.6816,1,1.1807000000044354,BACKFILL_AUTO
2026-07-11 18:41:54,1783795314,R_75,53944.5689,1,1.887299999994866,BACKFILL_AUTO
2026-07-11 18:41:56,1783795316,R_75,53957.8487,1,13.279800000003888,BACKFILL_AUTO
2026-07-11 18:41:58,1783795318,R_75,53957.5365,-1,0.3122000000003027,BACKFILL_AUTO
2026-07-11 18:42:00,1783795320,R_75,53953.8084,-1,3.7281000000002678,BACKFILL_AUTO
2026-07-11 18:42:02,1783795322,R_75,53945.7089,-1,8.0995000000039,BACKFILL_AUTO
2026-07-11 18:42:04,1783795324,R_75,53924.1706,-1,21.538300000000163,BACKFILL_AUTO
2026-07-11 18:42:06,1783795326,R_75,53909.6183,-1,14.55229999999574,BACKFILL_AUTO
2026-07-11 18:42:08,1783795328,R_75,53915.8971,1,6.278800000000047,BACKFILL_AUTO
2026-07-11 18:42:10,1783795330,R_75,53911.6833,-1,4.213800000004994,BACKFILL_AUTO
2026-07-11 18:42:12,1783795332,R_75,53916.1161,1,4.432800000002317,BACKFILL_AUTO
2026-07-11 18:42:14,1783795334,R_75,53906.7188,-1,9.397299999996903,BACKFILL_AUTO
2026-07-11 18:42:16,1783795336,R_75,53901.6023,-1,5.116500000003725,BACKFILL_AUTO
2026-07-11 18:42:18,1783795338,R_75,53893.4657,-1,8.136599999997998,BACKFILL_AUTO
2026-07-11 18:42:20,1783795340,R_75,53886.677,-1,6.788699999997334,BACKFILL_AUTO
2026-07-11 18:42:22,1783795342,R_75,53899.8204,1,13.143399999993562,BACKFILL_AUTO
2026-07-11 18:42:24,1783795344,R_75,53893.7787,-1,6.041699999994307,BACKFILL_AUTO
2026-07-11 18:42:26,1783795346,R_75,53885.9678,-1,7.81090000000404,BACKFILL_AUTO
2026-07-11 18:42:28,1783795348,R_75,53890.7043,1,4.736499999999069,BACKFILL_AUTO
2026-07-11 18:42:30,1783795350,R_75,53887.784,-1,2.920299999997951,BACKFILL_AUTO
2026-07-11 18:42:32,1783795352,R_75,53901.8524,1,14.068400000003749,BACKFILL_AUTO
2026-07-11 18:42:34,1783795354,R_75,53899.3972,-1,2.4552000000039698,BACKFILL_AUTO
2026-07-11 18:42:36,1783795356,R_75,53903.459,1,4.061800000003132,BACKFILL_AUTO
2026-07-11 18:42:38,1783795358,R_75,53912.7823,1,9.32329999999638,BACKFILL_AUTO
2026-07-11 18:42:40,1783795360,R_75,53903.348,-1,9.434300000000803,BACKFILL_AUTO
2026-07-11 18:42:42,1783795362,R_75,53907.5797,1,4.2317000000039116,BACKFILL_AUTO
2026-07-11 18:42:44,1783795364,R_75,53905.5666,-1,2.01310000000376,BACKFILL_AUTO
2026-07-11 18:42:46,1783795366,R_75,53898.5239,-1,7.042699999998149,BACKFILL_AUTO
2026-07-11 18:42:48,1783795368,R_75,53916.1012,1,17.577299999997194,BACKFILL_AUTO
2026-07-11 18:42:50,1783795370,R_75,53927.2137,1,11.11250000000291,BACKFILL_AUTO
2026-07-11 18:42:52,1783795372,R_75,53917.1644,-1,10.049299999998766,BACKFILL_AUTO
2026-07-11 18:42:54,1783795374,R_75,53907.9224,-1,9.24199999999837,BACKFILL_AUTO
2026-07-11 18:42:56,1783795376,R_75,53905.3189,-1,2.603500000004715,BACKFILL_AUTO
2026-07-11 18:42:58,1783795378,R_75,53902.1261,-1,3.192799999997078,BACKFILL_AUTO
2026-07-11 18:43:00,1783795380,R_75,53897.2986,-1,4.827499999999418,BACKFILL_AUTO
2026-07-11 18:43:02,1783795382,R_75,53886.0626,-1,11.236000000004424,BACKFILL_AUTO
2026-07-11 18:43:04,1783795384,R_75,53874.4154,-1,11.64719999999943,BACKFILL_AUTO
2026-07-11 18:43:06,1783795386,R_75,53867.6605,-1,6.754899999999907,BACKFILL_AUTO
2026-07-11 18:43:08,1783795388,R_75,53857.4048,-1,10.255700000001525,BACKFILL_AUTO
2026-07-11 18:43:10,1783795390,R_75,53855.6067,-1,1.7980999999999767,BACKFILL_AUTO
2026-07-11 18:43:12,1783795392,R_75,53852.2014,-1,3.405299999998533,BACKFILL_AUTO
2026-07-11 18:43:14,1783795394,R_75,53847.3448,-1,4.856599999999162,BACKFILL_AUTO
2026-07-11 18:43:16,1783795396,R_75,53865.8559,1,18.511100000003353,BACKFILL_AUTO
2026-07-11 18:43:18,1783795398,R_75,53853.6314,-1,12.2245000000039,BACKFILL_AUTO
2026-07-11 18:43:20,1783795400,R_75,53844.0969,-1,9.534500000001572,BACKFILL_AUTO
2026-07-11 18:43:22,1783795402,R_75,53844.7687,1,0.6718000000037136,BACKFILL_AUTO
2026-07-11 18:43:24,1783795404,R_75,53837.3273,-1,7.441400000003341,BACKFILL_AUTO
2026-07-11 18:43:26,1783795406,R_75,53840.3973,1,3.069999999999709,BACKFILL_AUTO
2026-07-11 18:43:28,1783795408,R_75,53856.2774,1,15.88010000000213,BACKFILL_AUTO
2026-07-11 18:43:30,1783795410,R_75,53853.2754,-1,3.0020000000004075,BACKFILL_AUTO
2026-07-11 18:43:32,1783795412,R_75,53848.6075,-1,4.6679000000003725,BACKFILL_AUTO
2026-07-11 18:43:34,1783795414,R_75,53841.3843,-1,7.223200000000361,BACKFILL_AUTO
2026-07-11 18:43:36,1783795416,R_75,53845.638,1,4.253700000001118,BACKFILL_AUTO
2026-07-11 18:43:38,1783795418,R_75,53829.0654,-1,16.57259999999951,BACKFILL_AUTO
2026-07-11 18:43:40,1783795420,R_75,53833.3465,1,4.281100000000151,BACKFILL_AUTO
2026-07-11 18:43:42,1783795422,R_75,53830.4036,-1,2.9429000000018277,BACKFILL_AUTO
2026-07-11 18:43:44,1783795424,R_75,53838.8448,1,8.441200000001118,BACKFILL_AUTO
2026-07-11 18:43:46,1783795426,R_75,53832.2205,-1,6.624299999995856,BACKFILL_AUTO
2026-07-11 18:43:48,1783795428,R_75,53825.7752,-1,6.445300000006682,BACKFILL_AUTO
2026-07-11 18:43:50,1783795430,R_75,53829.2359,1,3.4607000000032713,BACKFILL_AUTO
2026-07-11 18:43:52,1783795432,R_75,53826.6322,-1,2.6036999999996624,BACKFILL_AUTO
2026-07-11 18:43:54,1783795434,R_75,53826.9501,1,0.3179000000018277,BACKFILL_AUTO
2026-07-11 18:43:56,1783795436,R_75,53833.02,1,6.069899999994959,BACKFILL_AUTO
2026-07-11 18:43:58,1783795438,R_75,53850.0849,1,17.064900000004855,BACKFILL_AUTO
2026-07-11 18:44:00,1783795440,R_75,53844.4525,-1,5.632400000002235,BACKFILL_AUTO
2026-07-11 18:44:02,1783795442,R_75,53846.4147,1,1.9622000000017579,BACKFILL_AUTO
2026-07-11 18:44:04,1783795444,R_75,53854.7236,1,8.308899999996356,BACKFILL_AUTO
2026-07-11 18:44:06,1783795446,R_75,53860.7837,1,6.060100000002421,BACKFILL_AUTO
2026-07-11 18:44:08,1783795448,R_75,53846.2227,-1,14.561000000001513,BACKFILL_AUTO
2026-07-11 18:44:10,1783795450,R_75,53832.0273,-1,14.19539999999688,BACKFILL_AUTO
2026-07-11 18:44:12,1783795452,R_75,53837.474,1,5.446700000000419,BACKFILL_AUTO
2026-07-11 18:44:14,1783795454,R_75,53843.0269,1,5.552899999995134,BACKFILL_AUTO
2026-07-11 18:44:16,1783795456,R_75,53839.1419,-1,3.8849999999947613,BACKFILL_AUTO
2026-07-11 18:44:18,1783795458,R_75,53854.3207,1,15.178799999994226,BACKFILL_AUTO
2026-07-11 18:44:20,1783795460,R_75,53828.2591,-1,26.061599999993632,BACKFILL_AUTO
2026-07-11 18:44:22,1783795462,R_75,53827.4413,-1,0.8178000000043539,BACKFILL_AUTO
2026-07-11 18:44:24,1783795464,R_75,53824.0964,-1,3.3448999999964144,BACKFILL_AUTO
2026-07-11 18:44:26,1783795466,R_75,53834.1998,1,10.103399999999965,BACKFILL_AUTO
2026-07-11 18:44:28,1783795468,R_75,53837.7341,1,3.534299999999348,BACKFILL_AUTO
2026-07-11 18:44:30,1783795470,R_75,53840.5606,1,2.826499999995576,BACKFILL_AUTO
2026-07-11 18:44:32,1783795472,R_75,53849.4101,1,8.8495000000039,BACKFILL_AUTO
2026-07-11 18:44:34,1783795474,R_75,53854.0034,1,4.593300000000454,BACKFILL_AUTO
2026-07-11 18:44:36,1783795476,R_75,53862.3668,1,8.363400000002002,BACKFILL_AUTO
2026-07-11 18:44:38,1783795478,R_75,53839.4872,-1,22.87960000000021,BACKFILL_AUTO
2026-07-11 18:44:40,1783795480,R_75,53812.4525,-1,27.034700000003795,BACKFILL_AUTO
2026-07-11 18:44:42,1783795482,R_75,53800.6611,-1,11.791400000001886,BACKFILL_AUTO
2026-07-11 18:44:44,1783795484,R_75,53797.3688,-1,3.292300000000978,BACKFILL_AUTO
2026-07-11 18:44:46,1783795486,R_75,53794.3301,-1,3.038699999997334,BACKFILL_AUTO
2026-07-11 18:44:48,1783795488,R_75,53791.6847,-1,2.6454000000012456,BACKFILL_AUTO
2026-07-11 18:44:50,1783795490,R_75,53793.7472,1,2.0625,BACKFILL_AUTO
2026-07-11 18:44:52,1783795492,R_75,53792.6097,-1,1.1374999999970896,BACKFILL_AUTO
2026-07-11 18:44:54,1783795494,R_75,53793.9309,1,1.3211999999984982,BACKFILL_AUTO
2026-07-11 18:44:56,1783795496,R_75,53796.5977,1,2.666799999999057,BACKFILL_AUTO
2026-07-11 18:44:58,1783795498,R_75,53787.1746,-1,9.423099999999977,BACKFILL_AUTO
2026-07-11 18:45:00,1783795500,R_75,53779.4856,-1,7.688999999998487,BACKFILL_AUTO
2026-07-11 18:45:02,1783795502,R_75,53779.5797,1,0.09410000000207219,BACKFILL_AUTO
2026-07-11 18:45:04,1783795504,R_75,53781.0918,1,1.5120999999999185,BACKFILL_AUTO
2026-07-11 18:45:06,1783795506,R_75,53780.8985,-1,0.19329999999899883,BACKFILL_AUTO
2026-07-11 18:45:08,1783795508,R_75,53795.0844,1,14.185899999996764,BACKFILL_AUTO
2026-07-11 18:45:10,1783795510,R_75,53794.7544,-1,0.33000000000174623,BACKFILL_AUTO
2026-07-11 18:45:12,1783795512,R_75,53784.3334,-1,10.42099999999482,BACKFILL_AUTO
2026-07-11 18:45:14,1783795514,R_75,53756.2401,-1,28.093300000000454,BACKFILL_AUTO
2026-07-11 18:45:16,1783795516,R_75,53751.3937,-1,4.846400000002177,BACKFILL_AUTO
2026-07-11 18:45:18,1783795518,R_75,53763.1247,1,11.730999999999767,BACKFILL_AUTO
2026-07-11 18:45:20,1783795520,R_75,53763.7106,1,0.5858999999982188,BACKFILL_AUTO
2026-07-11 18:45:22,1783795522,R_75,53756.5201,-1,7.190499999996973,BACKFILL_AUTO
2026-07-11 18:45:24,1783795524,R_75,53762.3758,1,5.85570000000007,BACKFILL_AUTO
2026-07-11 18:45:26,1783795526,R_75,53773.0879,1,10.712099999997008,BACKFILL_AUTO
2026-07-11 18:45:28,1783795528,R_75,53774.1721,1,1.0842000000047847,BACKFILL_AUTO
2026-07-11 18:45:30,1783795530,R_75,53777.1869,1,3.0147999999971944,BACKFILL_AUTO
2026-07-11 18:45:32,1783795532,R_75,53780.4791,1,3.292199999996228,BACKFILL_AUTO
2026-07-11 18:45:34,1783795534,R_75,53776.2902,-1,4.188899999993737,BACKFILL_AUTO
2026-07-11 18:45:36,1783795536,R_75,53772.9317,-1,3.3585000000020955,BACKFILL_AUTO
2026-07-11 18:45:38,1783795538,R_75,53777.2353,1,4.303599999999278,BACKFILL_AUTO
2026-07-11 18:45:40,1783795540,R_75,53761.7498,-1,15.485500000002503,BACKFILL_AUTO
2026-07-11 18:45:42,1783795542,R_75,53762.2003,1,0.45049999999901047,BACKFILL_AUTO
2026-07-11 18:45:44,1783795544,R_75,53764.605,1,2.4047000000064145,BACKFILL_AUTO
2026-07-11 18:45:46,1783795546,R_75,53773.2996,1,8.694599999995262,BACKFILL_AUTO
2026-07-11 18:45:48,1783795548,R_75,53765.1894,-1,8.11019999999553,BACKFILL_AUTO
2026-07-11 18:45:50,1783795550,R_75,53768.0382,1,2.8487999999997555,BACKFILL_AUTO
2026-07-11 18:45:52,1783795552,R_75,53767.531,-1,0.5072000000000116,BACKFILL_AUTO
2026-07-11 18:45:54,1783795554,R_75,53777.6778,1,10.146799999994982,BACKFILL_AUTO
2026-07-11 18:45:56,1783795556,R_75,53767.2528,-1,10.424999999995634,BACKFILL_AUTO
2026-07-11 18:45:58,1783795558,R_75,53763.3202,-1,3.932600000000093,BACKFILL_AUTO
2026-07-11 18:46:00,1783795560,R_75,53748.2543,-1,15.06590000000142,BACKFILL_AUTO
2026-07-11 18:46:02,1783795562,R_75,53766.5123,1,18.25800000000163,BACKFILL_AUTO
2026-07-11 18:46:04,1783795564,R_75,53770.7615,1,4.249199999998382,BACKFILL_AUTO
2026-07-11 18:46:06,1783795566,R_75,53775.7551,1,4.9936000000016065,BACKFILL_AUTO
2026-07-11 18:46:08,1783795568,R_75,53779.665,1,3.9098999999987427,BACKFILL_AUTO
2026-07-11 18:46:10,1783795570,R_75,53763.9894,-1,15.675600000002305,BACKFILL_AUTO
2026-07-11 18:46:12,1783795572,R_75,53757.6786,-1,6.31079999999929,BACKFILL_AUTO
2026-07-11 18:46:14,1783795574,R_75,53717.3268,-1,40.35179999999673,BACKFILL_AUTO
2026-07-11 18:46:16,1783795576,R_75,53705.8106,-1,11.516200000005483,BACKFILL_AUTO
2026-07-11 18:46:18,1783795578,R_75,53714.2173,1,8.406699999999546,BACKFILL_AUTO
2026-07-11 18:46:20,1783795580,R_75,53710.1555,-1,4.061799999995856,BACKFILL_AUTO
2026-07-11 18:46:22,1783795582,R_75,53705.9059,-1,4.249600000002829,BACKFILL_AUTO
2026-07-11 18:46:24,1783795584,R_75,53701.7657,-1,4.1401999999943655,BACKFILL_AUTO
2026-07-11 18:46:26,1783795586,R_75,53710.313,1,8.547299999998359,BACKFILL_AUTO
2026-07-11 18:46:28,1783795588,R_75,53698.1478,-1,12.165200000003097,BACKFILL_AUTO
2026-07-11 18:46:30,1783795590,R_75,53691.7917,-1,6.356099999997241,BACKFILL_AUTO
2026-07-11 18:46:32,1783795592,R_75,53690.3217,-1,1.4700000000011642,BACKFILL_AUTO
2026-07-11 18:46:34,1783795594,R_75,53709.8119,1,19.490200000000186,BACKFILL_AUTO
2026-07-11 18:46:36,1783795596,R_75,53679.4579,-1,30.35399999999936,BACKFILL_AUTO
2026-07-11 18:46:38,1783795598,R_75,53672.5263,-1,6.931600000003527,BACKFILL_AUTO
2026-07-11 18:46:40,1783795600,R_75,53679.8892,1,7.3629000000000815,BACKFILL_AUTO
2026-07-11 18:46:42,1783795602,R_75,53690.1592,1,10.270000000004075,BACKFILL_AUTO
2026-07-11 18:46:44,1783795604,R_75,53675.994,-1,14.165200000003097,BACKFILL_AUTO
2026-07-11 18:46:46,1783795606,R_75,53675.4367,-1,0.5573000000003958,BACKFILL_AUTO
2026-07-11 18:46:48,1783795608,R_75,53677.0684,1,1.6316999999980908,BACKFILL_AUTO
2026-07-11 18:46:50,1783795610,R_75,53685.8916,1,8.823200000006182,BACKFILL_AUTO
2026-07-11 18:46:52,1783795612,R_75,53689.3025,1,3.4108999999953085,BACKFILL_AUTO
2026-07-11 18:46:54,1783795614,R_75,53703.8151,1,14.51260000000184,BACKFILL_AUTO
2026-07-11 18:46:56,1783795616,R_75,53698.3675,-1,5.447599999999511,BACKFILL_AUTO
2026-07-11 18:46:58,1783795618,R_75,53718.8939,1,20.526400000002468,BACKFILL_AUTO
2026-07-11 18:47:00,1783795620,R_75,53706.8085,-1,12.085400000003574,BACKFILL_AUTO
2026-07-11 18:47:02,1783795622,R_75,53696.0467,-1,10.761800000000221,BACKFILL_AUTO
2026-07-11 18:47:04,1783795624,R_75,53703.7638,1,7.717100000001665,BACKFILL_AUTO
2026-07-11 18:47:06,1783795626,R_75,53706.7038,1,2.9400000000023283,BACKFILL_AUTO
2026-07-11 18:47:08,1783795628,R_75,53714.7568,1,8.052999999999884,BACKFILL_AUTO
2026-07-11 18:47:10,1783795630,R_75,53720.0966,1,5.339799999994284,BACKFILL_AUTO
2026-07-11 18:47:12,1783795632,R_75,53705.7367,-1,14.359899999995832,BACKFILL_AUTO
2026-07-11 18:47:14,1783795634,R_75,53714.8111,1,9.074399999997695,BACKFILL_AUTO
2026-07-11 18:47:16,1783795636,R_75,53721.319,1,6.507900000004156,BACKFILL_AUTO
2026-07-11 18:47:18,1783795638,R_75,53723.3551,1,2.036099999997532,BACKFILL_AUTO
2026-07-11 18:47:20,1783795640,R_75,53728.8966,1,5.54149999999936,BACKFILL_AUTO
2026-07-11 18:47:22,1783795642,R_75,53717.8651,-1,11.031499999997322,BACKFILL_AUTO
2026-07-11 18:47:24,1783795644,R_75,53705.125,-1,12.740100000002712,BACKFILL_AUTO
2026-07-11 18:47:26,1783795646,R_75,53711.3917,1,6.266700000000128,BACKFILL_AUTO
2026-07-11 18:47:28,1783795648,R_75,53717.9591,1,6.567399999999907,BACKFILL_AUTO
2026-07-11 18:47:30,1783795650,R_75,53713.7019,-1,4.257200000000012,BACKFILL_AUTO
2026-07-11 18:47:32,1783795652,R_75,53709.0975,-1,4.604399999996531,BACKFILL_AUTO
2026-07-11 18:47:34,1783795654,R_75,53710.129,1,1.0314999999973224,BACKFILL_AUTO
2026-07-11 18:47:36,1783795656,R_75,53727.2107,1,17.081700000002456,BACKFILL_AUTO
2026-07-11 18:47:38,1783795658,R_75,53733.9887,1,6.777999999998428,BACKFILL_AUTO
2026-07-11 18:47:40,1783795660,R_75,53722.4464,-1,11.542300000000978,BACKFILL_AUTO
2026-07-11 18:47:42,1783795662,R_75,53715.0122,-1,7.4342000000033295,BACKFILL_AUTO
2026-07-11 18:47:44,1783795664,R_75,53706.0805,-1,8.931700000001001,BACKFILL_AUTO
2026-07-11 18:47:46,1783795666,R_75,53710.4887,1,4.4082000000053085,BACKFILL_AUTO
2026-07-11 18:47:48,1783795668,R_75,53722.9273,1,12.438600000001315,BACKFILL_AUTO
2026-07-11 18:47:50,1783795670,R_75,53721.5495,-1,1.3778000000020256,BACKFILL_AUTO
2026-07-11 18:47:52,1783795672,R_75,53713.8749,-1,7.674599999998463,BACKFILL_AUTO
2026-07-11 18:47:54,1783795674,R_75,53717.8854,1,4.010499999996682,BACKFILL_AUTO
2026-07-11 18:47:56,1783795676,R_75,53728.533,1,10.647600000003877,BACKFILL_AUTO
2026-07-11 18:47:58,1783795678,R_75,53730.7606,1,2.227599999998347,BACKFILL_AUTO
2026-07-11 18:48:00,1783795680,R_75,53724.9208,-1,5.83980000000156,BACKFILL_AUTO
2026-07-11 18:48:02,1783795682,R_75,53729.7093,1,4.7885000000023865,BACKFILL_AUTO
2026-07-11 18:48:04,1783795684,R_75,53749.6933,1,19.98399999999674,BACKFILL_AUTO
2026-07-11 18:48:06,1783795686,R_75,53745.7537,-1,3.9395999999978812,BACKFILL_AUTO
2026-07-11 18:48:08,1783795688,R_75,53739.3808,-1,6.372900000002119,BACKFILL_AUTO
2026-07-11 18:48:10,1783795690,R_75,53723.2141,-1,16.166700000001583,BACKFILL_AUTO
2026-07-11 18:48:12,1783795692,R_75,53719.6827,-1,3.5313999999998487,BACKFILL_AUTO
2026-07-11 18:48:14,1783795694,R_75,53715.8306,-1,3.852099999996426,BACKFILL_AUTO
2026-07-11 18:48:16,1783795696,R_75,53707.9069,-1,7.923699999999371,BACKFILL_AUTO
2026-07-11 18:48:18,1783795698,R_75,53706.4306,-1,1.4763000000020838,BACKFILL_AUTO
2026-07-11 18:48:20,1783795700,R_75,53713.2404,1,6.809800000002724,BACKFILL_AUTO
2026-07-11 18:48:22,1783795702,R_75,53697.983,-1,15.257400000002235,BACKFILL_AUTO
2026-07-11 18:48:24,1783795704,R_75,53681.7438,-1,16.23920000000362,BACKFILL_AUTO
2026-07-11 18:48:26,1783795706,R_75,53684.3441,1,2.600300000005518,BACKFILL_AUTO
2026-07-11 18:48:28,1783795708,R_75,53695.9203,1,11.576199999995879,BACKFILL_AUTO
2026-07-11 18:48:30,1783795710,R_75,53691.6963,-1,4.223999999994703,BACKFILL_AUTO
2026-07-11 18:48:32,1783795712,R_75,53693.4724,1,1.7760999999954947,BACKFILL_AUTO
2026-07-11 18:48:34,1783795714,R_75,53683.2757,-1,10.196700000000419,BACKFILL_AUTO
2026-07-11 18:48:36,1783795716,R_75,53674.6561,-1,8.619599999998172,BACKFILL_AUTO
2026-07-11 18:48:38,1783795718,R_75,53657.6478,-1,17.008300000001327,BACKFILL_AUTO
2026-07-11 18:48:40,1783795720,R_75,53668.127,1,10.479200000001583,BACKFILL_AUTO
2026-07-11 18:48:42,1783795722,R_75,53667.6651,-1,0.46190000000206055,BACKFILL_AUTO
2026-07-11 18:48:44,1783795724,R_75,53661.4992,-1,6.165899999999965,BACKFILL_AUTO
2026-07-11 18:48:46,1783795726,R_75,53662.6643,1,1.165099999998347,BACKFILL_AUTO
2026-07-11 18:48:48,1783795728,R_75,53660.3067,-1,2.3575999999957276,BACKFILL_AUTO
2026-07-11 18:48:50,1783795730,R_75,53677.4471,1,17.14039999999659,BACKFILL_AUTO
2026-07-11 18:48:52,1783795732,R_75,53679.1717,1,1.7246000000013737,BACKFILL_AUTO
2026-07-11 18:48:54,1783795734,R_75,53676.6145,-1,2.557199999995646,BACKFILL_AUTO
2026-07-11 18:48:56,1783795736,R_75,53679.0067,1,2.392199999994773,BACKFILL_AUTO
2026-07-11 18:48:58,1783795738,R_75,53670.4686,-1,8.53809999999794,BACKFILL_AUTO
2026-07-11 18:49:00,1783795740,R_75,53650.0454,-1,20.42319999999745,BACKFILL_AUTO
2026-07-11 18:49:02,1783795742,R_75,53645.5916,-1,4.453800000002957,BACKFILL_AUTO
2026-07-11 18:49:04,1783795744,R_75,53629.3218,-1,16.26980000000185,BACKFILL_AUTO
2026-07-11 18:49:06,1783795746,R_75,53624.5705,-1,4.751299999996263,BACKFILL_AUTO
2026-07-11 18:49:08,1783795748,R_75,53618.4263,-1,6.144200000002456,BACKFILL_AUTO
2026-07-11 18:49:10,1783795750,R_75,53615.7903,-1,2.635999999998603,BACKFILL_AUTO
2026-07-11 18:49:12,1783795752,R_75,53620.9221,1,5.1318000000028405,BACKFILL_AUTO
2026-07-11 18:49:14,1783795754,R_75,53616.3864,-1,4.535700000000361,BACKFILL_AUTO
2026-07-11 18:49:16,1783795756,R_75,53633.2839,1,16.897499999999127,BACKFILL_AUTO
2026-07-11 18:49:18,1783795758,R_75,53637.0642,1,3.780299999998533,BACKFILL_AUTO
2026-07-11 18:49:20,1783795760,R_75,53645.1207,1,8.056499999998778,BACKFILL_AUTO
2026-07-11 18:49:22,1783795762,R_75,53646.6064,1,1.4856999999974505,BACKFILL_AUTO
2026-07-11 18:49:24,1783795764,R_75,53656.6282,1,10.021800000002258,BACKFILL_AUTO
2026-07-11 18:49:26,1783795766,R_75,53653.0647,-1,3.5634999999965657,BACKFILL_AUTO
2026-07-11 18:49:28,1783795768,R_75,53650.0582,-1,3.006500000003143,BACKFILL_AUTO
2026-07-11 18:49:30,1783795770,R_75,53630.7508,-1,19.30739999999787,BACKFILL_AUTO
2026-07-11 18:49:32,1783795772,R_75,53627.0324,-1,3.7184000000052038,BACKFILL_AUTO
2026-07-11 18:49:34,1783795774,R_75,53603.1452,-1,23.887199999997392,BACKFILL_AUTO
2026-07-11 18:49:36,1783795776,R_75,53590.3972,-1,12.747999999999593,BACKFILL_AUTO
2026-07-11 18:49:38,1783795778,R_75,53593.215,1,2.817799999997078,BACKFILL_AUTO
2026-07-11 18:49:40,1783795780,R_75,53581.5321,-1,11.68289999999979,BACKFILL_AUTO
2026-07-11 18:49:42,1783795782,R_75,53582.9218,1,1.3896999999997206,BACKFILL_AUTO
2026-07-11 18:49:44,1783795784,R_75,53591.2004,1,8.278600000005099,BACKFILL_AUTO
2026-07-11 18:49:46,1783795786,R_75,53602.2092,1,11.008799999995972,BACKFILL_AUTO
2026-07-11 18:49:48,1783795788,R_75,53595.7463,-1,6.462899999998626,BACKFILL_AUTO
2026-07-11 18:49:50,1783795790,R_75,53580.5241,-1,15.22219999999652,BACKFILL_AUTO
2026-07-11 18:49:52,1783795792,R_75,53576.2688,-1,4.255300000004354,BACKFILL_AUTO
2026-07-11 18:49:54,1783795794,R_75,53579.3285,1,3.0597000000052503,BACKFILL_AUTO
2026-07-11 18:49:56,1783795796,R_75,53568.3713,-1,10.957200000004377,BACKFILL_AUTO
2026-07-11 18:49:58,1783795798,R_75,53564.1559,-1,4.215400000000955,BACKFILL_AUTO
2026-07-11 18:50:00,1783795800,R_75,53556.8553,-1,7.300599999995029,BACKFILL_AUTO
2026-07-11 18:50:02,1783795802,R_75,53572.3289,1,15.473599999997532,BACKFILL_AUTO
2026-07-11 18:50:04,1783795804,R_75,53580.3402,1,8.0112999999983,BACKFILL_AUTO
2026-07-11 18:50:06,1783795806,R_75,53566.8127,-1,13.527499999996508,BACKFILL_AUTO
2026-07-11 18:50:08,1783795808,R_75,53566.3557,-1,0.4570000000021537,BACKFILL_AUTO
2026-07-11 18:50:10,1783795810,R_75,53548.8449,-1,17.510800000003655,BACKFILL_AUTO
2026-07-11 18:50:12,1783795812,R_75,53550.9927,1,2.1478000000061,BACKFILL_AUTO
2026-07-11 18:50:14,1783795814,R_75,53532.796,-1,18.19670000000042,BACKFILL_AUTO
2026-07-11 18:50:16,1783795816,R_75,53529.4233,-1,3.3726999999998952,BACKFILL_AUTO
2026-07-11 18:50:18,1783795818,R_75,53536.0212,1,6.597900000000664,BACKFILL_AUTO
2026-07-11 18:50:20,1783795820,R_75,53525.5658,-1,10.455400000006193,BACKFILL_AUTO
2026-07-11 18:50:22,1783795822,R_75,53527.4299,1,1.8641000000061467,BACKFILL_AUTO
2026-07-11 18:50:24,1783795824,R_75,53543.9144,1,16.48449999999866,BACKFILL_AUTO
2026-07-11 18:50:26,1783795826,R_75,53562.0919,1,18.177499999997963,BACKFILL_AUTO
2026-07-11 18:50:28,1783795828,R_75,53555.8612,-1,6.23070000000007,BACKFILL_AUTO
2026-07-11 18:50:30,1783795830,R_75,53558.247,1,2.3858000000036554,BACKFILL_AUTO
2026-07-11 18:50:32,1783795832,R_75,53566.9247,1,8.677700000000186,BACKFILL_AUTO
2026-07-11 18:50:34,1783795834,R_75,53556.9041,-1,10.02060000000347,BACKFILL_AUTO
2026-07-11 18:50:36,1783795836,R_75,53551.0654,-1,5.8387000000002445,BACKFILL_AUTO
2026-07-11 18:50:38,1783795838,R_75,53558.6916,1,7.626199999998789,BACKFILL_AUTO
2026-07-11 18:50:40,1783795840,R_75,53561.6974,1,3.005799999998999,BACKFILL_AUTO
2026-07-11 18:50:42,1783795842,R_75,53562.5111,1,0.8137000000060652,BACKFILL_AUTO
2026-07-11 18:50:44,1783795844,R_75,53569.2079,1,6.696799999997893,BACKFILL_AUTO
2026-07-11 18:50:46,1783795846,R_75,53563.7561,-1,5.4518000000025495,BACKFILL_AUTO
2026-07-11 18:50:48,1783795848,R_75,53540.1145,-1,23.64159999999538,BACKFILL_AUTO
2026-07-11 18:50:50,1783795850,R_75,53548.0977,1,7.983199999995122,BACKFILL_AUTO
2026-07-11 18:50:52,1783795852,R_75,53551.3606,1,3.2629000000015367,BACKFILL_AUTO
2026-07-11 18:50:54,1783795854,R_75,53556.5664,1,5.205800000003364,BACKFILL_AUTO
2026-07-11 18:50:56,1783795856,R_75,53543.3636,-1,13.202800000006391,BACKFILL_AUTO
2026-07-11 18:50:58,1783795858,R_75,53545.842,1,2.478399999999965,BACKFILL_AUTO
2026-07-11 18:51:00,1783795860,R_75,53563.416,1,17.574000000000524,BACKFILL_AUTO
2026-07-11 18:51:02,1783795862,R_75,53571.5326,1,8.116600000001199,BACKFILL_AUTO
2026-07-11 18:51:04,1783795864,R_75,53562.4581,-1,9.074499999995169,BACKFILL_AUTO
2026-07-11 18:51:06,1783795866,R_75,53569.1221,1,6.663999999997031,BACKFILL_AUTO
2026-07-11 18:51:08,1783795868,R_75,53570.6165,1,1.4943999999959487,BACKFILL_AUTO
2026-07-11 18:51:10,1783795870,R_75,53571.5228,1,0.9063000000023749,BACKFILL_AUTO
2026-07-11 18:51:12,1783795872,R_75,53566.9654,-1,4.55739999999787,BACKFILL_AUTO
2026-07-11 18:51:14,1783795874,R_75,53556.844,-1,10.121400000003632,BACKFILL_AUTO
2026-07-11 18:51:16,1783795876,R_75,53554.8272,-1,2.016799999997602,BACKFILL_AUTO
2026-07-11 18:51:18,1783795878,R_75,53558.79,1,3.9628000000011525,BACKFILL_AUTO
2026-07-11 18:51:20,1783795880,R_75,53553.9914,-1,4.798600000001898,BACKFILL_AUTO
2026-07-11 18:51:22,1783795882,R_75,53555.4448,1,1.4533999999985099,BACKFILL_AUTO
2026-07-11 18:51:24,1783795884,R_75,53538.3445,-1,17.100299999998242,BACKFILL_AUTO
2026-07-11 18:51:26,1783795886,R_75,53545.085,1,6.740499999999884,BACKFILL_AUTO
2026-07-11 18:51:28,1783795888,R_75,53554.1688,1,9.083800000000338,BACKFILL_AUTO
2026-07-11 18:51:30,1783795890,R_75,53562.9086,1,8.739800000003015,BACKFILL_AUTO
2026-07-11 18:51:32,1783795892,R_75,53557.2115,-1,5.697100000004866,BACKFILL_AUTO
2026-07-11 18:51:34,1783795894,R_75,53556.4657,-1,0.7457999999969616,BACKFILL_AUTO
2026-07-11 18:51:36,1783795896,R_75,53545.8064,-1,10.659299999999348,BACKFILL_AUTO
2026-07-11 18:51:38,1783795898,R_75,53535.2181,-1,10.588300000003073,BACKFILL_AUTO
2026-07-11 18:51:40,1783795900,R_75,53536.5366,1,1.3185000000012224,BACKFILL_AUTO
2026-07-11 18:51:42,1783795902,R_75,53533.726,-1,2.8105999999970663,BACKFILL_AUTO
2026-07-11 18:51:44,1783795904,R_75,53548.4829,1,14.756900000000314,BACKFILL_AUTO
2026-07-11 18:51:46,1783795906,R_75,53556.8215,1,8.338599999995495,BACKFILL_AUTO
2026-07-11 18:51:48,1783795908,R_75,53556.9768,1,0.15529999999853317,BACKFILL_AUTO
2026-07-11 18:51:50,1783795910,R_75,53572.3059,1,15.329100000002654,BACKFILL_AUTO
2026-07-11 18:51:52,1783795912,R_75,53566.9219,-1,5.383999999998196,BACKFILL_AUTO
2026-07-11 18:51:54,1783795914,R_75,53576.4525,1,9.53059999999823,BACKFILL_AUTO
2026-07-11 18:51:56,1783795916,R_75,53568.9974,-1,7.45509999999922,BACKFILL_AUTO
2026-07-11 18:51:58,1783795918,R_75,53577.8107,1,8.813300000001618,BACKFILL_AUTO
2026-07-11 18:52:00,1783795920,R_75,53568.2818,-1,9.528900000004796,BACKFILL_AUTO
2026-07-11 18:52:02,1783795922,R_75,53576.5137,1,8.231900000006135,BACKFILL_AUTO
2026-07-11 18:52:04,1783795924,R_75,53571.599,-1,4.914700000001176,BACKFILL_AUTO
2026-07-11 18:52:06,1783795926,R_75,53569.9853,-1,1.6137000000016997,BACKFILL_AUTO
2026-07-11 18:52:08,1783795928,R_75,53570.698,1,0.7126999999964028,BACKFILL_AUTO
2026-07-11 18:52:10,1783795930,R_75,53557.141,-1,13.556999999993423,BACKFILL_AUTO
2026-07-11 18:52:12,1783795932,R_75,53571.7183,1,14.577299999997194,BACKFILL_AUTO
2026-07-11 18:52:14,1783795934,R_75,53572.7422,1,1.0239000000001397,BACKFILL_AUTO
2026-07-11 18:52:16,1783795936,R_75,53586.2972,1,13.555000000000291,BACKFILL_AUTO
2026-07-11 18:52:18,1783795938,R_75,53601.2905,1,14.99330000000191,BACKFILL_AUTO
2026-07-11 18:52:20,1783795940,R_75,53609.6241,1,8.333599999998114,BACKFILL_AUTO
2026-07-11 18:52:22,1783795942,R_75,53604.5932,-1,5.030899999997928,BACKFILL_AUTO
2026-07-11 18:52:24,1783795944,R_75,53615.8831,1,11.289899999996123,BACKFILL_AUTO
2026-07-11 18:52:26,1783795946,R_75,53621.0055,1,5.122400000000198,BACKFILL_AUTO
2026-07-11 18:52:28,1783795948,R_75,53627.7805,1,6.775000000001455,BACKFILL_AUTO
2026-07-11 18:52:30,1783795950,R_75,53641.8125,1,14.031999999999243,BACKFILL_AUTO
2026-07-11 18:52:32,1783795952,R_75,53631.9193,-1,9.893199999998615,BACKFILL_AUTO
2026-07-11 18:52:34,1783795954,R_75,53635.6124,1,3.6930999999967753,BACKFILL_AUTO
2026-07-11 18:52:36,1783795956,R_75,53637.5487,1,1.9363000000012107,BACKFILL_AUTO
2026-07-11 18:52:38,1783795958,R_75,53653.3947,1,15.84599999999773,BACKFILL_AUTO
2026-07-11 18:52:40,1783795960,R_75,53661.8198,1,8.425100000000384,BACKFILL_AUTO
2026-07-11 18:52:42,1783795962,R_75,53657.4825,-1,4.337299999999232,BACKFILL_AUTO
2026-07-11 18:52:44,1783795964,R_75,53668.5309,1,11.048399999999674,BACKFILL_AUTO
2026-07-11 18:52:46,1783795966,R_75,53664.7532,-1,3.777699999998731,BACKFILL_AUTO
2026-07-11 18:52:48,1783795968,R_75,53660.3655,-1,4.387699999999313,BACKFILL_AUTO
2026-07-11 18:52:50,1783795970,R_75,53656.0195,-1,4.34599999999773,BACKFILL_AUTO
2026-07-11 18:52:52,1783795972,R_75,53653.7125,-1,2.3070000000006985,BACKFILL_AUTO
2026-07-11 18:52:54,1783795974,R_75,53656.7252,1,3.012699999999313,BACKFILL_AUTO
2026-07-11 18:52:56,1783795976,R_75,53654.9465,-1,1.7787000000025728,BACKFILL_AUTO
2026-07-11 18:52:58,1783795978,R_75,53652.2946,-1,2.651899999997113,BACKFILL_AUTO
2026-07-11 18:53:00,1783795980,R_75,53657.0568,1,4.762199999997392,BACKFILL_AUTO
2026-07-11 18:53:02,1783795982,R_75,53658.5615,1,1.5047000000049593,BACKFILL_AUTO
2026-07-11 18:53:04,1783795984,R_75,53668.0561,1,9.494599999998172,BACKFILL_AUTO
2026-07-11 18:53:06,1783795986,R_75,53673.5811,1,5.525000000001455,BACKFILL_AUTO
2026-07-11 18:53:08,1783795988,R_75,53673.2211,-1,0.3600000000005821,BACKFILL_AUTO
2026-07-11 18:53:10,1783795990,R_75,53671.8728,-1,1.3483000000051106,BACKFILL_AUTO
2026-07-11 18:53:12,1783795992,R_75,53649.4611,-1,22.411699999996927,BACKFILL_AUTO
2026-07-11 18:53:14,1783795994,R_75,53647.3539,-1,2.1071999999985565,BACKFILL_AUTO
2026-07-11 18:53:16,1783795996,R_75,53664.5767,1,17.222799999995914,BACKFILL_AUTO
2026-07-11 18:53:18,1783795998,R_75,53649.1189,-1,15.457799999996496,BACKFILL_AUTO
2026-07-11 18:53:20,1783796000,R_75,53658.3979,1,9.27900000000227,BACKFILL_AUTO
2026-07-11 18:53:22,1783796002,R_75,53663.1387,1,4.740799999999581,BACKFILL_AUTO
2026-07-11 18:53:24,1783796004,R_75,53646.4697,-1,16.669000000001688,BACKFILL_AUTO
2026-07-11 18:53:26,1783796006,R_75,53665.7791,1,19.309399999998277,BACKFILL_AUTO
2026-07-11 18:53:28,1783796008,R_75,53677.1815,1,11.402399999999034,BACKFILL_AUTO
2026-07-11 18:53:30,1783796010,R_75,53671.3789,-1,5.8025999999954365,BACKFILL_AUTO
2026-07-11 18:53:32,1783796012,R_75,53678.8969,1,7.517999999996391,BACKFILL_AUTO
2026-07-11 18:53:34,1783796014,R_75,53676.1867,-1,2.7102000000013504,BACKFILL_AUTO
2026-07-11 18:53:36,1783796016,R_75,53680.5906,1,4.403900000004796,BACKFILL_AUTO
2026-07-11 18:53:38,1783796018,R_75,53666.9004,-1,13.690200000004552,BACKFILL_AUTO
2026-07-11 18:53:40,1783796020,R_75,53671.7514,1,4.8510000000023865,BACKFILL_AUTO
2026-07-11 18:53:42,1783796022,R_75,53671.2315,-1,0.5198999999993248,BACKFILL_AUTO
2026-07-11 18:53:44,1783796024,R_75,53687.1524,1,15.920899999997346,BACKFILL_AUTO
2026-07-11 18:53:46,1783796026,R_75,53687.3254,1,0.17300000000250293,BACKFILL_AUTO
2026-07-11 18:53:48,1783796028,R_75,53685.4184,-1,1.9069999999992433,BACKFILL_AUTO
2026-07-11 18:53:50,1783796030,R_75,53690.6276,1,5.209199999997509,BACKFILL_AUTO
2026-07-11 18:53:52,1783796032,R_75,53693.4661,1,2.838499999998021,BACKFILL_AUTO
2026-07-11 18:53:54,1783796034,R_75,53693.9794,1,0.5132999999987078,BACKFILL_AUTO
2026-07-11 18:53:56,1783796036,R_75,53679.095,-1,14.884399999995367,BACKFILL_AUTO
2026-07-11 18:53:58,1783796038,R_75,53680.7513,1,1.6563000000023749,BACKFILL_AUTO
2026-07-11 18:54:00,1783796040,R_75,53699.6676,1,18.916299999997136,BACKFILL_AUTO
2026-07-11 18:54:02,1783796042,R_75,53692.9914,-1,6.6762000000017,BACKFILL_AUTO
2026-07-11 18:54:04,1783796044,R_75,53679.0852,-1,13.906199999997625,BACKFILL_AUTO
2026-07-11 18:54:06,1783796046,R_75,53685.0534,1,5.968199999995704,BACKFILL_AUTO
2026-07-11 18:54:08,1783796048,R_75,53686.6414,1,1.588000000003376,BACKFILL_AUTO
2026-07-11 18:54:10,1783796050,R_75,53680.2755,-1,6.365899999997055,BACKFILL_AUTO
2026-07-11 18:54:12,1783796052,R_75,53678.4696,-1,1.805900000006659,BACKFILL_AUTO
2026-07-11 18:54:14,1783796054,R_75,53676.1023,-1,2.3672999999980675,BACKFILL_AUTO
2026-07-11 18:54:16,1783796056,R_75,53686.7918,1,10.689500000000407,BACKFILL_AUTO
2026-07-11 18:54:18,1783796058,R_75,53706.2196,1,19.42779999999766,BACKFILL_AUTO
2026-07-11 18:54:20,1783796060,R_75,53705.9136,-1,0.3059999999968568,BACKFILL_AUTO
2026-07-11 18:54:22,1783796062,R_75,53693.5335,-1,12.38010000000213,BACKFILL_AUTO
2026-07-11 18:54:24,1783796064,R_75,53692.7885,-1,0.7449999999953434,BACKFILL_AUTO
2026-07-11 18:54:26,1783796066,R_75,53685.3596,-1,7.4288999999989755,BACKFILL_AUTO
2026-07-11 18:54:28,1783796068,R_75,53692.2035,1,6.843899999999849,BACKFILL_AUTO
2026-07-11 18:54:30,1783796070,R_75,53692.9419,1,0.7383999999947264,BACKFILL_AUTO
2026-07-11 18:54:32,1783796072,R_75,53688.629,-1,4.312899999997171,BACKFILL_AUTO
2026-07-11 18:54:34,1783796074,R_75,53682.1297,-1,6.499300000003132,BACKFILL_AUTO
2026-07-11 18:54:36,1783796076,R_75,53677.1358,-1,4.993900000001304,BACKFILL_AUTO
2026-07-11 18:54:38,1783796078,R_75,53667.2895,-1,9.846299999997427,BACKFILL_AUTO
2026-07-11 18:54:40,1783796080,R_75,53663.7246,-1,3.5648999999975786,BACKFILL_AUTO
2026-07-11 18:54:42,1783796082,R_75,53660.559,-1,3.1656000000002678,BACKFILL_AUTO
2026-07-11 18:54:44,1783796084,R_75,53645.2029,-1,15.356100000004517,BACKFILL_AUTO
2026-07-11 18:54:46,1783796086,R_75,53655.6508,1,10.447900000006484,BACKFILL_AUTO
2026-07-11 18:54:48,1783796088,R_75,53641.0479,-1,14.60290000000532,BACKFILL_AUTO
2026-07-11 18:54:50,1783796090,R_75,53643.3055,1,2.2576000000044587,BACKFILL_AUTO
2026-07-11 18:54:52,1783796092,R_75,53637.2228,-1,6.082699999999022,BACKFILL_AUTO
2026-07-11 18:54:54,1783796094,R_75,53621.9882,-1,15.234600000003411,BACKFILL_AUTO
2026-07-11 18:54:56,1783796096,R_75,53626.8932,1,4.904999999998836,BACKFILL_AUTO
2026-07-11 18:54:58,1783796098,R_75,53645.4376,1,18.54439999999886,BACKFILL_AUTO
2026-07-11 18:55:00,1783796100,R_75,53638.2191,-1,7.218499999995402,BACKFILL_AUTO
2026-07-11 18:55:02,1783796102,R_75,53627.9598,-1,10.259300000005169,BACKFILL_AUTO
2026-07-11 18:55:04,1783796104,R_75,53629.573,1,1.6131999999997788,BACKFILL_AUTO
2026-07-11 18:55:06,1783796106,R_75,53620.7265,-1,8.84649999999965,BACKFILL_AUTO
2026-07-11 18:55:08,1783796108,R_75,53621.4928,1,0.766300000002957,BACKFILL_AUTO
2026-07-11 18:55:10,1783796110,R_75,53610.4191,-1,11.073700000000827,BACKFILL_AUTO
2026-07-11 18:55:12,1783796112,R_75,53594.0259,-1,16.393199999998615,BACKFILL_AUTO
2026-07-11 18:55:14,1783796114,R_75,53581.3943,-1,12.631600000000617,BACKFILL_AUTO
2026-07-11 18:55:16,1783796116,R_75,53588.1739,1,6.779600000001665,BACKFILL_AUTO
2026-07-11 18:55:18,1783796118,R_75,53577.1536,-1,11.020300000003772,BACKFILL_AUTO
2026-07-11 18:55:20,1783796120,R_75,53580.2145,1,3.0609000000040396,BACKFILL_AUTO
2026-07-11 18:55:22,1783796122,R_75,53571.4922,-1,8.722300000001269,BACKFILL_AUTO
2026-07-11 18:55:24,1783796124,R_75,53577.9267,1,6.434500000003027,BACKFILL_AUTO
2026-07-11 18:55:26,1783796126,R_75,53560.4275,-1,17.499200000005658,BACKFILL_AUTO
2026-07-11 18:55:28,1783796128,R_75,53552.6581,-1,7.769399999997404,BACKFILL_AUTO
2026-07-11 18:55:30,1783796130,R_75,53543.3721,-1,9.286000000000058,BACKFILL_AUTO
2026-07-11 18:55:32,1783796132,R_75,53533.3646,-1,10.007499999999709,BACKFILL_AUTO
2026-07-11 18:55:34,1783796134,R_75,53523.2638,-1,10.100800000000163,BACKFILL_AUTO
2026-07-11 18:55:36,1783796136,R_75,53543.8001,1,20.536299999999756,BACKFILL_AUTO
2026-07-11 18:55:38,1783796138,R_75,53538.5042,-1,5.295899999997346,BACKFILL_AUTO
2026-07-11 18:55:40,1783796140,R_75,53529.3882,-1,9.116000000001804,BACKFILL_AUTO
2026-07-11 18:55:42,1783796142,R_75,53514.0146,-1,15.373599999998987,BACKFILL_AUTO
2026-07-11 18:55:44,1783796144,R_75,53506.2702,-1,7.744400000003225,BACKFILL_AUTO
2026-07-11 18:55:46,1783796146,R_75,53491.561,-1,14.709199999997509,BACKFILL_AUTO
2026-07-11 18:55:48,1783796148,R_75,53495.5003,1,3.939299999998184,BACKFILL_AUTO
2026-07-11 18:55:50,1783796150,R_75,53489.9741,-1,5.5262000000002445,BACKFILL_AUTO
2026-07-11 18:55:52,1783796152,R_75,53476.2607,-1,13.713400000000547,BACKFILL_AUTO
2026-07-11 18:55:54,1783796154,R_75,53479.5439,1,3.2831999999980326,BACKFILL_AUTO
2026-07-11 18:55:56,1783796156,R_75,53483.3468,1,3.80290000000241,BACKFILL_AUTO
2026-07-11 18:55:58,1783796158,R_75,53501.3056,1,17.958800000000338,BACKFILL_AUTO
2026-07-11 18:56:00,1783796160,R_75,53504.5528,1,3.2471999999979744,BACKFILL_AUTO
2026-07-11 18:56:02,1783796162,R_75,53504.4516,-1,0.10119999999733409,BACKFILL_AUTO
2026-07-11 18:56:04,1783796164,R_75,53512.002,1,7.5504000000000815,BACKFILL_AUTO
2026-07-11 18:56:06,1783796166,R_75,53496.7159,-1,15.286099999997532,BACKFILL_AUTO
2026-07-11 18:56:08,1783796168,R_75,53515.8402,1,19.124299999995856,BACKFILL_AUTO
2026-07-11 18:56:10,1783796170,R_75,53512.3722,-1,3.4680000000007567,BACKFILL_AUTO
2026-07-11 18:56:12,1783796172,R_75,53516.7314,1,4.359199999998964,BACKFILL_AUTO
2026-07-11 18:56:14,1783796174,R_75,53496.2878,-1,20.443599999998696,BACKFILL_AUTO
2026-07-11 18:56:16,1783796176,R_75,53492.3709,-1,3.916899999996531,BACKFILL_AUTO
2026-07-11 18:56:18,1783796178,R_75,53510.1731,1,17.802199999998265,BACKFILL_AUTO
2026-07-11 18:56:20,1783796180,R_75,53511.484,1,1.3108999999967637,BACKFILL_AUTO
2026-07-11 18:56:22,1783796182,R_75,53514.7035,1,3.2195000000065193,BACKFILL_AUTO
2026-07-11 18:56:24,1783796184,R_75,53519.3687,1,4.665199999995821,BACKFILL_AUTO
2026-07-11 18:56:26,1783796186,R_75,53515.9244,-1,3.4442999999955646,BACKFILL_AUTO
2026-07-11 18:56:28,1783796188,R_75,53500.166,-1,15.758400000006077,BACKFILL_AUTO
2026-07-11 18:56:30,1783796190,R_75,53505.554,1,5.3879999999990105,BACKFILL_AUTO
2026-07-11 18:56:32,1783796192,R_75,53513.0763,1,7.522300000004179,BACKFILL_AUTO
2026-07-11 18:56:34,1783796194,R_75,53523.7917,1,10.715400000000955,BACKFILL_AUTO
2026-07-11 18:56:36,1783796196,R_75,53511.7624,-1,12.029300000001967,BACKFILL_AUTO
2026-07-11 18:56:38,1783796198,R_75,53524.8953,1,13.13289999999688,BACKFILL_AUTO
2026-07-11 18:56:40,1783796200,R_75,53518.9499,-1,5.94539999999688,BACKFILL_AUTO
2026-07-11 18:56:42,1783796202,R_75,53512.3563,-1,6.593600000000151,BACKFILL_AUTO
2026-07-11 18:56:44,1783796204,R_75,53510.1116,-1,2.244700000002922,BACKFILL_AUTO
2026-07-11 18:56:46,1783796206,R_75,53491.9321,-1,18.17949999999837,BACKFILL_AUTO
2026-07-11 18:56:48,1783796208,R_75,53476.587,-1,15.345099999998638,BACKFILL_AUTO
2026-07-11 18:56:50,1783796210,R_75,53475.4469,-1,1.1400999999968917,BACKFILL_AUTO
2026-07-11 18:56:52,1783796212,R_75,53464.6911,-1,10.755800000006275,BACKFILL_AUTO
2026-07-11 18:56:54,1783796214,R_75,53452.3856,-1,12.305499999994936,BACKFILL_AUTO
2026-07-11 18:56:56,1783796216,R_75,53433.399,-1,18.98660000000382,BACKFILL_AUTO
2026-07-11 18:56:58,1783796218,R_75,53423.602,-1,9.796999999998661,BACKFILL_AUTO
2026-07-11 18:57:00,1783796220,R_75,53416.3751,-1,7.2269000000014785,BACKFILL_AUTO
2026-07-11 18:57:02,1783796222,R_75,53423.7945,1,7.419400000006135,BACKFILL_AUTO
2026-07-11 18:57:04,1783796224,R_75,53434.0835,1,10.288999999997031,BACKFILL_AUTO
2026-07-11 18:57:06,1783796226,R_75,53426.1524,-1,7.9311000000016065,BACKFILL_AUTO
2026-07-11 18:57:08,1783796228,R_75,53439.9438,1,13.791400000001886,BACKFILL_AUTO
2026-07-11 18:57:10,1783796230,R_75,53458.0376,1,18.093800000002375,BACKFILL_AUTO
2026-07-11 18:57:12,1783796232,R_75,53458.0117,-1,0.025900000000547152,BACKFILL_AUTO
2026-07-11 18:57:14,1783796234,R_75,53483.9162,1,25.904499999996915,BACKFILL_AUTO
2026-07-11 18:57:16,1783796236,R_75,53483.4419,-1,0.4743000000016764,BACKFILL_AUTO
2026-07-11 18:57:18,1783796238,R_75,53492.3245,1,8.882600000004459,BACKFILL_AUTO
2026-07-11 18:57:20,1783796240,R_75,53501.8555,1,9.530999999995402,BACKFILL_AUTO
2026-07-11 18:57:22,1783796242,R_75,53499.5299,-1,2.3255999999964843,BACKFILL_AUTO
2026-07-11 18:57:24,1783796244,R_75,53496.3417,-1,3.1882000000041444,BACKFILL_AUTO
2026-07-11 18:57:26,1783796246,R_75,53493.5135,-1,2.8281999999962864,BACKFILL_AUTO
2026-07-11 18:57:28,1783796248,R_75,53479.344,-1,14.169500000003609,BACKFILL_AUTO
2026-07-11 18:57:30,1783796250,R_75,53484.0633,1,4.719300000004296,BACKFILL_AUTO
2026-07-11 18:57:32,1783796252,R_75,53478.5517,-1,5.511599999997998,BACKFILL_AUTO
2026-07-11 18:57:34,1783796254,R_75,53481.6687,1,3.11699999999837,BACKFILL_AUTO
2026-07-11 18:57:36,1783796256,R_75,53484.4388,1,2.7701000000015483,BACKFILL_AUTO
2026-07-11 18:57:38,1783796258,R_75,53485.522,1,1.083199999993667,BACKFILL_AUTO
2026-07-11 18:57:40,1783796260,R_75,53514.3558,1,28.833800000000338,BACKFILL_AUTO
2026-07-11 18:57:42,1783796262,R_75,53509.2213,-1,5.134500000000116,BACKFILL_AUTO
2026-07-11 18:57:44,1783796264,R_75,53505.4218,-1,3.7995000000009895,BACKFILL_AUTO
2026-07-11 18:57:46,1783796266,R_75,53508.5522,1,3.1304000000018277,BACKFILL_AUTO
2026-07-11 18:57:48,1783796268,R_75,53527.1056,1,18.55340000000433,BACKFILL_AUTO
2026-07-11 18:57:50,1783796270,R_75,53522.9447,-1,4.160900000002584,BACKFILL_AUTO
2026-07-11 18:57:52,1783796272,R_75,53518.6946,-1,4.250099999997474,BACKFILL_AUTO
2026-07-11 18:57:54,1783796274,R_75,53531.448,1,12.753399999994144,BACKFILL_AUTO
2026-07-11 18:57:56,1783796276,R_75,53540.2389,1,8.790899999999965,BACKFILL_AUTO
2026-07-11 18:57:58,1783796278,R_75,53541.8289,1,1.5900000000037835,BACKFILL_AUTO
2026-07-11 18:58:00,1783796280,R_75,53530.9948,-1,10.834100000000035,BACKFILL_AUTO
2026-07-11 18:58:02,1783796282,R_75,53520.9162,-1,10.078600000000733,BACKFILL_AUTO
2026-07-11 18:58:04,1783796284,R_75,53516.5118,-1,4.404399999999441,BACKFILL_AUTO
2026-07-11 18:58:06,1783796286,R_75,53492.3708,-1,24.14100000000326,BACKFILL_AUTO
2026-07-11 18:58:08,1783796288,R_75,53495.2424,1,2.8716000000058557,BACKFILL_AUTO
2026-07-11 18:58:10,1783796290,R_75,53496.8911,1,1.6486999999979162,BACKFILL_AUTO
2026-07-11 18:58:12,1783796292,R_75,53487.9872,-1,8.90389999999752,BACKFILL_AUTO
2026-07-11 18:58:14,1783796294,R_75,53498.4955,1,10.508299999994051,BACKFILL_AUTO
2026-07-11 18:58:16,1783796296,R_75,53486.8194,-1,11.67609999999695,BACKFILL_AUTO
2026-07-11 18:58:18,1783796298,R_75,53480.5391,-1,6.280299999998533,BACKFILL_AUTO
2026-07-11 18:58:20,1783796300,R_75,53465.5026,-1,15.036500000001979,BACKFILL_AUTO
2026-07-11 18:58:22,1783796302,R_75,53472.8511,1,7.348500000000058,BACKFILL_AUTO
2026-07-11 18:58:24,1783796304,R_75,53458.1533,-1,14.697800000001735,BACKFILL_AUTO
2026-07-11 18:58:26,1783796306,R_75,53462.3365,1,4.183199999999488,BACKFILL_AUTO
2026-07-11 18:58:28,1783796308,R_75,53471.7217,1,9.38520000000426,BACKFILL_AUTO
2026-07-11 18:58:30,1783796310,R_75,53472.0969,1,0.3751999999949476,BACKFILL_AUTO
2026-07-11 18:58:32,1783796312,R_75,53472.7948,1,0.6979000000064843,BACKFILL_AUTO
2026-07-11 18:58:34,1783796314,R_75,53487.8931,1,15.098299999997835,BACKFILL_AUTO
2026-07-11 18:58:36,1783796316,R_75,53495.7054,1,7.8122999999977765,BACKFILL_AUTO
2026-07-11 18:58:38,1783796318,R_75,53500.8156,1,5.110200000002806,BACKFILL_AUTO
2026-07-11 18:58:40,1783796320,R_75,53482.117,-1,18.698600000003353,BACKFILL_AUTO
2026-07-11 18:58:42,1783796322,R_75,53464.2759,-1,17.841099999997823,BACKFILL_AUTO
2026-07-11 18:58:44,1783796324,R_75,53470.6975,1,6.42160000000149,BACKFILL_AUTO
2026-07-11 18:58:46,1783796326,R_75,53457.5403,-1,13.157200000001467,BACKFILL_AUTO
2026-07-11 18:58:48,1783796328,R_75,53459.5549,1,2.014600000002247,BACKFILL_AUTO
2026-07-11 18:58:50,1783796330,R_75,53477.538,1,17.98309999999765,BACKFILL_AUTO
2026-07-11 18:58:52,1783796332,R_75,53471.8314,-1,5.706599999997707,BACKFILL_AUTO
2026-07-11 18:58:54,1783796334,R_75,53460.3339,-1,11.497500000004948,BACKFILL_AUTO
2026-07-11 18:58:56,1783796336,R_75,53468.8742,1,8.54030000000057,BACKFILL_AUTO
2026-07-11 18:58:58,1783796338,R_75,53472.2663,1,3.392100000004575,BACKFILL_AUTO
2026-07-11 18:59:00,1783796340,R_75,53479.9562,1,7.689899999997579,BACKFILL_AUTO
2026-07-11 18:59:02,1783796342,R_75,53490.569,1,10.612800000002608,BACKFILL_AUTO
2026-07-11 18:59:04,1783796344,R_75,53488.1708,-1,2.3982000000032713,BACKFILL_AUTO
2026-07-11 18:59:06,1783796346,R_75,53497.7032,1,9.53240000000369,BACKFILL_AUTO
2026-07-11 18:59:08,1783796348,R_75,53496.8014,-1,0.9018000000069151,BACKFILL_AUTO
2026-07-11 18:59:10,1783796350,R_75,53493.0193,-1,3.782099999996717,BACKFILL_AUTO
2026-07-11 18:59:12,1783796352,R_75,53498.0867,1,5.067399999999907,BACKFILL_AUTO
2026-07-11 18:59:14,1783796354,R_75,53481.1193,-1,16.967400000001362,BACKFILL_AUTO
2026-07-11 18:59:16,1783796356,R_75,53481.3797,1,0.2603999999992084,BACKFILL_AUTO
2026-07-11 18:59:18,1783796358,R_75,53482.1232,1,0.7435000000041327,BACKFILL_AUTO
2026-07-11 18:59:20,1783796360,R_75,53491.3118,1,9.188600000001315,BACKFILL_AUTO
2026-07-11 18:59:22,1783796362,R_75,53494.5199,1,3.208099999996193,BACKFILL_AUTO
2026-07-11 18:59:24,1783796364,R_75,53501.8726,1,7.352700000003097,BACKFILL_AUTO
2026-07-11 18:59:26,1783796366,R_75,53503.3931,1,1.5204999999987194,BACKFILL_AUTO
2026-07-11 18:59:28,1783796368,R_75,53514.3809,1,10.987799999995332,BACKFILL_AUTO
2026-07-11 18:59:30,1783796370,R_75,53516.9643,1,2.5834000000031665,BACKFILL_AUTO
2026-07-11 18:59:32,1783796372,R_75,53518.0599,1,1.0956000000005588,BACKFILL_AUTO
2026-07-11 18:59:34,1783796374,R_75,53506.0834,-1,11.976499999997031,BACKFILL_AUTO
2026-07-11 18:59:36,1783796376,R_75,53513.2638,1,7.180399999997462,BACKFILL_AUTO
2026-07-11 18:59:38,1783796378,R_75,53490.6638,-1,22.599999999998545,BACKFILL_AUTO
2026-07-11 18:59:40,1783796380,R_75,53483.1756,-1,7.488199999999779,BACKFILL_AUTO
2026-07-11 18:59:42,1783796382,R_75,53485.883,1,2.707399999999325,BACKFILL_AUTO
2026-07-11 18:59:44,1783796384,R_75,53474.5146,-1,11.368399999999383,BACKFILL_AUTO
2026-07-11 18:59:46,1783796386,R_75,53483.468,1,8.95339999999851,BACKFILL_AUTO
2026-07-11 18:59:48,1783796388,R_75,53483.8469,1,0.37889999999606516,BACKFILL_AUTO
2026-07-11 18:59:50,1783796390,R_75,53488.7979,1,4.951000000000931,BACKFILL_AUTO
2026-07-11 18:59:52,1783796392,R_75,53484.0053,-1,4.792600000000675,BACKFILL_AUTO
2026-07-11 18:59:54,1783796394,R_75,53476.5636,-1,7.4416999999957625,BACKFILL_AUTO
2026-07-11 18:59:56,1783796396,R_75,53464.1803,-1,12.383300000001327,BACKFILL_AUTO
2026-07-11 18:59:58,1783796398,R_75,53447.8794,-1,16.300900000002002,BACKFILL_AUTO
2026-07-11 19:00:00,1783796400,R_75,53462.5892,1,14.70980000000418,BACKFILL_AUTO
2026-07-11 19:00:02,1783796402,R_75,53462.3509,-1,0.23830000000452856,BACKFILL_AUTO
2026-07-11 19:00:04,1783796404,R_75,53445.036,-1,17.31489999999758,BACKFILL_AUTO
2026-07-11 19:00:06,1783796406,R_75,53442.8307,-1,2.2053000000014435,BACKFILL_AUTO
2026-07-11 19:00:08,1783796408,R_75,53445.436,1,2.6053000000028987,BACKFILL_AUTO
2026-07-11 19:00:10,1783796410,R_75,53441.8936,-1,3.5423999999984517,BACKFILL_AUTO
2026-07-11 19:00:12,1783796412,R_75,53435.9225,-1,5.97110000000248,BACKFILL_AUTO
2026-07-11 19:00:14,1783796414,R_75,53439.4256,1,3.503100000001723,BACKFILL_AUTO
2026-07-11 19:00:16,1783796416,R_75,53440.6895,1,1.2638999999981024,BACKFILL_AUTO
2026-07-11 19:00:18,1783796418,R_75,53458.0029,1,17.313399999999092,BACKFILL_AUTO
2026-07-11 19:00:20,1783796420,R_75,53450.2541,-1,7.748800000001211,BACKFILL_AUTO
2026-07-11 19:00:22,1783796422,R_75,53443.7705,-1,6.483599999999569,BACKFILL_AUTO
2026-07-11 19:00:24,1783796424,R_75,53451.2998,1,7.529300000001967,BACKFILL_AUTO
2026-07-11 19:00:26,1783796426,R_75,53447.6974,-1,3.6024000000033993,BACKFILL_AUTO
2026-07-11 19:00:28,1783796428,R_75,53452.4757,1,4.778300000005402,BACKFILL_AUTO
2026-07-11 19:00:30,1783796430,R_75,53476.9445,1,24.4687999999951,BACKFILL_AUTO
2026-07-11 19:00:32,1783796432,R_75,53479.32,1,2.375500000001921,BACKFILL_AUTO
2026-07-11 19:00:34,1783796434,R_75,53473.2754,-1,6.044600000001083,BACKFILL_AUTO
2026-07-11 19:00:36,1783796436,R_75,53470.0427,-1,3.2327000000004773,BACKFILL_AUTO
2026-07-11 19:00:38,1783796438,R_75,53471.0282,1,0.9855000000025029,BACKFILL_AUTO
2026-07-11 19:00:40,1783796440,R_75,53462.1536,-1,8.874600000002829,BACKFILL_AUTO
2026-07-11 19:00:42,1783796442,R_75,53461.6317,-1,0.5218999999997322,BACKFILL_AUTO
2026-07-11 19:00:44,1783796444,R_75,53463.9653,1,2.33360000000539,BACKFILL_AUTO
2026-07-11 19:00:46,1783796446,R_75,53468.3963,1,4.430999999996857,BACKFILL_AUTO
2026-07-11 19:00:48,1783796448,R_75,53457.5257,-1,10.870600000002014,BACKFILL_AUTO
2026-07-11 19:00:50,1783796450,R_75,53453.7521,-1,3.7736000000004424,BACKFILL_AUTO
2026-07-11 19:00:52,1783796452,R_75,53464.172,1,10.41990000000078,BACKFILL_AUTO
2026-07-11 19:00:54,1783796454,R_75,53456.6052,-1,7.566800000000512,BACKFILL_AUTO
2026-07-11 19:00:56,1783796456,R_75,53469.5982,1,12.993000000002212,BACKFILL_AUTO
2026-07-11 19:00:58,1783796458,R_75,53463.9567,-1,5.6414999999979045,BACKFILL_AUTO
2026-07-11 19:01:00,1783796460,R_75,53480.4489,1,16.492200000000594,BACKFILL_AUTO
2026-07-11 19:01:02,1783796462,R_75,53480.7508,1,0.3018999999985681,BACKFILL_AUTO
2026-07-11 19:01:04,1783796464,R_75,53470.7252,-1,10.02560000000085,BACKFILL_AUTO
2026-07-11 19:01:06,1783796466,R_75,53468.3166,-1,2.4086000000024796,BACKFILL_AUTO
2026-07-11 19:01:08,1783796468,R_75,53469.8626,1,1.5460000000020955,BACKFILL_AUTO
2026-07-11 19:01:10,1783796470,R_75,53460.0842,-1,9.778400000002875,BACKFILL_AUTO
2026-07-11 19:01:12,1783796472,R_75,53433.9912,-1,26.093000000000757,BACKFILL_AUTO
2026-07-11 19:01:14,1783796474,R_75,53443.3817,1,9.390500000001339,BACKFILL_AUTO
2026-07-11 19:01:16,1783796476,R_75,53437.7955,-1,5.586199999997916,BACKFILL_AUTO
2026-07-11 19:01:18,1783796478,R_75,53438.5314,1,0.735899999999674,BACKFILL_AUTO
2026-07-11 19:01:20,1783796480,R_75,53453.2129,1,14.681499999998778,BACKFILL_AUTO
2026-07-11 19:01:22,1783796482,R_75,53447.1048,-1,6.108099999997648,BACKFILL_AUTO
2026-07-11 19:01:24,1783796484,R_75,53443.0292,-1,4.07560000000376,BACKFILL_AUTO
2026-07-11 19:01:26,1783796486,R_75,53451.3283,1,8.299100000003818,BACKFILL_AUTO
2026-07-11 19:01:28,1783796488,R_75,53448.843,-1,2.4853000000002794,BACKFILL_AUTO
2026-07-11 19:01:30,1783796490,R_75,53436.3045,-1,12.538500000002387,BACKFILL_AUTO
2026-07-11 19:01:32,1783796492,R_75,53421.5191,-1,14.785400000000664,BACKFILL_AUTO
2026-07-11 19:01:34,1783796494,R_75,53412.874,-1,8.645099999994272,BACKFILL_AUTO
2026-07-11 19:01:36,1783796496,R_75,53401.8357,-1,11.038300000000163,BACKFILL_AUTO
2026-07-11 19:01:38,1783796498,R_75,53402.6712,1,0.8354999999937718,BACKFILL_AUTO
2026-07-11 19:01:40,1783796500,R_75,53404.2752,1,1.6039999999993597,BACKFILL_AUTO
2026-07-11 19:01:42,1783796502,R_75,53393.6449,-1,10.630299999997078,BACKFILL_AUTO
2026-07-11 19:01:44,1783796504,R_75,53385.441,-1,8.20390000000043,BACKFILL_AUTO
2026-07-11 19:01:46,1783796506,R_75,53377.4786,-1,7.9623999999967054,BACKFILL_AUTO
2026-07-11 19:01:48,1783796508,R_75,53383.2909,1,5.8122999999977765,BACKFILL_AUTO
2026-07-11 19:01:50,1783796510,R_75,53367.2449,-1,16.046000000002095,BACKFILL_AUTO
2026-07-11 19:01:52,1783796512,R_75,53369.2692,1,2.0243000000045868,BACKFILL_AUTO
2026-07-11 19:01:54,1783796514,R_75,53380.8038,1,11.534599999999045,BACKFILL_AUTO
2026-07-11 19:01:56,1783796516,R_75,53381.7308,1,0.9269999999960419,BACKFILL_AUTO
2026-07-11 19:01:58,1783796518,R_75,53383.0038,1,1.2730000000010477,BACKFILL_AUTO
2026-07-11 19:02:00,1783796520,R_75,53376.6947,-1,6.30909999999858,BACKFILL_AUTO
2026-07-11 19:02:02,1783796522,R_75,53389.6643,1,12.969599999996717,BACKFILL_AUTO
2026-07-11 19:02:04,1783796524,R_75,53390.8449,1,1.1805999999996857,BACKFILL_AUTO
2026-07-11 19:02:06,1783796526,R_75,53393.759,1,2.914100000001781,BACKFILL_AUTO
2026-07-11 19:02:08,1783796528,R_75,53385.5159,-1,8.243099999999686,BACKFILL_AUTO
2026-07-11 19:02:10,1783796530,R_75,53387.1345,1,1.6186000000016065,BACKFILL_AUTO
2026-07-11 19:02:12,1783796532,R_75,53376.4203,-1,10.714200000002165,BACKFILL_AUTO
2026-07-11 19:02:14,1783796534,R_75,53390.132,1,13.711699999999837,BACKFILL_AUTO
2026-07-11 19:02:16,1783796536,R_75,53387.2365,-1,2.8954999999987194,BACKFILL_AUTO
2026-07-11 19:02:18,1783796538,R_75,53390.2813,1,3.044800000003306,BACKFILL_AUTO
2026-07-11 19:02:20,1783796540,R_75,53388.9496,-1,1.3317000000024564,BACKFILL_AUTO
2026-07-11 19:02:22,1783796542,R_75,53386.3263,-1,2.62329999999929,BACKFILL_AUTO
2026-07-11 19:02:24,1783796544,R_75,53388.9182,1,2.591899999999441,BACKFILL_AUTO
2026-07-11 19:02:26,1783796546,R_75,53403.1421,1,14.22389999999723,BACKFILL_AUTO
2026-07-11 19:02:28,1783796548,R_75,53398.1122,-1,5.029899999994086,BACKFILL_AUTO
2026-07-11 19:02:30,1783796550,R_75,53390.4279,-1,7.684300000000803,BACKFILL_AUTO
2026-07-11 19:02:32,1783796552,R_75,53399.115,1,8.687099999995553,BACKFILL_AUTO
2026-07-11 19:02:34,1783796554,R_75,53400.1251,1,1.010099999999511,BACKFILL_AUTO
2026-07-11 19:02:36,1783796556,R_75,53400.2939,1,0.1687999999994645,BACKFILL_AUTO
2026-07-11 19:02:38,1783796558,R_75,53403.6789,1,3.3850000000020373,BACKFILL_AUTO
2026-07-11 19:02:40,1783796560,R_75,53394.3436,-1,9.335299999998824,BACKFILL_AUTO
2026-07-11 19:02:42,1783796562,R_75,53382.2278,-1,12.115799999999581,BACKFILL_AUTO
2026-07-11 19:02:44,1783796564,R_75,53384.5614,1,2.333599999998114,BACKFILL_AUTO
2026-07-11 19:02:46,1783796566,R_75,53392.9763,1,8.4149000000034,BACKFILL_AUTO
2026-07-11 19:02:48,1783796568,R_75,53394.913,1,1.9366999999983818,BACKFILL_AUTO
2026-07-11 19:02:50,1783796570,R_75,53385.5865,-1,9.326500000002852,BACKFILL_AUTO
2026-07-11 19:02:52,1783796572,R_75,53386.3246,1,0.738100000002305,BACKFILL_AUTO
2026-07-11 19:02:54,1783796574,R_75,53384.603,-1,1.7215999999971245,BACKFILL_AUTO
2026-07-11 19:02:56,1783796576,R_75,53390.3685,1,5.765499999994063,BACKFILL_AUTO
2026-07-11 19:02:58,1783796578,R_75,53376.6189,-1,13.749599999995553,BACKFILL_AUTO
2026-07-11 19:03:00,1783796580,R_75,53379.1852,1,2.5662999999985914,BACKFILL_AUTO
2026-07-11 19:03:02,1783796582,R_75,53372.5118,-1,6.673399999999674,BACKFILL_AUTO
2026-07-11 19:03:04,1783796584,R_75,53361.1655,-1,11.346299999997427,BACKFILL_AUTO
2026-07-11 19:03:06,1783796586,R_75,53355.684,-1,5.481500000001688,BACKFILL_AUTO
2026-07-11 19:03:08,1783796588,R_75,53357.3679,1,1.6838999999963562,BACKFILL_AUTO
2026-07-11 19:03:10,1783796590,R_75,53338.866,-1,18.501899999995658,BACKFILL_AUTO
2026-07-11 19:03:12,1783796592,R_75,53343.3975,1,4.5314999999973224,BACKFILL_AUTO
2026-07-11 19:03:14,1783796594,R_75,53345.7948,1,2.3973000000041793,BACKFILL_AUTO
2026-07-11 19:03:16,1783796596,R_75,53346.384,1,0.5891999999948894,BACKFILL_AUTO
2026-07-11 19:03:18,1783796598,R_75,53355.1013,1,8.717300000003888,BACKFILL_AUTO
2026-07-11 19:03:20,1783796600,R_75,53355.551,1,0.4496999999973923,BACKFILL_AUTO
2026-07-11 19:03:22,1783796602,R_75,53362.3271,1,6.776100000002771,BACKFILL_AUTO
2026-07-11 19:03:24,1783796604,R_75,53382.3793,1,20.052199999998265,BACKFILL_AUTO
2026-07-11 19:03:26,1783796606,R_75,53368.5077,-1,13.87159999999858,BACKFILL_AUTO
2026-07-11 19:03:28,1783796608,R_75,53359.7709,-1,8.736799999998766,BACKFILL_AUTO
2026-07-11 19:03:30,1783796610,R_75,53361.8611,1,2.090199999998731,BACKFILL_AUTO
2026-07-11 19:03:32,1783796612,R_75,53361.0798,-1,0.7813000000023749,BACKFILL_AUTO
2026-07-11 19:03:34,1783796614,R_75,53364.8011,1,3.721299999997427,BACKFILL_AUTO
2026-07-11 19:03:36,1783796616,R_75,53370.4574,1,5.656300000002375,BACKFILL_AUTO
2026-07-11 19:03:38,1783796618,R_75,53375.0857,1,4.6283000000039465,BACKFILL_AUTO
2026-07-11 19:03:40,1783796620,R_75,53348.3096,-1,26.77610000000277,BACKFILL_AUTO
2026-07-11 19:03:42,1783796622,R_75,53362.4761,1,14.16649999999936,BACKFILL_AUTO
2026-07-11 19:03:44,1783796624,R_75,53370.1934,1,7.717299999996612,BACKFILL_AUTO
2026-07-11 19:03:46,1783796626,R_75,53365.1883,-1,5.005099999994854,BACKFILL_AUTO
2026-07-11 19:03:48,1783796628,R_75,53351.3651,-1,13.823199999998906,BACKFILL_AUTO
2026-07-11 19:03:50,1783796630,R_75,53367.8102,1,16.445099999997183,BACKFILL_AUTO
2026-07-11 19:03:52,1783796632,R_75,53380.2363,1,12.42609999999695,BACKFILL_AUTO
2026-07-11 19:03:54,1783796634,R_75,53383.6016,1,3.365300000004936,BACKFILL_AUTO
2026-07-11 19:03:56,1783796636,R_75,53385.6268,1,2.0251999999964028,BACKFILL_AUTO
2026-07-11 19:03:58,1783796638,R_75,53388.3269,1,2.7001000000018394,BACKFILL_AUTO
2026-07-11 19:04:00,1783796640,R_75,53386.4791,-1,1.8478000000031898,BACKFILL_AUTO
2026-07-11 19:04:02,1783796642,R_75,53375.4953,-1,10.983799999994517,BACKFILL_AUTO
2026-07-11 19:04:04,1783796644,R_75,53376.1234,1,0.628099999994447,BACKFILL_AUTO
2026-07-11 19:04:06,1783796646,R_75,53380.3712,1,4.247800000004645,BACKFILL_AUTO
2026-07-11 19:04:08,1783796648,R_75,53392.2048,1,11.833599999998114,BACKFILL_AUTO
2026-07-11 19:04:10,1783796650,R_75,53378.6207,-1,13.584100000000035,BACKFILL_AUTO
2026-07-11 19:04:12,1783796652,R_75,53379.5695,1,0.9487999999983003,BACKFILL_AUTO
2026-07-11 19:04:14,1783796654,R_75,53384.2347,1,4.665200000003097,BACKFILL_AUTO
2026-07-11 19:04:16,1783796656,R_75,53382.0404,-1,2.1943000000028405,BACKFILL_AUTO
2026-07-11 19:04:18,1783796658,R_75,53375.4759,-1,6.5645000000004075,BACKFILL_AUTO
2026-07-11 19:04:20,1783796660,R_75,53379.0682,1,3.5923000000038883,BACKFILL_AUTO
2026-07-11 19:04:22,1783796662,R_75,53356.6932,-1,22.375,BACKFILL_AUTO
2026-07-11 19:04:24,1783796664,R_75,53358.2848,1,1.5915999999997439,BACKFILL_AUTO
2026-07-11 19:04:26,1783796666,R_75,53373.9263,1,15.641499999997905,BACKFILL_AUTO
2026-07-11 19:04:28,1783796668,R_75,53372.7932,-1,1.1330999999991036,BACKFILL_AUTO
2026-07-11 19:04:30,1783796670,R_75,53368.1179,-1,4.675300000002608,BACKFILL_AUTO
2026-07-11 19:04:32,1783796672,R_75,53370.5618,1,2.4439000000056694,BACKFILL_AUTO
2026-07-11 19:04:34,1783796674,R_75,53374.2224,1,3.660599999995611,BACKFILL_AUTO
2026-07-11 19:04:36,1783796676,R_75,53377.1599,1,2.9375,BACKFILL_AUTO
2026-07-11 19:04:38,1783796678,R_75,53385.4317,1,8.271800000002258,BACKFILL_AUTO
2026-07-11 19:04:40,1783796680,R_75,53388.771,1,3.339299999999639,BACKFILL_AUTO
2026-07-11 19:04:42,1783796682,R_75,53390.6766,1,1.9055999999982305,BACKFILL_AUTO
2026-07-11 19:04:44,1783796684,R_75,53387.6821,-1,2.9945000000006985,BACKFILL_AUTO
2026-07-11 19:04:46,1783796686,R_75,53367.7245,-1,19.95760000000155,BACKFILL_AUTO
2026-07-11 19:04:48,1783796688,R_75,53364.4917,-1,3.232799999997951,BACKFILL_AUTO
2026-07-11 19:04:50,1783796690,R_75,53374.0549,1,9.563200000004144,BACKFILL_AUTO
2026-07-11 19:04:52,1783796692,R_75,53387.5345,1,13.479599999998754,BACKFILL_AUTO
2026-07-11 19:04:54,1783796694,R_75,53376.5373,-1,10.997199999997974,BACKFILL_AUTO
2026-07-11 19:04:56,1783796696,R_75,53405.7291,1,29.191799999993236,BACKFILL_AUTO
2026-07-11 19:04:58,1783796698,R_75,53409.375,1,3.6459000000031665,BACKFILL_AUTO
2026-07-11 19:05:00,1783796700,R_75,53427.2711,1,17.896099999998114,BACKFILL_AUTO
2026-07-11 19:05:02,1783796702,R_75,53405.1908,-1,22.080300000001444,BACKFILL_AUTO
2026-07-11 19:05:04,1783796704,R_75,53405.2932,1,0.10240000000339933,BACKFILL_AUTO
2026-07-11 19:05:06,1783796706,R_75,53419.8679,1,14.574699999997392,BACKFILL_AUTO
2026-07-11 19:05:08,1783796708,R_75,53427.899,1,8.031100000000151,BACKFILL_AUTO
2026-07-11 19:05:10,1783796710,R_75,53420.2352,-1,7.663799999994808,BACKFILL_AUTO
2026-07-11 19:05:12,1783796712,R_75,53422.3236,1,2.088400000000547,BACKFILL_AUTO
2026-07-11 19:05:14,1783796714,R_75,53417.1154,-1,5.208200000000943,BACKFILL_AUTO
2026-07-11 19:05:16,1783796716,R_75,53411.3261,-1,5.789300000004005,BACKFILL_AUTO
2026-07-11 19:05:18,1783796718,R_75,53406.5184,-1,4.807699999997567,BACKFILL_AUTO
2026-07-11 19:05:20,1783796720,R_75,53396.2811,-1,10.237300000000687,BACKFILL_AUTO
2026-07-11 19:05:22,1783796722,R_75,53420.0519,1,23.770799999998417,BACKFILL_AUTO
2026-07-11 19:05:24,1783796724,R_75,53419.9783,-1,0.0735999999960768,BACKFILL_AUTO
2026-07-11 19:05:26,1783796726,R_75,53409.4556,-1,10.52270000000135,BACKFILL_AUTO
2026-07-11 19:05:28,1783796728,R_75,53414.1467,1,4.691099999996368,BACKFILL_AUTO
2026-07-11 19:05:30,1783796730,R_75,53409.0157,-1,5.130999999993946,BACKFILL_AUTO
2026-07-11 19:05:32,1783796732,R_75,53413.0069,1,3.991199999996752,BACKFILL_AUTO
2026-07-11 19:05:34,1783796734,R_75,53416.8127,1,3.805800000001909,BACKFILL_AUTO
2026-07-11 19:05:36,1783796736,R_75,53417.8375,1,1.0247999999992317,BACKFILL_AUTO
2026-07-11 19:05:38,1783796738,R_75,53414.8906,-1,2.9469000000026426,BACKFILL_AUTO
2026-07-11 19:05:40,1783796740,R_75,53414.3953,-1,0.49530000000231666,BACKFILL_AUTO
2026-07-11 19:05:42,1783796742,R_75,53424.3091,1,9.913800000002084,BACKFILL_AUTO
2026-07-11 19:05:44,1783796744,R_75,53435.7171,1,11.408000000003085,BACKFILL_AUTO
2026-07-11 19:05:46,1783796746,R_75,53426.6777,-1,9.039400000001478,BACKFILL_AUTO
2026-07-11 19:05:48,1783796748,R_75,53416.7391,-1,9.938600000001315,BACKFILL_AUTO
2026-07-11 19:05:50,1783796750,R_75,53425.8796,1,9.140500000001339,BACKFILL_AUTO
2026-07-11 19:05:52,1783796752,R_75,53432.0242,1,6.1445999999996275,BACKFILL_AUTO
2026-07-11 19:05:54,1783796754,R_75,53435.7494,1,3.7252000000007683,BACKFILL_AUTO
2026-07-11 19:05:56,1783796756,R_75,53434.5965,-1,1.1529000000009546,BACKFILL_AUTO
2026-07-11 19:05:58,1783796758,R_75,53425.4713,-1,9.125200000002224,BACKFILL_AUTO
2026-07-11 19:06:00,1783796760,R_75,53425.2192,-1,0.25209999999788124,BACKFILL_AUTO
2026-07-11 19:06:02,1783796762,R_75,53418.0874,-1,7.1318000000028405,BACKFILL_AUTO
2026-07-11 19:06:04,1783796764,R_75,53420.4681,1,2.380700000001525,BACKFILL_AUTO
2026-07-11 19:06:06,1783796766,R_75,53408.8518,-1,11.616300000001502,BACKFILL_AUTO
2026-07-11 19:06:08,1783796768,R_75,53400.5632,-1,8.28859999999986,BACKFILL_AUTO
2026-07-11 19:06:10,1783796770,R_75,53399.5537,-1,1.0095000000001164,BACKFILL_AUTO
2026-07-11 19:06:12,1783796772,R_75,53395.9503,-1,3.603399999999965,BACKFILL_AUTO
2026-07-11 19:06:14,1783796774,R_75,53385.5052,-1,10.445099999997183,BACKFILL_AUTO
2026-07-11 19:06:16,1783796776,R_75,53379.8654,-1,5.639799999997194,BACKFILL_AUTO
2026-07-11 19:06:18,1783796778,R_75,53380.7665,1,0.9010999999954947,BACKFILL_AUTO
2026-07-11 19:06:20,1783796780,R_75,53403.5366,1,22.77010000000155,BACKFILL_AUTO
2026-07-11 19:06:22,1783796782,R_75,53407.0484,1,3.511800000000221,BACKFILL_AUTO
2026-07-11 19:06:24,1783796784,R_75,53398.7009,-1,8.347499999996217,BACKFILL_AUTO
2026-07-11 19:06:26,1783796786,R_75,53393.6232,-1,5.0777000000016415,BACKFILL_AUTO
2026-07-11 19:06:28,1783796788,R_75,53384.0595,-1,9.56369999999879,BACKFILL_AUTO
2026-07-11 19:06:30,1783796790,R_75,53369.4865,-1,14.573000000003958,BACKFILL_AUTO
2026-07-11 19:06:32,1783796792,R_75,53371.0864,1,1.599900000001071,BACKFILL_AUTO
2026-07-11 19:06:34,1783796794,R_75,53363.2529,-1,7.83350000000064,BACKFILL_AUTO
2026-07-11 19:06:36,1783796796,R_75,53356.7822,-1,6.470699999998033,BACKFILL_AUTO
2026-07-11 19:06:38,1783796798,R_75,53351.2054,-1,5.5768000000025495,BACKFILL_AUTO
2026-07-11 19:06:40,1783796800,R_75,53340.1638,-1,11.041599999996834,BACKFILL_AUTO
2026-07-11 19:06:42,1783796802,R_75,53356.0914,1,15.927599999995437,BACKFILL_AUTO
2026-07-11 19:06:44,1783796804,R_75,53353.4931,-1,2.5982999999978347,BACKFILL_AUTO
2026-07-11 19:06:46,1783796806,R_75,53355.6631,1,2.1699999999982538,BACKFILL_AUTO
2026-07-11 19:06:48,1783796808,R_75,53363.6855,1,8.022400000001653,BACKFILL_AUTO
2026-07-11 19:06:50,1783796810,R_75,53361.7192,-1,1.9663000000000466,BACKFILL_AUTO
2026-07-11 19:06:52,1783796812,R_75,53365.0103,1,3.2911000000021886,BACKFILL_AUTO
2026-07-11 19:06:54,1783796814,R_75,53364.3621,-1,0.6482000000032713,BACKFILL_AUTO
2026-07-11 19:06:56,1783796816,R_75,53370.2267,1,5.864600000000792,BACKFILL_AUTO
2026-07-11 19:06:58,1783796818,R_75,53365.5483,-1,4.678399999997055,BACKFILL_AUTO
2026-07-11 19:07:00,1783796820,R_75,53343.7386,-1,21.80970000000525,BACKFILL_AUTO
2026-07-11 19:07:02,1783796822,R_75,53350.4397,1,6.701100000005681,BACKFILL_AUTO
2026-07-11 19:07:04,1783796824,R_75,53347.1366,-1,3.3031000000046333,BACKFILL_AUTO
2026-07-11 19:07:06,1783796826,R_75,53345.6642,-1,1.4723999999987427,BACKFILL_AUTO
2026-07-11 19:07:08,1783796828,R_75,53344.0379,-1,1.626299999996263,BACKFILL_AUTO
2026-07-11 19:07:10,1783796830,R_75,53353.663,1,9.625099999997474,BACKFILL_AUTO
2026-07-11 19:07:12,1783796832,R_75,53357.4286,1,3.7655999999988126,BACKFILL_AUTO
2026-07-11 19:07:14,1783796834,R_75,53369.2109,1,11.78229999999894,BACKFILL_AUTO
2026-07-11 19:07:16,1783796836,R_75,53388.282,1,19.071100000001024,BACKFILL_AUTO
2026-07-11 19:07:18,1783796838,R_75,53387.7188,-1,0.5631999999968684,BACKFILL_AUTO
2026-07-11 19:07:20,1783796840,R_75,53380.1695,-1,7.549299999998766,BACKFILL_AUTO
2026-07-11 19:07:22,1783796842,R_75,53395.0166,1,14.847099999999045,BACKFILL_AUTO
2026-07-11 19:07:24,1783796844,R_75,53395.8881,1,0.87149999999383,BACKFILL_AUTO
2026-07-11 19:07:26,1783796846,R_75,53402.6447,1,6.756600000000617,BACKFILL_AUTO
2026-07-11 19:07:28,1783796848,R_75,53417.3401,1,14.695400000004156,BACKFILL_AUTO
2026-07-11 19:07:30,1783796850,R_75,53414.6502,-1,2.6899000000048545,BACKFILL_AUTO
2026-07-11 19:07:32,1783796852,R_75,53407.6363,-1,7.013899999998102,BACKFILL_AUTO
2026-07-11 19:07:34,1783796854,R_75,53426.6575,1,19.021200000002864,BACKFILL_AUTO
2026-07-11 19:07:36,1783796856,R_75,53416.6783,-1,9.979200000001583,BACKFILL_AUTO
2026-07-11 19:07:38,1783796858,R_75,53413.9215,-1,2.7568000000028405,BACKFILL_AUTO
2026-07-11 19:07:40,1783796860,R_75,53404.0937,-1,9.827799999999115,BACKFILL_AUTO
2026-07-11 19:07:42,1783796862,R_75,53402.3972,-1,1.6964999999981956,BACKFILL_AUTO
2026-07-11 19:07:44,1783796864,R_75,53415.837,1,13.439800000000105,BACKFILL_AUTO
2026-07-11 19:07:46,1783796866,R_75,53432.6295,1,16.7925000000032,BACKFILL_AUTO
2026-07-11 19:07:48,1783796868,R_75,53419.9569,-1,12.672600000005332,BACKFILL_AUTO
2026-07-11 19:07:50,1783796870,R_75,53437.3891,1,17.432200000002922,BACKFILL_AUTO
2026-07-11 19:07:52,1783796872,R_75,53428.4146,-1,8.9745000000039,BACKFILL_AUTO
2026-07-11 19:07:54,1783796874,R_75,53432.5037,1,4.0891000000046915,BACKFILL_AUTO
2026-07-11 19:07:56,1783796876,R_75,53437.5327,1,5.02900000000227,BACKFILL_AUTO
2026-07-11 19:07:58,1783796878,R_75,53462.7481,1,25.21539999999368,BACKFILL_AUTO
2026-07-11 19:08:00,1783796880,R_75,53459.1866,-1,3.5614999999961583,BACKFILL_AUTO
2026-07-11 19:08:02,1783796882,R_75,53460.0304,1,0.8438000000023749,BACKFILL_AUTO
2026-07-11 19:08:04,1783796884,R_75,53453.5102,-1,6.520200000006298,BACKFILL_AUTO
2026-07-11 19:08:06,1783796886,R_75,53454.0722,1,0.5620000000053551,BACKFILL_AUTO
2026-07-11 19:08:08,1783796888,R_75,53448.1892,-1,5.88300000000163,BACKFILL_AUTO
2026-07-11 19:08:10,1783796890,R_75,53456.9069,1,8.71770000000106,BACKFILL_AUTO
2026-07-11 19:08:12,1783796892,R_75,53442.4312,-1,14.47570000000269,BACKFILL_AUTO
2026-07-11 19:08:14,1783796894,R_75,53441.4857,-1,0.9455000000016298,BACKFILL_AUTO
2026-07-11 19:08:16,1783796896,R_75,53457.633,1,16.14730000000418,BACKFILL_AUTO
2026-07-11 19:08:18,1783796898,R_75,53462.5098,1,4.876799999998184,BACKFILL_AUTO
2026-07-11 19:08:20,1783796900,R_75,53473.1116,1,10.601799999996729,BACKFILL_AUTO
2026-07-11 19:08:22,1783796902,R_75,53468.193,-1,4.918599999997241,BACKFILL_AUTO
2026-07-11 19:08:24,1783796904,R_75,53471.0041,1,2.811099999998987,BACKFILL_AUTO
2026-07-11 19:08:26,1783796906,R_75,53472.9971,1,1.993000000002212,BACKFILL_AUTO
2026-07-11 19:08:28,1783796908,R_75,53477.5884,1,4.591300000000047,BACKFILL_AUTO
2026-07-11 19:08:30,1783796910,R_75,53475.4237,-1,2.164700000001176,BACKFILL_AUTO
2026-07-11 19:08:32,1783796912,R_75,53468.7572,-1,6.66649999999936,BACKFILL_AUTO
2026-07-11 19:08:34,1783796914,R_75,53464.5083,-1,4.2488999999986845,BACKFILL_AUTO
2026-07-11 19:08:36,1783796916,R_75,53461.6796,-1,2.828699999998207,BACKFILL_AUTO
2026-07-11 19:08:38,1783796918,R_75,53473.0119,1,11.332299999994575,BACKFILL_AUTO
2026-07-11 19:08:40,1783796920,R_75,53472.963,-1,0.04889999999431893,BACKFILL_AUTO
2026-07-11 19:08:42,1783796922,R_75,53483.6642,1,10.701199999995879,BACKFILL_AUTO
2026-07-11 19:08:44,1783796924,R_75,53478.8872,-1,4.777000000001863,BACKFILL_AUTO
2026-07-11 19:08:46,1783796926,R_75,53470.0471,-1,8.840099999993981,BACKFILL_AUTO
2026-07-11 19:08:48,1783796928,R_75,53464.2102,-1,5.8369000000020606,BACKFILL_AUTO
2026-07-11 19:08:50,1783796930,R_75,53453.4986,-1,10.711600000002363,BACKFILL_AUTO
2026-07-11 19:08:52,1783796932,R_75,53434.6405,-1,18.85809999999765,BACKFILL_AUTO
2026-07-11 19:08:54,1783796934,R_75,53434.7292,1,0.08870000000024447,BACKFILL_AUTO
2026-07-11 19:08:56,1783796936,R_75,53421.0455,-1,13.683700000001409,BACKFILL_AUTO
2026-07-11 19:08:58,1783796938,R_75,53424.4579,1,3.412400000001071,BACKFILL_AUTO
2026-07-11 19:09:00,1783796940,R_75,53425.918,1,1.4600999999966007,BACKFILL_AUTO
2026-07-11 19:09:02,1783796942,R_75,53427.114,1,1.1960000000035507,BACKFILL_AUTO
2026-07-11 19:09:04,1783796944,R_75,53419.1001,-1,8.013899999998102,BACKFILL_AUTO
2026-07-11 19:09:06,1783796946,R_75,53422.619,1,3.518899999995483,BACKFILL_AUTO
2026-07-11 19:09:08,1783796948,R_75,53431.6285,1,9.009500000000116,BACKFILL_AUTO
2026-07-11 19:09:10,1783796950,R_75,53432.8398,1,1.211300000002666,BACKFILL_AUTO
2026-07-11 19:09:12,1783796952,R_75,53435.9399,1,3.1000999999960186,BACKFILL_AUTO
2026-07-11 19:09:14,1783796954,R_75,53447.0757,1,11.135800000003655,BACKFILL_AUTO
2026-07-11 19:09:16,1783796956,R_75,53431.4976,-1,15.578099999998813,BACKFILL_AUTO
2026-07-11 19:09:18,1783796958,R_75,53435.4821,1,3.9844999999986612,BACKFILL_AUTO
2026-07-11 19:09:20,1783796960,R_75,53452.1409,1,16.658799999997427,BACKFILL_AUTO
2026-07-11 19:09:22,1783796962,R_75,53460.6398,1,8.498899999998685,BACKFILL_AUTO
2026-07-11 19:09:24,1783796964,R_75,53447.0956,-1,13.544199999996636,BACKFILL_AUTO
2026-07-11 19:09:26,1783796966,R_75,53441.8156,-1,5.279999999998836,BACKFILL_AUTO
2026-07-11 19:09:28,1783796968,R_75,53435.8255,-1,5.9901000000027125,BACKFILL_AUTO
2026-07-11 19:09:30,1783796970,R_75,53436.2301,1,0.40460000000166474,BACKFILL_AUTO
2026-07-11 19:09:32,1783796972,R_75,53447.8543,1,11.624199999998382,BACKFILL_AUTO
2026-07-11 19:09:34,1783796974,R_75,53456.3437,1,8.489399999998568,BACKFILL_AUTO
2026-07-11 19:09:36,1783796976,R_75,53446.0112,-1,10.332499999996799,BACKFILL_AUTO
2026-07-11 19:09:38,1783796978,R_75,53451.6333,1,5.622100000000501,BACKFILL_AUTO
2026-07-11 19:09:40,1783796980,R_75,53458.3428,1,6.709499999997206,BACKFILL_AUTO
2026-07-11 19:09:42,1783796982,R_75,53452.914,-1,5.428800000001502,BACKFILL_AUTO
2026-07-11 19:09:44,1783796984,R_75,53461.4643,1,8.550300000002608,BACKFILL_AUTO
2026-07-11 19:09:46,1783796986,R_75,53484.3855,1,22.921199999997043,BACKFILL_AUTO
2026-07-11 19:09:48,1783796988,R_75,53489.9455,1,5.560000000004948,BACKFILL_AUTO
2026-07-11 19:09:50,1783796990,R_75,53488.6565,-1,1.2890000000043074,BACKFILL_AUTO
2026-07-11 19:09:52,1783796992,R_75,53497.6828,1,9.026300000004994,BACKFILL_AUTO
2026-07-11 19:09:54,1783796994,R_75,53489.7986,-1,7.884200000000419,BACKFILL_AUTO
2026-07-11 19:09:56,1783796996,R_75,53476.6195,-1,13.179100000001199,BACKFILL_AUTO
2026-07-11 19:09:58,1783796998,R_75,53469.1232,-1,7.496299999998882,BACKFILL_AUTO
2026-07-11 19:10:00,1783797000,R_75,53449.6312,-1,19.49199999999837,BACKFILL_AUTO
2026-07-11 19:10:02,1783797002,R_75,53449.4187,-1,0.2125000000014552,BACKFILL_AUTO
2026-07-11 19:10:04,1783797004,R_75,53446.1779,-1,3.240799999999581,BACKFILL_AUTO
2026-07-11 19:10:06,1783797006,R_75,53442.0053,-1,4.172600000005332,BACKFILL_AUTO
2026-07-11 19:10:08,1783797008,R_75,53443.6063,1,1.6010000000023865,BACKFILL_AUTO
2026-07-11 19:10:10,1783797010,R_75,53454.5494,1,10.943100000004051,BACKFILL_AUTO
2026-07-11 19:10:12,1783797012,R_75,53450.9952,-1,3.554200000005949,BACKFILL_AUTO
2026-07-11 19:10:14,1783797014,R_75,53464.1495,1,13.154300000001967,BACKFILL_AUTO
2026-07-11 19:10:16,1783797016,R_75,53449.7974,-1,14.352099999996426,BACKFILL_AUTO
2026-07-11 19:10:18,1783797018,R_75,53449.1995,-1,0.5979000000006636,BACKFILL_AUTO
2026-07-11 19:10:20,1783797020,R_75,53444.5499,-1,4.649600000004284,BACKFILL_AUTO
2026-07-11 19:10:22,1783797022,R_75,53445.0489,1,0.49900000000343425,BACKFILL_AUTO
2026-07-11 19:10:24,1783797024,R_75,53433.8769,-1,11.171999999998661,BACKFILL_AUTO
2026-07-11 19:10:26,1783797026,R_75,53460.5308,1,26.65389999999752,BACKFILL_AUTO
2026-07-11 19:10:28,1783797028,R_75,53467.3894,1,6.858599999999569,BACKFILL_AUTO
2026-07-11 19:10:30,1783797030,R_75,53464.2262,-1,3.163200000002689,BACKFILL_AUTO
2026-07-11 19:10:32,1783797032,R_75,53460.1169,-1,4.109299999996438,BACKFILL_AUTO
2026-07-11 19:10:34,1783797034,R_75,53455.0699,-1,5.046999999998661,BACKFILL_AUTO
2026-07-11 19:10:36,1783797036,R_75,53460.7519,1,5.6820000000006985,BACKFILL_AUTO
2026-07-11 19:10:38,1783797038,R_75,53460.4084,-1,0.34350000000267755,BACKFILL_AUTO
2026-07-11 19:10:40,1783797040,R_75,53464.1019,1,3.6935000000012224,BACKFILL_AUTO
2026-07-11 19:10:42,1783797042,R_75,53482.0872,1,17.98530000000028,BACKFILL_AUTO
2026-07-11 19:10:44,1783797044,R_75,53482.6205,1,0.5332999999955064,BACKFILL_AUTO
2026-07-11 19:10:46,1783797046,R_75,53458.6386,-1,23.98189999999886,BACKFILL_AUTO
2026-07-11 19:10:48,1783797048,R_75,53476.4845,1,17.845900000000256,BACKFILL_AUTO
2026-07-11 19:10:50,1783797050,R_75,53481.1457,1,4.661200000002282,BACKFILL_AUTO
2026-07-11 19:10:52,1783797052,R_75,53489.3894,1,8.24369999999908,BACKFILL_AUTO
2026-07-11 19:10:54,1783797054,R_75,53480.3785,-1,9.01090000000113,BACKFILL_AUTO
2026-07-11 19:10:56,1783797056,R_75,53474.4073,-1,5.971199999999953,BACKFILL_AUTO
2026-07-11 19:10:58,1783797058,R_75,53461.3904,-1,13.016900000002352,BACKFILL_AUTO
2026-07-11 19:11:00,1783797060,R_75,53466.7607,1,5.370300000002317,BACKFILL_AUTO
2026-07-11 19:11:02,1783797062,R_75,53466.422,-1,0.33870000000024447,BACKFILL_AUTO
2026-07-11 19:11:04,1783797064,R_75,53448.6411,-1,17.780899999997928,BACKFILL_AUTO
2026-07-11 19:11:06,1783797066,R_75,53434.8352,-1,13.805899999999383,BACKFILL_AUTO
2026-07-11 19:11:08,1783797068,R_75,53442.9414,1,8.10620000000199,BACKFILL_AUTO
2026-07-11 19:11:10,1783797070,R_75,53435.5971,-1,7.344300000004296,BACKFILL_AUTO
2026-07-11 19:11:12,1783797072,R_75,53449.3295,1,13.73240000000078,BACKFILL_AUTO
2026-07-11 19:11:14,1783797074,R_75,53445.8343,-1,3.495199999997567,BACKFILL_AUTO
2026-07-11 19:11:16,1783797076,R_75,53449.8197,1,3.985399999997753,BACKFILL_AUTO
2026-07-11 19:11:18,1783797078,R_75,53447.5865,-1,2.233200000002398,BACKFILL_AUTO
2026-07-11 19:11:20,1783797080,R_75,53442.9042,-1,4.682300000000396,BACKFILL_AUTO
2026-07-11 19:11:22,1783797082,R_75,53441.0352,-1,1.8689999999987776,BACKFILL_AUTO
2026-07-11 19:11:24,1783797084,R_75,53430.0578,-1,10.977399999996123,BACKFILL_AUTO
2026-07-11 19:11:26,1783797086,R_75,53422.908,-1,7.149799999999232,BACKFILL_AUTO
2026-07-11 19:11:28,1783797088,R_75,53432.159,1,9.250999999996566,BACKFILL_AUTO
2026-07-11 19:11:30,1783797090,R_75,53437.7285,1,5.569499999997788,BACKFILL_AUTO
2026-07-11 19:11:32,1783797092,R_75,53429.5954,-1,8.133099999999104,BACKFILL_AUTO
2026-07-11 19:11:34,1783797094,R_75,53442.454,1,12.85859999999957,BACKFILL_AUTO
2026-07-11 19:11:36,1783797096,R_75,53422.9993,-1,19.454699999994773,BACKFILL_AUTO
2026-07-11 19:11:38,1783797098,R_75,53435.2294,1,12.2300999999934,BACKFILL_AUTO
2026-07-11 19:11:40,1783797100,R_75,53431.8284,-1,3.400999999998021,BACKFILL_AUTO
2026-07-11 19:11:42,1783797102,R_75,53442.3759,1,10.547500000000582,BACKFILL_AUTO
2026-07-11 19:11:44,1783797104,R_75,53450.064,1,7.688099999999395,BACKFILL_AUTO
2026-07-11 19:11:46,1783797106,R_75,53441.5996,-1,8.464399999997113,BACKFILL_AUTO
2026-07-11 19:11:48,1783797108,R_75,53426.1395,-1,15.460100000003877,BACKFILL_AUTO
2026-07-11 19:11:50,1783797110,R_75,53413.5791,-1,12.560399999994843,BACKFILL_AUTO
2026-07-11 19:11:52,1783797112,R_75,53413.9512,1,0.3721000000005006,BACKFILL_AUTO
2026-07-11 19:11:54,1783797114,R_75,53422.9189,1,8.967699999993783,BACKFILL_AUTO
2026-07-11 19:11:56,1783797116,R_75,53415.6691,-1,7.2497999999977765,BACKFILL_AUTO
2026-07-11 19:11:58,1783797118,R_75,53402.2426,-1,13.426500000001397,BACKFILL_AUTO
2026-07-11 19:12:00,1783797120,R_75,53401.067,-1,1.175599999995029,BACKFILL_AUTO
2026-07-11 19:12:02,1783797122,R_75,53406.0296,1,4.962599999998929,BACKFILL_AUTO
2026-07-11 19:12:04,1783797124,R_75,53409.0894,1,3.059799999995448,BACKFILL_AUTO
2026-07-11 19:12:06,1783797126,R_75,53397.8419,-1,11.247499999997672,BACKFILL_AUTO
2026-07-11 19:12:08,1783797128,R_75,53398.5986,1,0.7566999999980908,BACKFILL_AUTO
2026-07-11 19:12:10,1783797130,R_75,53388.7338,-1,9.86479999999574,BACKFILL_AUTO
2026-07-11 19:12:12,1783797132,R_75,53382.189,-1,6.544800000003306,BACKFILL_AUTO
2026-07-11 19:12:14,1783797134,R_75,53390.6449,1,8.455900000000838,BACKFILL_AUTO
2026-07-11 19:12:16,1783797136,R_75,53369.0376,-1,21.60729999999603,BACKFILL_AUTO
2026-07-11 19:12:18,1783797138,R_75,53374.365,1,5.327399999994668,BACKFILL_AUTO
2026-07-11 19:12:20,1783797140,R_75,53357.6014,-1,16.763599999998405,BACKFILL_AUTO
2026-07-11 19:12:22,1783797142,R_75,53357.1744,-1,0.4269999999960419,BACKFILL_AUTO
2026-07-11 19:12:24,1783797144,R_75,53350.0491,-1,7.125300000006973,BACKFILL_AUTO
2026-07-11 19:12:26,1783797146,R_75,53351.2028,1,1.1537000000025728,BACKFILL_AUTO
2026-07-11 19:12:28,1783797148,R_75,53361.1208,1,9.917999999997846,BACKFILL_AUTO
2026-07-11 19:12:30,1783797150,R_75,53349.938,-1,11.18279999999504,BACKFILL_AUTO
2026-07-11 19:12:32,1783797152,R_75,53364.6638,1,14.725800000000163,BACKFILL_AUTO
2026-07-11 19:12:34,1783797154,R_75,53362.8914,-1,1.772400000001653,BACKFILL_AUTO
2026-07-11 19:12:36,1783797156,R_75,53361.2027,-1,1.6886999999987893,BACKFILL_AUTO
2026-07-11 19:12:38,1783797158,R_75,53363.1352,1,1.9324999999953434,BACKFILL_AUTO
2026-07-11 19:12:40,1783797160,R_75,53364.837,1,1.7018000000025495,BACKFILL_AUTO
2026-07-11 19:12:42,1783797162,R_75,53388.5663,1,23.729299999999057,BACKFILL_AUTO
2026-07-11 19:12:44,1783797164,R_75,53393.4427,1,4.876400000001013,BACKFILL_AUTO
2026-07-11 19:12:46,1783797166,R_75,53392.05,-1,1.3926999999966938,BACKFILL_AUTO
2026-07-11 19:12:48,1783797168,R_75,53410.6791,1,18.62909999999829,BACKFILL_AUTO
2026-07-11 19:12:50,1783797170,R_75,53431.277,1,20.597900000000664,BACKFILL_AUTO
2026-07-11 19:12:52,1783797172,R_75,53434.5858,1,3.3087999999988824,BACKFILL_AUTO
2026-07-11 19:12:54,1783797174,R_75,53443.9079,1,9.32209999999759,BACKFILL_AUTO
2026-07-11 19:12:56,1783797176,R_75,53442.1419,-1,1.7659999999959837,BACKFILL_AUTO
2026-07-11 19:12:58,1783797178,R_75,53446.6006,1,4.458699999995588,BACKFILL_AUTO
2026-07-11 19:13:00,1783797180,R_75,53455.8868,1,9.286200000002282,BACKFILL_AUTO
2026-07-11 19:13:02,1783797182,R_75,53459.529,1,3.642200000002049,BACKFILL_AUTO
2026-07-11 19:13:04,1783797184,R_75,53459.4883,-1,0.0407000000050175,BACKFILL_AUTO
2026-07-11 19:13:06,1783797186,R_75,53481.1802,1,21.691900000005262,BACKFILL_AUTO
2026-07-11 19:13:08,1783797188,R_75,53468.7923,-1,12.387900000001537,BACKFILL_AUTO
2026-07-11 19:13:10,1783797190,R_75,53459.1219,-1,9.6704000000027,BACKFILL_AUTO
2026-07-11 19:13:12,1783797192,R_75,53472.2384,1,13.116500000003725,BACKFILL_AUTO
2026-07-11 19:13:14,1783797194,R_75,53481.2953,1,9.056899999995949,BACKFILL_AUTO
2026-07-11 19:13:16,1783797196,R_75,53471.6135,-1,9.681799999998475,BACKFILL_AUTO
2026-07-11 19:13:18,1783797198,R_75,53474.561,1,2.9475000000020373,BACKFILL_AUTO
2026-07-11 19:13:20,1783797200,R_75,53472.1067,-1,2.454300000004878,BACKFILL_AUTO
2026-07-11 19:13:22,1783797202,R_75,53472.3443,1,0.23760000000038417,BACKFILL_AUTO
2026-07-11 19:13:24,1783797204,R_75,53481.8032,1,9.458900000005087,BACKFILL_AUTO
2026-07-11 19:13:26,1783797206,R_75,53481.2035,-1,0.5996999999988475,BACKFILL_AUTO
2026-07-11 19:13:28,1783797208,R_75,53479.0561,-1,2.147400000001653,BACKFILL_AUTO
2026-07-11 19:13:30,1783797210,R_75,53458.5398,-1,20.516300000002957,BACKFILL_AUTO
2026-07-11 19:13:32,1783797212,R_75,53451.5888,-1,6.951000000000931,BACKFILL_AUTO
2026-07-11 19:13:34,1783797214,R_75,53451.8634,1,0.2746000000042841,BACKFILL_AUTO
2026-07-11 19:13:36,1783797216,R_75,53446.8769,-1,4.986499999999069,BACKFILL_AUTO
2026-07-11 19:13:38,1783797218,R_75,53451.5457,1,4.6687999999994645,BACKFILL_AUTO
2026-07-11 19:13:40,1783797220,R_75,53435.3315,-1,16.214200000002165,BACKFILL_AUTO
2026-07-11 19:13:42,1783797222,R_75,53446.0872,1,10.755700000001525,BACKFILL_AUTO
2026-07-11 19:13:44,1783797224,R_75,53450.0088,1,3.92160000000149,BACKFILL_AUTO
2026-07-11 19:13:46,1783797226,R_75,53448.4161,-1,1.5927000000010594,BACKFILL_AUTO
2026-07-11 19:13:48,1783797228,R_75,53451.5092,1,3.0930999999982305,BACKFILL_AUTO
2026-07-11 19:13:50,1783797230,R_75,53437.9999,-1,13.509299999997893,BACKFILL_AUTO
2026-07-11 19:13:52,1783797232,R_75,53448.0768,1,10.076900000000023,BACKFILL_AUTO
2026-07-11 19:13:54,1783797234,R_75,53453.7978,1,5.72099999999773,BACKFILL_AUTO
2026-07-11 19:13:56,1783797236,R_75,53450.902,-1,2.8957999999984168,BACKFILL_AUTO
2026-07-11 19:13:58,1783797238,R_75,53454.8825,1,3.9804999999978463,BACKFILL_AUTO
2026-07-11 19:14:00,1783797240,R_75,53457.5442,1,2.6616999999969266,BACKFILL_AUTO
2026-07-11 19:14:02,1783797242,R_75,53447.4781,-1,10.066099999996368,BACKFILL_AUTO
2026-07-11 19:14:04,1783797244,R_75,53453.5602,1,6.0820999999996275,BACKFILL_AUTO
2026-07-11 19:14:06,1783797246,R_75,53465.1221,1,11.561900000000605,BACKFILL_AUTO
2026-07-11 19:14:08,1783797248,R_75,53459.8485,-1,5.273600000000442,BACKFILL_AUTO
2026-07-11 19:14:10,1783797250,R_75,53451.6752,-1,8.1733000000022,BACKFILL_AUTO
2026-07-11 19:14:12,1783797252,R_75,53443.6662,-1,8.008999999998196,BACKFILL_AUTO
2026-07-11 19:14:14,1783797254,R_75,53442.9272,-1,0.739000000001397,BACKFILL_AUTO
2026-07-11 19:14:16,1783797256,R_75,53455.2288,1,12.30159999999887,BACKFILL_AUTO
2026-07-11 19:14:18,1783797258,R_75,53464.6734,1,9.444600000002538,BACKFILL_AUTO
2026-07-11 19:14:20,1783797260,R_75,53460.2865,-1,4.386899999997695,BACKFILL_AUTO
2026-07-11 19:14:22,1783797262,R_75,53454.5462,-1,5.740300000004936,BACKFILL_AUTO
2026-07-11 19:14:24,1783797264,R_75,53465.7061,1,11.159900000006019,BACKFILL_AUTO
2026-07-11 19:14:26,1783797266,R_75,53474.3113,1,8.605199999998149,BACKFILL_AUTO
2026-07-11 19:14:28,1783797268,R_75,53475.331,1,1.0196999999971013,BACKFILL_AUTO
2026-07-11 19:14:30,1783797270,R_75,53484.1366,1,8.805599999999686,BACKFILL_AUTO
2026-07-11 19:14:32,1783797272,R_75,53481.2877,-1,2.8488999999972293,BACKFILL_AUTO
2026-07-11 19:14:34,1783797274,R_75,53463.0481,-1,18.23960000000079,BACKFILL_AUTO
2026-07-11 19:14:36,1783797276,R_75,53447.7529,-1,15.295200000000477,BACKFILL_AUTO
2026-07-11 19:14:38,1783797278,R_75,53449.1442,1,1.391300000002957,BACKFILL_AUTO
2026-07-11 19:14:40,1783797280,R_75,53437.1879,-1,11.956300000005285,BACKFILL_AUTO
2026-07-11 19:14:42,1783797282,R_75,53442.8521,1,5.664199999999255,BACKFILL_AUTO
2026-07-11 19:14:44,1783797284,R_75,53442.784,-1,0.0680999999967753,BACKFILL_AUTO
2026-07-11 19:14:46,1783797286,R_75,53427.2977,-1,15.486299999996845,BACKFILL_AUTO
2026-07-11 19:14:48,1783797288,R_75,53417.1137,-1,10.184000000001106,BACKFILL_AUTO
2026-07-11 19:14:50,1783797290,R_75,53417.2783,1,0.16459999999642605,BACKFILL_AUTO
2026-07-11 19:14:52,1783797292,R_75,53422.1152,1,4.8369000000020606,BACKFILL_AUTO
2026-07-11 19:14:54,1783797294,R_75,53412.0701,-1,10.045100000003004,BACKFILL_AUTO
2026-07-11 19:14:56,1783797296,R_75,53399.401,-1,12.669099999999162,BACKFILL_AUTO
2026-07-11 19:14:58,1783797298,R_75,53402.8945,1,3.4935000000041327,BACKFILL_AUTO
2026-07-11 19:15:00,1783797300,R_75,53412.2644,1,9.36989999999787,BACKFILL_AUTO
2026-07-11 19:15:02,1783797302,R_75,53419.5609,1,7.29649999999674,BACKFILL_AUTO
2026-07-11 19:15:04,1783797304,R_75,53414.4039,-1,5.156999999999243,BACKFILL_AUTO
2026-07-11 19:15:06,1783797306,R_75,53421.6762,1,7.272300000004179,BACKFILL_AUTO
2026-07-11 19:15:08,1783797308,R_75,53404.2909,-1,17.385300000001735,BACKFILL_AUTO
2026-07-11 19:15:10,1783797310,R_75,53417.8855,1,13.594599999996717,BACKFILL_AUTO
2026-07-11 19:15:12,1783797312,R_75,53407.2987,-1,10.58679999999731,BACKFILL_AUTO
2026-07-11 19:15:14,1783797314,R_75,53401.5713,-1,5.727399999996123,BACKFILL_AUTO
2026-07-11 19:15:16,1783797316,R_75,53389.1336,-1,12.437700000002224,BACKFILL_AUTO
2026-07-11 19:15:18,1783797318,R_75,53381.2863,-1,7.847300000001269,BACKFILL_AUTO
2026-07-11 19:15:20,1783797320,R_75,53389.9159,1,8.62960000000021,BACKFILL_AUTO
2026-07-11 19:15:22,1783797322,R_75,53378.652,-1,11.263899999998102,BACKFILL_AUTO
2026-07-11 19:15:24,1783797324,R_75,53385.3209,1,6.668899999996938,BACKFILL_AUTO
2026-07-11 19:15:26,1783797326,R_75,53388.3978,1,3.0769000000000233,BACKFILL_AUTO
2026-07-11 19:15:28,1783797328,R_75,53384.2402,-1,4.157599999998638,BACKFILL_AUTO
2026-07-11 19:15:30,1783797330,R_75,53380.3452,-1,3.8949999999967986,BACKFILL_AUTO
2026-07-11 19:15:32,1783797332,R_75,53378.2921,-1,2.0531000000046333,BACKFILL_AUTO
2026-07-11 19:15:34,1783797334,R_75,53392.0723,1,13.78020000000106,BACKFILL_AUTO
2026-07-11 19:15:36,1783797336,R_75,53381.7687,-1,10.303599999999278,BACKFILL_AUTO
2026-07-11 19:15:38,1783797338,R_75,53375.9301,-1,5.838600000002771,BACKFILL_AUTO
2026-07-11 19:15:40,1783797340,R_75,53354.0394,-1,21.890699999996286,BACKFILL_AUTO
2026-07-11 19:15:42,1783797342,R_75,53352.4444,-1,1.5950000000011642,BACKFILL_AUTO
2026-07-11 19:15:44,1783797344,R_75,53349.1814,-1,3.2629999999990105,BACKFILL_AUTO
2026-07-11 19:15:46,1783797346,R_75,53347.9983,-1,1.183100000002014,BACKFILL_AUTO
2026-07-11 19:15:48,1783797348,R_75,53338.6061,-1,9.392200000002049,BACKFILL_AUTO
2026-07-11 19:15:50,1783797350,R_75,53342.0385,1,3.4324000000051456,BACKFILL_AUTO
2026-07-11 19:15:52,1783797352,R_75,53337.8689,-1,4.169600000001083,BACKFILL_AUTO
2026-07-11 19:15:54,1783797354,R_75,53341.744,1,3.875099999997474,BACKFILL_AUTO
2026-07-11 19:15:56,1783797356,R_75,53340.9358,-1,0.8081999999994878,BACKFILL_AUTO
2026-07-11 19:15:58,1783797358,R_75,53339.6974,-1,1.2384000000020023,BACKFILL_AUTO
2026-07-11 19:16:00,1783797360,R_75,53338.5959,-1,1.1014999999970314,BACKFILL_AUTO
2026-07-11 19:16:02,1783797362,R_75,53326.2114,-1,12.384500000000116,BACKFILL_AUTO
2026-07-11 19:16:04,1783797364,R_75,53314.5231,-1,11.688300000001618,BACKFILL_AUTO
2026-07-11 19:16:06,1783797366,R_75,53337.6613,1,23.138200000001234,BACKFILL_AUTO
2026-07-11 19:16:08,1783797368,R_75,53341.5142,1,3.8528999999980442,BACKFILL_AUTO
2026-07-11 19:16:10,1783797370,R_75,53350.2004,1,8.686200000003737,BACKFILL_AUTO
2026-07-11 19:16:12,1783797372,R_75,53364.9422,1,14.741799999996147,BACKFILL_AUTO
2026-07-11 19:16:14,1783797374,R_75,53364.8832,-1,0.059000000001105946,BACKFILL_AUTO
2026-07-11 19:16:16,1783797376,R_75,53364.7669,-1,0.1162999999942258,BACKFILL_AUTO
2026-07-11 19:16:18,1783797378,R_75,53381.7865,1,17.019599999999627,BACKFILL_AUTO
2026-07-11 19:16:20,1783797380,R_75,53379.3561,-1,2.430400000004738,BACKFILL_AUTO
2026-07-11 19:16:22,1783797382,R_75,53378.527,-1,0.8290999999953783,BACKFILL_AUTO
2026-07-11 19:16:24,1783797384,R_75,53378.7662,1,0.23919999999634456,BACKFILL_AUTO
2026-07-11 19:16:26,1783797386,R_75,53364.997,-1,13.76919999999518,BACKFILL_AUTO
2026-07-11 19:16:28,1783797388,R_75,53372.163,1,7.165999999997439,BACKFILL_AUTO
2026-07-11 19:16:30,1783797390,R_75,53384.4881,1,12.32510000000184,BACKFILL_AUTO
2026-07-11 19:16:32,1783797392,R_75,53371.1752,-1,13.312900000004447,BACKFILL_AUTO
2026-07-11 19:16:34,1783797394,R_75,53375.5502,1,4.375,BACKFILL_AUTO
2026-07-11 19:16:36,1783797396,R_75,53369.5698,-1,5.9804000000003725,BACKFILL_AUTO
2026-07-11 19:16:38,1783797398,R_75,53364.0611,-1,5.508699999998498,BACKFILL_AUTO
2026-07-11 19:16:40,1783797400,R_75,53355.6023,-1,8.458800000000338,BACKFILL_AUTO
2026-07-11 19:16:42,1783797402,R_75,53343.5329,-1,12.069400000000314,BACKFILL_AUTO
2026-07-11 19:16:44,1783797404,R_75,53346.9559,1,3.423000000002503,BACKFILL_AUTO
2026-07-11 19:16:46,1783797406,R_75,53354.4875,1,7.531600000002072,BACKFILL_AUTO
2026-07-11 19:16:48,1783797408,R_75,53360.9127,1,6.425199999997858,BACKFILL_AUTO
2026-07-11 19:16:50,1783797410,R_75,53355.4354,-1,5.47729999999865,BACKFILL_AUTO
2026-07-11 19:16:52,1783797412,R_75,53355.0105,-1,0.4249000000054366,BACKFILL_AUTO
2026-07-11 19:16:54,1783797414,R_75,53353.9995,-1,1.010999999998603,BACKFILL_AUTO
2026-07-11 19:16:56,1783797416,R_75,53359.6554,1,5.655900000005204,BACKFILL_AUTO
2026-07-11 19:16:58,1783797418,R_75,53363.684,1,4.028599999997823,BACKFILL_AUTO
2026-07-11 19:17:00,1783797420,R_75,53374.0013,1,10.317300000002433,BACKFILL_AUTO
2026-07-11 19:17:02,1783797422,R_75,53381.2072,1,7.205899999993562,BACKFILL_AUTO
2026-07-11 19:17:04,1783797424,R_75,53378.2686,-1,2.9385999999940395,BACKFILL_AUTO
2026-07-11 19:17:06,1783797426,R_75,53369.7698,-1,8.49880000000121,BACKFILL_AUTO
2026-07-11 19:17:08,1783797428,R_75,53379.3054,1,9.535599999995611,BACKFILL_AUTO
2026-07-11 19:17:10,1783797430,R_75,53397.8072,1,18.50180000000546,BACKFILL_AUTO
2026-07-11 19:17:12,1783797432,R_75,53399.7321,1,1.9248999999981606,BACKFILL_AUTO
2026-07-11 19:17:14,1783797434,R_75,53394.195,-1,5.537100000001374,BACKFILL_AUTO
2026-07-11 19:17:16,1783797436,R_75,53383.7715,-1,10.423499999997148,BACKFILL_AUTO
2026-07-11 19:17:18,1783797438,R_75,53381.4769,-1,2.2946000000010827,BACKFILL_AUTO
2026-07-11 19:17:20,1783797440,R_75,53375.4352,-1,6.041700000001583,BACKFILL_AUTO
2026-07-11 19:17:22,1783797442,R_75,53368.8149,-1,6.620300000002317,BACKFILL_AUTO
2026-07-11 19:17:24,1783797444,R_75,53368.6201,-1,0.19479999999748543,BACKFILL_AUTO
2026-07-11 19:17:26,1783797446,R_75,53383.7991,1,15.17899999999645,BACKFILL_AUTO
2026-07-11 19:17:28,1783797448,R_75,53387.1581,1,3.3590000000040163,BACKFILL_AUTO
2026-07-11 19:17:30,1783797450,R_75,53387.1974,1,0.03929999999672873,BACKFILL_AUTO
2026-07-11 19:17:32,1783797452,R_75,53407.0733,1,19.875899999999092,BACKFILL_AUTO
2026-07-11 19:17:34,1783797454,R_75,53416.5673,1,9.494000000006054,BACKFILL_AUTO
2026-07-11 19:17:36,1783797456,R_75,53412.0728,-1,4.4945000000006985,BACKFILL_AUTO
2026-07-11 19:17:38,1783797458,R_75,53413.8314,1,1.7586000000010245,BACKFILL_AUTO
2026-07-11 19:17:40,1783797460,R_75,53430.305,1,16.473599999997532,BACKFILL_AUTO
2026-07-11 19:17:42,1783797462,R_75,53441.7217,1,11.416700000001583,BACKFILL_AUTO
2026-07-11 19:17:44,1783797464,R_75,53429.3149,-1,12.406800000004296,BACKFILL_AUTO
2026-07-11 19:17:46,1783797466,R_75,53435.7259,1,6.411000000000058,BACKFILL_AUTO
2026-07-11 19:17:48,1783797468,R_75,53432.1623,-1,3.5635999999940395,BACKFILL_AUTO
2026-07-11 19:17:50,1783797470,R_75,53440.7803,1,8.617999999994936,BACKFILL_AUTO
2026-07-11 19:17:52,1783797472,R_75,53451.4356,1,10.655299999998533,BACKFILL_AUTO
2026-07-11 19:17:54,1783797474,R_75,53451.067,-1,0.3685999999943306,BACKFILL_AUTO
2026-07-11 19:17:56,1783797476,R_75,53446.5033,-1,4.563700000006065,BACKFILL_AUTO
2026-07-11 19:17:58,1783797478,R_75,53435.9345,-1,10.568799999993644,BACKFILL_AUTO
2026-07-11 19:18:00,1783797480,R_75,53427.0422,-1,8.892299999999523,BACKFILL_AUTO
2026-07-11 19:18:02,1783797482,R_75,53437.9236,1,10.881399999998393,BACKFILL_AUTO
2026-07-11 19:18:04,1783797484,R_75,53436.3189,-1,1.604700000003504,BACKFILL_AUTO
2026-07-11 19:18:06,1783797486,R_75,53434.5995,-1,1.7194000000017695,BACKFILL_AUTO
2026-07-11 19:18:08,1783797488,R_75,53427.8022,-1,6.7972999999983585,BACKFILL_AUTO
2026-07-11 19:18:10,1783797490,R_75,53428.8887,1,1.0865000000048894,BACKFILL_AUTO
2026-07-11 19:18:12,1783797492,R_75,53441.0183,1,12.12960000000021,BACKFILL_AUTO
2026-07-11 19:18:14,1783797494,R_75,53422.7247,-1,18.293600000004517,BACKFILL_AUTO
2026-07-11 19:18:16,1783797496,R_75,53410.9181,-1,11.806599999996251,BACKFILL_AUTO
2026-07-11 19:18:18,1783797498,R_75,53410.2406,-1,0.6775000000052387,BACKFILL_AUTO
2026-07-11 19:18:20,1783797500,R_75,53409.7978,-1,0.442799999997078,BACKFILL_AUTO
2026-07-11 19:18:22,1783797502,R_75,53399.4412,-1,10.356599999999162,BACKFILL_AUTO
2026-07-11 19:18:24,1783797504,R_75,53400.8867,1,1.4455000000016298,BACKFILL_AUTO
2026-07-11 19:18:26,1783797506,R_75,53398.5133,-1,2.3734000000040396,BACKFILL_AUTO
2026-07-11 19:18:28,1783797508,R_75,53405.7392,1,7.225900000004913,BACKFILL_AUTO
2026-07-11 19:18:30,1783797510,R_75,53412.8447,1,7.105499999997846,BACKFILL_AUTO
2026-07-11 19:18:32,1783797512,R_75,53409.1442,-1,3.7004999999990105,BACKFILL_AUTO
2026-07-11 19:18:34,1783797514,R_75,53424.077,1,14.93279999999504,BACKFILL_AUTO
2026-07-11 19:18:36,1783797516,R_75,53423.1768,-1,0.9001999999964028,BACKFILL_AUTO
2026-07-11 19:18:38,1783797518,R_75,53429.2262,1,6.04939999999624,BACKFILL_AUTO
2026-07-11 19:18:40,1783797520,R_75,53436.5205,1,7.294300000001385,BACKFILL_AUTO
2026-07-11 19:18:42,1783797522,R_75,53423.6521,-1,12.868399999999383,BACKFILL_AUTO
2026-07-11 19:18:44,1783797524,R_75,53432.9195,1,9.267400000004272,BACKFILL_AUTO
2026-07-11 19:18:46,1783797526,R_75,53455.3898,1,22.470299999993586,BACKFILL_AUTO
2026-07-11 19:18:48,1783797528,R_75,53450.7676,-1,4.622199999997974,BACKFILL_AUTO
2026-07-11 19:18:50,1783797530,R_75,53436.8932,-1,13.874400000000605,BACKFILL_AUTO
2026-07-11 19:18:52,1783797532,R_75,53431.7732,-1,5.119999999995343,BACKFILL_AUTO
2026-07-11 19:18:54,1783797534,R_75,53435.7462,1,3.9729999999981374,BACKFILL_AUTO
2026-07-11 19:18:56,1783797536,R_75,53436.6442,1,0.8980000000010477,BACKFILL_AUTO
2026-07-11 19:18:58,1783797538,R_75,53451.7873,1,15.14310000000114,BACKFILL_AUTO
2026-07-11 19:19:00,1783797540,R_75,53451.918,1,0.13069999999424908,BACKFILL_AUTO
2026-07-11 19:19:02,1783797542,R_75,53447.9563,-1,3.961699999999837,BACKFILL_AUTO
2026-07-11 19:19:04,1783797544,R_75,53463.062,1,15.10570000000007,BACKFILL_AUTO
2026-07-11 19:19:06,1783797546,R_75,53452.1089,-1,10.953099999998813,BACKFILL_AUTO
2026-07-11 19:19:08,1783797548,R_75,53450.7726,-1,1.336300000002666,BACKFILL_AUTO
2026-07-11 19:19:10,1783797550,R_75,53451.5807,1,0.808100000002014,BACKFILL_AUTO
2026-07-11 19:19:12,1783797552,R_75,53445.3432,-1,6.237499999995634,BACKFILL_AUTO
2026-07-11 19:19:14,1783797554,R_75,53440.1097,-1,5.2335000000020955,BACKFILL_AUTO
2026-07-11 19:19:16,1783797556,R_75,53429.7033,-1,10.406399999999849,BACKFILL_AUTO
2026-07-11 19:19:18,1783797558,R_75,53438.8013,1,9.097999999998137,BACKFILL_AUTO
2026-07-11 19:19:20,1783797560,R_75,53435.6565,-1,3.144800000001851,BACKFILL_AUTO
2026-07-11 19:19:22,1783797562,R_75,53433.5821,-1,2.074399999997695,BACKFILL_AUTO
2026-07-11 19:19:24,1783797564,R_75,53434.6559,1,1.0737999999983003,BACKFILL_AUTO
2026-07-11 19:19:26,1783797566,R_75,53441.8634,1,7.2075000000040745,BACKFILL_AUTO
2026-07-11 19:19:28,1783797568,R_75,53434.0702,-1,7.79320000000007,BACKFILL_AUTO
2026-07-11 19:19:30,1783797570,R_75,53443.2668,1,9.19659999999567,BACKFILL_AUTO
2026-07-11 19:19:32,1783797572,R_75,53433.0897,-1,10.177100000000792,BACKFILL_AUTO
2026-07-11 19:19:34,1783797574,R_75,53418.6943,-1,14.39539999999397,BACKFILL_AUTO
2026-07-11 19:19:36,1783797576,R_75,53413.4987,-1,5.19560000000638,BACKFILL_AUTO
2026-07-11 19:19:38,1783797578,R_75,53415.2847,1,1.7860000000000582,BACKFILL_AUTO
2026-07-11 19:19:40,1783797580,R_75,53400.3059,-1,14.978799999997136,BACKFILL_AUTO
2026-07-11 19:19:42,1783797582,R_75,53402.8117,1,2.505799999998999,BACKFILL_AUTO
2026-07-11 19:19:44,1783797584,R_75,53403.4112,1,0.5995000000038999,BACKFILL_AUTO
2026-07-11 19:19:46,1783797586,R_75,53394.659,-1,8.752200000002631,BACKFILL_AUTO
2026-07-11 19:19:48,1783797588,R_75,53393.6176,-1,1.041400000001886,BACKFILL_AUTO
2026-07-11 19:19:50,1783797590,R_75,53385.6056,-1,8.011999999995169,BACKFILL_AUTO
2026-07-11 19:19:52,1783797592,R_75,53394.0228,1,8.417199999996228,BACKFILL_AUTO
2026-07-11 19:19:54,1783797594,R_75,53400.0419,1,6.019099999997707,BACKFILL_AUTO
2026-07-11 19:19:56,1783797596,R_75,53401.2472,1,1.2053000000014435,BACKFILL_AUTO
2026-07-11 19:19:58,1783797598,R_75,53416.1082,1,14.861000000004424,BACKFILL_AUTO
2026-07-11 19:20:00,1783797600,R_75,53415.3628,-1,0.7453999999997905,BACKFILL_AUTO
2026-07-11 19:20:02,1783797602,R_75,53404.9809,-1,10.381900000000314,BACKFILL_AUTO
2026-07-11 19:20:04,1783797604,R_75,53400.822,-1,4.158900000002177,BACKFILL_AUTO
2026-07-11 19:20:06,1783797606,R_75,53406.7602,1,5.938199999996868,BACKFILL_AUTO
2026-07-11 19:20:08,1783797608,R_75,53414.2384,1,7.4782000000050175,BACKFILL_AUTO
2026-07-11 19:20:10,1783797610,R_75,53428.186,1,13.947599999999511,BACKFILL_AUTO
2026-07-11 19:20:12,1783797612,R_75,53418.5175,-1,9.668499999999767,BACKFILL_AUTO
2026-07-11 19:20:14,1783797614,R_75,53410.458,-1,8.059500000003027,BACKFILL_AUTO
2026-07-11 19:20:16,1783797616,R_75,53417.1969,1,6.738900000003923,BACKFILL_AUTO
2026-07-11 19:20:18,1783797618,R_75,53400.1298,-1,17.06710000000021,BACKFILL_AUTO
2026-07-11 19:20:20,1783797620,R_75,53409.3508,1,9.22099999999773,BACKFILL_AUTO
2026-07-11 19:20:22,1783797622,R_75,53409.3282,-1,0.022599999996600673,BACKFILL_AUTO
2026-07-11 19:20:24,1783797624,R_75,53394.8696,-1,14.45860000000539,BACKFILL_AUTO
2026-07-11 19:20:26,1783797626,R_75,53394.8043,-1,0.06529999999474967,BACKFILL_AUTO
2026-07-11 19:20:28,1783797628,R_75,53409.1144,1,14.310099999995145,BACKFILL_AUTO
2026-07-11 19:20:30,1783797630,R_75,53415.3226,1,6.208200000000943,BACKFILL_AUTO
2026-07-11 19:20:32,1783797632,R_75,53411.5215,-1,3.80109999999695,BACKFILL_AUTO
2026-07-11 19:20:34,1783797634,R_75,53396.4727,-1,15.048800000004121,BACKFILL_AUTO
2026-07-11 19:20:36,1783797636,R_75,53392.235,-1,4.237699999997858,BACKFILL_AUTO
2026-07-11 19:20:38,1783797638,R_75,53393.775,1,1.5400000000008731,BACKFILL_AUTO
2026-07-11 19:20:40,1783797640,R_75,53379.7799,-1,13.995100000000093,BACKFILL_AUTO
2026-07-11 19:20:42,1783797642,R_75,53376.8789,-1,2.900999999998021,BACKFILL_AUTO
2026-07-11 19:20:44,1783797644,R_75,53387.6696,1,10.790699999997742,BACKFILL_AUTO
2026-07-11 19:20:46,1783797646,R_75,53385.4016,-1,2.268000000003667,BACKFILL_AUTO
2026-07-11 19:20:48,1783797648,R_75,53377.4077,-1,7.993899999994028,BACKFILL_AUTO
2026-07-11 19:20:50,1783797650,R_75,53387.4347,1,10.026999999994587,BACKFILL_AUTO
2026-07-11 19:20:52,1783797652,R_75,53385.4784,-1,1.9562999999980093,BACKFILL_AUTO
2026-07-11 19:20:54,1783797654,R_75,53371.586,-1,13.892399999996996,BACKFILL_AUTO
2026-07-11 19:20:56,1783797656,R_75,53368.9496,-1,2.63640000000305,BACKFILL_AUTO
2026-07-11 19:20:58,1783797658,R_75,53370.3857,1,1.4360999999989872,BACKFILL_AUTO
2026-07-11 19:21:00,1783797660,R_75,53361.9199,-1,8.465799999998126,BACKFILL_AUTO
2026-07-11 19:21:02,1783797662,R_75,53358.3781,-1,3.541799999999057,BACKFILL_AUTO
2026-07-11 19:21:04,1783797664,R_75,53371.9668,1,13.588700000000244,BACKFILL_AUTO
2026-07-11 19:21:06,1783797666,R_75,53361.388,-1,10.578800000002957,BACKFILL_AUTO
2026-07-11 19:21:08,1783797668,R_75,53355.5971,-1,5.790899999999965,BACKFILL_AUTO
2026-07-11 19:21:10,1783797670,R_75,53342.3093,-1,13.287799999998242,BACKFILL_AUTO
2026-07-11 19:21:12,1783797672,R_75,53332.0394,-1,10.269899999999325,BACKFILL_AUTO
2026-07-11 19:21:14,1783797674,R_75,53319.7844,-1,12.255000000004657,BACKFILL_AUTO
2026-07-11 19:21:16,1783797676,R_75,53318.0981,-1,1.6862999999939348,BACKFILL_AUTO
2026-07-11 19:21:18,1783797678,R_75,53293.8984,-1,24.19970000000467,BACKFILL_AUTO
2026-07-11 19:21:20,1783797680,R_75,53278.1638,-1,15.734599999996135,BACKFILL_AUTO
2026-07-11 19:21:22,1783797682,R_75,53278.9294,1,0.7655999999988126,BACKFILL_AUTO
2026-07-11 19:21:24,1783797684,R_75,53294.2396,1,15.310199999999895,BACKFILL_AUTO
2026-07-11 19:21:26,1783797686,R_75,53297.534,1,3.294399999998859,BACKFILL_AUTO
2026-07-11 19:21:28,1783797688,R_75,53302.8402,1,5.30619999999908,BACKFILL_AUTO
2026-07-11 19:21:30,1783797690,R_75,53319.4765,1,16.6362999999983,BACKFILL_AUTO
2026-07-11 19:21:32,1783797692,R_75,53306.5916,-1,12.884899999997288,BACKFILL_AUTO
2026-07-11 19:21:34,1783797694,R_75,53298.2973,-1,8.294300000001385,BACKFILL_AUTO
2026-07-11 19:21:36,1783797696,R_75,53314.7693,1,16.47200000000157,BACKFILL_AUTO
2026-07-11 19:21:38,1783797698,R_75,53341.9172,1,27.147900000003574,BACKFILL_AUTO
2026-07-11 19:21:40,1783797700,R_75,53347.4099,1,5.492699999995239,BACKFILL_AUTO
2026-07-11 19:21:42,1783797702,R_75,53340.1497,-1,7.260199999996985,BACKFILL_AUTO
2026-07-11 19:21:44,1783797704,R_75,53351.3678,1,11.21809999999823,BACKFILL_AUTO
2026-07-11 19:21:46,1783797706,R_75,53365.4485,1,14.080699999998615,BACKFILL_AUTO
2026-07-11 19:21:48,1783797708,R_75,53366.8075,1,1.3590000000040163,BACKFILL_AUTO
2026-07-11 19:21:50,1783797710,R_75,53359.3991,-1,7.408400000000256,BACKFILL_AUTO
2026-07-11 19:21:52,1783797712,R_75,53365.6474,1,6.24829999999929,BACKFILL_AUTO
2026-07-11 19:21:54,1783797714,R_75,53359.7315,-1,5.915899999999965,BACKFILL_AUTO
2026-07-11 19:21:56,1783797716,R_75,53373.3998,1,13.668299999997544,BACKFILL_AUTO
2026-07-11 19:21:58,1783797718,R_75,53369.4212,-1,3.9786000000021886,BACKFILL_AUTO
2026-07-11 19:22:00,1783797720,R_75,53357.3001,-1,12.121099999996659,BACKFILL_AUTO
2026-07-11 19:22:02,1783797722,R_75,53365.0928,1,7.792699999998149,BACKFILL_AUTO
2026-07-11 19:22:04,1783797724,R_75,53357.7681,-1,7.324699999997392,BACKFILL_AUTO
2026-07-11 19:22:06,1783797726,R_75,53352.0831,-1,5.684999999997672,BACKFILL_AUTO
2026-07-11 19:22:08,1783797728,R_75,53350.18,-1,1.9031000000031781,BACKFILL_AUTO
2026-07-11 19:22:10,1783797730,R_75,53347.0224,-1,3.157599999998638,BACKFILL_AUTO
2026-07-11 19:22:12,1783797732,R_75,53339.1786,-1,7.843800000002375,BACKFILL_AUTO
2026-07-11 19:22:14,1783797734,R_75,53320.2917,-1,18.886899999997695,BACKFILL_AUTO
2026-07-11 19:22:16,1783797736,R_75,53318.1999,-1,2.0918000000019674,BACKFILL_AUTO
2026-07-11 19:22:18,1783797738,R_75,53325.5942,1,7.39429999999993,BACKFILL_AUTO
2026-07-11 19:22:20,1783797740,R_75,53347.2132,1,21.618999999998778,BACKFILL_AUTO
2026-07-11 19:22:22,1783797742,R_75,53364.591,1,17.377800000002026,BACKFILL_AUTO
2026-07-11 19:22:24,1783797744,R_75,53373.8206,1,9.229599999998754,BACKFILL_AUTO
2026-07-11 19:22:26,1783797746,R_75,53365.0071,-1,8.813499999996566,BACKFILL_AUTO
2026-07-11 19:22:28,1783797748,R_75,53374.1142,1,9.107100000001083,BACKFILL_AUTO
2026-07-11 19:22:30,1783797750,R_75,53383.4657,1,9.351499999997031,BACKFILL_AUTO
2026-07-11 19:22:32,1783797752,R_75,53398.551,1,15.085299999998824,BACKFILL_AUTO
2026-07-11 19:22:34,1783797754,R_75,53394.9891,-1,3.5619000000006054,BACKFILL_AUTO
2026-07-11 19:22:36,1783797756,R_75,53391.9591,-1,3.029999999998836,BACKFILL_AUTO
2026-07-11 19:22:38,1783797758,R_75,53373.0418,-1,18.917300000000978,BACKFILL_AUTO
2026-07-11 19:22:40,1783797760,R_75,53375.8875,1,2.8456999999980326,BACKFILL_AUTO
2026-07-11 19:22:42,1783797762,R_75,53371.8084,-1,4.079099999995378,BACKFILL_AUTO
2026-07-11 19:22:44,1783797764,R_75,53363.8764,-1,7.9320000000006985,BACKFILL_AUTO
2026-07-11 19:22:46,1783797766,R_75,53374.3159,1,10.439500000000407,BACKFILL_AUTO
2026-07-11 19:22:48,1783797768,R_75,53368.5354,-1,5.780500000000757,BACKFILL_AUTO
2026-07-11 19:22:50,1783797770,R_75,53367.5547,-1,0.9807000000000698,BACKFILL_AUTO
2026-07-11 19:22:52,1783797772,R_75,53373.7443,1,6.189599999997881,BACKFILL_AUTO
2026-07-11 19:22:54,1783797774,R_75,53368.4731,-1,5.271199999995588,BACKFILL_AUTO
2026-07-11 19:22:56,1783797776,R_75,53378.6801,1,10.206999999994878,BACKFILL_AUTO
2026-07-11 19:22:58,1783797778,R_75,53374.8584,-1,3.821700000000419,BACKFILL_AUTO
2026-07-11 19:23:00,1783797780,R_75,53371.6754,-1,3.1829999999972642,BACKFILL_AUTO
2026-07-11 19:23:02,1783797782,R_75,53377.0659,1,5.390500000001339,BACKFILL_AUTO
2026-07-11 19:23:04,1783797784,R_75,53383.1513,1,6.085399999996298,BACKFILL_AUTO
2026-07-11 19:23:06,1783797786,R_75,53369.1032,-1,14.048099999999977,BACKFILL_AUTO
2026-07-11 19:23:08,1783797788,R_75,53377.4174,1,8.31420000000071,BACKFILL_AUTO
2026-07-11 19:23:10,1783797790,R_75,53401.8131,1,24.395700000000943,BACKFILL_AUTO
2026-07-11 19:23:12,1783797792,R_75,53413.5353,1,11.722200000003795,BACKFILL_AUTO
2026-07-11 19:23:14,1783797794,R_75,53416.4346,1,2.899299999997311,BACKFILL_AUTO
2026-07-11 19:23:16,1783797796,R_75,53419.2124,1,2.777799999996205,BACKFILL_AUTO
2026-07-11 19:23:18,1783797798,R_75,53391.3353,-1,27.87709999999788,BACKFILL_AUTO
2026-07-11 19:23:20,1783797800,R_75,53385.5322,-1,5.803099999997357,BACKFILL_AUTO
2026-07-11 19:23:22,1783797802,R_75,53394.1372,1,8.604999999995925,BACKFILL_AUTO
2026-07-11 19:23:24,1783797804,R_75,53387.5049,-1,6.632299999997485,BACKFILL_AUTO
2026-07-11 19:23:26,1783797806,R_75,53397.5641,1,10.05920000000333,BACKFILL_AUTO
2026-07-11 19:23:28,1783797808,R_75,53404.0005,1,6.4363999999986845,BACKFILL_AUTO
2026-07-11 19:23:30,1783797810,R_75,53405.83,1,1.8294999999998254,BACKFILL_AUTO
2026-07-11 19:23:32,1783797812,R_75,53407.0785,1,1.2485000000015134,BACKFILL_AUTO
2026-07-11 19:23:34,1783797814,R_75,53391.0352,-1,16.04330000000482,BACKFILL_AUTO
2026-07-11 19:23:36,1783797816,R_75,53391.6314,1,0.5961999999999534,BACKFILL_AUTO
2026-07-11 19:23:38,1783797818,R_75,53384.2209,-1,7.410499999998137,BACKFILL_AUTO
2026-07-11 19:23:40,1783797820,R_75,53388.4232,1,4.202299999997194,BACKFILL_AUTO
2026-07-11 19:23:42,1783797822,R_75,53384.2701,-1,4.153099999995902,BACKFILL_AUTO
2026-07-11 19:23:44,1783797824,R_75,53365.6238,-1,18.646300000000338,BACKFILL_AUTO
2026-07-11 19:23:46,1783797826,R_75,53384.266,1,18.64220000000205,BACKFILL_AUTO
2026-07-11 19:23:48,1783797828,R_75,53368.8989,-1,15.36710000000312,BACKFILL_AUTO
2026-07-11 19:23:50,1783797830,R_75,53358.2862,-1,10.612699999997858,BACKFILL_AUTO
2026-07-11 19:23:52,1783797832,R_75,53369.0616,1,10.775399999998626,BACKFILL_AUTO
2026-07-11 19:23:54,1783797834,R_75,53363.4705,-1,5.591099999997823,BACKFILL_AUTO
2026-07-11 19:23:56,1783797836,R_75,53357.2529,-1,6.217600000003586,BACKFILL_AUTO
2026-07-11 19:23:58,1783797838,R_75,53372.4953,1,15.242400000002817,BACKFILL_AUTO
2026-07-11 19:24:00,1783797840,R_75,53384.5266,1,12.031299999995099,BACKFILL_AUTO
2026-07-11 19:24:02,1783797842,R_75,53381.2295,-1,3.297099999996135,BACKFILL_AUTO
2026-07-11 19:24:04,1783797844,R_75,53377.1707,-1,4.058799999998882,BACKFILL_AUTO
2026-07-11 19:24:06,1783797846,R_75,53379.5904,1,2.4196999999985565,BACKFILL_AUTO
2026-07-11 19:24:08,1783797848,R_75,53370.1616,-1,9.428800000001502,BACKFILL_AUTO
2026-07-11 19:24:10,1783797850,R_75,53374.0107,1,3.849099999999453,BACKFILL_AUTO
2026-07-11 19:24:12,1783797852,R_75,53383.9727,1,9.961999999999534,BACKFILL_AUTO
2026-07-11 19:24:14,1783797854,R_75,53379.496,-1,4.476699999999255,BACKFILL_AUTO
2026-07-11 19:24:16,1783797856,R_75,53381.3293,1,1.8332999999984168,BACKFILL_AUTO
2026-07-11 19:24:18,1783797858,R_75,53386.7374,1,5.408100000000559,BACKFILL_AUTO
2026-07-11 19:24:20,1783797860,R_75,53386.997,1,0.25960000000486616,BACKFILL_AUTO
2026-07-11 19:24:22,1783797862,R_75,53371.5607,-1,15.43630000000121,BACKFILL_AUTO
2026-07-11 19:24:24,1783797864,R_75,53365.7507,-1,5.810000000004948,BACKFILL_AUTO
2026-07-11 19:24:26,1783797866,R_75,53354.0075,-1,11.74319999999716,BACKFILL_AUTO
2026-07-11 19:24:28,1783797868,R_75,53367.2388,1,13.231299999999464,BACKFILL_AUTO
2026-07-11 19:24:30,1783797870,R_75,53364.8207,-1,2.418100000002596,BACKFILL_AUTO
2026-07-11 19:24:32,1783797872,R_75,53366.0869,1,1.2662000000054832,BACKFILL_AUTO
2026-07-11 19:24:34,1783797874,R_75,53383.5542,1,17.467299999996612,BACKFILL_AUTO
2026-07-11 19:24:36,1783797876,R_75,53383.0381,-1,0.5161000000007334,BACKFILL_AUTO
2026-07-11 19:24:38,1783797878,R_75,53422.2161,1,39.177999999999884,BACKFILL_AUTO
2026-07-11 19:24:40,1783797880,R_75,53400.1646,-1,22.051500000001397,BACKFILL_AUTO
2026-07-11 19:24:42,1783797882,R_75,53398.7374,-1,1.4271999999982654,BACKFILL_AUTO
2026-07-11 19:24:44,1783797884,R_75,53382.5255,-1,16.211899999994785,BACKFILL_AUTO
2026-07-11 19:24:46,1783797886,R_75,53351.4314,-1,31.094100000002072,BACKFILL_AUTO
2026-07-11 19:24:48,1783797888,R_75,53350.2142,-1,1.2171999999991385,BACKFILL_AUTO
2026-07-11 19:24:50,1783797890,R_75,53361.6228,1,11.408599999995204,BACKFILL_AUTO
2026-07-11 19:24:52,1783797892,R_75,53363.953,1,2.3302000000039698,BACKFILL_AUTO
2026-07-11 19:24:54,1783797894,R_75,53364.5367,1,0.5836999999955879,BACKFILL_AUTO
2026-07-11 19:24:56,1783797896,R_75,53361.2357,-1,3.300999999999476,BACKFILL_AUTO
2026-07-11 19:24:58,1783797898,R_75,53392.4233,1,31.18760000000475,BACKFILL_AUTO
2026-07-11 19:25:00,1783797900,R_75,53395.8924,1,3.4690999999947962,BACKFILL_AUTO
2026-07-11 19:25:02,1783797902,R_75,53408.7861,1,12.893700000000536,BACKFILL_AUTO
2026-07-11 19:25:04,1783797904,R_75,53404.438,-1,4.348099999995611,BACKFILL_AUTO
2026-07-11 19:25:06,1783797906,R_75,53411.1506,1,6.712599999998929,BACKFILL_AUTO
2026-07-11 19:25:08,1783797908,R_75,53414.1728,1,3.0221999999994296,BACKFILL_AUTO
2026-07-11 19:25:10,1783797910,R_75,53400.4694,-1,13.70339999999851,BACKFILL_AUTO
2026-07-11 19:25:12,1783797912,R_75,53407.8152,1,7.345799999995506,BACKFILL_AUTO
2026-07-11 19:25:14,1783797914,R_75,53405.9778,-1,1.8373999999967054,BACKFILL_AUTO
2026-07-11 19:25:16,1783797916,R_75,53426.2174,1,20.23960000000079,BACKFILL_AUTO
2026-07-11 19:25:18,1783797918,R_75,53424.438,-1,1.7793999999994412,BACKFILL_AUTO
2026-07-11 19:25:20,1783797920,R_75,53424.1009,-1,0.3371000000042841,BACKFILL_AUTO
2026-07-11 19:25:22,1783797922,R_75,53438.2956,1,14.194700000000012,BACKFILL_AUTO
2026-07-11 19:25:24,1783797924,R_75,53437.6065,-1,0.6890999999959604,BACKFILL_AUTO
2026-07-11 19:25:26,1783797926,R_75,53445.7881,1,8.181599999996251,BACKFILL_AUTO
2026-07-11 19:25:28,1783797928,R_75,53457.9435,1,12.155400000003283,BACKFILL_AUTO
2026-07-11 19:25:30,1783797930,R_75,53444.967,-1,12.976500000004307,BACKFILL_AUTO
2026-07-11 19:25:32,1783797932,R_75,53451.3756,1,6.40860000000248,BACKFILL_AUTO
2026-07-11 19:25:34,1783797934,R_75,53432.7326,-1,18.64299999999639,BACKFILL_AUTO
2026-07-11 19:25:36,1783797936,R_75,53427.3592,-1,5.37340000000404,BACKFILL_AUTO
2026-07-11 19:25:38,1783797938,R_75,53412.7641,-1,14.595099999998638,BACKFILL_AUTO
2026-07-11 19:25:40,1783797940,R_75,53427.0485,1,14.284399999996822,BACKFILL_AUTO
2026-07-11 19:25:42,1783797942,R_75,53430.106,1,3.0575000000026193,BACKFILL_AUTO
2026-07-11 19:25:44,1783797944,R_75,53418.6537,-1,11.452299999997194,BACKFILL_AUTO
2026-07-11 19:25:46,1783797946,R_75,53397.635,-1,21.018700000000536,BACKFILL_AUTO
2026-07-11 19:25:48,1783797948,R_75,53417.7955,1,20.160499999998137,BACKFILL_AUTO
2026-07-11 19:25:50,1783797950,R_75,53420.7505,1,2.9550000000017462,BACKFILL_AUTO
2026-07-11 19:25:52,1783797952,R_75,53431.4751,1,10.724600000001374,BACKFILL_AUTO
2026-07-11 19:25:54,1783797954,R_75,53438.9162,1,7.441099999996368,BACKFILL_AUTO
2026-07-11 19:25:56,1783797956,R_75,53434.8017,-1,4.114499999996042,BACKFILL_AUTO
2026-07-11 19:25:58,1783797958,R_75,53443.9687,1,9.166999999994005,BACKFILL_AUTO
2026-07-11 19:26:00,1783797960,R_75,53432.1831,-1,11.785599999995611,BACKFILL_AUTO
2026-07-11 19:26:02,1783797962,R_75,53414.0875,-1,18.09560000000056,BACKFILL_AUTO
2026-07-11 19:26:04,1783797964,R_75,53422.5332,1,8.445699999996577,BACKFILL_AUTO
2026-07-11 19:26:06,1783797966,R_75,53412.8307,-1,9.702499999999418,BACKFILL_AUTO
2026-07-11 19:26:08,1783797968,R_75,53413.5264,1,0.6957000000038533,BACKFILL_AUTO
2026-07-11 19:26:10,1783797970,R_75,53397.3772,-1,16.149199999999837,BACKFILL_AUTO
2026-07-11 19:26:12,1783797972,R_75,53398.5564,1,1.1791999999986729,BACKFILL_AUTO
2026-07-11 19:26:14,1783797974,R_75,53394.7055,-1,3.8509000000049127,BACKFILL_AUTO
2026-07-11 19:26:16,1783797976,R_75,53389.0372,-1,5.668299999997544,BACKFILL_AUTO
2026-07-11 19:26:18,1783797978,R_75,53386.0601,-1,2.977099999996426,BACKFILL_AUTO
2026-07-11 19:26:20,1783797980,R_75,53392.1162,1,6.056099999994331,BACKFILL_AUTO
2026-07-11 19:26:22,1783797982,R_75,53394.8322,1,2.7160000000003492,BACKFILL_AUTO
2026-07-11 19:26:24,1783797984,R_75,53398.8947,1,4.0625,BACKFILL_AUTO
2026-07-11 19:26:26,1783797986,R_75,53411.1672,1,12.272500000006403,BACKFILL_AUTO
2026-07-11 19:26:28,1783797988,R_75,53404.4734,-1,6.69380000000092,BACKFILL_AUTO
2026-07-11 19:26:30,1783797990,R_75,53421.4467,1,16.973299999997835,BACKFILL_AUTO
2026-07-11 19:26:32,1783797992,R_75,53399.9875,-1,21.45919999999751,BACKFILL_AUTO
2026-07-11 19:26:34,1783797994,R_75,53401.8735,1,1.885999999998603,BACKFILL_AUTO
2026-07-11 19:26:36,1783797996,R_75,53381.8022,-1,20.071300000003248,BACKFILL_AUTO
2026-07-11 19:26:38,1783797998,R_75,53384.8922,1,3.0900000000037835,BACKFILL_AUTO
2026-07-11 19:26:40,1783798000,R_75,53393.2285,1,8.33629999999539,BACKFILL_AUTO
2026-07-11 19:26:42,1783798002,R_75,53384.3328,-1,8.895700000000943,BACKFILL_AUTO
2026-07-11 19:26:44,1783798004,R_75,53361.1266,-1,23.20619999999326,BACKFILL_AUTO
2026-07-11 19:26:46,1783798006,R_75,53350.7142,-1,10.412400000001071,BACKFILL_AUTO
2026-07-11 19:26:48,1783798008,R_75,53361.2526,1,10.538399999997637,BACKFILL_AUTO
2026-07-11 19:26:50,1783798010,R_75,53376.3272,1,15.074599999999919,BACKFILL_AUTO
2026-07-11 19:26:52,1783798012,R_75,53376.4761,1,0.1489000000001397,BACKFILL_AUTO
2026-07-11 19:26:54,1783798014,R_75,53374.0904,-1,2.3856999999989057,BACKFILL_AUTO
2026-07-11 19:26:56,1783798016,R_75,53364.6426,-1,9.447800000001735,BACKFILL_AUTO
2026-07-11 19:26:58,1783798018,R_75,53361.5692,-1,3.0734000000011292,BACKFILL_AUTO
2026-07-11 19:27:00,1783798020,R_75,53375.0584,1,13.48920000000362,BACKFILL_AUTO
2026-07-11 19:27:02,1783798022,R_75,53371.7406,-1,3.317800000004354,BACKFILL_AUTO
2026-07-11 19:27:04,1783798024,R_75,53384.6891,1,12.948500000005879,BACKFILL_AUTO
2026-07-11 19:27:06,1783798026,R_75,53383.3918,-1,1.2973000000056345,BACKFILL_AUTO
2026-07-11 19:27:08,1783798028,R_75,53379.8916,-1,3.5001999999949476,BACKFILL_AUTO
2026-07-11 19:27:10,1783798030,R_75,53372.0392,-1,7.852400000003399,BACKFILL_AUTO
2026-07-11 19:27:12,1783798032,R_75,53363.2802,-1,8.758999999998196,BACKFILL_AUTO
2026-07-11 19:27:14,1783798034,R_75,53364.3852,1,1.1049999999959255,BACKFILL_AUTO
2026-07-11 19:27:16,1783798036,R_75,53372.2061,1,7.820900000006077,BACKFILL_AUTO
2026-07-11 19:27:18,1783798038,R_75,53372.2593,1,0.05319999999483116,BACKFILL_AUTO
2026-07-11 19:27:20,1783798040,R_75,53371.727,-1,0.5322999999989406,BACKFILL_AUTO
2026-07-11 19:27:22,1783798042,R_75,53369.2799,-1,2.44709999999759,BACKFILL_AUTO
2026-07-11 19:27:24,1783798044,R_75,53364.2336,-1,5.046300000001793,BACKFILL_AUTO
2026-07-11 19:27:26,1783798046,R_75,53357.8085,-1,6.425100000000384,BACKFILL_AUTO
2026-07-11 19:27:28,1783798048,R_75,53369.9639,1,12.155400000003283,BACKFILL_AUTO
2026-07-11 19:27:30,1783798050,R_75,53368.092,-1,1.871900000005553,BACKFILL_AUTO
2026-07-11 19:27:32,1783798052,R_75,53361.2982,-1,6.7937999999994645,BACKFILL_AUTO
2026-07-11 19:27:34,1783798054,R_75,53354.9833,-1,6.314899999997579,BACKFILL_AUTO
2026-07-11 19:27:36,1783798056,R_75,53352.4853,-1,2.4979999999995925,BACKFILL_AUTO
2026-07-11 19:27:38,1783798058,R_75,53361.1813,1,8.695999999996275,BACKFILL_AUTO
2026-07-11 19:27:40,1783798060,R_75,53366.1848,1,5.00350000000617,BACKFILL_AUTO
2026-07-11 19:27:42,1783798062,R_75,53355.5245,-1,10.66030000000319,BACKFILL_AUTO
2026-07-11 19:27:44,1783798064,R_75,53353.8834,-1,1.6411000000007334,BACKFILL_AUTO
2026-07-11 19:27:46,1783798066,R_75,53345.9226,-1,7.960800000000745,BACKFILL_AUTO
2026-07-11 19:27:48,1783798068,R_75,53348.5025,1,2.5799000000042724,BACKFILL_AUTO
2026-07-11 19:27:50,1783798070,R_75,53352.4374,1,3.934900000000198,BACKFILL_AUTO
2026-07-11 19:27:52,1783798072,R_75,53360.3253,1,7.887899999994261,BACKFILL_AUTO
2026-07-11 19:27:54,1783798074,R_75,53353.6021,-1,6.723200000000361,BACKFILL_AUTO
2026-07-11 19:27:56,1783798076,R_75,53348.2384,-1,5.363699999994424,BACKFILL_AUTO
2026-07-11 19:27:58,1783798078,R_75,53357.2885,1,9.050100000000384,BACKFILL_AUTO
2026-07-11 19:28:00,1783798080,R_75,53363.867,1,6.578499999995984,BACKFILL_AUTO
2026-07-11 19:28:02,1783798082,R_75,53363.1212,-1,0.7457999999969616,BACKFILL_AUTO
2026-07-11 19:28:04,1783798084,R_75,53366.0302,1,2.9089999999996508,BACKFILL_AUTO
2026-07-11 19:28:06,1783798086,R_75,53356.1351,-1,9.895100000001548,BACKFILL_AUTO
2026-07-11 19:28:08,1783798088,R_75,53355.123,-1,1.0120999999999185,BACKFILL_AUTO
2026-07-11 19:28:10,1783798090,R_75,53360.4818,1,5.358800000001793,BACKFILL_AUTO
2026-07-11 19:28:12,1783798092,R_75,53353.0217,-1,7.460100000003877,BACKFILL_AUTO
2026-07-11 19:28:14,1783798094,R_75,53334.0288,-1,18.992899999997462,BACKFILL_AUTO
2026-07-11 19:28:16,1783798096,R_75,53337.3704,1,3.341599999999744,BACKFILL_AUTO
2026-07-11 19:28:18,1783798098,R_75,53356.0116,1,18.641199999998207,BACKFILL_AUTO
2026-07-11 19:28:20,1783798100,R_75,53344.0419,-1,11.969700000001467,BACKFILL_AUTO
2026-07-11 19:28:22,1783798102,R_75,53352.8423,1,8.800400000000081,BACKFILL_AUTO
2026-07-11 19:28:24,1783798104,R_75,53329.4277,-1,23.414599999996426,BACKFILL_AUTO
2026-07-11 19:28:26,1783798106,R_75,53320.568,-1,8.859700000000885,BACKFILL_AUTO
2026-07-11 19:28:28,1783798108,R_75,53309.5599,-1,11.008099999999104,BACKFILL_AUTO
2026-07-11 19:28:30,1783798110,R_75,53310.1117,1,0.5518000000010943,BACKFILL_AUTO
2026-07-11 19:28:32,1783798112,R_75,53308.0203,-1,2.0914000000047963,BACKFILL_AUTO
2026-07-11 19:28:34,1783798114,R_75,53324.1204,1,16.100100000003295,BACKFILL_AUTO
2026-07-11 19:28:36,1783798116,R_75,53333.1938,1,9.07340000000113,BACKFILL_AUTO
2026-07-11 19:28:38,1783798118,R_75,53332.8765,-1,0.3173000000024331,BACKFILL_AUTO
2026-07-11 19:28:40,1783798120,R_75,53315.2348,-1,17.641700000000128,BACKFILL_AUTO
2026-07-11 19:28:42,1783798122,R_75,53321.0521,1,5.817300000002433,BACKFILL_AUTO
2026-07-11 19:28:44,1783798124,R_75,53312.7605,-1,8.29160000000411,BACKFILL_AUTO
2026-07-11 19:28:46,1783798126,R_75,53303.9183,-1,8.842199999999139,BACKFILL_AUTO
2026-07-11 19:28:48,1783798128,R_75,53308.2519,1,4.33360000000539,BACKFILL_AUTO
2026-07-11 19:28:50,1783798130,R_75,53303.188,-1,5.063900000001013,BACKFILL_AUTO
2026-07-11 19:28:52,1783798132,R_75,53307.4302,1,4.242200000000594,BACKFILL_AUTO
2026-07-11 19:28:54,1783798134,R_75,53321.0544,1,13.624199999998382,BACKFILL_AUTO
2026-07-11 19:28:56,1783798136,R_75,53330.1111,1,9.056700000001001,BACKFILL_AUTO
2026-07-11 19:28:58,1783798138,R_75,53322.723,-1,7.38810000000376,BACKFILL_AUTO
2026-07-11 19:29:00,1783798140,R_75,53313.7303,-1,8.992699999995239,BACKFILL_AUTO
2026-07-11 19:29:02,1783798142,R_75,53310.3536,-1,3.37670000000071,BACKFILL_AUTO
2026-07-11 19:29:04,1783798144,R_75,53309.5344,-1,0.8192000000053667,BACKFILL_AUTO
2026-07-11 19:29:06,1783798146,R_75,53307.0043,-1,2.5300999999963096,BACKFILL_AUTO
2026-07-11 19:29:08,1783798148,R_75,53301.4295,-1,5.574800000002142,BACKFILL_AUTO
2026-07-11 19:29:10,1783798150,R_75,53315.4515,1,14.022000000004482,BACKFILL_AUTO
2026-07-11 19:29:12,1783798152,R_75,53314.6788,-1,0.7727000000013504,BACKFILL_AUTO
2026-07-11 19:29:14,1783798154,R_75,53313.9954,-1,0.6834000000017113,BACKFILL_AUTO
2026-07-11 19:29:16,1783798156,R_75,53298.1716,-1,15.8237999999983,BACKFILL_AUTO
2026-07-11 19:29:18,1783798158,R_75,53282.4028,-1,15.76879999999801,BACKFILL_AUTO
2026-07-11 19:29:20,1783798160,R_75,53281.9337,-1,0.4691000000020722,BACKFILL_AUTO
2026-07-11 19:29:22,1783798162,R_75,53270.6972,-1,11.236499999999069,BACKFILL_AUTO
2026-07-11 19:29:24,1783798164,R_75,53289.8199,1,19.122699999999895,BACKFILL_AUTO
2026-07-11 19:29:26,1783798166,R_75,53284.2396,-1,5.5803000000014435,BACKFILL_AUTO
2026-07-11 19:29:28,1783798168,R_75,53268.0742,-1,16.165399999998044,BACKFILL_AUTO
2026-07-11 19:29:30,1783798170,R_75,53254.5097,-1,13.564500000000407,BACKFILL_AUTO
2026-07-11 19:29:32,1783798172,R_75,53253.4498,-1,1.059900000000198,BACKFILL_AUTO
2026-07-11 19:29:34,1783798174,R_75,53257.2101,1,3.7602999999944586,BACKFILL_AUTO
2026-07-11 19:29:36,1783798176,R_75,53245.8293,-1,11.380799999998999,BACKFILL_AUTO
2026-07-11 19:29:38,1783798178,R_75,53242.7049,-1,3.1244000000006054,BACKFILL_AUTO
2026-07-11 19:29:40,1783798180,R_75,53223.2225,-1,19.482399999993504,BACKFILL_AUTO
2026-07-11 19:29:42,1783798182,R_75,53236.617,1,13.394499999994878,BACKFILL_AUTO
2026-07-11 19:29:44,1783798184,R_75,53247.2908,1,10.673800000004121,BACKFILL_AUTO
2026-07-11 19:29:46,1783798186,R_75,53252.9989,1,5.708099999996193,BACKFILL_AUTO
2026-07-11 19:29:48,1783798188,R_75,53238.7104,-1,14.28849999999511,BACKFILL_AUTO
2026-07-11 19:29:50,1783798190,R_75,53227.3343,-1,11.376100000001315,BACKFILL_AUTO
2026-07-11 19:29:52,1783798192,R_75,53229.9367,1,2.6023999999961234,BACKFILL_AUTO
2026-07-11 19:29:54,1783798194,R_75,53229.6673,-1,0.26939999999740394,BACKFILL_AUTO
2026-07-11 19:29:56,1783798196,R_75,53240.3628,1,10.69550000000163,BACKFILL_AUTO
2026-07-11 19:29:58,1783798198,R_75,53248.1302,1,7.7673999999969965,BACKFILL_AUTO
2026-07-11 19:30:00,1783798200,R_75,53251.2653,1,3.135099999999511,BACKFILL_AUTO
2026-07-11 19:30:02,1783798202,R_75,53262.9599,1,11.694600000002538,BACKFILL_AUTO
2026-07-11 19:30:04,1783798204,R_75,53268.5601,1,5.600200000000768,BACKFILL_AUTO
2026-07-11 19:30:06,1783798206,R_75,53265.5361,-1,3.0240000000048894,BACKFILL_AUTO
2026-07-11 19:30:08,1783798208,R_75,53265.7316,1,0.19550000000162981,BACKFILL_AUTO
2026-07-11 19:30:10,1783798210,R_75,53273.9471,1,8.215499999998428,BACKFILL_AUTO
2026-07-11 19:30:12,1783798212,R_75,53280.977,1,7.029900000001362,BACKFILL_AUTO
2026-07-11 19:30:14,1783798214,R_75,53283.5615,1,2.584500000004482,BACKFILL_AUTO
2026-07-11 19:30:16,1783798216,R_75,53283.6793,1,0.11779999999998836,BACKFILL_AUTO
2026-07-11 19:30:18,1783798218,R_75,53274.5218,-1,9.157500000001164,BACKFILL_AUTO
2026-07-11 19:30:20,1783798220,R_75,53275.8145,1,1.292699999998149,BACKFILL_AUTO
2026-07-11 19:30:22,1783798222,R_75,53284.891,1,9.076500000002852,BACKFILL_AUTO
2026-07-11 19:30:24,1783798224,R_75,53285.4622,1,0.5711999999984982,BACKFILL_AUTO
2026-07-11 19:30:26,1783798226,R_75,53281.4466,-1,4.015599999998813,BACKFILL_AUTO
2026-07-11 19:30:28,1783798228,R_75,53273.6065,-1,7.840100000001257,BACKFILL_AUTO
2026-07-11 19:30:30,1783798230,R_75,53272.2174,-1,1.389100000000326,BACKFILL_AUTO
2026-07-11 19:30:32,1783798232,R_75,53269.6922,-1,2.5252000000036787,BACKFILL_AUTO
2026-07-11 19:30:34,1783798234,R_75,53253.3784,-1,16.313799999996263,BACKFILL_AUTO
2026-07-11 19:30:36,1783798236,R_75,53232.9865,-1,20.39190000000235,BACKFILL_AUTO
2026-07-11 19:30:38,1783798238,R_75,53227.4542,-1,5.532299999998941,BACKFILL_AUTO
2026-07-11 19:30:40,1783798240,R_75,53217.0338,-1,10.4204000000027,BACKFILL_AUTO
2026-07-11 19:30:42,1783798242,R_75,53224.1193,1,7.085500000001048,BACKFILL_AUTO
2026-07-11 19:30:44,1783798244,R_75,53221.6385,-1,2.4807999999975436,BACKFILL_AUTO
2026-07-11 19:30:46,1783798246,R_75,53221.0199,-1,0.6186000000016065,BACKFILL_AUTO
2026-07-11 19:30:48,1783798248,R_75,53213.6,-1,7.41990000000078,BACKFILL_AUTO
2026-07-11 19:30:50,1783798250,R_75,53182.729,-1,30.870999999999185,BACKFILL_AUTO
2026-07-11 19:30:52,1783798252,R_75,53178.0064,-1,4.722600000000966,BACKFILL_AUTO
2026-07-11 19:30:54,1783798254,R_75,53166.6889,-1,11.31749999999738,BACKFILL_AUTO
2026-07-11 19:30:56,1783798256,R_75,53159.5534,-1,7.135500000003958,BACKFILL_AUTO
2026-07-11 19:30:58,1783798258,R_75,53168.9158,1,9.362400000005437,BACKFILL_AUTO
2026-07-11 19:31:00,1783798260,R_75,53189.3689,1,20.453099999998813,BACKFILL_AUTO
2026-07-11 19:31:02,1783798262,R_75,53188.0541,-1,1.3148000000001048,BACKFILL_AUTO
2026-07-11 19:31:04,1783798264,R_75,53176.8557,-1,11.19840000000113,BACKFILL_AUTO
2026-07-11 19:31:06,1783798266,R_75,53168.2769,-1,8.578800000002957,BACKFILL_AUTO
2026-07-11 19:31:08,1783798268,R_75,53160.2222,-1,8.054700000000594,BACKFILL_AUTO
2026-07-11 19:31:10,1783798270,R_75,53161.549,1,1.3268000000025495,BACKFILL_AUTO
2026-07-11 19:31:12,1783798272,R_75,53162.5873,1,1.038300000000163,BACKFILL_AUTO
2026-07-11 19:31:14,1783798274,R_75,53146.2721,-1,16.315199999997276,BACKFILL_AUTO
2026-07-11 19:31:16,1783798276,R_75,53144.4725,-1,1.7995999999984633,BACKFILL_AUTO
2026-07-11 19:31:18,1783798278,R_75,53142.9657,-1,1.5068000000028405,BACKFILL_AUTO
2026-07-11 19:31:20,1783798280,R_75,53164.2354,1,21.2696999999971,BACKFILL_AUTO
2026-07-11 19:31:22,1783798282,R_75,53171.313,1,7.077600000004168,BACKFILL_AUTO
2026-07-11 19:31:24,1783798284,R_75,53166.1566,-1,5.156399999999849,BACKFILL_AUTO
2026-07-11 19:31:26,1783798286,R_75,53164.8271,-1,1.3294999999998254,BACKFILL_AUTO
2026-07-11 19:31:28,1783798288,R_75,53162.2841,-1,2.5430000000051223,BACKFILL_AUTO
2026-07-11 19:31:30,1783798290,R_75,53163.819,1,1.5349000000060187,BACKFILL_AUTO
2026-07-11 19:31:32,1783798292,R_75,53168.3768,1,4.557799999995041,BACKFILL_AUTO
2026-07-11 19:31:34,1783798294,R_75,53176.9385,1,8.561699999998382,BACKFILL_AUTO
2026-07-11 19:31:36,1783798296,R_75,53190.869,1,13.930500000002212,BACKFILL_AUTO
2026-07-11 19:31:38,1783798298,R_75,53187.4214,-1,3.447599999999511,BACKFILL_AUTO
2026-07-11 19:31:40,1783798300,R_75,53193.7879,1,6.366500000003725,BACKFILL_AUTO
2026-07-11 19:31:42,1783798302,R_75,53181.3556,-1,12.432300000000396,BACKFILL_AUTO
2026-07-11 19:31:44,1783798304,R_75,53182.8286,1,1.4729999999981374,BACKFILL_AUTO
2026-07-11 19:31:46,1783798306,R_75,53177.9059,-1,4.922700000002806,BACKFILL_AUTO
2026-07-11 19:31:48,1783798308,R_75,53168.2417,-1,9.664199999999255,BACKFILL_AUTO
2026-07-11 19:31:50,1783798310,R_75,53158.9728,-1,9.268899999995483,BACKFILL_AUTO
2026-07-11 19:31:52,1783798312,R_75,53148.8674,-1,10.105400000000373,BACKFILL_AUTO
2026-07-11 19:31:54,1783798314,R_75,53163.2245,1,14.357099999993807,BACKFILL_AUTO
2026-07-11 19:31:56,1783798316,R_75,53143.9585,-1,19.265999999995984,BACKFILL_AUTO
2026-07-11 19:31:58,1783798318,R_75,53147.2766,1,3.3180999999967753,BACKFILL_AUTO
2026-07-11 19:32:00,1783798320,R_75,53147.3267,1,0.05010000000038417,BACKFILL_AUTO
2026-07-11 19:32:02,1783798322,R_75,53137.8055,-1,9.521199999995588,BACKFILL_AUTO
2026-07-11 19:32:04,1783798324,R_75,53137.4121,-1,0.3934000000008382,BACKFILL_AUTO
2026-07-11 19:32:06,1783798326,R_75,53157.473,1,20.060899999996764,BACKFILL_AUTO
2026-07-11 19:32:08,1783798328,R_75,53162.5092,1,5.036200000002282,BACKFILL_AUTO
2026-07-11 19:32:10,1783798330,R_75,53161.7968,-1,0.7124000000039814,BACKFILL_AUTO
2026-07-11 19:32:12,1783798332,R_75,53149.9725,-1,11.824299999992945,BACKFILL_AUTO
2026-07-11 19:32:14,1783798334,R_75,53141.5014,-1,8.47110000000248,BACKFILL_AUTO
2026-07-11 19:32:16,1783798336,R_75,53138.0229,-1,3.478499999997439,BACKFILL_AUTO
2026-07-11 19:32:18,1783798338,R_75,53128.7366,-1,9.286300000007031,BACKFILL_AUTO
2026-07-11 19:32:20,1783798340,R_75,53123.9505,-1,4.786099999997532,BACKFILL_AUTO
2026-07-11 19:32:22,1783798342,R_75,53143.5105,1,19.55999999999767,BACKFILL_AUTO
2026-07-11 19:32:24,1783798344,R_75,53132.5015,-1,11.008999999998196,BACKFILL_AUTO
2026-07-11 19:32:26,1783798346,R_75,53140.1048,1,7.603300000002491,BACKFILL_AUTO
2026-07-11 19:32:28,1783798348,R_75,53148.8112,1,8.706399999995483,BACKFILL_AUTO
2026-07-11 19:32:30,1783798350,R_75,53133.5859,-1,15.225299999998242,BACKFILL_AUTO
2026-07-11 19:32:32,1783798352,R_75,53142.4691,1,8.883200000003853,BACKFILL_AUTO
2026-07-11 19:32:34,1783798354,R_75,53156.3558,1,13.886699999995471,BACKFILL_AUTO
2026-07-11 19:32:36,1783798356,R_75,53163.9713,1,7.615499999999884,BACKFILL_AUTO
2026-07-11 19:32:38,1783798358,R_75,53166.7017,1,2.7304000000003725,BACKFILL_AUTO
2026-07-11 19:32:40,1783798360,R_75,53181.8047,1,15.103000000002794,BACKFILL_AUTO
2026-07-11 19:32:42,1783798362,R_75,53181.8389,1,0.03420000000187429,BACKFILL_AUTO
2026-07-11 19:32:44,1783798364,R_75,53173.2128,-1,8.626100000001315,BACKFILL_AUTO
2026-07-11 19:32:46,1783798366,R_75,53178.1434,1,4.930599999999686,BACKFILL_AUTO
2026-07-11 19:32:48,1783798368,R_75,53179.0071,1,0.8637000000016997,BACKFILL_AUTO
2026-07-11 19:32:50,1783798370,R_75,53177.9471,-1,1.0600000000049477,BACKFILL_AUTO
2026-07-11 19:32:52,1783798372,R_75,53184.1159,1,6.1687999999994645,BACKFILL_AUTO
2026-07-11 19:32:54,1783798374,R_75,53176.8061,-1,7.309799999995448,BACKFILL_AUTO
2026-07-11 19:32:56,1783798376,R_75,53164.1542,-1,12.651900000004389,BACKFILL_AUTO
2026-07-11 19:32:58,1783798378,R_75,53169.5283,1,5.374100000000908,BACKFILL_AUTO
2026-07-11 19:33:00,1783798380,R_75,53167.4426,-1,2.0856999999959953,BACKFILL_AUTO
2026-07-11 19:33:02,1783798382,R_75,53159.5563,-1,7.886300000005576,BACKFILL_AUTO
2026-07-11 19:33:04,1783798384,R_75,53170.5001,1,10.94380000000092,BACKFILL_AUTO
2026-07-11 19:33:06,1783798386,R_75,53158.4205,-1,12.0795999999973,BACKFILL_AUTO
2026-07-11 19:33:08,1783798388,R_75,53155.9029,-1,2.51759999999922,BACKFILL_AUTO
2026-07-11 19:33:10,1783798390,R_75,53150.6839,-1,5.2189999999973224,BACKFILL_AUTO
2026-07-11 19:33:12,1783798392,R_75,53133.3143,-1,17.36960000000545,BACKFILL_AUTO
2026-07-11 19:33:14,1783798394,R_75,53152.3269,1,19.01260000000184,BACKFILL_AUTO
2026-07-11 19:33:16,1783798396,R_75,53155.706,1,3.3790999999982887,BACKFILL_AUTO
2026-07-11 19:33:18,1783798398,R_75,53139.66,-1,16.04599999999482,BACKFILL_AUTO
2026-07-11 19:33:20,1783798400,R_75,53123.6266,-1,16.033400000000256,BACKFILL_AUTO
2026-07-11 19:33:22,1783798402,R_75,53126.7669,1,3.1402999999991152,BACKFILL_AUTO
2026-07-11 19:33:24,1783798404,R_75,53118.0165,-1,8.750400000004447,BACKFILL_AUTO
2026-07-11 19:33:26,1783798406,R_75,53107.2818,-1,10.734700000000885,BACKFILL_AUTO
2026-07-11 19:33:28,1783798408,R_75,53108.5755,1,1.2937000000019907,BACKFILL_AUTO
2026-07-11 19:33:30,1783798410,R_75,53110.5607,1,1.9852000000028056,BACKFILL_AUTO
2026-07-11 19:33:32,1783798412,R_75,53101.3943,-1,9.166400000001886,BACKFILL_AUTO
2026-07-11 19:33:34,1783798414,R_75,53095.8064,-1,5.587899999998626,BACKFILL_AUTO
2026-07-11 19:33:36,1783798416,R_75,53110.7829,1,14.976499999997031,BACKFILL_AUTO
2026-07-11 19:33:38,1783798418,R_75,53105.1774,-1,5.605499999997846,BACKFILL_AUTO
2026-07-11 19:33:40,1783798420,R_75,53100.382,-1,4.795400000002701,BACKFILL_AUTO
2026-07-11 19:33:42,1783798422,R_75,53090.5253,-1,9.856699999996636,BACKFILL_AUTO
2026-07-11 19:33:44,1783798424,R_75,53084.882,-1,5.643300000003364,BACKFILL_AUTO
2026-07-11 19:33:46,1783798426,R_75,53074.2863,-1,10.595699999998033,BACKFILL_AUTO
2026-07-11 19:33:48,1783798428,R_75,53067.2996,-1,6.986700000001292,BACKFILL_AUTO
2026-07-11 19:33:50,1783798430,R_75,53073.1034,1,5.803800000001502,BACKFILL_AUTO
2026-07-11 19:33:52,1783798432,R_75,53080.2301,1,7.12670000000071,BACKFILL_AUTO
2026-07-11 19:33:54,1783798434,R_75,53090.2207,1,9.990599999997357,BACKFILL_AUTO
2026-07-11 19:33:56,1783798436,R_75,53078.4771,-1,11.743600000001607,BACKFILL_AUTO
2026-07-11 19:33:58,1783798438,R_75,53062.6389,-1,15.838199999998324,BACKFILL_AUTO
2026-07-11 19:34:00,1783798440,R_75,53048.8232,-1,13.815699999999197,BACKFILL_AUTO
2026-07-11 19:34:02,1783798442,R_75,53038.3007,-1,10.522499999999127,BACKFILL_AUTO
2026-07-11 19:34:04,1783798444,R_75,53045.7302,1,7.42949999999837,BACKFILL_AUTO
2026-07-11 19:34:06,1783798446,R_75,53068.0512,1,22.32100000000355,BACKFILL_AUTO
2026-07-11 19:34:08,1783798448,R_75,53071.2549,1,3.203699999998207,BACKFILL_AUTO
2026-07-11 19:34:10,1783798450,R_75,53077.1913,1,5.9363999999986845,BACKFILL_AUTO
2026-07-11 19:34:12,1783798452,R_75,53094.9571,1,17.765800000001036,BACKFILL_AUTO
2026-07-11 19:34:14,1783798454,R_75,53105.6713,1,10.714200000002165,BACKFILL_AUTO
2026-07-11 19:34:16,1783798456,R_75,53104.3133,-1,1.3580000000001746,BACKFILL_AUTO
2026-07-11 19:34:18,1783798458,R_75,53109.526,1,5.212699999996403,BACKFILL_AUTO
2026-07-11 19:34:20,1783798460,R_75,53119.3134,1,9.787400000001071,BACKFILL_AUTO
2026-07-11 19:34:22,1783798462,R_75,53147.2244,1,27.911000000000058,BACKFILL_AUTO
2026-07-11 19:34:24,1783798464,R_75,53145.5311,-1,1.6932999999989988,BACKFILL_AUTO
2026-07-11 19:34:26,1783798466,R_75,53151.9795,1,6.448400000001129,BACKFILL_AUTO
2026-07-11 19:34:28,1783798468,R_75,53135.9243,-1,16.055200000002515,BACKFILL_AUTO
2026-07-11 19:34:30,1783798470,R_75,53139.833,1,3.9086999999999534,BACKFILL_AUTO
2026-07-11 19:34:32,1783798472,R_75,53128.5251,-1,11.30789999999979,BACKFILL_AUTO
2026-07-11 19:34:34,1783798474,R_75,53136.9784,1,8.453300000001036,BACKFILL_AUTO
2026-07-11 19:34:36,1783798476,R_75,53137.7887,1,0.810299999997369,BACKFILL_AUTO
2026-07-11 19:34:38,1783798478,R_75,53123.8464,-1,13.942299999995157,BACKFILL_AUTO
2026-07-11 19:34:40,1783798480,R_75,53129.6182,1,5.7717999999949825,BACKFILL_AUTO
2026-07-11 19:34:42,1783798482,R_75,53120.2987,-1,9.319499999997788,BACKFILL_AUTO
2026-07-11 19:34:44,1783798484,R_75,53114.1757,-1,6.1229999999995925,BACKFILL_AUTO
2026-07-11 19:34:46,1783798486,R_75,53128.2087,1,14.033000000003085,BACKFILL_AUTO
2026-07-11 19:34:48,1783798488,R_75,53131.4783,1,3.2695999999996275,BACKFILL_AUTO
2026-07-11 19:34:50,1783798490,R_75,53116.5576,-1,14.920700000002398,BACKFILL_AUTO
2026-07-11 19:34:52,1783798492,R_75,53127.8765,1,11.318899999998393,BACKFILL_AUTO
2026-07-11 19:34:54,1783798494,R_75,53133.029,1,5.1525000000037835,BACKFILL_AUTO
2026-07-11 19:34:56,1783798496,R_75,53138.6708,1,5.641799999997602,BACKFILL_AUTO
2026-07-11 19:34:58,1783798498,R_75,53131.17,-1,7.500800000001618,BACKFILL_AUTO
2026-07-11 19:35:00,1783798500,R_75,53126.2845,-1,4.885499999996682,BACKFILL_AUTO
2026-07-11 19:35:02,1783798502,R_75,53122.7992,-1,3.4853000000002794,BACKFILL_AUTO
2026-07-11 19:35:04,1783798504,R_75,53112.7,-1,10.099200000004203,BACKFILL_AUTO
2026-07-11 19:35:06,1783798506,R_75,53091.9082,-1,20.791799999999057,BACKFILL_AUTO
2026-07-11 19:35:08,1783798508,R_75,53095.4076,1,3.4994000000006054,BACKFILL_AUTO
2026-07-11 19:35:10,1783798510,R_75,53093.8956,-1,1.5119999999951688,BACKFILL_AUTO
2026-07-11 19:35:12,1783798512,R_75,53093.4903,-1,0.4053000000058091,BACKFILL_AUTO
2026-07-11 19:35:14,1783798514,R_75,53078.4653,-1,15.02499999999418,BACKFILL_AUTO
2026-07-11 19:35:16,1783798516,R_75,53080.231,1,1.7656999999962864,BACKFILL_AUTO
2026-07-11 19:35:18,1783798518,R_75,53076.3644,-1,3.866600000001199,BACKFILL_AUTO
2026-07-11 19:35:20,1783798520,R_75,53074.0713,-1,2.29309999999532,BACKFILL_AUTO
2026-07-11 19:35:22,1783798522,R_75,53067.7196,-1,6.351700000006531,BACKFILL_AUTO
2026-07-11 19:35:24,1783798524,R_75,53084.1604,1,16.440800000003946,BACKFILL_AUTO
2026-07-11 19:35:26,1783798526,R_75,53077.2363,-1,6.924100000003818,BACKFILL_AUTO
2026-07-11 19:35:28,1783798528,R_75,53086.7179,1,9.481600000006438,BACKFILL_AUTO
2026-07-11 19:35:30,1783798530,R_75,53095.5033,1,8.785399999993388,BACKFILL_AUTO
2026-07-11 19:35:32,1783798532,R_75,53087.9971,-1,7.50619999999617,BACKFILL_AUTO
2026-07-11 19:35:34,1783798534,R_75,53072.7865,-1,15.210599999998522,BACKFILL_AUTO
2026-07-11 19:35:36,1783798536,R_75,53061.2562,-1,11.530299999998533,BACKFILL_AUTO
2026-07-11 19:35:38,1783798538,R_75,53082.8538,1,21.59759999999369,BACKFILL_AUTO
2026-07-11 19:35:40,1783798540,R_75,53081.2796,-1,1.5741999999954714,BACKFILL_AUTO
2026-07-11 19:35:42,1783798542,R_75,53067.0441,-1,14.235500000002503,BACKFILL_AUTO
2026-07-11 19:35:44,1783798544,R_75,53075.8251,1,8.781000000002678,BACKFILL_AUTO
2026-07-11 19:35:46,1783798546,R_75,53076.4945,1,0.6693999999988591,BACKFILL_AUTO
2026-07-11 19:35:48,1783798548,R_75,53077.7861,1,1.2915999999968335,BACKFILL_AUTO
2026-07-11 19:35:50,1783798550,R_75,53073.4207,-1,4.365399999995134,BACKFILL_AUTO
2026-07-11 19:35:52,1783798552,R_75,53067.9318,-1,5.488900000003923,BACKFILL_AUTO
2026-07-11 19:35:54,1783798554,R_75,53064.2214,-1,3.710399999996298,BACKFILL_AUTO
2026-07-11 19:35:56,1783798556,R_75,53070.6565,1,6.4350999999951455,BACKFILL_AUTO
2026-07-11 19:35:58,1783798558,R_75,53080.3589,1,9.702400000001944,BACKFILL_AUTO
2026-07-11 19:36:00,1783798560,R_75,53073.5583,-1,6.800600000002305,BACKFILL_AUTO
2026-07-11 19:36:02,1783798562,R_75,53065.4718,-1,8.086499999997613,BACKFILL_AUTO
2026-07-11 19:36:04,1783798564,R_75,53073.4154,1,7.943599999998696,BACKFILL_AUTO
2026-07-11 19:36:06,1783798566,R_75,53080.4252,1,7.009799999999814,BACKFILL_AUTO
2026-07-11 19:36:08,1783798568,R_75,53080.5156,1,0.0904000000009546,BACKFILL_AUTO
2026-07-11 19:36:10,1783798570,R_75,53073.9195,-1,6.596099999995204,BACKFILL_AUTO
2026-07-11 19:36:12,1783798572,R_75,53078.289,1,4.3694999999934225,BACKFILL_AUTO
2026-07-11 19:36:14,1783798574,R_75,53084.0585,1,5.769500000002154,BACKFILL_AUTO
2026-07-11 19:36:16,1783798576,R_75,53082.392,-1,1.6664999999993597,BACKFILL_AUTO
2026-07-11 19:36:18,1783798578,R_75,53090.9444,1,8.552400000000489,BACKFILL_AUTO
2026-07-11 19:36:20,1783798580,R_75,53093.1096,1,2.1652000000030966,BACKFILL_AUTO
2026-07-11 19:36:22,1783798582,R_75,53094.2061,1,1.0964999999996508,BACKFILL_AUTO
2026-07-11 19:36:24,1783798584,R_75,53093.1298,-1,1.0763000000006286,BACKFILL_AUTO
2026-07-11 19:36:26,1783798586,R_75,53092.5067,-1,0.6231000000043423,BACKFILL_AUTO
2026-07-11 19:36:28,1783798588,R_75,53104.8155,1,12.308799999998882,BACKFILL_AUTO
2026-07-11 19:36:30,1783798590,R_75,53109.3916,1,4.576100000005681,BACKFILL_AUTO
2026-07-11 19:36:32,1783798592,R_75,53110.5138,1,1.1221999999979744,BACKFILL_AUTO
2026-07-11 19:36:34,1783798594,R_75,53112.5427,1,2.0288999999975204,BACKFILL_AUTO
2026-07-11 19:36:36,1783798596,R_75,53113.8596,1,1.316900000005262,BACKFILL_AUTO
2026-07-11 19:36:38,1783798598,R_75,53104.9116,-1,8.948000000003958,BACKFILL_AUTO
2026-07-11 19:36:40,1783798600,R_75,53113.9989,1,9.087299999999232,BACKFILL_AUTO
2026-07-11 19:36:42,1783798602,R_75,53100.6191,-1,13.379799999995157,BACKFILL_AUTO
2026-07-11 19:36:44,1783798604,R_75,53102.8234,1,2.204299999997602,BACKFILL_AUTO
2026-07-11 19:36:46,1783798606,R_75,53110.8053,1,7.981899999998859,BACKFILL_AUTO
2026-07-11 19:36:48,1783798608,R_75,53115.2786,1,4.473299999997835,BACKFILL_AUTO
2026-07-11 19:36:50,1783798610,R_75,53127.6819,1,12.403300000005402,BACKFILL_AUTO
2026-07-11 19:36:52,1783798612,R_75,53128.4728,1,0.7908999999999651,BACKFILL_AUTO
2026-07-11 19:36:54,1783798614,R_75,53140.1003,1,11.627499999995052,BACKFILL_AUTO
2026-07-11 19:36:56,1783798616,R_75,53126.8281,-1,13.27219999999943,BACKFILL_AUTO
2026-07-11 19:36:58,1783798618,R_75,53122.3627,-1,4.465400000000955,BACKFILL_AUTO
2026-07-11 19:37:00,1783798620,R_75,53118.4321,-1,3.9305999999996857,BACKFILL_AUTO
2026-07-11 19:37:02,1783798622,R_75,53120.2258,1,1.7937000000019907,BACKFILL_AUTO
2026-07-11 19:37:04,1783798624,R_75,53107.0714,-1,13.154399999999441,BACKFILL_AUTO
2026-07-11 19:37:06,1783798626,R_75,53098.911,-1,8.160400000000664,BACKFILL_AUTO
2026-07-11 19:37:08,1783798628,R_75,53095.9332,-1,2.9778000000005704,BACKFILL_AUTO
2026-07-11 19:37:10,1783798630,R_75,53092.055,-1,3.8781999999991967,BACKFILL_AUTO
2026-07-11 19:37:12,1783798632,R_75,53092.8344,1,0.7793999999994412,BACKFILL_AUTO
2026-07-11 19:37:14,1783798634,R_75,53091.2503,-1,1.584100000000035,BACKFILL_AUTO
2026-07-11 19:37:16,1783798636,R_75,53094.3123,1,3.061999999998079,BACKFILL_AUTO
2026-07-11 19:37:18,1783798638,R_75,53095.4235,1,1.1111999999993714,BACKFILL_AUTO
2026-07-11 19:37:20,1783798640,R_75,53082.6194,-1,12.804099999993923,BACKFILL_AUTO
2026-07-11 19:37:22,1783798642,R_75,53080.0219,-1,2.5975000000034925,BACKFILL_AUTO
2026-07-11 19:37:24,1783798644,R_75,53078.1129,-1,1.9089999999996508,BACKFILL_AUTO
2026-07-11 19:37:26,1783798646,R_75,53072.3267,-1,5.786200000002282,BACKFILL_AUTO
2026-07-11 19:37:28,1783798648,R_75,53074.0898,1,1.7631000000037602,BACKFILL_AUTO
2026-07-11 19:37:30,1783798650,R_75,53078.5917,1,4.501899999995658,BACKFILL_AUTO
2026-07-11 19:37:32,1783798652,R_75,53081.9842,1,3.3925000000017462,BACKFILL_AUTO
2026-07-11 19:37:34,1783798654,R_75,53075.2492,-1,6.735000000000582,BACKFILL_AUTO
2026-07-11 19:37:36,1783798656,R_75,53078.2803,1,3.0311000000001513,BACKFILL_AUTO
2026-07-11 19:37:38,1783798658,R_75,53083.3203,1,5.040000000000873,BACKFILL_AUTO
2026-07-11 19:37:40,1783798660,R_75,53068.8701,-1,14.450199999999313,BACKFILL_AUTO
2026-07-11 19:37:42,1783798662,R_75,53068.3748,-1,0.49530000000231666,BACKFILL_AUTO
2026-07-11 19:37:44,1783798664,R_75,53070.6326,1,2.2577999999994063,BACKFILL_AUTO
2026-07-11 19:37:46,1783798666,R_75,53054.7951,-1,15.83749999999418,BACKFILL_AUTO
2026-07-11 19:37:48,1783798668,R_75,53045.6361,-1,9.15899999999965,BACKFILL_AUTO
2026-07-11 19:37:50,1783798670,R_75,53059.4244,1,13.788300000000163,BACKFILL_AUTO
2026-07-11 19:37:52,1783798672,R_75,53055.5337,-1,3.8907000000035623,BACKFILL_AUTO
2026-07-11 19:37:54,1783798674,R_75,53056.0299,1,0.4962000000014086,BACKFILL_AUTO
2026-07-11 19:37:56,1783798676,R_75,53048.9313,-1,7.098600000004808,BACKFILL_AUTO
2026-07-11 19:37:58,1783798678,R_75,53045.9543,-1,2.9769999999989523,BACKFILL_AUTO
2026-07-11 19:38:00,1783798680,R_75,53059.682,1,13.727700000003097,BACKFILL_AUTO
2026-07-11 19:38:02,1783798682,R_75,53058.4079,-1,1.2741000000023632,BACKFILL_AUTO
2026-07-11 19:38:04,1783798684,R_75,53060.4732,1,2.0653000000020256,BACKFILL_AUTO
2026-07-11 19:38:06,1783798686,R_75,53050.2621,-1,10.211100000000442,BACKFILL_AUTO
2026-07-11 19:38:08,1783798688,R_75,53055.3691,1,5.107000000003609,BACKFILL_AUTO
2026-07-11 19:38:10,1783798690,R_75,53032.5427,-1,22.82640000000538,BACKFILL_AUTO
2026-07-11 19:38:12,1783798692,R_75,53032.3838,-1,0.158899999994901,BACKFILL_AUTO
2026-07-11 19:38:14,1783798694,R_75,53031.8552,-1,0.528600000005099,BACKFILL_AUTO
2026-07-11 19:38:16,1783798696,R_75,53045.6458,1,13.790600000000268,BACKFILL_AUTO
2026-07-11 19:38:18,1783798698,R_75,53041.135,-1,4.5107999999963795,BACKFILL_AUTO
2026-07-11 19:38:20,1783798700,R_75,53038.9156,-1,2.2194000000017695,BACKFILL_AUTO
2026-07-11 19:38:22,1783798702,R_75,53023.8321,-1,15.08350000000064,BACKFILL_AUTO
2026-07-11 19:38:24,1783798704,R_75,53011.9994,-1,11.832699999999022,BACKFILL_AUTO
2026-07-11 19:38:26,1783798706,R_75,53003.9224,-1,8.076999999997497,BACKFILL_AUTO
2026-07-11 19:38:28,1783798708,R_75,53012.8241,1,8.90169999999489,BACKFILL_AUTO
2026-07-11 19:38:30,1783798710,R_75,53012.7872,-1,0.03689999999915017,BACKFILL_AUTO
2026-07-11 19:38:32,1783798712,R_75,53017.0225,1,4.235300000000279,BACKFILL_AUTO
2026-07-11 19:38:34,1783798714,R_75,53037.2731,1,20.250599999999395,BACKFILL_AUTO
2026-07-11 19:38:36,1783798716,R_75,53043.31,1,6.03689999999915,BACKFILL_AUTO
2026-07-11 19:38:38,1783798718,R_75,53018.0145,-1,25.295500000000175,BACKFILL_AUTO
2026-07-11 19:38:40,1783798720,R_75,53029.0957,1,11.081200000000536,BACKFILL_AUTO
2026-07-11 19:38:42,1783798722,R_75,53035.7694,1,6.673699999999371,BACKFILL_AUTO
2026-07-11 19:38:44,1783798724,R_75,53032.276,-1,3.493399999999383,BACKFILL_AUTO
2026-07-11 19:38:46,1783798726,R_75,53039.292,1,7.01600000000326,BACKFILL_AUTO
2026-07-11 19:38:48,1783798728,R_75,53033.0813,-1,6.210700000003271,BACKFILL_AUTO
2026-07-11 19:38:50,1783798730,R_75,53045.5687,1,12.487400000005437,BACKFILL_AUTO
2026-07-11 19:38:52,1783798732,R_75,53047.5189,1,1.9501999999993131,BACKFILL_AUTO
2026-07-11 19:38:54,1783798734,R_75,53042.1258,-1,5.393100000001141,BACKFILL_AUTO
2026-07-11 19:38:56,1783798736,R_75,53052.8992,1,10.773399999998219,BACKFILL_AUTO
2026-07-11 19:38:58,1783798738,R_75,53081.4566,1,28.55739999999787,BACKFILL_AUTO
2026-07-11 19:39:00,1783798740,R_75,53083.4548,1,1.998200000001816,BACKFILL_AUTO
2026-07-11 19:39:02,1783798742,R_75,53085.0685,1,1.6137000000016997,BACKFILL_AUTO
2026-07-11 19:39:04,1783798744,R_75,53082.1332,-1,2.935300000004645,BACKFILL_AUTO
2026-07-11 19:39:06,1783798746,R_75,53091.3042,1,9.171000000002095,BACKFILL_AUTO
2026-07-11 19:39:08,1783798748,R_75,53081.477,-1,9.82719999999972,BACKFILL_AUTO
2026-07-11 19:39:10,1783798750,R_75,53093.125,1,11.648000000001048,BACKFILL_AUTO
2026-07-11 19:39:12,1783798752,R_75,53095.0061,1,1.8810999999986961,BACKFILL_AUTO
2026-07-11 19:39:14,1783798754,R_75,53086.3172,-1,8.688900000001013,BACKFILL_AUTO
2026-07-11 19:39:16,1783798756,R_75,53093.828,1,7.510800000003655,BACKFILL_AUTO
2026-07-11 19:39:18,1783798758,R_75,53089.8204,-1,4.007600000004459,BACKFILL_AUTO
2026-07-11 19:39:20,1783798760,R_75,53103.3594,1,13.539000000004307,BACKFILL_AUTO
2026-07-11 19:39:22,1783798762,R_75,53125.7111,1,22.351699999999255,BACKFILL_AUTO
2026-07-11 19:39:24,1783798764,R_75,53120.2379,-1,5.473200000000361,BACKFILL_AUTO
2026-07-11 19:39:26,1783798766,R_75,53122.8295,1,2.591599999999744,BACKFILL_AUTO
2026-07-11 19:39:28,1783798768,R_75,53124.8842,1,2.0547000000005937,BACKFILL_AUTO
2026-07-11 19:39:30,1783798770,R_75,53120.0741,-1,4.810100000002421,BACKFILL_AUTO
2026-07-11 19:39:32,1783798772,R_75,53127.9568,1,7.8827000000019325,BACKFILL_AUTO
2026-07-11 19:39:34,1783798774,R_75,53127.7714,-1,0.18540000000211876,BACKFILL_AUTO
2026-07-11 19:39:36,1783798776,R_75,53137.7203,1,9.94890000000305,BACKFILL_AUTO
2026-07-11 19:39:38,1783798778,R_75,53151.7064,1,13.986100000001898,BACKFILL_AUTO
2026-07-11 19:39:40,1783798780,R_75,53136.1903,-1,15.516100000000733,BACKFILL_AUTO
2026-07-11 19:39:42,1783798782,R_75,53144.7815,1,8.591199999995297,BACKFILL_AUTO
2026-07-11 19:39:44,1783798784,R_75,53147.4955,1,2.713999999999942,BACKFILL_AUTO
2026-07-11 19:39:46,1783798786,R_75,53147.6294,1,0.13390000000072177,BACKFILL_AUTO
2026-07-11 19:39:48,1783798788,R_75,53149.2272,1,1.5978000000031898,BACKFILL_AUTO
2026-07-11 19:39:50,1783798790,R_75,53136.6501,-1,12.577100000002247,BACKFILL_AUTO
2026-07-11 19:39:52,1783798792,R_75,53137.7986,1,1.1485000000029686,BACKFILL_AUTO
2026-07-11 19:39:54,1783798794,R_75,53135.0423,-1,2.7563000000009197,BACKFILL_AUTO
2026-07-11 19:39:56,1783798796,R_75,53132.4399,-1,2.6024000000033993,BACKFILL_AUTO
2026-07-11 19:39:58,1783798798,R_75,53123.633,-1,8.806899999995949,BACKFILL_AUTO
2026-07-11 19:40:00,1783798800,R_75,53115.8789,-1,7.754099999998289,BACKFILL_AUTO
2026-07-11 19:40:02,1783798802,R_75,53131.9395,1,16.060599999997066,BACKFILL_AUTO
2026-07-11 19:40:04,1783798804,R_75,53138.1522,1,6.212699999996403,BACKFILL_AUTO
2026-07-11 19:40:06,1783798806,R_75,53144.7527,1,6.600500000000466,BACKFILL_AUTO
2026-07-11 19:40:08,1783798808,R_75,53131.6947,-1,13.057999999997264,BACKFILL_AUTO
2026-07-11 19:40:10,1783798810,R_75,53135.6395,1,3.9447999999974854,BACKFILL_AUTO
2026-07-11 19:40:12,1783798812,R_75,53151.1745,1,15.535000000003492,BACKFILL_AUTO
2026-07-11 19:40:14,1783798814,R_75,53148.0207,-1,3.1538000000000466,BACKFILL_AUTO
2026-07-11 19:40:16,1783798816,R_75,53137.5891,-1,10.431600000003527,BACKFILL_AUTO
2026-07-11 19:40:18,1783798818,R_75,53136.8296,-1,0.7595000000001164,BACKFILL_AUTO
2026-07-11 19:40:20,1783798820,R_75,53126.2305,-1,10.599099999999453,BACKFILL_AUTO
2026-07-11 19:40:22,1783798822,R_75,53137.1071,1,10.876600000003236,BACKFILL_AUTO
2026-07-11 19:40:24,1783798824,R_75,53142.343,1,5.235899999999674,BACKFILL_AUTO
2026-07-11 19:40:26,1783798826,R_75,53156.2834,1,13.9403999999995,BACKFILL_AUTO
2026-07-11 19:40:28,1783798828,R_75,53141.1884,-1,15.095000000001164,BACKFILL_AUTO
2026-07-11 19:40:30,1783798830,R_75,53144.2091,1,3.020700000000943,BACKFILL_AUTO
2026-07-11 19:40:32,1783798832,R_75,53138.2245,-1,5.984600000003411,BACKFILL_AUTO
2026-07-11 19:40:34,1783798834,R_75,53156.0495,1,17.825000000004366,BACKFILL_AUTO
2026-07-11 19:40:36,1783798836,R_75,53162.2904,1,6.240899999997055,BACKFILL_AUTO
2026-07-11 19:40:38,1783798838,R_75,53145.8233,-1,16.467100000001665,BACKFILL_AUTO
2026-07-11 19:40:40,1783798840,R_75,53150.7773,1,4.9540000000051805,BACKFILL_AUTO
2026-07-11 19:40:42,1783798842,R_75,53155.2347,1,4.457399999999325,BACKFILL_AUTO
2026-07-11 19:40:44,1783798844,R_75,53159.0216,1,3.78689999999915,BACKFILL_AUTO
2026-07-11 19:40:46,1783798846,R_75,53151.2512,-1,7.770400000001246,BACKFILL_AUTO
2026-07-11 19:40:48,1783798848,R_75,53149.5144,-1,1.736799999998766,BACKFILL_AUTO
2026-07-11 19:40:50,1783798850,R_75,53156.9619,1,7.447500000002037,BACKFILL_AUTO
2026-07-11 19:40:52,1783798852,R_75,53161.8173,1,4.8554000000003725,BACKFILL_AUTO
2026-07-11 19:40:54,1783798854,R_75,53147.3807,-1,14.436600000000908,BACKFILL_AUTO
2026-07-11 19:40:56,1783798856,R_75,53163.6147,1,16.23399999999674,BACKFILL_AUTO
2026-07-11 19:40:58,1783798858,R_75,53159.5777,-1,4.036999999996624,BACKFILL_AUTO
2026-07-11 19:41:00,1783798860,R_75,53166.1113,1,6.533599999995204,BACKFILL_AUTO
2026-07-11 19:41:02,1783798862,R_75,53167.5006,1,1.3893000000025495,BACKFILL_AUTO
2026-07-11 19:41:04,1783798864,R_75,53184.0056,1,16.50499999999738,BACKFILL_AUTO
2026-07-11 19:41:06,1783798866,R_75,53189.4986,1,5.493000000002212,BACKFILL_AUTO
2026-07-11 19:41:08,1783798868,R_75,53166.9518,-1,22.546799999996438,BACKFILL_AUTO
2026-07-11 19:41:10,1783798870,R_75,53161.5187,-1,5.433100000002014,BACKFILL_AUTO
2026-07-11 19:41:12,1783798872,R_75,53156.0243,-1,5.494400000003225,BACKFILL_AUTO
2026-07-11 19:41:14,1783798874,R_75,53166.3886,1,10.364300000001094,BACKFILL_AUTO
2026-07-11 19:41:16,1783798876,R_75,53178.2199,1,11.83129999999801,BACKFILL_AUTO
2026-07-11 19:41:18,1783798878,R_75,53168.838,-1,9.381899999993038,BACKFILL_AUTO
2026-07-11 19:41:20,1783798880,R_75,53153.362,-1,15.476000000002387,BACKFILL_AUTO
2026-07-11 19:41:22,1783798882,R_75,53148.7529,-1,4.60910000000149,BACKFILL_AUTO
2026-07-11 19:41:24,1783798884,R_75,53161.1283,1,12.375399999997171,BACKFILL_AUTO
2026-07-11 19:41:26,1783798886,R_75,53160.6621,-1,0.4661999999952968,BACKFILL_AUTO
2026-07-11 19:41:28,1783798888,R_75,53150.6636,-1,9.998500000001513,BACKFILL_AUTO
2026-07-11 19:41:30,1783798890,R_75,53160.9357,1,10.272100000001956,BACKFILL_AUTO
2026-07-11 19:41:32,1783798892,R_75,53154.1566,-1,6.779099999999744,BACKFILL_AUTO
2026-07-11 19:41:34,1783798894,R_75,53142.9572,-1,11.199400000004971,BACKFILL_AUTO
2026-07-11 19:41:36,1783798896,R_75,53149.9993,1,7.04210000000603,BACKFILL_AUTO
2026-07-11 19:41:38,1783798898,R_75,53149.4742,-1,0.5251000000062049,BACKFILL_AUTO
2026-07-11 19:41:40,1783798900,R_75,53158.4284,1,8.954200000000128,BACKFILL_AUTO
2026-07-11 19:41:42,1783798902,R_75,53149.4315,-1,8.996899999998277,BACKFILL_AUTO
2026-07-11 19:41:44,1783798904,R_75,53136.731,-1,12.70049999999901,BACKFILL_AUTO
2026-07-11 19:41:46,1783798906,R_75,53120.1437,-1,16.58729999999923,BACKFILL_AUTO
2026-07-11 19:41:48,1783798908,R_75,53116.5472,-1,3.5964999999996508,BACKFILL_AUTO
2026-07-11 19:41:50,1783798910,R_75,53122.8835,1,6.336300000002666,BACKFILL_AUTO
2026-07-11 19:41:52,1783798912,R_75,53129.6722,1,6.788699999997334,BACKFILL_AUTO
2026-07-11 19:41:54,1783798914,R_75,53137.5712,1,7.8989999999976135,BACKFILL_AUTO
2026-07-11 19:41:56,1783798916,R_75,53150.0097,1,12.438500000003842,BACKFILL_AUTO
2026-07-11 19:41:58,1783798918,R_75,53144.5871,-1,5.422600000005332,BACKFILL_AUTO
2026-07-11 19:42:00,1783798920,R_75,53138.4643,-1,6.122799999997369,BACKFILL_AUTO
2026-07-11 19:42:02,1783798922,R_75,53141.7436,1,3.2793000000019674,BACKFILL_AUTO
2026-07-11 19:42:04,1783798924,R_75,53151.3943,1,9.650699999998324,BACKFILL_AUTO
2026-07-11 19:42:06,1783798926,R_75,53154.3396,1,2.9452999999994063,BACKFILL_AUTO
2026-07-11 19:42:08,1783798928,R_75,53129.4474,-1,24.89220000000205,BACKFILL_AUTO
2026-07-11 19:42:10,1783798930,R_75,53128.2908,-1,1.1565999999947962,BACKFILL_AUTO
2026-07-11 19:42:12,1783798932,R_75,53128.3579,1,0.06710000000020955,BACKFILL_AUTO
2026-07-11 19:42:14,1783798934,R_75,53137.0201,1,8.662199999998847,BACKFILL_AUTO
2026-07-11 19:42:16,1783798936,R_75,53137.4149,1,0.394800000001851,BACKFILL_AUTO
2026-07-11 19:42:18,1783798938,R_75,53139.1119,1,1.6970000000001164,BACKFILL_AUTO
2026-07-11 19:42:20,1783798940,R_75,53135.5102,-1,3.601700000006531,BACKFILL_AUTO
2026-07-11 19:42:22,1783798942,R_75,53140.1534,1,4.643200000005891,BACKFILL_AUTO
2026-07-11 19:42:24,1783798944,R_75,53138.8458,-1,1.3076000000000931,BACKFILL_AUTO
2026-07-11 19:42:26,1783798946,R_75,53139.4492,1,0.6033999999999651,BACKFILL_AUTO
2026-07-11 19:42:28,1783798948,R_75,53132.721,-1,6.7282000000050175,BACKFILL_AUTO
2026-07-11 19:42:30,1783798950,R_75,53141.9596,1,9.238600000004226,BACKFILL_AUTO
2026-07-11 19:42:32,1783798952,R_75,53137.8688,-1,4.090800000005402,BACKFILL_AUTO
2026-07-11 19:42:34,1783798954,R_75,53138.5688,1,0.7000000000043656,BACKFILL_AUTO
2026-07-11 19:42:36,1783798956,R_75,53136.6574,-1,1.9114000000045053,BACKFILL_AUTO
2026-07-11 19:42:38,1783798958,R_75,53140.5805,1,3.9230999999999767,BACKFILL_AUTO
2026-07-11 19:42:40,1783798960,R_75,53136.2634,-1,4.317099999992934,BACKFILL_AUTO
2026-07-11 19:42:42,1783798962,R_75,53137.7859,1,1.5224999999991269,BACKFILL_AUTO
2026-07-11 19:42:44,1783798964,R_75,53134.7527,-1,3.0332000000053085,BACKFILL_AUTO
2026-07-11 19:42:46,1783798966,R_75,53136.1821,1,1.4294000000008964,BACKFILL_AUTO
2026-07-11 19:42:48,1783798968,R_75,53134.4154,-1,1.766700000000128,BACKFILL_AUTO
2026-07-11 19:42:50,1783798970,R_75,53127.887,-1,6.5283999999955995,BACKFILL_AUTO
2026-07-11 19:42:52,1783798972,R_75,53134.2541,1,6.367099999995844,BACKFILL_AUTO
2026-07-11 19:42:54,1783798974,R_75,53125.9122,-1,8.341899999999441,BACKFILL_AUTO
2026-07-11 19:42:56,1783798976,R_75,53139.118,1,13.205800000003364,BACKFILL_AUTO
2026-07-11 19:42:58,1783798978,R_75,53153.3306,1,14.212599999998929,BACKFILL_AUTO
2026-07-11 19:43:00,1783798980,R_75,53148.1198,-1,5.210800000000745,BACKFILL_AUTO
2026-07-11 19:43:02,1783798982,R_75,53158.7223,1,10.602500000000873,BACKFILL_AUTO
2026-07-11 19:43:04,1783798984,R_75,53158.6331,-1,0.08920000000216532,BACKFILL_AUTO
2026-07-11 19:43:06,1783798986,R_75,53168.035,1,9.401900000004389,BACKFILL_AUTO
2026-07-11 19:43:08,1783798988,R_75,53165.8708,-1,2.164200000006531,BACKFILL_AUTO
2026-07-11 19:43:10,1783798990,R_75,53181.2923,1,15.421500000004016,BACKFILL_AUTO
2026-07-11 19:43:12,1783798992,R_75,53180.12,-1,1.1722999999983585,BACKFILL_AUTO
2026-07-11 19:43:14,1783798994,R_75,53200.0651,1,19.945099999997183,BACKFILL_AUTO
2026-07-11 19:43:16,1783798996,R_75,53195.8219,-1,4.2431999999971595,BACKFILL_AUTO
2026-07-11 19:43:18,1783798998,R_75,53200.2685,1,4.446599999995669,BACKFILL_AUTO
2026-07-11 19:43:20,1783799000,R_75,53188.7116,-1,11.556899999995949,BACKFILL_AUTO
2026-07-11 19:43:22,1783799002,R_75,53212.209,1,23.497400000000198,BACKFILL_AUTO
2026-07-11 19:43:24,1783799004,R_75,53222.7216,1,10.512599999994563,BACKFILL_AUTO
2026-07-11 19:43:26,1783799006,R_75,53220.197,-1,2.524599999997008,BACKFILL_AUTO
2026-07-11 19:43:28,1783799008,R_75,53216.676,-1,3.5210000000006403,BACKFILL_AUTO
2026-07-11 19:43:30,1783799010,R_75,53214.0777,-1,2.5982999999978347,BACKFILL_AUTO
2026-07-11 19:43:32,1783799012,R_75,53203.2553,-1,10.822400000004563,BACKFILL_AUTO
2026-07-11 19:43:34,1783799014,R_75,53189.8883,-1,13.36699999999837,BACKFILL_AUTO
2026-07-11 19:43:36,1783799016,R_75,53187.4148,-1,2.473500000000058,BACKFILL_AUTO
2026-07-11 19:43:38,1783799018,R_75,53196.0401,1,8.625299999999697,BACKFILL_AUTO
2026-07-11 19:43:40,1783799020,R_75,53181.9142,-1,14.125899999999092,BACKFILL_AUTO
2026-07-11 19:43:42,1783799022,R_75,53162.3559,-1,19.55829999999696,BACKFILL_AUTO
2026-07-11 19:43:44,1783799024,R_75,53166.9388,1,4.582900000001246,BACKFILL_AUTO
2026-07-11 19:43:46,1783799026,R_75,53173.5455,1,6.606699999996636,BACKFILL_AUTO
2026-07-11 19:43:48,1783799028,R_75,53173.1127,-1,0.43280000000231666,BACKFILL_AUTO
2026-07-11 19:43:50,1783799030,R_75,53179.6323,1,6.5195999999996275,BACKFILL_AUTO
2026-07-11 19:43:52,1783799032,R_75,53181.605,1,1.972700000005716,BACKFILL_AUTO
2026-07-11 19:43:54,1783799034,R_75,53167.5885,-1,14.01650000000518,BACKFILL_AUTO
2026-07-11 19:43:56,1783799036,R_75,53166.6984,-1,0.8900999999968917,BACKFILL_AUTO
2026-07-11 19:43:58,1783799038,R_75,53158.9882,-1,7.71020000000135,BACKFILL_AUTO
2026-07-11 19:44:00,1783799040,R_75,53169.5704,1,10.582199999997101,BACKFILL_AUTO
2026-07-11 19:44:02,1783799042,R_75,53172.6089,1,3.0385000000023865,BACKFILL_AUTO
2026-07-11 19:44:04,1783799044,R_75,53177.4393,1,4.830399999998917,BACKFILL_AUTO
2026-07-11 19:44:06,1783799046,R_75,53182.3298,1,4.890500000001339,BACKFILL_AUTO
2026-07-11 19:44:08,1783799048,R_75,53184.3845,1,2.0547000000005937,BACKFILL_AUTO
2026-07-11 19:44:10,1783799050,R_75,53192.671,1,8.286500000001979,BACKFILL_AUTO
2026-07-11 19:44:12,1783799052,R_75,53191.144,-1,1.5270000000018626,BACKFILL_AUTO
2026-07-11 19:44:14,1783799054,R_75,53166.3329,-1,24.811099999998987,BACKFILL_AUTO
2026-07-11 19:44:16,1783799056,R_75,53176.9388,1,10.605900000002293,BACKFILL_AUTO
2026-07-11 19:44:18,1783799058,R_75,53187.2644,1,10.325599999996484,BACKFILL_AUTO
2026-07-11 19:44:20,1783799060,R_75,53187.8308,1,0.5664000000033411,BACKFILL_AUTO
2026-07-11 19:44:22,1783799062,R_75,53181.3411,-1,6.489700000005541,BACKFILL_AUTO
2026-07-11 19:44:24,1783799064,R_75,53173.5668,-1,7.774299999997311,BACKFILL_AUTO
2026-07-11 19:44:26,1783799066,R_75,53175.6284,1,2.061600000000908,BACKFILL_AUTO
2026-07-11 19:44:28,1783799068,R_75,53170.3611,-1,5.267299999999523,BACKFILL_AUTO
2026-07-11 19:44:30,1783799070,R_75,53170.9061,1,0.5449999999982538,BACKFILL_AUTO
2026-07-11 19:44:32,1783799072,R_75,53158.8592,-1,12.046900000001187,BACKFILL_AUTO
2026-07-11 19:44:34,1783799074,R_75,53148.2952,-1,10.563999999998487,BACKFILL_AUTO
2026-07-11 19:44:36,1783799076,R_75,53143.3369,-1,4.958299999998417,BACKFILL_AUTO
2026-07-11 19:44:38,1783799078,R_75,53153.5776,1,10.240699999994831,BACKFILL_AUTO
2026-07-11 19:44:40,1783799080,R_75,53139.4917,-1,14.085899999998219,BACKFILL_AUTO
2026-07-11 19:44:42,1783799082,R_75,53135.4501,-1,4.0415999999968335,BACKFILL_AUTO
2026-07-11 19:44:44,1783799084,R_75,53143.3805,1,7.930399999997462,BACKFILL_AUTO
2026-07-11 19:44:46,1783799086,R_75,53158.0316,1,14.65110000000277,BACKFILL_AUTO
2026-07-11 19:44:48,1783799088,R_75,53138.4671,-1,19.564500000000407,BACKFILL_AUTO
2026-07-11 19:44:50,1783799090,R_75,53147.4305,1,8.963400000000547,BACKFILL_AUTO
2026-07-11 19:44:52,1783799092,R_75,53147.078,-1,0.3525000000008731,BACKFILL_AUTO
2026-07-11 19:44:54,1783799094,R_75,53159.4232,1,12.345199999996112,BACKFILL_AUTO
2026-07-11 19:44:56,1783799096,R_75,53174.9555,1,15.53229999999894,BACKFILL_AUTO
2026-07-11 19:44:58,1783799098,R_75,53187.2004,1,12.244900000005146,BACKFILL_AUTO
2026-07-11 19:45:00,1783799100,R_75,53173.4239,-1,13.776499999999942,BACKFILL_AUTO
2026-07-11 19:45:02,1783799102,R_75,53169.2724,-1,4.151499999999942,BACKFILL_AUTO
2026-07-11 19:45:04,1783799104,R_75,53160.667,-1,8.605400000000373,BACKFILL_AUTO
2026-07-11 19:45:06,1783799106,R_75,53150.5309,-1,10.136100000003353,BACKFILL_AUTO
2026-07-11 19:45:08,1783799108,R_75,53140.3505,-1,10.180399999997462,BACKFILL_AUTO
2026-07-11 19:45:10,1783799110,R_75,53152.3802,1,12.029699999999139,BACKFILL_AUTO
2026-07-11 19:45:12,1783799112,R_75,53160.0758,1,7.695599999999104,BACKFILL_AUTO
2026-07-11 19:45:14,1783799114,R_75,53144.1516,-1,15.924200000001292,BACKFILL_AUTO
2026-07-11 19:45:16,1783799116,R_75,53126.6246,-1,17.526999999994587,BACKFILL_AUTO
2026-07-11 19:45:18,1783799118,R_75,53108.5778,-1,18.046800000003714,BACKFILL_AUTO
2026-07-11 19:45:20,1783799120,R_75,53105.1953,-1,3.382499999999709,BACKFILL_AUTO
2026-07-11 19:45:22,1783799122,R_75,53095.6536,-1,9.541700000001583,BACKFILL_AUTO
2026-07-11 19:45:24,1783799124,R_75,53092.6707,-1,2.982899999995425,BACKFILL_AUTO
2026-07-11 19:45:26,1783799126,R_75,53111.3065,1,18.63579999999638,BACKFILL_AUTO
2026-07-11 19:45:28,1783799128,R_75,53111.0987,-1,0.2077999999964959,BACKFILL_AUTO
2026-07-11 19:45:30,1783799130,R_75,53119.602,1,8.50329999999667,BACKFILL_AUTO
2026-07-11 19:45:32,1783799132,R_75,53123.6859,1,4.083899999997811,BACKFILL_AUTO
2026-07-11 19:45:34,1783799134,R_75,53114.7807,-1,8.905199999993783,BACKFILL_AUTO
2026-07-11 19:45:36,1783799136,R_75,53101.6091,-1,13.17160000000149,BACKFILL_AUTO
2026-07-11 19:45:38,1783799138,R_75,53117.6427,1,16.033599999995204,BACKFILL_AUTO
2026-07-11 19:45:40,1783799140,R_75,53122.0901,1,4.4474000000045635,BACKFILL_AUTO
2026-07-11 19:45:42,1783799142,R_75,53115.5288,-1,6.561300000001211,BACKFILL_AUTO
2026-07-11 19:45:44,1783799144,R_75,53121.3814,1,5.852599999998347,BACKFILL_AUTO
2026-07-11 19:45:46,1783799146,R_75,53128.0916,1,6.71020000000135,BACKFILL_AUTO
2026-07-11 19:45:48,1783799148,R_75,53145.06,1,16.968399999997928,BACKFILL_AUTO
2026-07-11 19:45:50,1783799150,R_75,53135.8247,-1,9.23530000000028,BACKFILL_AUTO
2026-07-11 19:45:52,1783799152,R_75,53143.6232,1,7.798500000004424,BACKFILL_AUTO
2026-07-11 19:45:54,1783799154,R_75,53143.042,-1,0.5812000000005355,BACKFILL_AUTO
2026-07-11 19:45:56,1783799156,R_75,53142.2931,-1,0.7488999999986845,BACKFILL_AUTO
2026-07-11 19:45:58,1783799158,R_75,53145.8271,1,3.5339999999996508,BACKFILL_AUTO
2026-07-11 19:46:00,1783799160,R_75,53129.7749,-1,16.05220000000554,BACKFILL_AUTO
2026-07-11 19:46:02,1783799162,R_75,53125.5847,-1,4.190199999997276,BACKFILL_AUTO
2026-07-11 19:46:04,1783799164,R_75,53123.2713,-1,2.313399999999092,BACKFILL_AUTO
2026-07-11 19:46:06,1783799166,R_75,53122.4298,-1,0.8415000000022701,BACKFILL_AUTO
2026-07-11 19:46:08,1783799168,R_75,53110.1519,-1,12.277900000000955,BACKFILL_AUTO
2026-07-11 19:46:10,1783799170,R_75,53090.9633,-1,19.18859999999404,BACKFILL_AUTO
2026-07-11 19:46:12,1783799172,R_75,53083.2084,-1,7.754899999999907,BACKFILL_AUTO
2026-07-11 19:46:14,1783799174,R_75,53081.8526,-1,1.3558000000048196,BACKFILL_AUTO
2026-07-11 19:46:16,1783799176,R_75,53087.7746,1,5.921999999998661,BACKFILL_AUTO
2026-07-11 19:46:18,1783799178,R_75,53093.5035,1,5.728900000001886,BACKFILL_AUTO
2026-07-11 19:46:20,1783799180,R_75,53076.97,-1,16.53349999999773,BACKFILL_AUTO
2026-07-11 19:46:22,1783799182,R_75,53068.6605,-1,8.309500000003027,BACKFILL_AUTO
2026-07-11 19:46:24,1783799184,R_75,53065.2897,-1,3.3707999999969616,BACKFILL_AUTO
2026-07-11 19:46:26,1783799186,R_75,53068.9551,1,3.6653999999980442,BACKFILL_AUTO
2026-07-11 19:46:28,1783799188,R_75,53058.937,-1,10.01810000000114,BACKFILL_AUTO
2026-07-11 19:46:30,1783799190,R_75,53040.9918,-1,17.945199999994657,BACKFILL_AUTO
2026-07-11 19:46:32,1783799192,R_75,53033.8624,-1,7.129400000005262,BACKFILL_AUTO
2026-07-11 19:46:34,1783799194,R_75,53023.0434,-1,10.818999999995867,BACKFILL_AUTO
2026-07-11 19:46:36,1783799196,R_75,53029.071,1,6.027600000001257,BACKFILL_AUTO
2026-07-11 19:46:38,1783799198,R_75,53025.9708,-1,3.1002000000007683,BACKFILL_AUTO
2026-07-11 19:46:40,1783799200,R_75,53026.9233,1,0.9524999999994179,BACKFILL_AUTO
2026-07-11 19:46:42,1783799202,R_75,53031.9968,1,5.073499999998603,BACKFILL_AUTO
2026-07-11 19:46:44,1783799204,R_75,53029.249,-1,2.747799999997369,BACKFILL_AUTO
2026-07-11 19:46:46,1783799206,R_75,53012.2039,-1,17.045100000003004,BACKFILL_AUTO
2026-07-11 19:46:48,1783799208,R_75,53024.9216,1,12.71770000000106,BACKFILL_AUTO
2026-07-11 19:46:50,1783799210,R_75,53030.5513,1,5.629699999997683,BACKFILL_AUTO
2026-07-11 19:46:52,1783799212,R_75,53029.7572,-1,0.7940999999991618,BACKFILL_AUTO
2026-07-11 19:46:54,1783799214,R_75,53038.0291,1,8.271899999999732,BACKFILL_AUTO
2026-07-11 19:46:56,1783799216,R_75,53041.8659,1,3.836799999997311,BACKFILL_AUTO
2026-07-11 19:46:58,1783799218,R_75,53050.4427,1,8.57680000000255,BACKFILL_AUTO
2026-07-11 19:47:00,1783799220,R_75,53049.0016,-1,1.4410999999963678,BACKFILL_AUTO
2026-07-11 19:47:02,1783799222,R_75,53037.6968,-1,11.304800000005343,BACKFILL_AUTO
2026-07-11 19:47:04,1783799224,R_75,53043.2121,1,5.515299999999115,BACKFILL_AUTO
2026-07-11 19:47:06,1783799226,R_75,53021.1306,-1,22.081500000000233,BACKFILL_AUTO
2026-07-11 19:47:08,1783799228,R_75,53018.3215,-1,2.8090999999985797,BACKFILL_AUTO
2026-07-11 19:47:10,1783799230,R_75,53020.8441,1,2.5226000000038766,BACKFILL_AUTO
2026-07-11 19:47:12,1783799232,R_75,53011.3546,-1,9.489500000003318,BACKFILL_AUTO
2026-07-11 19:47:14,1783799234,R_75,52999.1286,-1,12.226000000002387,BACKFILL_AUTO
2026-07-11 19:47:16,1783799236,R_75,53005.6618,1,6.5332000000053085,BACKFILL_AUTO
2026-07-11 19:47:18,1783799238,R_75,52998.722,-1,6.939800000000105,BACKFILL_AUTO
2026-07-11 19:47:20,1783799240,R_75,53009.6297,1,10.907699999996112,BACKFILL_AUTO
2026-07-11 19:47:22,1783799242,R_75,53003.0822,-1,6.547500000000582,BACKFILL_AUTO
2026-07-11 19:47:24,1783799244,R_75,53014.4892,1,11.40700000000652,BACKFILL_AUTO
2026-07-11 19:47:26,1783799246,R_75,53015.4162,1,0.9269999999960419,BACKFILL_AUTO
2026-07-11 19:47:28,1783799248,R_75,53025.0247,1,9.608500000002095,BACKFILL_AUTO
2026-07-11 19:47:30,1783799250,R_75,53026.1575,1,1.1327999999994063,BACKFILL_AUTO
2026-07-11 19:47:32,1783799252,R_75,53032.1492,1,5.991699999998673,BACKFILL_AUTO
2026-07-11 19:47:34,1783799254,R_75,53032.8785,1,0.729299999999057,BACKFILL_AUTO
2026-07-11 19:47:36,1783799256,R_75,53019.4881,-1,13.390399999996589,BACKFILL_AUTO
2026-07-11 19:47:38,1783799258,R_75,53039.3493,1,19.86119999999937,BACKFILL_AUTO
2026-07-11 19:47:40,1783799260,R_75,53046.0662,1,6.716899999999441,BACKFILL_AUTO
2026-07-11 19:47:42,1783799262,R_75,53051.8438,1,5.777600000001257,BACKFILL_AUTO
2026-07-11 19:47:44,1783799264,R_75,53060.6851,1,8.841300000000047,BACKFILL_AUTO
2026-07-11 19:47:46,1783799266,R_75,53073.3915,1,12.706399999995483,BACKFILL_AUTO
2026-07-11 19:47:48,1783799268,R_75,53065.2306,-1,8.160899999995308,BACKFILL_AUTO
2026-07-11 19:47:50,1783799270,R_75,53071.2806,1,6.049999999995634,BACKFILL_AUTO
2026-07-11 19:47:52,1783799272,R_75,53070.0022,-1,1.2783999999955995,BACKFILL_AUTO
2026-07-11 19:47:54,1783799274,R_75,53068.9641,-1,1.0381000000052154,BACKFILL_AUTO
2026-07-11 19:47:56,1783799276,R_75,53067.8739,-1,1.090199999998731,BACKFILL_AUTO
2026-07-11 19:47:58,1783799278,R_75,53056.6385,-1,11.235399999997753,BACKFILL_AUTO
2026-07-11 19:48:00,1783799280,R_75,53048.4346,-1,8.20390000000043,BACKFILL_AUTO
2026-07-11 19:48:02,1783799282,R_75,53054.3455,1,5.910900000002584,BACKFILL_AUTO
2026-07-11 19:48:04,1783799284,R_75,53048.5634,-1,5.782100000003993,BACKFILL_AUTO
2026-07-11 19:48:06,1783799286,R_75,53056.6322,1,8.06880000000092,BACKFILL_AUTO
2026-07-11 19:48:08,1783799288,R_75,53081.7775,1,25.145299999996496,BACKFILL_AUTO
2026-07-11 19:48:10,1783799290,R_75,53094.3161,1,12.53859999999986,BACKFILL_AUTO
2026-07-11 19:48:12,1783799292,R_75,53093.212,-1,1.1040999999968335,BACKFILL_AUTO
2026-07-11 19:48:14,1783799294,R_75,53110.0278,1,16.815800000003946,BACKFILL_AUTO
2026-07-11 19:48:16,1783799296,R_75,53121.2377,1,11.209899999994377,BACKFILL_AUTO
2026-07-11 19:48:18,1783799298,R_75,53158.5021,1,37.26440000000002,BACKFILL_AUTO
2026-07-11 19:48:20,1783799300,R_75,53165.306,1,6.8038999999989755,BACKFILL_AUTO
2026-07-11 19:48:22,1783799302,R_75,53158.68,-1,6.625999999996566,BACKFILL_AUTO
2026-07-11 19:48:24,1783799304,R_75,53170.9478,1,12.267800000001444,BACKFILL_AUTO
2026-07-11 19:48:26,1783799306,R_75,53172.2636,1,1.3157999999966705,BACKFILL_AUTO
2026-07-11 19:48:28,1783799308,R_75,53172.166,-1,0.09760000000096625,BACKFILL_AUTO
2026-07-11 19:48:30,1783799310,R_75,53180.5527,1,8.386700000002747,BACKFILL_AUTO
2026-07-11 19:48:32,1783799312,R_75,53171.8188,-1,8.733899999999267,BACKFILL_AUTO
2026-07-11 19:48:34,1783799314,R_75,53188.1257,1,16.30689999999595,BACKFILL_AUTO
2026-07-11 19:48:36,1783799316,R_75,53185.753,-1,2.3726999999998952,BACKFILL_AUTO
2026-07-11 19:48:38,1783799318,R_75,53211.1264,1,25.37340000000404,BACKFILL_AUTO
2026-07-11 19:48:40,1783799320,R_75,53203.8361,-1,7.29030000000057,BACKFILL_AUTO
2026-07-11 19:48:42,1783799322,R_75,53194.0217,-1,9.814400000002934,BACKFILL_AUTO
2026-07-11 19:48:44,1783799324,R_75,53195.4611,1,1.4394000000029337,BACKFILL_AUTO
2026-07-11 19:48:46,1783799326,R_75,53199.143,1,3.6818999999959487,BACKFILL_AUTO
2026-07-11 19:48:48,1783799328,R_75,53202.4888,1,3.3458000000027823,BACKFILL_AUTO
2026-07-11 19:48:50,1783799330,R_75,53197.1227,-1,5.366099999999278,BACKFILL_AUTO
2026-07-11 19:48:52,1783799332,R_75,53210.1515,1,13.028800000000047,BACKFILL_AUTO
2026-07-11 19:48:54,1783799334,R_75,53212.1971,1,2.0455999999976484,BACKFILL_AUTO
2026-07-11 19:48:56,1783799336,R_75,53194.3549,-1,17.84219999999914,BACKFILL_AUTO
2026-07-11 19:48:58,1783799338,R_75,53190.517,-1,3.8378999999986263,BACKFILL_AUTO
2026-07-11 19:49:00,1783799340,R_75,53202.8537,1,12.336699999999837,BACKFILL_AUTO
2026-07-11 19:49:02,1783799342,R_75,53183.9203,-1,18.93340000000171,BACKFILL_AUTO
2026-07-11 19:49:04,1783799344,R_75,53186.2,1,2.2796999999991385,BACKFILL_AUTO
2026-07-11 19:49:06,1783799346,R_75,53199.1273,1,12.927300000003015,BACKFILL_AUTO
2026-07-11 19:49:08,1783799348,R_75,53182.1487,-1,16.97860000000219,BACKFILL_AUTO
2026-07-11 19:49:10,1783799350,R_75,53181.1369,-1,1.0118000000002212,BACKFILL_AUTO
2026-07-11 19:49:12,1783799352,R_75,53180.6661,-1,0.47079999999550637,BACKFILL_AUTO
2026-07-11 19:49:14,1783799354,R_75,53179.1703,-1,1.4958000000042375,BACKFILL_AUTO
2026-07-11 19:49:16,1783799356,R_75,53161.705,-1,17.465299999996205,BACKFILL_AUTO
2026-07-11 19:49:18,1783799358,R_75,53152.6991,-1,9.005900000003749,BACKFILL_AUTO
2026-07-11 19:49:20,1783799360,R_75,53153.6618,1,0.9627000000036787,BACKFILL_AUTO
2026-07-11 19:49:22,1783799362,R_75,53153.3918,-1,0.27000000000407454,BACKFILL_AUTO
2026-07-11 19:49:24,1783799364,R_75,53155.3357,1,1.9439000000056694,BACKFILL_AUTO
2026-07-11 19:49:26,1783799366,R_75,53143.0166,-1,12.319100000000617,BACKFILL_AUTO
2026-07-11 19:49:28,1783799368,R_75,53144.7172,1,1.7005999999964843,BACKFILL_AUTO
2026-07-11 19:49:30,1783799370,R_75,53145.5224,1,0.8052000000025146,BACKFILL_AUTO
2026-07-11 19:49:32,1783799372,R_75,53141.7554,-1,3.7669999999998254,BACKFILL_AUTO
2026-07-11 19:49:34,1783799374,R_75,53140.9799,-1,0.775500000003376,BACKFILL_AUTO
2026-07-11 19:49:36,1783799376,R_75,53157.0902,1,16.11030000000028,BACKFILL_AUTO
2026-07-11 19:49:38,1783799378,R_75,53142.4966,-1,14.593600000000151,BACKFILL_AUTO
2026-07-11 19:49:40,1783799380,R_75,53153.8307,1,11.334100000000035,BACKFILL_AUTO
2026-07-11 19:49:42,1783799382,R_75,53170.1762,1,16.345500000003085,BACKFILL_AUTO
2026-07-11 19:49:44,1783799384,R_75,53199.8016,1,29.62539999999717,BACKFILL_AUTO
2026-07-11 19:49:46,1783799386,R_75,53199.2285,-1,0.5731000000014319,BACKFILL_AUTO
2026-07-11 19:49:48,1783799388,R_75,53188.4028,-1,10.825699999993958,BACKFILL_AUTO
2026-07-11 19:49:50,1783799390,R_75,53190.0295,1,1.6266999999934342,BACKFILL_AUTO
2026-07-11 19:49:52,1783799392,R_75,53199.884,1,9.85450000000128,BACKFILL_AUTO
2026-07-11 19:49:54,1783799394,R_75,53198.9605,-1,0.9234999999971478,BACKFILL_AUTO
2026-07-11 19:49:56,1783799396,R_75,53187.0435,-1,11.91700000000128,BACKFILL_AUTO
2026-07-11 19:49:58,1783799398,R_75,53188.3169,1,1.2733999999982188,BACKFILL_AUTO
2026-07-11 19:50:00,1783799400,R_75,53188.8615,1,0.5446000000010827,BACKFILL_AUTO
2026-07-11 19:50:02,1783799402,R_75,53193.9456,1,5.084100000000035,BACKFILL_AUTO
2026-07-11 19:50:04,1783799404,R_75,53189.7077,-1,4.2379000000000815,BACKFILL_AUTO
2026-07-11 19:50:06,1783799406,R_75,53172.1022,-1,17.605499999997846,BACKFILL_AUTO
2026-07-11 19:50:08,1783799408,R_75,53168.9769,-1,3.1252999999996973,BACKFILL_AUTO
2026-07-11 19:50:10,1783799410,R_75,53169.6057,1,0.6287999999985914,BACKFILL_AUTO
2026-07-11 19:50:12,1783799412,R_75,53183.4829,1,13.877200000002631,BACKFILL_AUTO
2026-07-11 19:50:14,1783799414,R_75,53193.1086,1,9.625699999996868,BACKFILL_AUTO
2026-07-11 19:50:16,1783799416,R_75,53179.8213,-1,13.287299999996321,BACKFILL_AUTO
2026-07-11 19:50:18,1783799418,R_75,53182.795,1,2.973699999995006,BACKFILL_AUTO
2026-07-11 19:50:20,1783799420,R_75,53172.6676,-1,10.127399999997579,BACKFILL_AUTO
2026-07-11 19:50:22,1783799422,R_75,53163.8376,-1,8.830000000001746,BACKFILL_AUTO
2026-07-11 19:50:24,1783799424,R_75,53151.4556,-1,12.381999999997788,BACKFILL_AUTO
2026-07-11 19:50:26,1783799426,R_75,53154.1428,1,2.6872000000003027,BACKFILL_AUTO
2026-07-11 19:50:28,1783799428,R_75,53159.7766,1,5.633799999995972,BACKFILL_AUTO
2026-07-11 19:50:30,1783799430,R_75,53153.6714,-1,6.105199999998149,BACKFILL_AUTO
2026-07-11 19:50:32,1783799432,R_75,53154.7661,1,1.0947000000014668,BACKFILL_AUTO
2026-07-11 19:50:34,1783799434,R_75,53137.9183,-1,16.84780000000319,BACKFILL_AUTO
2026-07-11 19:50:36,1783799436,R_75,53129.3023,-1,8.615999999994528,BACKFILL_AUTO
2026-07-11 19:50:38,1783799438,R_75,53129.7368,1,0.43449999999575084,BACKFILL_AUTO
2026-07-11 19:50:40,1783799440,R_75,53122.1803,-1,7.556499999998778,BACKFILL_AUTO
2026-07-11 19:50:42,1783799442,R_75,53110.1831,-1,11.997199999997974,BACKFILL_AUTO
2026-07-11 19:50:44,1783799444,R_75,53110.4271,1,0.24399999999877764,BACKFILL_AUTO
2026-07-11 19:50:46,1783799446,R_75,53114.6688,1,4.241699999998673,BACKFILL_AUTO
2026-07-11 19:50:48,1783799448,R_75,53136.29,1,21.62120000000141,BACKFILL_AUTO
2026-07-11 19:50:50,1783799450,R_75,53120.7549,-1,15.535100000000966,BACKFILL_AUTO
2026-07-11 19:50:52,1783799452,R_75,53090.8997,-1,29.85519999999815,BACKFILL_AUTO
2026-07-11 19:50:54,1783799454,R_75,53083.9908,-1,6.908900000002177,BACKFILL_AUTO
2026-07-11 19:50:56,1783799456,R_75,53084.1037,1,0.11290000000008149,BACKFILL_AUTO
2026-07-11 19:50:58,1783799458,R_75,53104.1949,1,20.091200000002573,BACKFILL_AUTO
2026-07-11 19:51:00,1783799460,R_75,53112.4938,1,8.298899999994319,BACKFILL_AUTO
2026-07-11 19:51:02,1783799462,R_75,53106.646,-1,5.847799999995914,BACKFILL_AUTO
2026-07-11 19:51:04,1783799464,R_75,53096.5106,-1,10.135399999999208,BACKFILL_AUTO
2026-07-11 19:51:06,1783799466,R_75,53102.1841,1,5.673499999997148,BACKFILL_AUTO
2026-07-11 19:51:08,1783799468,R_75,53107.8571,1,5.673000000002503,BACKFILL_AUTO
2026-07-11 19:51:10,1783799470,R_75,53116.3764,1,8.51929999999993,BACKFILL_AUTO
2026-07-11 19:51:12,1783799472,R_75,53110.3012,-1,6.075199999999313,BACKFILL_AUTO
2026-07-11 19:51:14,1783799474,R_75,53095.1056,-1,15.195599999999104,BACKFILL_AUTO
2026-07-11 19:51:16,1783799476,R_75,53101.3099,1,6.204299999997602,BACKFILL_AUTO
2026-07-11 19:51:18,1783799478,R_75,53113.1582,1,11.848299999997835,BACKFILL_AUTO
2026-07-11 19:51:20,1783799480,R_75,53122.0422,1,8.884000000005472,BACKFILL_AUTO
2026-07-11 19:51:22,1783799482,R_75,53107.7836,-1,14.258600000001024,BACKFILL_AUTO
2026-07-11 19:51:24,1783799484,R_75,53133.1763,1,25.392699999996694,BACKFILL_AUTO
2026-07-11 19:51:26,1783799486,R_75,53137.9558,1,4.779500000004191,BACKFILL_AUTO
2026-07-11 19:51:28,1783799488,R_75,53125.8201,-1,12.135700000006182,BACKFILL_AUTO
2026-07-11 19:51:30,1783799490,R_75,53106.1513,-1,19.668799999999464,BACKFILL_AUTO
2026-07-11 19:51:32,1783799492,R_75,53090.8146,-1,15.336699999999837,BACKFILL_AUTO
2026-07-11 19:51:34,1783799494,R_75,53090.19,-1,0.6245999999955529,BACKFILL_AUTO
2026-07-11 19:51:36,1783799496,R_75,53096.6981,1,6.508099999999104,BACKFILL_AUTO
2026-07-11 19:51:38,1783799498,R_75,53113.4786,1,16.780500000000757,BACKFILL_AUTO
2026-07-11 19:51:40,1783799500,R_75,53115.644,1,2.1653999999980442,BACKFILL_AUTO
2026-07-11 19:51:42,1783799502,R_75,53107.8969,-1,7.747100000000501,BACKFILL_AUTO
2026-07-11 19:51:44,1783799504,R_75,53111.5514,1,3.654499999996915,BACKFILL_AUTO
2026-07-11 19:51:46,1783799506,R_75,53093.285,-1,18.266399999993155,BACKFILL_AUTO
2026-07-11 19:51:48,1783799508,R_75,53070.8,-1,22.485000000000582,BACKFILL_AUTO
2026-07-11 19:51:50,1783799510,R_75,53071.9865,1,1.1864999999961583,BACKFILL_AUTO
2026-07-11 19:51:52,1783799512,R_75,53073.3315,1,1.3450000000011642,BACKFILL_AUTO
2026-07-11 19:51:54,1783799514,R_75,53073.7706,1,0.43910000000323635,BACKFILL_AUTO
2026-07-11 19:51:56,1783799516,R_75,53063.4623,-1,10.308300000004238,BACKFILL_AUTO
2026-07-11 19:51:58,1783799518,R_75,53044.918,-1,18.544300000001385,BACKFILL_AUTO
2026-07-11 19:52:00,1783799520,R_75,53032.2571,-1,12.660899999995308,BACKFILL_AUTO
2026-07-11 19:52:02,1783799522,R_75,53026.4778,-1,5.779300000001967,BACKFILL_AUTO
2026-07-11 19:52:04,1783799524,R_75,53003.3339,-1,23.14390000000276,BACKFILL_AUTO
2026-07-11 19:52:06,1783799526,R_75,53000.426,-1,2.9078999999983353,BACKFILL_AUTO
2026-07-11 19:52:08,1783799528,R_75,53005.4508,1,5.024799999999232,BACKFILL_AUTO
2026-07-11 19:52:10,1783799530,R_75,53013.7628,1,8.31199999999808,BACKFILL_AUTO
2026-07-11 19:52:12,1783799532,R_75,53032.1886,1,18.42580000000453,BACKFILL_AUTO
2026-07-11 19:52:14,1783799534,R_75,53033.9901,1,1.801500000001397,BACKFILL_AUTO
2026-07-11 19:52:16,1783799536,R_75,53032.9881,-1,1.0020000000004075,BACKFILL_AUTO
2026-07-11 19:52:18,1783799538,R_75,53034.1542,1,1.1660999999949127,BACKFILL_AUTO
2026-07-11 19:52:20,1783799540,R_75,53029.1088,-1,5.045399999995425,BACKFILL_AUTO
2026-07-11 19:52:22,1783799542,R_75,53031.0373,1,1.9285000000018044,BACKFILL_AUTO
2026-07-11 19:52:24,1783799544,R_75,53030.6438,-1,0.39350000000558794,BACKFILL_AUTO
2026-07-11 19:52:26,1783799546,R_75,53034.1148,1,3.471000000005006,BACKFILL_AUTO
2026-07-11 19:52:28,1783799548,R_75,53025.2982,-1,8.816600000005565,BACKFILL_AUTO
2026-07-11 19:52:30,1783799550,R_75,53015.3006,-1,9.997599999995145,BACKFILL_AUTO
2026-07-11 19:52:32,1783799552,R_75,53021.1389,1,5.838299999995797,BACKFILL_AUTO
2026-07-11 19:52:34,1783799554,R_75,53012.8494,-1,8.289499999998952,BACKFILL_AUTO
2026-07-11 19:52:36,1783799556,R_75,53025.7962,1,12.946799999997893,BACKFILL_AUTO
2026-07-11 19:52:38,1783799558,R_75,53012.9491,-1,12.847099999999045,BACKFILL_AUTO
2026-07-11 19:52:40,1783799560,R_75,53004.0446,-1,8.904499999996915,BACKFILL_AUTO
2026-07-11 19:52:42,1783799562,R_75,53017.9002,1,13.85559999999532,BACKFILL_AUTO
2026-07-11 19:52:44,1783799564,R_75,53028.4168,1,10.516600000002654,BACKFILL_AUTO
2026-07-11 19:52:46,1783799566,R_75,53016.0989,-1,12.317900000001828,BACKFILL_AUTO
2026-07-11 19:52:48,1783799568,R_75,53019.2797,1,3.180800000001909,BACKFILL_AUTO
2026-07-11 19:52:50,1783799570,R_75,53018.0813,-1,1.1984000000011292,BACKFILL_AUTO
2026-07-11 19:52:52,1783799572,R_75,53013.6181,-1,4.463199999998324,BACKFILL_AUTO
2026-07-11 19:52:54,1783799574,R_75,53014.8372,1,1.2191000000020722,BACKFILL_AUTO
2026-07-11 19:52:56,1783799576,R_75,53001.1123,-1,13.724900000001071,BACKFILL_AUTO
2026-07-11 19:52:58,1783799578,R_75,53007.3305,1,6.218199999995704,BACKFILL_AUTO
2026-07-11 19:53:00,1783799580,R_75,53008.5587,1,1.2282000000050175,BACKFILL_AUTO
2026-07-11 19:53:02,1783799582,R_75,53003.3651,-1,5.193599999998696,BACKFILL_AUTO
2026-07-11 19:53:04,1783799584,R_75,53003.8732,1,0.5080999999991036,BACKFILL_AUTO
2026-07-11 19:53:06,1783799586,R_75,52999.0063,-1,4.866900000000896,BACKFILL_AUTO
2026-07-11 19:53:08,1783799588,R_75,53019.8433,1,20.836999999999534,BACKFILL_AUTO
2026-07-11 19:53:10,1783799590,R_75,53023.8126,1,3.9692999999970198,BACKFILL_AUTO
2026-07-11 19:53:12,1783799592,R_75,53023.7554,-1,0.05719999999564607,BACKFILL_AUTO
2026-07-11 19:53:14,1783799594,R_75,53005.9175,-1,17.837899999998626,BACKFILL_AUTO
2026-07-11 19:53:16,1783799596,R_75,52995.3919,-1,10.52560000000085,BACKFILL_AUTO
2026-07-11 19:53:18,1783799598,R_75,52989.8141,-1,5.577799999999115,BACKFILL_AUTO
2026-07-11 19:53:20,1783799600,R_75,52988.0073,-1,1.806800000005751,BACKFILL_AUTO
2026-07-11 19:53:22,1783799602,R_75,52986.8952,-1,1.1120999999984633,BACKFILL_AUTO
2026-07-11 19:53:24,1783799604,R_75,52984.7506,-1,2.1445999999996275,BACKFILL_AUTO
2026-07-11 19:53:26,1783799606,R_75,52980.5108,-1,4.239800000003015,BACKFILL_AUTO
2026-07-11 19:53:28,1783799608,R_75,52977.4255,-1,3.085299999998824,BACKFILL_AUTO
2026-07-11 19:53:30,1783799610,R_75,52969.8872,-1,7.538300000000163,BACKFILL_AUTO
2026-07-11 19:53:32,1783799612,R_75,52985.851,1,15.963800000004994,BACKFILL_AUTO
2026-07-11 19:53:34,1783799614,R_75,52985.6749,-1,0.17610000000422588,BACKFILL_AUTO
2026-07-11 19:53:36,1783799616,R_75,52971.0814,-1,14.593499999995402,BACKFILL_AUTO
2026-07-11 19:53:38,1783799618,R_75,52983.5716,1,12.490200000000186,BACKFILL_AUTO
2026-07-11 19:53:40,1783799620,R_75,52975.509,-1,8.06260000000475,BACKFILL_AUTO
2026-07-11 19:53:42,1783799622,R_75,52984.4103,1,8.901300000004994,BACKFILL_AUTO
2026-07-11 19:53:44,1783799624,R_75,52979.9563,-1,4.4540000000051805,BACKFILL_AUTO
2026-07-11 19:53:46,1783799626,R_75,52990.6354,1,10.679100000001199,BACKFILL_AUTO
2026-07-11 19:53:48,1783799628,R_75,52981.0716,-1,9.563799999996263,BACKFILL_AUTO
2026-07-11 19:53:50,1783799630,R_75,52990.0879,1,9.016299999995681,BACKFILL_AUTO
2026-07-11 19:53:52,1783799632,R_75,52991.4833,1,1.3954000000012456,BACKFILL_AUTO
2026-07-11 19:53:54,1783799634,R_75,52983.9823,-1,7.500999999996566,BACKFILL_AUTO
2026-07-11 19:53:56,1783799636,R_75,52993.5564,1,9.574099999997998,BACKFILL_AUTO
2026-07-11 19:53:58,1783799638,R_75,52988.5355,-1,5.0209000000031665,BACKFILL_AUTO
2026-07-11 19:54:00,1783799640,R_75,52995.421,1,6.885500000003958,BACKFILL_AUTO
2026-07-11 19:54:02,1783799642,R_75,52997.8101,1,2.389100000000326,BACKFILL_AUTO
2026-07-11 19:54:04,1783799644,R_75,52996.3591,-1,1.4510000000009313,BACKFILL_AUTO
2026-07-11 19:54:06,1783799646,R_75,52995.4867,-1,0.8724000000001979,BACKFILL_AUTO
2026-07-11 19:54:08,1783799648,R_75,52988.6809,-1,6.805800000001909,BACKFILL_AUTO
2026-07-11 19:54:10,1783799650,R_75,52989.7954,1,1.1145000000033178,BACKFILL_AUTO
2026-07-11 19:54:12,1783799652,R_75,53003.2262,1,13.430799999994633,BACKFILL_AUTO
2026-07-11 19:54:14,1783799654,R_75,52998.2469,-1,4.979299999999057,BACKFILL_AUTO
2026-07-11 19:54:16,1783799656,R_75,53004.2731,1,6.0262000000002445,BACKFILL_AUTO
2026-07-11 19:54:18,1783799658,R_75,53001.9105,-1,2.362600000000384,BACKFILL_AUTO
2026-07-11 19:54:20,1783799660,R_75,52989.5896,-1,12.320899999998801,BACKFILL_AUTO
2026-07-11 19:54:22,1783799662,R_75,52992.2969,1,2.707300000001851,BACKFILL_AUTO
2026-07-11 19:54:24,1783799664,R_75,52999.9294,1,7.632499999999709,BACKFILL_AUTO
2026-07-11 19:54:26,1783799666,R_75,52988.6537,-1,11.275699999998324,BACKFILL_AUTO
2026-07-11 19:54:28,1783799668,R_75,53003.1711,1,14.517399999996996,BACKFILL_AUTO
2026-07-11 19:54:30,1783799670,R_75,53018.1442,1,14.973100000002887,BACKFILL_AUTO
2026-07-11 19:54:32,1783799672,R_75,53024.7409,1,6.596699999994598,BACKFILL_AUTO
2026-07-11 19:54:34,1783799674,R_75,53037.3071,1,12.566200000001118,BACKFILL_AUTO
2026-07-11 19:54:36,1783799676,R_75,53034.7231,-1,2.583999999995285,BACKFILL_AUTO
2026-07-11 19:54:38,1783799678,R_75,53042.6688,1,7.945699999996577,BACKFILL_AUTO
2026-07-11 19:54:40,1783799680,R_75,53039.8746,-1,2.7941999999966356,BACKFILL_AUTO
2026-07-11 19:54:42,1783799682,R_75,53044.2997,1,4.425100000000384,BACKFILL_AUTO
2026-07-11 19:54:44,1783799684,R_75,53033.0763,-1,11.223400000002584,BACKFILL_AUTO
2026-07-11 19:54:46,1783799686,R_75,53029.1712,-1,3.9051000000035856,BACKFILL_AUTO
2026-07-11 19:54:48,1783799688,R_75,53033.4131,1,4.241900000000896,BACKFILL_AUTO
2026-07-11 19:54:50,1783799690,R_75,53026.2705,-1,7.14259999999922,BACKFILL_AUTO
2026-07-11 19:54:52,1783799692,R_75,53040.9164,1,14.645900000003166,BACKFILL_AUTO
2026-07-11 19:54:54,1783799694,R_75,53065.4265,1,24.51009999999951,BACKFILL_AUTO
2026-07-11 19:54:56,1783799696,R_75,53064.1111,-1,1.3153999999994994,BACKFILL_AUTO
2026-07-11 19:54:58,1783799698,R_75,53065.4866,1,1.375499999994645,BACKFILL_AUTO
2026-07-11 19:55:00,1783799700,R_75,53069.1599,1,3.6733000000022002,BACKFILL_AUTO
2026-07-11 19:55:02,1783799702,R_75,53080.6845,1,11.524600000004284,BACKFILL_AUTO
2026-07-11 19:55:04,1783799704,R_75,53072.5598,-1,8.124700000000303,BACKFILL_AUTO
2026-07-11 19:55:06,1783799706,R_75,53074.9238,1,2.363999999994121,BACKFILL_AUTO
2026-07-11 19:55:08,1783799708,R_75,53070.426,-1,4.497799999997369,BACKFILL_AUTO
2026-07-11 19:55:10,1783799710,R_75,53068.8978,-1,1.528200000000652,BACKFILL_AUTO
2026-07-11 19:55:12,1783799712,R_75,53070.2945,1,1.3967000000047847,BACKFILL_AUTO
2026-07-11 19:55:14,1783799714,R_75,53085.0666,1,14.77209999999468,BACKFILL_AUTO
2026-07-11 19:55:16,1783799716,R_75,53090.8871,1,5.82050000000163,BACKFILL_AUTO
2026-07-11 19:55:18,1783799718,R_75,53102.0986,1,11.211499999997613,BACKFILL_AUTO
2026-07-11 19:55:20,1783799720,R_75,53114.4802,1,12.381600000000617,BACKFILL_AUTO
2026-07-11 19:55:22,1783799722,R_75,53125.7398,1,11.259600000004866,BACKFILL_AUTO
2026-07-11 19:55:24,1783799724,R_75,53137.1978,1,11.45799999999872,BACKFILL_AUTO
2026-07-11 19:55:26,1783799726,R_75,53132.3019,-1,4.8959000000031665,BACKFILL_AUTO
2026-07-11 19:55:28,1783799728,R_75,53135.5933,1,3.291400000001886,BACKFILL_AUTO
2026-07-11 19:55:30,1783799730,R_75,53128.8089,-1,6.784399999996822,BACKFILL_AUTO
2026-07-11 19:55:32,1783799732,R_75,53135.8977,1,7.088799999997718,BACKFILL_AUTO
2026-07-11 19:55:34,1783799734,R_75,53122.8431,-1,13.05460000000312,BACKFILL_AUTO
2026-07-11 19:55:36,1783799736,R_75,53126.5605,1,3.717400000001362,BACKFILL_AUTO
2026-07-11 19:55:38,1783799738,R_75,53141.4065,1,14.84599999999773,BACKFILL_AUTO
2026-07-11 19:55:40,1783799740,R_75,53135.3099,-1,6.0965999999971245,BACKFILL_AUTO
2026-07-11 19:55:42,1783799742,R_75,53141.1638,1,5.853900000001886,BACKFILL_AUTO
2026-07-11 19:55:44,1783799744,R_75,53136.7793,-1,4.384500000000116,BACKFILL_AUTO
2026-07-11 19:55:46,1783799746,R_75,53145.49,1,8.710699999995995,BACKFILL_AUTO
2026-07-11 19:55:48,1783799748,R_75,53129.8482,-1,15.641799999997602,BACKFILL_AUTO
2026-07-11 19:55:50,1783799750,R_75,53139.3274,1,9.479200000001583,BACKFILL_AUTO
2026-07-11 19:55:52,1783799752,R_75,53141.8028,1,2.475399999995716,BACKFILL_AUTO
2026-07-11 19:55:54,1783799754,R_75,53130.6904,-1,11.11239999999816,BACKFILL_AUTO
2026-07-11 19:55:56,1783799756,R_75,53117.9408,-1,12.749600000002829,BACKFILL_AUTO
2026-07-11 19:55:58,1783799758,R_75,53116.1816,-1,1.7591999999931431,BACKFILL_AUTO
2026-07-11 19:56:00,1783799760,R_75,53119.7582,1,3.57659999999305,BACKFILL_AUTO
2026-07-11 19:56:02,1783799762,R_75,53112.6686,-1,7.089599999999336,BACKFILL_AUTO
2026-07-11 19:56:04,1783799764,R_75,53118.8759,1,6.207300000001851,BACKFILL_AUTO
2026-07-11 19:56:06,1783799766,R_75,53123.5205,1,4.6445999999996275,BACKFILL_AUTO
2026-07-11 19:56:08,1783799768,R_75,53130.9748,1,7.454300000004878,BACKFILL_AUTO
2026-07-11 19:56:10,1783799770,R_75,53132.8979,1,1.9230999999999767,BACKFILL_AUTO
2026-07-11 19:56:12,1783799772,R_75,53143.1677,1,10.269799999994575,BACKFILL_AUTO
2026-07-11 19:56:14,1783799774,R_75,53131.4284,-1,11.739300000001094,BACKFILL_AUTO
2026-07-11 19:56:16,1783799776,R_75,53138.9528,1,7.5244000000020606,BACKFILL_AUTO
2026-07-11 19:56:18,1783799778,R_75,53145.456,1,6.503199999999197,BACKFILL_AUTO
2026-07-11 19:56:20,1783799780,R_75,53143.4837,-1,1.972300000001269,BACKFILL_AUTO
2026-07-11 19:56:22,1783799782,R_75,53155.5767,1,12.093000000000757,BACKFILL_AUTO
2026-07-11 19:56:24,1783799784,R_75,53148.5945,-1,6.9821999999985565,BACKFILL_AUTO
2026-07-11 19:56:26,1783799786,R_75,53133.9465,-1,14.648000000001048,BACKFILL_AUTO
2026-07-11 19:56:28,1783799788,R_75,53146.1703,1,12.223799999999756,BACKFILL_AUTO
2026-07-11 19:56:30,1783799790,R_75,53135.6118,-1,10.558499999999185,BACKFILL_AUTO
2026-07-11 19:56:32,1783799792,R_75,53128.8912,-1,6.720600000000559,BACKFILL_AUTO
2026-07-11 19:56:34,1783799794,R_75,53131.2626,1,2.371400000003632,BACKFILL_AUTO
2026-07-11 19:56:36,1783799796,R_75,53122.2586,-1,9.004000000000815,BACKFILL_AUTO
2026-07-11 19:56:38,1783799798,R_75,53131.1078,1,8.849199999996927,BACKFILL_AUTO
2026-07-11 19:56:40,1783799800,R_75,53142.7466,1,11.638800000000629,BACKFILL_AUTO
2026-07-11 19:56:42,1783799802,R_75,53157.711,1,14.964400000004389,BACKFILL_AUTO
2026-07-11 19:56:44,1783799804,R_75,53145.2023,-1,12.508700000005774,BACKFILL_AUTO
2026-07-11 19:56:46,1783799806,R_75,53163.1561,1,17.953800000002957,BACKFILL_AUTO
2026-07-11 19:56:48,1783799808,R_75,53163.1642,1,0.008099999999103602,BACKFILL_AUTO
2026-07-11 19:56:50,1783799810,R_75,53178.6311,1,15.466899999999441,BACKFILL_AUTO
2026-07-11 19:56:52,1783799812,R_75,53181.924,1,3.2929000000003725,BACKFILL_AUTO
2026-07-11 19:56:54,1783799814,R_75,53175.3424,-1,6.581599999997707,BACKFILL_AUTO
2026-07-11 19:56:56,1783799816,R_75,53175.3148,-1,0.027600000001257285,BACKFILL_AUTO
2026-07-11 19:56:58,1783799818,R_75,53156.1441,-1,19.170700000002398,BACKFILL_AUTO
2026-07-11 19:57:00,1783799820,R_75,53157.81,1,1.665899999999965,BACKFILL_AUTO
2026-07-11 19:57:02,1783799822,R_75,53148.0576,-1,9.752399999997579,BACKFILL_AUTO
2026-07-11 19:57:04,1783799824,R_75,53160.9454,1,12.887799999996787,BACKFILL_AUTO
2026-07-11 19:57:06,1783799826,R_75,53160.0687,-1,0.8766999999934342,BACKFILL_AUTO
2026-07-11 19:57:08,1783799828,R_75,53164.6203,1,4.551599999998871,BACKFILL_AUTO
2026-07-11 19:57:10,1783799830,R_75,53166.1968,1,1.5764999999955762,BACKFILL_AUTO
2026-07-11 19:57:12,1783799832,R_75,53152.4426,-1,13.754199999995762,BACKFILL_AUTO
2026-07-11 19:57:14,1783799834,R_75,53148.0711,-1,4.371500000001106,BACKFILL_AUTO
2026-07-11 19:57:16,1783799836,R_75,53154.6143,1,6.54320000000007,BACKFILL_AUTO
2026-07-11 19:57:18,1783799838,R_75,53153.9711,-1,0.6431999999986147,BACKFILL_AUTO
2026-07-11 19:57:20,1783799840,R_75,53137.5309,-1,16.440200000004552,BACKFILL_AUTO
2026-07-11 19:57:22,1783799842,R_75,53145.866,1,8.335100000003877,BACKFILL_AUTO
2026-07-11 19:57:24,1783799844,R_75,53153.5265,1,7.660499999998137,BACKFILL_AUTO
2026-07-11 19:57:26,1783799846,R_75,53165.532,1,12.005499999999302,BACKFILL_AUTO
2026-07-11 19:57:28,1783799848,R_75,53167.4919,1,1.959900000001653,BACKFILL_AUTO
2026-07-11 19:57:30,1783799850,R_75,53167.789,1,0.297099999996135,BACKFILL_AUTO
2026-07-11 19:57:32,1783799852,R_75,53183.8372,1,16.048200000004726,BACKFILL_AUTO
2026-07-11 19:57:34,1783799854,R_75,53183.814,-1,0.02320000000327127,BACKFILL_AUTO
2026-07-11 19:57:36,1783799856,R_75,53186.5474,1,2.7334000000046217,BACKFILL_AUTO
2026-07-11 19:57:38,1783799858,R_75,53199.6052,1,13.05779999999504,BACKFILL_AUTO
2026-07-11 19:57:40,1783799860,R_75,53209.2078,1,9.602599999998347,BACKFILL_AUTO
2026-07-11 19:57:42,1783799862,R_75,53215.4669,1,6.259100000002945,BACKFILL_AUTO
2026-07-11 19:57:44,1783799864,R_75,53233.2205,1,17.753600000003644,BACKFILL_AUTO
2026-07-11 19:57:46,1783799866,R_75,53233.3358,1,0.11529999999766005,BACKFILL_AUTO
2026-07-11 19:57:48,1783799868,R_75,53239.7202,1,6.384400000002643,BACKFILL_AUTO
2026-07-11 19:57:50,1783799870,R_75,53246.2549,1,6.534699999996519,BACKFILL_AUTO
2026-07-11 19:57:52,1783799872,R_75,53246.9067,1,0.6517999999996391,BACKFILL_AUTO
2026-07-11 19:57:54,1783799874,R_75,53233.8894,-1,13.017299999999523,BACKFILL_AUTO
2026-07-11 19:57:56,1783799876,R_75,53227.3007,-1,6.5887000000002445,BACKFILL_AUTO
2026-07-11 19:57:58,1783799878,R_75,53239.6694,1,12.36869999999908,BACKFILL_AUTO
2026-07-11 19:58:00,1783799880,R_75,53235.9592,-1,3.7102000000013504,BACKFILL_AUTO
2026-07-11 19:58:02,1783799882,R_75,53243.5839,1,7.624700000000303,BACKFILL_AUTO
2026-07-11 19:58:04,1783799884,R_75,53256.5449,1,12.961000000002969,BACKFILL_AUTO
2026-07-11 19:58:06,1783799886,R_75,53260.098,1,3.5530999999973574,BACKFILL_AUTO
2026-07-11 19:58:08,1783799888,R_75,53257.9948,-1,2.1031999999977415,BACKFILL_AUTO
2026-07-11 19:58:10,1783799890,R_75,53260.1428,1,2.1480000000010477,BACKFILL_AUTO
2026-07-11 19:58:12,1783799892,R_75,53243.2097,-1,16.933100000002014,BACKFILL_AUTO
2026-07-11 19:58:14,1783799894,R_75,53237.7958,-1,5.413899999999558,BACKFILL_AUTO
2026-07-11 19:58:16,1783799896,R_75,53243.8802,1,6.084399999999732,BACKFILL_AUTO
2026-07-11 19:58:18,1783799898,R_75,53248.8961,1,5.01589999999851,BACKFILL_AUTO
2026-07-11 19:58:20,1783799900,R_75,53260.2089,1,11.312799999999697,BACKFILL_AUTO
2026-07-11 19:58:22,1783799902,R_75,53258.4511,-1,1.7577999999994063,BACKFILL_AUTO
2026-07-11 19:58:24,1783799904,R_75,53260.4288,1,1.9777000000030966,BACKFILL_AUTO
2026-07-11 19:58:26,1783799906,R_75,53266.6416,1,6.2128000000011525,BACKFILL_AUTO
2026-07-11 19:58:28,1783799908,R_75,53257.2813,-1,9.36030000000028,BACKFILL_AUTO
2026-07-11 19:58:30,1783799910,R_75,53246.5011,-1,10.78020000000106,BACKFILL_AUTO
2026-07-11 19:58:32,1783799912,R_75,53255.3382,1,8.837099999997008,BACKFILL_AUTO
2026-07-11 19:58:34,1783799914,R_75,53262.2671,1,6.9288999999989755,BACKFILL_AUTO
2026-07-11 19:58:36,1783799916,R_75,53251.3829,-1,10.884200000000419,BACKFILL_AUTO
2026-07-11 19:58:38,1783799918,R_75,53250.7035,-1,0.6793999999936204,BACKFILL_AUTO
2026-07-11 19:58:40,1783799920,R_75,53264.7638,1,14.060299999997369,BACKFILL_AUTO
2026-07-11 19:58:42,1783799922,R_75,53242.7126,-1,22.0512000000017,BACKFILL_AUTO
2026-07-11 19:58:44,1783799924,R_75,53237.7037,-1,5.008900000000722,BACKFILL_AUTO
2026-07-11 19:58:46,1783799926,R_75,53224.4475,-1,13.25619999999617,BACKFILL_AUTO
2026-07-11 19:58:48,1783799928,R_75,53223.7105,-1,0.7370000000009895,BACKFILL_AUTO
2026-07-11 19:58:50,1783799930,R_75,53218.05,-1,5.660499999998137,BACKFILL_AUTO
2026-07-11 19:58:52,1783799932,R_75,53226.6756,1,8.625599999999395,BACKFILL_AUTO
2026-07-11 19:58:54,1783799934,R_75,53244.9547,1,18.279099999999744,BACKFILL_AUTO
2026-07-11 19:58:56,1783799936,R_75,53228.3354,-1,16.619299999998475,BACKFILL_AUTO
2026-07-11 19:58:58,1783799938,R_75,53226.6246,-1,1.710800000000745,BACKFILL_AUTO
2026-07-11 19:59:00,1783799940,R_75,53196.9497,-1,29.674900000005437,BACKFILL_AUTO
2026-07-11 19:59:02,1783799942,R_75,53193.0369,-1,3.912799999998242,BACKFILL_AUTO
2026-07-11 19:59:04,1783799944,R_75,53193.6103,1,0.5734000000011292,BACKFILL_AUTO
2026-07-11 19:59:06,1783799946,R_75,53174.9799,-1,18.630400000001828,BACKFILL_AUTO
2026-07-11 19:59:08,1783799948,R_75,53160.8848,-1,14.095099999998638,BACKFILL_AUTO
2026-07-11 19:59:10,1783799950,R_75,53179.8854,1,19.000599999999395,BACKFILL_AUTO
2026-07-11 19:59:12,1783799952,R_75,53191.7299,1,11.844499999999243,BACKFILL_AUTO
2026-07-11 19:59:14,1783799954,R_75,53192.7082,1,0.9783000000024913,BACKFILL_AUTO
2026-07-11 19:59:16,1783799956,R_75,53185.6787,-1,7.029500000004191,BACKFILL_AUTO
2026-07-11 19:59:18,1783799958,R_75,53202.1095,1,16.43080000000191,BACKFILL_AUTO
2026-07-11 19:59:20,1783799960,R_75,53191.9584,-1,10.151099999995495,BACKFILL_AUTO
2026-07-11 19:59:22,1783799962,R_75,53181.9918,-1,9.966599999999744,BACKFILL_AUTO
2026-07-11 19:59:24,1783799964,R_75,53180.6401,-1,1.351700000006531,BACKFILL_AUTO
2026-07-11 19:59:26,1783799966,R_75,53180.8765,1,0.2364000000015949,BACKFILL_AUTO
2026-07-11 19:59:28,1783799968,R_75,53184.3489,1,3.4723999999987427,BACKFILL_AUTO
2026-07-11 19:59:30,1783799970,R_75,53160.307,-1,24.04189999999653,BACKFILL_AUTO
2026-07-11 19:59:32,1783799972,R_75,53134.7367,-1,25.570299999999406,BACKFILL_AUTO
2026-07-11 19:59:34,1783799974,R_75,53147.5435,1,12.806799999998475,BACKFILL_AUTO
2026-07-11 19:59:36,1783799976,R_75,53138.9162,-1,8.627300000000105,BACKFILL_AUTO
2026-07-11 19:59:38,1783799978,R_75,53121.54,-1,17.37619999999879,BACKFILL_AUTO
2026-07-11 19:59:40,1783799980,R_75,53116.1689,-1,5.371100000003935,BACKFILL_AUTO
2026-07-11 19:59:42,1783799982,R_75,53114.9188,-1,1.2500999999974738,BACKFILL_AUTO
2026-07-11 19:59:44,1783799984,R_75,53109.5673,-1,5.351499999997031,BACKFILL_AUTO
2026-07-11 19:59:46,1783799986,R_75,53107.2781,-1,2.289199999999255,BACKFILL_AUTO
2026-07-11 19:59:48,1783799988,R_75,53115.0016,1,7.723500000000058,BACKFILL_AUTO
2026-07-11 19:59:50,1783799990,R_75,53110.3961,-1,4.605500000005122,BACKFILL_AUTO
2026-07-11 19:59:52,1783799992,R_75,53086.7186,-1,23.677499999997963,BACKFILL_AUTO
2026-07-11 19:59:54,1783799994,R_75,53075.4539,-1,11.26469999999972,BACKFILL_AUTO
2026-07-11 19:59:56,1783799996,R_75,53068.5147,-1,6.93920000000071,BACKFILL_AUTO
2026-07-11 19:59:58,1783799998,R_75,53069.8274,1,1.3127000000022235,BACKFILL_AUTO
2026-07-11 20:00:00,1783800000,R_75,53082.6038,1,12.776399999995192,BACKFILL_AUTO
2026-07-11 20:00:02,1783800002,R_75,53105.9704,1,23.3666000000012,BACKFILL_AUTO
2026-07-11 20:00:04,1783800004,R_75,53099.3308,-1,6.639599999994971,BACKFILL_AUTO
2026-07-11 20:00:06,1783800006,R_75,53106.5427,1,7.211899999994785,BACKFILL_AUTO
2026-07-11 20:00:08,1783800008,R_75,53098.4328,-1,8.109899999995832,BACKFILL_AUTO
2026-07-11 20:00:10,1783800010,R_75,53109.6506,1,11.217799999998533,BACKFILL_AUTO
2026-07-11 20:00:12,1783800012,R_75,53104.4275,-1,5.223100000002887,BACKFILL_AUTO
2026-07-11 20:00:14,1783800014,R_75,53101.9491,-1,2.478399999999965,BACKFILL_AUTO
2026-07-11 20:00:16,1783800016,R_75,53102.0428,1,0.09370000000490109,BACKFILL_AUTO
2026-07-11 20:00:18,1783800018,R_75,53108.7917,1,6.7488999999986845,BACKFILL_AUTO
2026-07-11 20:00:20,1783800020,R_75,53094.3887,-1,14.402999999998428,BACKFILL_AUTO
2026-07-11 20:00:22,1783800022,R_75,53078.1336,-1,16.25510000000213,BACKFILL_AUTO
2026-07-11 20:00:24,1783800024,R_75,53088.6973,1,10.56369999999879,BACKFILL_AUTO
2026-07-11 20:00:26,1783800026,R_75,53076.8586,-1,11.838700000000244,BACKFILL_AUTO
2026-07-11 20:00:28,1783800028,R_75,53080.1099,1,3.251300000003539,BACKFILL_AUTO
2026-07-11 20:00:30,1783800030,R_75,53078.7361,-1,1.3738000000012107,BACKFILL_AUTO
2026-07-11 20:00:32,1783800032,R_75,53058.1428,-1,20.593300000000454,BACKFILL_AUTO
2026-07-11 20:00:34,1783800034,R_75,53056.0187,-1,2.124100000000908,BACKFILL_AUTO
2026-07-11 20:00:36,1783800036,R_75,53061.4489,1,5.430200000002515,BACKFILL_AUTO
2026-07-11 20:00:38,1783800038,R_75,53056.1287,-1,5.3202000000019325,BACKFILL_AUTO
2026-07-11 20:00:40,1783800040,R_75,53059.0928,1,2.9640999999974156,BACKFILL_AUTO
2026-07-11 20:00:42,1783800042,R_75,53058.0285,-1,1.064299999998184,BACKFILL_AUTO
2026-07-11 20:00:44,1783800044,R_75,53060.5986,1,2.5700999999971827,BACKFILL_AUTO
2026-07-11 20:00:46,1783800046,R_75,53071.6603,1,11.061700000005658,BACKFILL_AUTO
2026-07-11 20:00:48,1783800048,R_75,53060.3657,-1,11.294600000001083,BACKFILL_AUTO
2026-07-11 20:00:50,1783800050,R_75,53065.8692,1,5.503499999998894,BACKFILL_AUTO
2026-07-11 20:00:52,1783800052,R_75,53072.4062,1,6.536999999996624,BACKFILL_AUTO
2026-07-11 20:00:54,1783800054,R_75,53068.5459,-1,3.8603000000002794,BACKFILL_AUTO
2026-07-11 20:00:56,1783800056,R_75,53065.5373,-1,3.0085999999937485,BACKFILL_AUTO
2026-07-11 20:00:58,1783800058,R_75,53050.4429,-1,15.09440000000177,BACKFILL_AUTO
2026-07-11 20:01:00,1783800060,R_75,53048.8533,-1,1.5895999999993364,BACKFILL_AUTO
2026-07-11 20:01:02,1783800062,R_75,53071.6843,1,22.830999999998312,BACKFILL_AUTO
2026-07-11 20:01:04,1783800064,R_75,53069.8364,-1,1.8479000000006636,BACKFILL_AUTO
2026-07-11 20:01:06,1783800066,R_75,53065.4188,-1,4.417600000000675,BACKFILL_AUTO
2026-07-11 20:01:08,1783800068,R_75,53076.5993,1,11.180500000002212,BACKFILL_AUTO
2026-07-11 20:01:10,1783800070,R_75,53073.289,-1,3.310300000004645,BACKFILL_AUTO
2026-07-11 20:01:12,1783800072,R_75,53071.5577,-1,1.7312999999994645,BACKFILL_AUTO
2026-07-11 20:01:14,1783800074,R_75,53064.5809,-1,6.976799999996729,BACKFILL_AUTO
2026-07-11 20:01:16,1783800076,R_75,53074.3667,1,9.785799999997835,BACKFILL_AUTO
2026-07-11 20:01:18,1783800078,R_75,53071.2539,-1,3.1127999999953317,BACKFILL_AUTO
2026-07-11 20:01:20,1783800080,R_75,53086.6769,1,15.422999999995227,BACKFILL_AUTO
2026-07-11 20:01:22,1783800082,R_75,53084.9609,-1,1.7160000000003492,BACKFILL_AUTO
2026-07-11 20:01:24,1783800084,R_75,53074.3415,-1,10.619399999995949,BACKFILL_AUTO
2026-07-11 20:01:26,1783800086,R_75,53074.3362,-1,0.005300000004353933,BACKFILL_AUTO
2026-07-11 20:01:28,1783800088,R_75,53076.7291,1,2.3928999999989173,BACKFILL_AUTO
2026-07-11 20:01:30,1783800090,R_75,53078.6723,1,1.943200000001525,BACKFILL_AUTO
2026-07-11 20:01:32,1783800092,R_75,53088.2878,1,9.615499999999884,BACKFILL_AUTO
2026-07-11 20:01:34,1783800094,R_75,53081.08,-1,7.207799999996496,BACKFILL_AUTO
2026-07-11 20:01:36,1783800096,R_75,53072.6533,-1,8.42670000000362,BACKFILL_AUTO
2026-07-11 20:01:38,1783800098,R_75,53055.4509,-1,17.202399999994668,BACKFILL_AUTO
2026-07-11 20:01:40,1783800100,R_75,53053.8506,-1,1.600300000005518,BACKFILL_AUTO
2026-07-11 20:01:42,1783800102,R_75,53049.3041,-1,4.54649999999674,BACKFILL_AUTO
2026-07-11 20:01:44,1783800104,R_75,53058.0059,1,8.701799999995274,BACKFILL_AUTO
2026-07-11 20:01:46,1783800106,R_75,53056.5099,-1,1.495999999999185,BACKFILL_AUTO
2026-07-11 20:01:48,1783800108,R_75,53058.4082,1,1.898300000000745,BACKFILL_AUTO
2026-07-11 20:01:50,1783800110,R_75,53056.8942,-1,1.5139999999955762,BACKFILL_AUTO
2026-07-11 20:01:52,1783800112,R_75,53039.9839,-1,16.91030000000319,BACKFILL_AUTO
2026-07-11 20:01:54,1783800114,R_75,53042.9605,1,2.976600000001781,BACKFILL_AUTO
2026-07-11 20:01:56,1783800116,R_75,53020.4195,-1,22.54099999999744,BACKFILL_AUTO
2026-07-11 20:01:58,1783800118,R_75,53016.0413,-1,4.378200000006473,BACKFILL_AUTO
2026-07-11 20:02:00,1783800120,R_75,53014.3749,-1,1.66639999999461,BACKFILL_AUTO
2026-07-11 20:02:02,1783800122,R_75,53023.9246,1,9.549699999995937,BACKFILL_AUTO
2026-07-11 20:02:04,1783800124,R_75,53020.8949,-1,3.0296999999991385,BACKFILL_AUTO
2026-07-11 20:02:06,1783800126,R_75,53018.3677,-1,2.52719999999681,BACKFILL_AUTO
2026-07-11 20:02:08,1783800128,R_75,53038.4608,1,20.09309999999823,BACKFILL_AUTO
2026-07-11 20:02:10,1783800130,R_75,53043.1358,1,4.674999999995634,BACKFILL_AUTO
2026-07-11 20:02:12,1783800132,R_75,53038.9333,-1,4.202499999999418,BACKFILL_AUTO
2026-07-11 20:02:14,1783800134,R_75,53038.9786,1,0.04530000000522705,BACKFILL_AUTO
2026-07-11 20:02:16,1783800136,R_75,53041.1288,1,2.1501999999964028,BACKFILL_AUTO
2026-07-11 20:02:18,1783800138,R_75,53032.8753,-1,8.253499999998894,BACKFILL_AUTO
2026-07-11 20:02:20,1783800140,R_75,53034.8975,1,2.0221999999994296,BACKFILL_AUTO
2026-07-11 20:02:22,1783800142,R_75,53026.1488,-1,8.748699999996461,BACKFILL_AUTO
2026-07-11 20:02:24,1783800144,R_75,53030.7188,1,4.569999999999709,BACKFILL_AUTO
2026-07-11 20:02:26,1783800146,R_75,53042.6494,1,11.930599999999686,BACKFILL_AUTO
2026-07-11 20:02:28,1783800148,R_75,53049.3511,1,6.7016999999978,BACKFILL_AUTO
2026-07-11 20:02:30,1783800150,R_75,53050.5446,1,1.1935000000012224,BACKFILL_AUTO
2026-07-11 20:02:32,1783800152,R_75,53047.7736,-1,2.7710000000006403,BACKFILL_AUTO
2026-07-11 20:02:34,1783800154,R_75,53046.4077,-1,1.3658999999970547,BACKFILL_AUTO
2026-07-11 20:02:36,1783800156,R_75,53043.7063,-1,2.7014000000053784,BACKFILL_AUTO
2026-07-11 20:02:38,1783800158,R_75,53043.5687,-1,0.1375999999945634,BACKFILL_AUTO
2026-07-11 20:02:40,1783800160,R_75,53035.7059,-1,7.862800000002608,BACKFILL_AUTO
2026-07-11 20:02:42,1783800162,R_75,53026.9712,-1,8.734700000000885,BACKFILL_AUTO
2026-07-11 20:02:44,1783800164,R_75,53022.548,-1,4.4231999999974505,BACKFILL_AUTO
2026-07-11 20:02:46,1783800166,R_75,53021.1003,-1,1.4477000000042608,BACKFILL_AUTO
2026-07-11 20:02:48,1783800168,R_75,53019.1282,-1,1.9720999999990454,BACKFILL_AUTO
2026-07-11 20:02:50,1783800170,R_75,53024.2642,1,5.135999999998603,BACKFILL_AUTO
2026-07-11 20:02:52,1783800172,R_75,53027.0519,1,2.7877000000007683,BACKFILL_AUTO
2026-07-11 20:02:54,1783800174,R_75,53023.1541,-1,3.897799999998824,BACKFILL_AUTO
2026-07-11 20:02:56,1783800176,R_75,53030.5616,1,7.407500000001164,BACKFILL_AUTO
2026-07-11 20:02:58,1783800178,R_75,53046.3208,1,15.759200000000419,BACKFILL_AUTO
2026-07-11 20:03:00,1783800180,R_75,53043.6315,-1,2.689299999998184,BACKFILL_AUTO
2026-07-11 20:03:02,1783800182,R_75,53045.0382,1,1.406699999999546,BACKFILL_AUTO
2026-07-11 20:03:04,1783800184,R_75,53049.4658,1,4.4275999999954365,BACKFILL_AUTO
2026-07-11 20:03:06,1783800186,R_75,53070.2679,1,20.80210000000079,BACKFILL_AUTO
2026-07-11 20:03:08,1783800188,R_75,53067.7265,-1,2.541400000001886,BACKFILL_AUTO
2026-07-11 20:03:10,1783800190,R_75,53060.0806,-1,7.6458999999958905,BACKFILL_AUTO
2026-07-11 20:03:12,1783800192,R_75,53055.9747,-1,4.105900000002293,BACKFILL_AUTO
2026-07-11 20:03:14,1783800194,R_75,53058.1302,1,2.1555000000007567,BACKFILL_AUTO
2026-07-11 20:03:16,1783800196,R_75,53043.7709,-1,14.359299999996438,BACKFILL_AUTO
2026-07-11 20:03:18,1783800198,R_75,53024.675,-1,19.095900000000256,BACKFILL_AUTO
2026-07-11 20:03:20,1783800200,R_75,53027.048,1,2.3729999999995925,BACKFILL_AUTO
2026-07-11 20:03:22,1783800202,R_75,53031.3125,1,4.264499999997497,BACKFILL_AUTO
2026-07-11 20:03:24,1783800204,R_75,53027.0761,-1,4.236400000001595,BACKFILL_AUTO
2026-07-11 20:03:26,1783800206,R_75,53025.5344,-1,1.5417000000015832,BACKFILL_AUTO
2026-07-11 20:03:28,1783800208,R_75,53025.837,1,0.3026000000027125,BACKFILL_AUTO
2026-07-11 20:03:30,1783800210,R_75,53042.5678,1,16.730799999997544,BACKFILL_AUTO
2026-07-11 20:03:32,1783800212,R_75,53041.0983,-1,1.4694999999992433,BACKFILL_AUTO
2026-07-11 20:03:34,1783800214,R_75,53045.6376,1,4.539300000004005,BACKFILL_AUTO
2026-07-11 20:03:36,1783800216,R_75,53034.5175,-1,11.120100000000093,BACKFILL_AUTO
2026-07-11 20:03:38,1783800218,R_75,53037.5613,1,3.0437999999994645,BACKFILL_AUTO
2026-07-11 20:03:40,1783800220,R_75,53031.462,-1,6.099300000001676,BACKFILL_AUTO
2026-07-11 20:03:42,1783800222,R_75,53026.1969,-1,5.265099999996892,BACKFILL_AUTO
2026-07-11 20:03:44,1783800224,R_75,53034.191,1,7.994099999996251,BACKFILL_AUTO
2026-07-11 20:03:46,1783800226,R_75,53025.5423,-1,8.648699999997916,BACKFILL_AUTO
2026-07-11 20:03:48,1783800228,R_75,53004.9582,-1,20.584100000000035,BACKFILL_AUTO
2026-07-11 20:03:50,1783800230,R_75,53007.3015,1,2.343300000000454,BACKFILL_AUTO
2026-07-11 20:03:52,1783800232,R_75,53005.0404,-1,2.2611000000033528,BACKFILL_AUTO
2026-07-11 20:03:54,1783800234,R_75,53018.3371,1,13.296699999998964,BACKFILL_AUTO
2026-07-11 20:03:56,1783800236,R_75,53010.4228,-1,7.914299999996729,BACKFILL_AUTO
2026-07-11 20:03:58,1783800238,R_75,53017.0545,1,6.631699999998091,BACKFILL_AUTO
2026-07-11 20:04:00,1783800240,R_75,53019.9871,1,2.932600000000093,BACKFILL_AUTO
2026-07-11 20:04:02,1783800242,R_75,52997.7548,-1,22.23229999999603,BACKFILL_AUTO
2026-07-11 20:04:04,1783800244,R_75,53004.2562,1,6.501400000001013,BACKFILL_AUTO
2026-07-11 20:04:06,1783800246,R_75,53010.7922,1,6.536000000000058,BACKFILL_AUTO
2026-07-11 20:04:08,1783800248,R_75,53018.337,1,7.54479999999603,BACKFILL_AUTO
2026-07-11 20:04:10,1783800250,R_75,53031.9762,1,13.6391999999978,BACKFILL_AUTO
2026-07-11 20:04:12,1783800252,R_75,53013.887,-1,18.08919999999489,BACKFILL_AUTO
2026-07-11 20:04:14,1783800254,R_75,53020.2915,1,6.404499999996915,BACKFILL_AUTO
2026-07-11 20:04:16,1783800256,R_75,53022.2905,1,1.9990000000034343,BACKFILL_AUTO
2026-07-11 20:04:18,1783800258,R_75,53023.5922,1,1.3016999999963446,BACKFILL_AUTO
2026-07-11 20:04:20,1783800260,R_75,53024.8731,1,1.2808999999979278,BACKFILL_AUTO
2026-07-11 20:04:22,1783800262,R_75,53036.1621,1,11.289000000004307,BACKFILL_AUTO
2026-07-11 20:04:24,1783800264,R_75,53028.6891,-1,7.472999999998137,BACKFILL_AUTO
2026-07-11 20:04:26,1783800266,R_75,53044.9105,1,16.2213999999949,BACKFILL_AUTO
2026-07-11 20:04:28,1783800268,R_75,53047.7506,1,2.8401000000012573,BACKFILL_AUTO
2026-07-11 20:04:30,1783800270,R_75,53041.2942,-1,6.456400000002759,BACKFILL_AUTO
2026-07-11 20:04:32,1783800272,R_75,53048.1518,1,6.8576000000030035,BACKFILL_AUTO
2026-07-11 20:04:34,1783800274,R_75,53048.0992,-1,0.05260000000271248,BACKFILL_AUTO
2026-07-11 20:04:36,1783800276,R_75,53052.3748,1,4.27560000000085,BACKFILL_AUTO
2026-07-11 20:04:38,1783800278,R_75,53050.8408,-1,1.5339999999996508,BACKFILL_AUTO
2026-07-11 20:04:40,1783800280,R_75,53060.6807,1,9.839899999999034,BACKFILL_AUTO
2026-07-11 20:04:42,1783800282,R_75,53075.7778,1,15.097100000006321,BACKFILL_AUTO
2026-07-11 20:04:44,1783800284,R_75,53073.1999,-1,2.577900000003865,BACKFILL_AUTO
2026-07-11 20:04:46,1783800286,R_75,53062.2955,-1,10.904399999999441,BACKFILL_AUTO
2026-07-11 20:04:48,1783800288,R_75,53045.0882,-1,17.20730000000185,BACKFILL_AUTO
2026-07-11 20:04:50,1783800290,R_75,53047.9326,1,2.8444000000017695,BACKFILL_AUTO
2026-07-11 20:04:52,1783800292,R_75,53045.2491,-1,2.683499999999185,BACKFILL_AUTO
2026-07-11 20:04:54,1783800294,R_75,53041.4305,-1,3.818599999998696,BACKFILL_AUTO
2026-07-11 20:04:56,1783800296,R_75,53035.8501,-1,5.580399999998917,BACKFILL_AUTO
2026-07-11 20:04:58,1783800298,R_75,53018.1837,-1,17.666400000001886,BACKFILL_AUTO
2026-07-11 20:05:00,1783800300,R_75,53031.522,1,13.338299999995797,BACKFILL_AUTO
2026-07-11 20:05:02,1783800302,R_75,53045.977,1,14.455000000001746,BACKFILL_AUTO
2026-07-11 20:05:04,1783800304,R_75,53056.4064,1,10.429400000000896,BACKFILL_AUTO
2026-07-11 20:05:06,1783800306,R_75,53071.6811,1,15.274700000001758,BACKFILL_AUTO
2026-07-11 20:05:08,1783800308,R_75,53073.3948,1,1.7137000000002445,BACKFILL_AUTO
2026-07-11 20:05:10,1783800310,R_75,53075.1679,1,1.7730999999985215,BACKFILL_AUTO
2026-07-11 20:05:12,1783800312,R_75,53058.7829,-1,16.385000000002037,BACKFILL_AUTO
2026-07-11 20:05:14,1783800314,R_75,53064.1235,1,5.340600000003178,BACKFILL_AUTO
2026-07-11 20:05:16,1783800316,R_75,53067.4929,1,3.3693999999959487,BACKFILL_AUTO
2026-07-11 20:05:18,1783800318,R_75,53062.1285,-1,5.364399999998568,BACKFILL_AUTO
2026-07-11 20:05:20,1783800320,R_75,53061.6211,-1,0.5074000000022352,BACKFILL_AUTO
2026-07-11 20:05:22,1783800322,R_75,53072.4997,1,10.878600000003644,BACKFILL_AUTO
2026-07-11 20:05:24,1783800324,R_75,53069.165,-1,3.3346999999994296,BACKFILL_AUTO
2026-07-11 20:05:26,1783800326,R_75,53065.7661,-1,3.3989000000001397,BACKFILL_AUTO
2026-07-11 20:05:28,1783800328,R_75,53071.3992,1,5.633099999999104,BACKFILL_AUTO
2026-07-11 20:05:30,1783800330,R_75,53071.0244,-1,0.37479999999777647,BACKFILL_AUTO
2026-07-11 20:05:32,1783800332,R_75,53076.5824,1,5.557999999997264,BACKFILL_AUTO
2026-07-11 20:05:34,1783800334,R_75,53064.5672,-1,12.015200000001641,BACKFILL_AUTO
2026-07-11 20:05:36,1783800336,R_75,53052.1579,-1,12.409299999999348,BACKFILL_AUTO
2026-07-11 20:05:38,1783800338,R_75,53042.7045,-1,9.45339999999851,BACKFILL_AUTO
2026-07-11 20:05:40,1783800340,R_75,53045.0957,1,2.391199999998207,BACKFILL_AUTO
2026-07-11 20:05:42,1783800342,R_75,53048.9968,1,3.9011000000027707,BACKFILL_AUTO
2026-07-11 20:05:44,1783800344,R_75,53041.4551,-1,7.541700000001583,BACKFILL_AUTO
2026-07-11 20:05:46,1783800346,R_75,53022.2098,-1,19.245300000002317,BACKFILL_AUTO
2026-07-11 20:05:48,1783800348,R_75,53028.8951,1,6.685300000004645,BACKFILL_AUTO
2026-07-11 20:05:50,1783800350,R_75,53042.7498,1,13.854699999996228,BACKFILL_AUTO
2026-07-11 20:05:52,1783800352,R_75,53048.7435,1,5.99369999999908,BACKFILL_AUTO
2026-07-11 20:05:54,1783800354,R_75,53062.8377,1,14.094199999999546,BACKFILL_AUTO
2026-07-11 20:05:56,1783800356,R_75,53080.9081,1,18.070400000004156,BACKFILL_AUTO
2026-07-11 20:05:58,1783800358,R_75,53073.6076,-1,7.300499999997555,BACKFILL_AUTO
2026-07-11 20:06:00,1783800360,R_75,53060.2258,-1,13.38180000000284,BACKFILL_AUTO
2026-07-11 20:06:02,1783800362,R_75,53068.9177,1,8.691899999997986,BACKFILL_AUTO
2026-07-11 20:06:04,1783800364,R_75,53089.1575,1,20.239800000003015,BACKFILL_AUTO
2026-07-11 20:06:06,1783800366,R_75,53095.0151,1,5.857599999995728,BACKFILL_AUTO
2026-07-11 20:06:08,1783800368,R_75,53072.6027,-1,22.412399999993795,BACKFILL_AUTO
2026-07-11 20:06:10,1783800370,R_75,53058.3187,-1,14.28399999999965,BACKFILL_AUTO
2026-07-11 20:06:12,1783800372,R_75,53079.0631,1,20.74439999999595,BACKFILL_AUTO
2026-07-11 20:06:14,1783800374,R_75,53076.4482,-1,2.614900000000489,BACKFILL_AUTO
2026-07-11 20:06:16,1783800376,R_75,53060.8163,-1,15.631900000000314,BACKFILL_AUTO
2026-07-11 20:06:18,1783800378,R_75,53061.4626,1,0.6463000000003376,BACKFILL_AUTO
2026-07-11 20:06:20,1783800380,R_75,53059.0504,-1,2.4121999999988475,BACKFILL_AUTO
2026-07-11 20:06:22,1783800382,R_75,53058.9734,-1,0.07699999999749707,BACKFILL_AUTO
2026-07-11 20:06:24,1783800384,R_75,53053.1759,-1,5.797500000000582,BACKFILL_AUTO
2026-07-11 20:06:26,1783800386,R_75,53055.204,1,2.028099999995902,BACKFILL_AUTO
2026-07-11 20:06:28,1783800388,R_75,53057.045,1,1.8410000000003492,BACKFILL_AUTO
2026-07-11 20:06:30,1783800390,R_75,53050.3925,-1,6.6524999999965075,BACKFILL_AUTO
2026-07-11 20:06:32,1783800392,R_75,53062.0145,1,11.62199999999575,BACKFILL_AUTO
2026-07-11 20:06:34,1783800394,R_75,53045.5395,-1,16.474999999998545,BACKFILL_AUTO
2026-07-11 20:06:36,1783800396,R_75,53063.3867,1,17.847200000003795,BACKFILL_AUTO
2026-07-11 20:06:38,1783800398,R_75,53055.741,-1,7.645700000000943,BACKFILL_AUTO
2026-07-11 20:06:40,1783800400,R_75,53050.3726,-1,5.368399999999383,BACKFILL_AUTO
2026-07-11 20:06:42,1783800402,R_75,53050.1942,-1,0.17840000000433065,BACKFILL_AUTO
2026-07-11 20:06:44,1783800404,R_75,53044.3311,-1,5.863099999995029,BACKFILL_AUTO
2026-07-11 20:06:46,1783800406,R_75,53062.1835,1,17.852399999996123,BACKFILL_AUTO
2026-07-11 20:06:48,1783800408,R_75,53064.2191,1,2.035600000002887,BACKFILL_AUTO
2026-07-11 20:06:50,1783800410,R_75,53057.945,-1,6.274100000002363,BACKFILL_AUTO
2026-07-11 20:06:52,1783800412,R_75,53046.087,-1,11.858000000000175,BACKFILL_AUTO
2026-07-11 20:06:54,1783800414,R_75,53038.8634,-1,7.223599999997532,BACKFILL_AUTO
2026-07-11 20:06:56,1783800416,R_75,53044.8836,1,6.020199999999022,BACKFILL_AUTO
2026-07-11 20:06:58,1783800418,R_75,53042.8345,-1,2.0491000000038184,BACKFILL_AUTO
2026-07-11 20:07:00,1783800420,R_75,53046.3443,1,3.5097999999998137,BACKFILL_AUTO
2026-07-11 20:07:02,1783800422,R_75,53049.8318,1,3.4875000000029104,BACKFILL_AUTO
2026-07-11 20:07:04,1783800424,R_75,53063.1939,1,13.362099999998463,BACKFILL_AUTO
2026-07-11 20:07:06,1783800426,R_75,53076.0037,1,12.809800000002724,BACKFILL_AUTO
2026-07-11 20:07:08,1783800428,R_75,53072.2252,-1,3.7785000000003492,BACKFILL_AUTO
2026-07-11 20:07:10,1783800430,R_75,53075.9338,1,3.708599999998114,BACKFILL_AUTO
2026-07-11 20:07:12,1783800432,R_75,53081.667,1,5.733200000002398,BACKFILL_AUTO
2026-07-11 20:07:14,1783800434,R_75,53102.9513,1,21.284299999999348,BACKFILL_AUTO
2026-07-11 20:07:16,1783800436,R_75,53123.6024,1,20.65110000000277,BACKFILL_AUTO
2026-07-11 20:07:18,1783800438,R_75,53133.0577,1,9.455299999994168,BACKFILL_AUTO
2026-07-11 20:07:20,1783800440,R_75,53146.4808,1,13.423099999999977,BACKFILL_AUTO
2026-07-11 20:07:22,1783800442,R_75,53138.7357,-1,7.745100000000093,BACKFILL_AUTO
2026-07-11 20:07:24,1783800444,R_75,53151.2088,1,12.473100000002887,BACKFILL_AUTO
2026-07-11 20:07:26,1783800446,R_75,53136.92,-1,14.288800000002084,BACKFILL_AUTO
2026-07-11 20:07:28,1783800448,R_75,53130.2398,-1,6.680199999995239,BACKFILL_AUTO
2026-07-11 20:07:30,1783800450,R_75,53124.8361,-1,5.403700000002573,BACKFILL_AUTO
2026-07-11 20:07:32,1783800452,R_75,53114.3002,-1,10.535900000002584,BACKFILL_AUTO
2026-07-11 20:07:34,1783800454,R_75,53114.0315,-1,0.2687000000005355,BACKFILL_AUTO
2026-07-11 20:07:36,1783800456,R_75,53130.1212,1,16.089700000004086,BACKFILL_AUTO
2026-07-11 20:07:38,1783800458,R_75,53144.0335,1,13.912299999996321,BACKFILL_AUTO
2026-07-11 20:07:40,1783800460,R_75,53146.9115,1,2.878000000004249,BACKFILL_AUTO
2026-07-11 20:07:42,1783800462,R_75,53152.2885,1,5.3770000000004075,BACKFILL_AUTO
2026-07-11 20:07:44,1783800464,R_75,53145.1671,-1,7.121400000003632,BACKFILL_AUTO
2026-07-11 20:07:46,1783800466,R_75,53135.1141,-1,10.052999999999884,BACKFILL_AUTO
2026-07-11 20:07:48,1783800468,R_75,53121.4775,-1,13.636599999997998,BACKFILL_AUTO
2026-07-11 20:07:50,1783800470,R_75,53137.6242,1,16.14669999999751,BACKFILL_AUTO
2026-07-11 20:07:52,1783800472,R_75,53131.6588,-1,5.965400000000955,BACKFILL_AUTO
2026-07-11 20:07:54,1783800474,R_75,53138.617,1,6.958200000000943,BACKFILL_AUTO
2026-07-11 20:07:56,1783800476,R_75,53134.9065,-1,3.7105000000010477,BACKFILL_AUTO
2026-07-11 20:07:58,1783800478,R_75,53131.7409,-1,3.1656000000002678,BACKFILL_AUTO
2026-07-11 20:08:00,1783800480,R_75,53122.939,-1,8.801899999998568,BACKFILL_AUTO
2026-07-11 20:08:02,1783800482,R_75,53124.8177,1,1.8787000000011176,BACKFILL_AUTO
2026-07-11 20:08:04,1783800484,R_75,53121.2111,-1,3.606599999999162,BACKFILL_AUTO
2026-07-11 20:08:06,1783800486,R_75,53131.961,1,10.749900000002526,BACKFILL_AUTO
2026-07-11 20:08:08,1783800488,R_75,53130.8499,-1,1.1111000000018976,BACKFILL_AUTO
2026-07-11 20:08:10,1783800490,R_75,53130.5049,-1,0.34500000000116415,BACKFILL_AUTO
2026-07-11 20:08:12,1783800492,R_75,53116.7194,-1,13.785499999998137,BACKFILL_AUTO
2026-07-11 20:08:14,1783800494,R_75,53115.0986,-1,1.6208000000042375,BACKFILL_AUTO
2026-07-11 20:08:16,1783800496,R_75,53111.516,-1,3.5825999999942724,BACKFILL_AUTO
2026-07-11 20:08:18,1783800498,R_75,53103.6047,-1,7.9112999999997555,BACKFILL_AUTO
2026-07-11 20:08:20,1783800500,R_75,53102.0352,-1,1.569500000005064,BACKFILL_AUTO
2026-07-11 20:08:22,1783800502,R_75,53111.9323,1,9.897100000001956,BACKFILL_AUTO
2026-07-11 20:08:24,1783800504,R_75,53103.4389,-1,8.493399999999383,BACKFILL_AUTO
2026-07-11 20:08:26,1783800506,R_75,53124.8074,1,21.368499999996857,BACKFILL_AUTO
2026-07-11 20:08:28,1783800508,R_75,53105.6228,-1,19.1846000000005,BACKFILL_AUTO
2026-07-11 20:08:30,1783800510,R_75,53105.8668,1,0.2440000000060536,BACKFILL_AUTO
2026-07-11 20:08:32,1783800512,R_75,53091.8549,-1,14.011900000004971,BACKFILL_AUTO
2026-07-11 20:08:34,1783800514,R_75,53077.4739,-1,14.381000000001222,BACKFILL_AUTO
2026-07-11 20:08:36,1783800516,R_75,53062.0797,-1,15.39419999999518,BACKFILL_AUTO
2026-07-11 20:08:38,1783800518,R_75,53086.4253,1,24.34560000000056,BACKFILL_AUTO
2026-07-11 20:08:40,1783800520,R_75,53102.0324,1,15.607099999993807,BACKFILL_AUTO
2026-07-11 20:08:42,1783800522,R_75,53123.6363,1,21.603900000001886,BACKFILL_AUTO
2026-07-11 20:08:44,1783800524,R_75,53126.8549,1,3.2186000000001513,BACKFILL_AUTO
2026-07-11 20:08:46,1783800526,R_75,53132.2039,1,5.349000000001979,BACKFILL_AUTO
2026-07-11 20:08:48,1783800528,R_75,53122.8549,-1,9.349000000001979,BACKFILL_AUTO
2026-07-11 20:08:50,1783800530,R_75,53098.2623,-1,24.59259999999631,BACKFILL_AUTO
2026-07-11 20:08:52,1783800532,R_75,53083.7313,-1,14.531000000002678,BACKFILL_AUTO
2026-07-11 20:08:54,1783800534,R_75,53087.3459,1,3.6146000000007916,BACKFILL_AUTO
2026-07-11 20:08:56,1783800536,R_75,53080.189,-1,7.1569000000017695,BACKFILL_AUTO
2026-07-11 20:08:58,1783800538,R_75,53087.2524,1,7.063399999999092,BACKFILL_AUTO
2026-07-11 20:09:00,1783800540,R_75,53080.3459,-1,6.9064999999973224,BACKFILL_AUTO
2026-07-11 20:09:02,1783800542,R_75,53079.318,-1,1.0279000000009546,BACKFILL_AUTO
2026-07-11 20:09:04,1783800544,R_75,53077.096,-1,2.2220000000015716,BACKFILL_AUTO
2026-07-11 20:09:06,1783800546,R_75,53064.8391,-1,12.256900000000314,BACKFILL_AUTO
2026-07-11 20:09:08,1783800548,R_75,53059.9542,-1,4.8848999999972875,BACKFILL_AUTO
2026-07-11 20:09:10,1783800550,R_75,53051.0402,-1,8.913999999997031,BACKFILL_AUTO
2026-07-11 20:09:12,1783800552,R_75,53065.431,1,14.39079999999376,BACKFILL_AUTO
2026-07-11 20:09:14,1783800554,R_75,53080.5048,1,15.073800000005576,BACKFILL_AUTO
2026-07-11 20:09:16,1783800556,R_75,53054.6113,-1,25.893500000005588,BACKFILL_AUTO
2026-07-11 20:09:18,1783800558,R_75,53063.6604,1,9.049100000003818,BACKFILL_AUTO
2026-07-11 20:09:20,1783800560,R_75,53065.2132,1,1.55279999999766,BACKFILL_AUTO
2026-07-11 20:09:22,1783800562,R_75,53066.1522,1,0.9389999999984866,BACKFILL_AUTO
2026-07-11 20:09:24,1783800564,R_75,53073.3593,1,7.2070999999996275,BACKFILL_AUTO
2026-07-11 20:09:26,1783800566,R_75,53063.2886,-1,10.070699999996577,BACKFILL_AUTO
2026-07-11 20:09:28,1783800568,R_75,53070.7042,1,7.415600000000268,BACKFILL_AUTO
2026-07-11 20:09:30,1783800570,R_75,53080.2087,1,9.504500000002736,BACKFILL_AUTO
2026-07-11 20:09:32,1783800572,R_75,53082.5147,1,2.305999999996857,BACKFILL_AUTO
2026-07-11 20:09:34,1783800574,R_75,53071.8244,-1,10.690300000002026,BACKFILL_AUTO
2026-07-11 20:09:36,1783800576,R_75,53071.2155,-1,0.6088999999992666,BACKFILL_AUTO
2026-07-11 20:09:38,1783800578,R_75,53063.5934,-1,7.622100000000501,BACKFILL_AUTO
2026-07-11 20:09:40,1783800580,R_75,53065.7038,1,2.110400000005029,BACKFILL_AUTO
2026-07-11 20:09:42,1783800582,R_75,53065.4572,-1,0.2466000000058557,BACKFILL_AUTO
2026-07-11 20:09:44,1783800584,R_75,53079.8546,1,14.397400000001653,BACKFILL_AUTO
2026-07-11 20:09:46,1783800586,R_75,53089.8573,1,10.002700000004552,BACKFILL_AUTO
2026-07-11 20:09:48,1783800588,R_75,53077.8451,-1,12.012200000004668,BACKFILL_AUTO
2026-07-11 20:09:50,1783800590,R_75,53078.1698,1,0.32470000000466825,BACKFILL_AUTO
2026-07-11 20:09:52,1783800592,R_75,53074.1593,-1,4.010500000003958,BACKFILL_AUTO
2026-07-11 20:09:54,1783800594,R_75,53065.1375,-1,9.021800000002258,BACKFILL_AUTO
2026-07-11 20:09:56,1783800596,R_75,53053.5855,-1,11.551999999996042,BACKFILL_AUTO
2026-07-11 20:09:58,1783800598,R_75,53046.8516,-1,6.733899999999267,BACKFILL_AUTO
2026-07-11 20:10:00,1783800600,R_75,53053.9892,1,7.137600000001839,BACKFILL_AUTO
2026-07-11 20:10:02,1783800602,R_75,53051.9512,-1,2.0380000000004657,BACKFILL_AUTO
2026-07-11 20:10:04,1783800604,R_75,53050.493,-1,1.458200000000943,BACKFILL_AUTO
2026-07-11 20:10:06,1783800606,R_75,53074.6541,1,24.161099999997532,BACKFILL_AUTO
2026-07-11 20:10:08,1783800608,R_75,53067.982,-1,6.672099999996135,BACKFILL_AUTO
2026-07-11 20:10:10,1783800610,R_75,53075.8109,1,7.828899999993155,BACKFILL_AUTO
2026-07-11 20:10:12,1783800612,R_75,53069.803,-1,6.00789999999688,BACKFILL_AUTO
2026-07-11 20:10:14,1783800614,R_75,53052.8283,-1,16.974699999998847,BACKFILL_AUTO
2026-07-11 20:10:16,1783800616,R_75,53044.8831,-1,7.9452000000019325,BACKFILL_AUTO
2026-07-11 20:10:18,1783800618,R_75,53046.9684,1,2.085299999998824,BACKFILL_AUTO
2026-07-11 20:10:20,1783800620,R_75,53038.5602,-1,8.408199999998033,BACKFILL_AUTO
2026-07-11 20:10:22,1783800622,R_75,53020.8043,-1,17.755899999996473,BACKFILL_AUTO
2026-07-11 20:10:24,1783800624,R_75,53027.8217,1,7.0173999999969965,BACKFILL_AUTO
2026-07-11 20:10:26,1783800626,R_75,53027.7398,-1,0.08189999999740394,BACKFILL_AUTO
2026-07-11 20:10:28,1783800628,R_75,53039.9614,1,12.221599999997125,BACKFILL_AUTO
2026-07-11 20:10:30,1783800630,R_75,53034.7831,-1,5.178299999999581,BACKFILL_AUTO
2026-07-11 20:10:32,1783800632,R_75,53026.9776,-1,7.805500000002212,BACKFILL_AUTO
2026-07-11 20:10:34,1783800634,R_75,53014.7792,-1,12.19840000000113,BACKFILL_AUTO
2026-07-11 20:10:36,1783800636,R_75,53007.6315,-1,7.1476999999940745,BACKFILL_AUTO
2026-07-11 20:10:38,1783800638,R_75,53010.9112,1,3.2796999999991385,BACKFILL_AUTO
2026-07-11 20:10:40,1783800640,R_75,53012.1683,1,1.257099999995262,BACKFILL_AUTO
2026-07-11 20:10:42,1783800642,R_75,53016.6987,1,4.530400000003283,BACKFILL_AUTO
2026-07-11 20:10:44,1783800644,R_75,52999.0017,-1,17.697000000000116,BACKFILL_AUTO
2026-07-11 20:10:46,1783800646,R_75,53011.1474,1,12.145700000000943,BACKFILL_AUTO
2026-07-11 20:10:48,1783800648,R_75,52997.3911,-1,13.75630000000092,BACKFILL_AUTO
2026-07-11 20:10:50,1783800650,R_75,52993.965,-1,3.426100000004226,BACKFILL_AUTO
2026-07-11 20:10:52,1783800652,R_75,53006.2428,1,12.27780000000348,BACKFILL_AUTO
2026-07-11 20:10:54,1783800654,R_75,53003.0206,-1,3.222199999996519,BACKFILL_AUTO
2026-07-11 20:10:56,1783800656,R_75,52997.3417,-1,5.6789000000062515,BACKFILL_AUTO
2026-07-11 20:10:58,1783800658,R_75,53002.1625,1,4.820800000001327,BACKFILL_AUTO
2026-07-11 20:11:00,1783800660,R_75,52983.4241,-1,18.738400000002002,BACKFILL_AUTO
2026-07-11 20:11:02,1783800662,R_75,52979.1979,-1,4.226199999997334,BACKFILL_AUTO
2026-07-11 20:11:04,1783800664,R_75,52987.9458,1,8.747900000002119,BACKFILL_AUTO
2026-07-11 20:11:06,1783800666,R_75,52994.805,1,6.859199999998964,BACKFILL_AUTO
2026-07-11 20:11:08,1783800668,R_75,52992.2377,-1,2.567300000002433,BACKFILL_AUTO
2026-07-11 20:11:10,1783800670,R_75,52995.9288,1,3.691100000003644,BACKFILL_AUTO
2026-07-11 20:11:12,1783800672,R_75,52994.1624,-1,1.7664000000004307,BACKFILL_AUTO
2026-07-11 20:11:14,1783800674,R_75,52992.2673,-1,1.8951000000015483,BACKFILL_AUTO
2026-07-11 20:11:16,1783800676,R_75,52979.7432,-1,12.524100000002363,BACKFILL_AUTO
2026-07-11 20:11:18,1783800678,R_75,52994.5008,1,14.757600000004459,BACKFILL_AUTO
2026-07-11 20:11:20,1783800680,R_75,53010.9382,1,16.43739999999525,BACKFILL_AUTO
2026-07-11 20:11:22,1783800682,R_75,53007.5078,-1,3.430399999997462,BACKFILL_AUTO
2026-07-11 20:11:24,1783800684,R_75,53002.2127,-1,5.2951000000030035,BACKFILL_AUTO
2026-07-11 20:11:26,1783800686,R_75,53016.917,1,14.704300000004878,BACKFILL_AUTO
2026-07-11 20:11:28,1783800688,R_75,53010.0244,-1,6.89259999999922,BACKFILL_AUTO
2026-07-11 20:11:30,1783800690,R_75,52998.7248,-1,11.299599999998463,BACKFILL_AUTO
2026-07-11 20:11:32,1783800692,R_75,53000.2143,1,1.4894999999960419,BACKFILL_AUTO
2026-07-11 20:11:34,1783800694,R_75,52994.8123,-1,5.402000000001863,BACKFILL_AUTO
2026-07-11 20:11:36,1783800696,R_75,52998.7181,1,3.905800000000454,BACKFILL_AUTO
2026-07-11 20:11:38,1783800698,R_75,53002.2122,1,3.4941000000035274,BACKFILL_AUTO
2026-07-11 20:11:40,1783800700,R_75,53011.3656,1,9.1533999999956,BACKFILL_AUTO
2026-07-11 20:11:42,1783800702,R_75,53000.8796,-1,10.485999999997148,BACKFILL_AUTO
2026-07-11 20:11:44,1783800704,R_75,53006.4634,1,5.583800000000338,BACKFILL_AUTO
2026-07-11 20:11:46,1783800706,R_75,53009.9605,1,3.4971000000005006,BACKFILL_AUTO
2026-07-11 20:11:48,1783800708,R_75,53011.2584,1,1.2978999999977532,BACKFILL_AUTO
2026-07-11 20:11:50,1783800710,R_75,53008.4898,-1,2.7685999999957858,BACKFILL_AUTO
2026-07-11 20:11:52,1783800712,R_75,53021.3206,1,12.830799999996088,BACKFILL_AUTO
2026-07-11 20:11:54,1783800714,R_75,53018.6129,-1,2.707699999999022,BACKFILL_AUTO
2026-07-11 20:11:56,1783800716,R_75,52996.0378,-1,22.57510000000184,BACKFILL_AUTO
2026-07-11 20:11:58,1783800718,R_75,52986.0984,-1,9.939399999995658,BACKFILL_AUTO
2026-07-11 20:12:00,1783800720,R_75,52977.6019,-1,8.496500000001106,BACKFILL_AUTO
2026-07-11 20:12:02,1783800722,R_75,52974.4613,-1,3.1405999999988126,BACKFILL_AUTO
2026-07-11 20:12:04,1783800724,R_75,52968.2424,-1,6.218899999999849,BACKFILL_AUTO
2026-07-11 20:12:06,1783800726,R_75,52970.6025,1,2.360099999998056,BACKFILL_AUTO
2026-07-11 20:12:08,1783800728,R_75,52963.9226,-1,6.679900000002817,BACKFILL_AUTO
2026-07-11 20:12:10,1783800730,R_75,52953.7413,-1,10.181299999996554,BACKFILL_AUTO
2026-07-11 20:12:12,1783800732,R_75,52954.7486,1,1.0072999999974854,BACKFILL_AUTO
2026-07-11 20:12:14,1783800734,R_75,52945.9197,-1,8.82890000000043,BACKFILL_AUTO
2026-07-11 20:12:16,1783800736,R_75,52936.0249,-1,9.894800000001851,BACKFILL_AUTO
2026-07-11 20:12:18,1783800738,R_75,52953.2645,1,17.23960000000079,BACKFILL_AUTO
2026-07-11 20:12:20,1783800740,R_75,52947.0426,-1,6.221899999996822,BACKFILL_AUTO
2026-07-11 20:12:22,1783800742,R_75,52942.2221,-1,4.82050000000163,BACKFILL_AUTO
2026-07-11 20:12:24,1783800744,R_75,52927.4567,-1,14.765399999996589,BACKFILL_AUTO
2026-07-11 20:12:26,1783800746,R_75,52929.5384,1,2.0816999999951804,BACKFILL_AUTO
2026-07-11 20:12:28,1783800748,R_75,52933.5518,1,4.0134000000034575,BACKFILL_AUTO
2026-07-11 20:12:30,1783800750,R_75,52936.4205,1,2.8686999999990803,BACKFILL_AUTO
2026-07-11 20:12:32,1783800752,R_75,52921.324,-1,15.09649999999965,BACKFILL_AUTO
2026-07-11 20:12:34,1783800754,R_75,52938.3874,1,17.063399999999092,BACKFILL_AUTO
2026-07-11 20:12:36,1783800756,R_75,52928.7584,-1,9.629000000000815,BACKFILL_AUTO
2026-07-11 20:12:38,1783800758,R_75,52924.2559,-1,4.502500000002328,BACKFILL_AUTO
2026-07-11 20:12:40,1783800760,R_75,52941.7215,1,17.465600000003178,BACKFILL_AUTO
2026-07-11 20:12:42,1783800762,R_75,52934.5544,-1,7.167099999998754,BACKFILL_AUTO
2026-07-11 20:12:44,1783800764,R_75,52940.5427,1,5.988299999997253,BACKFILL_AUTO
2026-07-11 20:12:46,1783800766,R_75,52944.524,1,3.9812999999994645,BACKFILL_AUTO
2026-07-11 20:12:48,1783800768,R_75,52944.1334,-1,0.39059999999881256,BACKFILL_AUTO
2026-07-11 20:12:50,1783800770,R_75,52936.3106,-1,7.822800000001735,BACKFILL_AUTO
2026-07-11 20:12:52,1783800772,R_75,52934.7439,-1,1.5666999999957625,BACKFILL_AUTO
2026-07-11 20:12:54,1783800774,R_75,52929.1134,-1,5.6304999999993015,BACKFILL_AUTO
2026-07-11 20:12:56,1783800776,R_75,52916.0682,-1,13.045200000000477,BACKFILL_AUTO
2026-07-11 20:12:58,1783800778,R_75,52904.5665,-1,11.50170000000071,BACKFILL_AUTO
2026-07-11 20:13:00,1783800780,R_75,52924.7448,1,20.17829999999958,BACKFILL_AUTO
2026-07-11 20:13:02,1783800782,R_75,52923.8942,-1,0.8505999999979394,BACKFILL_AUTO
2026-07-11 20:13:04,1783800784,R_75,52918.2743,-1,5.619900000005146,BACKFILL_AUTO
2026-07-11 20:13:06,1783800786,R_75,52941.245,1,22.97070000000531,BACKFILL_AUTO
2026-07-11 20:13:08,1783800788,R_75,52955.6979,1,14.452899999996589,BACKFILL_AUTO
2026-07-11 20:13:10,1783800790,R_75,52949.1522,-1,6.545700000002398,BACKFILL_AUTO
2026-07-11 20:13:12,1783800792,R_75,52949.0915,-1,0.06069999999454012,BACKFILL_AUTO
2026-07-11 20:13:14,1783800794,R_75,52946.6541,-1,2.437400000002526,BACKFILL_AUTO
2026-07-11 20:13:16,1783800796,R_75,52964.7743,1,18.120199999997567,BACKFILL_AUTO
2026-07-11 20:13:18,1783800798,R_75,52954.9322,-1,9.842099999994389,BACKFILL_AUTO
2026-07-11 20:13:20,1783800800,R_75,52969.2128,1,14.28059999999823,BACKFILL_AUTO
2026-07-11 20:13:22,1783800802,R_75,52950.266,-1,18.946799999997893,BACKFILL_AUTO
2026-07-11 20:13:24,1783800804,R_75,52967.6746,1,17.408599999995204,BACKFILL_AUTO
2026-07-11 20:13:26,1783800806,R_75,52948.7434,-1,18.93119999999908,BACKFILL_AUTO
2026-07-11 20:13:28,1783800808,R_75,52963.996,1,15.252599999999802,BACKFILL_AUTO
2026-07-11 20:13:30,1783800810,R_75,52978.175,1,14.179000000003725,BACKFILL_AUTO
2026-07-11 20:13:32,1783800812,R_75,52975.7669,-1,2.408100000000559,BACKFILL_AUTO
2026-07-11 20:13:34,1783800814,R_75,52978.5294,1,2.7624999999970896,BACKFILL_AUTO
2026-07-11 20:13:36,1783800816,R_75,52988.6201,1,10.090700000000652,BACKFILL_AUTO
2026-07-11 20:13:38,1783800818,R_75,52979.6739,-1,8.946199999998498,BACKFILL_AUTO
2026-07-11 20:13:40,1783800820,R_75,52966.3072,-1,13.366699999998673,BACKFILL_AUTO
2026-07-11 20:13:42,1783800822,R_75,52968.8299,1,2.5226999999940745,BACKFILL_AUTO
2026-07-11 20:13:44,1783800824,R_75,52960.9397,-1,7.8901999999943655,BACKFILL_AUTO
2026-07-11 20:13:46,1783800826,R_75,52970.7995,1,9.859799999998359,BACKFILL_AUTO
2026-07-11 20:13:48,1783800828,R_75,52971.5574,1,0.7578999999968801,BACKFILL_AUTO
2026-07-11 20:13:50,1783800830,R_75,52975.9211,1,4.3637000000017,BACKFILL_AUTO
2026-07-11 20:13:52,1783800832,R_75,52970.7583,-1,5.162799999998242,BACKFILL_AUTO
2026-07-11 20:13:54,1783800834,R_75,52971.6545,1,0.8961999999955879,BACKFILL_AUTO
2026-07-11 20:13:56,1783800836,R_75,52974.4132,1,2.758700000005774,BACKFILL_AUTO
2026-07-11 20:13:58,1783800838,R_75,52969.6193,-1,4.793900000004214,BACKFILL_AUTO
2026-07-11 20:14:00,1783800840,R_75,52951.3115,-1,18.30779999999504,BACKFILL_AUTO
2026-07-11 20:14:02,1783800842,R_75,52945.5724,-1,5.739100000006147,BACKFILL_AUTO
2026-07-11 20:14:04,1783800844,R_75,52950.7965,1,5.224099999999453,BACKFILL_AUTO
2026-07-11 20:14:06,1783800846,R_75,52942.0689,-1,8.727599999998347,BACKFILL_AUTO
2026-07-11 20:14:08,1783800848,R_75,52946.0928,1,4.02390000000014,BACKFILL_AUTO
2026-07-11 20:14:10,1783800850,R_75,52931.9088,-1,14.184000000001106,BACKFILL_AUTO
2026-07-11 20:14:12,1783800852,R_75,52951.6774,1,19.76860000000306,BACKFILL_AUTO
2026-07-11 20:14:14,1783800854,R_75,52972.0482,1,20.37079999999696,BACKFILL_AUTO
2026-07-11 20:14:16,1783800856,R_75,52984.4616,1,12.413400000004913,BACKFILL_AUTO
2026-07-11 20:14:18,1783800858,R_75,52973.801,-1,10.660600000002887,BACKFILL_AUTO
2026-07-11 20:14:20,1783800860,R_75,52956.6736,-1,17.12739999999758,BACKFILL_AUTO
2026-07-11 20:14:22,1783800862,R_75,52944.4625,-1,12.211100000000442,BACKFILL_AUTO
2026-07-11 20:14:24,1783800864,R_75,52943.939,-1,0.5235000000029686,BACKFILL_AUTO
2026-07-11 20:14:26,1783800866,R_75,52940.7856,-1,3.1533999999955995,BACKFILL_AUTO
2026-07-11 20:14:28,1783800868,R_75,52942.991,1,2.2053999999989173,BACKFILL_AUTO
2026-07-11 20:14:30,1783800870,R_75,52939.7335,-1,3.257499999999709,BACKFILL_AUTO
2026-07-11 20:14:32,1783800872,R_75,52953.6948,1,13.96129999999539,BACKFILL_AUTO
2026-07-11 20:14:34,1783800874,R_75,52938.4249,-1,15.269899999999325,BACKFILL_AUTO
2026-07-11 20:14:36,1783800876,R_75,52938.2778,-1,0.14709999999467982,BACKFILL_AUTO
2026-07-11 20:14:38,1783800878,R_75,52936.0447,-1,2.2331000000049244,BACKFILL_AUTO
2026-07-11 20:14:40,1783800880,R_75,52916.8752,-1,19.169499999996333,BACKFILL_AUTO
2026-07-11 20:14:42,1783800882,R_75,52930.73,1,13.854800000000978,BACKFILL_AUTO
2026-07-11 20:14:44,1783800884,R_75,52941.3168,1,10.58679999999731,BACKFILL_AUTO
2026-07-11 20:14:46,1783800886,R_75,52927.9942,-1,13.322599999999511,BACKFILL_AUTO
2026-07-11 20:14:48,1783800888,R_75,52924.1799,-1,3.814299999998184,BACKFILL_AUTO
2026-07-11 20:14:50,1783800890,R_75,52931.2689,1,7.088999999999942,BACKFILL_AUTO
2026-07-11 20:14:52,1783800892,R_75,52910.4826,-1,20.786299999999756,BACKFILL_AUTO
2026-07-11 20:14:54,1783800894,R_75,52926.4251,1,15.94249999999738,BACKFILL_AUTO
2026-07-11 20:14:56,1783800896,R_75,52924.0107,-1,2.4144000000014785,BACKFILL_AUTO
2026-07-11 20:14:58,1783800898,R_75,52923.3301,-1,0.6805999999996857,BACKFILL_AUTO
2026-07-11 20:15:00,1783800900,R_75,52922.7009,-1,0.6291999999957625,BACKFILL_AUTO
2026-07-11 20:15:02,1783800902,R_75,52934.3515,1,11.650599999993574,BACKFILL_AUTO
2026-07-11 20:15:04,1783800904,R_75,52933.3714,-1,0.9800999999933993,BACKFILL_AUTO
2026-07-11 20:15:06,1783800906,R_75,52927.8873,-1,5.48410000000149,BACKFILL_AUTO
2026-07-11 20:15:08,1783800908,R_75,52925.2133,-1,2.6739999999990687,BACKFILL_AUTO
2026-07-11 20:15:10,1783800910,R_75,52936.8781,1,11.66479999999865,BACKFILL_AUTO
2026-07-11 20:15:12,1783800912,R_75,52943.246,1,6.367899999997462,BACKFILL_AUTO
2026-07-11 20:15:14,1783800914,R_75,52961.3937,1,18.14770000000135,BACKFILL_AUTO
2026-07-11 20:15:16,1783800916,R_75,52965.7048,1,4.311099999998987,BACKFILL_AUTO
2026-07-11 20:15:18,1783800918,R_75,52966.8266,1,1.1218000000008033,BACKFILL_AUTO
2026-07-11 20:15:20,1783800920,R_75,52962.7941,-1,4.032500000001164,BACKFILL_AUTO
2026-07-11 20:15:22,1783800922,R_75,52961.6216,-1,1.172500000000582,BACKFILL_AUTO
2026-07-11 20:15:24,1783800924,R_75,52958.7945,-1,2.827099999994971,BACKFILL_AUTO
2026-07-11 20:15:26,1783800926,R_75,52941.6925,-1,17.102000000006228,BACKFILL_AUTO
2026-07-11 20:15:28,1783800928,R_75,52935.1279,-1,6.564599999997881,BACKFILL_AUTO
2026-07-11 20:15:30,1783800930,R_75,52931.05,-1,4.077899999996589,BACKFILL_AUTO
2026-07-11 20:15:32,1783800932,R_75,52915.4575,-1,15.592500000006112,BACKFILL_AUTO
2026-07-11 20:15:34,1783800934,R_75,52908.746,-1,6.7114999999976135,BACKFILL_AUTO
2026-07-11 20:15:36,1783800936,R_75,52910.1578,1,1.4118000000016764,BACKFILL_AUTO
2026-07-11 20:15:38,1783800938,R_75,52923.3792,1,13.221400000002177,BACKFILL_AUTO
2026-07-11 20:15:40,1783800940,R_75,52945.9996,1,22.62039999999979,BACKFILL_AUTO
2026-07-11 20:15:42,1783800942,R_75,52937.5976,-1,8.402000000001863,BACKFILL_AUTO
2026-07-11 20:15:44,1783800944,R_75,52944.4095,1,6.811900000000605,BACKFILL_AUTO
2026-07-11 20:15:46,1783800946,R_75,52939.1139,-1,5.295600000004924,BACKFILL_AUTO
2026-07-11 20:15:48,1783800948,R_75,52954.4453,1,15.331400000002759,BACKFILL_AUTO
2026-07-11 20:15:50,1783800950,R_75,52945.1468,-1,9.298499999997148,BACKFILL_AUTO
2026-07-11 20:15:52,1783800952,R_75,52956.9115,1,11.76469999999972,BACKFILL_AUTO
2026-07-11 20:15:54,1783800954,R_75,52950.5177,-1,6.393800000005285,BACKFILL_AUTO
2026-07-11 20:15:56,1783800956,R_75,52965.1504,1,14.632700000001932,BACKFILL_AUTO
2026-07-11 20:15:58,1783800958,R_75,52968.2653,1,3.114900000000489,BACKFILL_AUTO
2026-07-11 20:16:00,1783800960,R_75,52965.1112,-1,3.154099999999744,BACKFILL_AUTO
2026-07-11 20:16:02,1783800962,R_75,52955.355,-1,9.75619999999617,BACKFILL_AUTO
2026-07-11 20:16:04,1783800964,R_75,52955.6264,1,0.2713999999978114,BACKFILL_AUTO
2026-07-11 20:16:06,1783800966,R_75,52964.2273,1,8.600899999997637,BACKFILL_AUTO
2026-07-11 20:16:08,1783800968,R_75,52970.2244,1,5.997100000000501,BACKFILL_AUTO
2026-07-11 20:16:10,1783800970,R_75,52967.9647,-1,2.25970000000234,BACKFILL_AUTO
2026-07-11 20:16:12,1783800972,R_75,52974.736,1,6.771300000000338,BACKFILL_AUTO
2026-07-11 20:16:14,1783800974,R_75,52965.6656,-1,9.07039999999688,BACKFILL_AUTO
2026-07-11 20:16:16,1783800976,R_75,52938.3941,-1,27.27150000000256,BACKFILL_AUTO
2026-07-11 20:16:18,1783800978,R_75,52921.4857,-1,16.908400000000256,BACKFILL_AUTO
2026-07-11 20:16:20,1783800980,R_75,52924.615,1,3.1293000000005122,BACKFILL_AUTO
2026-07-11 20:16:22,1783800982,R_75,52938.8469,1,14.23189999999886,BACKFILL_AUTO
2026-07-11 20:16:24,1783800984,R_75,52925.6435,-1,13.20339999999851,BACKFILL_AUTO
2026-07-11 20:16:26,1783800986,R_75,52929.719,1,4.0754999999990105,BACKFILL_AUTO
2026-07-11 20:16:28,1783800988,R_75,52933.4727,1,3.7537000000011176,BACKFILL_AUTO
2026-07-11 20:16:30,1783800990,R_75,52929.693,-1,3.7796999999991385,BACKFILL_AUTO
2026-07-11 20:16:32,1783800992,R_75,52931.559,1,1.8660000000018044,BACKFILL_AUTO
2026-07-11 20:16:34,1783800994,R_75,52926.777,-1,4.781999999999243,BACKFILL_AUTO
2026-07-11 20:16:36,1783800996,R_75,52923.633,-1,3.144000000000233,BACKFILL_AUTO
2026-07-11 20:16:38,1783800998,R_75,52935.6897,1,12.056700000001001,BACKFILL_AUTO
2026-07-11 20:16:40,1783801000,R_75,52931.8564,-1,3.8333000000056927,BACKFILL_AUTO
2026-07-11 20:16:42,1783801002,R_75,52927.068,-1,4.788399999997637,BACKFILL_AUTO
2026-07-11 20:16:44,1783801004,R_75,52918.8523,-1,8.215700000000652,BACKFILL_AUTO
2026-07-11 20:16:46,1783801006,R_75,52904.674,-1,14.178299999999581,BACKFILL_AUTO
2026-07-11 20:16:48,1783801008,R_75,52910.6762,1,6.002200000002631,BACKFILL_AUTO
2026-07-11 20:16:50,1783801010,R_75,52911.0103,1,0.3341000000000349,BACKFILL_AUTO
2026-07-11 20:16:52,1783801012,R_75,52888.5809,-1,22.429400000000896,BACKFILL_AUTO
2026-07-11 20:16:54,1783801014,R_75,52877.7875,-1,10.793400000002293,BACKFILL_AUTO
2026-07-11 20:16:56,1783801016,R_75,52878.3081,1,0.5206000000034692,BACKFILL_AUTO
2026-07-11 20:16:58,1783801018,R_75,52880.2802,1,1.9720999999990454,BACKFILL_AUTO
2026-07-11 20:17:00,1783801020,R_75,52867.0145,-1,13.265700000003562,BACKFILL_AUTO
2026-07-11 20:17:02,1783801022,R_75,52868.1179,1,1.103399999999965,BACKFILL_AUTO
2026-07-11 20:17:04,1783801024,R_75,52859.7625,-1,8.355400000000373,BACKFILL_AUTO
2026-07-11 20:17:06,1783801026,R_75,52842.8151,-1,16.947399999997288,BACKFILL_AUTO
2026-07-11 20:17:08,1783801028,R_75,52833.4134,-1,9.401700000002165,BACKFILL_AUTO
2026-07-11 20:17:10,1783801030,R_75,52830.7245,-1,2.688900000001013,BACKFILL_AUTO
2026-07-11 20:17:12,1783801032,R_75,52828.9148,-1,1.8096999999979744,BACKFILL_AUTO
2026-07-11 20:17:14,1783801034,R_75,52799.7626,-1,29.15219999999681,BACKFILL_AUTO
2026-07-11 20:17:16,1783801036,R_75,52805.6829,1,5.920299999997951,BACKFILL_AUTO
2026-07-11 20:17:18,1783801038,R_75,52793.4736,-1,12.209300000002258,BACKFILL_AUTO
2026-07-11 20:17:20,1783801040,R_75,52803.0517,1,9.578100000006089,BACKFILL_AUTO
2026-07-11 20:17:22,1783801042,R_75,52798.675,-1,4.37670000000071,BACKFILL_AUTO
2026-07-11 20:17:24,1783801044,R_75,52802.145,1,3.469999999993888,BACKFILL_AUTO
2026-07-11 20:17:26,1783801046,R_75,52816.3231,1,14.178100000004633,BACKFILL_AUTO
2026-07-11 20:17:28,1783801048,R_75,52801.17,-1,15.153100000003178,BACKFILL_AUTO
2026-07-11 20:17:30,1783801050,R_75,52800.4143,-1,0.755700000001525,BACKFILL_AUTO
2026-07-11 20:17:32,1783801052,R_75,52797.4861,-1,2.928199999994831,BACKFILL_AUTO
2026-07-11 20:17:34,1783801054,R_75,52792.2666,-1,5.219499999999243,BACKFILL_AUTO
2026-07-11 20:17:36,1783801056,R_75,52780.8513,-1,11.41530000000057,BACKFILL_AUTO
2026-07-11 20:17:38,1783801058,R_75,52770.5002,-1,10.35109999999986,BACKFILL_AUTO
2026-07-11 20:17:40,1783801060,R_75,52754.9063,-1,15.593899999999849,BACKFILL_AUTO
2026-07-11 20:17:42,1783801062,R_75,52735.7911,-1,19.115200000000186,BACKFILL_AUTO
2026-07-11 20:17:44,1783801064,R_75,52720.5915,-1,15.199599999999919,BACKFILL_AUTO
2026-07-11 20:17:46,1783801066,R_75,52723.374,1,2.782500000001164,BACKFILL_AUTO
2026-07-11 20:17:48,1783801068,R_75,52716.0819,-1,7.29210000000603,BACKFILL_AUTO
2026-07-11 20:17:50,1783801070,R_75,52713.8007,-1,2.281199999997625,BACKFILL_AUTO
2026-07-11 20:17:52,1783801072,R_75,52701.9094,-1,11.891300000002957,BACKFILL_AUTO
2026-07-11 20:17:54,1783801074,R_75,52700.9072,-1,1.002199999995355,BACKFILL_AUTO
2026-07-11 20:17:56,1783801076,R_75,52701.6245,1,0.7172999999966123,BACKFILL_AUTO
2026-07-11 20:17:58,1783801078,R_75,52688.4852,-1,13.139299999995274,BACKFILL_AUTO
2026-07-11 20:18:00,1783801080,R_75,52696.1333,1,7.6480999999985215,BACKFILL_AUTO
2026-07-11 20:18:02,1783801082,R_75,52678.844,-1,17.289300000004005,BACKFILL_AUTO
2026-07-11 20:18:04,1783801084,R_75,52673.3953,-1,5.4487000000008265,BACKFILL_AUTO
2026-07-11 20:18:06,1783801086,R_75,52678.7608,1,5.365499999999884,BACKFILL_AUTO
2026-07-11 20:18:08,1783801088,R_75,52691.5452,1,12.784400000004098,BACKFILL_AUTO
2026-07-11 20:18:10,1783801090,R_75,52688.3627,-1,3.1825000000026193,BACKFILL_AUTO
2026-07-11 20:18:12,1783801092,R_75,52685.3044,-1,3.0582999999969616,BACKFILL_AUTO
2026-07-11 20:18:14,1783801094,R_75,52678.9482,-1,6.356200000001991,BACKFILL_AUTO
2026-07-11 20:18:16,1783801096,R_75,52699.3975,1,20.44930000000022,BACKFILL_AUTO
2026-07-11 20:18:18,1783801098,R_75,52698.1403,-1,1.2572000000000116,BACKFILL_AUTO
2026-07-11 20:18:20,1783801100,R_75,52695.4246,-1,2.715700000000652,BACKFILL_AUTO
2026-07-11 20:18:22,1783801102,R_75,52673.4729,-1,21.9516999999978,BACKFILL_AUTO
2026-07-11 20:18:24,1783801104,R_75,52693.1653,1,19.692399999999907,BACKFILL_AUTO
2026-07-11 20:18:26,1783801106,R_75,52697.3516,1,4.186300000001211,BACKFILL_AUTO
2026-07-11 20:18:28,1783801108,R_75,52709.007,1,11.655399999996007,BACKFILL_AUTO
2026-07-11 20:18:30,1783801110,R_75,52708.5346,-1,0.4723999999987427,BACKFILL_AUTO
2026-07-11 20:18:32,1783801112,R_75,52683.011,-1,25.523600000000442,BACKFILL_AUTO
2026-07-11 20:18:34,1783801114,R_75,52684.616,1,1.6050000000032014,BACKFILL_AUTO
2026-07-11 20:18:36,1783801116,R_75,52688.9089,1,4.2929000000003725,BACKFILL_AUTO
2026-07-11 20:18:38,1783801118,R_75,52694.0481,1,5.1391999999978,BACKFILL_AUTO
2026-07-11 20:18:40,1783801120,R_75,52678.3107,-1,15.73739999999816,BACKFILL_AUTO
2026-07-11 20:18:42,1783801122,R_75,52688.5679,1,10.257200000000012,BACKFILL_AUTO
2026-07-11 20:18:44,1783801124,R_75,52684.7724,-1,3.7955000000001746,BACKFILL_AUTO
2026-07-11 20:18:46,1783801126,R_75,52683.8812,-1,0.8911999999982072,BACKFILL_AUTO
2026-07-11 20:18:48,1783801128,R_75,52671.2962,-1,12.585000000006403,BACKFILL_AUTO
2026-07-11 20:18:50,1783801130,R_75,52656.3278,-1,14.968399999997928,BACKFILL_AUTO
2026-07-11 20:18:52,1783801132,R_75,52656.346,1,0.018199999998614658,BACKFILL_AUTO
2026-07-11 20:18:54,1783801134,R_75,52661.1753,1,4.829300000004878,BACKFILL_AUTO
2026-07-11 20:18:56,1783801136,R_75,52649.598,-1,11.57730000000447,BACKFILL_AUTO
2026-07-11 20:18:58,1783801138,R_75,52643.8542,-1,5.743799999996554,BACKFILL_AUTO
2026-07-11 20:19:00,1783801140,R_75,52646.2286,1,2.3744000000006054,BACKFILL_AUTO
2026-07-11 20:19:02,1783801142,R_75,52631.3609,-1,14.867700000002515,BACKFILL_AUTO
2026-07-11 20:19:04,1783801144,R_75,52642.4493,1,11.088400000000547,BACKFILL_AUTO
2026-07-11 20:19:06,1783801146,R_75,52638.697,-1,3.7523000000001048,BACKFILL_AUTO
2026-07-11 20:19:08,1783801148,R_75,52624.982,-1,13.714999999996508,BACKFILL_AUTO
2026-07-11 20:19:10,1783801150,R_75,52631.9328,1,6.950799999998708,BACKFILL_AUTO
2026-07-11 20:19:12,1783801152,R_75,52623.1902,-1,8.74260000000504,BACKFILL_AUTO
2026-07-11 20:19:14,1783801154,R_75,52623.8955,1,0.7053000000014435,BACKFILL_AUTO
2026-07-11 20:19:16,1783801156,R_75,52607.6739,-1,16.221599999997125,BACKFILL_AUTO
2026-07-11 20:19:18,1783801158,R_75,52603.7572,-1,3.9167000000015832,BACKFILL_AUTO
2026-07-11 20:19:20,1783801160,R_75,52606.3799,1,2.6226999999998952,BACKFILL_AUTO
2026-07-11 20:19:22,1783801162,R_75,52603.8741,-1,2.505799999998999,BACKFILL_AUTO
2026-07-11 20:19:24,1783801164,R_75,52599.243,-1,4.631099999998696,BACKFILL_AUTO
2026-07-11 20:19:26,1783801166,R_75,52613.9476,1,14.7045999999973,BACKFILL_AUTO
2026-07-11 20:19:28,1783801168,R_75,52625.455,1,11.507400000002235,BACKFILL_AUTO
2026-07-11 20:19:30,1783801170,R_75,52628.9728,1,3.5178000000014435,BACKFILL_AUTO
2026-07-11 20:19:32,1783801172,R_75,52629.1058,1,0.13299999999435386,BACKFILL_AUTO
2026-07-11 20:19:34,1783801174,R_75,52610.0708,-1,19.034999999996217,BACKFILL_AUTO
2026-07-11 20:19:36,1783801176,R_75,52613.7137,1,3.6428999999989173,BACKFILL_AUTO
2026-07-11 20:19:38,1783801178,R_75,52618.6233,1,4.909599999999045,BACKFILL_AUTO
2026-07-11 20:19:40,1783801180,R_75,52621.2423,1,2.6189999999987776,BACKFILL_AUTO
2026-07-11 20:19:42,1783801182,R_75,52635.4214,1,14.179100000001199,BACKFILL_AUTO
2026-07-11 20:19:44,1783801184,R_75,52628.1955,-1,7.225899999997637,BACKFILL_AUTO
2026-07-11 20:19:46,1783801186,R_75,52625.9161,-1,2.279399999999441,BACKFILL_AUTO
2026-07-11 20:19:48,1783801188,R_75,52628.723,1,2.8068999999959487,BACKFILL_AUTO
2026-07-11 20:19:50,1783801190,R_75,52622.0816,-1,6.641400000000431,BACKFILL_AUTO
2026-07-11 20:19:52,1783801192,R_75,52626.6316,1,4.55000000000291,BACKFILL_AUTO
2026-07-11 20:19:54,1783801194,R_75,52639.8807,1,13.249100000000908,BACKFILL_AUTO
2026-07-11 20:19:56,1783801196,R_75,52636.8665,-1,3.0142000000050757,BACKFILL_AUTO
2026-07-11 20:19:58,1783801198,R_75,52643.2296,1,6.363100000002305,BACKFILL_AUTO
2026-07-11 20:20:00,1783801200,R_75,52648.7403,1,5.510699999998906,BACKFILL_AUTO
2026-07-11 20:20:02,1783801202,R_75,52644.7036,-1,4.036699999996927,BACKFILL_AUTO
2026-07-11 20:20:04,1783801204,R_75,52630.1087,-1,14.59490000000369,BACKFILL_AUTO
2026-07-11 20:20:06,1783801206,R_75,52640.4787,1,10.37000000000262,BACKFILL_AUTO
2026-07-11 20:20:08,1783801208,R_75,52658.5136,1,18.034899999998743,BACKFILL_AUTO
2026-07-11 20:20:10,1783801210,R_75,52649.2798,-1,9.233800000001793,BACKFILL_AUTO
2026-07-11 20:20:12,1783801212,R_75,52646.7698,-1,2.5099999999947613,BACKFILL_AUTO
2026-07-11 20:20:14,1783801214,R_75,52658.7824,1,12.012599999994563,BACKFILL_AUTO
2026-07-11 20:20:16,1783801216,R_75,52660.9537,1,2.171300000001793,BACKFILL_AUTO
2026-07-11 20:20:18,1783801218,R_75,52663.4568,1,2.503100000001723,BACKFILL_AUTO
2026-07-11 20:20:20,1783801220,R_75,52656.074,-1,7.382799999999406,BACKFILL_AUTO
2026-07-11 20:20:22,1783801222,R_75,52659.7547,1,3.6806999999971595,BACKFILL_AUTO
2026-07-11 20:20:24,1783801224,R_75,52675.0656,1,15.31090000000404,BACKFILL_AUTO
2026-07-11 20:20:26,1783801226,R_75,52669.0432,-1,6.022400000001653,BACKFILL_AUTO
2026-07-11 20:20:28,1783801228,R_75,52665.8572,-1,3.1860000000015134,BACKFILL_AUTO
2026-07-11 20:20:30,1783801230,R_75,52664.8053,-1,1.051899999998568,BACKFILL_AUTO
2026-07-11 20:20:32,1783801232,R_75,52664.1798,-1,0.6255000000019209,BACKFILL_AUTO
2026-07-11 20:20:34,1783801234,R_75,52663.6003,-1,0.5794999999998254,BACKFILL_AUTO
2026-07-11 20:20:36,1783801236,R_75,52663.3354,-1,0.2648999999946682,BACKFILL_AUTO
2026-07-11 20:20:38,1783801238,R_75,52662.7338,-1,0.6016000000017812,BACKFILL_AUTO
2026-07-11 20:20:40,1783801240,R_75,52681.4334,1,18.69959999999992,BACKFILL_AUTO
2026-07-11 20:20:42,1783801242,R_75,52675.9216,-1,5.511800000000221,BACKFILL_AUTO
2026-07-11 20:20:44,1783801244,R_75,52673.7751,-1,2.146500000002561,BACKFILL_AUTO
2026-07-11 20:20:46,1783801246,R_75,52681.746,1,7.970900000000256,BACKFILL_AUTO
2026-07-11 20:20:48,1783801248,R_75,52678.6622,-1,3.0838000000003376,BACKFILL_AUTO
2026-07-11 20:20:50,1783801250,R_75,52691.2118,1,12.549599999998463,BACKFILL_AUTO
2026-07-11 20:20:52,1783801252,R_75,52694.931,1,3.719199999999546,BACKFILL_AUTO
2026-07-11 20:20:54,1783801254,R_75,52701.7018,1,6.770800000005693,BACKFILL_AUTO
2026-07-11 20:20:56,1783801256,R_75,52688.5063,-1,13.19550000000163,BACKFILL_AUTO
2026-07-11 20:20:58,1783801258,R_75,52684.2072,-1,4.299100000003818,BACKFILL_AUTO
2026-07-11 20:21:00,1783801260,R_75,52681.8883,-1,2.3188999999983935,BACKFILL_AUTO
2026-07-11 20:21:02,1783801262,R_75,52681.19,-1,0.6982999999963795,BACKFILL_AUTO
2026-07-11 20:21:04,1783801264,R_75,52677.6838,-1,3.506200000003446,BACKFILL_AUTO
2026-07-11 20:21:06,1783801266,R_75,52680.0305,1,2.3467000000018743,BACKFILL_AUTO
2026-07-11 20:21:08,1783801268,R_75,52682.9092,1,2.8787000000011176,BACKFILL_AUTO
2026-07-11 20:21:10,1783801270,R_75,52673.1958,-1,9.713400000000547,BACKFILL_AUTO
2026-07-11 20:21:12,1783801272,R_75,52677.3603,1,4.164499999998952,BACKFILL_AUTO
2026-07-11 20:21:14,1783801274,R_75,52667.7789,-1,9.581400000002759,BACKFILL_AUTO
2026-07-11 20:21:16,1783801276,R_75,52657.4505,-1,10.32839999999851,BACKFILL_AUTO
2026-07-11 20:21:18,1783801278,R_75,52660.5147,1,3.06420000000071,BACKFILL_AUTO
2026-07-11 20:21:20,1783801280,R_75,52656.8389,-1,3.6757999999972526,BACKFILL_AUTO
2026-07-11 20:21:22,1783801282,R_75,52657.4179,1,0.5789999999979045,BACKFILL_AUTO
2026-07-11 20:21:24,1783801284,R_75,52658.3131,1,0.8951999999990221,BACKFILL_AUTO
2026-07-11 20:21:26,1783801286,R_75,52662.3016,1,3.988499999999476,BACKFILL_AUTO
2026-07-11 20:21:28,1783801288,R_75,52655.443,-1,6.858599999999569,BACKFILL_AUTO
2026-07-11 20:21:30,1783801290,R_75,52635.8935,-1,19.54950000000099,BACKFILL_AUTO
2026-07-11 20:21:32,1783801292,R_75,52618.994,-1,16.899499999999534,BACKFILL_AUTO
2026-07-11 20:21:34,1783801294,R_75,52628.97,1,9.976000000002387,BACKFILL_AUTO
2026-07-11 20:21:36,1783801296,R_75,52616.6218,-1,12.34820000000036,BACKFILL_AUTO
2026-07-11 20:21:38,1783801298,R_75,52618.6205,1,1.998699999996461,BACKFILL_AUTO
2026-07-11 20:21:40,1783801300,R_75,52624.4468,1,5.826300000000629,BACKFILL_AUTO
2026-07-11 20:21:42,1783801302,R_75,52624.2224,-1,0.22439999999915017,BACKFILL_AUTO
2026-07-11 20:21:44,1783801304,R_75,52628.0009,1,3.7785000000003492,BACKFILL_AUTO
2026-07-11 20:21:46,1783801306,R_75,52636.1635,1,8.162600000003295,BACKFILL_AUTO
2026-07-11 20:21:48,1783801308,R_75,52636.9848,1,0.821299999995972,BACKFILL_AUTO
2026-07-11 20:21:50,1783801310,R_75,52638.6139,1,1.6290999999982887,BACKFILL_AUTO
2026-07-11 20:21:52,1783801312,R_75,52641.1271,1,2.513200000001234,BACKFILL_AUTO
2026-07-11 20:21:54,1783801314,R_75,52644.5551,1,3.4279999999998836,BACKFILL_AUTO
2026-07-11 20:21:56,1783801316,R_75,52647.0638,1,2.508700000005774,BACKFILL_AUTO
2026-07-11 20:21:58,1783801318,R_75,52655.2327,1,8.168899999996938,BACKFILL_AUTO
2026-07-11 20:22:00,1783801320,R_75,52663.2567,1,8.023999999997613,BACKFILL_AUTO
2026-07-11 20:22:02,1783801322,R_75,52662.8038,-1,0.45289999999658903,BACKFILL_AUTO
2026-07-11 20:22:04,1783801324,R_75,52659.1,-1,3.703800000002957,BACKFILL_AUTO
2026-07-11 20:22:06,1783801326,R_75,52660.2769,1,1.176899999998568,BACKFILL_AUTO
2026-07-11 20:22:08,1783801328,R_75,52681.1222,1,20.84530000000086,BACKFILL_AUTO
2026-07-11 20:22:10,1783801330,R_75,52696.0848,1,14.962599999998929,BACKFILL_AUTO
2026-07-11 20:22:12,1783801332,R_75,52684.6833,-1,11.401499999999942,BACKFILL_AUTO
2026-07-11 20:22:14,1783801334,R_75,52689.6672,1,4.9839000000065425,BACKFILL_AUTO
2026-07-11 20:22:16,1783801336,R_75,52697.9965,1,8.329299999997602,BACKFILL_AUTO
2026-07-11 20:22:18,1783801338,R_75,52699.3154,1,1.3188999999983935,BACKFILL_AUTO
2026-07-11 20:22:20,1783801340,R_75,52699.8632,1,0.5478000000002794,BACKFILL_AUTO
2026-07-11 20:22:22,1783801342,R_75,52697.1951,-1,2.668100000002596,BACKFILL_AUTO
2026-07-11 20:22:24,1783801344,R_75,52685.1872,-1,12.00789999999688,BACKFILL_AUTO
2026-07-11 20:22:26,1783801346,R_75,52692.12,1,6.932800000002317,BACKFILL_AUTO
2026-07-11 20:22:28,1783801348,R_75,52706.4697,1,14.349699999998847,BACKFILL_AUTO
2026-07-11 20:22:30,1783801350,R_75,52695.4619,-1,11.007799999999406,BACKFILL_AUTO
2026-07-11 20:22:32,1783801352,R_75,52718.5353,1,23.07340000000113,BACKFILL_AUTO
2026-07-11 20:22:34,1783801354,R_75,52715.8517,-1,2.683600000003935,BACKFILL_AUTO
2026-07-11 20:22:36,1783801356,R_75,52737.7788,1,21.92710000000079,BACKFILL_AUTO
2026-07-11 20:22:38,1783801358,R_75,52742.3511,1,4.572299999999814,BACKFILL_AUTO
2026-07-11 20:22:40,1783801360,R_75,52743.7663,1,1.4152000000030966,BACKFILL_AUTO
2026-07-11 20:22:42,1783801362,R_75,52739.4539,-1,4.312400000002526,BACKFILL_AUTO
2026-07-11 20:22:44,1783801364,R_75,52739.4003,-1,0.053599999999278225,BACKFILL_AUTO
2026-07-11 20:22:46,1783801366,R_75,52741.0102,1,1.6098999999958323,BACKFILL_AUTO
2026-07-11 20:22:48,1783801368,R_75,52744.5666,1,3.556400000001304,BACKFILL_AUTO
2026-07-11 20:22:50,1783801370,R_75,52758.5497,1,13.983100000004924,BACKFILL_AUTO
2026-07-11 20:22:52,1783801372,R_75,52749.8266,-1,8.723100000002887,BACKFILL_AUTO
2026-07-11 20:22:54,1783801374,R_75,52738.7938,-1,11.032800000000861,BACKFILL_AUTO
2026-07-11 20:22:56,1783801376,R_75,52733.8606,-1,4.933199999999488,BACKFILL_AUTO
2026-07-11 20:22:58,1783801378,R_75,52744.9174,1,11.056799999998475,BACKFILL_AUTO
2026-07-11 20:23:00,1783801380,R_75,52749.9213,1,5.003900000003341,BACKFILL_AUTO
2026-07-11 20:23:02,1783801382,R_75,52773.8312,1,23.909899999998743,BACKFILL_AUTO
2026-07-11 20:23:04,1783801384,R_75,52795.6852,1,21.85399999999936,BACKFILL_AUTO
2026-07-11 20:23:06,1783801386,R_75,52783.5631,-1,12.1221000000005,BACKFILL_AUTO
2026-07-11 20:23:08,1783801388,R_75,52774.8186,-1,8.744500000000698,BACKFILL_AUTO
2026-07-11 20:23:10,1783801390,R_75,52771.6324,-1,3.186199999996461,BACKFILL_AUTO
2026-07-11 20:23:12,1783801392,R_75,52766.6417,-1,4.990700000002107,BACKFILL_AUTO
2026-07-11 20:23:14,1783801394,R_75,52748.7166,-1,17.925100000000384,BACKFILL_AUTO
2026-07-11 20:23:16,1783801396,R_75,52747.2214,-1,1.495199999997567,BACKFILL_AUTO
2026-07-11 20:23:18,1783801398,R_75,52752.5258,1,5.304400000000896,BACKFILL_AUTO
2026-07-11 20:23:20,1783801400,R_75,52752.2545,-1,0.2713000000003376,BACKFILL_AUTO
2026-07-11 20:23:22,1783801402,R_75,52748.2136,-1,4.040899999999965,BACKFILL_AUTO
2026-07-11 20:23:24,1783801404,R_75,52741.9586,-1,6.255000000004657,BACKFILL_AUTO
2026-07-11 20:23:26,1783801406,R_75,52750.4311,1,8.472500000003492,BACKFILL_AUTO
2026-07-11 20:23:28,1783801408,R_75,52729.5572,-1,20.873899999998685,BACKFILL_AUTO
2026-07-11 20:23:30,1783801410,R_75,52724.054,-1,5.503200000006473,BACKFILL_AUTO
2026-07-11 20:23:32,1783801412,R_75,52732.9267,1,8.872700000007171,BACKFILL_AUTO
2026-07-11 20:23:34,1783801414,R_75,52741.0824,1,8.155699999995704,BACKFILL_AUTO
2026-07-11 20:23:36,1783801416,R_75,52745.8601,1,4.777699999998731,BACKFILL_AUTO
2026-07-11 20:23:38,1783801418,R_75,52749.1961,1,3.3360000000029686,BACKFILL_AUTO
2026-07-11 20:23:40,1783801420,R_75,52745.7973,-1,3.398800000002666,BACKFILL_AUTO
2026-07-11 20:23:42,1783801422,R_75,52740.5125,-1,5.284800000001269,BACKFILL_AUTO
2026-07-11 20:23:44,1783801424,R_75,52746.9383,1,6.425800000004529,BACKFILL_AUTO
2026-07-11 20:23:46,1783801426,R_75,52749.1831,1,2.244800000000396,BACKFILL_AUTO
2026-07-11 20:23:48,1783801428,R_75,52755.3224,1,6.1392999999952735,BACKFILL_AUTO
2026-07-11 20:23:50,1783801430,R_75,52758.8721,1,3.549700000003213,BACKFILL_AUTO
2026-07-11 20:23:52,1783801432,R_75,52746.8759,-1,11.996200000001409,BACKFILL_AUTO
2026-07-11 20:23:54,1783801434,R_75,52748.0727,1,1.1967999999978929,BACKFILL_AUTO
2026-07-11 20:23:56,1783801436,R_75,52737.2007,-1,10.87199999999575,BACKFILL_AUTO
2026-07-11 20:23:58,1783801438,R_75,52708.988,-1,28.21270000000368,BACKFILL_AUTO
2026-07-11 20:24:00,1783801440,R_75,52706.3367,-1,2.6512999999977183,BACKFILL_AUTO
2026-07-11 20:24:02,1783801442,R_75,52701.0416,-1,5.2951000000030035,BACKFILL_AUTO
2026-07-11 20:24:04,1783801444,R_75,52708.0204,1,6.978800000004412,BACKFILL_AUTO
2026-07-11 20:24:06,1783801446,R_75,52711.5419,1,3.521499999995285,BACKFILL_AUTO
2026-07-11 20:24:08,1783801448,R_75,52721.3722,1,9.830300000001444,BACKFILL_AUTO
2026-07-11 20:24:10,1783801450,R_75,52724.7157,1,3.3435000000026776,BACKFILL_AUTO
2026-07-11 20:24:12,1783801452,R_75,52706.9487,-1,17.766999999999825,BACKFILL_AUTO
2026-07-11 20:24:14,1783801454,R_75,52714.8523,1,7.903599999997823,BACKFILL_AUTO
2026-07-11 20:24:16,1783801456,R_75,52726.5015,1,11.649199999999837,BACKFILL_AUTO
2026-07-11 20:24:18,1783801458,R_75,52711.1512,-1,15.350299999998242,BACKFILL_AUTO
2026-07-11 20:24:20,1783801460,R_75,52699.8523,-1,11.298900000001595,BACKFILL_AUTO
2026-07-11 20:24:22,1783801462,R_75,52711.313,1,11.460700000003271,BACKFILL_AUTO
2026-07-11 20:24:24,1783801464,R_75,52707.9562,-1,3.3568000000013853,BACKFILL_AUTO
2026-07-11 20:24:26,1783801466,R_75,52710.5491,1,2.592899999996007,BACKFILL_AUTO
2026-07-11 20:24:28,1783801468,R_75,52713.3161,1,2.7669999999998254,BACKFILL_AUTO
2026-07-11 20:24:30,1783801470,R_75,52716.2215,1,2.905400000003283,BACKFILL_AUTO
2026-07-11 20:24:32,1783801472,R_75,52723.4515,1,7.230000000003201,BACKFILL_AUTO
2026-07-11 20:24:34,1783801474,R_75,52732.9905,1,9.538999999997031,BACKFILL_AUTO
2026-07-11 20:24:36,1783801476,R_75,52739.0109,1,6.020400000001246,BACKFILL_AUTO
2026-07-11 20:24:38,1783801478,R_75,52739.3385,1,0.3275999999968917,BACKFILL_AUTO
2026-07-11 20:24:40,1783801480,R_75,52752.0564,1,12.717900000003283,BACKFILL_AUTO
2026-07-11 20:24:42,1783801482,R_75,52754.7117,1,2.655299999998533,BACKFILL_AUTO
2026-07-11 20:24:44,1783801484,R_75,52761.4358,1,6.724099999999453,BACKFILL_AUTO
2026-07-11 20:24:46,1783801486,R_75,52773.7394,1,12.303599999999278,BACKFILL_AUTO
2026-07-11 20:24:48,1783801488,R_75,52777.1895,1,3.4501000000018394,BACKFILL_AUTO
2026-07-11 20:24:50,1783801490,R_75,52772.5264,-1,4.6630999999979394,BACKFILL_AUTO
2026-07-11 20:24:52,1783801492,R_75,52782.5955,1,10.069100000000617,BACKFILL_AUTO
2026-07-11 20:24:54,1783801494,R_75,52778.9537,-1,3.641800000004878,BACKFILL_AUTO
2026-07-11 20:24:56,1783801496,R_75,52768.2295,-1,10.724199999996927,BACKFILL_AUTO
2026-07-11 20:24:58,1783801498,R_75,52781.1052,1,12.875699999996868,BACKFILL_AUTO
2026-07-11 20:25:00,1783801500,R_75,52765.7137,-1,15.391499999997905,BACKFILL_AUTO
2026-07-11 20:25:02,1783801502,R_75,52785.1532,1,19.439500000000407,BACKFILL_AUTO
2026-07-11 20:25:04,1783801504,R_75,52789.2732,1,4.120000000002619,BACKFILL_AUTO
2026-07-11 20:25:06,1783801506,R_75,52795.3395,1,6.066299999998591,BACKFILL_AUTO
2026-07-11 20:25:08,1783801508,R_75,52803.5506,1,8.211100000000442,BACKFILL_AUTO
2026-07-11 20:25:10,1783801510,R_75,52795.4539,-1,8.096700000001874,BACKFILL_AUTO
2026-07-11 20:25:12,1783801512,R_75,52784.0767,-1,11.377200000002631,BACKFILL_AUTO
2026-07-11 20:25:14,1783801514,R_75,52770.7819,-1,13.29479999999603,BACKFILL_AUTO
2026-07-11 20:25:16,1783801516,R_75,52790.0335,1,19.25159999999596,BACKFILL_AUTO
2026-07-11 20:25:18,1783801518,R_75,52782.993,-1,7.040499999995518,BACKFILL_AUTO
2026-07-11 20:25:20,1783801520,R_75,52792.7302,1,9.737199999995937,BACKFILL_AUTO
2026-07-11 20:25:22,1783801522,R_75,52791.1656,-1,1.5645999999978812,BACKFILL_AUTO
2026-07-11 20:25:24,1783801524,R_75,52791.4645,1,0.2989000000015949,BACKFILL_AUTO
2026-07-11 20:25:26,1783801526,R_75,52811.4397,1,19.97520000000077,BACKFILL_AUTO
2026-07-11 20:25:28,1783801528,R_75,52806.6575,-1,4.782200000001467,BACKFILL_AUTO
2026-07-11 20:25:30,1783801530,R_75,52815.5179,1,8.860399999997753,BACKFILL_AUTO
2026-07-11 20:25:32,1783801532,R_75,52818.9931,1,3.4752000000007683,BACKFILL_AUTO
2026-07-11 20:25:34,1783801534,R_75,52829.4298,1,10.436699999998382,BACKFILL_AUTO
2026-07-11 20:25:36,1783801536,R_75,52824.6243,-1,4.805499999994936,BACKFILL_AUTO
2026-07-11 20:25:38,1783801538,R_75,52853.732,1,29.107700000000477,BACKFILL_AUTO
2026-07-11 20:25:40,1783801540,R_75,52852.5598,-1,1.1722000000008848,BACKFILL_AUTO
2026-07-11 20:25:42,1783801542,R_75,52874.147,1,21.587199999994482,BACKFILL_AUTO
2026-07-11 20:25:44,1783801544,R_75,52872.6185,-1,1.5285000000003492,BACKFILL_AUTO
2026-07-11 20:25:46,1783801546,R_75,52862.1474,-1,10.471099999995204,BACKFILL_AUTO
2026-07-11 20:25:48,1783801548,R_75,52860.009,-1,2.1384000000034575,BACKFILL_AUTO
2026-07-11 20:25:50,1783801550,R_75,52856.0603,-1,3.9487000000008265,BACKFILL_AUTO
2026-07-11 20:25:52,1783801552,R_75,52858.0909,1,2.0306000000055064,BACKFILL_AUTO
2026-07-11 20:25:54,1783801554,R_75,52854.6437,-1,3.44720000000234,BACKFILL_AUTO
2026-07-11 20:25:56,1783801556,R_75,52854.4776,-1,0.1661000000021886,BACKFILL_AUTO
2026-07-11 20:25:58,1783801558,R_75,52844.881,-1,9.596599999997125,BACKFILL_AUTO
2026-07-11 20:26:00,1783801560,R_75,52849.1646,1,4.283599999995204,BACKFILL_AUTO
2026-07-11 20:26:02,1783801562,R_75,52845.0243,-1,4.140299999999115,BACKFILL_AUTO
2026-07-11 20:26:04,1783801564,R_75,52855.6602,1,10.63590000000113,BACKFILL_AUTO
2026-07-11 20:26:06,1783801566,R_75,52861.986,1,6.325799999998708,BACKFILL_AUTO
2026-07-11 20:26:08,1783801568,R_75,52865.511,1,3.525000000001455,BACKFILL_AUTO
2026-07-11 20:26:10,1783801570,R_75,52875.5069,1,9.995900000001711,BACKFILL_AUTO
2026-07-11 20:26:12,1783801572,R_75,52860.8583,-1,14.648600000000442,BACKFILL_AUTO
2026-07-11 20:26:14,1783801574,R_75,52861.2381,1,0.3798000000024331,BACKFILL_AUTO
2026-07-11 20:26:16,1783801576,R_75,52862.7722,1,1.5340999999971245,BACKFILL_AUTO
2026-07-11 20:26:18,1783801578,R_75,52862.7955,1,0.023300000000745058,BACKFILL_AUTO
2026-07-11 20:26:20,1783801580,R_75,52864.4792,1,1.6837000000014086,BACKFILL_AUTO
2026-07-11 20:26:22,1783801582,R_75,52856.9403,-1,7.538899999999558,BACKFILL_AUTO
2026-07-11 20:26:24,1783801584,R_75,52867.5077,1,10.567399999999907,BACKFILL_AUTO
2026-07-11 20:26:26,1783801586,R_75,52879.4265,1,11.918799999999464,BACKFILL_AUTO
2026-07-11 20:26:28,1783801588,R_75,52865.1169,-1,14.3096000000005,BACKFILL_AUTO
2026-07-11 20:26:30,1783801590,R_75,52868.5257,1,3.408799999997427,BACKFILL_AUTO
2026-07-11 20:26:32,1783801592,R_75,52877.137,1,8.611300000004121,BACKFILL_AUTO
2026-07-11 20:26:34,1783801594,R_75,52883.083,1,5.945999999996275,BACKFILL_AUTO
2026-07-11 20:26:36,1783801596,R_75,52877.8445,-1,5.238499999999476,BACKFILL_AUTO
2026-07-11 20:26:38,1783801598,R_75,52888.9017,1,11.057200000002922,BACKFILL_AUTO
2026-07-11 20:26:40,1783801600,R_75,52890.5709,1,1.6691999999966356,BACKFILL_AUTO
2026-07-11 20:26:42,1783801602,R_75,52899.2977,1,8.726800000004005,BACKFILL_AUTO
2026-07-11 20:26:44,1783801604,R_75,52885.7015,-1,13.596199999999953,BACKFILL_AUTO
2026-07-11 20:26:46,1783801606,R_75,52870.2852,-1,15.416300000004412,BACKFILL_AUTO
2026-07-11 20:26:48,1783801608,R_75,52884.2913,1,14.006099999998696,BACKFILL_AUTO
2026-07-11 20:26:50,1783801610,R_75,52877.2448,-1,7.04649999999674,BACKFILL_AUTO
2026-07-11 20:26:52,1783801612,R_75,52876.3815,-1,0.8632999999972526,BACKFILL_AUTO
2026-07-11 20:26:54,1783801614,R_75,52870.9686,-1,5.412900000002992,BACKFILL_AUTO
2026-07-11 20:26:56,1783801616,R_75,52873.1973,1,2.2286999999996624,BACKFILL_AUTO
2026-07-11 20:26:58,1783801618,R_75,52886.0075,1,12.810199999999895,BACKFILL_AUTO
2026-07-11 20:27:00,1783801620,R_75,52898.7915,1,12.78399999999965,BACKFILL_AUTO
2026-07-11 20:27:02,1783801622,R_75,52905.1895,1,6.398000000001048,BACKFILL_AUTO
2026-07-11 20:27:04,1783801624,R_75,52916.9958,1,11.806299999996554,BACKFILL_AUTO
2026-07-11 20:27:06,1783801626,R_75,52900.2168,-1,16.778999999994994,BACKFILL_AUTO
2026-07-11 20:27:08,1783801628,R_75,52910.938,1,10.721199999999953,BACKFILL_AUTO
2026-07-11 20:27:10,1783801630,R_75,52911.2945,1,0.356500000001688,BACKFILL_AUTO
2026-07-11 20:27:12,1783801632,R_75,52906.688,-1,4.606500000001688,BACKFILL_AUTO
2026-07-11 20:27:14,1783801634,R_75,52905.1029,-1,1.5851000000038766,BACKFILL_AUTO
2026-07-11 20:27:16,1783801636,R_75,52892.2859,-1,12.81699999999546,BACKFILL_AUTO
2026-07-11 20:27:18,1783801638,R_75,52892.0145,-1,0.27140000000508735,BACKFILL_AUTO
2026-07-11 20:27:20,1783801640,R_75,52912.6156,1,20.60109999999986,BACKFILL_AUTO
2026-07-11 20:27:22,1783801642,R_75,52896.4919,-1,16.12369999999646,BACKFILL_AUTO
2026-07-11 20:27:24,1783801644,R_75,52905.8882,1,9.396300000000338,BACKFILL_AUTO
2026-07-11 20:27:26,1783801646,R_75,52897.3514,-1,8.536800000001676,BACKFILL_AUTO
2026-07-11 20:27:28,1783801648,R_75,52886.2045,-1,11.146899999999732,BACKFILL_AUTO
2026-07-11 20:27:30,1783801650,R_75,52881.8019,-1,4.402600000001257,BACKFILL_AUTO
2026-07-11 20:27:32,1783801652,R_75,52877.9783,-1,3.823599999996077,BACKFILL_AUTO
2026-07-11 20:27:34,1783801654,R_75,52883.5174,1,5.539099999994505,BACKFILL_AUTO
2026-07-11 20:27:36,1783801656,R_75,52885.442,1,1.9246000000057393,BACKFILL_AUTO
2026-07-11 20:27:38,1783801658,R_75,52877.9209,-1,7.52110000000539,BACKFILL_AUTO
2026-07-11 20:27:40,1783801660,R_75,52890.166,1,12.245100000000093,BACKFILL_AUTO
2026-07-11 20:27:42,1783801662,R_75,52875.4084,-1,14.757599999997183,BACKFILL_AUTO
2026-07-11 20:27:44,1783801664,R_75,52881.4905,1,6.0820999999996275,BACKFILL_AUTO
2026-07-11 20:27:46,1783801666,R_75,52882.7626,1,1.2721000000019558,BACKFILL_AUTO
2026-07-11 20:27:48,1783801668,R_75,52892.4683,1,9.705699999998615,BACKFILL_AUTO
2026-07-11 20:27:50,1783801670,R_75,52903.0856,1,10.617299999998068,BACKFILL_AUTO
2026-07-11 20:27:52,1783801672,R_75,52885.8782,-1,17.207399999999325,BACKFILL_AUTO
2026-07-11 20:27:54,1783801674,R_75,52889.8603,1,3.9821000000010827,BACKFILL_AUTO
2026-07-11 20:27:56,1783801676,R_75,52899.5726,1,9.712299999999232,BACKFILL_AUTO
2026-07-11 20:27:58,1783801678,R_75,52902.3345,1,2.761899999997695,BACKFILL_AUTO
2026-07-11 20:28:00,1783801680,R_75,52907.878,1,5.543499999999767,BACKFILL_AUTO
2026-07-11 20:28:02,1783801682,R_75,52921.981,1,14.103000000002794,BACKFILL_AUTO
2026-07-11 20:28:04,1783801684,R_75,52933.4811,1,11.500099999997474,BACKFILL_AUTO
2026-07-11 20:28:06,1783801686,R_75,52926.0173,-1,7.463799999997718,BACKFILL_AUTO
2026-07-11 20:28:08,1783801688,R_75,52933.1472,1,7.129899999999907,BACKFILL_AUTO
2026-07-11 20:28:10,1783801690,R_75,52939.9115,1,6.7643000000025495,BACKFILL_AUTO
2026-07-11 20:28:12,1783801692,R_75,52934.5083,-1,5.403200000000652,BACKFILL_AUTO
2026-07-11 20:28:14,1783801694,R_75,52931.8362,-1,2.672100000003411,BACKFILL_AUTO
2026-07-11 20:28:16,1783801696,R_75,52933.1549,1,1.318700000003446,BACKFILL_AUTO
2026-07-11 20:28:18,1783801698,R_75,52942.6408,1,9.485899999999674,BACKFILL_AUTO
2026-07-11 20:28:20,1783801700,R_75,52943.1386,1,0.497799999997369,BACKFILL_AUTO
2026-07-11 20:28:22,1783801702,R_75,52944.4745,1,1.3358999999982188,BACKFILL_AUTO
2026-07-11 20:28:24,1783801704,R_75,52944.8399,1,0.3654000000024098,BACKFILL_AUTO
2026-07-11 20:28:26,1783801706,R_75,52943.609,-1,1.2309000000022934,BACKFILL_AUTO
2026-07-11 20:28:28,1783801708,R_75,52943.069,-1,0.5399999999935972,BACKFILL_AUTO
2026-07-11 20:28:30,1783801710,R_75,52948.4036,1,5.33459999999468,BACKFILL_AUTO
2026-07-11 20:28:32,1783801712,R_75,52965.3489,1,16.945299999999406,BACKFILL_AUTO
2026-07-11 20:28:34,1783801714,R_75,52970.3724,1,5.023500000002969,BACKFILL_AUTO
2026-07-11 20:28:36,1783801716,R_75,52975.8578,1,5.485399999997753,BACKFILL_AUTO
2026-07-11 20:28:38,1783801718,R_75,52980.9106,1,5.052800000004936,BACKFILL_AUTO
2026-07-11 20:28:40,1783801720,R_75,52974.7651,-1,6.145500000005995,BACKFILL_AUTO
2026-07-11 20:28:42,1783801722,R_75,52972.8752,-1,1.8898999999946682,BACKFILL_AUTO
2026-07-11 20:28:44,1783801724,R_75,52975.7694,1,2.8941999999951804,BACKFILL_AUTO
2026-07-11 20:28:46,1783801726,R_75,52978.42,1,2.65060000000085,BACKFILL_AUTO
2026-07-11 20:28:48,1783801728,R_75,52986.9703,1,8.550300000002608,BACKFILL_AUTO
2026-07-11 20:28:50,1783801730,R_75,52980.4239,-1,6.546399999999267,BACKFILL_AUTO
2026-07-11 20:28:52,1783801732,R_75,52972.2054,-1,8.218500000002678,BACKFILL_AUTO
2026-07-11 20:28:54,1783801734,R_75,52978.1362,1,5.930800000001909,BACKFILL_AUTO
2026-07-11 20:28:56,1783801736,R_75,52975.0057,-1,3.1304999999993015,BACKFILL_AUTO
2026-07-11 20:28:58,1783801738,R_75,52969.3645,-1,5.641199999998207,BACKFILL_AUTO
2026-07-11 20:29:00,1783801740,R_75,52977.531,1,8.16649999999936,BACKFILL_AUTO
2026-07-11 20:29:02,1783801742,R_75,52987.4523,1,9.921299999994517,BACKFILL_AUTO
2026-07-11 20:29:04,1783801744,R_75,53016.3467,1,28.89440000000468,BACKFILL_AUTO
2026-07-11 20:29:06,1783801746,R_75,53007.9752,-1,8.371500000001106,BACKFILL_AUTO
2026-07-11 20:29:08,1783801748,R_75,52999.802,-1,8.17319999999745,BACKFILL_AUTO
2026-07-11 20:29:10,1783801750,R_75,53001.9436,1,2.1415999999953783,BACKFILL_AUTO
2026-07-11 20:29:12,1783801752,R_75,52985.9115,-1,16.032099999996717,BACKFILL_AUTO
2026-07-11 20:29:14,1783801754,R_75,52981.2135,-1,4.698000000003958,BACKFILL_AUTO
2026-07-11 20:29:16,1783801756,R_75,52955.8928,-1,25.320699999996577,BACKFILL_AUTO
2026-07-11 20:29:18,1783801758,R_75,52950.6987,-1,5.194100000000617,BACKFILL_AUTO
2026-07-11 20:29:20,1783801760,R_75,52954.7176,1,4.018900000002759,BACKFILL_AUTO
2026-07-11 20:29:22,1783801762,R_75,52950.9717,-1,3.7459000000017113,BACKFILL_AUTO
2026-07-11 20:29:24,1783801764,R_75,52966.8271,1,15.855400000000373,BACKFILL_AUTO
2026-07-11 20:29:26,1783801766,R_75,52977.5847,1,10.757599999997183,BACKFILL_AUTO
2026-07-11 20:29:28,1783801768,R_75,52981.3903,1,3.8055999999996857,BACKFILL_AUTO
2026-07-11 20:29:30,1783801770,R_75,52994.0319,1,12.641600000002654,BACKFILL_AUTO
2026-07-11 20:29:32,1783801772,R_75,52984.7479,-1,9.28399999999965,BACKFILL_AUTO
2026-07-11 20:29:34,1783801774,R_75,52977.1531,-1,7.594799999998941,BACKFILL_AUTO
2026-07-11 20:29:36,1783801776,R_75,52992.7944,1,15.641299999995681,BACKFILL_AUTO
2026-07-11 20:29:38,1783801778,R_75,52992.0982,-1,0.6961999999984982,BACKFILL_AUTO
2026-07-11 20:29:40,1783801780,R_75,53001.5243,1,9.42609999999695,BACKFILL_AUTO
2026-07-11 20:29:42,1783801782,R_75,52991.7838,-1,9.740499999999884,BACKFILL_AUTO
2026-07-11 20:29:44,1783801784,R_75,52990.7331,-1,1.0506999999997788,BACKFILL_AUTO
2026-07-11 20:29:46,1783801786,R_75,53001.3971,1,10.664000000004307,BACKFILL_AUTO
2026-07-11 20:29:48,1783801788,R_75,52991.3009,-1,10.096199999999953,BACKFILL_AUTO
2026-07-11 20:29:50,1783801790,R_75,53002.3943,1,11.093399999997928,BACKFILL_AUTO
2026-07-11 20:29:52,1783801792,R_75,53011.108,1,8.713700000000244,BACKFILL_AUTO
2026-07-11 20:29:54,1783801794,R_75,53037.1925,1,26.084499999997206,BACKFILL_AUTO
2026-07-11 20:29:56,1783801796,R_75,53027.3169,-1,9.875599999999395,BACKFILL_AUTO
2026-07-11 20:29:58,1783801798,R_75,53026.1944,-1,1.1224999999976717,BACKFILL_AUTO
2026-07-11 20:30:00,1783801800,R_75,53019.0623,-1,7.132100000002538,BACKFILL_AUTO
2026-07-11 20:30:02,1783801802,R_75,53027.7662,1,8.70390000000043,BACKFILL_AUTO
2026-07-11 20:30:04,1783801804,R_75,53022.748,-1,5.018199999998615,BACKFILL_AUTO
2026-07-11 20:30:06,1783801806,R_75,53027.4399,1,4.691899999997986,BACKFILL_AUTO
2026-07-11 20:30:08,1783801808,R_75,53053.2587,1,25.81880000000092,BACKFILL_AUTO
2026-07-11 20:30:10,1783801810,R_75,53032.3439,-1,20.91479999999865,BACKFILL_AUTO
2026-07-11 20:30:12,1783801812,R_75,53054.422,1,22.078099999998813,BACKFILL_AUTO
2026-07-11 20:30:14,1783801814,R_75,53056.7704,1,2.3484000000025844,BACKFILL_AUTO
2026-07-11 20:30:16,1783801816,R_75,53057.2054,1,0.4349999999976717,BACKFILL_AUTO
2026-07-11 20:30:18,1783801818,R_75,53059.7688,1,2.563399999999092,BACKFILL_AUTO
2026-07-11 20:30:20,1783801820,R_75,53051.9153,-1,7.853499999997439,BACKFILL_AUTO
2026-07-11 20:30:22,1783801822,R_75,53046.1734,-1,5.741900000000896,BACKFILL_AUTO
2026-07-11 20:30:24,1783801824,R_75,53057.7862,1,11.612800000002608,BACKFILL_AUTO
2026-07-11 20:30:26,1783801826,R_75,53046.1494,-1,11.636800000000221,BACKFILL_AUTO
2026-07-11 20:30:28,1783801828,R_75,53040.583,-1,5.566400000003341,BACKFILL_AUTO
2026-07-11 20:30:30,1783801830,R_75,53036.1929,-1,4.390099999996892,BACKFILL_AUTO
2026-07-11 20:30:32,1783801832,R_75,53041.0989,1,4.905999999995402,BACKFILL_AUTO
2026-07-11 20:30:34,1783801834,R_75,53025.5273,-1,15.57159999999567,BACKFILL_AUTO
2026-07-11 20:30:36,1783801836,R_75,53026.8447,1,1.3173999999999069,BACKFILL_AUTO
2026-07-11 20:30:38,1783801838,R_75,53024.2055,-1,2.6392000000050757,BACKFILL_AUTO
2026-07-11 20:30:40,1783801840,R_75,53033.6396,1,9.434100000005856,BACKFILL_AUTO
2026-07-11 20:30:42,1783801842,R_75,53010.9606,-1,22.679000000003725,BACKFILL_AUTO
2026-07-11 20:30:44,1783801844,R_75,53012.9451,1,1.9844999999986612,BACKFILL_AUTO
2026-07-11 20:30:46,1783801846,R_75,53015.3412,1,2.39610000000539,BACKFILL_AUTO
2026-07-11 20:30:48,1783801848,R_75,53003.9992,-1,11.342000000004191,BACKFILL_AUTO
2026-07-11 20:30:50,1783801850,R_75,53022.2913,1,18.292099999998754,BACKFILL_AUTO
2026-07-11 20:30:52,1783801852,R_75,53032.962,1,10.670700000002398,BACKFILL_AUTO
2026-07-11 20:30:54,1783801854,R_75,53035.1825,1,2.220500000003085,BACKFILL_AUTO
2026-07-11 20:30:56,1783801856,R_75,53038.8163,1,3.633799999995972,BACKFILL_AUTO
2026-07-11 20:30:58,1783801858,R_75,53034.9398,-1,3.8764999999984866,BACKFILL_AUTO
2026-07-11 20:31:00,1783801860,R_75,53029.7707,-1,5.169099999999162,BACKFILL_AUTO
2026-07-11 20:31:02,1783801862,R_75,53036.4988,1,6.728100000000268,BACKFILL_AUTO
2026-07-11 20:31:04,1783801864,R_75,53021.2907,-1,15.20810000000347,BACKFILL_AUTO
2026-07-11 20:31:06,1783801866,R_75,53012.2184,-1,9.072299999999814,BACKFILL_AUTO
2026-07-11 20:31:08,1783801868,R_75,53020.8095,1,8.591100000005099,BACKFILL_AUTO
2026-07-11 20:31:10,1783801870,R_75,53001.162,-1,19.647500000006403,BACKFILL_AUTO
2026-07-11 20:31:12,1783801872,R_75,52999.9723,-1,1.189699999995355,BACKFILL_AUTO
2026-07-11 20:31:14,1783801874,R_75,53018.977,1,19.004699999997683,BACKFILL_AUTO
2026-07-11 20:31:16,1783801876,R_75,53026.5986,1,7.62159999999858,BACKFILL_AUTO
2026-07-11 20:31:18,1783801878,R_75,53060.5605,1,33.96190000000206,BACKFILL_AUTO
2026-07-11 20:31:20,1783801880,R_75,53061.1508,1,0.5903000000034808,BACKFILL_AUTO
2026-07-11 20:31:22,1783801882,R_75,53051.4351,-1,9.715700000000652,BACKFILL_AUTO
2026-07-11 20:31:24,1783801884,R_75,53058.0223,1,6.587199999994482,BACKFILL_AUTO
2026-07-11 20:31:26,1783801886,R_75,53051.9312,-1,6.091099999997823,BACKFILL_AUTO
2026-07-11 20:31:28,1783801888,R_75,53065.9056,1,13.97439999999915,BACKFILL_AUTO
2026-07-11 20:31:30,1783801890,R_75,53064.4667,-1,1.4389000000010128,BACKFILL_AUTO
2026-07-11 20:31:32,1783801892,R_75,53073.9546,1,9.487900000000081,BACKFILL_AUTO
2026-07-11 20:31:34,1783801894,R_75,53079.0911,1,5.136500000000524,BACKFILL_AUTO
2026-07-11 20:31:36,1783801896,R_75,53082.9038,1,3.8127000000022235,BACKFILL_AUTO
2026-07-11 20:31:38,1783801898,R_75,53098.0102,1,15.106399999996938,BACKFILL_AUTO
2026-07-11 20:31:40,1783801900,R_75,53107.3852,1,9.375,BACKFILL_AUTO
2026-07-11 20:31:42,1783801902,R_75,53106.6007,-1,0.7844999999942956,BACKFILL_AUTO
2026-07-11 20:31:44,1783801904,R_75,53089.869,-1,16.73170000000391,BACKFILL_AUTO
2026-07-11 20:31:46,1783801906,R_75,53072.54,-1,17.328999999997905,BACKFILL_AUTO
2026-07-11 20:31:48,1783801908,R_75,53057.6634,-1,14.876600000003236,BACKFILL_AUTO
2026-07-11 20:31:50,1783801910,R_75,53043.1556,-1,14.507799999999406,BACKFILL_AUTO
2026-07-11 20:31:52,1783801912,R_75,53057.9161,1,14.760500000003958,BACKFILL_AUTO
2026-07-11 20:31:54,1783801914,R_75,53044.6853,-1,13.23080000000482,BACKFILL_AUTO
2026-07-11 20:31:56,1783801916,R_75,53057.1198,1,12.434500000003027,BACKFILL_AUTO
2026-07-11 20:31:58,1783801918,R_75,53062.4294,1,5.309600000000501,BACKFILL_AUTO
2026-07-11 20:32:00,1783801920,R_75,53060.7005,-1,1.728900000001886,BACKFILL_AUTO
2026-07-11 20:32:02,1783801922,R_75,53064.0513,1,3.350800000000163,BACKFILL_AUTO
2026-07-11 20:32:04,1783801924,R_75,53060.6157,-1,3.4355999999970663,BACKFILL_AUTO
2026-07-11 20:32:06,1783801926,R_75,53060.2886,-1,0.3271000000022468,BACKFILL_AUTO
2026-07-11 20:32:08,1783801928,R_75,53064.4153,1,4.12670000000071,BACKFILL_AUTO
2026-07-11 20:32:10,1783801930,R_75,53067.8915,1,3.476199999997334,BACKFILL_AUTO
2026-07-11 20:32:12,1783801932,R_75,53070.0275,1,2.135999999998603,BACKFILL_AUTO
2026-07-11 20:32:14,1783801934,R_75,53083.5629,1,13.535400000000664,BACKFILL_AUTO
2026-07-11 20:32:16,1783801936,R_75,53072.9426,-1,10.62029999999504,BACKFILL_AUTO
2026-07-11 20:32:18,1783801938,R_75,53070.8548,-1,2.0878000000011525,BACKFILL_AUTO
2026-07-11 20:32:20,1783801940,R_75,53073.1886,1,2.3338000000003376,BACKFILL_AUTO
2026-07-11 20:32:22,1783801942,R_75,53064.373,-1,8.815600000001723,BACKFILL_AUTO
2026-07-11 20:32:24,1783801944,R_75,53056.8525,-1,7.520499999998719,BACKFILL_AUTO
2026-07-11 20:32:26,1783801946,R_75,53071.299,1,14.446499999998196,BACKFILL_AUTO
2026-07-11 20:32:28,1783801948,R_75,53065.2731,-1,6.025900000000547,BACKFILL_AUTO
2026-07-11 20:32:30,1783801950,R_75,53055.1043,-1,10.168799999999464,BACKFILL_AUTO
2026-07-11 20:32:32,1783801952,R_75,53062.0527,1,6.948400000001129,BACKFILL_AUTO
2026-07-11 20:32:34,1783801954,R_75,53063.7542,1,1.7015000000028522,BACKFILL_AUTO
2026-07-11 20:32:36,1783801956,R_75,53065.4777,1,1.7235000000000582,BACKFILL_AUTO
2026-07-11 20:32:38,1783801958,R_75,53059.8884,-1,5.589299999999639,BACKFILL_AUTO
2026-07-11 20:32:40,1783801960,R_75,53060.0107,1,0.12229999999544816,BACKFILL_AUTO
2026-07-11 20:32:42,1783801962,R_75,53068.8342,1,8.823499999998603,BACKFILL_AUTO
2026-07-11 20:32:44,1783801964,R_75,53058.5134,-1,10.320799999994051,BACKFILL_AUTO
2026-07-11 20:32:46,1783801966,R_75,53063.3969,1,4.883499999996275,BACKFILL_AUTO
2026-07-11 20:32:48,1783801968,R_75,53072.9038,1,9.506900000000314,BACKFILL_AUTO
2026-07-11 20:32:50,1783801970,R_75,53065.3652,-1,7.53859999999986,BACKFILL_AUTO
2026-07-11 20:32:52,1783801972,R_75,53083.6173,1,18.25209999999788,BACKFILL_AUTO
2026-07-11 20:32:54,1783801974,R_75,53074.248,-1,9.369299999998475,BACKFILL_AUTO
2026-07-11 20:32:56,1783801976,R_75,53060.9391,-1,13.308899999996356,BACKFILL_AUTO
2026-07-11 20:32:58,1783801978,R_75,53074.8137,1,13.874599999995553,BACKFILL_AUTO
2026-07-11 20:33:00,1783801980,R_75,53086.455,1,11.641300000002957,BACKFILL_AUTO
2026-07-11 20:33:02,1783801982,R_75,53094.2502,1,7.795200000000477,BACKFILL_AUTO
2026-07-11 20:33:04,1783801984,R_75,53114.7155,1,20.465299999996205,BACKFILL_AUTO
2026-07-11 20:33:06,1783801986,R_75,53111.9059,-1,2.8096000000005006,BACKFILL_AUTO
2026-07-11 20:33:08,1783801988,R_75,53114.2171,1,2.311200000003737,BACKFILL_AUTO
2026-07-11 20:33:10,1783801990,R_75,53124.2089,1,9.991799999996147,BACKFILL_AUTO
2026-07-11 20:33:12,1783801992,R_75,53119.1655,-1,5.043399999995017,BACKFILL_AUTO
2026-07-11 20:33:14,1783801994,R_75,53108.7228,-1,10.442699999999604,BACKFILL_AUTO
2026-07-11 20:33:16,1783801996,R_75,53110.9088,1,2.1859999999942374,BACKFILL_AUTO
2026-07-11 20:33:18,1783801998,R_75,53098.0652,-1,12.843600000000151,BACKFILL_AUTO
2026-07-11 20:33:20,1783802000,R_75,53110.47,1,12.404800000003888,BACKFILL_AUTO
2026-07-11 20:33:22,1783802002,R_75,53121.2539,1,10.783900000002177,BACKFILL_AUTO
2026-07-11 20:33:24,1783802004,R_75,53128.911,1,7.657099999996717,BACKFILL_AUTO
2026-07-11 20:33:26,1783802006,R_75,53121.4409,-1,7.470099999998638,BACKFILL_AUTO
2026-07-11 20:33:28,1783802008,R_75,53137.3807,1,15.939800000000105,BACKFILL_AUTO
2026-07-11 20:33:30,1783802010,R_75,53128.8784,-1,8.502300000000105,BACKFILL_AUTO
2026-07-11 20:33:32,1783802012,R_75,53127.4444,-1,1.434000000001106,BACKFILL_AUTO
2026-07-11 20:33:34,1783802014,R_75,53117.1173,-1,10.327100000002247,BACKFILL_AUTO
2026-07-11 20:33:36,1783802016,R_75,53118.3196,1,1.2023000000044703,BACKFILL_AUTO
2026-07-11 20:33:38,1783802018,R_75,53119.5996,1,1.2799999999988358,BACKFILL_AUTO
2026-07-11 20:33:40,1783802020,R_75,53147.0605,1,27.46089999999822,BACKFILL_AUTO
2026-07-11 20:33:42,1783802022,R_75,53148.8811,1,1.8205999999991036,BACKFILL_AUTO
2026-07-11 20:33:44,1783802024,R_75,53157.0649,1,8.183799999998882,BACKFILL_AUTO
2026-07-11 20:33:46,1783802026,R_75,53138.8143,-1,18.250599999999395,BACKFILL_AUTO
2026-07-11 20:33:48,1783802028,R_75,53145.4246,1,6.610300000000279,BACKFILL_AUTO
2026-07-11 20:33:50,1783802030,R_75,53148.8238,1,3.399199999999837,BACKFILL_AUTO
2026-07-11 20:33:52,1783802032,R_75,53148.3055,-1,0.5182999999960884,BACKFILL_AUTO
2026-07-11 20:33:54,1783802034,R_75,53152.1558,1,3.850299999998242,BACKFILL_AUTO
2026-07-11 20:33:56,1783802036,R_75,53138.9336,-1,13.222200000003795,BACKFILL_AUTO
2026-07-11 20:33:58,1783802038,R_75,53125.9773,-1,12.95629999999801,BACKFILL_AUTO
2026-07-11 20:34:00,1783802040,R_75,53136.729,1,10.75170000000071,BACKFILL_AUTO
2026-07-11 20:34:02,1783802042,R_75,53126.5882,-1,10.140800000001036,BACKFILL_AUTO
2026-07-11 20:34:04,1783802044,R_75,53120.4847,-1,6.103499999997439,BACKFILL_AUTO
2026-07-11 20:34:06,1783802046,R_75,53112.5409,-1,7.94380000000092,BACKFILL_AUTO
2026-07-11 20:34:08,1783802048,R_75,53118.4378,1,5.896899999999732,BACKFILL_AUTO
2026-07-11 20:34:10,1783802050,R_75,53131.57,1,13.132200000000012,BACKFILL_AUTO
2026-07-11 20:34:12,1783802052,R_75,53128.3256,-1,3.2444000000032247,BACKFILL_AUTO
2026-07-11 20:34:14,1783802054,R_75,53121.5822,-1,6.743399999999383,BACKFILL_AUTO
2026-07-11 20:34:16,1783802056,R_75,53127.3469,1,5.764699999999721,BACKFILL_AUTO
2026-07-11 20:34:18,1783802058,R_75,53125.6346,-1,1.7122999999992317,BACKFILL_AUTO
2026-07-11 20:34:20,1783802060,R_75,53120.7331,-1,4.901499999999942,BACKFILL_AUTO
2026-07-11 20:34:22,1783802062,R_75,53116.7116,-1,4.021499999995285,BACKFILL_AUTO
2026-07-11 20:34:24,1783802064,R_75,53105.069,-1,11.64259999999922,BACKFILL_AUTO
2026-07-11 20:34:26,1783802066,R_75,53113.0228,1,7.953799999995681,BACKFILL_AUTO
2026-07-11 20:34:28,1783802068,R_75,53134.5316,1,21.508800000003248,BACKFILL_AUTO
2026-07-11 20:34:30,1783802070,R_75,53123.9583,-1,10.573300000003655,BACKFILL_AUTO
2026-07-11 20:34:32,1783802072,R_75,53122.3504,-1,1.6078999999954249,BACKFILL_AUTO
2026-07-11 20:34:34,1783802074,R_75,53134.3234,1,11.972999999998137,BACKFILL_AUTO
2026-07-11 20:34:36,1783802076,R_75,53137.5068,1,3.1834000000017113,BACKFILL_AUTO
2026-07-11 20:34:38,1783802078,R_75,53140.6868,1,3.180000000000291,BACKFILL_AUTO
2026-07-11 20:34:40,1783802080,R_75,53133.6011,-1,7.085700000003271,BACKFILL_AUTO
2026-07-11 20:34:42,1783802082,R_75,53135.665,1,2.063900000001013,BACKFILL_AUTO
2026-07-11 20:34:44,1783802084,R_75,53120.0189,-1,15.646099999998114,BACKFILL_AUTO
2026-07-11 20:34:46,1783802086,R_75,53114.5798,-1,5.439100000003236,BACKFILL_AUTO
2026-07-11 20:34:48,1783802088,R_75,53123.2613,1,8.681499999998778,BACKFILL_AUTO
2026-07-11 20:34:50,1783802090,R_75,53118.1313,-1,5.129999999997381,BACKFILL_AUTO
2026-07-11 20:34:52,1783802092,R_75,53114.205,-1,3.9262999999991735,BACKFILL_AUTO
2026-07-11 20:34:54,1783802094,R_75,53111.4857,-1,2.7193000000042957,BACKFILL_AUTO
2026-07-11 20:34:56,1783802096,R_75,53124.5121,1,13.026400000002468,BACKFILL_AUTO
2026-07-11 20:34:58,1783802098,R_75,53118.6167,-1,5.895400000001246,BACKFILL_AUTO
2026-07-11 20:35:00,1783802100,R_75,53125.2328,1,6.616099999999278,BACKFILL_AUTO
2026-07-11 20:35:02,1783802102,R_75,53138.667,1,13.43420000000333,BACKFILL_AUTO
2026-07-11 20:35:04,1783802104,R_75,53130.6479,-1,8.019099999997707,BACKFILL_AUTO
2026-07-11 20:35:06,1783802106,R_75,53131.194,1,0.5460999999995693,BACKFILL_AUTO
2026-07-11 20:35:08,1783802108,R_75,53143.9071,1,12.713099999993574,BACKFILL_AUTO
2026-07-11 20:35:10,1783802110,R_75,53144.1676,1,0.2605000000039581,BACKFILL_AUTO
2026-07-11 20:35:12,1783802112,R_75,53138.1215,-1,6.046099999999569,BACKFILL_AUTO
2026-07-11 20:35:14,1783802114,R_75,53140.1474,1,2.025900000000547,BACKFILL_AUTO
2026-07-11 20:35:16,1783802116,R_75,53135.8964,-1,4.251000000003842,BACKFILL_AUTO
2026-07-11 20:35:18,1783802118,R_75,53148.9857,1,13.08929999999964,BACKFILL_AUTO
2026-07-11 20:35:20,1783802120,R_75,53165.5702,1,16.584500000004482,BACKFILL_AUTO
2026-07-11 20:35:22,1783802122,R_75,53159.9457,-1,5.624500000005355,BACKFILL_AUTO
2026-07-11 20:35:24,1783802124,R_75,53155.0618,-1,4.883899999993446,BACKFILL_AUTO
2026-07-11 20:35:26,1783802126,R_75,53152.7084,-1,2.353399999999965,BACKFILL_AUTO
2026-07-11 20:35:28,1783802128,R_75,53167.0651,1,14.356699999996636,BACKFILL_AUTO
2026-07-11 20:35:30,1783802130,R_75,53164.9977,-1,2.067399999999907,BACKFILL_AUTO
2026-07-11 20:35:32,1783802132,R_75,53172.9331,1,7.935400000002119,BACKFILL_AUTO
2026-07-11 20:35:34,1783802134,R_75,53176.5322,1,3.599099999999453,BACKFILL_AUTO
2026-07-11 20:35:36,1783802136,R_75,53188.372,1,11.83980000000156,BACKFILL_AUTO
2026-07-11 20:35:38,1783802138,R_75,53175.9038,-1,12.46820000000298,BACKFILL_AUTO
2026-07-11 20:35:40,1783802140,R_75,53167.3199,-1,8.583899999997811,BACKFILL_AUTO
2026-07-11 20:35:42,1783802142,R_75,53180.5068,1,13.186900000000605,BACKFILL_AUTO
2026-07-11 20:35:44,1783802144,R_75,53174.1017,-1,6.405100000003586,BACKFILL_AUTO
2026-07-11 20:35:46,1783802146,R_75,53163.8967,-1,10.205000000001746,BACKFILL_AUTO
2026-07-11 20:35:48,1783802148,R_75,53181.5767,1,17.68000000000029,BACKFILL_AUTO
2026-07-11 20:35:50,1783802150,R_75,53157.6161,-1,23.96059999999852,BACKFILL_AUTO
2026-07-11 20:35:52,1783802152,R_75,53140.6594,-1,16.956700000002456,BACKFILL_AUTO
2026-07-11 20:35:54,1783802154,R_75,53162.2295,1,21.57010000000446,BACKFILL_AUTO
2026-07-11 20:35:56,1783802156,R_75,53162.2894,1,0.059900000000197906,BACKFILL_AUTO
2026-07-11 20:35:58,1783802158,R_75,53171.8181,1,9.528699999995297,BACKFILL_AUTO
2026-07-11 20:36:00,1783802160,R_75,53162.582,-1,9.236099999994622,BACKFILL_AUTO
2026-07-11 20:36:02,1783802162,R_75,53154.678,-1,7.90400000000227,BACKFILL_AUTO
2026-07-11 20:36:04,1783802164,R_75,53168.6698,1,13.991800000003423,BACKFILL_AUTO
2026-07-11 20:36:06,1783802166,R_75,53163.4255,-1,5.244300000005751,BACKFILL_AUTO
2026-07-11 20:36:08,1783802168,R_75,53163.2999,-1,0.12559999999939464,BACKFILL_AUTO
2026-07-11 20:36:10,1783802170,R_75,53159.1796,-1,4.120299999995041,BACKFILL_AUTO
2026-07-11 20:36:12,1783802172,R_75,53157.8975,-1,1.282100000003993,BACKFILL_AUTO
2026-07-11 20:36:14,1783802174,R_75,53164.8817,1,6.984199999998964,BACKFILL_AUTO
2026-07-11 20:36:16,1783802176,R_75,53165.9882,1,1.106500000001688,BACKFILL_AUTO
2026-07-11 20:36:18,1783802178,R_75,53173.1022,1,7.114000000001397,BACKFILL_AUTO
2026-07-11 20:36:20,1783802180,R_75,53175.8742,1,2.771999999997206,BACKFILL_AUTO
2026-07-11 20:36:22,1783802182,R_75,53171.0451,-1,4.829099999995378,BACKFILL_AUTO
2026-07-11 20:36:24,1783802184,R_75,53171.5862,1,0.5410999999949127,BACKFILL_AUTO
2026-07-11 20:36:26,1783802186,R_75,53175.5842,1,3.9979999999995925,BACKFILL_AUTO
2026-07-11 20:36:28,1783802188,R_75,53185.7588,1,10.17460000000574,BACKFILL_AUTO
2026-07-11 20:36:30,1783802190,R_75,53175.2296,-1,10.529200000004494,BACKFILL_AUTO
2026-07-11 20:36:32,1783802192,R_75,53174.7609,-1,0.4686999999976251,BACKFILL_AUTO
2026-07-11 20:36:34,1783802194,R_75,53170.4218,-1,4.3391000000046915,BACKFILL_AUTO
2026-07-11 20:36:36,1783802196,R_75,53177.2494,1,6.827600000004168,BACKFILL_AUTO
2026-07-11 20:36:38,1783802198,R_75,53184.8882,1,7.638800000000629,BACKFILL_AUTO
2026-07-11 20:36:40,1783802200,R_75,53190.9007,1,6.01249999999709,BACKFILL_AUTO
2026-07-11 20:36:42,1783802202,R_75,53181.357,-1,9.543699999994715,BACKFILL_AUTO
2026-07-11 20:36:44,1783802204,R_75,53190.2642,1,8.90719999999419,BACKFILL_AUTO
2026-07-11 20:36:46,1783802206,R_75,53203.6209,1,13.356700000003912,BACKFILL_AUTO
2026-07-11 20:36:48,1783802208,R_75,53202.6346,-1,0.9863000000041211,BACKFILL_AUTO
2026-07-11 20:36:50,1783802210,R_75,53195.3607,-1,7.27390000000014,BACKFILL_AUTO
2026-07-11 20:36:52,1783802212,R_75,53194.1143,-1,1.2463999999963562,BACKFILL_AUTO
2026-07-11 20:36:54,1783802214,R_75,53189.5963,-1,4.518000000003667,BACKFILL_AUTO
2026-07-11 20:36:56,1783802216,R_75,53208.3351,1,18.738799999999173,BACKFILL_AUTO
2026-07-11 20:36:58,1783802218,R_75,53206.238,-1,2.0970999999990454,BACKFILL_AUTO
2026-07-11 20:37:00,1783802220,R_75,53211.6541,1,5.416100000002189,BACKFILL_AUTO
2026-07-11 20:37:02,1783802222,R_75,53199.6184,-1,12.03570000000036,BACKFILL_AUTO
2026-07-11 20:37:04,1783802224,R_75,53193.4726,-1,6.145799999998417,BACKFILL_AUTO
2026-07-11 20:37:06,1783802226,R_75,53189.7977,-1,3.6748999999981606,BACKFILL_AUTO
2026-07-11 20:37:08,1783802228,R_75,53188.7225,-1,1.0751999999993131,BACKFILL_AUTO
2026-07-11 20:37:10,1783802230,R_75,53191.5328,1,2.810299999997369,BACKFILL_AUTO
2026-07-11 20:37:12,1783802232,R_75,53200.9802,1,9.447399999997288,BACKFILL_AUTO
2026-07-11 20:37:14,1783802234,R_75,53201.4006,1,0.42040000000270084,BACKFILL_AUTO
2026-07-11 20:37:16,1783802236,R_75,53186.6628,-1,14.737800000002608,BACKFILL_AUTO
2026-07-11 20:37:18,1783802238,R_75,53185.9017,-1,0.7610999999960768,BACKFILL_AUTO
2026-07-11 20:37:20,1783802240,R_75,53174.3846,-1,11.517100000004575,BACKFILL_AUTO
2026-07-11 20:37:22,1783802242,R_75,53181.5415,1,7.1569000000017695,BACKFILL_AUTO
2026-07-11 20:37:24,1783802244,R_75,53175.3646,-1,6.176899999998568,BACKFILL_AUTO
2026-07-11 20:37:26,1783802246,R_75,53181.1863,1,5.821700000000419,BACKFILL_AUTO
2026-07-11 20:37:28,1783802248,R_75,53179.7125,-1,1.4737999999997555,BACKFILL_AUTO
2026-07-11 20:37:30,1783802250,R_75,53169.8837,-1,9.828800000002957,BACKFILL_AUTO
2026-07-11 20:37:32,1783802252,R_75,53172.7654,1,2.881699999998091,BACKFILL_AUTO
2026-07-11 20:37:34,1783802254,R_75,53203.0393,1,30.27390000000014,BACKFILL_AUTO
2026-07-11 20:37:36,1783802256,R_75,53202.6767,-1,0.3625999999931082,BACKFILL_AUTO
2026-07-11 20:37:38,1783802258,R_75,53191.9147,-1,10.762000000002445,BACKFILL_AUTO
2026-07-11 20:37:40,1783802260,R_75,53205.2518,1,13.337099999997008,BACKFILL_AUTO
2026-07-11 20:37:42,1783802262,R_75,53213.2508,1,7.999000000003434,BACKFILL_AUTO
2026-07-11 20:37:44,1783802264,R_75,53221.7503,1,8.49949999999808,BACKFILL_AUTO
2026-07-11 20:37:46,1783802266,R_75,53204.3423,-1,17.408000000003085,BACKFILL_AUTO
2026-07-11 20:37:48,1783802268,R_75,53200.4228,-1,3.919499999996333,BACKFILL_AUTO
2026-07-11 20:37:50,1783802270,R_75,53194.0422,-1,6.380599999996775,BACKFILL_AUTO
2026-07-11 20:37:52,1783802272,R_75,53186.8193,-1,7.222900000000664,BACKFILL_AUTO
2026-07-11 20:37:54,1783802274,R_75,53191.8765,1,5.057199999995646,BACKFILL_AUTO
2026-07-11 20:37:56,1783802276,R_75,53175.4149,-1,16.461599999995087,BACKFILL_AUTO
2026-07-11 20:37:58,1783802278,R_75,53179.1042,1,3.689299999998184,BACKFILL_AUTO
2026-07-11 20:38:00,1783802280,R_75,53177.6258,-1,1.478399999999965,BACKFILL_AUTO
2026-07-11 20:38:02,1783802282,R_75,53179.6503,1,2.0244999999995343,BACKFILL_AUTO
2026-07-11 20:38:04,1783802284,R_75,53192.6911,1,13.040799999995215,BACKFILL_AUTO
2026-07-11 20:38:06,1783802286,R_75,53195.2009,1,2.5098000000070897,BACKFILL_AUTO
2026-07-11 20:38:08,1783802288,R_75,53190.7467,-1,4.454200000000128,BACKFILL_AUTO
2026-07-11 20:38:10,1783802290,R_75,53167.3231,-1,23.423600000001898,BACKFILL_AUTO
2026-07-11 20:38:12,1783802292,R_75,53169.5035,1,2.180399999997462,BACKFILL_AUTO
2026-07-11 20:38:14,1783802294,R_75,53164.1593,-1,5.344199999999546,BACKFILL_AUTO
2026-07-11 20:38:16,1783802296,R_75,53171.3769,1,7.217600000003586,BACKFILL_AUTO
2026-07-11 20:38:18,1783802298,R_75,53172.8561,1,1.4791999999943073,BACKFILL_AUTO
2026-07-11 20:38:20,1783802300,R_75,53162.2352,-1,10.620899999994435,BACKFILL_AUTO
2026-07-11 20:38:22,1783802302,R_75,53151.4721,-1,10.76310000000376,BACKFILL_AUTO
2026-07-11 20:38:24,1783802304,R_75,53158.8689,1,7.3968000000022585,BACKFILL_AUTO
2026-07-11 20:38:26,1783802306,R_75,53164.0869,1,5.218000000000757,BACKFILL_AUTO
2026-07-11 20:38:28,1783802308,R_75,53139.1956,-1,24.891300000002957,BACKFILL_AUTO
2026-07-11 20:38:30,1783802310,R_75,53141.846,1,2.6503999999986263,BACKFILL_AUTO
2026-07-11 20:38:32,1783802312,R_75,53131.0256,-1,10.82039999999688,BACKFILL_AUTO
2026-07-11 20:38:34,1783802314,R_75,53118.8477,-1,12.17790000000241,BACKFILL_AUTO
2026-07-11 20:38:36,1783802316,R_75,53122.6515,1,3.8038000000015018,BACKFILL_AUTO
2026-07-11 20:38:38,1783802318,R_75,53118.3743,-1,4.27719999999681,BACKFILL_AUTO
2026-07-11 20:38:40,1783802320,R_75,53111.8483,-1,6.526000000005297,BACKFILL_AUTO
2026-07-11 20:38:42,1783802322,R_75,53121.001,1,9.152699999998731,BACKFILL_AUTO
2026-07-11 20:38:44,1783802324,R_75,53114.6622,-1,6.338799999997718,BACKFILL_AUTO
2026-07-11 20:38:46,1783802326,R_75,53113.4584,-1,1.203799999995681,BACKFILL_AUTO
2026-07-11 20:38:48,1783802328,R_75,53108.3056,-1,5.152800000003481,BACKFILL_AUTO
2026-07-11 20:38:50,1783802330,R_75,53094.2917,-1,14.013899999998102,BACKFILL_AUTO
2026-07-11 20:38:52,1783802332,R_75,53096.9726,1,2.680899999999383,BACKFILL_AUTO
2026-07-11 20:38:54,1783802334,R_75,53111.2551,1,14.282500000001164,BACKFILL_AUTO
2026-07-11 20:38:56,1783802336,R_75,53104.847,-1,6.408100000000559,BACKFILL_AUTO
2026-07-11 20:38:58,1783802338,R_75,53103.03,-1,1.8170000000027358,BACKFILL_AUTO
2026-07-11 20:39:00,1783802340,R_75,53111.1878,1,8.157800000000861,BACKFILL_AUTO
2026-07-11 20:39:02,1783802342,R_75,53106.7955,-1,4.392299999999523,BACKFILL_AUTO
2026-07-11 20:39:04,1783802344,R_75,53111.3979,1,4.602400000003399,BACKFILL_AUTO
2026-07-11 20:39:06,1783802346,R_75,53105.2146,-1,6.1833000000042375,BACKFILL_AUTO
2026-07-11 20:39:08,1783802348,R_75,53109.4884,1,4.273800000002666,BACKFILL_AUTO
2026-07-11 20:39:10,1783802350,R_75,53111.5884,1,2.099999999998545,BACKFILL_AUTO
2026-07-11 20:39:12,1783802352,R_75,53118.6446,1,7.05619999999908,BACKFILL_AUTO
2026-07-11 20:39:14,1783802354,R_75,53120.4513,1,1.8067000000010012,BACKFILL_AUTO
2026-07-11 20:39:16,1783802356,R_75,53119.9002,-1,0.5511000000042259,BACKFILL_AUTO
2026-07-11 20:39:18,1783802358,R_75,53131.0108,1,11.110599999999977,BACKFILL_AUTO
2026-07-11 20:39:20,1783802360,R_75,53147.9167,1,16.905900000005204,BACKFILL_AUTO
2026-07-11 20:39:22,1783802362,R_75,53141.912,-1,6.004700000004959,BACKFILL_AUTO
2026-07-11 20:39:24,1783802364,R_75,53142.2602,1,0.3482000000003609,BACKFILL_AUTO
2026-07-11 20:39:26,1783802366,R_75,53150.3135,1,8.053299999999581,BACKFILL_AUTO
2026-07-11 20:39:28,1783802368,R_75,53161.9314,1,11.617900000004738,BACKFILL_AUTO
2026-07-11 20:39:30,1783802370,R_75,53172.1149,1,10.183499999999185,BACKFILL_AUTO
2026-07-11 20:39:32,1783802372,R_75,53175.8236,1,3.708700000002864,BACKFILL_AUTO
2026-07-11 20:39:34,1783802374,R_75,53164.1067,-1,11.716900000006717,BACKFILL_AUTO
2026-07-11 20:39:36,1783802376,R_75,53163.3559,-1,0.7507999999943422,BACKFILL_AUTO
2026-07-11 20:39:38,1783802378,R_75,53153.9229,-1,9.43300000000454,BACKFILL_AUTO
2026-07-11 20:39:40,1783802380,R_75,53164.773,1,10.850100000003295,BACKFILL_AUTO
2026-07-11 20:39:42,1783802382,R_75,53168.7405,1,3.967499999998836,BACKFILL_AUTO
2026-07-11 20:39:44,1783802384,R_75,53167.8738,-1,0.8666999999986729,BACKFILL_AUTO
2026-07-11 20:39:46,1783802386,R_75,53171.8832,1,4.009399999995367,BACKFILL_AUTO
2026-07-11 20:39:48,1783802388,R_75,53170.0086,-1,1.874599999995553,BACKFILL_AUTO
2026-07-11 20:39:50,1783802390,R_75,53166.9336,-1,3.0750000000043656,BACKFILL_AUTO
2026-07-11 20:39:52,1783802392,R_75,53142.206,-1,24.727599999998347,BACKFILL_AUTO
2026-07-11 20:39:54,1783802394,R_75,53122.4328,-1,19.773199999995995,BACKFILL_AUTO
2026-07-11 20:39:56,1783802396,R_75,53139.9165,1,17.483699999997043,BACKFILL_AUTO
2026-07-11 20:39:58,1783802398,R_75,53142.6286,1,2.712099999997008,BACKFILL_AUTO
2026-07-11 20:40:00,1783802400,R_75,53137.0756,-1,5.552999999999884,BACKFILL_AUTO
2026-07-11 20:40:02,1783802402,R_75,53125.2535,-1,11.82209999999759,BACKFILL_AUTO
2026-07-11 20:40:04,1783802404,R_75,53123.0616,-1,2.191899999997986,BACKFILL_AUTO
2026-07-11 20:40:06,1783802406,R_75,53147.0137,1,23.952100000002247,BACKFILL_AUTO
2026-07-11 20:40:08,1783802408,R_75,53147.623,1,0.6092999999964377,BACKFILL_AUTO
2026-07-11 20:40:10,1783802410,R_75,53135.3166,-1,12.306400000001304,BACKFILL_AUTO
2026-07-11 20:40:12,1783802412,R_75,53123.1058,-1,12.210800000000745,BACKFILL_AUTO
2026-07-11 20:40:14,1783802414,R_75,53107.9005,-1,15.205299999994168,BACKFILL_AUTO
2026-07-11 20:40:16,1783802416,R_75,53115.3446,1,7.444099999993341,BACKFILL_AUTO
2026-07-11 20:40:18,1783802418,R_75,53108.8901,-1,6.454499999999825,BACKFILL_AUTO
2026-07-11 20:40:20,1783802420,R_75,53098.5976,-1,10.292499999995925,BACKFILL_AUTO
2026-07-11 20:40:22,1783802422,R_75,53093.181,-1,5.4166000000041095,BACKFILL_AUTO
2026-07-11 20:40:24,1783802424,R_75,53073.6071,-1,19.573899999995774,BACKFILL_AUTO
2026-07-11 20:40:26,1783802426,R_75,53080.7555,1,7.148399999998219,BACKFILL_AUTO
2026-07-11 20:40:28,1783802428,R_75,53078.6595,-1,2.09599999999773,BACKFILL_AUTO
2026-07-11 20:40:30,1783802430,R_75,53078.8721,1,0.21259999999892898,BACKFILL_AUTO
2026-07-11 20:40:32,1783802432,R_75,53084.2261,1,5.35399999999936,BACKFILL_AUTO
2026-07-11 20:40:34,1783802434,R_75,53083.3667,-1,0.8594000000011874,BACKFILL_AUTO
2026-07-11 20:40:36,1783802436,R_75,53081.0227,-1,2.3439999999973224,BACKFILL_AUTO
2026-07-11 20:40:38,1783802438,R_75,53084.9039,1,3.88119999999617,BACKFILL_AUTO
2026-07-11 20:40:40,1783802440,R_75,53067.8046,-1,17.0992999999944,BACKFILL_AUTO
2026-07-11 20:40:42,1783802442,R_75,53058.8427,-1,8.96190000000206,BACKFILL_AUTO
2026-07-11 20:40:44,1783802444,R_75,53052.5304,-1,6.3122999999977765,BACKFILL_AUTO
2026-07-11 20:40:46,1783802446,R_75,53060.264,1,7.733599999999569,BACKFILL_AUTO
2026-07-11 20:40:48,1783802448,R_75,53046.297,-1,13.967000000004191,BACKFILL_AUTO
2026-07-11 20:40:50,1783802450,R_75,53055.7993,1,9.502300000000105,BACKFILL_AUTO
2026-07-11 20:40:52,1783802452,R_75,53052.3935,-1,3.405800000000454,BACKFILL_AUTO
2026-07-11 20:40:54,1783802454,R_75,53043.6834,-1,8.7100999999966,BACKFILL_AUTO
2026-07-11 20:40:56,1783802456,R_75,53057.1405,1,13.457099999999627,BACKFILL_AUTO
2026-07-11 20:40:58,1783802458,R_75,53047.0867,-1,10.053800000001502,BACKFILL_AUTO
2026-07-11 20:41:00,1783802460,R_75,53049.0014,1,1.9147000000011758,BACKFILL_AUTO
2026-07-11 20:41:02,1783802462,R_75,53067.469,1,18.46759999999631,BACKFILL_AUTO
2026-07-11 20:41:04,1783802464,R_75,53054.4127,-1,13.056299999996554,BACKFILL_AUTO
2026-07-11 20:41:06,1783802466,R_75,53062.5967,1,8.184000000001106,BACKFILL_AUTO
2026-07-11 20:41:08,1783802468,R_75,53053.5428,-1,9.053899999998976,BACKFILL_AUTO
2026-07-11 20:41:10,1783802470,R_75,53056.3642,1,2.8214000000007218,BACKFILL_AUTO
2026-07-11 20:41:12,1783802472,R_75,53050.3038,-1,6.060400000002119,BACKFILL_AUTO
2026-07-11 20:41:14,1783802474,R_75,53041.1047,-1,9.199099999997998,BACKFILL_AUTO
2026-07-11 20:41:16,1783802476,R_75,53037.1315,-1,3.973200000000361,BACKFILL_AUTO
2026-07-11 20:41:18,1783802478,R_75,53043.5588,1,6.427299999995739,BACKFILL_AUTO
2026-07-11 20:41:20,1783802480,R_75,53033.1684,-1,10.390399999996589,BACKFILL_AUTO
2026-07-11 20:41:22,1783802482,R_75,53034.1654,1,0.9969999999957508,BACKFILL_AUTO
2026-07-11 20:41:24,1783802484,R_75,53029.4451,-1,4.7203000000008615,BACKFILL_AUTO
2026-07-11 20:41:26,1783802486,R_75,53040.628,1,11.18289999999979,BACKFILL_AUTO
2026-07-11 20:41:28,1783802488,R_75,53043.0325,1,2.404500000004191,BACKFILL_AUTO
2026-07-11 20:41:30,1783802490,R_75,53054.3518,1,11.319299999995565,BACKFILL_AUTO
2026-07-11 20:41:32,1783802492,R_75,53047.0372,-1,7.314599999997881,BACKFILL_AUTO
2026-07-11 20:41:34,1783802494,R_75,53045.8411,-1,1.1961000000010245,BACKFILL_AUTO
2026-07-11 20:41:36,1783802496,R_75,53050.39,1,4.548900000001595,BACKFILL_AUTO
2026-07-11 20:41:38,1783802498,R_75,53050.5409,1,0.15090000000054715,BACKFILL_AUTO
2026-07-11 20:41:40,1783802500,R_75,53053.6441,1,3.1031999999977415,BACKFILL_AUTO
2026-07-11 20:41:42,1783802502,R_75,53057.7943,1,4.150200000003679,BACKFILL_AUTO
2026-07-11 20:41:44,1783802504,R_75,53063.2335,1,5.43920000000071,BACKFILL_AUTO
2026-07-11 20:41:46,1783802506,R_75,53053.0594,-1,10.174100000003818,BACKFILL_AUTO
2026-07-11 20:41:48,1783802508,R_75,53041.3181,-1,11.741300000001502,BACKFILL_AUTO
2026-07-11 20:41:50,1783802510,R_75,53035.3283,-1,5.989799999995739,BACKFILL_AUTO
2026-07-11 20:41:52,1783802512,R_75,53046.0862,1,10.75789999999688,BACKFILL_AUTO
2026-07-11 20:41:54,1783802514,R_75,53036.1377,-1,9.948499999998603,BACKFILL_AUTO
2026-07-11 20:41:56,1783802516,R_75,53032.8391,-1,3.2986000000018976,BACKFILL_AUTO
2026-07-11 20:41:58,1783802518,R_75,53012.3966,-1,20.44249999999738,BACKFILL_AUTO
2026-07-11 20:42:00,1783802520,R_75,53000.402,-1,11.994599999998172,BACKFILL_AUTO
2026-07-11 20:42:02,1783802522,R_75,52993.1834,-1,7.218600000000151,BACKFILL_AUTO
2026-07-11 20:42:04,1783802524,R_75,52985.8577,-1,7.325700000001234,BACKFILL_AUTO
2026-07-11 20:42:06,1783802526,R_75,52976.0359,-1,9.821799999997893,BACKFILL_AUTO
2026-07-11 20:42:08,1783802528,R_75,52975.2812,-1,0.7547000000049593,BACKFILL_AUTO
2026-07-11 20:42:10,1783802530,R_75,52983.8382,1,8.557000000000698,BACKFILL_AUTO
2026-07-11 20:42:12,1783802532,R_75,52968.6305,-1,15.207699999999022,BACKFILL_AUTO
2026-07-11 20:42:14,1783802534,R_75,52965.339,-1,3.2914999999993597,BACKFILL_AUTO
2026-07-11 20:42:16,1783802536,R_75,52964.497,-1,0.841999999996915,BACKFILL_AUTO
2026-07-11 20:42:18,1783802538,R_75,52970.1554,1,5.658400000000256,BACKFILL_AUTO
2026-07-11 20:42:20,1783802540,R_75,52978.2349,1,8.079499999999825,BACKFILL_AUTO
2026-07-11 20:42:22,1783802542,R_75,52988.059,1,9.824099999997998,BACKFILL_AUTO
2026-07-11 20:42:24,1783802544,R_75,52986.9892,-1,1.0697999999974854,BACKFILL_AUTO
2026-07-11 20:42:26,1783802546,R_75,52960.7744,-1,26.21480000000156,BACKFILL_AUTO
2026-07-11 20:42:28,1783802548,R_75,52958.3736,-1,2.4008000000030734,BACKFILL_AUTO
2026-07-11 20:42:30,1783802550,R_75,52954.1372,-1,4.236400000001595,BACKFILL_AUTO
2026-07-11 20:42:32,1783802552,R_75,52945.9275,-1,8.20969999999943,BACKFILL_AUTO
2026-07-11 20:42:34,1783802554,R_75,52946.5511,1,0.6235999999989872,BACKFILL_AUTO
2026-07-11 20:42:36,1783802556,R_75,52942.3104,-1,4.240699999994831,BACKFILL_AUTO
2026-07-11 20:42:38,1783802558,R_75,52951.8012,1,9.490799999999581,BACKFILL_AUTO
2026-07-11 20:42:40,1783802560,R_75,52952.7568,1,0.9556000000011409,BACKFILL_AUTO
2026-07-11 20:42:42,1783802562,R_75,52949.8433,-1,2.9135000000023865,BACKFILL_AUTO
2026-07-11 20:42:44,1783802564,R_75,52950.5777,1,0.7344000000011874,BACKFILL_AUTO
2026-07-11 20:42:46,1783802566,R_75,52956.8018,1,6.224099999999453,BACKFILL_AUTO
2026-07-11 20:42:48,1783802568,R_75,52969.3417,1,12.539899999996123,BACKFILL_AUTO
2026-07-11 20:42:50,1783802570,R_75,52970.8536,1,1.511900000004971,BACKFILL_AUTO
2026-07-11 20:42:52,1783802572,R_75,52983.571,1,12.717400000001362,BACKFILL_AUTO
2026-07-11 20:42:54,1783802574,R_75,52977.7887,-1,5.782300000006217,BACKFILL_AUTO
2026-07-11 20:42:56,1783802576,R_75,52969.9247,-1,7.863999999994121,BACKFILL_AUTO
2026-07-11 20:42:58,1783802578,R_75,52962.0366,-1,7.88810000000376,BACKFILL_AUTO
2026-07-11 20:43:00,1783802580,R_75,52968.9997,1,6.96310000000085,BACKFILL_AUTO
2026-07-11 20:43:02,1783802582,R_75,52976.6116,1,7.61189999999624,BACKFILL_AUTO
2026-07-11 20:43:04,1783802584,R_75,52987.1229,1,10.511300000005576,BACKFILL_AUTO
2026-07-11 20:43:06,1783802586,R_75,52990.4932,1,3.3702999999950407,BACKFILL_AUTO
2026-07-11 20:43:08,1783802588,R_75,52977.6009,-1,12.892299999999523,BACKFILL_AUTO
2026-07-11 20:43:10,1783802590,R_75,52964.3106,-1,13.29030000000057,BACKFILL_AUTO
2026-07-11 20:43:12,1783802592,R_75,52979.2578,1,14.94720000000234,BACKFILL_AUTO
2026-07-11 20:43:14,1783802594,R_75,52979.2185,-1,0.03929999999672873,BACKFILL_AUTO
2026-07-11 20:43:16,1783802596,R_75,52988.8445,1,9.625999999996566,BACKFILL_AUTO
2026-07-11 20:43:18,1783802598,R_75,53005.074,1,16.22950000000128,BACKFILL_AUTO
2026-07-11 20:43:20,1783802600,R_75,53012.1959,1,7.121899999998277,BACKFILL_AUTO
2026-07-11 20:43:22,1783802602,R_75,53001.8655,-1,10.330399999998917,BACKFILL_AUTO
2026-07-11 20:43:24,1783802604,R_75,53001.6797,-1,0.18579999999928987,BACKFILL_AUTO
2026-07-11 20:43:26,1783802606,R_75,53014.8561,1,13.176399999996647,BACKFILL_AUTO
2026-07-11 20:43:28,1783802608,R_75,53014.4122,-1,0.44389999999839347,BACKFILL_AUTO
2026-07-11 20:43:30,1783802610,R_75,53008.3692,-1,6.042999999997846,BACKFILL_AUTO
2026-07-11 20:43:32,1783802612,R_75,53005.6829,-1,2.6863000000012107,BACKFILL_AUTO
2026-07-11 20:43:34,1783802614,R_75,53000.1832,-1,5.499700000000303,BACKFILL_AUTO
2026-07-11 20:43:36,1783802616,R_75,52998.7521,-1,1.4311000000016065,BACKFILL_AUTO
2026-07-11 20:43:38,1783802618,R_75,53010.4672,1,11.715100000001257,BACKFILL_AUTO
2026-07-11 20:43:40,1783802620,R_75,53018.3885,1,7.921300000001793,BACKFILL_AUTO
2026-07-11 20:43:42,1783802622,R_75,52997.1171,-1,21.27139999999781,BACKFILL_AUTO
2026-07-11 20:43:44,1783802624,R_75,52993.9893,-1,3.1278000000020256,BACKFILL_AUTO
2026-07-11 20:43:46,1783802626,R_75,52982.8596,-1,11.129699999997683,BACKFILL_AUTO
2026-07-11 20:43:48,1783802628,R_75,52987.601,1,4.7413999999989755,BACKFILL_AUTO
2026-07-11 20:43:50,1783802630,R_75,52984.3875,-1,3.213500000005297,BACKFILL_AUTO
2026-07-11 20:43:52,1783802632,R_75,52976.5432,-1,7.84429999999702,BACKFILL_AUTO
2026-07-11 20:43:54,1783802634,R_75,52965.2535,-1,11.289700000001176,BACKFILL_AUTO
2026-07-11 20:43:56,1783802636,R_75,52957.8575,-1,7.39600000000064,BACKFILL_AUTO
2026-07-11 20:43:58,1783802638,R_75,52959.2773,1,1.4198000000033062,BACKFILL_AUTO
2026-07-11 20:44:00,1783802640,R_75,52951.5622,-1,7.715100000001257,BACKFILL_AUTO
2026-07-11 20:44:02,1783802642,R_75,52954.3703,1,2.808100000002014,BACKFILL_AUTO
2026-07-11 20:44:04,1783802644,R_75,52937.549,-1,16.821300000003248,BACKFILL_AUTO
2026-07-11 20:44:06,1783802646,R_75,52941.2245,1,3.6754999999975553,BACKFILL_AUTO
2026-07-11 20:44:08,1783802648,R_75,52938.054,-1,3.1705000000001746,BACKFILL_AUTO
2026-07-11 20:44:10,1783802650,R_75,52945.9717,1,7.917700000005425,BACKFILL_AUTO
2026-07-11 20:44:12,1783802652,R_75,52937.502,-1,8.469700000001467,BACKFILL_AUTO
2026-07-11 20:44:14,1783802654,R_75,52930.6467,-1,6.855300000002899,BACKFILL_AUTO
2026-07-11 20:44:16,1783802656,R_75,52935.686,1,5.039300000004005,BACKFILL_AUTO
2026-07-11 20:44:18,1783802658,R_75,52941.2549,1,5.5688999999983935,BACKFILL_AUTO
2026-07-11 20:44:20,1783802660,R_75,52936.3557,-1,4.899199999999837,BACKFILL_AUTO
2026-07-11 20:44:22,1783802662,R_75,52930.3638,-1,5.991900000000896,BACKFILL_AUTO
2026-07-11 20:44:24,1783802664,R_75,52940.696,1,10.332200000004377,BACKFILL_AUTO
2026-07-11 20:44:26,1783802666,R_75,52942.3601,1,1.6640999999945052,BACKFILL_AUTO
2026-07-11 20:44:28,1783802668,R_75,52940.4515,-1,1.9085999999952037,BACKFILL_AUTO
2026-07-11 20:44:30,1783802670,R_75,52929.1983,-1,11.253200000006473,BACKFILL_AUTO
2026-07-11 20:44:32,1783802672,R_75,52937.4417,1,8.243400000006659,BACKFILL_AUTO
2026-07-11 20:44:34,1783802674,R_75,52940.846,1,3.4042999999946915,BACKFILL_AUTO
2026-07-11 20:44:36,1783802676,R_75,52939.5405,-1,1.305499999994936,BACKFILL_AUTO
2026-07-11 20:44:38,1783802678,R_75,52932.1025,-1,7.438000000001921,BACKFILL_AUTO
2026-07-11 20:44:40,1783802680,R_75,52935.0755,1,2.9729999999981374,BACKFILL_AUTO
2026-07-11 20:44:42,1783802682,R_75,52933.3735,-1,1.701999999997497,BACKFILL_AUTO
2026-07-11 20:44:44,1783802684,R_75,52938.8729,1,5.499400000000605,BACKFILL_AUTO
2026-07-11 20:44:46,1783802686,R_75,52941.8919,1,3.019000000000233,BACKFILL_AUTO
2026-07-11 20:44:48,1783802688,R_75,52933.8197,-1,8.07220000000234,BACKFILL_AUTO
2026-07-11 20:44:50,1783802690,R_75,52930.5412,-1,3.2785000000003492,BACKFILL_AUTO
2026-07-11 20:44:52,1783802692,R_75,52929.7698,-1,0.7713999999978114,BACKFILL_AUTO
2026-07-11 20:44:54,1783802694,R_75,52942.998,1,13.228199999997742,BACKFILL_AUTO
2026-07-11 20:44:56,1783802696,R_75,52940.2689,-1,2.7290999999968335,BACKFILL_AUTO
2026-07-11 20:44:58,1783802698,R_75,52944.9844,1,4.715499999998428,BACKFILL_AUTO
2026-07-11 20:45:00,1783802700,R_75,52938.5363,-1,6.448100000001432,BACKFILL_AUTO
2026-07-11 20:45:02,1783802702,R_75,52929.8864,-1,8.649899999996705,BACKFILL_AUTO
2026-07-11 20:45:04,1783802704,R_75,52939.2215,1,9.3350999999966,BACKFILL_AUTO
2026-07-11 20:45:06,1783802706,R_75,52948.3996,1,9.178099999997357,BACKFILL_AUTO
2026-07-11 20:45:08,1783802708,R_75,52951.1493,1,2.7497000000003027,BACKFILL_AUTO
2026-07-11 20:45:10,1783802710,R_75,52959.2648,1,8.115499999999884,BACKFILL_AUTO
2026-07-11 20:45:12,1783802712,R_75,52954.8663,-1,4.398499999995693,BACKFILL_AUTO
2026-07-11 20:45:14,1783802714,R_75,52961.3713,1,6.504999999997381,BACKFILL_AUTO
2026-07-11 20:45:16,1783802716,R_75,52972.3703,1,10.999000000003434,BACKFILL_AUTO
2026-07-11 20:45:18,1783802718,R_75,52977.3116,1,4.941299999998591,BACKFILL_AUTO
2026-07-11 20:45:20,1783802720,R_75,52977.7123,1,0.4006999999983236,BACKFILL_AUTO
2026-07-11 20:45:22,1783802722,R_75,52976.3958,-1,1.316500000000815,BACKFILL_AUTO
2026-07-11 20:45:24,1783802724,R_75,52970.593,-1,5.80279999999766,BACKFILL_AUTO
2026-07-11 20:45:26,1783802726,R_75,52961.2583,-1,9.33469999999943,BACKFILL_AUTO
2026-07-11 20:45:28,1783802728,R_75,52955.5743,-1,5.684000000001106,BACKFILL_AUTO
2026-07-11 20:45:30,1783802730,R_75,52959.8852,1,4.310899999996764,BACKFILL_AUTO
2026-07-11 20:45:32,1783802732,R_75,52979.3669,1,19.48170000000391,BACKFILL_AUTO
2026-07-11 20:45:34,1783802734,R_75,52997.8978,1,18.530899999997928,BACKFILL_AUTO
2026-07-11 20:45:36,1783802736,R_75,52983.3498,-1,14.547999999995227,BACKFILL_AUTO
2026-07-11 20:45:38,1783802738,R_75,52994.5967,1,11.246899999998277,BACKFILL_AUTO
2026-07-11 20:45:40,1783802740,R_75,53006.0534,1,11.45669999999518,BACKFILL_AUTO
2026-07-11 20:45:42,1783802742,R_75,53005.2547,-1,0.7986999999993714,BACKFILL_AUTO
2026-07-11 20:45:44,1783802744,R_75,52994.5955,-1,10.659199999994598,BACKFILL_AUTO
2026-07-11 20:45:46,1783802746,R_75,52995.8765,1,1.2809999999954016,BACKFILL_AUTO
2026-07-11 20:45:48,1783802748,R_75,52991.5437,-1,4.332799999996496,BACKFILL_AUTO
2026-07-11 20:45:50,1783802750,R_75,52978.8273,-1,12.716400000004796,BACKFILL_AUTO
2026-07-11 20:45:52,1783802752,R_75,52992.0099,1,13.182600000000093,BACKFILL_AUTO
2026-07-11 20:45:54,1783802754,R_75,53009.9517,1,17.941800000000512,BACKFILL_AUTO
2026-07-11 20:45:56,1783802756,R_75,52998.8923,-1,11.059399999998277,BACKFILL_AUTO
2026-07-11 20:45:58,1783802758,R_75,52996.2916,-1,2.600700000002689,BACKFILL_AUTO
2026-07-11 20:46:00,1783802760,R_75,52979.853,-1,16.43859999999404,BACKFILL_AUTO
2026-07-11 20:46:02,1783802762,R_75,52980.8471,1,0.9940999999962514,BACKFILL_AUTO
2026-07-11 20:46:04,1783802764,R_75,52972.8235,-1,8.023600000000442,BACKFILL_AUTO
2026-07-11 20:46:06,1783802766,R_75,52979.0852,1,6.261700000002747,BACKFILL_AUTO
2026-07-11 20:46:08,1783802768,R_75,52971.2645,-1,7.820700000003853,BACKFILL_AUTO
2026-07-11 20:46:10,1783802770,R_75,52959.5263,-1,11.738199999999779,BACKFILL_AUTO
2026-07-11 20:46:12,1783802772,R_75,52959.842,1,0.31569999999919673,BACKFILL_AUTO
2026-07-11 20:46:14,1783802774,R_75,52951.4785,-1,8.363499999999476,BACKFILL_AUTO
2026-07-11 20:46:16,1783802776,R_75,52961.0782,1,9.599700000006123,BACKFILL_AUTO
2026-07-11 20:46:18,1783802778,R_75,52952.5955,-1,8.482700000000477,BACKFILL_AUTO
2026-07-11 20:46:20,1783802780,R_75,52956.7289,1,4.133399999998801,BACKFILL_AUTO
2026-07-11 20:46:22,1783802782,R_75,52944.95,-1,11.778900000004796,BACKFILL_AUTO
2026-07-11 20:46:24,1783802784,R_75,52964.6328,1,19.682800000002317,BACKFILL_AUTO
2026-07-11 20:46:26,1783802786,R_75,52960.9126,-1,3.7201999999961117,BACKFILL_AUTO
2026-07-11 20:46:28,1783802788,R_75,52974.5268,1,13.614199999996345,BACKFILL_AUTO
2026-07-11 20:46:30,1783802790,R_75,52980.8752,1,6.348400000002584,BACKFILL_AUTO
2026-07-11 20:46:32,1783802792,R_75,52986.6877,1,5.8125,BACKFILL_AUTO
2026-07-11 20:46:34,1783802794,R_75,53004.8373,1,18.149599999997008,BACKFILL_AUTO
2026-07-11 20:46:36,1783802796,R_75,53001.3833,-1,3.4539999999979045,BACKFILL_AUTO
2026-07-11 20:46:38,1783802798,R_75,53000.2513,-1,1.131999999997788,BACKFILL_AUTO
2026-07-11 20:46:40,1783802800,R_75,53006.5321,1,6.280799999993178,BACKFILL_AUTO
2026-07-11 20:46:42,1783802802,R_75,53001.2114,-1,5.320699999996577,BACKFILL_AUTO
2026-07-11 20:46:44,1783802804,R_75,53009.9455,1,8.73410000000149,BACKFILL_AUTO
2026-07-11 20:46:46,1783802806,R_75,53012.8107,1,2.8652000000001863,BACKFILL_AUTO
2026-07-11 20:46:48,1783802808,R_75,53011.889,-1,0.9216999999989639,BACKFILL_AUTO
2026-07-11 20:46:50,1783802810,R_75,53015.0633,1,3.174299999998766,BACKFILL_AUTO
2026-07-11 20:46:52,1783802812,R_75,53026.543,1,11.479699999996228,BACKFILL_AUTO
2026-07-11 20:46:54,1783802814,R_75,53016.4116,-1,10.131399999998393,BACKFILL_AUTO
2026-07-11 20:46:56,1783802816,R_75,53022.2389,1,5.827299999997194,BACKFILL_AUTO
2026-07-11 20:46:58,1783802818,R_75,53025.3685,1,3.1296000000002095,BACKFILL_AUTO
2026-07-11 20:47:00,1783802820,R_75,53016.5954,-1,8.773099999998522,BACKFILL_AUTO
2026-07-11 20:47:02,1783802822,R_75,53018.8126,1,2.2171999999991385,BACKFILL_AUTO
2026-07-11 20:47:04,1783802824,R_75,53008.2994,-1,10.513199999993958,BACKFILL_AUTO
2026-07-11 20:47:06,1783802826,R_75,53014.155,1,5.85559999999532,BACKFILL_AUTO
2026-07-11 20:47:08,1783802828,R_75,53002.1698,-1,11.98519999999553,BACKFILL_AUTO
2026-07-11 20:47:10,1783802830,R_75,53014.931,1,12.76119999999355,BACKFILL_AUTO
2026-07-11 20:47:12,1783802832,R_75,53009.5222,-1,5.408799999997427,BACKFILL_AUTO
2026-07-11 20:47:14,1783802834,R_75,53001.3809,-1,8.141300000002957,BACKFILL_AUTO
2026-07-11 20:47:16,1783802836,R_75,53001.4262,1,0.04530000000522705,BACKFILL_AUTO
2026-07-11 20:47:18,1783802838,R_75,52985.3159,-1,16.11030000000028,BACKFILL_AUTO
2026-07-11 20:47:20,1783802840,R_75,52986.3419,1,1.025999999998021,BACKFILL_AUTO
2026-07-11 20:47:22,1783802842,R_75,52961.7921,-1,24.549800000000687,BACKFILL_AUTO
2026-07-11 20:47:24,1783802844,R_75,52967.5051,1,5.713000000003376,BACKFILL_AUTO
2026-07-11 20:47:26,1783802846,R_75,52964.9355,-1,2.569600000002538,BACKFILL_AUTO
2026-07-11 20:47:28,1783802848,R_75,52963.4072,-1,1.5282999999981257,BACKFILL_AUTO
2026-07-11 20:47:30,1783802850,R_75,52955.5937,-1,7.813500000003842,BACKFILL_AUTO
2026-07-11 20:47:32,1783802852,R_75,52966.8683,1,11.274600000004284,BACKFILL_AUTO
2026-07-11 20:47:34,1783802854,R_75,52966.2004,-1,0.6679000000003725,BACKFILL_AUTO
2026-07-11 20:47:36,1783802856,R_75,52965.2078,-1,0.9926000000050408,BACKFILL_AUTO
2026-07-11 20:47:38,1783802858,R_75,52978.3427,1,13.134900000004563,BACKFILL_AUTO
2026-07-11 20:47:40,1783802860,R_75,52969.3781,-1,8.964599999999336,BACKFILL_AUTO
2026-07-11 20:47:42,1783802862,R_75,52973.7381,1,4.360000000000582,BACKFILL_AUTO
2026-07-11 20:47:44,1783802864,R_75,52969.0951,-1,4.643000000003667,BACKFILL_AUTO
2026-07-11 20:47:46,1783802866,R_75,52976.5939,1,7.498800000001211,BACKFILL_AUTO
2026-07-11 20:47:48,1783802868,R_75,52956.7077,-1,19.886200000000827,BACKFILL_AUTO
2026-07-11 20:47:50,1783802870,R_75,52956.9131,1,0.20539999999891734,BACKFILL_AUTO
2026-07-11 20:47:52,1783802872,R_75,52962.1774,1,5.2643000000025495,BACKFILL_AUTO
2026-07-11 20:47:54,1783802874,R_75,52980.6203,1,18.442900000001828,BACKFILL_AUTO
2026-07-11 20:47:56,1783802876,R_75,53000.8829,1,20.262599999994563,BACKFILL_AUTO
2026-07-11 20:47:58,1783802878,R_75,53012.1075,1,11.224600000001374,BACKFILL_AUTO
2026-07-11 20:48:00,1783802880,R_75,53034.0198,1,21.912300000003597,BACKFILL_AUTO
2026-07-11 20:48:02,1783802882,R_75,53036.4063,1,2.386500000000524,BACKFILL_AUTO
2026-07-11 20:48:04,1783802884,R_75,53034.4539,-1,1.9524000000019441,BACKFILL_AUTO
2026-07-11 20:48:06,1783802886,R_75,53042.796,1,8.342100000001665,BACKFILL_AUTO
2026-07-11 20:48:08,1783802888,R_75,53055.3301,1,12.534099999997125,BACKFILL_AUTO
2026-07-11 20:48:10,1783802890,R_75,53051.7387,-1,3.5913999999975204,BACKFILL_AUTO
2026-07-11 20:48:12,1783802892,R_75,53050.7673,-1,0.971400000002177,BACKFILL_AUTO
2026-07-11 20:48:14,1783802894,R_75,53045.694,-1,5.0732999999963795,BACKFILL_AUTO
2026-07-11 20:48:16,1783802896,R_75,53039.7183,-1,5.975700000002689,BACKFILL_AUTO
2026-07-11 20:48:18,1783802898,R_75,53037.8166,-1,1.9017000000021653,BACKFILL_AUTO
2026-07-11 20:48:20,1783802900,R_75,53031.6334,-1,6.183199999999488,BACKFILL_AUTO
2026-07-11 20:48:22,1783802902,R_75,53039.783,1,8.149600000004284,BACKFILL_AUTO
2026-07-11 20:48:24,1783802904,R_75,53051.6878,1,11.904799999996612,BACKFILL_AUTO
2026-07-11 20:48:26,1783802906,R_75,53057.1416,1,5.453800000002957,BACKFILL_AUTO
2026-07-11 20:48:28,1783802908,R_75,53068.1987,1,11.057099999998172,BACKFILL_AUTO
2026-07-11 20:48:30,1783802910,R_75,53064.7794,-1,3.4193000000013853,BACKFILL_AUTO
2026-07-11 20:48:32,1783802912,R_75,53079.1496,1,14.370199999997567,BACKFILL_AUTO
2026-07-11 20:48:34,1783802914,R_75,53076.6262,-1,2.523399999998219,BACKFILL_AUTO
2026-07-11 20:48:36,1783802916,R_75,53080.9585,1,4.332300000001851,BACKFILL_AUTO
2026-07-11 20:48:38,1783802918,R_75,53066.4549,-1,14.503600000003644,BACKFILL_AUTO
2026-07-11 20:48:40,1783802920,R_75,53074.065,1,7.610100000005332,BACKFILL_AUTO
2026-07-11 20:48:42,1783802922,R_75,53052.4806,-1,21.584399999999732,BACKFILL_AUTO
2026-07-11 20:48:44,1783802924,R_75,53058.0247,1,5.544099999999162,BACKFILL_AUTO
2026-07-11 20:48:46,1783802926,R_75,53048.3321,-1,9.69260000000213,BACKFILL_AUTO
2026-07-11 20:48:48,1783802928,R_75,53053.3986,1,5.066500000000815,BACKFILL_AUTO
2026-07-11 20:48:50,1783802930,R_75,53059.7092,1,6.310599999997066,BACKFILL_AUTO
2026-07-11 20:48:52,1783802932,R_75,53051.8169,-1,7.892299999999523,BACKFILL_AUTO
2026-07-11 20:48:54,1783802934,R_75,53049.9337,-1,1.8831999999965774,BACKFILL_AUTO
2026-07-11 20:48:56,1783802936,R_75,53045.0868,-1,4.846900000004098,BACKFILL_AUTO
2026-07-11 20:48:58,1783802938,R_75,53044.5716,-1,0.5151999999943655,BACKFILL_AUTO
2026-07-11 20:49:00,1783802940,R_75,53032.306,-1,12.265600000006089,BACKFILL_AUTO
2026-07-11 20:49:02,1783802942,R_75,53035.7538,1,3.4478000000017346,BACKFILL_AUTO
2026-07-11 20:49:04,1783802944,R_75,53031.278,-1,4.475800000000163,BACKFILL_AUTO
2026-07-11 20:49:06,1783802946,R_75,53035.4903,1,4.212299999999232,BACKFILL_AUTO
2026-07-11 20:49:08,1783802948,R_75,53044.0456,1,8.555299999999988,BACKFILL_AUTO
2026-07-11 20:49:10,1783802950,R_75,53049.7211,1,5.675500000004831,BACKFILL_AUTO
2026-07-11 20:49:12,1783802952,R_75,53049.0939,-1,0.627200000002631,BACKFILL_AUTO
2026-07-11 20:49:14,1783802954,R_75,53042.17,-1,6.923900000001595,BACKFILL_AUTO
2026-07-11 20:49:16,1783802956,R_75,53039.1841,-1,2.985899999999674,BACKFILL_AUTO
2026-07-11 20:49:18,1783802958,R_75,53066.3811,1,27.197000000000116,BACKFILL_AUTO
2026-07-11 20:49:20,1783802960,R_75,53070.396,1,4.014900000001944,BACKFILL_AUTO
2026-07-11 20:49:22,1783802962,R_75,53075.7846,1,5.388599999998405,BACKFILL_AUTO
2026-07-11 20:49:24,1783802964,R_75,53053.4223,-1,22.362300000000687,BACKFILL_AUTO
2026-07-11 20:49:26,1783802966,R_75,53049.8751,-1,3.5472000000008848,BACKFILL_AUTO
2026-07-11 20:49:28,1783802968,R_75,53030.1229,-1,19.752199999995355,BACKFILL_AUTO
2026-07-11 20:49:30,1783802970,R_75,53028.8135,-1,1.309400000005553,BACKFILL_AUTO
2026-07-11 20:49:32,1783802972,R_75,53028.5126,-1,0.3008999999947264,BACKFILL_AUTO
2026-07-11 20:49:34,1783802974,R_75,53034.2865,1,5.77390000000014,BACKFILL_AUTO
2026-07-11 20:49:36,1783802976,R_75,53022.8644,-1,11.422100000003411,BACKFILL_AUTO
2026-07-11 20:49:38,1783802978,R_75,53009.1897,-1,13.674699999995937,BACKFILL_AUTO
2026-07-11 20:49:40,1783802980,R_75,53003.0784,-1,6.111300000004121,BACKFILL_AUTO
2026-07-11 20:49:42,1783802982,R_75,52999.1278,-1,3.9505999999964843,BACKFILL_AUTO
2026-07-11 20:49:44,1783802984,R_75,52995.9636,-1,3.164199999999255,BACKFILL_AUTO
2026-07-11 20:49:46,1783802986,R_75,52993.4942,-1,2.4694000000017695,BACKFILL_AUTO
2026-07-11 20:49:48,1783802988,R_75,52984.0426,-1,9.451600000000326,BACKFILL_AUTO
2026-07-11 20:49:50,1783802990,R_75,52986.1214,1,2.078800000002957,BACKFILL_AUTO
2026-07-11 20:49:52,1783802992,R_75,52983.8947,-1,2.226700000006531,BACKFILL_AUTO
2026-07-11 20:49:54,1783802994,R_75,52980.9264,-1,2.968300000000454,BACKFILL_AUTO
2026-07-11 20:49:56,1783802996,R_75,52982.1727,1,1.2463000000061584,BACKFILL_AUTO
2026-07-11 20:49:58,1783802998,R_75,52980.579,-1,1.593700000004901,BACKFILL_AUTO
2026-07-11 20:50:00,1783803000,R_75,52968.1677,-1,12.411299999999756,BACKFILL_AUTO
2026-07-11 20:50:02,1783803002,R_75,52981.3836,1,13.215900000002875,BACKFILL_AUTO
2026-07-11 20:50:04,1783803004,R_75,52988.6634,1,7.279799999996612,BACKFILL_AUTO
2026-07-11 20:50:06,1783803006,R_75,52985.3522,-1,3.311199999996461,BACKFILL_AUTO
2026-07-11 20:50:08,1783803008,R_75,52978.2674,-1,7.084800000004179,BACKFILL_AUTO
2026-07-11 20:50:10,1783803010,R_75,52978.0183,-1,0.24909999999363208,BACKFILL_AUTO
2026-07-11 20:50:12,1783803012,R_75,52976.892,-1,1.126300000003539,BACKFILL_AUTO
2026-07-11 20:50:14,1783803014,R_75,52979.2749,1,2.38289999999688,BACKFILL_AUTO
2026-07-11 20:50:16,1783803016,R_75,52983.7387,1,4.463800000004994,BACKFILL_AUTO
2026-07-11 20:50:18,1783803018,R_75,52989.2708,1,5.532099999996717,BACKFILL_AUTO
2026-07-11 20:50:20,1783803020,R_75,52986.5379,-1,2.732899999995425,BACKFILL_AUTO
2026-07-11 20:50:22,1783803022,R_75,52988.3806,1,1.8426999999937834,BACKFILL_AUTO
2026-07-11 20:50:24,1783803024,R_75,52968.4896,-1,19.890999999995984,BACKFILL_AUTO
2026-07-11 20:50:26,1783803026,R_75,52965.4664,-1,3.0232000000032713,BACKFILL_AUTO
2026-07-11 20:50:28,1783803028,R_75,52947.9344,-1,17.531999999999243,BACKFILL_AUTO
2026-07-11 20:50:30,1783803030,R_75,52961.3054,1,13.370999999999185,BACKFILL_AUTO
2026-07-11 20:50:32,1783803032,R_75,52956.779,-1,4.526399999995192,BACKFILL_AUTO
2026-07-11 20:50:34,1783803034,R_75,52946.4316,-1,10.347399999998743,BACKFILL_AUTO
2026-07-11 20:50:36,1783803036,R_75,52959.3412,1,12.909599999999045,BACKFILL_AUTO
2026-07-11 20:50:38,1783803038,R_75,52971.6316,1,12.290399999998044,BACKFILL_AUTO
2026-07-11 20:50:40,1783803040,R_75,52975.3445,1,3.7128999999986263,BACKFILL_AUTO
2026-07-11 20:50:42,1783803042,R_75,52971.722,-1,3.6224999999976717,BACKFILL_AUTO
2026-07-11 20:50:44,1783803044,R_75,52970.7452,-1,0.9768000000040047,BACKFILL_AUTO
2026-07-11 20:50:46,1783803046,R_75,52978.5966,1,7.851399999999558,BACKFILL_AUTO
2026-07-11 20:50:48,1783803048,R_75,52973.1309,-1,5.465700000000652,BACKFILL_AUTO
2026-07-11 20:50:50,1783803050,R_75,52983.8276,1,10.696700000000419,BACKFILL_AUTO
2026-07-11 20:50:52,1783803052,R_75,52993.037,1,9.209399999999732,BACKFILL_AUTO
2026-07-11 20:50:54,1783803054,R_75,52998.7553,1,5.718300000000454,BACKFILL_AUTO
2026-07-11 20:50:56,1783803056,R_75,53007.7374,1,8.982100000001083,BACKFILL_AUTO
2026-07-11 20:50:58,1783803058,R_75,53021.9591,1,14.221700000001874,BACKFILL_AUTO
2026-07-11 20:51:00,1783803060,R_75,53025.9365,1,3.9774000000033993,BACKFILL_AUTO
2026-07-11 20:51:02,1783803062,R_75,53016.9425,-1,8.994000000006054,BACKFILL_AUTO
2026-07-11 20:51:04,1783803064,R_75,53016.4973,-1,0.44519999999465654,BACKFILL_AUTO
2026-07-11 20:51:06,1783803066,R_75,53004.2127,-1,12.284600000006321,BACKFILL_AUTO
2026-07-11 20:51:08,1783803068,R_75,52984.5836,-1,19.62909999999829,BACKFILL_AUTO
2026-07-11 20:51:10,1783803070,R_75,52975.7421,-1,8.841499999994994,BACKFILL_AUTO
2026-07-11 20:51:12,1783803072,R_75,52962.7734,-1,12.968700000004901,BACKFILL_AUTO
2026-07-11 20:51:14,1783803074,R_75,52965.6204,1,2.8470000000015716,BACKFILL_AUTO
2026-07-11 20:51:16,1783803076,R_75,52975.5811,1,9.960700000003271,BACKFILL_AUTO
2026-07-11 20:51:18,1783803078,R_75,52973.1536,-1,2.4275000000052387,BACKFILL_AUTO
2026-07-11 20:51:20,1783803080,R_75,52954.0043,-1,19.14929999999731,BACKFILL_AUTO
2026-07-11 20:51:22,1783803082,R_75,52935.8142,-1,18.190099999999802,BACKFILL_AUTO
2026-07-11 20:51:24,1783803084,R_75,52939.0775,1,3.263299999998708,BACKFILL_AUTO
2026-07-11 20:51:26,1783803086,R_75,52942.3637,1,3.2862000000022817,BACKFILL_AUTO
2026-07-11 20:51:28,1783803088,R_75,52947.9411,1,5.577399999994668,BACKFILL_AUTO
2026-07-11 20:51:30,1783803090,R_75,52937.2235,-1,10.71759999999631,BACKFILL_AUTO
2026-07-11 20:51:32,1783803092,R_75,52926.1555,-1,11.067999999999302,BACKFILL_AUTO
2026-07-11 20:51:34,1783803094,R_75,52922.0081,-1,4.147400000001653,BACKFILL_AUTO
2026-07-11 20:51:36,1783803096,R_75,52921.5059,-1,0.502200000002631,BACKFILL_AUTO
2026-07-11 20:51:38,1783803098,R_75,52922.1431,1,0.6372000000046683,BACKFILL_AUTO
2026-07-11 20:51:40,1783803100,R_75,52913.7709,-1,8.372199999997974,BACKFILL_AUTO
2026-07-11 20:51:42,1783803102,R_75,52912.7888,-1,0.9821000000010827,BACKFILL_AUTO
2026-07-11 20:51:44,1783803104,R_75,52938.7475,1,25.958699999995588,BACKFILL_AUTO
2026-07-11 20:51:46,1783803106,R_75,52945.4482,1,6.700700000001234,BACKFILL_AUTO
2026-07-11 20:51:48,1783803108,R_75,52940.5242,-1,4.923999999999069,BACKFILL_AUTO
2026-07-11 20:51:50,1783803110,R_75,52942.7713,1,2.2471000000005006,BACKFILL_AUTO
2026-07-11 20:51:52,1783803112,R_75,52942.6249,-1,0.1463999999978114,BACKFILL_AUTO
2026-07-11 20:51:54,1783803114,R_75,52921.3602,-1,21.26469999999972,BACKFILL_AUTO
2026-07-11 20:51:56,1783803116,R_75,52907.3723,-1,13.987900000000081,BACKFILL_AUTO
2026-07-11 20:51:58,1783803118,R_75,52901.3752,-1,5.997100000000501,BACKFILL_AUTO
2026-07-11 20:52:00,1783803120,R_75,52887.8283,-1,13.546900000001187,BACKFILL_AUTO
2026-07-11 20:52:02,1783803122,R_75,52889.8721,1,2.0437999999994645,BACKFILL_AUTO
2026-07-11 20:52:04,1783803124,R_75,52889.0248,-1,0.8473000000012689,BACKFILL_AUTO
2026-07-11 20:52:06,1783803126,R_75,52891.6919,1,2.6670999999987544,BACKFILL_AUTO
2026-07-11 20:52:08,1783803128,R_75,52877.0814,-1,14.610499999995227,BACKFILL_AUTO
2026-07-11 20:52:10,1783803130,R_75,52866.8248,-1,10.256600000000617,BACKFILL_AUTO
2026-07-11 20:52:12,1783803132,R_75,52857.5663,-1,9.25850000000355,BACKFILL_AUTO
2026-07-11 20:52:14,1783803134,R_75,52853.4263,-1,4.139999999999418,BACKFILL_AUTO
2026-07-11 20:52:16,1783803136,R_75,52862.5408,1,9.114500000003318,BACKFILL_AUTO
2026-07-11 20:52:18,1783803138,R_75,52859.0293,-1,3.511500000000524,BACKFILL_AUTO
2026-07-11 20:52:20,1783803140,R_75,52872.7861,1,13.756799999995565,BACKFILL_AUTO
2026-07-11 20:52:22,1783803142,R_75,52879.7438,1,6.957699999999022,BACKFILL_AUTO
2026-07-11 20:52:24,1783803144,R_75,52881.3002,1,1.5564000000013039,BACKFILL_AUTO
2026-07-11 20:52:26,1783803146,R_75,52883.0711,1,1.7709000000031665,BACKFILL_AUTO
2026-07-11 20:52:28,1783803148,R_75,52896.8637,1,13.792600000000675,BACKFILL_AUTO
2026-07-11 20:52:30,1783803150,R_75,52908.0798,1,11.216099999997823,BACKFILL_AUTO
2026-07-11 20:52:32,1783803152,R_75,52905.9418,-1,2.1379999999990105,BACKFILL_AUTO
2026-07-11 20:52:34,1783803154,R_75,52912.8987,1,6.956899999997404,BACKFILL_AUTO
2026-07-11 20:52:36,1783803156,R_75,52909.6366,-1,3.2620999999999185,BACKFILL_AUTO
2026-07-11 20:52:38,1783803158,R_75,52924.9257,1,15.289100000001781,BACKFILL_AUTO
2026-07-11 20:52:40,1783803160,R_75,52919.1784,-1,5.747300000002724,BACKFILL_AUTO
2026-07-11 20:52:42,1783803162,R_75,52922.6584,1,3.4800000000032014,BACKFILL_AUTO
2026-07-11 20:52:44,1783803164,R_75,52917.2675,-1,5.39089999999851,BACKFILL_AUTO
2026-07-11 20:52:46,1783803166,R_75,52934.4643,1,17.196799999997893,BACKFILL_AUTO
2026-07-11 20:52:48,1783803168,R_75,52936.1738,1,1.709499999997206,BACKFILL_AUTO
2026-07-11 20:52:50,1783803170,R_75,52927.2707,-1,8.903099999995902,BACKFILL_AUTO
2026-07-11 20:52:52,1783803172,R_75,52922.3793,-1,4.891400000000431,BACKFILL_AUTO
2026-07-11 20:52:54,1783803174,R_75,52915.0212,-1,7.358099999997648,BACKFILL_AUTO
2026-07-11 20:52:56,1783803176,R_75,52910.2769,-1,4.744300000005751,BACKFILL_AUTO
2026-07-11 20:52:58,1783803178,R_75,52899.4339,-1,10.84299999999348,BACKFILL_AUTO
2026-07-11 20:53:00,1783803180,R_75,52887.9254,-1,11.50850000000355,BACKFILL_AUTO
2026-07-11 20:53:02,1783803182,R_75,52885.8507,-1,2.0746999999973923,BACKFILL_AUTO
2026-07-11 20:53:04,1783803184,R_75,52891.0452,1,5.194499999997788,BACKFILL_AUTO
2026-07-11 20:53:06,1783803186,R_75,52893.4243,1,2.3790999999982887,BACKFILL_AUTO
2026-07-11 20:53:08,1783803188,R_75,52887.1575,-1,6.266799999997602,BACKFILL_AUTO
2026-07-11 20:53:10,1783803190,R_75,52894.5483,1,7.390800000001036,BACKFILL_AUTO
2026-07-11 20:53:12,1783803192,R_75,52897.6374,1,3.0890999999974156,BACKFILL_AUTO
2026-07-11 20:53:14,1783803194,R_75,52885.0315,-1,12.605900000002293,BACKFILL_AUTO
2026-07-11 20:53:16,1783803196,R_75,52881.5813,-1,3.450199999999313,BACKFILL_AUTO
2026-07-11 20:53:18,1783803198,R_75,52867.9426,-1,13.638699999995879,BACKFILL_AUTO
2026-07-11 20:53:20,1783803200,R_75,52870.1154,1,2.1728000000002794,BACKFILL_AUTO
2026-07-11 20:53:22,1783803202,R_75,52858.5034,-1,11.61200000000099,BACKFILL_AUTO
2026-07-11 20:53:24,1783803204,R_75,52861.3949,1,2.8914999999979045,BACKFILL_AUTO
2026-07-11 20:53:26,1783803206,R_75,52858.6305,-1,2.7644000000000233,BACKFILL_AUTO
2026-07-11 20:53:28,1783803208,R_75,52854.9717,-1,3.658799999997427,BACKFILL_AUTO
2026-07-11 20:53:30,1783803210,R_75,52841.3447,-1,13.627000000000407,BACKFILL_AUTO
2026-07-11 20:53:32,1783803212,R_75,52845.9001,1,4.555399999997462,BACKFILL_AUTO
2026-07-11 20:53:34,1783803214,R_75,52848.1502,1,2.250099999997474,BACKFILL_AUTO
2026-07-11 20:53:36,1783803216,R_75,52841.6904,-1,6.459799999996903,BACKFILL_AUTO
2026-07-11 20:53:38,1783803218,R_75,52828.1139,-1,13.576500000002852,BACKFILL_AUTO
2026-07-11 20:53:40,1783803220,R_75,52826.0973,-1,2.0165999999953783,BACKFILL_AUTO
2026-07-11 20:53:42,1783803222,R_75,52824.0576,-1,2.039700000001176,BACKFILL_AUTO
2026-07-11 20:53:44,1783803224,R_75,52832.1218,1,8.06420000000071,BACKFILL_AUTO
2026-07-11 20:53:46,1783803226,R_75,52831.8188,-1,0.3029999999998836,BACKFILL_AUTO
2026-07-11 20:53:48,1783803228,R_75,52813.5781,-1,18.240700000002107,BACKFILL_AUTO
2026-07-11 20:53:50,1783803230,R_75,52811.0277,-1,2.5504000000000815,BACKFILL_AUTO
2026-07-11 20:53:52,1783803232,R_75,52818.2365,1,7.208800000000338,BACKFILL_AUTO
2026-07-11 20:53:54,1783803234,R_75,52812.6662,-1,5.570299999999406,BACKFILL_AUTO
2026-07-11 20:53:56,1783803236,R_75,52804.1863,-1,8.479899999998452,BACKFILL_AUTO
2026-07-11 20:53:58,1783803238,R_75,52799.8166,-1,4.369700000002922,BACKFILL_AUTO
2026-07-11 20:54:00,1783803240,R_75,52802.7807,1,2.9641000000046915,BACKFILL_AUTO
2026-07-11 20:54:02,1783803242,R_75,52789.0212,-1,13.759500000000116,BACKFILL_AUTO
2026-07-11 20:54:04,1783803244,R_75,52780.6999,-1,8.321300000003248,BACKFILL_AUTO
2026-07-11 20:54:06,1783803246,R_75,52779.4153,-1,1.2845999999990454,BACKFILL_AUTO
2026-07-11 20:54:08,1783803248,R_75,52783.2821,1,3.8667999999961467,BACKFILL_AUTO
2026-07-11 20:54:10,1783803250,R_75,52763.6721,-1,19.609999999993306,BACKFILL_AUTO
2026-07-11 20:54:12,1783803252,R_75,52768.1058,1,4.433699999994133,BACKFILL_AUTO
2026-07-11 20:54:14,1783803254,R_75,52762.5798,-1,5.525999999998021,BACKFILL_AUTO
2026-07-11 20:54:16,1783803256,R_75,52758.1138,-1,4.466000000000349,BACKFILL_AUTO
2026-07-11 20:54:18,1783803258,R_75,52757.1209,-1,0.9928999999974621,BACKFILL_AUTO
2026-07-11 20:54:20,1783803260,R_75,52766.5487,1,9.42779999999766,BACKFILL_AUTO
2026-07-11 20:54:22,1783803262,R_75,52770.2428,1,3.694100000000617,BACKFILL_AUTO
2026-07-11 20:54:24,1783803264,R_75,52771.5547,1,1.3119000000006054,BACKFILL_AUTO
2026-07-11 20:54:26,1783803266,R_75,52756.5317,-1,15.023000000001048,BACKFILL_AUTO
2026-07-11 20:54:28,1783803268,R_75,52762.2697,1,5.737999999997555,BACKFILL_AUTO
2026-07-11 20:54:30,1783803270,R_75,52745.9625,-1,16.307199999995646,BACKFILL_AUTO
2026-07-11 20:54:32,1783803272,R_75,52772.4884,1,26.525900000000547,BACKFILL_AUTO
2026-07-11 20:54:34,1783803274,R_75,52783.5805,1,11.092099999994389,BACKFILL_AUTO
2026-07-11 20:54:36,1783803276,R_75,52777.2324,-1,6.348099999995611,BACKFILL_AUTO
2026-07-11 20:54:38,1783803278,R_75,52758.7866,-1,18.445800000001327,BACKFILL_AUTO
2026-07-11 20:54:40,1783803280,R_75,52748.5259,-1,10.260699999998906,BACKFILL_AUTO
2026-07-11 20:54:42,1783803282,R_75,52751.0127,1,2.486799999998766,BACKFILL_AUTO
2026-07-11 20:54:44,1783803284,R_75,52758.1465,1,7.133800000003248,BACKFILL_AUTO
2026-07-11 20:54:46,1783803286,R_75,52752.4377,-1,5.708800000000338,BACKFILL_AUTO
2026-07-11 20:54:48,1783803288,R_75,52748.5111,-1,3.9265999999988708,BACKFILL_AUTO
2026-07-11 20:54:50,1783803290,R_75,52754.2263,1,5.715199999998731,BACKFILL_AUTO
2026-07-11 20:54:52,1783803292,R_75,52762.0093,1,7.782999999995809,BACKFILL_AUTO
2026-07-11 20:54:54,1783803294,R_75,52776.5041,1,14.494800000000396,BACKFILL_AUTO
2026-07-11 20:54:56,1783803296,R_75,52784.1982,1,7.694100000000617,BACKFILL_AUTO
2026-07-11 20:54:58,1783803298,R_75,52783.1113,-1,1.0869000000020606,BACKFILL_AUTO
2026-07-11 20:55:00,1783803300,R_75,52795.8242,1,12.712900000005902,BACKFILL_AUTO
2026-07-11 20:55:02,1783803302,R_75,52805.4753,1,9.651099999995495,BACKFILL_AUTO
2026-07-11 20:55:04,1783803304,R_75,52814.243,1,8.76770000000397,BACKFILL_AUTO
2026-07-11 20:55:06,1783803306,R_75,52788.8593,-1,25.383700000005774,BACKFILL_AUTO
2026-07-11 20:55:08,1783803308,R_75,52770.0229,-1,18.836399999992864,BACKFILL_AUTO
2026-07-11 20:55:10,1783803310,R_75,52763.3494,-1,6.673500000004424,BACKFILL_AUTO
2026-07-11 20:55:12,1783803312,R_75,52779.0927,1,15.74330000000191,BACKFILL_AUTO
2026-07-11 20:55:14,1783803314,R_75,52782.7916,1,3.698899999995774,BACKFILL_AUTO
2026-07-11 20:55:16,1783803316,R_75,52784.2049,1,1.413300000000163,BACKFILL_AUTO
2026-07-11 20:55:18,1783803318,R_75,52792.6026,1,8.39770000000135,BACKFILL_AUTO
2026-07-11 20:55:20,1783803320,R_75,52775.5725,-1,17.03009999999631,BACKFILL_AUTO
2026-07-11 20:55:22,1783803322,R_75,52763.1151,-1,12.457399999999325,BACKFILL_AUTO
2026-07-11 20:55:24,1783803324,R_75,52768.5732,1,5.458099999996193,BACKFILL_AUTO
2026-07-11 20:55:26,1783803326,R_75,52785.2806,1,16.707399999999325,BACKFILL_AUTO
2026-07-11 20:55:28,1783803328,R_75,52797.318,1,12.037400000001071,BACKFILL_AUTO
2026-07-11 20:55:30,1783803330,R_75,52796.9966,-1,0.3214000000007218,BACKFILL_AUTO
2026-07-11 20:55:32,1783803332,R_75,52797.6036,1,0.6070000000036089,BACKFILL_AUTO
2026-07-11 20:55:34,1783803334,R_75,52798.9946,1,1.3909999999959837,BACKFILL_AUTO
2026-07-11 20:55:36,1783803336,R_75,52814.1157,1,15.121100000003935,BACKFILL_AUTO
2026-07-11 20:55:38,1783803338,R_75,52820.8302,1,6.714499999994587,BACKFILL_AUTO
2026-07-11 20:55:40,1783803340,R_75,52836.6122,1,15.78200000000652,BACKFILL_AUTO
2026-07-11 20:55:42,1783803342,R_75,52842.4471,1,5.834899999994377,BACKFILL_AUTO
2026-07-11 20:55:44,1783803344,R_75,52819.5631,-1,22.883999999998196,BACKFILL_AUTO
2026-07-11 20:55:46,1783803346,R_75,52819.2585,-1,0.304599999995844,BACKFILL_AUTO
2026-07-11 20:55:48,1783803348,R_75,52823.5776,1,4.319099999993341,BACKFILL_AUTO
2026-07-11 20:55:50,1783803350,R_75,52825.3155,1,1.7379000000000815,BACKFILL_AUTO
2026-07-11 20:55:52,1783803352,R_75,52819.0988,-1,6.216699999997218,BACKFILL_AUTO
2026-07-11 20:55:54,1783803354,R_75,52814.6373,-1,4.4614999999976135,BACKFILL_AUTO
2026-07-11 20:55:56,1783803356,R_75,52812.7342,-1,1.9031000000031781,BACKFILL_AUTO
2026-07-11 20:55:58,1783803358,R_75,52813.9668,1,1.2326000000030035,BACKFILL_AUTO
2026-07-11 20:56:00,1783803360,R_75,52809.7706,-1,4.196199999998498,BACKFILL_AUTO
2026-07-11 20:56:02,1783803362,R_75,52801.8408,-1,7.9298000000053435,BACKFILL_AUTO
2026-07-11 20:56:04,1783803364,R_75,52802.1713,1,0.3305000000036671,BACKFILL_AUTO
2026-07-11 20:56:06,1783803366,R_75,52799.2392,-1,2.9320999999981723,BACKFILL_AUTO
2026-07-11 20:56:08,1783803368,R_75,52809.3392,1,10.099999999998545,BACKFILL_AUTO
2026-07-11 20:56:10,1783803370,R_75,52798.1685,-1,11.170700000002398,BACKFILL_AUTO
2026-07-11 20:56:12,1783803372,R_75,52803.0598,1,4.891300000002957,BACKFILL_AUTO
2026-07-11 20:56:14,1783803374,R_75,52813.2802,1,10.220399999998335,BACKFILL_AUTO
2026-07-11 20:56:16,1783803376,R_75,52811.519,-1,1.7612000000008265,BACKFILL_AUTO
2026-07-11 20:56:18,1783803378,R_75,52811.6863,1,0.1673000000009779,BACKFILL_AUTO
2026-07-11 20:56:20,1783803380,R_75,52798.2788,-1,13.407500000001164,BACKFILL_AUTO
2026-07-11 20:56:22,1783803382,R_75,52786.3174,-1,11.96140000000014,BACKFILL_AUTO
2026-07-11 20:56:24,1783803384,R_75,52771.3339,-1,14.983500000002095,BACKFILL_AUTO
2026-07-11 20:56:26,1783803386,R_75,52775.6212,1,4.287300000003597,BACKFILL_AUTO
2026-07-11 20:56:28,1783803388,R_75,52766.3055,-1,9.315699999999197,BACKFILL_AUTO
2026-07-11 20:56:30,1783803390,R_75,52746.0302,-1,20.275300000001153,BACKFILL_AUTO
2026-07-11 20:56:32,1783803392,R_75,52742.5642,-1,3.4660000000003492,BACKFILL_AUTO
2026-07-11 20:56:34,1783803394,R_75,52740.4414,-1,2.122799999997369,BACKFILL_AUTO
2026-07-11 20:56:36,1783803396,R_75,52733.7882,-1,6.653200000000652,BACKFILL_AUTO
2026-07-11 20:56:38,1783803398,R_75,52744.0199,1,10.231699999996636,BACKFILL_AUTO
2026-07-11 20:56:40,1783803400,R_75,52745.2983,1,1.2784000000028755,BACKFILL_AUTO
2026-07-11 20:56:42,1783803402,R_75,52747.9708,1,2.672500000000582,BACKFILL_AUTO
2026-07-11 20:56:44,1783803404,R_75,52753.3048,1,5.333999999995285,BACKFILL_AUTO
2026-07-11 20:56:46,1783803406,R_75,52769.3385,1,16.033699999999953,BACKFILL_AUTO
2026-07-11 20:56:48,1783803408,R_75,52762.684,-1,6.654499999996915,BACKFILL_AUTO
2026-07-11 20:56:50,1783803410,R_75,52735.3566,-1,27.327400000001944,BACKFILL_AUTO
2026-07-11 20:56:52,1783803412,R_75,52739.5325,1,4.175900000002002,BACKFILL_AUTO
2026-07-11 20:56:54,1783803414,R_75,52745.274,1,5.741499999996449,BACKFILL_AUTO
2026-07-11 20:56:56,1783803416,R_75,52742.2155,-1,3.058499999999185,BACKFILL_AUTO
2026-07-11 20:56:58,1783803418,R_75,52731.4434,-1,10.772100000001956,BACKFILL_AUTO
2026-07-11 20:57:00,1783803420,R_75,52733.6315,1,2.1881000000066706,BACKFILL_AUTO
2026-07-11 20:57:02,1783803422,R_75,52732.5791,-1,1.052400000000489,BACKFILL_AUTO
2026-07-11 20:57:04,1783803424,R_75,52731.1667,-1,1.412400000001071,BACKFILL_AUTO
2026-07-11 20:57:06,1783803426,R_75,52745.2549,1,14.088199999998324,BACKFILL_AUTO
2026-07-11 20:57:08,1783803428,R_75,52740.0729,-1,5.1820000000006985,BACKFILL_AUTO
2026-07-11 20:57:10,1783803430,R_75,52749.3553,1,9.28240000000369,BACKFILL_AUTO
2026-07-11 20:57:12,1783803432,R_75,52740.5947,-1,8.760600000001432,BACKFILL_AUTO
2026-07-11 20:57:14,1783803434,R_75,52746.4021,1,5.80739999999787,BACKFILL_AUTO
2026-07-11 20:57:16,1783803436,R_75,52739.7401,-1,6.661999999996624,BACKFILL_AUTO
2026-07-11 20:57:18,1783803438,R_75,52749.4679,1,9.72780000000057,BACKFILL_AUTO
2026-07-11 20:57:20,1783803440,R_75,52741.7698,-1,7.698100000001432,BACKFILL_AUTO
2026-07-11 20:57:22,1783803442,R_75,52740.4968,-1,1.2730000000010477,BACKFILL_AUTO
2026-07-11 20:57:24,1783803444,R_75,52754.1862,1,13.689399999995658,BACKFILL_AUTO
2026-07-11 20:57:26,1783803446,R_75,52748.0538,-1,6.132399999994959,BACKFILL_AUTO
2026-07-11 20:57:28,1783803448,R_75,52750.6871,1,2.633300000001327,BACKFILL_AUTO
2026-07-11 20:57:30,1783803450,R_75,52755.5256,1,4.838499999998021,BACKFILL_AUTO
2026-07-11 20:57:32,1783803452,R_75,52746.3435,-1,9.182099999998172,BACKFILL_AUTO
2026-07-11 20:57:34,1783803454,R_75,52758.0565,1,11.7129999999961,BACKFILL_AUTO
2026-07-11 20:57:36,1783803456,R_75,52766.1847,1,8.128199999999197,BACKFILL_AUTO
2026-07-11 20:57:38,1783803458,R_75,52775.8515,1,9.666799999999057,BACKFILL_AUTO
2026-07-11 20:57:40,1783803460,R_75,52760.7084,-1,15.143099999993865,BACKFILL_AUTO
2026-07-11 20:57:42,1783803462,R_75,52776.1716,1,15.463199999998324,BACKFILL_AUTO
2026-07-11 20:57:44,1783803464,R_75,52802.0963,1,25.924699999995937,BACKFILL_AUTO
2026-07-11 20:57:46,1783803466,R_75,52785.8969,-1,16.199399999997695,BACKFILL_AUTO
2026-07-11 20:57:48,1783803468,R_75,52777.7697,-1,8.127200000002631,BACKFILL_AUTO
2026-07-11 20:57:50,1783803470,R_75,52772.9919,-1,4.777799999996205,BACKFILL_AUTO
2026-07-11 20:57:52,1783803472,R_75,52776.5447,1,3.55279999999766,BACKFILL_AUTO
2026-07-11 20:57:54,1783803474,R_75,52772.0846,-1,4.460099999996601,BACKFILL_AUTO
2026-07-11 20:57:56,1783803476,R_75,52781.9205,1,9.835899999998219,BACKFILL_AUTO
2026-07-11 20:57:58,1783803478,R_75,52803.8158,1,21.895299999996496,BACKFILL_AUTO
2026-07-11 20:58:00,1783803480,R_75,52796.2851,-1,7.530699999995704,BACKFILL_AUTO
2026-07-11 20:58:02,1783803482,R_75,52777.4436,-1,18.84150000000227,BACKFILL_AUTO
2026-07-11 20:58:04,1783803484,R_75,52762.8836,-1,14.559999999997672,BACKFILL_AUTO
2026-07-11 20:58:06,1783803486,R_75,52758.1455,-1,4.738100000002305,BACKFILL_AUTO
2026-07-11 20:58:08,1783803488,R_75,52736.9169,-1,21.22860000000219,BACKFILL_AUTO
2026-07-11 20:58:10,1783803490,R_75,52732.2043,-1,4.712599999998929,BACKFILL_AUTO
2026-07-11 20:58:12,1783803492,R_75,52737.3468,1,5.142500000001746,BACKFILL_AUTO
2026-07-11 20:58:14,1783803494,R_75,52729.5927,-1,7.754099999998289,BACKFILL_AUTO
2026-07-11 20:58:16,1783803496,R_75,52730.9717,1,1.379000000000815,BACKFILL_AUTO
2026-07-11 20:58:18,1783803498,R_75,52732.6839,1,1.7122000000017579,BACKFILL_AUTO
2026-07-11 20:58:20,1783803500,R_75,52730.978,-1,1.7059000000008382,BACKFILL_AUTO
2026-07-11 20:58:22,1783803502,R_75,52747.9633,1,16.98530000000028,BACKFILL_AUTO
2026-07-11 20:58:24,1783803504,R_75,52749.4633,1,1.5,BACKFILL_AUTO
2026-07-11 20:58:26,1783803506,R_75,52770.9166,1,21.45329999999376,BACKFILL_AUTO
2026-07-11 20:58:28,1783803508,R_75,52768.8814,-1,2.03519999999844,BACKFILL_AUTO
2026-07-11 20:58:30,1783803510,R_75,52765.1845,-1,3.6968999999953667,BACKFILL_AUTO
2026-07-11 20:58:32,1783803512,R_75,52757.2612,-1,7.9233000000022,BACKFILL_AUTO
2026-07-11 20:58:34,1783803514,R_75,52760.9841,1,3.7229000000006636,BACKFILL_AUTO
2026-07-11 20:58:36,1783803516,R_75,52768.5881,1,7.60399999999936,BACKFILL_AUTO
2026-07-11 20:58:38,1783803518,R_75,52765.163,-1,3.425100000000384,BACKFILL_AUTO
2026-07-11 20:58:40,1783803520,R_75,52761.529,-1,3.6339999999981956,BACKFILL_AUTO
2026-07-11 20:58:42,1783803522,R_75,52785.1785,1,23.649499999999534,BACKFILL_AUTO
2026-07-11 20:58:44,1783803524,R_75,52785.7743,1,0.5957999999955064,BACKFILL_AUTO
2026-07-11 20:58:46,1783803526,R_75,52774.6856,-1,11.088700000000244,BACKFILL_AUTO
2026-07-11 20:58:48,1783803528,R_75,52759.4812,-1,15.204399999995076,BACKFILL_AUTO
2026-07-11 20:58:50,1783803530,R_75,52779.8117,1,20.33049999999639,BACKFILL_AUTO
2026-07-11 20:58:52,1783803532,R_75,52769.8604,-1,9.951300000000629,BACKFILL_AUTO
2026-07-11 20:58:54,1783803534,R_75,52784.0945,1,14.23410000000149,BACKFILL_AUTO
2026-07-11 20:58:56,1783803536,R_75,52785.7028,1,1.608299999999872,BACKFILL_AUTO
2026-07-11 20:58:58,1783803538,R_75,52794.3799,1,8.677100000000792,BACKFILL_AUTO
2026-07-11 20:59:00,1783803540,R_75,52794.4711,1,0.09120000000257278,BACKFILL_AUTO
2026-07-11 20:59:02,1783803542,R_75,52798.649,1,4.177899999995134,BACKFILL_AUTO
2026-07-11 20:59:04,1783803544,R_75,52795.584,-1,3.0649999999950523,BACKFILL_AUTO
2026-07-11 20:59:06,1783803546,R_75,52791.4487,-1,4.135300000001735,BACKFILL_AUTO
2026-07-11 20:59:08,1783803548,R_75,52779.1379,-1,12.31079999999929,BACKFILL_AUTO
2026-07-11 20:59:10,1783803550,R_75,52777.2279,-1,1.9100000000034925,BACKFILL_AUTO
2026-07-11 20:59:12,1783803552,R_75,52775.0856,-1,2.1422999999995227,BACKFILL_AUTO
2026-07-11 20:59:14,1783803554,R_75,52764.4408,-1,10.644800000001851,BACKFILL_AUTO
2026-07-11 20:59:16,1783803556,R_75,52774.7126,1,10.271800000002258,BACKFILL_AUTO
2026-07-11 20:59:18,1783803558,R_75,52780.0802,1,5.367599999997765,BACKFILL_AUTO
2026-07-11 20:59:20,1783803560,R_75,52789.4047,1,9.324500000002445,BACKFILL_AUTO
2026-07-11 20:59:22,1783803562,R_75,52784.5543,-1,4.850399999995716,BACKFILL_AUTO
2026-07-11 20:59:24,1783803564,R_75,52779.1185,-1,5.435800000006566,BACKFILL_AUTO
2026-07-11 20:59:26,1783803566,R_75,52793.8578,1,14.739300000001094,BACKFILL_AUTO
2026-07-11 20:59:28,1783803568,R_75,52808.297,1,14.43920000000071,BACKFILL_AUTO
2026-07-11 20:59:30,1783803570,R_75,52805.8341,-1,2.4628999999986263,BACKFILL_AUTO
2026-07-11 20:59:32,1783803572,R_75,52823.0752,1,17.24109999999928,BACKFILL_AUTO
2026-07-11 20:59:34,1783803574,R_75,52821.5365,-1,1.538699999997334,BACKFILL_AUTO
2026-07-11 20:59:36,1783803576,R_75,52841.4857,1,19.94919999999547,BACKFILL_AUTO
2026-07-11 20:59:38,1783803578,R_75,52854.6223,1,13.136600000005274,BACKFILL_AUTO
2026-07-11 20:59:40,1783803580,R_75,52852.9556,-1,1.6667000000015832,BACKFILL_AUTO
2026-07-11 20:59:42,1783803582,R_75,52848.9012,-1,4.054400000000896,BACKFILL_AUTO
2026-07-11 20:59:44,1783803584,R_75,52838.6791,-1,10.222099999999045,BACKFILL_AUTO
2026-07-11 20:59:46,1783803586,R_75,52844.3673,1,5.688199999996868,BACKFILL_AUTO
2026-07-11 20:59:48,1783803588,R_75,52822.5151,-1,21.852200000001176,BACKFILL_AUTO
2026-07-11 20:59:50,1783803590,R_75,52825.0098,1,2.494700000002922,BACKFILL_AUTO
2026-07-11 20:59:52,1783803592,R_75,52839.7961,1,14.786299999999756,BACKFILL_AUTO
2026-07-11 20:59:54,1783803594,R_75,52842.7731,1,2.9769999999989523,BACKFILL_AUTO
2026-07-11 20:59:56,1783803596,R_75,52831.6122,-1,11.160899999995308,BACKFILL_AUTO
2026-07-11 20:59:58,1783803598,R_75,52835.6269,1,4.014699999999721,BACKFILL_AUTO
2026-07-11 21:00:00,1783803600,R_75,52835.0149,-1,0.6120000000009895,BACKFILL_AUTO
2026-07-11 21:00:02,1783803602,R_75,52824.4545,-1,10.560400000002119,BACKFILL_AUTO
2026-07-11 21:00:04,1783803604,R_75,52818.048,-1,6.4064999999973224,BACKFILL_AUTO
2026-07-11 21:00:06,1783803606,R_75,52797.7871,-1,20.26090000000113,BACKFILL_AUTO
2026-07-11 21:00:08,1783803608,R_75,52791.5895,-1,6.197599999999511,BACKFILL_AUTO
2026-07-11 21:00:10,1783803610,R_75,52803.9028,1,12.313300000001618,BACKFILL_AUTO
2026-07-11 21:00:12,1783803612,R_75,52800.9156,-1,2.987200000003213,BACKFILL_AUTO
2026-07-11 21:00:14,1783803614,R_75,52800.956,1,0.04039999999804422,BACKFILL_AUTO
2026-07-11 21:00:16,1783803616,R_75,52800.2832,-1,0.6728000000002794,BACKFILL_AUTO
2026-07-11 21:00:18,1783803618,R_75,52805.55,1,5.266800000004878,BACKFILL_AUTO
2026-07-11 21:00:20,1783803620,R_75,52824.2882,1,18.73819999999978,BACKFILL_AUTO
2026-07-11 21:00:22,1783803622,R_75,52846.1282,1,21.839999999996508,BACKFILL_AUTO
2026-07-11 21:00:24,1783803624,R_75,52838.9666,-1,7.161599999999453,BACKFILL_AUTO
2026-07-11 21:00:26,1783803626,R_75,52842.0427,1,3.076099999998405,BACKFILL_AUTO
2026-07-11 21:00:28,1783803628,R_75,52837.8148,-1,4.227899999998044,BACKFILL_AUTO
2026-07-11 21:00:30,1783803630,R_75,52849.5981,1,11.783300000002782,BACKFILL_AUTO
2026-07-11 21:00:32,1783803632,R_75,52842.4679,-1,7.130199999999604,BACKFILL_AUTO
2026-07-11 21:00:34,1783803634,R_75,52833.7996,-1,8.66830000000482,BACKFILL_AUTO
2026-07-11 21:00:36,1783803636,R_75,52818.3891,-1,15.410499999998137,BACKFILL_AUTO
2026-07-11 21:00:38,1783803638,R_75,52821.7695,1,3.3804000000018277,BACKFILL_AUTO
2026-07-11 21:00:40,1783803640,R_75,52817.5081,-1,4.26140000000305,BACKFILL_AUTO
2026-07-11 21:00:42,1783803642,R_75,52826.0886,1,8.580500000003667,BACKFILL_AUTO
2026-07-11 21:00:44,1783803644,R_75,52848.1246,1,22.036000000000058,BACKFILL_AUTO
2026-07-11 21:00:46,1783803646,R_75,52844.261,-1,3.863600000004226,BACKFILL_AUTO
2026-07-11 21:00:48,1783803648,R_75,52849.1674,1,4.906399999999849,BACKFILL_AUTO
2026-07-11 21:00:50,1783803650,R_75,52842.6624,-1,6.504999999997381,BACKFILL_AUTO
2026-07-11 21:00:52,1783803652,R_75,52840.628,-1,2.034400000004098,BACKFILL_AUTO
2026-07-11 21:00:54,1783803654,R_75,52828.5952,-1,12.032799999993586,BACKFILL_AUTO
2026-07-11 21:00:56,1783803656,R_75,52815.4819,-1,13.113300000004529,BACKFILL_AUTO
2026-07-11 21:00:58,1783803658,R_75,52809.1292,-1,6.352699999995821,BACKFILL_AUTO
2026-07-11 21:01:00,1783803660,R_75,52788.8451,-1,20.2841000000044,BACKFILL_AUTO
2026-07-11 21:01:02,1783803662,R_75,52783.9981,-1,4.847000000001572,BACKFILL_AUTO
2026-07-11 21:01:04,1783803664,R_75,52777.228,-1,6.770099999994272,BACKFILL_AUTO
2026-07-11 21:01:06,1783803666,R_75,52782.4639,1,5.235899999999674,BACKFILL_AUTO
2026-07-11 21:01:08,1783803668,R_75,52802.5848,1,20.120899999994435,BACKFILL_AUTO
2026-07-11 21:01:10,1783803670,R_75,52806.6959,1,4.111100000001898,BACKFILL_AUTO
2026-07-11 21:01:12,1783803672,R_75,52804.3766,-1,2.3192999999955646,BACKFILL_AUTO
2026-07-11 21:01:14,1783803674,R_75,52793.0041,-1,11.372500000004948,BACKFILL_AUTO
2026-07-11 21:01:16,1783803676,R_75,52805.8234,1,12.81930000000284,BACKFILL_AUTO
2026-07-11 21:01:18,1783803678,R_75,52801.9621,-1,3.861300000004121,BACKFILL_AUTO
2026-07-11 21:01:20,1783803680,R_75,52809.2222,1,7.260099999999511,BACKFILL_AUTO
2026-07-11 21:01:22,1783803682,R_75,52811.2737,1,2.051500000001397,BACKFILL_AUTO
2026-07-11 21:01:24,1783803684,R_75,52812.8808,1,1.6071000000010827,BACKFILL_AUTO
2026-07-11 21:01:26,1783803686,R_75,52810.8661,-1,2.0146999999997206,BACKFILL_AUTO
2026-07-11 21:01:28,1783803688,R_75,52819.5028,1,8.636700000002747,BACKFILL_AUTO
2026-07-11 21:01:30,1783803690,R_75,52837.668,1,18.16519999999582,BACKFILL_AUTO
2026-07-11 21:01:32,1783803692,R_75,52856.0596,1,18.391600000002654,BACKFILL_AUTO
2026-07-11 21:01:34,1783803694,R_75,52849.1002,-1,6.959399999999732,BACKFILL_AUTO
2026-07-11 21:01:36,1783803696,R_75,52847.1592,-1,1.940999999998894,BACKFILL_AUTO
2026-07-11 21:01:38,1783803698,R_75,52834.6975,-1,12.461699999999837,BACKFILL_AUTO
2026-07-11 21:01:40,1783803700,R_75,52833.3154,-1,1.3821000000025379,BACKFILL_AUTO
2026-07-11 21:01:42,1783803702,R_75,52823.5813,-1,9.73410000000149,BACKFILL_AUTO
2026-07-11 21:01:44,1783803704,R_75,52818.5195,-1,5.061799999995856,BACKFILL_AUTO
2026-07-11 21:01:46,1783803706,R_75,52822.3542,1,3.8346999999994296,BACKFILL_AUTO
2026-07-11 21:01:48,1783803708,R_75,52813.5374,-1,8.816800000000512,BACKFILL_AUTO
2026-07-11 21:01:50,1783803710,R_75,52807.6668,-1,5.870600000002014,BACKFILL_AUTO
2026-07-11 21:01:52,1783803712,R_75,52803.6909,-1,3.9758999999976368,BACKFILL_AUTO
2026-07-11 21:01:54,1783803714,R_75,52810.2697,1,6.578799999995681,BACKFILL_AUTO
2026-07-11 21:01:56,1783803716,R_75,52806.2243,-1,4.045399999995425,BACKFILL_AUTO
2026-07-11 21:01:58,1783803718,R_75,52807.517,1,1.292699999998149,BACKFILL_AUTO
2026-07-11 21:02:00,1783803720,R_75,52812.7745,1,5.257499999999709,BACKFILL_AUTO
2026-07-11 21:02:02,1783803722,R_75,52807.7839,-1,4.990599999997357,BACKFILL_AUTO
2026-07-11 21:02:04,1783803724,R_75,52793.2046,-1,14.579300000004878,BACKFILL_AUTO
2026-07-11 21:02:06,1783803726,R_75,52784.7661,-1,8.438499999996566,BACKFILL_AUTO
2026-07-11 21:02:08,1783803728,R_75,52784.8389,1,0.07280000000173459,BACKFILL_AUTO
2026-07-11 21:02:10,1783803730,R_75,52786.351,1,1.5120999999999185,BACKFILL_AUTO
2026-07-11 21:02:12,1783803732,R_75,52795.7818,1,9.430799999994633,BACKFILL_AUTO
2026-07-11 21:02:14,1783803734,R_75,52807.6265,1,11.844700000001467,BACKFILL_AUTO
2026-07-11 21:02:16,1783803736,R_75,52807.2113,-1,0.4151999999958207,BACKFILL_AUTO
2026-07-11 21:02:18,1783803738,R_75,52803.7772,-1,3.4341000000058557,BACKFILL_AUTO
2026-07-11 21:02:20,1783803740,R_75,52807.8138,1,4.036600000006729,BACKFILL_AUTO
2026-07-11 21:02:22,1783803742,R_75,52797.5213,-1,10.292500000003201,BACKFILL_AUTO
2026-07-11 21:02:24,1783803744,R_75,52797.9222,1,0.40090000000054715,BACKFILL_AUTO
2026-07-11 21:02:26,1783803746,R_75,52798.0251,1,0.10289999999804422,BACKFILL_AUTO
2026-07-11 21:02:28,1783803748,R_75,52797.0699,-1,0.9551999999966938,BACKFILL_AUTO
2026-07-11 21:02:30,1783803750,R_75,52792.4522,-1,4.617700000002515,BACKFILL_AUTO
2026-07-11 21:02:32,1783803752,R_75,52806.4993,1,14.047100000003411,BACKFILL_AUTO
2026-07-11 21:02:34,1783803754,R_75,52815.726,1,9.226699999999255,BACKFILL_AUTO
2026-07-11 21:02:36,1783803756,R_75,52811.7006,-1,4.025400000005902,BACKFILL_AUTO
2026-07-11 21:02:38,1783803758,R_75,52822.42,1,10.71940000000177,BACKFILL_AUTO
2026-07-11 21:02:40,1783803760,R_75,52829.364,1,6.944000000003143,BACKFILL_AUTO
2026-07-11 21:02:42,1783803762,R_75,52850.4939,1,21.129899999999907,BACKFILL_AUTO
2026-07-11 21:02:44,1783803764,R_75,52868.4309,1,17.93699999999808,BACKFILL_AUTO
2026-07-11 21:02:46,1783803766,R_75,52869.4733,1,1.0423999999984517,BACKFILL_AUTO
2026-07-11 21:02:48,1783803768,R_75,52879.7007,1,10.2274000000034,BACKFILL_AUTO
2026-07-11 21:02:50,1783803770,R_75,52870.8805,-1,8.820200000001932,BACKFILL_AUTO
2026-07-11 21:02:52,1783803772,R_75,52858.1603,-1,12.720199999996112,BACKFILL_AUTO
2026-07-11 21:02:54,1783803774,R_75,52856.7257,-1,1.4346000000005006,BACKFILL_AUTO
2026-07-11 21:02:56,1783803776,R_75,52845.0287,-1,11.697000000000116,BACKFILL_AUTO
2026-07-11 21:02:58,1783803778,R_75,52845.7295,1,0.7007999999987078,BACKFILL_AUTO
2026-07-11 21:03:00,1783803780,R_75,52836.5966,-1,9.132900000004156,BACKFILL_AUTO
2026-07-11 21:03:02,1783803782,R_75,52816.1384,-1,20.458199999993667,BACKFILL_AUTO
2026-07-11 21:03:04,1783803784,R_75,52812.9653,-1,3.1730999999999767,BACKFILL_AUTO
2026-07-11 21:03:06,1783803786,R_75,52809.8369,-1,3.1284000000014203,BACKFILL_AUTO
2026-07-11 21:03:08,1783803788,R_75,52827.0952,1,17.258300000001327,BACKFILL_AUTO
2026-07-11 21:03:10,1783803790,R_75,52827.2182,1,0.12299999999959255,BACKFILL_AUTO
2026-07-11 21:03:12,1783803792,R_75,52834.1561,1,6.937899999997171,BACKFILL_AUTO
2026-07-11 21:03:14,1783803794,R_75,52833.2134,-1,0.9426999999996042,BACKFILL_AUTO
2026-07-11 21:03:16,1783803796,R_75,52841.9807,1,8.767299999999523,BACKFILL_AUTO
2026-07-11 21:03:18,1783803798,R_75,52840.2692,-1,1.7114999999976135,BACKFILL_AUTO
2026-07-11 21:03:20,1783803800,R_75,52843.9414,1,3.6722000000008848,BACKFILL_AUTO
2026-07-11 21:03:22,1783803802,R_75,52858.2144,1,14.272999999993772,BACKFILL_AUTO
2026-07-11 21:03:24,1783803804,R_75,52879.3536,1,21.139200000005076,BACKFILL_AUTO
2026-07-11 21:03:26,1783803806,R_75,52872.0535,-1,7.300100000000384,BACKFILL_AUTO
2026-07-11 21:03:28,1783803808,R_75,52843.016,-1,29.037499999998545,BACKFILL_AUTO
2026-07-11 21:03:30,1783803810,R_75,52823.3175,-1,19.69850000000588,BACKFILL_AUTO
2026-07-11 21:03:32,1783803812,R_75,52823.9918,1,0.674300000006042,BACKFILL_AUTO
2026-07-11 21:03:34,1783803814,R_75,52833.0681,1,9.076299999993353,BACKFILL_AUTO
2026-07-11 21:03:36,1783803816,R_75,52830.6876,-1,2.3804999999993015,BACKFILL_AUTO
2026-07-11 21:03:38,1783803818,R_75,52835.4467,1,4.759100000002945,BACKFILL_AUTO
2026-07-11 21:03:40,1783803820,R_75,52843.1819,1,7.735200000002806,BACKFILL_AUTO
2026-07-11 21:03:42,1783803822,R_75,52861.4459,1,18.263999999995576,BACKFILL_AUTO
2026-07-11 21:03:44,1783803824,R_75,52853.0386,-1,8.40729999999894,BACKFILL_AUTO
2026-07-11 21:03:46,1783803826,R_75,52859.7283,1,6.689700000002631,BACKFILL_AUTO
2026-07-11 21:03:48,1783803828,R_75,52850.313,-1,9.41530000000057,BACKFILL_AUTO
2026-07-11 21:03:50,1783803830,R_75,52838.9071,-1,11.405900000005204,BACKFILL_AUTO
2026-07-11 21:03:52,1783803832,R_75,52834.3275,-1,4.579599999997299,BACKFILL_AUTO
2026-07-11 21:03:54,1783803834,R_75,52811.1696,-1,23.157899999998335,BACKFILL_AUTO
2026-07-11 21:03:56,1783803836,R_75,52809.8549,-1,1.314700000002631,BACKFILL_AUTO
2026-07-11 21:03:58,1783803838,R_75,52807.3064,-1,2.548499999997148,BACKFILL_AUTO
2026-07-11 21:04:00,1783803840,R_75,52794.2596,-1,13.046800000003714,BACKFILL_AUTO
2026-07-11 21:04:02,1783803842,R_75,52804.3984,1,10.138800000000629,BACKFILL_AUTO
2026-07-11 21:04:04,1783803844,R_75,52788.0865,-1,16.311900000000605,BACKFILL_AUTO
2026-07-11 21:04:06,1783803846,R_75,52771.4404,-1,16.646099999998114,BACKFILL_AUTO
2026-07-11 21:04:08,1783803848,R_75,52783.4831,1,12.042699999998149,BACKFILL_AUTO
2026-07-11 21:04:10,1783803850,R_75,52795.9587,1,12.475600000005215,BACKFILL_AUTO
2026-07-11 21:04:12,1783803852,R_75,52795.4077,-1,0.5509999999994761,BACKFILL_AUTO
2026-07-11 21:04:14,1783803854,R_75,52785.6565,-1,9.751200000006065,BACKFILL_AUTO
2026-07-11 21:04:16,1783803856,R_75,52797.5758,1,11.919300000001385,BACKFILL_AUTO
2026-07-11 21:04:18,1783803858,R_75,52795.4606,-1,2.1152000000001863,BACKFILL_AUTO
2026-07-11 21:04:20,1783803860,R_75,52800.2813,1,4.820700000003853,BACKFILL_AUTO
2026-07-11 21:04:22,1783803862,R_75,52809.91,1,9.628700000001118,BACKFILL_AUTO
2026-07-11 21:04:24,1783803864,R_75,52809.4665,-1,0.44350000000122236,BACKFILL_AUTO
2026-07-11 21:04:26,1783803866,R_75,52806.4859,-1,2.980600000002596,BACKFILL_AUTO
2026-07-11 21:04:28,1783803868,R_75,52811.2097,1,4.7237999999997555,BACKFILL_AUTO
2026-07-11 21:04:30,1783803870,R_75,52818.3154,1,7.10570000000007,BACKFILL_AUTO
2026-07-11 21:04:32,1783803872,R_75,52823.7125,1,5.397100000001956,BACKFILL_AUTO
2026-07-11 21:04:34,1783803874,R_75,52824.2402,1,0.5276999999987311,BACKFILL_AUTO
2026-07-11 21:04:36,1783803876,R_75,52823.3088,-1,0.9314000000013039,BACKFILL_AUTO
2026-07-11 21:04:38,1783803878,R_75,52830.5637,1,7.254899999999907,BACKFILL_AUTO
2026-07-11 21:04:40,1783803880,R_75,52840.9531,1,10.389400000000023,BACKFILL_AUTO
2026-07-11 21:04:42,1783803882,R_75,52845.299,1,4.345900000000256,BACKFILL_AUTO
2026-07-11 21:04:44,1783803884,R_75,52844.1673,-1,1.1316999999980908,BACKFILL_AUTO
2026-07-11 21:04:46,1783803886,R_75,52830.8077,-1,13.359600000003411,BACKFILL_AUTO
2026-07-11 21:04:48,1783803888,R_75,52829.6466,-1,1.161099999997532,BACKFILL_AUTO
2026-07-11 21:04:50,1783803890,R_75,52826.524,-1,3.1226000000024214,BACKFILL_AUTO
2026-07-11 21:04:52,1783803892,R_75,52836.975,1,10.451000000000931,BACKFILL_AUTO
2026-07-11 21:04:54,1783803894,R_75,52837.7481,1,0.7730999999985215,BACKFILL_AUTO
2026-07-11 21:04:56,1783803896,R_75,52851.7154,1,13.967300000003888,BACKFILL_AUTO
2026-07-11 21:04:58,1783803898,R_75,52866.7211,1,15.005700000001525,BACKFILL_AUTO
2026-07-11 21:05:00,1783803900,R_75,52872.2565,1,5.535400000000664,BACKFILL_AUTO
2026-07-11 21:05:02,1783803902,R_75,52852.119,-1,20.137500000004366,BACKFILL_AUTO
2026-07-11 21:05:04,1783803904,R_75,52858.6489,1,6.529900000001362,BACKFILL_AUTO
2026-07-11 21:05:06,1783803906,R_75,52862.5961,1,3.94720000000234,BACKFILL_AUTO
2026-07-11 21:05:08,1783803908,R_75,52854.3522,-1,8.243900000001304,BACKFILL_AUTO
2026-07-11 21:05:10,1783803910,R_75,52848.0864,-1,6.265800000001036,BACKFILL_AUTO
2026-07-11 21:05:12,1783803912,R_75,52839.6958,-1,8.390599999998813,BACKFILL_AUTO
2026-07-11 21:05:14,1783803914,R_75,52829.387,-1,10.308799999998882,BACKFILL_AUTO
2026-07-11 21:05:16,1783803916,R_75,52821.4141,-1,7.972900000000664,BACKFILL_AUTO
2026-07-11 21:05:18,1783803918,R_75,52823.5482,1,2.1340999999956694,BACKFILL_AUTO
2026-07-11 21:05:20,1783803920,R_75,52814.6053,-1,8.942899999994552,BACKFILL_AUTO
2026-07-11 21:05:22,1783803922,R_75,52807.8827,-1,6.722600000000966,BACKFILL_AUTO
2026-07-11 21:05:24,1783803924,R_75,52803.9856,-1,3.8971000000019558,BACKFILL_AUTO
2026-07-11 21:05:26,1783803926,R_75,52793.9187,-1,10.066899999997986,BACKFILL_AUTO
2026-07-11 21:05:28,1783803928,R_75,52803.2596,1,9.3408999999956,BACKFILL_AUTO
2026-07-11 21:05:30,1783803930,R_75,52825.8483,1,22.588700000000244,BACKFILL_AUTO
2026-07-11 21:05:32,1783803932,R_75,52829.496,1,3.6477000000013504,BACKFILL_AUTO
2026-07-11 21:05:34,1783803934,R_75,52837.7843,1,8.288300000000163,BACKFILL_AUTO
2026-07-11 21:05:36,1783803936,R_75,52849.8513,1,12.067000000002736,BACKFILL_AUTO
2026-07-11 21:05:38,1783803938,R_75,52841.0131,-1,8.8382000000056,BACKFILL_AUTO
2026-07-11 21:05:40,1783803940,R_75,52834.4527,-1,6.560399999994843,BACKFILL_AUTO
2026-07-11 21:05:42,1783803942,R_75,52840.5792,1,6.126499999998487,BACKFILL_AUTO
2026-07-11 21:05:44,1783803944,R_75,52838.0233,-1,2.555899999999383,BACKFILL_AUTO
2026-07-11 21:05:46,1783803946,R_75,52844.136,1,6.112699999997858,BACKFILL_AUTO
2026-07-11 21:05:48,1783803948,R_75,52813.5647,-1,30.571299999995972,BACKFILL_AUTO
2026-07-11 21:05:50,1783803950,R_75,52801.8071,-1,11.757600000004459,BACKFILL_AUTO
2026-07-11 21:05:52,1783803952,R_75,52786.9135,-1,14.893599999995786,BACKFILL_AUTO
2026-07-11 21:05:54,1783803954,R_75,52786.7979,-1,0.11560000000463333,BACKFILL_AUTO
2026-07-11 21:05:56,1783803956,R_75,52802.7939,1,15.995999999999185,BACKFILL_AUTO
2026-07-11 21:05:58,1783803958,R_75,52790.0776,-1,12.716300000000047,BACKFILL_AUTO
2026-07-11 21:06:00,1783803960,R_75,52788.4161,-1,1.661499999994703,BACKFILL_AUTO
2026-07-11 21:06:02,1783803962,R_75,52794.6322,1,6.216099999997823,BACKFILL_AUTO
2026-07-11 21:06:04,1783803964,R_75,52809.2067,1,14.574500000002445,BACKFILL_AUTO
2026-07-11 21:06:06,1783803966,R_75,52838.3328,1,29.12609999999404,BACKFILL_AUTO
2026-07-11 21:06:08,1783803968,R_75,52832.8207,-1,5.5120999999999185,BACKFILL_AUTO
2026-07-11 21:06:10,1783803970,R_75,52830.6042,-1,2.216499999994994,BACKFILL_AUTO
2026-07-11 21:06:12,1783803972,R_75,52846.0239,1,15.419699999998556,BACKFILL_AUTO
2026-07-11 21:06:14,1783803974,R_75,52831.9197,-1,14.104200000001583,BACKFILL_AUTO
2026-07-11 21:06:16,1783803976,R_75,52831.7229,-1,0.19679999999789288,BACKFILL_AUTO
2026-07-11 21:06:18,1783803978,R_75,52826.0067,-1,5.716200000002573,BACKFILL_AUTO
2026-07-11 21:06:20,1783803980,R_75,52803.6768,-1,22.329899999996996,BACKFILL_AUTO
2026-07-11 21:06:22,1783803982,R_75,52794.9599,-1,8.716899999999441,BACKFILL_AUTO
2026-07-11 21:06:24,1783803984,R_75,52802.2838,1,7.323899999995774,BACKFILL_AUTO
2026-07-11 21:06:26,1783803986,R_75,52800.4296,-1,1.8541999999943073,BACKFILL_AUTO
2026-07-11 21:06:28,1783803988,R_75,52775.2986,-1,25.131000000001222,BACKFILL_AUTO
2026-07-11 21:06:30,1783803990,R_75,52780.8799,1,5.581299999998009,BACKFILL_AUTO
2026-07-11 21:06:32,1783803992,R_75,52795.7332,1,14.853300000002491,BACKFILL_AUTO
2026-07-11 21:06:34,1783803994,R_75,52806.2369,1,10.503700000001118,BACKFILL_AUTO
2026-07-11 21:06:36,1783803996,R_75,52807.7444,1,1.507499999999709,BACKFILL_AUTO
2026-07-11 21:06:38,1783803998,R_75,52791.233,-1,16.51140000000305,BACKFILL_AUTO
2026-07-11 21:06:40,1783804000,R_75,52793.0077,1,1.7747000000017579,BACKFILL_AUTO
2026-07-11 21:06:42,1783804002,R_75,52797.7477,1,4.739999999997963,BACKFILL_AUTO
2026-07-11 21:06:44,1783804004,R_75,52804.4603,1,6.712599999998929,BACKFILL_AUTO
2026-07-11 21:06:46,1783804006,R_75,52791.6726,-1,12.787700000000768,BACKFILL_AUTO
2026-07-11 21:06:48,1783804008,R_75,52785.1787,-1,6.493900000001304,BACKFILL_AUTO
2026-07-11 21:06:50,1783804010,R_75,52796.4354,1,11.256700000005367,BACKFILL_AUTO
2026-07-11 21:06:52,1783804012,R_75,52803.8644,1,7.428999999996449,BACKFILL_AUTO
2026-07-11 21:06:54,1783804014,R_75,52786.9172,-1,16.947199999995064,BACKFILL_AUTO
2026-07-11 21:06:56,1783804016,R_75,52789.3042,1,2.3869999999951688,BACKFILL_AUTO
2026-07-11 21:06:58,1783804018,R_75,52790.7812,1,1.4769999999989523,BACKFILL_AUTO
2026-07-11 21:07:00,1783804020,R_75,52798.072,1,7.290800000002491,BACKFILL_AUTO
2026-07-11 21:07:02,1783804022,R_75,52809.6306,1,11.558599999996659,BACKFILL_AUTO
2026-07-11 21:07:04,1783804024,R_75,52785.0159,-1,24.614699999998265,BACKFILL_AUTO
2026-07-11 21:07:06,1783804026,R_75,52790.6986,1,5.682700000004843,BACKFILL_AUTO
2026-07-11 21:07:08,1783804028,R_75,52781.3437,-1,9.354900000005728,BACKFILL_AUTO
2026-07-11 21:07:10,1783804030,R_75,52764.3141,-1,17.02959999999439,BACKFILL_AUTO
2026-07-11 21:07:12,1783804032,R_75,52766.006,1,1.691899999997986,BACKFILL_AUTO
2026-07-11 21:07:14,1783804034,R_75,52766.5742,1,0.568200000001525,BACKFILL_AUTO
2026-07-11 21:07:16,1783804036,R_75,52758.9962,-1,7.578000000001339,BACKFILL_AUTO
2026-07-11 21:07:18,1783804038,R_75,52757.1612,-1,1.8349999999991269,BACKFILL_AUTO
2026-07-11 21:07:20,1783804040,R_75,52755.201,-1,1.9602000000013504,BACKFILL_AUTO
2026-07-11 21:07:22,1783804042,R_75,52751.9245,-1,3.276499999999942,BACKFILL_AUTO
2026-07-11 21:07:24,1783804044,R_75,52755.261,1,3.3364999999976135,BACKFILL_AUTO
2026-07-11 21:07:26,1783804046,R_75,52759.3492,1,4.088199999998324,BACKFILL_AUTO
2026-07-11 21:07:28,1783804048,R_75,52768.9536,1,9.604400000003807,BACKFILL_AUTO
2026-07-11 21:07:30,1783804050,R_75,52783.1361,1,14.18250000000262,BACKFILL_AUTO
2026-07-11 21:07:32,1783804052,R_75,52780.9092,-1,2.2269000000014785,BACKFILL_AUTO
2026-07-11 21:07:34,1783804054,R_75,52758.47,-1,22.43920000000071,BACKFILL_AUTO
2026-07-11 21:07:36,1783804056,R_75,52761.7543,1,3.284299999999348,BACKFILL_AUTO
2026-07-11 21:07:38,1783804058,R_75,52750.9144,-1,10.839899999999034,BACKFILL_AUTO
2026-07-11 21:07:40,1783804060,R_75,52740.6132,-1,10.3012000000017,BACKFILL_AUTO
2026-07-11 21:07:42,1783804062,R_75,52738.6412,-1,1.9720000000015716,BACKFILL_AUTO
2026-07-11 21:07:44,1783804064,R_75,52748.8387,1,10.197500000002037,BACKFILL_AUTO
2026-07-11 21:07:46,1783804066,R_75,52754.3122,1,5.473500000000058,BACKFILL_AUTO
2026-07-11 21:07:48,1783804068,R_75,52745.9986,-1,8.313600000001315,BACKFILL_AUTO
2026-07-11 21:07:50,1783804070,R_75,52747.0275,1,1.0288999999975204,BACKFILL_AUTO
2026-07-11 21:07:52,1783804072,R_75,52751.5066,1,4.4791000000041095,BACKFILL_AUTO
2026-07-11 21:07:54,1783804074,R_75,52761.1192,1,9.612600000000384,BACKFILL_AUTO
2026-07-11 21:07:56,1783804076,R_75,52766.42,1,5.300799999997253,BACKFILL_AUTO
2026-07-11 21:07:58,1783804078,R_75,52762.7231,-1,3.6968999999953667,BACKFILL_AUTO
2026-07-11 21:08:00,1783804080,R_75,52765.375,1,2.651899999997113,BACKFILL_AUTO
2026-07-11 21:08:02,1783804082,R_75,52769.8362,1,4.461199999997916,BACKFILL_AUTO
2026-07-11 21:08:04,1783804084,R_75,52781.4534,1,11.617200000000594,BACKFILL_AUTO
2026-07-11 21:08:06,1783804086,R_75,52772.2293,-1,9.224099999999453,BACKFILL_AUTO
2026-07-11 21:08:08,1783804088,R_75,52778.7761,1,6.546800000003714,BACKFILL_AUTO
2026-07-11 21:08:10,1783804090,R_75,52780.3048,1,1.5286999999952968,BACKFILL_AUTO
2026-07-11 21:08:12,1783804092,R_75,52773.8474,-1,6.457399999999325,BACKFILL_AUTO
2026-07-11 21:08:14,1783804094,R_75,52778.8373,1,4.989900000000489,BACKFILL_AUTO
2026-07-11 21:08:16,1783804096,R_75,52777.4028,-1,1.4344999999957508,BACKFILL_AUTO
2026-07-11 21:08:18,1783804098,R_75,52768.9277,-1,8.475100000003295,BACKFILL_AUTO
2026-07-11 21:08:20,1783804100,R_75,52757.3553,-1,11.572399999997288,BACKFILL_AUTO
2026-07-11 21:08:22,1783804102,R_75,52757.8552,1,0.49989999999525025,BACKFILL_AUTO
2026-07-11 21:08:24,1783804104,R_75,52746.2587,-1,11.59649999999965,BACKFILL_AUTO
2026-07-11 21:08:26,1783804106,R_75,52745.4977,-1,0.760999999998603,BACKFILL_AUTO
2026-07-11 21:08:28,1783804108,R_75,52753.1022,1,7.604500000001281,BACKFILL_AUTO
2026-07-11 21:08:30,1783804110,R_75,52749.5886,-1,3.513599999998405,BACKFILL_AUTO
2026-07-11 21:08:32,1783804112,R_75,52757.5223,1,7.933699999994133,BACKFILL_AUTO
2026-07-11 21:08:34,1783804114,R_75,52765.951,1,8.428700000004028,BACKFILL_AUTO
2026-07-11 21:08:36,1783804116,R_75,52785.855,1,19.90400000000227,BACKFILL_AUTO
2026-07-11 21:08:38,1783804118,R_75,52764.4462,-1,21.408800000004703,BACKFILL_AUTO
2026-07-11 21:08:40,1783804120,R_75,52761.079,-1,3.3672000000005937,BACKFILL_AUTO
2026-07-11 21:08:42,1783804122,R_75,52788.7942,1,27.71519999999873,BACKFILL_AUTO
2026-07-11 21:08:44,1783804124,R_75,52801.0089,1,12.214700000004086,BACKFILL_AUTO
2026-07-11 21:08:46,1783804126,R_75,52815.0029,1,13.993999999998778,BACKFILL_AUTO
2026-07-11 21:08:48,1783804128,R_75,52827.3157,1,12.312799999999697,BACKFILL_AUTO
2026-07-11 21:08:50,1783804130,R_75,52829.3973,1,2.0815999999977066,BACKFILL_AUTO
2026-07-11 21:08:52,1783804132,R_75,52845.9417,1,16.544400000006135,BACKFILL_AUTO
2026-07-11 21:08:54,1783804134,R_75,52835.6996,-1,10.24210000000312,BACKFILL_AUTO
2026-07-11 21:08:56,1783804136,R_75,52819.5784,-1,16.12120000000141,BACKFILL_AUTO
2026-07-11 21:08:58,1783804138,R_75,52845.2273,1,25.64890000000014,BACKFILL_AUTO
2026-07-11 21:09:00,1783804140,R_75,52837.9731,-1,7.2541999999957625,BACKFILL_AUTO
2026-07-11 21:09:02,1783804142,R_75,52831.1732,-1,6.799900000005437,BACKFILL_AUTO
2026-07-11 21:09:04,1783804144,R_75,52825.4842,-1,5.688999999998487,BACKFILL_AUTO
2026-07-11 21:09:06,1783804146,R_75,52820.0073,-1,5.4769000000014785,BACKFILL_AUTO
2026-07-11 21:09:08,1783804148,R_75,52800.2207,-1,19.786599999999453,BACKFILL_AUTO
2026-07-11 21:09:10,1783804150,R_75,52807.1189,1,6.898200000003271,BACKFILL_AUTO
2026-07-11 21:09:12,1783804152,R_75,52801.9336,-1,5.185300000004645,BACKFILL_AUTO
2026-07-11 21:09:14,1783804154,R_75,52787.2893,-1,14.64429999999993,BACKFILL_AUTO
2026-07-11 21:09:16,1783804156,R_75,52787.3838,1,0.09450000000651926,BACKFILL_AUTO
2026-07-11 21:09:18,1783804158,R_75,52803.1588,1,15.77499999999418,BACKFILL_AUTO
2026-07-11 21:09:20,1783804160,R_75,52813.8059,1,10.647100000001956,BACKFILL_AUTO
2026-07-11 21:09:22,1783804162,R_75,52812.48,-1,1.3258999999961816,BACKFILL_AUTO
2026-07-11 21:09:24,1783804164,R_75,52812.3898,-1,0.09020000000600703,BACKFILL_AUTO
2026-07-11 21:09:26,1783804166,R_75,52814.9662,1,2.5764000000053784,BACKFILL_AUTO
2026-07-11 21:09:28,1783804168,R_75,52802.065,-1,12.901200000000244,BACKFILL_AUTO
2026-07-11 21:09:30,1783804170,R_75,52805.0677,1,3.002699999997276,BACKFILL_AUTO
2026-07-11 21:09:32,1783804172,R_75,52804.7914,-1,0.27629999999771826,BACKFILL_AUTO
2026-07-11 21:09:34,1783804174,R_75,52807.3178,1,2.526399999995192,BACKFILL_AUTO
2026-07-11 21:09:36,1783804176,R_75,52777.2498,-1,30.0679999999993,BACKFILL_AUTO
2026-07-11 21:09:38,1783804178,R_75,52785.2426,1,7.992799999999988,BACKFILL_AUTO
2026-07-11 21:09:40,1783804180,R_75,52784.4434,-1,0.7992000000012922,BACKFILL_AUTO
2026-07-11 21:09:42,1783804182,R_75,52779.492,-1,4.951399999998102,BACKFILL_AUTO
2026-07-11 21:09:44,1783804184,R_75,52771.0769,-1,8.415099999998347,BACKFILL_AUTO
2026-07-11 21:09:46,1783804186,R_75,52760.7486,-1,10.328300000001036,BACKFILL_AUTO
2026-07-11 21:09:48,1783804188,R_75,52763.9947,1,3.246100000003935,BACKFILL_AUTO
2026-07-11 21:09:50,1783804190,R_75,52769.6888,1,5.694100000000617,BACKFILL_AUTO
2026-07-11 21:09:52,1783804192,R_75,52772.8322,1,3.1433999999935622,BACKFILL_AUTO
2026-07-11 21:09:54,1783804194,R_75,52775.3971,1,2.5649000000048545,BACKFILL_AUTO
2026-07-11 21:09:56,1783804196,R_75,52779.889,1,4.491900000000896,BACKFILL_AUTO
2026-07-11 21:09:58,1783804198,R_75,52784.8142,1,4.925199999997858,BACKFILL_AUTO
2026-07-11 21:10:00,1783804200,R_75,52802.6814,1,17.867200000000594,BACKFILL_AUTO
2026-07-11 21:10:02,1783804202,R_75,52798.157,-1,4.5244000000020606,BACKFILL_AUTO
2026-07-11 21:10:04,1783804204,R_75,52807.9041,1,9.7471000000005,BACKFILL_AUTO
2026-07-11 21:10:06,1783804206,R_75,52810.2368,1,2.332699999999022,BACKFILL_AUTO
2026-07-11 21:10:08,1783804208,R_75,52802.8583,-1,7.378499999998894,BACKFILL_AUTO
2026-07-11 21:10:10,1783804210,R_75,52800.7578,-1,2.1005000000004657,BACKFILL_AUTO
2026-07-11 21:10:12,1783804212,R_75,52814.6726,1,13.91479999999865,BACKFILL_AUTO
2026-07-11 21:10:14,1783804214,R_75,52817.5706,1,2.8980000000010477,BACKFILL_AUTO
2026-07-11 21:10:16,1783804216,R_75,52811.5987,-1,5.971899999996822,BACKFILL_AUTO
2026-07-11 21:10:18,1783804218,R_75,52804.3352,-1,7.263500000000931,BACKFILL_AUTO
2026-07-11 21:10:20,1783804220,R_75,52805.272,1,0.9367999999958556,BACKFILL_AUTO
2026-07-11 21:10:22,1783804222,R_75,52817.8449,1,12.572899999999208,BACKFILL_AUTO
2026-07-11 21:10:24,1783804224,R_75,52826.0817,1,8.236800000006042,BACKFILL_AUTO
2026-07-11 21:10:26,1783804226,R_75,52825.4731,-1,0.6085999999995693,BACKFILL_AUTO
2026-07-11 21:10:28,1783804228,R_75,52825.6382,1,0.1650999999983469,BACKFILL_AUTO
2026-07-11 21:10:30,1783804230,R_75,52816.4309,-1,9.207300000001851,BACKFILL_AUTO
2026-07-11 21:10:32,1783804232,R_75,52810.561,-1,5.86989999999787,BACKFILL_AUTO
2026-07-11 21:10:34,1783804234,R_75,52814.4239,1,3.8629000000000815,BACKFILL_AUTO
2026-07-11 21:10:36,1783804236,R_75,52824.9719,1,10.547999999995227,BACKFILL_AUTO
2026-07-11 21:10:38,1783804238,R_75,52806.4232,-1,18.54869999999937,BACKFILL_AUTO
2026-07-11 21:10:40,1783804240,R_75,52809.096,1,2.6728000000002794,BACKFILL_AUTO
2026-07-11 21:10:42,1783804242,R_75,52801.3282,-1,7.767799999994168,BACKFILL_AUTO
2026-07-11 21:10:44,1783804244,R_75,52808.0655,1,6.737299999993411,BACKFILL_AUTO
2026-07-11 21:10:46,1783804246,R_75,52804.7779,-1,3.2875999999960186,BACKFILL_AUTO
2026-07-11 21:10:48,1783804248,R_75,52818.5237,1,13.745799999996962,BACKFILL_AUTO
2026-07-11 21:10:50,1783804250,R_75,52836.4976,1,17.973900000004505,BACKFILL_AUTO
2026-07-11 21:10:52,1783804252,R_75,52819.689,-1,16.808600000003935,BACKFILL_AUTO
2026-07-11 21:10:54,1783804254,R_75,52820.7049,1,1.0158999999985099,BACKFILL_AUTO
2026-07-11 21:10:56,1783804256,R_75,52829.0455,1,8.340600000003178,BACKFILL_AUTO
2026-07-11 21:10:58,1783804258,R_75,52821.7843,-1,7.2612000000008265,BACKFILL_AUTO
2026-07-11 21:11:00,1783804260,R_75,52816.8148,-1,4.969499999999243,BACKFILL_AUTO
2026-07-11 21:11:02,1783804262,R_75,52834.7227,1,17.907899999998335,BACKFILL_AUTO
2026-07-11 21:11:04,1783804264,R_75,52835.0289,1,0.3061999999990803,BACKFILL_AUTO
2026-07-11 21:11:06,1783804266,R_75,52819.7539,-1,15.27499999999418,BACKFILL_AUTO
2026-07-11 21:11:08,1783804268,R_75,52820.6555,1,0.9015999999974156,BACKFILL_AUTO
2026-07-11 21:11:10,1783804270,R_75,52821.1727,1,0.5172000000020489,BACKFILL_AUTO
2026-07-11 21:11:12,1783804272,R_75,52808.1882,-1,12.984500000005937,BACKFILL_AUTO
2026-07-11 21:11:14,1783804274,R_75,52824.9683,1,16.780100000003586,BACKFILL_AUTO
2026-07-11 21:11:16,1783804276,R_75,52830.6197,1,5.651400000002468,BACKFILL_AUTO
2026-07-11 21:11:18,1783804278,R_75,52839.1002,1,8.480499999997846,BACKFILL_AUTO
2026-07-11 21:11:20,1783804280,R_75,52870.9626,1,31.86239999999816,BACKFILL_AUTO
2026-07-11 21:11:22,1783804282,R_75,52883.2817,1,12.319100000000617,BACKFILL_AUTO
2026-07-11 21:11:24,1783804284,R_75,52877.0645,-1,6.2171999999991385,BACKFILL_AUTO
2026-07-11 21:11:26,1783804286,R_75,52871.2996,-1,5.764900000001944,BACKFILL_AUTO
2026-07-11 21:11:28,1783804288,R_75,52878.2912,1,6.991600000001199,BACKFILL_AUTO
2026-07-11 21:11:30,1783804290,R_75,52883.6979,1,5.406699999999546,BACKFILL_AUTO
2026-07-11 21:11:32,1783804292,R_75,52892.0749,1,8.377000000000407,BACKFILL_AUTO
2026-07-11 21:11:34,1783804294,R_75,52899.2881,1,7.213199999998324,BACKFILL_AUTO
2026-07-11 21:11:36,1783804296,R_75,52898.8741,-1,0.4139999999970314,BACKFILL_AUTO
2026-07-11 21:11:38,1783804298,R_75,52902.6175,1,3.743399999999383,BACKFILL_AUTO
2026-07-11 21:11:40,1783804300,R_75,52908.5931,1,5.9755999999979394,BACKFILL_AUTO
2026-07-11 21:11:42,1783804302,R_75,52887.0895,-1,21.503599999996368,BACKFILL_AUTO
2026-07-11 21:11:44,1783804304,R_75,52874.1724,-1,12.917099999998754,BACKFILL_AUTO
2026-07-11 21:11:46,1783804306,R_75,52869.1242,-1,5.0482000000047265,BACKFILL_AUTO
2026-07-11 21:11:48,1783804308,R_75,52866.5471,-1,2.577099999994971,BACKFILL_AUTO
2026-07-11 21:11:50,1783804310,R_75,52871.578,1,5.030899999997928,BACKFILL_AUTO
2026-07-11 21:11:52,1783804312,R_75,52873.0513,1,1.4732999999978347,BACKFILL_AUTO
2026-07-11 21:11:54,1783804314,R_75,52882.1292,1,9.077900000003865,BACKFILL_AUTO
2026-07-11 21:11:56,1783804316,R_75,52870.71,-1,11.419200000003912,BACKFILL_AUTO
2026-07-11 21:11:58,1783804318,R_75,52882.7851,1,12.07510000000184,BACKFILL_AUTO
2026-07-11 21:12:00,1783804320,R_75,52893.6141,1,10.828999999997905,BACKFILL_AUTO
2026-07-11 21:12:02,1783804322,R_75,52903.9382,1,10.324099999997998,BACKFILL_AUTO
2026-07-11 21:12:04,1783804324,R_75,52897.8433,-1,6.094899999996414,BACKFILL_AUTO
2026-07-11 21:12:06,1783804326,R_75,52895.2397,-1,2.6036000000021886,BACKFILL_AUTO
2026-07-11 21:12:08,1783804328,R_75,52887.4519,-1,7.787799999998242,BACKFILL_AUTO
2026-07-11 21:12:10,1783804330,R_75,52880.4611,-1,6.990799999999581,BACKFILL_AUTO
2026-07-11 21:12:12,1783804332,R_75,52881.1463,1,0.6851999999998952,BACKFILL_AUTO
2026-07-11 21:12:14,1783804334,R_75,52899.9313,1,18.784999999996217,BACKFILL_AUTO
2026-07-11 21:12:16,1783804336,R_75,52897.0602,-1,2.871099999996659,BACKFILL_AUTO
2026-07-11 21:12:18,1783804338,R_75,52899.6625,1,2.6022999999986496,BACKFILL_AUTO
2026-07-11 21:12:20,1783804340,R_75,52911.9862,1,12.323700000000827,BACKFILL_AUTO
2026-07-11 21:12:22,1783804342,R_75,52902.4679,-1,9.518299999996088,BACKFILL_AUTO
2026-07-11 21:12:24,1783804344,R_75,52920.8948,1,18.426899999998568,BACKFILL_AUTO
2026-07-11 21:12:26,1783804346,R_75,52941.4922,1,20.597399999998743,BACKFILL_AUTO
2026-07-11 21:12:28,1783804348,R_75,52955.4094,1,13.917199999996228,BACKFILL_AUTO
2026-07-11 21:12:30,1783804350,R_75,52949.9633,-1,5.4460999999937485,BACKFILL_AUTO
2026-07-11 21:12:32,1783804352,R_75,52935.901,-1,14.062300000005052,BACKFILL_AUTO
2026-07-11 21:12:34,1783804354,R_75,52940.399,1,4.4979999999995925,BACKFILL_AUTO
2026-07-11 21:12:36,1783804356,R_75,52956.8671,1,16.468100000005506,BACKFILL_AUTO
2026-07-11 21:12:38,1783804358,R_75,52959.2074,1,2.340299999996205,BACKFILL_AUTO
2026-07-11 21:12:40,1783804360,R_75,52970.2646,1,11.057200000002922,BACKFILL_AUTO
2026-07-11 21:12:42,1783804362,R_75,52963.9099,-1,6.354700000003504,BACKFILL_AUTO
2026-07-11 21:12:44,1783804364,R_75,52982.9356,1,19.025699999998324,BACKFILL_AUTO
2026-07-11 21:12:46,1783804366,R_75,52990.6195,1,7.683900000003632,BACKFILL_AUTO
2026-07-11 21:12:48,1783804368,R_75,52961.7899,-1,28.8295999999973,BACKFILL_AUTO
2026-07-11 21:12:50,1783804370,R_75,52973.503,1,11.713099999993574,BACKFILL_AUTO
2026-07-11 21:12:52,1783804372,R_75,52971.9733,-1,1.5296999999991385,BACKFILL_AUTO
2026-07-11 21:12:54,1783804374,R_75,52970.8504,-1,1.1228999999948428,BACKFILL_AUTO
2026-07-11 21:12:56,1783804376,R_75,52975.3197,1,4.46929999999702,BACKFILL_AUTO
2026-07-11 21:12:58,1783804378,R_75,52966.919,-1,8.400699999998324,BACKFILL_AUTO
2026-07-11 21:13:00,1783804380,R_75,52959.6406,-1,7.2784000000028755,BACKFILL_AUTO
2026-07-11 21:13:02,1783804382,R_75,52978.3881,1,18.74749999999767,BACKFILL_AUTO
2026-07-11 21:13:04,1783804384,R_75,52985.6166,1,7.228500000004715,BACKFILL_AUTO
2026-07-11 21:13:06,1783804386,R_75,52984.1525,-1,1.4641000000046915,BACKFILL_AUTO
2026-07-11 21:13:08,1783804388,R_75,52979.3967,-1,4.755799999998999,BACKFILL_AUTO
2026-07-11 21:13:10,1783804390,R_75,52978.3919,-1,1.0047999999951571,BACKFILL_AUTO
2026-07-11 21:13:12,1783804392,R_75,52991.3347,1,12.942799999997078,BACKFILL_AUTO
2026-07-11 21:13:14,1783804394,R_75,52995.433,1,4.098299999997835,BACKFILL_AUTO
2026-07-11 21:13:16,1783804396,R_75,52979.8281,-1,15.604899999998452,BACKFILL_AUTO
2026-07-11 21:13:18,1783804398,R_75,52973.1788,-1,6.649299999997311,BACKFILL_AUTO
2026-07-11 21:13:20,1783804400,R_75,52983.771,1,10.592199999999139,BACKFILL_AUTO
2026-07-11 21:13:22,1783804402,R_75,52983.43,-1,0.34100000000034925,BACKFILL_AUTO
2026-07-11 21:13:24,1783804404,R_75,52981.6705,-1,1.7595000000001164,BACKFILL_AUTO
2026-07-11 21:13:26,1783804406,R_75,52977.6791,-1,3.9913999999989755,BACKFILL_AUTO
2026-07-11 21:13:28,1783804408,R_75,52977.0603,-1,0.6188000000038301,BACKFILL_AUTO
2026-07-11 21:13:30,1783804410,R_75,52976.892,-1,0.16829999999754364,BACKFILL_AUTO
2026-07-11 21:13:32,1783804412,R_75,52980.2804,1,3.3884000000034575,BACKFILL_AUTO
2026-07-11 21:13:34,1783804414,R_75,52981.6613,1,1.3808999999964726,BACKFILL_AUTO
2026-07-11 21:13:36,1783804416,R_75,52977.6904,-1,3.970900000000256,BACKFILL_AUTO
2026-07-11 21:13:38,1783804418,R_75,52980.3611,1,2.670700000002398,BACKFILL_AUTO
2026-07-11 21:13:40,1783804420,R_75,52974.7338,-1,5.627300000000105,BACKFILL_AUTO
2026-07-11 21:13:42,1783804422,R_75,52977.2656,1,2.5317999999970198,BACKFILL_AUTO
2026-07-11 21:13:44,1783804424,R_75,52959.5503,-1,17.715299999996205,BACKFILL_AUTO
2026-07-11 21:13:46,1783804426,R_75,52963.8524,1,4.302100000000792,BACKFILL_AUTO
2026-07-11 21:13:48,1783804428,R_75,52958.6514,-1,5.201000000000931,BACKFILL_AUTO
2026-07-11 21:13:50,1783804430,R_75,52954.4751,-1,4.1762999999991735,BACKFILL_AUTO
2026-07-11 21:13:52,1783804432,R_75,52980.1707,1,25.695599999999104,BACKFILL_AUTO
2026-07-11 21:13:54,1783804434,R_75,52972.5464,-1,7.624300000003132,BACKFILL_AUTO
2026-07-11 21:13:56,1783804436,R_75,52977.8477,1,5.3012999999991735,BACKFILL_AUTO
2026-07-11 21:13:58,1783804438,R_75,52992.5764,1,14.728699999999662,BACKFILL_AUTO
2026-07-11 21:14:00,1783804440,R_75,52980.6006,-1,11.975800000000163,BACKFILL_AUTO
2026-07-11 21:14:02,1783804442,R_75,52990.7461,1,10.14549999999872,BACKFILL_AUTO
2026-07-11 21:14:04,1783804444,R_75,52987.0523,-1,3.6937999999936437,BACKFILL_AUTO
2026-07-11 21:14:06,1783804446,R_75,52986.1555,-1,0.8968000000022585,BACKFILL_AUTO
2026-07-11 21:14:08,1783804448,R_75,52977.5581,-1,8.597399999998743,BACKFILL_AUTO
2026-07-11 21:14:10,1783804450,R_75,52962.6197,-1,14.938399999999092,BACKFILL_AUTO
2026-07-11 21:14:12,1783804452,R_75,52960.4337,-1,2.1860000000015134,BACKFILL_AUTO
2026-07-11 21:14:14,1783804454,R_75,52949.6687,-1,10.764999999999418,BACKFILL_AUTO
2026-07-11 21:14:16,1783804456,R_75,52957.6339,1,7.965199999998731,BACKFILL_AUTO
2026-07-11 21:14:18,1783804458,R_75,52953.7211,-1,3.912799999998242,BACKFILL_AUTO
2026-07-11 21:14:20,1783804460,R_75,52958.7995,1,5.07839999999851,BACKFILL_AUTO
2026-07-11 21:14:22,1783804462,R_75,52961.1579,1,2.3583999999973457,BACKFILL_AUTO
2026-07-11 21:14:24,1783804464,R_75,52948.9292,-1,12.228699999999662,BACKFILL_AUTO
2026-07-11 21:14:26,1783804466,R_75,52954.1975,1,5.268300000003364,BACKFILL_AUTO
2026-07-11 21:14:28,1783804468,R_75,52972.6605,1,18.4629999999961,BACKFILL_AUTO
2026-07-11 21:14:30,1783804470,R_75,52975.086,1,2.4255000000048312,BACKFILL_AUTO
2026-07-11 21:14:32,1783804472,R_75,52951.8846,-1,23.20140000000538,BACKFILL_AUTO
2026-07-11 21:14:34,1783804474,R_75,52962.3934,1,10.508800000003248,BACKFILL_AUTO
2026-07-11 21:14:36,1783804476,R_75,52965.4281,1,3.034699999996519,BACKFILL_AUTO
2026-07-11 21:14:38,1783804478,R_75,52969.4655,1,4.037400000001071,BACKFILL_AUTO
2026-07-11 21:14:40,1783804480,R_75,52982.0035,1,12.538000000000466,BACKFILL_AUTO
2026-07-11 21:14:42,1783804482,R_75,53005.7755,1,23.772000000004482,BACKFILL_AUTO
2026-07-11 21:14:44,1783804484,R_75,53005.7268,-1,0.048700000006647315,BACKFILL_AUTO
2026-07-11 21:14:46,1783804486,R_75,52999.5292,-1,6.197599999999511,BACKFILL_AUTO
2026-07-11 21:14:48,1783804488,R_75,53017.3956,1,17.86640000000625,BACKFILL_AUTO
2026-07-11 21:14:50,1783804490,R_75,53028.8628,1,11.467199999999139,BACKFILL_AUTO
2026-07-11 21:14:52,1783804492,R_75,53027.7598,-1,1.103000000002794,BACKFILL_AUTO
2026-07-11 21:14:54,1783804494,R_75,53051.0783,1,23.318500000001222,BACKFILL_AUTO
2026-07-11 21:14:56,1783804496,R_75,53028.6188,-1,22.459500000004482,BACKFILL_AUTO
2026-07-11 21:14:58,1783804498,R_75,53026.8122,-1,1.8065999999962514,BACKFILL_AUTO
2026-07-11 21:15:00,1783804500,R_75,53031.3718,1,4.559600000000501,BACKFILL_AUTO
2026-07-11 21:15:02,1783804502,R_75,53041.4405,1,10.06869999999617,BACKFILL_AUTO
2026-07-11 21:15:04,1783804504,R_75,53029.5853,-1,11.855199999998149,BACKFILL_AUTO
2026-07-11 21:15:06,1783804506,R_75,53034.8575,1,5.27219999999943,BACKFILL_AUTO
2026-07-11 21:15:08,1783804508,R_75,53039.726,1,4.868500000004133,BACKFILL_AUTO
2026-07-11 21:15:10,1783804510,R_75,53045.7601,1,6.0340999999971245,BACKFILL_AUTO
2026-07-11 21:15:12,1783804512,R_75,53045.7333,-1,0.026799999999639113,BACKFILL_AUTO
2026-07-11 21:15:14,1783804514,R_75,53057.7879,1,12.05460000000312,BACKFILL_AUTO
2026-07-11 21:15:16,1783804516,R_75,53074.2089,1,16.42099999999482,BACKFILL_AUTO
2026-07-11 21:15:18,1783804518,R_75,53070.5545,-1,3.654399999999441,BACKFILL_AUTO
2026-07-11 21:15:20,1783804520,R_75,53069.982,-1,0.5724999999947613,BACKFILL_AUTO
2026-07-11 21:15:22,1783804522,R_75,53058.8733,-1,11.108700000004319,BACKFILL_AUTO
2026-07-11 21:15:24,1783804524,R_75,53047.5867,-1,11.286599999999453,BACKFILL_AUTO
2026-07-11 21:15:26,1783804526,R_75,53040.4464,-1,7.140299999999115,BACKFILL_AUTO
2026-07-11 21:15:28,1783804528,R_75,53048.4366,1,7.990200000000186,BACKFILL_AUTO
2026-07-11 21:15:30,1783804530,R_75,53042.2813,-1,6.155299999998533,BACKFILL_AUTO
2026-07-11 21:15:32,1783804532,R_75,53049.3572,1,7.075899999996182,BACKFILL_AUTO
2026-07-11 21:15:34,1783804534,R_75,53038.7023,-1,10.654900000001362,BACKFILL_AUTO
2026-07-11 21:15:36,1783804536,R_75,53038.8785,1,0.17620000000169966,BACKFILL_AUTO
2026-07-11 21:15:38,1783804538,R_75,53038.0033,-1,0.8752000000022235,BACKFILL_AUTO
2026-07-11 21:15:40,1783804540,R_75,53062.445,1,24.44170000000304,BACKFILL_AUTO
2026-07-11 21:15:42,1783804542,R_75,53068.3561,1,5.911099999997532,BACKFILL_AUTO
2026-07-11 21:15:44,1783804544,R_75,53062.3963,-1,5.959799999996903,BACKFILL_AUTO
2026-07-11 21:15:46,1783804546,R_75,53058.6072,-1,3.789100000001781,BACKFILL_AUTO
2026-07-11 21:15:48,1783804548,R_75,53064.0841,1,5.4769000000014785,BACKFILL_AUTO
2026-07-11 21:15:50,1783804550,R_75,53069.4203,1,5.336199999997916,BACKFILL_AUTO
2026-07-11 21:15:52,1783804552,R_75,53078.6789,1,9.258600000001024,BACKFILL_AUTO
2026-07-11 21:15:54,1783804554,R_75,53077.5424,-1,1.1365000000005239,BACKFILL_AUTO
2026-07-11 21:15:56,1783804556,R_75,53073.2348,-1,4.307600000000093,BACKFILL_AUTO
2026-07-11 21:15:58,1783804558,R_75,53060.4876,-1,12.747199999997974,BACKFILL_AUTO
2026-07-11 21:16:00,1783804560,R_75,53058.1098,-1,2.3778000000020256,BACKFILL_AUTO
2026-07-11 21:16:02,1783804562,R_75,53061.8001,1,3.6903000000020256,BACKFILL_AUTO
2026-07-11 21:16:04,1783804564,R_75,53045.091,-1,16.709100000000035,BACKFILL_AUTO
2026-07-11 21:16:06,1783804566,R_75,53065.4242,1,20.333200000000943,BACKFILL_AUTO
2026-07-11 21:16:08,1783804568,R_75,53053.7321,-1,11.69210000000021,BACKFILL_AUTO
2026-07-11 21:16:10,1783804570,R_75,53051.7889,-1,1.943200000001525,BACKFILL_AUTO
2026-07-11 21:16:12,1783804572,R_75,53053.628,1,1.8390999999974156,BACKFILL_AUTO
2026-07-11 21:16:14,1783804574,R_75,53068.7865,1,15.158500000005006,BACKFILL_AUTO
2026-07-11 21:16:16,1783804576,R_75,53066.7116,-1,2.074899999999616,BACKFILL_AUTO
2026-07-11 21:16:18,1783804578,R_75,53056.3879,-1,10.323700000000827,BACKFILL_AUTO
2026-07-11 21:16:20,1783804580,R_75,53065.3059,1,8.917999999997846,BACKFILL_AUTO
2026-07-11 21:16:22,1783804582,R_75,53097.549,1,32.243099999999686,BACKFILL_AUTO
2026-07-11 21:16:24,1783804584,R_75,53089.3752,-1,8.173799999996845,BACKFILL_AUTO
2026-07-11 21:16:26,1783804586,R_75,53095.5794,1,6.204200000000128,BACKFILL_AUTO
2026-07-11 21:16:28,1783804588,R_75,53105.448,1,9.86859999999433,BACKFILL_AUTO
2026-07-11 21:16:30,1783804590,R_75,53106.0488,1,0.600800000000163,BACKFILL_AUTO
2026-07-11 21:16:32,1783804592,R_75,53112.7661,1,6.717300000003888,BACKFILL_AUTO
2026-07-11 21:16:34,1783804594,R_75,53124.5862,1,11.820099999997183,BACKFILL_AUTO
2026-07-11 21:16:36,1783804596,R_75,53115.9847,-1,8.601499999997031,BACKFILL_AUTO
2026-07-11 21:16:38,1783804598,R_75,53109.2125,-1,6.77219999999943,BACKFILL_AUTO
2026-07-11 21:16:40,1783804600,R_75,53103.3708,-1,5.841700000004494,BACKFILL_AUTO
2026-07-11 21:16:42,1783804602,R_75,53134.703,1,31.332200000004377,BACKFILL_AUTO
2026-07-11 21:16:44,1783804604,R_75,53144.4217,1,9.718699999997625,BACKFILL_AUTO
2026-07-11 21:16:46,1783804606,R_75,53146.8874,1,2.465700000000652,BACKFILL_AUTO
2026-07-11 21:16:48,1783804608,R_75,53124.2697,-1,22.617700000002515,BACKFILL_AUTO
2026-07-11 21:16:50,1783804610,R_75,53141.3178,1,17.048099999999977,BACKFILL_AUTO
2026-07-11 21:16:52,1783804612,R_75,53137.0955,-1,4.222299999993993,BACKFILL_AUTO
2026-07-11 21:16:54,1783804614,R_75,53137.9793,1,0.883799999995972,BACKFILL_AUTO
2026-07-11 21:16:56,1783804616,R_75,53127.2242,-1,10.75510000000213,BACKFILL_AUTO
2026-07-11 21:16:58,1783804618,R_75,53144.6234,1,17.399199999999837,BACKFILL_AUTO
2026-07-11 21:17:00,1783804620,R_75,53142.9596,-1,1.6637999999948079,BACKFILL_AUTO
2026-07-11 21:17:02,1783804622,R_75,53129.2244,-1,13.735200000002806,BACKFILL_AUTO
2026-07-11 21:17:04,1783804624,R_75,53129.6802,1,0.4558000000033644,BACKFILL_AUTO
2026-07-11 21:17:06,1783804626,R_75,53122.0816,-1,7.598600000004808,BACKFILL_AUTO
2026-07-11 21:17:08,1783804628,R_75,53128.6369,1,6.555299999999988,BACKFILL_AUTO
2026-07-11 21:17:10,1783804630,R_75,53119.7064,-1,8.930499999994936,BACKFILL_AUTO
2026-07-11 21:17:12,1783804632,R_75,53133.3952,1,13.688799999996263,BACKFILL_AUTO
2026-07-11 21:17:14,1783804634,R_75,53135.561,1,2.1658000000024913,BACKFILL_AUTO
2026-07-11 21:17:16,1783804636,R_75,53140.7936,1,5.232599999995728,BACKFILL_AUTO
2026-07-11 21:17:18,1783804638,R_75,53149.4944,1,8.700800000005984,BACKFILL_AUTO
2026-07-11 21:17:20,1783804640,R_75,53118.9086,-1,30.585800000000745,BACKFILL_AUTO
2026-07-11 21:17:22,1783804642,R_75,53114.5159,-1,4.39270000000397,BACKFILL_AUTO
2026-07-11 21:17:24,1783804644,R_75,53101.5208,-1,12.995100000000093,BACKFILL_AUTO
2026-07-11 21:17:26,1783804646,R_75,53080.6949,-1,20.82589999999618,BACKFILL_AUTO
2026-07-11 21:17:28,1783804648,R_75,53075.8839,-1,4.811000000001513,BACKFILL_AUTO
2026-07-11 21:17:30,1783804650,R_75,53069.6242,-1,6.25970000000234,BACKFILL_AUTO
2026-07-11 21:17:32,1783804652,R_75,53068.8632,-1,0.760999999998603,BACKFILL_AUTO
2026-07-11 21:17:34,1783804654,R_75,53068.5716,-1,0.2915999999968335,BACKFILL_AUTO
2026-07-11 21:17:36,1783804656,R_75,53072.6658,1,4.094199999999546,BACKFILL_AUTO
2026-07-11 21:17:38,1783804658,R_75,53075.5138,1,2.8479999999981374,BACKFILL_AUTO
2026-07-11 21:17:40,1783804660,R_75,53051.2031,-1,24.310700000001816,BACKFILL_AUTO
2026-07-11 21:17:42,1783804662,R_75,53044.8875,-1,6.315600000001723,BACKFILL_AUTO
2026-07-11 21:17:44,1783804664,R_75,53022.5933,-1,22.294199999996636,BACKFILL_AUTO
2026-07-11 21:17:46,1783804666,R_75,53006.393,-1,16.200300000004063,BACKFILL_AUTO
2026-07-11 21:17:48,1783804668,R_75,53006.573,1,0.18000000000029104,BACKFILL_AUTO
2026-07-11 21:17:50,1783804670,R_75,53008.3826,1,1.8096000000005006,BACKFILL_AUTO
2026-07-11 21:17:52,1783804672,R_75,53012.7964,1,4.413800000002084,BACKFILL_AUTO
2026-07-11 21:17:54,1783804674,R_75,53022.5836,1,9.787199999998847,BACKFILL_AUTO
2026-07-11 21:17:56,1783804676,R_75,53016.7286,-1,5.8549999999959255,BACKFILL_AUTO
2026-07-11 21:17:58,1783804678,R_75,53017.9046,1,1.1759999999994761,BACKFILL_AUTO
2026-07-11 21:18:00,1783804680,R_75,53005.6722,-1,12.23240000000078,BACKFILL_AUTO
2026-07-11 21:18:02,1783804682,R_75,53003.737,-1,1.9351999999998952,BACKFILL_AUTO
2026-07-11 21:18:04,1783804684,R_75,53015.8425,1,12.105499999997846,BACKFILL_AUTO
2026-07-11 21:18:06,1783804686,R_75,53015.8026,-1,0.03989999999612337,BACKFILL_AUTO
2026-07-11 21:18:08,1783804688,R_75,53023.0415,1,7.238899999996647,BACKFILL_AUTO
2026-07-11 21:18:10,1783804690,R_75,53021.2273,-1,1.8142000000007101,BACKFILL_AUTO
2026-07-11 21:18:12,1783804692,R_75,53029.0601,1,7.832800000003772,BACKFILL_AUTO
2026-07-11 21:18:14,1783804694,R_75,53028.388,-1,0.672100000003411,BACKFILL_AUTO
2026-07-11 21:18:16,1783804696,R_75,53022.9021,-1,5.485899999999674,BACKFILL_AUTO
2026-07-11 21:18:18,1783804698,R_75,53018.6591,-1,4.243000000002212,BACKFILL_AUTO
2026-07-11 21:18:20,1783804700,R_75,53001.906,-1,16.753099999994447,BACKFILL_AUTO
2026-07-11 21:18:22,1783804702,R_75,53007.8263,1,5.920299999997951,BACKFILL_AUTO
2026-07-11 21:18:24,1783804704,R_75,52987.9359,-1,19.890400000003865,BACKFILL_AUTO
2026-07-11 21:18:26,1783804706,R_75,52979.6717,-1,8.2641999999978,BACKFILL_AUTO
2026-07-11 21:18:28,1783804708,R_75,52992.8186,1,13.146899999999732,BACKFILL_AUTO
2026-07-11 21:18:30,1783804710,R_75,52978.0185,-1,14.800100000000384,BACKFILL_AUTO
2026-07-11 21:18:32,1783804712,R_75,52972.0976,-1,5.920899999997346,BACKFILL_AUTO
2026-07-11 21:18:34,1783804714,R_75,52964.1257,-1,7.971900000004098,BACKFILL_AUTO
2026-07-11 21:18:36,1783804716,R_75,52973.0141,1,8.888400000003458,BACKFILL_AUTO
2026-07-11 21:18:38,1783804718,R_75,52972.3563,-1,0.6578000000008615,BACKFILL_AUTO
2026-07-11 21:18:40,1783804720,R_75,52975.0363,1,2.680000000000291,BACKFILL_AUTO
2026-07-11 21:18:42,1783804722,R_75,52986.746,1,11.70969999999943,BACKFILL_AUTO
2026-07-11 21:18:44,1783804724,R_75,52984.625,-1,2.120999999999185,BACKFILL_AUTO
2026-07-11 21:18:46,1783804726,R_75,52967.3879,-1,17.237099999998463,BACKFILL_AUTO
2026-07-11 21:18:48,1783804728,R_75,52963.1843,-1,4.203600000000733,BACKFILL_AUTO
2026-07-11 21:18:50,1783804730,R_75,52967.8656,1,4.681299999996554,BACKFILL_AUTO
2026-07-11 21:18:52,1783804732,R_75,52969.2018,1,1.3362000000051921,BACKFILL_AUTO
2026-07-11 21:18:54,1783804734,R_75,52955.878,-1,13.323800000005576,BACKFILL_AUTO
2026-07-11 21:18:56,1783804736,R_75,52952.454,-1,3.4239999999990687,BACKFILL_AUTO
2026-07-11 21:18:58,1783804738,R_75,52960.6132,1,8.159200000001874,BACKFILL_AUTO
2026-07-11 21:19:00,1783804740,R_75,52963.3523,1,2.7390999999988708,BACKFILL_AUTO
2026-07-11 21:19:02,1783804742,R_75,52970.7377,1,7.385399999999208,BACKFILL_AUTO
2026-07-11 21:19:04,1783804744,R_75,52945.3803,-1,25.35740000000078,BACKFILL_AUTO
2026-07-11 21:19:06,1783804746,R_75,52935.5282,-1,9.852099999996426,BACKFILL_AUTO
2026-07-11 21:19:08,1783804748,R_75,52953.5109,1,17.982700000000477,BACKFILL_AUTO
2026-07-11 21:19:10,1783804750,R_75,52963.5222,1,10.0112999999983,BACKFILL_AUTO
2026-07-11 21:19:12,1783804752,R_75,52948.4424,-1,15.079799999999523,BACKFILL_AUTO
2026-07-11 21:19:14,1783804754,R_75,52961.6759,1,13.233500000002095,BACKFILL_AUTO
2026-07-11 21:19:16,1783804756,R_75,52963.4555,1,1.7795999999943888,BACKFILL_AUTO
2026-07-11 21:19:18,1783804758,R_75,52969.157,1,5.701500000002852,BACKFILL_AUTO
2026-07-11 21:19:20,1783804760,R_75,52960.1774,-1,8.979599999998754,BACKFILL_AUTO
2026-07-11 21:19:22,1783804762,R_75,52970.0171,1,9.83969999999681,BACKFILL_AUTO
2026-07-11 21:19:24,1783804764,R_75,52980.9997,1,10.982600000003004,BACKFILL_AUTO
2026-07-11 21:19:26,1783804766,R_75,52992.7412,1,11.74149999999645,BACKFILL_AUTO
2026-07-11 21:19:28,1783804768,R_75,52996.4527,1,3.7115000000048894,BACKFILL_AUTO
2026-07-11 21:19:30,1783804770,R_75,53004.8959,1,8.443200000001525,BACKFILL_AUTO
2026-07-11 21:19:32,1783804772,R_75,53001.0279,-1,3.868000000002212,BACKFILL_AUTO
2026-07-11 21:19:34,1783804774,R_75,53008.7386,1,7.710699999995995,BACKFILL_AUTO
2026-07-11 21:19:36,1783804776,R_75,53008.8184,1,0.0797999999995227,BACKFILL_AUTO
2026-07-11 21:19:38,1783804778,R_75,52997.906,-1,10.912399999993795,BACKFILL_AUTO
2026-07-11 21:19:40,1783804780,R_75,52996.907,-1,0.9990000000034343,BACKFILL_AUTO
2026-07-11 21:19:42,1783804782,R_75,52995.0132,-1,1.8937999999980093,BACKFILL_AUTO
2026-07-11 21:19:44,1783804784,R_75,52991.6961,-1,3.3171000000002095,BACKFILL_AUTO
2026-07-11 21:19:46,1783804786,R_75,52997.7618,1,6.065699999999197,BACKFILL_AUTO
2026-07-11 21:19:48,1783804788,R_75,52999.9968,1,2.235000000000582,BACKFILL_AUTO
2026-07-11 21:19:50,1783804790,R_75,52995.2997,-1,4.69709999999759,BACKFILL_AUTO
2026-07-11 21:19:52,1783804792,R_75,52988.7277,-1,6.572000000000116,BACKFILL_AUTO
2026-07-11 21:19:54,1783804794,R_75,52993.8272,1,5.099499999996624,BACKFILL_AUTO
2026-07-11 21:19:56,1783804796,R_75,53003.6036,1,9.776400000002468,BACKFILL_AUTO
2026-07-11 21:19:58,1783804798,R_75,53007.7737,1,4.170099999995728,BACKFILL_AUTO
2026-07-11 21:20:00,1783804800,R_75,53007.3996,-1,0.37410000000090804,BACKFILL_AUTO
2026-07-11 21:20:02,1783804802,R_75,53008.0651,1,0.665500000002794,BACKFILL_AUTO
2026-07-11 21:20:04,1783804804,R_75,53012.631,1,4.56590000000142,BACKFILL_AUTO
2026-07-11 21:20:06,1783804806,R_75,53008.7586,-1,3.872400000000198,BACKFILL_AUTO
2026-07-11 21:20:08,1783804808,R_75,53006.1919,-1,2.5667000000030384,BACKFILL_AUTO
2026-07-11 21:20:10,1783804810,R_75,53004.4273,-1,1.7645999999949709,BACKFILL_AUTO
2026-07-11 21:20:12,1783804812,R_75,52994.9824,-1,9.444900000002235,BACKFILL_AUTO
2026-07-11 21:20:14,1783804814,R_75,52983.9103,-1,11.07209999999759,BACKFILL_AUTO
2026-07-11 21:20:16,1783804816,R_75,52982.6255,-1,1.284800000001269,BACKFILL_AUTO
2026-07-11 21:20:18,1783804818,R_75,52999.1339,1,16.5083999999988,BACKFILL_AUTO
2026-07-11 21:20:20,1783804820,R_75,53015.3745,1,16.240599999997357,BACKFILL_AUTO
2026-07-11 21:20:22,1783804822,R_75,53014.9565,-1,0.4179999999978463,BACKFILL_AUTO
2026-07-11 21:20:24,1783804824,R_75,53020.3854,1,5.4288999999989755,BACKFILL_AUTO
2026-07-11 21:20:26,1783804826,R_75,53011.2735,-1,9.11189999999624,BACKFILL_AUTO
2026-07-11 21:20:28,1783804828,R_75,53031.3672,1,20.093699999997625,BACKFILL_AUTO
2026-07-11 21:20:30,1783804830,R_75,53047.0495,1,15.682300000000396,BACKFILL_AUTO
2026-07-11 21:20:32,1783804832,R_75,53035.6852,-1,11.364300000001094,BACKFILL_AUTO
2026-07-11 21:20:34,1783804834,R_75,53043.1709,1,7.4856999999974505,BACKFILL_AUTO
2026-07-11 21:20:36,1783804836,R_75,53039.8348,-1,3.3361000000004424,BACKFILL_AUTO
2026-07-11 21:20:38,1783804838,R_75,53037.2316,-1,2.6031999999977415,BACKFILL_AUTO
2026-07-11 21:20:40,1783804840,R_75,53021.2827,-1,15.948899999995774,BACKFILL_AUTO
2026-07-11 21:20:42,1783804842,R_75,53014.2066,-1,7.076100000005681,BACKFILL_AUTO
2026-07-11 21:20:44,1783804844,R_75,53001.0607,-1,13.14589999999589,BACKFILL_AUTO
2026-07-11 21:20:46,1783804846,R_75,53005.6624,1,4.601699999999255,BACKFILL_AUTO
2026-07-11 21:20:48,1783804848,R_75,52995.1877,-1,10.474699999998847,BACKFILL_AUTO
2026-07-11 21:20:50,1783804850,R_75,52996.7097,1,1.521999999997206,BACKFILL_AUTO
2026-07-11 21:20:52,1783804852,R_75,53016.3307,1,19.620999999999185,BACKFILL_AUTO
2026-07-11 21:20:54,1783804854,R_75,53010.0006,-1,6.33009999999922,BACKFILL_AUTO
2026-07-11 21:20:56,1783804856,R_75,53025.2872,1,15.286599999999453,BACKFILL_AUTO
2026-07-11 21:20:58,1783804858,R_75,53026.6246,1,1.3374000000039814,BACKFILL_AUTO
2026-07-11 21:21:00,1783804860,R_75,53030.9141,1,4.289499999998952,BACKFILL_AUTO
2026-07-11 21:21:02,1783804862,R_75,53029.7817,-1,1.1324000000022352,BACKFILL_AUTO
2026-07-11 21:21:04,1783804864,R_75,53043.5055,1,13.723799999999756,BACKFILL_AUTO
2026-07-11 21:21:06,1783804866,R_75,53043.5494,1,0.043900000004214235,BACKFILL_AUTO
2026-07-11 21:21:08,1783804868,R_75,53042.8811,-1,0.6683000000048196,BACKFILL_AUTO
2026-07-11 21:21:10,1783804870,R_75,53040.132,-1,2.749100000000908,BACKFILL_AUTO
2026-07-11 21:21:12,1783804872,R_75,53050.2878,1,10.155800000000454,BACKFILL_AUTO
2026-07-11 21:21:14,1783804874,R_75,53052.2838,1,1.995999999999185,BACKFILL_AUTO
2026-07-11 21:21:16,1783804876,R_75,53047.4514,-1,4.832399999999325,BACKFILL_AUTO
2026-07-11 21:21:18,1783804878,R_75,53027.5537,-1,19.89770000000135,BACKFILL_AUTO
2026-07-11 21:21:20,1783804880,R_75,53034.1491,1,6.595400000005611,BACKFILL_AUTO
2026-07-11 21:21:22,1783804882,R_75,53028.4979,-1,5.6512000000002445,BACKFILL_AUTO
2026-07-11 21:21:24,1783804884,R_75,53020.1694,-1,8.32850000000326,BACKFILL_AUTO
2026-07-11 21:21:26,1783804886,R_75,53028.2625,1,8.09309999999823,BACKFILL_AUTO
2026-07-11 21:21:28,1783804888,R_75,53007.7592,-1,20.50329999999667,BACKFILL_AUTO
2026-07-11 21:21:30,1783804890,R_75,53008.2133,1,0.45410000000265427,BACKFILL_AUTO
2026-07-11 21:21:32,1783804892,R_75,53004.0571,-1,4.156200000004901,BACKFILL_AUTO
2026-07-11 21:21:34,1783804894,R_75,52991.9127,-1,12.144399999997404,BACKFILL_AUTO
2026-07-11 21:21:36,1783804896,R_75,52995.8931,1,3.9804000000003725,BACKFILL_AUTO
2026-07-11 21:21:38,1783804898,R_75,52995.0515,-1,0.8415999999997439,BACKFILL_AUTO
2026-07-11 21:21:40,1783804900,R_75,53002.242,1,7.190499999996973,BACKFILL_AUTO
2026-07-11 21:21:42,1783804902,R_75,53000.2769,-1,1.9651000000012573,BACKFILL_AUTO
2026-07-11 21:21:44,1783804904,R_75,52998.4832,-1,1.7936999999947147,BACKFILL_AUTO
2026-07-11 21:21:46,1783804906,R_75,52977.6476,-1,20.835600000005797,BACKFILL_AUTO
2026-07-11 21:21:48,1783804908,R_75,52982.0014,1,4.353800000004412,BACKFILL_AUTO
2026-07-11 21:21:50,1783804910,R_75,52970.9739,-1,11.027500000003783,BACKFILL_AUTO
2026-07-11 21:21:52,1783804912,R_75,52956.823,-1,14.150900000000547,BACKFILL_AUTO
2026-07-11 21:21:54,1783804914,R_75,52950.1213,-1,6.7016999999978,BACKFILL_AUTO
2026-07-11 21:21:56,1783804916,R_75,52943.3997,-1,6.7215999999971245,BACKFILL_AUTO
2026-07-11 21:21:58,1783804918,R_75,52951.6609,1,8.261200000000827,BACKFILL_AUTO
2026-07-11 21:22:00,1783804920,R_75,52954.5003,1,2.839399999997113,BACKFILL_AUTO
2026-07-11 21:22:02,1783804922,R_75,52959.1569,1,4.656600000002072,BACKFILL_AUTO
2026-07-11 21:22:04,1783804924,R_75,52970.9259,1,11.769000000000233,BACKFILL_AUTO
2026-07-11 21:22:06,1783804926,R_75,52979.6754,1,8.74949999999808,BACKFILL_AUTO
2026-07-11 21:22:08,1783804928,R_75,52983.5004,1,3.8249999999970896,BACKFILL_AUTO
2026-07-11 21:22:10,1783804930,R_75,52989.629,1,6.128600000003644,BACKFILL_AUTO
2026-07-11 21:22:12,1783804932,R_75,52987.7511,-1,1.8778999999994994,BACKFILL_AUTO
2026-07-11 21:22:14,1783804934,R_75,52993.2714,1,5.520299999996496,BACKFILL_AUTO
2026-07-11 21:22:16,1783804936,R_75,52978.8406,-1,14.430799999994633,BACKFILL_AUTO
2026-07-11 21:22:18,1783804938,R_75,52978.9414,1,0.10080000000016298,BACKFILL_AUTO
2026-07-11 21:22:20,1783804940,R_75,52993.6944,1,14.752999999996973,BACKFILL_AUTO
2026-07-11 21:22:22,1783804942,R_75,52998.2698,1,4.575400000001537,BACKFILL_AUTO
2026-07-11 21:22:24,1783804944,R_75,52995.0335,-1,3.236300000004121,BACKFILL_AUTO
2026-07-11 21:22:26,1783804946,R_75,52998.9534,1,3.91990000000078,BACKFILL_AUTO
2026-07-11 21:22:28,1783804948,R_75,53006.9868,1,8.033400000000256,BACKFILL_AUTO
2026-07-11 21:22:30,1783804950,R_75,53005.4154,-1,1.5714000000007218,BACKFILL_AUTO
2026-07-11 21:22:32,1783804952,R_75,53006.7996,1,1.384200000000419,BACKFILL_AUTO
2026-07-11 21:22:34,1783804954,R_75,53013.3942,1,6.594600000003993,BACKFILL_AUTO
2026-07-11 21:22:36,1783804956,R_75,53016.8496,1,3.4553999999989173,BACKFILL_AUTO
2026-07-11 21:22:38,1783804958,R_75,53006.2951,-1,10.55449999999837,BACKFILL_AUTO
2026-07-11 21:22:40,1783804960,R_75,53012.6142,1,6.319100000000617,BACKFILL_AUTO
2026-07-11 21:22:42,1783804962,R_75,53007.9606,-1,4.653600000005099,BACKFILL_AUTO
2026-07-11 21:22:44,1783804964,R_75,53007.388,-1,0.5725999999995111,BACKFILL_AUTO
2026-07-11 21:22:46,1783804966,R_75,53031.1324,1,23.744400000003225,BACKFILL_AUTO
2026-07-11 21:22:48,1783804968,R_75,53029.1549,-1,1.9775000000008731,BACKFILL_AUTO
2026-07-11 21:22:50,1783804970,R_75,53016.0096,-1,13.145300000003772,BACKFILL_AUTO
2026-07-11 21:22:52,1783804972,R_75,53006.5189,-1,9.490699999994831,BACKFILL_AUTO
2026-07-11 21:22:54,1783804974,R_75,53015.4222,1,8.903299999998126,BACKFILL_AUTO
2026-07-11 21:22:56,1783804976,R_75,53008.2209,-1,7.201300000000629,BACKFILL_AUTO
2026-07-11 21:22:58,1783804978,R_75,53008.6831,1,0.46220000000175787,BACKFILL_AUTO
2026-07-11 21:23:00,1783804980,R_75,53014.6126,1,5.92949999999837,BACKFILL_AUTO
2026-07-11 21:23:02,1783804982,R_75,53017.816,1,3.20339999999851,BACKFILL_AUTO
2026-07-11 21:23:04,1783804984,R_75,53021.0794,1,3.2634000000034575,BACKFILL_AUTO
2026-07-11 21:23:06,1783804986,R_75,53004.477,-1,16.6024000000034,BACKFILL_AUTO
2026-07-11 21:23:08,1783804988,R_75,52996.7015,-1,7.7754999999961,BACKFILL_AUTO
2026-07-11 21:23:10,1783804990,R_75,52982.0801,-1,14.621400000003632,BACKFILL_AUTO
2026-07-11 21:23:12,1783804992,R_75,52985.2339,1,3.1538000000000466,BACKFILL_AUTO
2026-07-11 21:23:14,1783804994,R_75,52982.6661,-1,2.567799999997078,BACKFILL_AUTO
2026-07-11 21:23:16,1783804996,R_75,52982.6321,-1,0.033999999999650754,BACKFILL_AUTO
2026-07-11 21:23:18,1783804998,R_75,52976.8179,-1,5.81420000000071,BACKFILL_AUTO
2026-07-11 21:23:20,1783805000,R_75,52988.354,1,11.536099999997532,BACKFILL_AUTO
2026-07-11 21:23:22,1783805002,R_75,52979.6276,-1,8.726399999999558,BACKFILL_AUTO
2026-07-11 21:23:24,1783805004,R_75,52964.426,-1,15.201600000000326,BACKFILL_AUTO
2026-07-11 21:23:26,1783805006,R_75,52956.6662,-1,7.759799999999814,BACKFILL_AUTO
2026-07-11 21:23:28,1783805008,R_75,52938.5128,-1,18.153400000002875,BACKFILL_AUTO
2026-07-11 21:23:30,1783805010,R_75,52933.8712,-1,4.641599999995378,BACKFILL_AUTO
2026-07-11 21:23:32,1783805012,R_75,52927.8468,-1,6.0244000000020606,BACKFILL_AUTO
2026-07-11 21:23:34,1783805014,R_75,52930.2558,1,2.4089999999996508,BACKFILL_AUTO
2026-07-11 21:23:36,1783805016,R_75,52930.0211,-1,0.23470000000088476,BACKFILL_AUTO
2026-07-11 21:23:38,1783805018,R_75,52930.7668,1,0.7456999999994878,BACKFILL_AUTO
2026-07-11 21:23:40,1783805020,R_75,52926.966,-1,3.8007999999972526,BACKFILL_AUTO
2026-07-11 21:23:42,1783805022,R_75,52920.1531,-1,6.812899999997171,BACKFILL_AUTO
2026-07-11 21:23:44,1783805024,R_75,52933.5157,1,13.362600000000384,BACKFILL_AUTO
2026-07-11 21:23:46,1783805026,R_75,52934.6666,1,1.1508999999932712,BACKFILL_AUTO
2026-07-11 21:23:48,1783805028,R_75,52934.521,-1,0.14559999999619322,BACKFILL_AUTO
2026-07-11 21:23:50,1783805030,R_75,52944.8836,1,10.362600000000384,BACKFILL_AUTO
2026-07-11 21:23:52,1783805032,R_75,52937.4881,-1,7.395499999998719,BACKFILL_AUTO
2026-07-11 21:23:54,1783805034,R_75,52953.1517,1,15.66359999999986,BACKFILL_AUTO
2026-07-11 21:23:56,1783805036,R_75,52952.0671,-1,1.0846000000019558,BACKFILL_AUTO
2026-07-11 21:23:58,1783805038,R_75,52970.0447,1,17.977599999998347,BACKFILL_AUTO
2026-07-11 21:24:00,1783805040,R_75,52952.7562,-1,17.28849999999511,BACKFILL_AUTO
2026-07-11 21:24:02,1783805042,R_75,52958.7058,1,5.9495999999999185,BACKFILL_AUTO
2026-07-11 21:24:04,1783805044,R_75,52974.0533,1,15.347499999996217,BACKFILL_AUTO
2026-07-11 21:24:06,1783805046,R_75,52958.9885,-1,15.064800000000105,BACKFILL_AUTO
2026-07-11 21:24:08,1783805048,R_75,52950.4042,-1,8.584300000002258,BACKFILL_AUTO
2026-07-11 21:24:10,1783805050,R_75,52959.499,1,9.094800000006217,BACKFILL_AUTO
2026-07-11 21:24:12,1783805052,R_75,52944.4351,-1,15.063900000001013,BACKFILL_AUTO
2026-07-11 21:24:14,1783805054,R_75,52941.5945,-1,2.840600000003178,BACKFILL_AUTO
2026-07-11 21:24:16,1783805056,R_75,52912.5125,-1,29.082000000002154,BACKFILL_AUTO
2026-07-11 21:24:18,1783805058,R_75,52899.3124,-1,13.200099999994563,BACKFILL_AUTO
2026-07-11 21:24:20,1783805060,R_75,52901.0256,1,1.7131999999983236,BACKFILL_AUTO
2026-07-11 21:24:22,1783805062,R_75,52900.2193,-1,0.8063000000038301,BACKFILL_AUTO
2026-07-11 21:24:24,1783805064,R_75,52910.7767,1,10.557400000005146,BACKFILL_AUTO
2026-07-11 21:24:26,1783805066,R_75,52910.3128,-1,0.463900000002468,BACKFILL_AUTO
2026-07-11 21:24:28,1783805068,R_75,52912.5849,1,2.2721000000019558,BACKFILL_AUTO
2026-07-11 21:24:30,1783805070,R_75,52920.9741,1,8.3891999999978,BACKFILL_AUTO
2026-07-11 21:24:32,1783805072,R_75,52913.3414,-1,7.6327000000019325,BACKFILL_AUTO
2026-07-11 21:24:34,1783805074,R_75,52912.961,-1,0.38039999999455176,BACKFILL_AUTO
2026-07-11 21:24:36,1783805076,R_75,52922.3078,1,9.346799999999348,BACKFILL_AUTO
2026-07-11 21:24:38,1783805078,R_75,52915.3609,-1,6.946900000002643,BACKFILL_AUTO
2026-07-11 21:24:40,1783805080,R_75,52914.2045,-1,1.1563999999998487,BACKFILL_AUTO
2026-07-11 21:24:42,1783805082,R_75,52923.5439,1,9.339399999997113,BACKFILL_AUTO
2026-07-11 21:24:44,1783805084,R_75,52920.9546,-1,2.589299999999639,BACKFILL_AUTO
2026-07-11 21:24:46,1783805086,R_75,52926.2489,1,5.294300000001385,BACKFILL_AUTO
2026-07-11 21:24:48,1783805088,R_75,52941.7539,1,15.505000000004657,BACKFILL_AUTO
2026-07-11 21:24:50,1783805090,R_75,52940.566,-1,1.187900000004447,BACKFILL_AUTO
2026-07-11 21:24:52,1783805092,R_75,52941.0418,1,0.475800000000163,BACKFILL_AUTO
2026-07-11 21:24:54,1783805094,R_75,52954.2807,1,13.238900000003923,BACKFILL_AUTO
2026-07-11 21:24:56,1783805096,R_75,52961.4169,1,7.136199999993551,BACKFILL_AUTO
2026-07-11 21:24:58,1783805098,R_75,52962.8826,1,1.465700000000652,BACKFILL_AUTO
2026-07-11 21:25:00,1783805100,R_75,52960.2597,-1,2.622899999994843,BACKFILL_AUTO
2026-07-11 21:25:02,1783805102,R_75,52945.8223,-1,14.437400000002526,BACKFILL_AUTO
2026-07-11 21:25:04,1783805104,R_75,52950.0197,1,4.1973999999972875,BACKFILL_AUTO
2026-07-11 21:25:06,1783805106,R_75,52941.0725,-1,8.947199999995064,BACKFILL_AUTO
2026-07-11 21:25:08,1783805108,R_75,52948.6253,1,7.55279999999766,BACKFILL_AUTO
2026-07-11 21:25:10,1783805110,R_75,52938.2265,-1,10.398800000002666,BACKFILL_AUTO
2026-07-11 21:25:12,1783805112,R_75,52934.1114,-1,4.1150999999954365,BACKFILL_AUTO
2026-07-11 21:25:14,1783805114,R_75,52922.5295,-1,11.58190000000468,BACKFILL_AUTO
2026-07-11 21:25:16,1783805116,R_75,52916.1271,-1,6.402399999999034,BACKFILL_AUTO
2026-07-11 21:25:18,1783805118,R_75,52917.8445,1,1.717400000001362,BACKFILL_AUTO
2026-07-11 21:25:20,1783805120,R_75,52905.7038,-1,12.140699999996286,BACKFILL_AUTO
2026-07-11 21:25:22,1783805122,R_75,52912.5627,1,6.858899999999267,BACKFILL_AUTO
2026-07-11 21:25:24,1783805124,R_75,52899.26,-1,13.302700000000186,BACKFILL_AUTO
2026-07-11 21:25:26,1783805126,R_75,52873.7639,-1,25.496100000003935,BACKFILL_AUTO
2026-07-11 21:25:28,1783805128,R_75,52876.8314,1,3.0675000000046566,BACKFILL_AUTO
2026-07-11 21:25:30,1783805130,R_75,52860.952,-1,15.879400000005262,BACKFILL_AUTO
2026-07-11 21:25:32,1783805132,R_75,52854.7722,-1,6.1797999999980675,BACKFILL_AUTO
2026-07-11 21:25:34,1783805134,R_75,52867.0398,1,12.26759999999922,BACKFILL_AUTO
2026-07-11 21:25:36,1783805136,R_75,52861.7081,-1,5.33169999999518,BACKFILL_AUTO
2026-07-11 21:25:38,1783805138,R_75,52858.5378,-1,3.170300000005227,BACKFILL_AUTO
2026-07-11 21:25:40,1783805140,R_75,52867.2209,1,8.683100000002014,BACKFILL_AUTO
2026-07-11 21:25:42,1783805142,R_75,52873.3371,1,6.116199999996752,BACKFILL_AUTO
2026-07-11 21:25:44,1783805144,R_75,52871.1425,-1,2.194599999995262,BACKFILL_AUTO
2026-07-11 21:25:46,1783805146,R_75,52869.5177,-1,1.6248000000050524,BACKFILL_AUTO
2026-07-11 21:25:48,1783805148,R_75,52857.6872,-1,11.830499999996391,BACKFILL_AUTO
2026-07-11 21:25:50,1783805150,R_75,52850.9307,-1,6.756500000003143,BACKFILL_AUTO
2026-07-11 21:25:52,1783805152,R_75,52861.5642,1,10.63350000000355,BACKFILL_AUTO
2026-07-11 21:25:54,1783805154,R_75,52858.7206,-1,2.8436000000001513,BACKFILL_AUTO
2026-07-11 21:25:56,1783805156,R_75,52863.1308,1,4.41019999999844,BACKFILL_AUTO
2026-07-11 21:25:58,1783805158,R_75,52855.1452,-1,7.985599999999977,BACKFILL_AUTO
2026-07-11 21:26:00,1783805160,R_75,52871.1166,1,15.971400000002177,BACKFILL_AUTO
2026-07-11 21:26:02,1783805162,R_75,52883.6791,1,12.5625,BACKFILL_AUTO
2026-07-11 21:26:04,1783805164,R_75,52872.0333,-1,11.645799999998417,BACKFILL_AUTO
2026-07-11 21:26:06,1783805166,R_75,52880.5701,1,8.5367999999944,BACKFILL_AUTO
2026-07-11 21:26:08,1783805168,R_75,52875.4551,-1,5.114999999997963,BACKFILL_AUTO
2026-07-11 21:26:10,1783805170,R_75,52875.9033,1,0.4481999999989057,BACKFILL_AUTO
2026-07-11 21:26:12,1783805172,R_75,52898.2484,1,22.345099999998638,BACKFILL_AUTO
2026-07-11 21:26:14,1783805174,R_75,52900.8225,1,2.5741000000052736,BACKFILL_AUTO
2026-07-11 21:26:16,1783805176,R_75,52905.923,1,5.100500000000466,BACKFILL_AUTO
2026-07-11 21:26:18,1783805178,R_75,52900.429,-1,5.494000000006054,BACKFILL_AUTO
2026-07-11 21:26:20,1783805180,R_75,52889.1348,-1,11.294199999996636,BACKFILL_AUTO
2026-07-11 21:26:22,1783805182,R_75,52909.3589,1,20.224099999999453,BACKFILL_AUTO
2026-07-11 21:26:24,1783805184,R_75,52912.1059,1,2.747000000003027,BACKFILL_AUTO
2026-07-11 21:26:26,1783805186,R_75,52927.8613,1,15.755399999994552,BACKFILL_AUTO
2026-07-11 21:26:28,1783805188,R_75,52926.7684,-1,1.092899999996007,BACKFILL_AUTO
2026-07-11 21:26:30,1783805190,R_75,52926.7974,1,0.0290000000022701,BACKFILL_AUTO
2026-07-11 21:26:32,1783805192,R_75,52936.1428,1,9.345399999998335,BACKFILL_AUTO
2026-07-11 21:26:34,1783805194,R_75,52934.4511,-1,1.6917000000030384,BACKFILL_AUTO
2026-07-11 21:26:36,1783805196,R_75,52941.4556,1,7.004500000002736,BACKFILL_AUTO
2026-07-11 21:26:38,1783805198,R_75,52929.3426,-1,12.112999999997555,BACKFILL_AUTO
2026-07-11 21:26:40,1783805200,R_75,52902.7625,-1,26.580100000006496,BACKFILL_AUTO
2026-07-11 21:26:42,1783805202,R_75,52898.2042,-1,4.558299999996962,BACKFILL_AUTO
2026-07-11 21:26:44,1783805204,R_75,52905.8942,1,7.690000000002328,BACKFILL_AUTO
2026-07-11 21:26:46,1783805206,R_75,52911.4077,1,5.513500000000931,BACKFILL_AUTO
2026-07-11 21:26:48,1783805208,R_75,52901.2967,-1,10.111000000004424,BACKFILL_AUTO
2026-07-11 21:26:50,1783805210,R_75,52903.3361,1,2.0394000000014785,BACKFILL_AUTO
2026-07-11 21:26:52,1783805212,R_75,52909.977,1,6.64089999999851,BACKFILL_AUTO
2026-07-11 21:26:54,1783805214,R_75,52909.499,-1,0.477999999995518,BACKFILL_AUTO
2026-07-11 21:26:56,1783805216,R_75,52897.7476,-1,11.751400000001013,BACKFILL_AUTO
2026-07-11 21:26:58,1783805218,R_75,52898.2261,1,0.47849999999743886,BACKFILL_AUTO
2026-07-11 21:27:00,1783805220,R_75,52893.1859,-1,5.040200000003097,BACKFILL_AUTO
2026-07-11 21:27:02,1783805222,R_75,52888.9052,-1,4.280699999995704,BACKFILL_AUTO
2026-07-11 21:27:04,1783805224,R_75,52894.8244,1,5.919199999996636,BACKFILL_AUTO
2026-07-11 21:27:06,1783805226,R_75,52886.1425,-1,8.681899999995949,BACKFILL_AUTO
2026-07-11 21:27:08,1783805228,R_75,52890.9128,1,4.770299999996496,BACKFILL_AUTO
2026-07-11 21:27:10,1783805230,R_75,52900.2955,1,9.382700000001932,BACKFILL_AUTO
2026-07-11 21:27:12,1783805232,R_75,52882.9394,-1,17.35609999999724,BACKFILL_AUTO
2026-07-11 21:27:14,1783805234,R_75,52892.7999,1,9.860499999995227,BACKFILL_AUTO
2026-07-11 21:27:16,1783805236,R_75,52880.4349,-1,12.364999999997963,BACKFILL_AUTO
2026-07-11 21:27:18,1783805238,R_75,52865.994,-1,14.44090000000142,BACKFILL_AUTO
2026-07-11 21:27:20,1783805240,R_75,52871.9445,1,5.9504999999990105,BACKFILL_AUTO
2026-07-11 21:27:22,1783805242,R_75,52876.0373,1,4.092800000005809,BACKFILL_AUTO
2026-07-11 21:27:24,1783805244,R_75,52875.4524,-1,0.5849000000016531,BACKFILL_AUTO
2026-07-11 21:27:26,1783805246,R_75,52870.1811,-1,5.271300000000338,BACKFILL_AUTO
2026-07-11 21:27:28,1783805248,R_75,52858.0297,-1,12.151400000002468,BACKFILL_AUTO
2026-07-11 21:27:30,1783805250,R_75,52845.7923,-1,12.23739999999816,BACKFILL_AUTO
2026-07-11 21:27:32,1783805252,R_75,52843.7195,-1,2.0728000000017346,BACKFILL_AUTO
2026-07-11 21:27:34,1783805254,R_75,52844.3687,1,0.649199999999837,BACKFILL_AUTO
2026-07-11 21:27:36,1783805256,R_75,52842.1681,-1,2.2005999999964843,BACKFILL_AUTO
2026-07-11 21:27:38,1783805258,R_75,52836.554,-1,5.614100000006147,BACKFILL_AUTO
2026-07-11 21:27:40,1783805260,R_75,52847.7763,1,11.222300000001269,BACKFILL_AUTO
2026-07-11 21:27:42,1783805262,R_75,52856.7848,1,9.00850000000355,BACKFILL_AUTO
2026-07-11 21:27:44,1783805264,R_75,52838.8396,-1,17.945200000001932,BACKFILL_AUTO
2026-07-11 21:27:46,1783805266,R_75,52840.4405,1,1.6008999999976368,BACKFILL_AUTO
2026-07-11 21:27:48,1783805268,R_75,52844.9471,1,4.506600000000617,BACKFILL_AUTO
2026-07-11 21:27:50,1783805270,R_75,52861.0291,1,16.082000000002154,BACKFILL_AUTO
2026-07-11 21:27:52,1783805272,R_75,52864.1622,1,3.1330999999991036,BACKFILL_AUTO
2026-07-11 21:27:54,1783805274,R_75,52864.9563,1,0.7940999999991618,BACKFILL_AUTO
2026-07-11 21:27:56,1783805276,R_75,52859.6739,-1,5.282399999996414,BACKFILL_AUTO
2026-07-11 21:27:58,1783805278,R_75,52840.9705,-1,18.70339999999851,BACKFILL_AUTO
2026-07-11 21:28:00,1783805280,R_75,52837.5385,-1,3.4320000000006985,BACKFILL_AUTO
2026-07-11 21:28:02,1783805282,R_75,52839.8435,1,2.305000000000291,BACKFILL_AUTO
2026-07-11 21:28:04,1783805284,R_75,52841.7801,1,1.936600000000908,BACKFILL_AUTO
2026-07-11 21:28:06,1783805286,R_75,52862.9194,1,21.139299999995274,BACKFILL_AUTO
2026-07-11 21:28:08,1783805288,R_75,52857.9514,-1,4.968000000000757,BACKFILL_AUTO
2026-07-11 21:28:10,1783805290,R_75,52855.7157,-1,2.2356999999974505,BACKFILL_AUTO
2026-07-11 21:28:12,1783805292,R_75,52837.116,-1,18.599699999998847,BACKFILL_AUTO
2026-07-11 21:28:14,1783805294,R_75,52821.8324,-1,15.28360000000248,BACKFILL_AUTO
2026-07-11 21:28:16,1783805296,R_75,52811.0577,-1,10.774700000001758,BACKFILL_AUTO
2026-07-11 21:28:18,1783805298,R_75,52810.4275,-1,0.6301999999996042,BACKFILL_AUTO
2026-07-11 21:28:20,1783805300,R_75,52811.1607,1,0.7332000000023982,BACKFILL_AUTO
2026-07-11 21:28:22,1783805302,R_75,52796.7147,-1,14.44600000000355,BACKFILL_AUTO
2026-07-11 21:28:24,1783805304,R_75,52789.0526,-1,7.662099999994098,BACKFILL_AUTO
2026-07-11 21:28:26,1783805306,R_75,52786.1551,-1,2.897499999999127,BACKFILL_AUTO
2026-07-11 21:28:28,1783805308,R_75,52780.6492,-1,5.505900000003749,BACKFILL_AUTO
2026-07-11 21:28:30,1783805310,R_75,52783.9653,1,3.316100000003644,BACKFILL_AUTO
2026-07-11 21:28:32,1783805312,R_75,52779.5804,-1,4.3849000000045635,BACKFILL_AUTO
2026-07-11 21:28:34,1783805314,R_75,52799.0328,1,19.452400000001944,BACKFILL_AUTO
2026-07-11 21:28:36,1783805316,R_75,52798.5502,-1,0.4826000000030035,BACKFILL_AUTO
2026-07-11 21:28:38,1783805318,R_75,52801.6697,1,3.1195000000006985,BACKFILL_AUTO
2026-07-11 21:28:40,1783805320,R_75,52808.2005,1,6.530800000000454,BACKFILL_AUTO
2026-07-11 21:28:42,1783805322,R_75,52818.3839,1,10.183400000001711,BACKFILL_AUTO
2026-07-11 21:28:44,1783805324,R_75,52811.9685,-1,6.415399999998044,BACKFILL_AUTO
2026-07-11 21:28:46,1783805326,R_75,52809.3604,-1,2.6081000000049244,BACKFILL_AUTO
2026-07-11 21:28:48,1783805328,R_75,52816.8222,1,7.461800000004587,BACKFILL_AUTO
2026-07-11 21:28:50,1783805330,R_75,52814.7559,-1,2.0663000000058673,BACKFILL_AUTO
2026-07-11 21:28:52,1783805332,R_75,52811.4384,-1,3.3174999999973807,BACKFILL_AUTO
2026-07-11 21:28:54,1783805334,R_75,52811.6757,1,0.23730000000068685,BACKFILL_AUTO
2026-07-11 21:28:56,1783805336,R_75,52796.0909,-1,15.584799999996903,BACKFILL_AUTO
2026-07-11 21:28:58,1783805338,R_75,52805.1774,1,9.086499999997613,BACKFILL_AUTO
2026-07-11 21:29:00,1783805340,R_75,52814.1122,1,8.934800000002724,BACKFILL_AUTO
2026-07-11 21:29:02,1783805342,R_75,52803.8157,-1,10.296500000004016,BACKFILL_AUTO
2026-07-11 21:29:04,1783805344,R_75,52792.7225,-1,11.093199999995704,BACKFILL_AUTO
2026-07-11 21:29:06,1783805346,R_75,52777.7349,-1,14.987600000000384,BACKFILL_AUTO
2026-07-11 21:29:08,1783805348,R_75,52787.1245,1,9.38959999999497,BACKFILL_AUTO
2026-07-11 21:29:10,1783805350,R_75,52791.7928,1,4.66830000000482,BACKFILL_AUTO
2026-07-11 21:29:12,1783805352,R_75,52803.8381,1,12.045299999997951,BACKFILL_AUTO
2026-07-11 21:29:14,1783805354,R_75,52809.8517,1,6.013599999998405,BACKFILL_AUTO
2026-07-11 21:29:16,1783805356,R_75,52803.9298,-1,5.921900000001187,BACKFILL_AUTO
2026-07-11 21:29:18,1783805358,R_75,52808.0126,1,4.082800000003772,BACKFILL_AUTO
2026-07-11 21:29:20,1783805360,R_75,52830.3162,1,22.30359999999928,BACKFILL_AUTO
2026-07-11 21:29:22,1783805362,R_75,52831.7674,1,1.451199999995879,BACKFILL_AUTO
2026-07-11 21:29:24,1783805364,R_75,52829.8386,-1,1.9287999999942258,BACKFILL_AUTO
2026-07-11 21:29:26,1783805366,R_75,52840.5718,1,10.733199999995122,BACKFILL_AUTO
2026-07-11 21:29:28,1783805368,R_75,52841.0636,1,0.4918000000034226,BACKFILL_AUTO
2026-07-11 21:29:30,1783805370,R_75,52837.4943,-1,3.5693000000028405,BACKFILL_AUTO
2026-07-11 21:29:32,1783805372,R_75,52823.8549,-1,13.639400000000023,BACKFILL_AUTO
2026-07-11 21:29:34,1783805374,R_75,52827.989,1,4.134100000002945,BACKFILL_AUTO
2026-07-11 21:29:36,1783805376,R_75,52834.6177,1,6.628700000001118,BACKFILL_AUTO
2026-07-11 21:29:38,1783805378,R_75,52844.8269,1,10.209199999997509,BACKFILL_AUTO
2026-07-11 21:29:40,1783805380,R_75,52861.2086,1,16.38169999999809,BACKFILL_AUTO
2026-07-11 21:29:42,1783805382,R_75,52874.9478,1,13.73920000000362,BACKFILL_AUTO
2026-07-11 21:29:44,1783805384,R_75,52883.0366,1,8.088799999997718,BACKFILL_AUTO
2026-07-11 21:29:46,1783805386,R_75,52886.8318,1,3.7952000000004773,BACKFILL_AUTO
2026-07-11 21:29:48,1783805388,R_75,52882.7639,-1,4.067900000001828,BACKFILL_AUTO
2026-07-11 21:29:50,1783805390,R_75,52888.9692,1,6.2053000000014435,BACKFILL_AUTO
2026-07-11 21:29:52,1783805392,R_75,52895.6313,1,6.662100000001374,BACKFILL_AUTO
2026-07-11 21:29:54,1783805394,R_75,52902.2926,1,6.6612999999997555,BACKFILL_AUTO
2026-07-11 21:29:56,1783805396,R_75,52901.7205,-1,0.5720999999975902,BACKFILL_AUTO
2026-07-11 21:29:58,1783805398,R_75,52899.9771,-1,1.743400000006659,BACKFILL_AUTO
2026-07-11 21:30:00,1783805400,R_75,52902.8667,1,2.889600000002247,BACKFILL_AUTO
2026-07-11 21:30:02,1783805402,R_75,52916.3064,1,13.439700000002631,BACKFILL_AUTO
2026-07-11 21:30:04,1783805404,R_75,52921.4304,1,5.123999999996158,BACKFILL_AUTO
2026-07-11 21:30:06,1783805406,R_75,52921.2174,-1,0.2129999999961001,BACKFILL_AUTO
2026-07-11 21:30:08,1783805408,R_75,52940.2893,1,19.071899999995367,BACKFILL_AUTO
2026-07-11 21:30:10,1783805410,R_75,52938.2459,-1,2.0433999999950174,BACKFILL_AUTO
2026-07-11 21:30:12,1783805412,R_75,52940.2756,1,2.0296999999991385,BACKFILL_AUTO
2026-07-11 21:30:14,1783805414,R_75,52937.7937,-1,2.481899999998859,BACKFILL_AUTO
2026-07-11 21:30:16,1783805416,R_75,52946.0497,1,8.256000000001222,BACKFILL_AUTO
2026-07-11 21:30:18,1783805418,R_75,52944.5443,-1,1.5054000000018277,BACKFILL_AUTO
2026-07-11 21:30:20,1783805420,R_75,52961.0191,1,16.47479999999632,BACKFILL_AUTO
2026-07-11 21:30:22,1783805422,R_75,52961.0479,1,0.028800000000046566,BACKFILL_AUTO
2026-07-11 21:30:24,1783805424,R_75,52940.3588,-1,20.68909999999596,BACKFILL_AUTO
2026-07-11 21:30:26,1783805426,R_75,52940.9515,1,0.5927000000010594,BACKFILL_AUTO
2026-07-11 21:30:28,1783805428,R_75,52951.5023,1,10.550799999997253,BACKFILL_AUTO
2026-07-11 21:30:30,1783805430,R_75,52965.5552,1,14.05290000000241,BACKFILL_AUTO
2026-07-11 21:30:32,1783805432,R_75,52961.6555,-1,3.899700000001758,BACKFILL_AUTO
2026-07-11 21:30:34,1783805434,R_75,52979.5228,1,17.867299999998068,BACKFILL_AUTO
2026-07-11 21:30:36,1783805436,R_75,52988.6726,1,9.149799999999232,BACKFILL_AUTO
2026-07-11 21:30:38,1783805438,R_75,52997.9756,1,9.302999999999884,BACKFILL_AUTO
2026-07-11 21:30:40,1783805440,R_75,52994.0771,-1,3.8984999999956926,BACKFILL_AUTO
2026-07-11 21:30:42,1783805442,R_75,52997.7184,1,3.641299999995681,BACKFILL_AUTO
2026-07-11 21:30:44,1783805444,R_75,52999.8597,1,2.141300000002957,BACKFILL_AUTO
2026-07-11 21:30:46,1783805446,R_75,52995.0057,-1,4.85399999999936,BACKFILL_AUTO
2026-07-11 21:30:48,1783805448,R_75,52985.684,-1,9.321700000000419,BACKFILL_AUTO
2026-07-11 21:30:50,1783805450,R_75,52993.959,1,8.275000000001455,BACKFILL_AUTO
2026-07-11 21:30:52,1783805452,R_75,53005.173,1,11.213999999999942,BACKFILL_AUTO
2026-07-11 21:30:54,1783805454,R_75,53004.0716,-1,1.1013999999995576,BACKFILL_AUTO
2026-07-11 21:30:56,1783805456,R_75,53008.3968,1,4.325199999999313,BACKFILL_AUTO
2026-07-11 21:30:58,1783805458,R_75,53015.7972,1,7.400399999998626,BACKFILL_AUTO
2026-07-11 21:31:00,1783805460,R_75,52997.8377,-1,17.959500000004482,BACKFILL_AUTO
2026-07-11 21:31:02,1783805462,R_75,52993.96,-1,3.877699999997276,BACKFILL_AUTO
2026-07-11 21:31:04,1783805464,R_75,52999.7716,1,5.811600000000908,BACKFILL_AUTO
2026-07-11 21:31:06,1783805466,R_75,53003.5258,1,3.7542000000030384,BACKFILL_AUTO
2026-07-11 21:31:08,1783805468,R_75,52996.6035,-1,6.9223000000056345,BACKFILL_AUTO
2026-07-11 21:31:10,1783805470,R_75,53005.0062,1,8.402700000006007,BACKFILL_AUTO
2026-07-11 21:31:12,1783805472,R_75,53003.4949,-1,1.5113000000055763,BACKFILL_AUTO
2026-07-11 21:31:14,1783805474,R_75,53004.5794,1,1.084500000004482,BACKFILL_AUTO
2026-07-11 21:31:16,1783805476,R_75,52999.0835,-1,5.495900000001711,BACKFILL_AUTO
2026-07-11 21:31:18,1783805478,R_75,52976.2157,-1,22.86779999999999,BACKFILL_AUTO
2026-07-11 21:31:20,1783805480,R_75,52975.9438,-1,0.27189999999973224,BACKFILL_AUTO
2026-07-11 21:31:22,1783805482,R_75,52964.0482,-1,11.89560000000347,BACKFILL_AUTO
2026-07-11 21:31:24,1783805484,R_75,52962.6817,-1,1.3664999999964493,BACKFILL_AUTO
2026-07-11 21:31:26,1783805486,R_75,52973.7323,1,11.050600000002305,BACKFILL_AUTO
2026-07-11 21:31:28,1783805488,R_75,52968.6467,-1,5.0856000000057975,BACKFILL_AUTO
2026-07-11 21:31:30,1783805490,R_75,52964.3803,-1,4.266400000000431,BACKFILL_AUTO
2026-07-11 21:31:32,1783805492,R_75,52969.6804,1,5.300100000000384,BACKFILL_AUTO
2026-07-11 21:31:34,1783805494,R_75,52959.0595,-1,10.620899999994435,BACKFILL_AUTO
2026-07-11 21:31:36,1783805496,R_75,52964.1536,1,5.094099999994796,BACKFILL_AUTO
2026-07-11 21:31:38,1783805498,R_75,52985.5999,1,21.446300000003248,BACKFILL_AUTO
2026-07-11 21:31:40,1783805500,R_75,52980.9003,-1,4.6995999999999185,BACKFILL_AUTO
2026-07-11 21:31:42,1783805502,R_75,52987.9179,1,7.01759999999922,BACKFILL_AUTO
2026-07-11 21:31:44,1783805504,R_75,53003.2766,1,15.358699999997043,BACKFILL_AUTO
2026-07-11 21:31:46,1783805506,R_75,52996.1546,-1,7.121999999995751,BACKFILL_AUTO
2026-07-11 21:31:48,1783805508,R_75,53010.2631,1,14.10849999999482,BACKFILL_AUTO
2026-07-11 21:31:50,1783805510,R_75,53001.166,-1,9.097099999999045,BACKFILL_AUTO
2026-07-11 21:31:52,1783805512,R_75,53008.5337,1,7.367700000002515,BACKFILL_AUTO
2026-07-11 21:31:54,1783805514,R_75,53004.3061,-1,4.227599999998347,BACKFILL_AUTO
2026-07-11 21:31:56,1783805516,R_75,52998.6177,-1,5.688399999999092,BACKFILL_AUTO
2026-07-11 21:31:58,1783805518,R_75,53012.8024,1,14.184699999997974,BACKFILL_AUTO
2026-07-11 21:32:00,1783805520,R_75,53008.7485,-1,4.0538999999989755,BACKFILL_AUTO
2026-07-11 21:32:02,1783805522,R_75,53002.5138,-1,6.234700000000885,BACKFILL_AUTO
2026-07-11 21:32:04,1783805524,R_75,53005.1966,1,2.6828000000023167,BACKFILL_AUTO
2026-07-11 21:32:06,1783805526,R_75,53000.709,-1,4.487600000000384,BACKFILL_AUTO
2026-07-11 21:32:08,1783805528,R_75,52989.9172,-1,10.791799999999057,BACKFILL_AUTO
2026-07-11 21:32:10,1783805530,R_75,52986.554,-1,3.3632000000070548,BACKFILL_AUTO
2026-07-11 21:32:12,1783805532,R_75,52991.443,1,4.889000000002852,BACKFILL_AUTO
2026-07-11 21:32:14,1783805534,R_75,52985.6986,-1,5.744399999995949,BACKFILL_AUTO
2026-07-11 21:32:16,1783805536,R_75,52980.0507,-1,5.647900000003574,BACKFILL_AUTO
2026-07-11 21:32:18,1783805538,R_75,52974.2137,-1,5.836999999999534,BACKFILL_AUTO
2026-07-11 21:32:20,1783805540,R_75,52978.2159,1,4.002200000002631,BACKFILL_AUTO
2026-07-11 21:32:22,1783805542,R_75,52981.0803,1,2.864399999998568,BACKFILL_AUTO
2026-07-11 21:32:24,1783805544,R_75,52971.399,-1,9.68130000000383,BACKFILL_AUTO
2026-07-11 21:32:26,1783805546,R_75,52967.7905,-1,3.6084999999948195,BACKFILL_AUTO
2026-07-11 21:32:28,1783805548,R_75,52959.8331,-1,7.957399999999325,BACKFILL_AUTO
2026-07-11 21:32:30,1783805550,R_75,52970.5657,1,10.732599999995728,BACKFILL_AUTO
2026-07-11 21:32:32,1783805552,R_75,52960.0845,-1,10.48120000000199,BACKFILL_AUTO
2026-07-11 21:32:34,1783805554,R_75,52963.2749,1,3.1903999999994994,BACKFILL_AUTO
2026-07-11 21:32:36,1783805556,R_75,52956.3795,-1,6.89539999999397,BACKFILL_AUTO
2026-07-11 21:32:38,1783805558,R_75,52960.2504,1,3.8708999999944353,BACKFILL_AUTO
2026-07-11 21:32:40,1783805560,R_75,52960.1673,-1,0.08309999999619322,BACKFILL_AUTO
2026-07-11 21:32:42,1783805562,R_75,52963.4535,1,3.2862000000022817,BACKFILL_AUTO
2026-07-11 21:32:44,1783805564,R_75,52946.6431,-1,16.81040000000212,BACKFILL_AUTO
2026-07-11 21:32:46,1783805566,R_75,52951.3848,1,4.741699999998673,BACKFILL_AUTO
2026-07-11 21:32:48,1783805568,R_75,52956.0679,1,4.683100000002014,BACKFILL_AUTO
2026-07-11 21:32:50,1783805570,R_75,52963.9047,1,7.836799999997311,BACKFILL_AUTO
2026-07-11 21:32:52,1783805572,R_75,52948.176,-1,15.728699999999662,BACKFILL_AUTO
2026-07-11 21:32:54,1783805574,R_75,52930.2941,-1,17.881900000000314,BACKFILL_AUTO
2026-07-11 21:32:56,1783805576,R_75,52924.793,-1,5.5011000000013155,BACKFILL_AUTO
2026-07-11 21:32:58,1783805578,R_75,52936.6744,1,11.88140000000567,BACKFILL_AUTO
2026-07-11 21:33:00,1783805580,R_75,52929.5867,-1,7.087700000003679,BACKFILL_AUTO
2026-07-11 21:33:02,1783805582,R_75,52918.2808,-1,11.305899999999383,BACKFILL_AUTO
2026-07-11 21:33:04,1783805584,R_75,52917.3329,-1,0.9478999999992084,BACKFILL_AUTO
2026-07-11 21:33:06,1783805586,R_75,52907.2044,-1,10.128499999998894,BACKFILL_AUTO
2026-07-11 21:33:08,1783805588,R_75,52895.9399,-1,11.264500000004773,BACKFILL_AUTO
2026-07-11 21:33:10,1783805590,R_75,52886.7475,-1,9.192399999999907,BACKFILL_AUTO
2026-07-11 21:33:12,1783805592,R_75,52886.3745,-1,0.37299999999959255,BACKFILL_AUTO
2026-07-11 21:33:14,1783805594,R_75,52870.8653,-1,15.509200000000419,BACKFILL_AUTO
2026-07-11 21:33:16,1783805596,R_75,52873.3912,1,2.525900000000547,BACKFILL_AUTO
2026-07-11 21:33:18,1783805598,R_75,52863.0581,-1,10.333099999996193,BACKFILL_AUTO
2026-07-11 21:33:20,1783805600,R_75,52866.0846,1,3.026499999999942,BACKFILL_AUTO
2026-07-11 21:33:22,1783805602,R_75,52856.9499,-1,9.13470000000234,BACKFILL_AUTO
2026-07-11 21:33:24,1783805604,R_75,52846.3944,-1,10.555500000002212,BACKFILL_AUTO
2026-07-11 21:33:26,1783805606,R_75,52853.5156,1,7.121200000001409,BACKFILL_AUTO
2026-07-11 21:33:28,1783805608,R_75,52842.9934,-1,10.52219999999943,BACKFILL_AUTO
2026-07-11 21:33:30,1783805610,R_75,52841.9677,-1,1.0256999999983236,BACKFILL_AUTO
2026-07-11 21:33:32,1783805612,R_75,52836.0833,-1,5.884400000002643,BACKFILL_AUTO
2026-07-11 21:33:34,1783805614,R_75,52830.1681,-1,5.915199999995821,BACKFILL_AUTO
2026-07-11 21:33:36,1783805616,R_75,52826.654,-1,3.514100000000326,BACKFILL_AUTO
2026-07-11 21:33:38,1783805618,R_75,52808.4216,-1,18.23240000000078,BACKFILL_AUTO
2026-07-11 21:33:40,1783805620,R_75,52796.0274,-1,12.394200000002456,BACKFILL_AUTO
2026-07-11 21:33:42,1783805622,R_75,52802.6887,1,6.6612999999997555,BACKFILL_AUTO
2026-07-11 21:33:44,1783805624,R_75,52813.4718,1,10.783100000000559,BACKFILL_AUTO
2026-07-11 21:33:46,1783805626,R_75,52796.4872,-1,16.984599999996135,BACKFILL_AUTO
2026-07-11 21:33:48,1783805628,R_75,52811.8984,1,15.411199999995006,BACKFILL_AUTO
2026-07-11 21:33:50,1783805630,R_75,52833.4041,1,21.505700000001525,BACKFILL_AUTO
2026-07-11 21:33:52,1783805632,R_75,52842.4779,1,9.0737999999983,BACKFILL_AUTO
2026-07-11 21:33:54,1783805634,R_75,52840.0141,-1,2.4637999999977183,BACKFILL_AUTO
2026-07-11 21:33:56,1783805636,R_75,52850.6641,1,10.650000000001455,BACKFILL_AUTO
2026-07-11 21:33:58,1783805638,R_75,52835.2433,-1,15.420799999999872,BACKFILL_AUTO
2026-07-11 21:34:00,1783805640,R_75,52829.3887,-1,5.854599999998754,BACKFILL_AUTO
2026-07-11 21:34:02,1783805642,R_75,52803.1628,-1,26.225900000004913,BACKFILL_AUTO
2026-07-11 21:34:04,1783805644,R_75,52814.0459,1,10.883099999999104,BACKFILL_AUTO
2026-07-11 21:34:06,1783805646,R_75,52810.258,-1,3.787899999995716,BACKFILL_AUTO
2026-07-11 21:34:08,1783805648,R_75,52810.1116,-1,0.14640000000508735,BACKFILL_AUTO
2026-07-11 21:34:10,1783805650,R_75,52806.4586,-1,3.6529999999984284,BACKFILL_AUTO
2026-07-11 21:34:12,1783805652,R_75,52811.2892,1,4.830600000001141,BACKFILL_AUTO
2026-07-11 21:34:14,1783805654,R_75,52802.3096,-1,8.979599999998754,BACKFILL_AUTO
2026-07-11 21:34:16,1783805656,R_75,52819.5389,1,17.229299999999057,BACKFILL_AUTO
2026-07-11 21:34:18,1783805658,R_75,52813.047,-1,6.491900000000896,BACKFILL_AUTO
2026-07-11 21:34:20,1783805660,R_75,52815.4234,1,2.376400000001013,BACKFILL_AUTO
2026-07-11 21:34:22,1783805662,R_75,52812.5654,-1,2.8580000000001746,BACKFILL_AUTO
2026-07-11 21:34:24,1783805664,R_75,52821.4514,1,8.885999999998603,BACKFILL_AUTO
2026-07-11 21:34:26,1783805666,R_75,52802.2597,-1,19.191699999995762,BACKFILL_AUTO
2026-07-11 21:34:28,1783805668,R_75,52796.5279,-1,5.731800000001385,BACKFILL_AUTO
2026-07-11 21:34:30,1783805670,R_75,52797.1204,1,0.5924999999988358,BACKFILL_AUTO
2026-07-11 21:34:32,1783805672,R_75,52811.2121,1,14.091699999997218,BACKFILL_AUTO
2026-07-11 21:34:34,1783805674,R_75,52809.0106,-1,2.201499999995576,BACKFILL_AUTO
2026-07-11 21:34:36,1783805676,R_75,52798.5921,-1,10.418499999999767,BACKFILL_AUTO
2026-07-11 21:34:38,1783805678,R_75,52815.5533,1,16.961199999997916,BACKFILL_AUTO
2026-07-11 21:34:40,1783805680,R_75,52830.9966,1,15.443299999998999,BACKFILL_AUTO
2026-07-11 21:34:42,1783805682,R_75,52819.8369,-1,11.15969999999652,BACKFILL_AUTO
2026-07-11 21:34:44,1783805684,R_75,52808.7656,-1,11.071300000003248,BACKFILL_AUTO
2026-07-11 21:34:46,1783805686,R_75,52801.2712,-1,7.494399999995949,BACKFILL_AUTO
2026-07-11 21:34:48,1783805688,R_75,52796.735,-1,4.536200000002282,BACKFILL_AUTO
2026-07-11 21:34:50,1783805690,R_75,52807.6904,1,10.955399999998917,BACKFILL_AUTO
2026-07-11 21:34:52,1783805692,R_75,52814.3399,1,6.649499999999534,BACKFILL_AUTO
2026-07-11 21:34:54,1783805694,R_75,52819.9992,1,5.659299999999348,BACKFILL_AUTO
2026-07-11 21:34:56,1783805696,R_75,52830.3497,1,10.350500000000466,BACKFILL_AUTO
2026-07-11 21:34:58,1783805698,R_75,52839.17,1,8.820299999999406,BACKFILL_AUTO
2026-07-11 21:35:00,1783805700,R_75,52846.0582,1,6.888200000001234,BACKFILL_AUTO
2026-07-11 21:35:02,1783805702,R_75,52872.4107,1,26.352500000000873,BACKFILL_AUTO
2026-07-11 21:35:04,1783805704,R_75,52874.3516,1,1.9409000000014203,BACKFILL_AUTO
2026-07-11 21:35:06,1783805706,R_75,52879.0317,1,4.680099999997765,BACKFILL_AUTO
2026-07-11 21:35:08,1783805708,R_75,52868.0612,-1,10.970500000003085,BACKFILL_AUTO
2026-07-11 21:35:10,1783805710,R_75,52872.3866,1,4.325400000001537,BACKFILL_AUTO
2026-07-11 21:35:12,1783805712,R_75,52850.428,-1,21.958599999998114,BACKFILL_AUTO
2026-07-11 21:35:14,1783805714,R_75,52853.9528,1,3.5247999999992317,BACKFILL_AUTO
2026-07-11 21:35:16,1783805716,R_75,52870.4964,1,16.543600000004517,BACKFILL_AUTO
2026-07-11 21:35:18,1783805718,R_75,52877.2085,1,6.712099999997008,BACKFILL_AUTO
2026-07-11 21:35:20,1783805720,R_75,52886.747,1,9.538500000002387,BACKFILL_AUTO
2026-07-11 21:35:22,1783805722,R_75,52883.9202,-1,2.8268000000025495,BACKFILL_AUTO
2026-07-11 21:35:24,1783805724,R_75,52905.0421,1,21.121899999998277,BACKFILL_AUTO
2026-07-11 21:35:26,1783805726,R_75,52903.9727,-1,1.0694000000003143,BACKFILL_AUTO
2026-07-11 21:35:28,1783805728,R_75,52904.5499,1,0.5771999999997206,BACKFILL_AUTO
2026-07-11 21:35:30,1783805730,R_75,52921.0058,1,16.455900000000838,BACKFILL_AUTO
2026-07-11 21:35:32,1783805732,R_75,52917.6797,-1,3.326099999998405,BACKFILL_AUTO
2026-07-11 21:35:34,1783805734,R_75,52915.3082,-1,2.371500000001106,BACKFILL_AUTO
2026-07-11 21:35:36,1783805736,R_75,52905.2909,-1,10.017299999999523,BACKFILL_AUTO
2026-07-11 21:35:38,1783805738,R_75,52889.4937,-1,15.797200000000885,BACKFILL_AUTO
2026-07-11 21:35:40,1783805740,R_75,52882.0236,-1,7.470099999998638,BACKFILL_AUTO
2026-07-11 21:35:42,1783805742,R_75,52889.8222,1,7.798600000001898,BACKFILL_AUTO
2026-07-11 21:35:44,1783805744,R_75,52895.8029,1,5.98070000000007,BACKFILL_AUTO
2026-07-11 21:35:46,1783805746,R_75,52878.7649,-1,17.038000000000466,BACKFILL_AUTO
2026-07-11 21:35:48,1783805748,R_75,52870.9907,-1,7.774199999999837,BACKFILL_AUTO
2026-07-11 21:35:50,1783805750,R_75,52875.726,1,4.735300000000279,BACKFILL_AUTO
2026-07-11 21:35:52,1783805752,R_75,52886.3752,1,10.649199999999837,BACKFILL_AUTO
2026-07-11 21:35:54,1783805754,R_75,52882.5389,-1,3.836300000002666,BACKFILL_AUTO
2026-07-11 21:35:56,1783805756,R_75,52859.8638,-1,22.675100000000384,BACKFILL_AUTO
2026-07-11 21:35:58,1783805758,R_75,52873.0156,1,13.15179999999964,BACKFILL_AUTO
2026-07-11 21:36:00,1783805760,R_75,52884.5726,1,11.557000000000698,BACKFILL_AUTO
2026-07-11 21:36:02,1783805762,R_75,52895.9067,1,11.334100000000035,BACKFILL_AUTO
2026-07-11 21:36:04,1783805764,R_75,52888.6807,-1,7.2260000000023865,BACKFILL_AUTO
2026-07-11 21:36:06,1783805766,R_75,52885.2638,-1,3.416899999996531,BACKFILL_AUTO
2026-07-11 21:36:08,1783805768,R_75,52878.1003,-1,7.1635000000023865,BACKFILL_AUTO
2026-07-11 21:36:10,1783805770,R_75,52885.7839,1,7.683600000003935,BACKFILL_AUTO
2026-07-11 21:36:12,1783805772,R_75,52888.2643,1,2.4804000000003725,BACKFILL_AUTO
2026-07-11 21:36:14,1783805774,R_75,52875.4361,-1,12.828200000003562,BACKFILL_AUTO
2026-07-11 21:36:16,1783805776,R_75,52871.2507,-1,4.185400000002119,BACKFILL_AUTO
2026-07-11 21:36:18,1783805778,R_75,52857.9505,-1,13.300199999997858,BACKFILL_AUTO
2026-07-11 21:36:20,1783805780,R_75,52854.7091,-1,3.2413999999989755,BACKFILL_AUTO
2026-07-11 21:36:22,1783805782,R_75,52834.1927,-1,20.51640000000043,BACKFILL_AUTO
2026-07-11 21:36:24,1783805784,R_75,52828.3764,-1,5.816299999998591,BACKFILL_AUTO
2026-07-11 21:36:26,1783805786,R_75,52829.6396,1,1.263200000001234,BACKFILL_AUTO
2026-07-11 21:36:28,1783805788,R_75,52803.9338,-1,25.705800000003364,BACKFILL_AUTO
2026-07-11 21:36:30,1783805790,R_75,52814.6715,1,10.737699999997858,BACKFILL_AUTO
2026-07-11 21:36:32,1783805792,R_75,52807.0113,-1,7.66019999999844,BACKFILL_AUTO
2026-07-11 21:36:34,1783805794,R_75,52810.551,1,3.539700000001176,BACKFILL_AUTO
2026-07-11 21:36:36,1783805796,R_75,52826.9337,1,16.382700000001932,BACKFILL_AUTO
2026-07-11 21:36:38,1783805798,R_75,52828.5277,1,1.5939999999973224,BACKFILL_AUTO
2026-07-11 21:36:40,1783805800,R_75,52821.0677,-1,7.459999999999127,BACKFILL_AUTO
2026-07-11 21:36:42,1783805802,R_75,52819.2925,-1,1.7751999999964028,BACKFILL_AUTO
2026-07-11 21:36:44,1783805804,R_75,52816.2326,-1,3.059900000000198,BACKFILL_AUTO
2026-07-11 21:36:46,1783805806,R_75,52823.8014,1,7.568799999993644,BACKFILL_AUTO
2026-07-11 21:36:48,1783805808,R_75,52828.5917,1,4.79030000000057,BACKFILL_AUTO
2026-07-11 21:36:50,1783805810,R_75,52806.7717,-1,21.81999999999971,BACKFILL_AUTO
2026-07-11 21:36:52,1783805812,R_75,52810.2907,1,3.519000000000233,BACKFILL_AUTO
2026-07-11 21:36:54,1783805814,R_75,52811.8135,1,1.5227999999988242,BACKFILL_AUTO
2026-07-11 21:36:56,1783805816,R_75,52809.9826,-1,1.8308999999935622,BACKFILL_AUTO
2026-07-11 21:36:58,1783805818,R_75,52780.4882,-1,29.494400000003225,BACKFILL_AUTO
2026-07-11 21:37:00,1783805820,R_75,52782.2955,1,1.8073000000003958,BACKFILL_AUTO
2026-07-11 21:37:02,1783805822,R_75,52785.3257,1,3.0302000000010594,BACKFILL_AUTO
2026-07-11 21:37:04,1783805824,R_75,52775.4172,-1,9.90849999999773,BACKFILL_AUTO
2026-07-11 21:37:06,1783805826,R_75,52770.1854,-1,5.231800000001385,BACKFILL_AUTO
2026-07-11 21:37:08,1783805828,R_75,52772.2625,1,2.077099999994971,BACKFILL_AUTO
2026-07-11 21:37:10,1783805830,R_75,52760.183,-1,12.079499999999825,BACKFILL_AUTO
2026-07-11 21:37:12,1783805832,R_75,52754.5338,-1,5.649199999999837,BACKFILL_AUTO
2026-07-11 21:37:14,1783805834,R_75,52758.8833,1,4.3495000000039,BACKFILL_AUTO
2026-07-11 21:37:16,1783805836,R_75,52768.8605,1,9.977200000001176,BACKFILL_AUTO
2026-07-11 21:37:18,1783805838,R_75,52777.0099,1,8.149399999994785,BACKFILL_AUTO
2026-07-11 21:37:20,1783805840,R_75,52796.1064,1,19.09649999999965,BACKFILL_AUTO
2026-07-11 21:37:22,1783805842,R_75,52804.2345,1,8.128100000001723,BACKFILL_AUTO
2026-07-11 21:37:24,1783805844,R_75,52797.3301,-1,6.904399999999441,BACKFILL_AUTO
2026-07-11 21:37:26,1783805846,R_75,52798.8981,1,1.5679999999993015,BACKFILL_AUTO
2026-07-11 21:37:28,1783805848,R_75,52792.6853,-1,6.2128000000011525,BACKFILL_AUTO
2026-07-11 21:37:30,1783805850,R_75,52800.4515,1,7.766200000005483,BACKFILL_AUTO
2026-07-11 21:37:32,1783805852,R_75,52802.2152,1,1.763699999995879,BACKFILL_AUTO
2026-07-11 21:37:34,1783805854,R_75,52802.7125,1,0.4973000000027241,BACKFILL_AUTO
2026-07-11 21:37:36,1783805856,R_75,52793.7523,-1,8.96020000000135,BACKFILL_AUTO
2026-07-11 21:37:38,1783805858,R_75,52796.9745,1,3.222199999996519,BACKFILL_AUTO
2026-07-11 21:37:40,1783805860,R_75,52810.5047,1,13.53020000000106,BACKFILL_AUTO
2026-07-11 21:37:42,1783805862,R_75,52812.4202,1,1.915500000002794,BACKFILL_AUTO
2026-07-11 21:37:44,1783805864,R_75,52806.3678,-1,6.052400000000489,BACKFILL_AUTO
2026-07-11 21:37:46,1783805866,R_75,52807.4295,1,1.0616999999983818,BACKFILL_AUTO
2026-07-11 21:37:48,1783805868,R_75,52809.9556,1,2.5261000000027707,BACKFILL_AUTO
2026-07-11 21:37:50,1783805870,R_75,52809.4361,-1,0.5195000000021537,BACKFILL_AUTO
2026-07-11 21:37:52,1783805872,R_75,52828.283,1,18.846900000004098,BACKFILL_AUTO
2026-07-11 21:37:54,1783805874,R_75,52835.9988,1,7.715799999998126,BACKFILL_AUTO
2026-07-11 21:37:56,1783805876,R_75,52832.8085,-1,3.1903000000020256,BACKFILL_AUTO
2026-07-11 21:37:58,1783805878,R_75,52835.1698,1,2.361300000004121,BACKFILL_AUTO
2026-07-11 21:38:00,1783805880,R_75,52827.0508,-1,8.119000000006054,BACKFILL_AUTO
2026-07-11 21:38:02,1783805882,R_75,52849.2593,1,22.20850000000064,BACKFILL_AUTO
2026-07-11 21:38:04,1783805884,R_75,52860.8731,1,11.613799999999173,BACKFILL_AUTO
2026-07-11 21:38:06,1783805886,R_75,52864.1037,1,3.230600000002596,BACKFILL_AUTO
2026-07-11 21:38:08,1783805888,R_75,52855.9564,-1,8.147299999996903,BACKFILL_AUTO
2026-07-11 21:38:10,1783805890,R_75,52838.4346,-1,17.52180000000226,BACKFILL_AUTO
2026-07-11 21:38:12,1783805892,R_75,52827.9393,-1,10.495300000002317,BACKFILL_AUTO
2026-07-11 21:38:14,1783805894,R_75,52831.605,1,3.6657000000050175,BACKFILL_AUTO
2026-07-11 21:38:16,1783805896,R_75,52817.8961,-1,13.708900000005087,BACKFILL_AUTO
2026-07-11 21:38:18,1783805898,R_75,52816.792,-1,1.1040999999968335,BACKFILL_AUTO
2026-07-11 21:38:20,1783805900,R_75,52827.21,1,10.417999999997846,BACKFILL_AUTO
2026-07-11 21:38:22,1783805902,R_75,52829.7432,1,2.5331999999980326,BACKFILL_AUTO
2026-07-11 21:38:24,1783805904,R_75,52845.427,1,15.683800000006158,BACKFILL_AUTO
2026-07-11 21:38:26,1783805906,R_75,52841.6427,-1,3.784300000006624,BACKFILL_AUTO
2026-07-11 21:38:28,1783805908,R_75,52869.5077,1,27.86500000000524,BACKFILL_AUTO
2026-07-11 21:38:30,1783805910,R_75,52869.7887,1,0.2809999999954016,BACKFILL_AUTO
2026-07-11 21:38:32,1783805912,R_75,52877.3638,1,7.575100000001839,BACKFILL_AUTO
2026-07-11 21:38:34,1783805914,R_75,52889.0158,1,11.652000000001863,BACKFILL_AUTO
2026-07-11 21:38:36,1783805916,R_75,52877.6593,-1,11.356500000001688,BACKFILL_AUTO
2026-07-11 21:38:38,1783805918,R_75,52872.5747,-1,5.084600000001956,BACKFILL_AUTO
2026-07-11 21:38:40,1783805920,R_75,52872.928,1,0.3533000000024913,BACKFILL_AUTO
2026-07-11 21:38:42,1783805922,R_75,52876.6717,1,3.7436999999990803,BACKFILL_AUTO
2026-07-11 21:38:44,1783805924,R_75,52868.175,-1,8.496699999996054,BACKFILL_AUTO
2026-07-11 21:38:46,1783805926,R_75,52869.8262,1,1.6512000000002445,BACKFILL_AUTO
2026-07-11 21:38:48,1783805928,R_75,52869.1589,-1,0.6673000000009779,BACKFILL_AUTO
2026-07-11 21:38:50,1783805930,R_75,52870.2212,1,1.0622999999977765,BACKFILL_AUTO
2026-07-11 21:38:52,1783805932,R_75,52871.281,1,1.0598000000027241,BACKFILL_AUTO
2026-07-11 21:38:54,1783805934,R_75,52871.2488,-1,0.03220000000146683,BACKFILL_AUTO
2026-07-11 21:38:56,1783805936,R_75,52883.6347,1,12.38590000000113,BACKFILL_AUTO
2026-07-11 21:38:58,1783805938,R_75,52867.0245,-1,16.610200000002806,BACKFILL_AUTO
2026-07-11 21:39:00,1783805940,R_75,52859.6786,-1,7.345900000000256,BACKFILL_AUTO
2026-07-11 21:39:02,1783805942,R_75,52870.8313,1,11.152699999998731,BACKFILL_AUTO
2026-07-11 21:39:04,1783805944,R_75,52867.8456,-1,2.9856999999974505,BACKFILL_AUTO
2026-07-11 21:39:06,1783805946,R_75,52874.5058,1,6.66019999999844,BACKFILL_AUTO
2026-07-11 21:39:08,1783805948,R_75,52870.3624,-1,4.143400000000838,BACKFILL_AUTO
2026-07-11 21:39:10,1783805950,R_75,52878.3736,1,8.011200000000827,BACKFILL_AUTO
2026-07-11 21:39:12,1783805952,R_75,52877.9227,-1,0.4508999999961816,BACKFILL_AUTO
2026-07-11 21:39:14,1783805954,R_75,52861.7876,-1,16.13509999999951,BACKFILL_AUTO
2026-07-11 21:39:16,1783805956,R_75,52868.9618,1,7.174199999994016,BACKFILL_AUTO
2026-07-11 21:39:18,1783805958,R_75,52864.1742,-1,4.787599999996019,BACKFILL_AUTO
2026-07-11 21:39:20,1783805960,R_75,52857.7846,-1,6.389600000002247,BACKFILL_AUTO
2026-07-11 21:39:22,1783805962,R_75,52862.7077,1,4.923099999999977,BACKFILL_AUTO
2026-07-11 21:39:24,1783805964,R_75,52856.8229,-1,5.884799999999814,BACKFILL_AUTO
2026-07-11 21:39:26,1783805966,R_75,52867.7835,1,10.960599999998522,BACKFILL_AUTO
2026-07-11 21:39:28,1783805968,R_75,52875.2463,1,7.4628000000011525,BACKFILL_AUTO
2026-07-11 21:39:30,1783805970,R_75,52878.4754,1,3.2291000000041095,BACKFILL_AUTO
2026-07-11 21:39:32,1783805972,R_75,52884.469,1,5.993599999994331,BACKFILL_AUTO
2026-07-11 21:39:34,1783805974,R_75,52882.4348,-1,2.0341999999945983,BACKFILL_AUTO
2026-07-11 21:39:36,1783805976,R_75,52859.8971,-1,22.53770000000077,BACKFILL_AUTO
2026-07-11 21:39:38,1783805978,R_75,52865.0709,1,5.173799999996845,BACKFILL_AUTO
2026-07-11 21:39:40,1783805980,R_75,52867.8116,1,2.740700000002107,BACKFILL_AUTO
2026-07-11 21:39:42,1783805982,R_75,52857.3136,-1,10.497999999999593,BACKFILL_AUTO
2026-07-11 21:39:44,1783805984,R_75,52853.7646,-1,3.5489999999990687,BACKFILL_AUTO
2026-07-11 21:39:46,1783805986,R_75,52853.5144,-1,0.25020000000222353,BACKFILL_AUTO
2026-07-11 21:39:48,1783805988,R_75,52862.4517,1,8.937299999997776,BACKFILL_AUTO
2026-07-11 21:39:50,1783805990,R_75,52863.1475,1,0.6958000000013271,BACKFILL_AUTO
2026-07-11 21:39:52,1783805992,R_75,52855.2949,-1,7.852599999998347,BACKFILL_AUTO
2026-07-11 21:39:54,1783805994,R_75,52853.9724,-1,1.3225000000020373,BACKFILL_AUTO
2026-07-11 21:39:56,1783805996,R_75,52848.3409,-1,5.631499999995867,BACKFILL_AUTO
2026-07-11 21:39:58,1783805998,R_75,52839.2067,-1,9.134200000000419,BACKFILL_AUTO
2026-07-11 21:40:00,1783806000,R_75,52844.7518,1,5.545099999995728,BACKFILL_AUTO
2026-07-11 21:40:02,1783806002,R_75,52847.3192,1,2.567399999999907,BACKFILL_AUTO
2026-07-11 21:40:04,1783806004,R_75,52851.6385,1,4.3193000000028405,BACKFILL_AUTO
2026-07-11 21:40:06,1783806006,R_75,52845.6716,-1,5.966899999999441,BACKFILL_AUTO
2026-07-11 21:40:08,1783806008,R_75,52832.1654,-1,13.506200000003446,BACKFILL_AUTO
2026-07-11 21:40:10,1783806010,R_75,52834.7255,1,2.5601000000024214,BACKFILL_AUTO
2026-07-11 21:40:12,1783806012,R_75,52826.7344,-1,7.991099999999278,BACKFILL_AUTO
2026-07-11 21:40:14,1783806014,R_75,52813.5601,-1,13.174299999998766,BACKFILL_AUTO
2026-07-11 21:40:16,1783806016,R_75,52808.5993,-1,4.960800000000745,BACKFILL_AUTO
2026-07-11 21:40:18,1783806018,R_75,52819.8094,1,11.2100999999966,BACKFILL_AUTO
2026-07-11 21:40:20,1783806020,R_75,52814.5853,-1,5.224099999999453,BACKFILL_AUTO
2026-07-11 21:40:22,1783806022,R_75,52813.2035,-1,1.3817999999955646,BACKFILL_AUTO
2026-07-11 21:40:24,1783806024,R_75,52811.2286,-1,1.974900000001071,BACKFILL_AUTO
2026-07-11 21:40:26,1783806026,R_75,52811.63,1,0.40139999999519205,BACKFILL_AUTO
2026-07-11 21:40:28,1783806028,R_75,52822.069,1,10.439000000005763,BACKFILL_AUTO
2026-07-11 21:40:30,1783806030,R_75,52828.131,1,6.061999999998079,BACKFILL_AUTO
2026-07-11 21:40:32,1783806032,R_75,52820.1754,-1,7.955600000001141,BACKFILL_AUTO
2026-07-11 21:40:34,1783806034,R_75,52817.9778,-1,2.197599999999511,BACKFILL_AUTO
2026-07-11 21:40:36,1783806036,R_75,52805.1831,-1,12.794699999998556,BACKFILL_AUTO
2026-07-11 21:40:38,1783806038,R_75,52809.0808,1,3.8977000000013504,BACKFILL_AUTO
2026-07-11 21:40:40,1783806040,R_75,52811.2873,1,2.206500000000233,BACKFILL_AUTO
2026-07-11 21:40:42,1783806042,R_75,52827.2297,1,15.942399999999907,BACKFILL_AUTO
2026-07-11 21:40:44,1783806044,R_75,52818.838,-1,8.391700000000128,BACKFILL_AUTO
2026-07-11 21:40:46,1783806046,R_75,52819.538,1,0.6999999999970896,BACKFILL_AUTO
2026-07-11 21:40:48,1783806048,R_75,52819.1669,-1,0.37110000000393484,BACKFILL_AUTO
2026-07-11 21:40:50,1783806050,R_75,52801.418,-1,17.748899999998685,BACKFILL_AUTO
2026-07-11 21:40:52,1783806052,R_75,52775.403,-1,26.014999999999418,BACKFILL_AUTO
2026-07-11 21:40:54,1783806054,R_75,52756.6209,-1,18.782099999996717,BACKFILL_AUTO
2026-07-11 21:40:56,1783806056,R_75,52751.1395,-1,5.481400000004214,BACKFILL_AUTO
2026-07-11 21:40:58,1783806058,R_75,52753.8873,1,2.747800000004645,BACKFILL_AUTO
2026-07-11 21:41:00,1783806060,R_75,52759.8177,1,5.930399999997462,BACKFILL_AUTO
2026-07-11 21:41:02,1783806062,R_75,52760.977,1,1.159299999999348,BACKFILL_AUTO
2026-07-11 21:41:04,1783806064,R_75,52762.8015,1,1.8245000000024447,BACKFILL_AUTO
2026-07-11 21:41:06,1783806066,R_75,52744.9397,-1,17.861799999998766,BACKFILL_AUTO
2026-07-11 21:41:08,1783806068,R_75,52784.0492,1,39.10949999999866,BACKFILL_AUTO
2026-07-11 21:41:10,1783806070,R_75,52787.7439,1,3.6947000000000116,BACKFILL_AUTO
2026-07-11 21:41:12,1783806072,R_75,52789.5271,1,1.7831999999980326,BACKFILL_AUTO
2026-07-11 21:41:14,1783806074,R_75,52799.632,1,10.104899999998452,BACKFILL_AUTO
2026-07-11 21:41:16,1783806076,R_75,52790.9087,-1,8.723299999997835,BACKFILL_AUTO
2026-07-11 21:41:18,1783806078,R_75,52785.766,-1,5.142699999996694,BACKFILL_AUTO
2026-07-11 21:41:20,1783806080,R_75,52762.001,-1,23.765000000006694,BACKFILL_AUTO
2026-07-11 21:41:22,1783806082,R_75,52751.5218,-1,10.479199999994307,BACKFILL_AUTO
2026-07-11 21:41:24,1783806084,R_75,52763.6415,1,12.119699999995646,BACKFILL_AUTO
2026-07-11 21:41:26,1783806086,R_75,52777.2992,1,13.657700000003388,BACKFILL_AUTO
2026-07-11 21:41:28,1783806088,R_75,52766.5282,-1,10.77100000000064,BACKFILL_AUTO
2026-07-11 21:41:30,1783806090,R_75,52767.4636,1,0.9354000000021188,BACKFILL_AUTO
2026-07-11 21:41:32,1783806092,R_75,52771.6753,1,4.211699999999837,BACKFILL_AUTO
2026-07-11 21:41:34,1783806094,R_75,52753.6308,-1,18.04450000000361,BACKFILL_AUTO
2026-07-11 21:41:36,1783806096,R_75,52770.7772,1,17.14639999999781,BACKFILL_AUTO
2026-07-11 21:41:38,1783806098,R_75,52767.547,-1,3.230199999998149,BACKFILL_AUTO
2026-07-11 21:41:40,1783806100,R_75,52763.2599,-1,4.287100000001374,BACKFILL_AUTO
2026-07-11 21:41:42,1783806102,R_75,52750.7697,-1,12.490200000000186,BACKFILL_AUTO
2026-07-11 21:41:44,1783806104,R_75,52760.3608,1,9.591100000005099,BACKFILL_AUTO
2026-07-11 21:41:46,1783806106,R_75,52744.399,-1,15.961800000004587,BACKFILL_AUTO
2026-07-11 21:41:48,1783806108,R_75,52733.8834,-1,10.515599999998813,BACKFILL_AUTO
2026-07-11 21:41:50,1783806110,R_75,52725.9498,-1,7.933599999996659,BACKFILL_AUTO
2026-07-11 21:41:52,1783806112,R_75,52712.865,-1,13.08480000000418,BACKFILL_AUTO
2026-07-11 21:41:54,1783806114,R_75,52717.8074,1,4.942399999999907,BACKFILL_AUTO
2026-07-11 21:41:56,1783806116,R_75,52734.7059,1,16.89850000000297,BACKFILL_AUTO
2026-07-11 21:41:58,1783806118,R_75,52730.0493,-1,4.656600000002072,BACKFILL_AUTO
2026-07-11 21:42:00,1783806120,R_75,52744.7651,1,14.715799999998126,BACKFILL_AUTO
2026-07-11 21:42:02,1783806122,R_75,52734.6472,-1,10.117899999997462,BACKFILL_AUTO
2026-07-11 21:42:04,1783806124,R_75,52727.8919,-1,6.755299999997078,BACKFILL_AUTO
2026-07-11 21:42:06,1783806126,R_75,52730.8062,1,2.9142999999967287,BACKFILL_AUTO
2026-07-11 21:42:08,1783806128,R_75,52721.1949,-1,9.611299999996845,BACKFILL_AUTO
2026-07-11 21:42:10,1783806130,R_75,52707.9934,-1,13.201500000002852,BACKFILL_AUTO
2026-07-11 21:42:12,1783806132,R_75,52712.267,1,4.273600000000442,BACKFILL_AUTO
2026-07-11 21:42:14,1783806134,R_75,52712.8829,1,0.6158999999970547,BACKFILL_AUTO
2026-07-11 21:42:16,1783806136,R_75,52717.2335,1,4.350600000005215,BACKFILL_AUTO
2026-07-11 21:42:18,1783806138,R_75,52722.37,1,5.136500000000524,BACKFILL_AUTO
2026-07-11 21:42:20,1783806140,R_75,52727.3431,1,4.973099999995611,BACKFILL_AUTO
2026-07-11 21:42:22,1783806142,R_75,52723.0584,-1,4.284699999996519,BACKFILL_AUTO
2026-07-11 21:42:24,1783806144,R_75,52736.3071,1,13.248699999996461,BACKFILL_AUTO
2026-07-11 21:42:26,1783806146,R_75,52724.859,-1,11.448100000001432,BACKFILL_AUTO
2026-07-11 21:42:28,1783806148,R_75,52709.4472,-1,15.4117999999944,BACKFILL_AUTO
2026-07-11 21:42:30,1783806150,R_75,52702.7375,-1,6.70969999999943,BACKFILL_AUTO
2026-07-11 21:42:32,1783806152,R_75,52706.2388,1,3.501299999996263,BACKFILL_AUTO
2026-07-11 21:42:34,1783806154,R_75,52704.8205,-1,1.4182999999975436,BACKFILL_AUTO
2026-07-11 21:42:36,1783806156,R_75,52710.6585,1,5.8379999999961,BACKFILL_AUTO
2026-07-11 21:42:38,1783806158,R_75,52720.8765,1,10.218000000000757,BACKFILL_AUTO
2026-07-11 21:42:40,1783806160,R_75,52718.9529,-1,1.9236000000018976,BACKFILL_AUTO
2026-07-11 21:42:42,1783806162,R_75,52731.4436,1,12.490700000002107,BACKFILL_AUTO
2026-07-11 21:42:44,1783806164,R_75,52731.9998,1,0.5561999999990803,BACKFILL_AUTO
2026-07-11 21:42:46,1783806166,R_75,52746.8614,1,14.861600000003818,BACKFILL_AUTO
2026-07-11 21:42:48,1783806168,R_75,52743.864,-1,2.997400000000198,BACKFILL_AUTO
2026-07-11 21:42:50,1783806170,R_75,52738.4624,-1,5.4016000000046915,BACKFILL_AUTO
2026-07-11 21:42:52,1783806172,R_75,52713.8098,-1,24.65259999999398,BACKFILL_AUTO
2026-07-11 21:42:54,1783806174,R_75,52736.6445,1,22.83469999999943,BACKFILL_AUTO
2026-07-11 21:42:56,1783806176,R_75,52741.8975,1,5.252999999996973,BACKFILL_AUTO
2026-07-11 21:42:58,1783806178,R_75,52719.1902,-1,22.70730000000185,BACKFILL_AUTO
2026-07-11 21:43:00,1783806180,R_75,52699.5083,-1,19.68189999999595,BACKFILL_AUTO
2026-07-11 21:43:02,1783806182,R_75,52703.4851,1,3.9767999999967287,BACKFILL_AUTO
2026-07-11 21:43:04,1783806184,R_75,52702.8366,-1,0.6484999999956926,BACKFILL_AUTO
2026-07-11 21:43:06,1783806186,R_75,52693.8629,-1,8.973700000002282,BACKFILL_AUTO
2026-07-11 21:43:08,1783806188,R_75,52693.3477,-1,0.5152000000016415,BACKFILL_AUTO
2026-07-11 21:43:10,1783806190,R_75,52678.0859,-1,15.261800000000221,BACKFILL_AUTO
2026-07-11 21:43:12,1783806192,R_75,52659.7665,-1,18.319400000000314,BACKFILL_AUTO
2026-07-11 21:43:14,1783806194,R_75,52662.0974,1,2.330900000000838,BACKFILL_AUTO
2026-07-11 21:43:16,1783806196,R_75,52673.3731,1,11.275699999998324,BACKFILL_AUTO
2026-07-11 21:43:18,1783806198,R_75,52686.2463,1,12.873200000001816,BACKFILL_AUTO
2026-07-11 21:43:20,1783806200,R_75,52693.3937,1,7.147400000001653,BACKFILL_AUTO
2026-07-11 21:43:22,1783806202,R_75,52688.7296,-1,4.664100000001781,BACKFILL_AUTO
2026-07-11 21:43:24,1783806204,R_75,52693.9407,1,5.211100000000442,BACKFILL_AUTO
2026-07-11 21:43:26,1783806206,R_75,52693.4964,-1,0.4442999999955646,BACKFILL_AUTO
2026-07-11 21:43:28,1783806208,R_75,52695.9991,1,2.502699999997276,BACKFILL_AUTO
2026-07-11 21:43:30,1783806210,R_75,52689.4986,-1,6.500500000001921,BACKFILL_AUTO
2026-07-11 21:43:32,1783806212,R_75,52685.4573,-1,4.041299999997136,BACKFILL_AUTO
2026-07-11 21:43:34,1783806214,R_75,52692.0515,1,6.594199999999546,BACKFILL_AUTO
2026-07-11 21:43:36,1783806216,R_75,52699.8314,1,7.779900000001362,BACKFILL_AUTO
2026-07-11 21:43:38,1783806218,R_75,52722.637,1,22.805599999999686,BACKFILL_AUTO
2026-07-11 21:43:40,1783806220,R_75,52715.8777,-1,6.759300000005169,BACKFILL_AUTO
2026-07-11 21:43:42,1783806222,R_75,52735.022,1,19.14429999999993,BACKFILL_AUTO
2026-07-11 21:43:44,1783806224,R_75,52733.304,-1,1.7180000000007567,BACKFILL_AUTO
2026-07-11 21:43:46,1783806226,R_75,52744.4012,1,11.097200000003795,BACKFILL_AUTO
2026-07-11 21:43:48,1783806228,R_75,52759.4103,1,15.009100000002945,BACKFILL_AUTO
2026-07-11 21:43:50,1783806230,R_75,52765.694,1,6.283699999999953,BACKFILL_AUTO
2026-07-11 21:43:52,1783806232,R_75,52752.5075,-1,13.186500000003434,BACKFILL_AUTO
2026-07-11 21:43:54,1783806234,R_75,52764.0647,1,11.557200000002922,BACKFILL_AUTO
2026-07-11 21:43:56,1783806236,R_75,52765.9038,1,1.8390999999974156,BACKFILL_AUTO
2026-07-11 21:43:58,1783806238,R_75,52762.2827,-1,3.621099999996659,BACKFILL_AUTO
2026-07-11 21:44:00,1783806240,R_75,52764.4729,1,2.190199999997276,BACKFILL_AUTO
2026-07-11 21:44:02,1783806242,R_75,52777.8485,1,13.375599999999395,BACKFILL_AUTO
2026-07-11 21:44:04,1783806244,R_75,52782.9809,1,5.132400000002235,BACKFILL_AUTO
2026-07-11 21:44:06,1783806246,R_75,52793.6161,1,10.635199999996985,BACKFILL_AUTO
2026-07-11 21:44:08,1783806248,R_75,52805.0202,1,11.404099999999744,BACKFILL_AUTO
2026-07-11 21:44:10,1783806250,R_75,52808.8095,1,3.7893000000040047,BACKFILL_AUTO
2026-07-11 21:44:12,1783806252,R_75,52806.7827,-1,2.026799999999639,BACKFILL_AUTO
2026-07-11 21:44:14,1783806254,R_75,52811.1957,1,4.41299999999319,BACKFILL_AUTO
2026-07-11 21:44:16,1783806256,R_75,52808.6263,-1,2.5693999999930384,BACKFILL_AUTO
2026-07-11 21:44:18,1783806258,R_75,52817.1749,1,8.548599999994622,BACKFILL_AUTO
2026-07-11 21:44:20,1783806260,R_75,52811.8681,-1,5.306799999998475,BACKFILL_AUTO
2026-07-11 21:44:22,1783806262,R_75,52807.4418,-1,4.4262999999991735,BACKFILL_AUTO
2026-07-11 21:44:24,1783806264,R_75,52799.3008,-1,8.14100000000326,BACKFILL_AUTO
2026-07-11 21:44:26,1783806266,R_75,52793.1856,-1,6.115200000000186,BACKFILL_AUTO
2026-07-11 21:44:28,1783806268,R_75,52798.4984,1,5.312799999999697,BACKFILL_AUTO
2026-07-11 21:44:30,1783806270,R_75,52781.7733,-1,16.72509999999602,BACKFILL_AUTO
2026-07-11 21:44:32,1783806272,R_75,52787.7007,1,5.927400000000489,BACKFILL_AUTO
2026-07-11 21:44:34,1783806274,R_75,52773.1066,-1,14.594100000002072,BACKFILL_AUTO
2026-07-11 21:44:36,1783806276,R_75,52781.6557,1,8.549100000003818,BACKFILL_AUTO
2026-07-11 21:44:38,1783806278,R_75,52771.9886,-1,9.66710000000603,BACKFILL_AUTO
2026-07-11 21:44:40,1783806280,R_75,52772.3526,1,0.364000000001397,BACKFILL_AUTO
2026-07-11 21:44:42,1783806282,R_75,52783.2031,1,10.850500000000466,BACKFILL_AUTO
2026-07-11 21:44:44,1783806284,R_75,52781.2789,-1,1.9242000000012922,BACKFILL_AUTO
2026-07-11 21:44:46,1783806286,R_75,52793.7993,1,12.520400000001246,BACKFILL_AUTO
2026-07-11 21:44:48,1783806288,R_75,52794.646,1,0.8467000000018743,BACKFILL_AUTO
2026-07-11 21:44:50,1783806290,R_75,52782.8351,-1,11.81090000000404,BACKFILL_AUTO
2026-07-11 21:44:52,1783806292,R_75,52781.2324,-1,1.6026999999958207,BACKFILL_AUTO
2026-07-11 21:44:54,1783806294,R_75,52788.0537,1,6.821299999995972,BACKFILL_AUTO
2026-07-11 21:44:56,1783806296,R_75,52783.2684,-1,4.785299999995914,BACKFILL_AUTO
2026-07-11 21:44:58,1783806298,R_75,52792.0664,1,8.798000000002503,BACKFILL_AUTO
2026-07-11 21:45:00,1783806300,R_75,52803.3891,1,11.322699999996985,BACKFILL_AUTO
2026-07-11 21:45:02,1783806302,R_75,52802.7058,-1,0.6832999999969616,BACKFILL_AUTO
2026-07-11 21:45:04,1783806304,R_75,52806.2808,1,3.5749999999970896,BACKFILL_AUTO
2026-07-11 21:45:06,1783806306,R_75,52796.4127,-1,9.868099999999686,BACKFILL_AUTO
2026-07-11 21:45:08,1783806308,R_75,52802.5098,1,6.097099999999045,BACKFILL_AUTO
2026-07-11 21:45:10,1783806310,R_75,52795.6417,-1,6.868099999999686,BACKFILL_AUTO
2026-07-11 21:45:12,1783806312,R_75,52806.8977,1,11.256000000001222,BACKFILL_AUTO
2026-07-11 21:45:14,1783806314,R_75,52809.8677,1,2.970000000001164,BACKFILL_AUTO
2026-07-11 21:45:16,1783806316,R_75,52791.6382,-1,18.22950000000128,BACKFILL_AUTO
2026-07-11 21:45:18,1783806318,R_75,52796.02,1,4.381799999995565,BACKFILL_AUTO
2026-07-11 21:45:20,1783806320,R_75,52798.3802,1,2.3602000000028056,BACKFILL_AUTO
2026-07-11 21:45:22,1783806322,R_75,52808.8125,1,10.432300000000396,BACKFILL_AUTO
2026-07-11 21:45:24,1783806324,R_75,52801.7729,-1,7.039599999996426,BACKFILL_AUTO
2026-07-11 21:45:26,1783806326,R_75,52802.4748,1,0.7019000000000233,BACKFILL_AUTO
2026-07-11 21:45:28,1783806328,R_75,52790.1926,-1,12.282200000001467,BACKFILL_AUTO
2026-07-11 21:45:30,1783806330,R_75,52775.4888,-1,14.703800000002957,BACKFILL_AUTO
2026-07-11 21:45:32,1783806332,R_75,52780.1912,1,4.702400000001944,BACKFILL_AUTO
2026-07-11 21:45:34,1783806334,R_75,52791.0401,1,10.84889999999723,BACKFILL_AUTO
2026-07-11 21:45:36,1783806336,R_75,52786.2116,-1,4.828499999995984,BACKFILL_AUTO
2026-07-11 21:45:38,1783806338,R_75,52797.9277,1,11.716099999997823,BACKFILL_AUTO
2026-07-11 21:45:40,1783806340,R_75,52793.8839,-1,4.0437999999994645,BACKFILL_AUTO
2026-07-11 21:45:42,1783806342,R_75,52783.0409,-1,10.843000000000757,BACKFILL_AUTO
2026-07-11 21:45:44,1783806344,R_75,52786.2795,1,3.23859999999695,BACKFILL_AUTO
2026-07-11 21:45:46,1783806346,R_75,52787.4417,1,1.1622000000061234,BACKFILL_AUTO
2026-07-11 21:45:48,1783806348,R_75,52792.3411,1,4.899399999994785,BACKFILL_AUTO
2026-07-11 21:45:50,1783806350,R_75,52802.2565,1,9.91540000000532,BACKFILL_AUTO
2026-07-11 21:45:52,1783806352,R_75,52806.0734,1,3.816899999997986,BACKFILL_AUTO
2026-07-11 21:45:54,1783806354,R_75,52824.4096,1,18.336199999997916,BACKFILL_AUTO
2026-07-11 21:45:56,1783806356,R_75,52831.1122,1,6.702600000004168,BACKFILL_AUTO
2026-07-11 21:45:58,1783806358,R_75,52816.5018,-1,14.61040000000503,BACKFILL_AUTO
2026-07-11 21:46:00,1783806360,R_75,52814.5011,-1,2.0006999999968684,BACKFILL_AUTO
2026-07-11 21:46:02,1783806362,R_75,52809.1693,-1,5.33179999999993,BACKFILL_AUTO
2026-07-11 21:46:04,1783806364,R_75,52799.5683,-1,9.601000000002387,BACKFILL_AUTO
2026-07-11 21:46:06,1783806366,R_75,52807.3602,1,7.791900000003807,BACKFILL_AUTO
2026-07-11 21:46:08,1783806368,R_75,52802.6233,-1,4.736900000003516,BACKFILL_AUTO
2026-07-11 21:46:10,1783806370,R_75,52810.7412,1,8.117899999997462,BACKFILL_AUTO
2026-07-11 21:46:12,1783806372,R_75,52812.7809,1,2.039700000001176,BACKFILL_AUTO
2026-07-11 21:46:14,1783806374,R_75,52801.5164,-1,11.264499999997497,BACKFILL_AUTO
2026-07-11 21:46:16,1783806376,R_75,52810.6165,1,9.100099999996019,BACKFILL_AUTO
2026-07-11 21:46:18,1783806378,R_75,52812.3443,1,1.7278000000005704,BACKFILL_AUTO
2026-07-11 21:46:20,1783806380,R_75,52814.6122,1,2.2679000000061933,BACKFILL_AUTO
2026-07-11 21:46:22,1783806382,R_75,52813.8819,-1,0.7303000000028987,BACKFILL_AUTO
2026-07-11 21:46:24,1783806384,R_75,52809.6805,-1,4.201399999998102,BACKFILL_AUTO
2026-07-11 21:46:26,1783806386,R_75,52797.3103,-1,12.370200000004843,BACKFILL_AUTO
2026-07-11 21:46:28,1783806388,R_75,52801.0497,1,3.739400000005844,BACKFILL_AUTO
2026-07-11 21:46:30,1783806390,R_75,52799.6533,-1,1.3964000000050873,BACKFILL_AUTO
2026-07-11 21:46:32,1783806392,R_75,52802.6751,1,3.0218000000022585,BACKFILL_AUTO
2026-07-11 21:46:34,1783806394,R_75,52798.2819,-1,4.393199999998615,BACKFILL_AUTO
2026-07-11 21:46:36,1783806396,R_75,52794.7471,-1,3.534800000001269,BACKFILL_AUTO
2026-07-11 21:46:38,1783806398,R_75,52784.4223,-1,10.324800000002142,BACKFILL_AUTO
2026-07-11 21:46:40,1783806400,R_75,52784.3849,-1,0.03740000000107102,BACKFILL_AUTO
2026-07-11 21:46:42,1783806402,R_75,52798.4363,1,14.051400000003923,BACKFILL_AUTO
2026-07-11 21:46:44,1783806404,R_75,52801.2865,1,2.8502000000007683,BACKFILL_AUTO
2026-07-11 21:46:46,1783806406,R_75,52807.1748,1,5.888299999998708,BACKFILL_AUTO
2026-07-11 21:46:48,1783806408,R_75,52817.2345,1,10.059699999997974,BACKFILL_AUTO
2026-07-11 21:46:50,1783806410,R_75,52823.1493,1,5.91479999999865,BACKFILL_AUTO
2026-07-11 21:46:52,1783806412,R_75,52821.6729,-1,1.4763999999995576,BACKFILL_AUTO
2026-07-11 21:46:54,1783806414,R_75,52828.4436,1,6.770700000000943,BACKFILL_AUTO
2026-07-11 21:46:56,1783806416,R_75,52835.3473,1,6.903700000002573,BACKFILL_AUTO
2026-07-11 21:46:58,1783806418,R_75,52828.889,-1,6.458299999998417,BACKFILL_AUTO
2026-07-11 21:47:00,1783806420,R_75,52816.0118,-1,12.877200000002631,BACKFILL_AUTO
2026-07-11 21:47:02,1783806422,R_75,52803.5468,-1,12.465000000003783,BACKFILL_AUTO
2026-07-11 21:47:04,1783806424,R_75,52798.871,-1,4.675799999997253,BACKFILL_AUTO
2026-07-11 21:47:06,1783806426,R_75,52804.2164,1,5.345399999998335,BACKFILL_AUTO
2026-07-11 21:47:08,1783806428,R_75,52816.8138,1,12.597400000006019,BACKFILL_AUTO
2026-07-11 21:47:10,1783806430,R_75,52821.0713,1,4.257499999999709,BACKFILL_AUTO
2026-07-11 21:47:12,1783806432,R_75,52802.4921,-1,18.579200000000128,BACKFILL_AUTO
2026-07-11 21:47:14,1783806434,R_75,52811.859,1,9.36689999999362,BACKFILL_AUTO
2026-07-11 21:47:16,1783806436,R_75,52821.4892,1,9.63020000000688,BACKFILL_AUTO
2026-07-11 21:47:18,1783806438,R_75,52801.5623,-1,19.926900000005844,BACKFILL_AUTO
2026-07-11 21:47:20,1783806440,R_75,52799.7761,-1,1.7861999999950058,BACKFILL_AUTO
2026-07-11 21:47:22,1783806442,R_75,52799.2023,-1,0.5738000000055763,BACKFILL_AUTO
2026-07-11 21:47:24,1783806444,R_75,52804.1063,1,4.90400000000227,BACKFILL_AUTO
2026-07-11 21:47:26,1783806446,R_75,52809.9549,1,5.848599999997532,BACKFILL_AUTO
2026-07-11 21:47:28,1783806448,R_75,52825.4206,1,15.465700000000652,BACKFILL_AUTO
2026-07-11 21:47:30,1783806450,R_75,52821.2451,-1,4.175499999997555,BACKFILL_AUTO
2026-07-11 21:47:32,1783806452,R_75,52840.1139,1,18.868799999996554,BACKFILL_AUTO
2026-07-11 21:47:34,1783806454,R_75,52854.8044,1,14.69050000000425,BACKFILL_AUTO
2026-07-11 21:47:36,1783806456,R_75,52868.7273,1,13.922899999997753,BACKFILL_AUTO
2026-07-11 21:47:38,1783806458,R_75,52864.3732,-1,4.3540999999968335,BACKFILL_AUTO
2026-07-11 21:47:40,1783806460,R_75,52866.1231,1,1.7498999999952503,BACKFILL_AUTO
2026-07-11 21:47:42,1783806462,R_75,52862.1306,-1,3.992500000000291,BACKFILL_AUTO
2026-07-11 21:47:44,1783806464,R_75,52866.8704,1,4.739800000003015,BACKFILL_AUTO
2026-07-11 21:47:46,1783806466,R_75,52875.0652,1,8.194799999997485,BACKFILL_AUTO
2026-07-11 21:47:48,1783806468,R_75,52882.379,1,7.313800000003539,BACKFILL_AUTO
2026-07-11 21:47:50,1783806470,R_75,52873.1892,-1,9.189800000000105,BACKFILL_AUTO
2026-07-11 21:47:52,1783806472,R_75,52846.7975,-1,26.391700000000128,BACKFILL_AUTO
2026-07-11 21:47:54,1783806474,R_75,52839.5839,-1,7.213600000002771,BACKFILL_AUTO
2026-07-11 21:47:56,1783806476,R_75,52818.1201,-1,21.46379999999772,BACKFILL_AUTO
2026-07-11 21:47:58,1783806478,R_75,52816.8911,-1,1.2289999999993597,BACKFILL_AUTO
2026-07-11 21:48:00,1783806480,R_75,52810.5766,-1,6.3145000000004075,BACKFILL_AUTO
2026-07-11 21:48:02,1783806482,R_75,52811.9626,1,1.385999999998603,BACKFILL_AUTO
2026-07-11 21:48:04,1783806484,R_75,52808.757,-1,3.205600000001141,BACKFILL_AUTO
2026-07-11 21:48:06,1783806486,R_75,52819.3262,1,10.569200000005367,BACKFILL_AUTO
2026-07-11 21:48:08,1783806488,R_75,52820.5573,1,1.231099999997241,BACKFILL_AUTO
2026-07-11 21:48:10,1783806490,R_75,52831.5015,1,10.94419999999809,BACKFILL_AUTO
2026-07-11 21:48:12,1783806492,R_75,52826.9104,-1,4.591099999997823,BACKFILL_AUTO
2026-07-11 21:48:14,1783806494,R_75,52831.6357,1,4.725299999998242,BACKFILL_AUTO
2026-07-11 21:48:16,1783806496,R_75,52822.6279,-1,9.007799999999406,BACKFILL_AUTO
2026-07-11 21:48:18,1783806498,R_75,52808.8159,-1,13.81199999999808,BACKFILL_AUTO
2026-07-11 21:48:20,1783806500,R_75,52808.4563,-1,0.35960000000341097,BACKFILL_AUTO
2026-07-11 21:48:22,1783806502,R_75,52792.3062,-1,16.15009999999893,BACKFILL_AUTO
2026-07-11 21:48:24,1783806504,R_75,52804.5648,1,12.258600000001024,BACKFILL_AUTO
2026-07-11 21:48:26,1783806506,R_75,52797.2519,-1,7.312899999997171,BACKFILL_AUTO
2026-07-11 21:48:28,1783806508,R_75,52796.363,-1,0.8889000000053784,BACKFILL_AUTO
2026-07-11 21:48:30,1783806510,R_75,52788.648,-1,7.7149999999965075,BACKFILL_AUTO
2026-07-11 21:48:32,1783806512,R_75,52785.7864,-1,2.8616000000038184,BACKFILL_AUTO
2026-07-11 21:48:34,1783806514,R_75,52798.9064,1,13.12000000000262,BACKFILL_AUTO
2026-07-11 21:48:36,1783806516,R_75,52812.1122,1,13.205800000003364,BACKFILL_AUTO
2026-07-11 21:48:38,1783806518,R_75,52815.5298,1,3.4175999999933993,BACKFILL_AUTO
2026-07-11 21:48:40,1783806520,R_75,52807.573,-1,7.95679999999993,BACKFILL_AUTO
2026-07-11 21:48:42,1783806522,R_75,52803.4376,-1,4.135399999999208,BACKFILL_AUTO
2026-07-11 21:48:44,1783806524,R_75,52811.9793,1,8.541700000001583,BACKFILL_AUTO
2026-07-11 21:48:46,1783806526,R_75,52825.24,1,13.260699999998906,BACKFILL_AUTO
2026-07-11 21:48:48,1783806528,R_75,52823.9607,-1,1.2792999999946915,BACKFILL_AUTO
2026-07-11 21:48:50,1783806530,R_75,52826.7119,1,2.7511999999987893,BACKFILL_AUTO
2026-07-11 21:48:52,1783806532,R_75,52799.268,-1,27.44390000000567,BACKFILL_AUTO
2026-07-11 21:48:54,1783806534,R_75,52790.8258,-1,8.442199999997683,BACKFILL_AUTO
2026-07-11 21:48:56,1783806536,R_75,52805.5447,1,14.718899999999849,BACKFILL_AUTO
2026-07-11 21:48:58,1783806538,R_75,52797.4807,-1,8.063999999998487,BACKFILL_AUTO
2026-07-11 21:49:00,1783806540,R_75,52787.6957,-1,9.785000000003492,BACKFILL_AUTO
2026-07-11 21:49:02,1783806542,R_75,52771.0162,-1,16.67949999999837,BACKFILL_AUTO
2026-07-11 21:49:04,1783806544,R_75,52775.3195,1,4.303299999999581,BACKFILL_AUTO
2026-07-11 21:49:06,1783806546,R_75,52778.2906,1,2.9711000000024796,BACKFILL_AUTO
2026-07-11 21:49:08,1783806548,R_75,52781.8359,1,3.545299999997951,BACKFILL_AUTO
2026-07-11 21:49:10,1783806550,R_75,52776.5499,-1,5.286000000000058,BACKFILL_AUTO
2026-07-11 21:49:12,1783806552,R_75,52771.7217,-1,4.828199999996286,BACKFILL_AUTO
2026-07-11 21:49:14,1783806554,R_75,52759.4629,-1,12.258800000003248,BACKFILL_AUTO
2026-07-11 21:49:16,1783806556,R_75,52745.6388,-1,13.824099999997998,BACKFILL_AUTO
2026-07-11 21:49:18,1783806558,R_75,52737.8452,-1,7.793599999997241,BACKFILL_AUTO
2026-07-11 21:49:20,1783806560,R_75,52730.8057,-1,7.039500000006228,BACKFILL_AUTO
2026-07-11 21:49:22,1783806562,R_75,52713.1231,-1,17.682600000000093,BACKFILL_AUTO
2026-07-11 21:49:24,1783806564,R_75,52716.927,1,3.8039000000062515,BACKFILL_AUTO
2026-07-11 21:49:26,1783806566,R_75,52712.7455,-1,4.181500000006054,BACKFILL_AUTO
2026-07-11 21:49:28,1783806568,R_75,52703.5817,-1,9.163799999994808,BACKFILL_AUTO
2026-07-11 21:49:30,1783806570,R_75,52715.6093,1,12.027599999993981,BACKFILL_AUTO
2026-07-11 21:49:32,1783806572,R_75,52710.8677,-1,4.741599999993923,BACKFILL_AUTO
2026-07-11 21:49:34,1783806574,R_75,52705.3356,-1,5.532100000003993,BACKFILL_AUTO
2026-07-11 21:49:36,1783806576,R_75,52731.0685,1,25.7329000000027,BACKFILL_AUTO
2026-07-11 21:49:38,1783806578,R_75,52716.3583,-1,14.71020000000135,BACKFILL_AUTO
2026-07-11 21:49:40,1783806580,R_75,52737.9077,1,21.549400000003516,BACKFILL_AUTO
2026-07-11 21:49:42,1783806582,R_75,52720.8684,-1,17.039300000004005,BACKFILL_AUTO
2026-07-11 21:49:44,1783806584,R_75,52716.834,-1,4.034399999996822,BACKFILL_AUTO
2026-07-11 21:49:46,1783806586,R_75,52731.1511,1,14.31710000000021,BACKFILL_AUTO
2026-07-11 21:49:48,1783806588,R_75,52718.6992,-1,12.451900000000023,BACKFILL_AUTO
2026-07-11 21:49:50,1783806590,R_75,52723.5354,1,4.836199999997916,BACKFILL_AUTO
2026-07-11 21:49:52,1783806592,R_75,52746.9277,1,23.392299999999523,BACKFILL_AUTO
2026-07-11 21:49:54,1783806594,R_75,52749.4035,1,2.475800000000163,BACKFILL_AUTO
2026-07-11 21:49:56,1783806596,R_75,52767.3929,1,17.989399999998568,BACKFILL_AUTO
2026-07-11 21:49:58,1783806598,R_75,52758.1234,-1,9.269500000002154,BACKFILL_AUTO
2026-07-11 21:50:00,1783806600,R_75,52753.5369,-1,4.5864999999976135,BACKFILL_AUTO
2026-07-11 21:50:02,1783806602,R_75,52745.2564,-1,8.280500000000757,BACKFILL_AUTO
2026-07-11 21:50:04,1783806604,R_75,52746.4639,1,1.2075000000040745,BACKFILL_AUTO
2026-07-11 21:50:06,1783806606,R_75,52732.9941,-1,13.46979999999894,BACKFILL_AUTO
2026-07-11 21:50:08,1783806608,R_75,52754.1588,1,21.1646999999939,BACKFILL_AUTO
2026-07-11 21:50:10,1783806610,R_75,52760.1942,1,6.035400000000664,BACKFILL_AUTO
2026-07-11 21:50:12,1783806612,R_75,52768.1208,1,7.926599999998871,BACKFILL_AUTO
2026-07-11 21:50:14,1783806614,R_75,52786.139,1,18.01820000000589,BACKFILL_AUTO
2026-07-11 21:50:16,1783806616,R_75,52793.0949,1,6.955899999993562,BACKFILL_AUTO
2026-07-11 21:50:18,1783806618,R_75,52792.1067,-1,0.9881999999997788,BACKFILL_AUTO
2026-07-11 21:50:20,1783806620,R_75,52789.4464,-1,2.660299999995914,BACKFILL_AUTO
2026-07-11 21:50:22,1783806622,R_75,52777.3032,-1,12.143199999998615,BACKFILL_AUTO
2026-07-11 21:50:24,1783806624,R_75,52774.2995,-1,3.0037000000011176,BACKFILL_AUTO
2026-07-11 21:50:26,1783806626,R_75,52768.2628,-1,6.036700000004203,BACKFILL_AUTO
2026-07-11 21:50:28,1783806628,R_75,52771.6604,1,3.3976000000038766,BACKFILL_AUTO
2026-07-11 21:50:30,1783806630,R_75,52778.4302,1,6.769800000001851,BACKFILL_AUTO
2026-07-11 21:50:32,1783806632,R_75,52760.1685,-1,18.261700000002747,BACKFILL_AUTO
2026-07-11 21:50:34,1783806634,R_75,52762.0337,1,1.8652000000001863,BACKFILL_AUTO
2026-07-11 21:50:36,1783806636,R_75,52761.3347,-1,0.6990000000005239,BACKFILL_AUTO
2026-07-11 21:50:38,1783806638,R_75,52759.0914,-1,2.243300000001909,BACKFILL_AUTO
2026-07-11 21:50:40,1783806640,R_75,52756.6081,-1,2.483299999999872,BACKFILL_AUTO
2026-07-11 21:50:42,1783806642,R_75,52771.1473,1,14.539199999999255,BACKFILL_AUTO
2026-07-11 21:50:44,1783806644,R_75,52763.9251,-1,7.222199999996519,BACKFILL_AUTO
2026-07-11 21:50:46,1783806646,R_75,52750.0623,-1,13.862800000002608,BACKFILL_AUTO
2026-07-11 21:50:48,1783806648,R_75,52747.1682,-1,2.8940999999977066,BACKFILL_AUTO
2026-07-11 21:50:50,1783806650,R_75,52760.8359,1,13.667699999998149,BACKFILL_AUTO
2026-07-11 21:50:52,1783806652,R_75,52760.8233,-1,0.012600000001839362,BACKFILL_AUTO
2026-07-11 21:50:54,1783806654,R_75,52754.1051,-1,6.718199999995704,BACKFILL_AUTO
2026-07-11 21:50:56,1783806656,R_75,52739.9919,-1,14.113199999999779,BACKFILL_AUTO
2026-07-11 21:50:58,1783806658,R_75,52744.8944,1,4.9024999999965075,BACKFILL_AUTO
2026-07-11 21:51:00,1783806660,R_75,52744.6109,-1,0.2834999999977299,BACKFILL_AUTO
2026-07-11 21:51:02,1783806662,R_75,52758.83,1,14.219100000002072,BACKFILL_AUTO
2026-07-11 21:51:04,1783806664,R_75,52775.7405,1,16.910499999998137,BACKFILL_AUTO
2026-07-11 21:51:06,1783806666,R_75,52779.1799,1,3.4394000000029337,BACKFILL_AUTO
2026-07-11 21:51:08,1783806668,R_75,52771.6221,-1,7.557800000002317,BACKFILL_AUTO
2026-07-11 21:51:10,1783806670,R_75,52781.3399,1,9.717799999998533,BACKFILL_AUTO
2026-07-11 21:51:12,1783806672,R_75,52793.1451,1,11.805200000002515,BACKFILL_AUTO
2026-07-11 21:51:14,1783806674,R_75,52780.1368,-1,13.008300000001327,BACKFILL_AUTO
2026-07-11 21:51:16,1783806676,R_75,52788.7063,1,8.569499999997788,BACKFILL_AUTO
2026-07-11 21:51:18,1783806678,R_75,52764.6074,-1,24.09889999999723,BACKFILL_AUTO
2026-07-11 21:51:20,1783806680,R_75,52781.961,1,17.35360000000219,BACKFILL_AUTO
2026-07-11 21:51:22,1783806682,R_75,52776.7637,-1,5.197299999999814,BACKFILL_AUTO
2026-07-11 21:51:24,1783806684,R_75,52778.2458,1,1.4820999999938067,BACKFILL_AUTO
2026-07-11 21:51:26,1783806686,R_75,52780.9199,1,2.6741000000038184,BACKFILL_AUTO
2026-07-11 21:51:28,1783806688,R_75,52785.4069,1,4.4870000000009895,BACKFILL_AUTO
2026-07-11 21:51:30,1783806690,R_75,52782.1509,-1,3.2560000000012224,BACKFILL_AUTO
2026-07-11 21:51:32,1783806692,R_75,52783.9616,1,1.810700000001816,BACKFILL_AUTO
2026-07-11 21:51:34,1783806694,R_75,52789.2877,1,5.326099999998405,BACKFILL_AUTO
2026-07-11 21:51:36,1783806696,R_75,52780.2416,-1,9.04609999999957,BACKFILL_AUTO
2026-07-11 21:51:38,1783806698,R_75,52764.9637,-1,15.277900000000955,BACKFILL_AUTO
2026-07-11 21:51:40,1783806700,R_75,52776.9428,1,11.979099999996834,BACKFILL_AUTO
2026-07-11 21:51:42,1783806702,R_75,52796.4634,1,19.52060000000347,BACKFILL_AUTO
2026-07-11 21:51:44,1783806704,R_75,52798.9543,1,2.4908999999970547,BACKFILL_AUTO
2026-07-11 21:51:46,1783806706,R_75,52813.1338,1,14.179500000005646,BACKFILL_AUTO
2026-07-11 21:51:48,1783806708,R_75,52832.7898,1,19.6559999999954,BACKFILL_AUTO
2026-07-11 21:51:50,1783806710,R_75,52839.211,1,6.421200000004319,BACKFILL_AUTO
2026-07-11 21:51:52,1783806712,R_75,52836.0075,-1,3.2035000000032596,BACKFILL_AUTO
2026-07-11 21:51:54,1783806714,R_75,52839.7656,1,3.7580999999991036,BACKFILL_AUTO
2026-07-11 21:51:56,1783806716,R_75,52844.7341,1,4.9685000000026776,BACKFILL_AUTO
2026-07-11 21:51:58,1783806718,R_75,52834.7221,-1,10.012000000002445,BACKFILL_AUTO
2026-07-11 21:52:00,1783806720,R_75,52820.0948,-1,14.627300000000105,BACKFILL_AUTO
2026-07-11 21:52:02,1783806722,R_75,52835.4966,1,15.40179999999964,BACKFILL_AUTO
2026-07-11 21:52:04,1783806724,R_75,52829.1941,-1,6.302499999997963,BACKFILL_AUTO
2026-07-11 21:52:06,1783806726,R_75,52815.9619,-1,13.232199999998556,BACKFILL_AUTO
2026-07-11 21:52:08,1783806728,R_75,52809.8263,-1,6.135600000001432,BACKFILL_AUTO
2026-07-11 21:52:10,1783806730,R_75,52791.1829,-1,18.643400000000838,BACKFILL_AUTO
2026-07-11 21:52:12,1783806732,R_75,52787.3793,-1,3.8035999999992782,BACKFILL_AUTO
2026-07-11 21:52:14,1783806734,R_75,52806.6157,1,19.236400000001595,BACKFILL_AUTO
2026-07-11 21:52:16,1783806736,R_75,52803.9082,-1,2.7075000000040745,BACKFILL_AUTO
2026-07-11 21:52:18,1783806738,R_75,52807.4006,1,3.4924000000028173,BACKFILL_AUTO
2026-07-11 21:52:20,1783806740,R_75,52810.9566,1,3.555999999996857,BACKFILL_AUTO
2026-07-11 21:52:22,1783806742,R_75,52798.5799,-1,12.37670000000071,BACKFILL_AUTO
2026-07-11 21:52:24,1783806744,R_75,52806.7127,1,8.132799999999406,BACKFILL_AUTO
2026-07-11 21:52:26,1783806746,R_75,52798.2789,-1,8.433799999998882,BACKFILL_AUTO
2026-07-11 21:52:28,1783806748,R_75,52795.4575,-1,2.8214000000007218,BACKFILL_AUTO
2026-07-11 21:52:30,1783806750,R_75,52796.319,1,0.8615000000063446,BACKFILL_AUTO
2026-07-11 21:52:32,1783806752,R_75,52807.1765,1,10.857499999998254,BACKFILL_AUTO
2026-07-11 21:52:34,1783806754,R_75,52820.8921,1,13.715599999995902,BACKFILL_AUTO
2026-07-11 21:52:36,1783806756,R_75,52819.9977,-1,0.8943999999974039,BACKFILL_AUTO
2026-07-11 21:52:38,1783806758,R_75,52824.437,1,4.439299999998184,BACKFILL_AUTO
2026-07-11 21:52:40,1783806760,R_75,52820.9305,-1,3.5064999999958673,BACKFILL_AUTO
2026-07-11 21:52:42,1783806762,R_75,52833.1845,1,12.254000000000815,BACKFILL_AUTO
2026-07-11 21:52:44,1783806764,R_75,52835.8239,1,2.6394000000000233,BACKFILL_AUTO
2026-07-11 21:52:46,1783806766,R_75,52837.2562,1,1.4323000000003958,BACKFILL_AUTO
2026-07-11 21:52:48,1783806768,R_75,52836.7872,-1,0.4690000000045984,BACKFILL_AUTO
2026-07-11 21:52:50,1783806770,R_75,52828.6996,-1,8.087599999998929,BACKFILL_AUTO
2026-07-11 21:52:52,1783806772,R_75,52822.8145,-1,5.885099999999511,BACKFILL_AUTO
2026-07-11 21:52:54,1783806774,R_75,52813.159,-1,9.655500000000757,BACKFILL_AUTO
2026-07-11 21:52:56,1783806776,R_75,52818.5849,1,5.425900000002002,BACKFILL_AUTO
2026-07-11 21:52:58,1783806778,R_75,52798.095,-1,20.48990000000049,BACKFILL_AUTO
2026-07-11 21:53:00,1783806780,R_75,52804.7297,1,6.63470000000234,BACKFILL_AUTO
2026-07-11 21:53:02,1783806782,R_75,52811.6471,1,6.917399999998452,BACKFILL_AUTO
2026-07-11 21:53:04,1783806784,R_75,52822.4075,1,10.760399999999208,BACKFILL_AUTO
2026-07-11 21:53:06,1783806786,R_75,52830.0361,1,7.628599999996368,BACKFILL_AUTO
2026-07-11 21:53:08,1783806788,R_75,52813.2487,-1,16.78740000000107,BACKFILL_AUTO
2026-07-11 21:53:10,1783806790,R_75,52798.6397,-1,14.60899999999674,BACKFILL_AUTO
2026-07-11 21:53:12,1783806792,R_75,52798.3929,-1,0.24680000000080327,BACKFILL_AUTO
2026-07-11 21:53:14,1783806794,R_75,52787.1713,-1,11.221599999997125,BACKFILL_AUTO
2026-07-11 21:53:16,1783806796,R_75,52792.3841,1,5.2128000000011525,BACKFILL_AUTO
2026-07-11 21:53:18,1783806798,R_75,52781.3648,-1,11.01929999999993,BACKFILL_AUTO
2026-07-11 21:53:20,1783806800,R_75,52783.5128,1,2.147999999993772,BACKFILL_AUTO
2026-07-11 21:53:22,1783806802,R_75,52799.057,1,15.544200000003912,BACKFILL_AUTO
2026-07-11 21:53:24,1783806804,R_75,52806.0752,1,7.018199999998615,BACKFILL_AUTO
2026-07-11 21:53:26,1783806806,R_75,52808.4966,1,2.4213999999992666,BACKFILL_AUTO
2026-07-11 21:53:28,1783806808,R_75,52819.4416,1,10.944999999999709,BACKFILL_AUTO
2026-07-11 21:53:30,1783806810,R_75,52822.3422,1,2.90060000000085,BACKFILL_AUTO
2026-07-11 21:53:32,1783806812,R_75,52818.7597,-1,3.5824999999967986,BACKFILL_AUTO
2026-07-11 21:53:34,1783806814,R_75,52791.1206,-1,27.639100000000326,BACKFILL_AUTO
2026-07-11 21:53:36,1783806816,R_75,52793.7496,1,2.629000000000815,BACKFILL_AUTO
2026-07-11 21:53:38,1783806818,R_75,52808.0461,1,14.29649999999674,BACKFILL_AUTO
2026-07-11 21:53:40,1783806820,R_75,52801.5285,-1,6.51759999999922,BACKFILL_AUTO
2026-07-11 21:53:42,1783806822,R_75,52797.2449,-1,4.28360000000248,BACKFILL_AUTO
2026-07-11 21:53:44,1783806824,R_75,52788.2991,-1,8.945800000001327,BACKFILL_AUTO
2026-07-11 21:53:46,1783806826,R_75,52780.5766,-1,7.7224999999962165,BACKFILL_AUTO
2026-07-11 21:53:48,1783806828,R_75,52769.5605,-1,11.016100000000733,BACKFILL_AUTO
2026-07-11 21:53:50,1783806830,R_75,52783.8794,1,14.318899999998393,BACKFILL_AUTO
2026-07-11 21:53:52,1783806832,R_75,52783.2604,-1,0.6189999999987776,BACKFILL_AUTO
2026-07-11 21:53:54,1783806834,R_75,52762.5673,-1,20.693099999996775,BACKFILL_AUTO
2026-07-11 21:53:56,1783806836,R_75,52768.9609,1,6.393599999995786,BACKFILL_AUTO
2026-07-11 21:53:58,1783806838,R_75,52769.8213,1,0.8604000000050291,BACKFILL_AUTO
2026-07-11 21:54:00,1783806840,R_75,52751.6578,-1,18.163500000002387,BACKFILL_AUTO
2026-07-11 21:54:02,1783806842,R_75,52732.2221,-1,19.435700000001816,BACKFILL_AUTO
2026-07-11 21:54:04,1783806844,R_75,52735.152,1,2.9299000000028173,BACKFILL_AUTO
2026-07-11 21:54:06,1783806846,R_75,52730.8752,-1,4.276799999999639,BACKFILL_AUTO
2026-07-11 21:54:08,1783806848,R_75,52746.0799,1,15.204699999994773,BACKFILL_AUTO
2026-07-11 21:54:10,1783806850,R_75,52739.6409,-1,6.438999999998487,BACKFILL_AUTO
2026-07-11 21:54:12,1783806852,R_75,52741.0711,1,1.4302000000025146,BACKFILL_AUTO
2026-07-11 21:54:14,1783806854,R_75,52745.3213,1,4.2502000000022235,BACKFILL_AUTO
2026-07-11 21:54:16,1783806856,R_75,52762.4116,1,17.090299999996205,BACKFILL_AUTO
2026-07-11 21:54:18,1783806858,R_75,52767.8609,1,5.449300000000221,BACKFILL_AUTO
2026-07-11 21:54:20,1783806860,R_75,52760.7339,-1,7.1270000000004075,BACKFILL_AUTO
2026-07-11 21:54:22,1783806862,R_75,52775.4197,1,14.68579999999929,BACKFILL_AUTO
2026-07-11 21:54:24,1783806864,R_75,52780.0271,1,4.60740000000078,BACKFILL_AUTO
2026-07-11 21:54:26,1783806866,R_75,52778.8754,-1,1.1517000000021653,BACKFILL_AUTO
2026-07-11 21:54:28,1783806868,R_75,52777.6001,-1,1.2752999999938766,BACKFILL_AUTO
2026-07-11 21:54:30,1783806870,R_75,52770.1016,-1,7.498500000001513,BACKFILL_AUTO
2026-07-11 21:54:32,1783806872,R_75,52768.222,-1,1.8796000000002095,BACKFILL_AUTO
2026-07-11 21:54:34,1783806874,R_75,52780.1766,1,11.9545999999973,BACKFILL_AUTO
2026-07-11 21:54:36,1783806876,R_75,52786.618,1,6.441400000003341,BACKFILL_AUTO
2026-07-11 21:54:38,1783806878,R_75,52791.6377,1,5.019699999997101,BACKFILL_AUTO
2026-07-11 21:54:40,1783806880,R_75,52800.0891,1,8.451399999998102,BACKFILL_AUTO
2026-07-11 21:54:42,1783806882,R_75,52803.2389,1,3.1497999999992317,BACKFILL_AUTO
2026-07-11 21:54:44,1783806884,R_75,52788.1946,-1,15.04429999999411,BACKFILL_AUTO
2026-07-11 21:54:46,1783806886,R_75,52795.1593,1,6.96469999999681,BACKFILL_AUTO
2026-07-11 21:54:48,1783806888,R_75,52791.3899,-1,3.769399999997404,BACKFILL_AUTO
2026-07-11 21:54:50,1783806890,R_75,52792.4575,1,1.0675999999948544,BACKFILL_AUTO
2026-07-11 21:54:52,1783806892,R_75,52793.8433,1,1.3858000000036554,BACKFILL_AUTO
2026-07-11 21:54:54,1783806894,R_75,52789.0697,-1,4.773600000000442,BACKFILL_AUTO
2026-07-11 21:54:56,1783806896,R_75,52793.361,1,4.291299999997136,BACKFILL_AUTO
2026-07-11 21:54:58,1783806898,R_75,52804.3985,1,11.03750000000582,BACKFILL_AUTO
2026-07-11 21:55:00,1783806900,R_75,52791.9416,-1,12.45690000000468,BACKFILL_AUTO
2026-07-11 21:55:02,1783806902,R_75,52788.1053,-1,3.83629999999539,BACKFILL_AUTO
2026-07-11 21:55:04,1783806904,R_75,52786.0958,-1,2.0095000000001164,BACKFILL_AUTO
2026-07-11 21:55:06,1783806906,R_75,52781.6404,-1,4.455400000006193,BACKFILL_AUTO
2026-07-11 21:55:08,1783806908,R_75,52793.3584,1,11.718000000000757,BACKFILL_AUTO
2026-07-11 21:55:10,1783806910,R_75,52782.0561,-1,11.30229999999574,BACKFILL_AUTO
2026-07-11 21:55:12,1783806912,R_75,52782.9122,1,0.856099999997241,BACKFILL_AUTO
2026-07-11 21:55:14,1783806914,R_75,52775.6605,-1,7.25170000000071,BACKFILL_AUTO
2026-07-11 21:55:16,1783806916,R_75,52776.2508,1,0.5903000000034808,BACKFILL_AUTO
2026-07-11 21:55:18,1783806918,R_75,52766.2407,-1,10.010099999999511,BACKFILL_AUTO
2026-07-11 21:55:20,1783806920,R_75,52770.1235,1,3.8827999999994063,BACKFILL_AUTO
2026-07-11 21:55:22,1783806922,R_75,52766.4753,-1,3.6482000000032713,BACKFILL_AUTO
2026-07-11 21:55:24,1783806924,R_75,52775.4521,1,8.976800000004005,BACKFILL_AUTO
2026-07-11 21:55:26,1783806926,R_75,52770.1063,-1,5.345800000002782,BACKFILL_AUTO
2026-07-11 21:55:28,1783806928,R_75,52769.9557,-1,0.15060000000084983,BACKFILL_AUTO
2026-07-11 21:55:30,1783806930,R_75,52771.9076,1,1.9519000000000233,BACKFILL_AUTO
2026-07-11 21:55:32,1783806932,R_75,52775.5633,1,3.6557000000029802,BACKFILL_AUTO
2026-07-11 21:55:34,1783806934,R_75,52769.3156,-1,6.247699999999895,BACKFILL_AUTO
2026-07-11 21:55:36,1783806936,R_75,52776.7076,1,7.391999999999825,BACKFILL_AUTO
2026-07-11 21:55:38,1783806938,R_75,52768.4538,-1,8.253799999998591,BACKFILL_AUTO
2026-07-11 21:55:40,1783806940,R_75,52788.1931,1,19.73929999999382,BACKFILL_AUTO
2026-07-11 21:55:42,1783806942,R_75,52772.9591,-1,15.23399999999674,BACKFILL_AUTO
2026-07-11 21:55:44,1783806944,R_75,52777.7664,1,4.807300000000396,BACKFILL_AUTO
2026-07-11 21:55:46,1783806946,R_75,52769.5688,-1,8.197599999999511,BACKFILL_AUTO
2026-07-11 21:55:48,1783806948,R_75,52760.2912,-1,9.277600000001257,BACKFILL_AUTO
2026-07-11 21:55:50,1783806950,R_75,52767.8256,1,7.534399999996822,BACKFILL_AUTO
2026-07-11 21:55:52,1783806952,R_75,52769.4681,1,1.6425000000017462,BACKFILL_AUTO
2026-07-11 21:55:54,1783806954,R_75,52772.1151,1,2.647000000004482,BACKFILL_AUTO
2026-07-11 21:55:56,1783806956,R_75,52769.1002,-1,3.014900000001944,BACKFILL_AUTO
2026-07-11 21:55:58,1783806958,R_75,52779.6492,1,10.548999999999069,BACKFILL_AUTO
2026-07-11 21:56:00,1783806960,R_75,52782.4969,1,2.84769999999844,BACKFILL_AUTO
2026-07-11 21:56:02,1783806962,R_75,52775.01,-1,7.48689999999624,BACKFILL_AUTO
2026-07-11 21:56:04,1783806964,R_75,52780.7979,1,5.787899999995716,BACKFILL_AUTO
2026-07-11 21:56:06,1783806966,R_75,52790.4237,1,9.625800000001618,BACKFILL_AUTO
2026-07-11 21:56:08,1783806968,R_75,52792.1576,1,1.7338999999992666,BACKFILL_AUTO
2026-07-11 21:56:10,1783806970,R_75,52795.5151,1,3.3574999999982538,BACKFILL_AUTO
2026-07-11 21:56:12,1783806972,R_75,52791.8447,-1,3.670399999995425,BACKFILL_AUTO
2026-07-11 21:56:14,1783806974,R_75,52795.3912,1,3.5464999999967404,BACKFILL_AUTO
2026-07-11 21:56:16,1783806976,R_75,52805.3259,1,9.93470000000525,BACKFILL_AUTO
2026-07-11 21:56:18,1783806978,R_75,52814.993,1,9.667099999998754,BACKFILL_AUTO
2026-07-11 21:56:20,1783806980,R_75,52827.0399,1,12.046900000001187,BACKFILL_AUTO
2026-07-11 21:56:22,1783806982,R_75,52836.9476,1,9.907699999996112,BACKFILL_AUTO
2026-07-11 21:56:24,1783806984,R_75,52841.43,1,4.48240000000078,BACKFILL_AUTO
2026-07-11 21:56:26,1783806986,R_75,52845.167,1,3.7370000000009895,BACKFILL_AUTO
2026-07-11 21:56:28,1783806988,R_75,52848.3716,1,3.204599999997299,BACKFILL_AUTO
2026-07-11 21:56:30,1783806990,R_75,52852.1073,1,3.7357000000047265,BACKFILL_AUTO
2026-07-11 21:56:32,1783806992,R_75,52856.0077,1,3.9003999999986263,BACKFILL_AUTO
2026-07-11 21:56:34,1783806994,R_75,52853.299,-1,2.708700000002864,BACKFILL_AUTO
2026-07-11 21:56:36,1783806996,R_75,52870.8482,1,17.549200000001292,BACKFILL_AUTO
2026-07-11 21:56:38,1783806998,R_75,52873.8135,1,2.965299999996205,BACKFILL_AUTO
2026-07-11 21:56:40,1783807000,R_75,52888.0736,1,14.260100000006787,BACKFILL_AUTO
2026-07-11 21:56:42,1783807002,R_75,52889.0877,1,1.01409999999305,BACKFILL_AUTO
2026-07-11 21:56:44,1783807004,R_75,52887.2554,-1,1.832299999994575,BACKFILL_AUTO
2026-07-11 21:56:46,1783807006,R_75,52872.7245,-1,14.530900000005204,BACKFILL_AUTO
2026-07-11 21:56:48,1783807008,R_75,52866.2071,-1,6.5173999999969965,BACKFILL_AUTO
2026-07-11 21:56:50,1783807010,R_75,52871.947,1,5.739900000000489,BACKFILL_AUTO
2026-07-11 21:56:52,1783807012,R_75,52877.0009,1,5.0538999999989755,BACKFILL_AUTO
2026-07-11 21:56:54,1783807014,R_75,52875.3095,-1,1.6913999999960652,BACKFILL_AUTO
2026-07-11 21:56:56,1783807016,R_75,52884.7583,1,9.4487999999983,BACKFILL_AUTO
2026-07-11 21:56:58,1783807018,R_75,52872.3667,-1,12.391600000002654,BACKFILL_AUTO
2026-07-11 21:57:00,1783807020,R_75,52861.9668,-1,10.399899999996705,BACKFILL_AUTO
2026-07-11 21:57:02,1783807022,R_75,52843.9334,-1,18.033400000000256,BACKFILL_AUTO
2026-07-11 21:57:04,1783807024,R_75,52856.4973,1,12.563900000001013,BACKFILL_AUTO
2026-07-11 21:57:06,1783807026,R_75,52854.8183,-1,1.6790000000037253,BACKFILL_AUTO
2026-07-11 21:57:08,1783807028,R_75,52880.4717,1,25.653400000002875,BACKFILL_AUTO
2026-07-11 21:57:10,1783807030,R_75,52870.8271,-1,9.644599999999627,BACKFILL_AUTO
2026-07-11 21:57:12,1783807032,R_75,52872.6342,1,1.8070999999981723,BACKFILL_AUTO
2026-07-11 21:57:14,1783807034,R_75,52873.6868,1,1.0526000000027125,BACKFILL_AUTO
2026-07-11 21:57:16,1783807036,R_75,52879.5695,1,5.8826999999946565,BACKFILL_AUTO
2026-07-11 21:57:18,1783807038,R_75,52878.3897,-1,1.1797999999980675,BACKFILL_AUTO
2026-07-11 21:57:20,1783807040,R_75,52901.0471,1,22.65740000000369,BACKFILL_AUTO
2026-07-11 21:57:22,1783807042,R_75,52907.4653,1,6.41820000000007,BACKFILL_AUTO
2026-07-11 21:57:24,1783807044,R_75,52882.7993,-1,24.666000000004715,BACKFILL_AUTO
2026-07-11 21:57:26,1783807046,R_75,52895.3742,1,12.574899999999616,BACKFILL_AUTO
2026-07-11 21:57:28,1783807048,R_75,52907.6959,1,12.321700000000419,BACKFILL_AUTO
2026-07-11 21:57:30,1783807050,R_75,52908.9449,1,1.2490000000034343,BACKFILL_AUTO
2026-07-11 21:57:32,1783807052,R_75,52888.6464,-1,20.298500000004424,BACKFILL_AUTO
2026-07-11 21:57:34,1783807054,R_75,52888.2464,-1,0.39999999999417923,BACKFILL_AUTO
2026-07-11 21:57:36,1783807056,R_75,52884.089,-1,4.15740000000369,BACKFILL_AUTO
2026-07-11 21:57:38,1783807058,R_75,52887.5996,1,3.510600000001432,BACKFILL_AUTO
2026-07-11 21:57:40,1783807060,R_75,52905.3815,1,17.78190000000177,BACKFILL_AUTO
2026-07-11 21:57:42,1783807062,R_75,52899.5921,-1,5.7894000000014785,BACKFILL_AUTO
2026-07-11 21:57:44,1783807064,R_75,52895.4379,-1,4.154200000004494,BACKFILL_AUTO
2026-07-11 21:57:46,1783807066,R_75,52889.3755,-1,6.06239999999525,BACKFILL_AUTO
2026-07-11 21:57:48,1783807068,R_75,52889.469,1,0.0934999999954016,BACKFILL_AUTO
2026-07-11 21:57:50,1783807070,R_75,52889.3228,-1,0.14619999999558786,BACKFILL_AUTO
2026-07-11 21:57:52,1783807072,R_75,52897.6855,1,8.362699999997858,BACKFILL_AUTO
2026-07-11 21:57:54,1783807074,R_75,52887.467,-1,10.218500000002678,BACKFILL_AUTO
2026-07-11 21:57:56,1783807076,R_75,52905.8562,1,18.389200000005076,BACKFILL_AUTO
2026-07-11 21:57:58,1783807078,R_75,52902.6066,-1,3.249600000002829,BACKFILL_AUTO
2026-07-11 21:58:00,1783807080,R_75,52885.5711,-1,17.035499999998137,BACKFILL_AUTO
2026-07-11 21:58:02,1783807082,R_75,52881.0682,-1,4.502899999999499,BACKFILL_AUTO
2026-07-11 21:58:04,1783807084,R_75,52865.9765,-1,15.091700000004494,BACKFILL_AUTO
2026-07-11 21:58:06,1783807086,R_75,52870.5358,1,4.559300000000803,BACKFILL_AUTO
2026-07-11 21:58:08,1783807088,R_75,52873.0449,1,2.5091000000029453,BACKFILL_AUTO
2026-07-11 21:58:10,1783807090,R_75,52873.6554,1,0.6105000000025029,BACKFILL_AUTO
2026-07-11 21:58:12,1783807092,R_75,52885.9476,1,12.292199999996228,BACKFILL_AUTO
2026-07-11 21:58:14,1783807094,R_75,52894.6699,1,8.722300000001269,BACKFILL_AUTO
2026-07-11 21:58:16,1783807096,R_75,52885.3072,-1,9.362699999997858,BACKFILL_AUTO
2026-07-11 21:58:18,1783807098,R_75,52887.2688,1,1.9615999999950873,BACKFILL_AUTO
2026-07-11 21:58:20,1783807100,R_75,52901.3615,1,14.09270000000106,BACKFILL_AUTO
2026-07-11 21:58:22,1783807102,R_75,52891.7462,-1,9.61529999999766,BACKFILL_AUTO
2026-07-11 21:58:24,1783807104,R_75,52899.0301,1,7.283900000002177,BACKFILL_AUTO
2026-07-11 21:58:26,1783807106,R_75,52913.477,1,14.446899999995367,BACKFILL_AUTO
2026-07-11 21:58:28,1783807108,R_75,52907.7826,-1,5.694400000000314,BACKFILL_AUTO
2026-07-11 21:58:30,1783807110,R_75,52903.7822,-1,4.000399999997171,BACKFILL_AUTO
2026-07-11 21:58:32,1783807112,R_75,52902.8951,-1,0.8870999999999185,BACKFILL_AUTO
2026-07-11 21:58:34,1783807114,R_75,52891.2674,-1,11.627700000004552,BACKFILL_AUTO
2026-07-11 21:58:36,1783807116,R_75,52880.584,-1,10.683399999994435,BACKFILL_AUTO
2026-07-11 21:58:38,1783807118,R_75,52866.0809,-1,14.503100000001723,BACKFILL_AUTO
2026-07-11 21:58:40,1783807120,R_75,52874.0839,1,8.002999999996973,BACKFILL_AUTO
2026-07-11 21:58:42,1783807122,R_75,52868.7194,-1,5.364499999996042,BACKFILL_AUTO
2026-07-11 21:58:44,1783807124,R_75,52898.6618,1,29.942399999999907,BACKFILL_AUTO
2026-07-11 21:58:46,1783807126,R_75,52897.4804,-1,1.1814000000013039,BACKFILL_AUTO
2026-07-11 21:58:48,1783807128,R_75,52903.4313,1,5.950899999996182,BACKFILL_AUTO
2026-07-11 21:58:50,1783807130,R_75,52883.5137,-1,19.9175999999934,BACKFILL_AUTO
2026-07-11 21:58:52,1783807132,R_75,52883.6678,1,0.1540999999997439,BACKFILL_AUTO
2026-07-11 21:58:54,1783807134,R_75,52882.4619,-1,1.2059000000008382,BACKFILL_AUTO
2026-07-11 21:58:56,1783807136,R_75,52886.0796,1,3.6176999999952386,BACKFILL_AUTO
2026-07-11 21:58:58,1783807138,R_75,52896.5298,1,10.450199999999313,BACKFILL_AUTO
2026-07-11 21:59:00,1783807140,R_75,52880.0028,-1,16.526999999994587,BACKFILL_AUTO
2026-07-11 21:59:02,1783807142,R_75,52869.8618,-1,10.14100000000326,BACKFILL_AUTO
2026-07-11 21:59:04,1783807144,R_75,52873.5784,1,3.716599999999744,BACKFILL_AUTO
2026-07-11 21:59:06,1783807146,R_75,52881.436,1,7.8576000000030035,BACKFILL_AUTO
2026-07-11 21:59:08,1783807148,R_75,52883.844,1,2.407999999995809,BACKFILL_AUTO
2026-07-11 21:59:10,1783807150,R_75,52865.5081,-1,18.33589999999822,BACKFILL_AUTO
2026-07-11 21:59:12,1783807152,R_75,52858.0376,-1,7.470499999995809,BACKFILL_AUTO
2026-07-11 21:59:14,1783807154,R_75,52858.4054,1,0.36779999999998836,BACKFILL_AUTO
2026-07-11 21:59:16,1783807156,R_75,52851.142,-1,7.2634000000034575,BACKFILL_AUTO
2026-07-11 21:59:18,1783807158,R_75,52879.5235,1,28.381500000003143,BACKFILL_AUTO
2026-07-11 21:59:20,1783807160,R_75,52881.6767,1,2.153200000000652,BACKFILL_AUTO
2026-07-11 21:59:22,1783807162,R_75,52880.6658,-1,1.0109000000011292,BACKFILL_AUTO
2026-07-11 21:59:24,1783807164,R_75,52893.3519,1,12.686099999998987,BACKFILL_AUTO
2026-07-11 21:59:26,1783807166,R_75,52884.1652,-1,9.186699999998382,BACKFILL_AUTO
2026-07-11 21:59:28,1783807168,R_75,52867.2284,-1,16.93680000000313,BACKFILL_AUTO
2026-07-11 21:59:30,1783807170,R_75,52871.6233,1,4.394899999999325,BACKFILL_AUTO
2026-07-11 21:59:32,1783807172,R_75,52869.4483,-1,2.1750000000029104,BACKFILL_AUTO
2026-07-11 21:59:34,1783807174,R_75,52857.8235,-1,11.624799999997776,BACKFILL_AUTO
2026-07-11 21:59:36,1783807176,R_75,52853.5954,-1,4.228100000000268,BACKFILL_AUTO
2026-07-11 21:59:38,1783807178,R_75,52859.0772,1,5.481800000001385,BACKFILL_AUTO
2026-07-11 21:59:40,1783807180,R_75,52844.366,-1,14.711199999997916,BACKFILL_AUTO
2026-07-11 21:59:42,1783807182,R_75,52855.6603,1,11.294300000001385,BACKFILL_AUTO
2026-07-11 21:59:44,1783807184,R_75,52854.0341,-1,1.6262000000060652,BACKFILL_AUTO
2026-07-11 21:59:46,1783807186,R_75,52851.8539,-1,2.1801999999952386,BACKFILL_AUTO
2026-07-11 21:59:48,1783807188,R_75,52861.3663,1,9.512399999999616,BACKFILL_AUTO
2026-07-11 21:59:50,1783807190,R_75,52849.656,-1,11.710299999998824,BACKFILL_AUTO
2026-07-11 21:59:52,1783807192,R_75,52842.5981,-1,7.0578999999997905,BACKFILL_AUTO
2026-07-11 21:59:54,1783807194,R_75,52835.8997,-1,6.698400000001129,BACKFILL_AUTO
2026-07-11 21:59:56,1783807196,R_75,52837.0116,1,1.1118999999962398,BACKFILL_AUTO
2026-07-11 21:59:58,1783807198,R_75,52828.1861,-1,8.82549999999901,BACKFILL_AUTO
2026-07-11 22:00:00,1783807200,R_75,52820.6685,-1,7.51759999999922,BACKFILL_AUTO
2026-07-11 22:00:02,1783807202,R_75,52813.4139,-1,7.2546000000002095,BACKFILL_AUTO
2026-07-11 22:00:04,1783807204,R_75,52799.21,-1,14.20390000000043,BACKFILL_AUTO
2026-07-11 22:00:06,1783807206,R_75,52819.4281,1,20.21809999999823,BACKFILL_AUTO
2026-07-11 22:00:08,1783807208,R_75,52813.9003,-1,5.527799999996205,BACKFILL_AUTO
2026-07-11 22:00:10,1783807210,R_75,52821.9157,1,8.015399999996589,BACKFILL_AUTO
2026-07-11 22:00:12,1783807212,R_75,52844.2657,1,22.35000000000582,BACKFILL_AUTO
2026-07-11 22:00:14,1783807214,R_75,52852.313,1,8.047299999998359,BACKFILL_AUTO
2026-07-11 22:00:16,1783807216,R_75,52866.353,1,14.040000000000873,BACKFILL_AUTO
2026-07-11 22:00:18,1783807218,R_75,52853.7786,-1,12.574400000004971,BACKFILL_AUTO
2026-07-11 22:00:20,1783807220,R_75,52859.1256,1,5.347000000001572,BACKFILL_AUTO
2026-07-11 22:00:22,1783807222,R_75,52862.6212,1,3.495600000002014,BACKFILL_AUTO
2026-07-11 22:00:24,1783807224,R_75,52855.8237,-1,6.797500000000582,BACKFILL_AUTO
2026-07-11 22:00:26,1783807226,R_75,52854.824,-1,0.9997000000003027,BACKFILL_AUTO
2026-07-11 22:00:28,1783807228,R_75,52844.3909,-1,10.433100000002014,BACKFILL_AUTO
2026-07-11 22:00:30,1783807230,R_75,52838.5757,-1,5.815199999997276,BACKFILL_AUTO
2026-07-11 22:00:32,1783807232,R_75,52839.2043,1,0.6285999999963678,BACKFILL_AUTO
2026-07-11 22:00:34,1783807234,R_75,52837.9536,-1,1.2506999999968684,BACKFILL_AUTO
2026-07-11 22:00:36,1783807236,R_75,52826.5269,-1,11.42670000000362,BACKFILL_AUTO
2026-07-11 22:00:38,1783807238,R_75,52814.0151,-1,12.511800000000221,BACKFILL_AUTO
2026-07-11 22:00:40,1783807240,R_75,52804.5013,-1,9.513799999993353,BACKFILL_AUTO
2026-07-11 22:00:42,1783807242,R_75,52812.5249,1,8.023599999993166,BACKFILL_AUTO
2026-07-11 22:00:44,1783807244,R_75,52805.4592,-1,7.065699999999197,BACKFILL_AUTO
2026-07-11 22:00:46,1783807246,R_75,52820.6115,1,15.15230000000156,BACKFILL_AUTO
2026-07-11 22:00:48,1783807248,R_75,52815.6649,-1,4.946599999995669,BACKFILL_AUTO
2026-07-11 22:00:50,1783807250,R_75,52813.9532,-1,1.711699999999837,BACKFILL_AUTO
2026-07-11 22:00:52,1783807252,R_75,52816.2758,1,2.322599999999511,BACKFILL_AUTO
2026-07-11 22:00:54,1783807254,R_75,52812.099,-1,4.176800000001094,BACKFILL_AUTO
2026-07-11 22:00:56,1783807256,R_75,52808.0104,-1,4.088600000002771,BACKFILL_AUTO
2026-07-11 22:00:58,1783807258,R_75,52806.3597,-1,1.6506999999983236,BACKFILL_AUTO
2026-07-11 22:01:00,1783807260,R_75,52812.812,1,6.452299999997194,BACKFILL_AUTO
2026-07-11 22:01:02,1783807262,R_75,52800.8148,-1,11.997199999997974,BACKFILL_AUTO
2026-07-11 22:01:04,1783807264,R_75,52812.3827,1,11.567900000001828,BACKFILL_AUTO
2026-07-11 22:01:06,1783807266,R_75,52815.078,1,2.6952999999994063,BACKFILL_AUTO
2026-07-11 22:01:08,1783807268,R_75,52815.2568,1,0.17880000000150176,BACKFILL_AUTO
2026-07-11 22:01:10,1783807270,R_75,52803.7034,-1,11.55340000000433,BACKFILL_AUTO
2026-07-11 22:01:12,1783807272,R_75,52804.9686,1,1.2652000000016415,BACKFILL_AUTO
2026-07-11 22:01:14,1783807274,R_75,52805.7301,1,0.7615000000005239,BACKFILL_AUTO
2026-07-11 22:01:16,1783807276,R_75,52821.5279,1,15.79780000000028,BACKFILL_AUTO
2026-07-11 22:01:18,1783807278,R_75,52837.7498,1,16.221899999996822,BACKFILL_AUTO
2026-07-11 22:01:20,1783807280,R_75,52836.9837,-1,0.7661000000007334,BACKFILL_AUTO
2026-07-11 22:01:22,1783807282,R_75,52832.7856,-1,4.198099999994156,BACKFILL_AUTO
2026-07-11 22:01:24,1783807284,R_75,52830.02,-1,2.7656000000060885,BACKFILL_AUTO
2026-07-11 22:01:26,1783807286,R_75,52848.3755,1,18.355500000005122,BACKFILL_AUTO
2026-07-11 22:01:28,1783807288,R_75,52853.9097,1,5.534199999994598,BACKFILL_AUTO
2026-07-11 22:01:30,1783807290,R_75,52854.162,1,0.2523000000001048,BACKFILL_AUTO
2026-07-11 22:01:32,1783807292,R_75,52850.6114,-1,3.550599999995029,BACKFILL_AUTO
2026-07-11 22:01:34,1783807294,R_75,52854.9645,1,4.353100000000268,BACKFILL_AUTO
2026-07-11 22:01:36,1783807296,R_75,52858.4002,1,3.43569999999454,BACKFILL_AUTO
2026-07-11 22:01:38,1783807298,R_75,52865.3442,1,6.944000000003143,BACKFILL_AUTO
2026-07-11 22:01:40,1783807300,R_75,52865.0776,-1,0.26660000000265427,BACKFILL_AUTO
2026-07-11 22:01:42,1783807302,R_75,52846.0144,-1,19.06319999999687,BACKFILL_AUTO
2026-07-11 22:01:44,1783807304,R_75,52842.981,-1,3.033400000000256,BACKFILL_AUTO
2026-07-11 22:01:46,1783807306,R_75,52838.8116,-1,4.169399999998859,BACKFILL_AUTO
2026-07-11 22:01:48,1783807308,R_75,52839.0365,1,0.22490000000107102,BACKFILL_AUTO
2026-07-11 22:01:50,1783807310,R_75,52853.8439,1,14.80739999999787,BACKFILL_AUTO
2026-07-11 22:01:52,1783807312,R_75,52845.6911,-1,8.15280000000348,BACKFILL_AUTO
2026-07-11 22:01:54,1783807314,R_75,52824.9403,-1,20.750799999994342,BACKFILL_AUTO
2026-07-11 22:01:56,1783807316,R_75,52839.5093,1,14.568999999995867,BACKFILL_AUTO
2026-07-11 22:01:58,1783807318,R_75,52843.8955,1,4.3862000000008265,BACKFILL_AUTO
2026-07-11 22:02:00,1783807320,R_75,52826.9585,-1,16.93699999999808,BACKFILL_AUTO
2026-07-11 22:02:02,1783807322,R_75,52822.9017,-1,4.056799999998475,BACKFILL_AUTO
2026-07-11 22:02:04,1783807324,R_75,52814.303,-1,8.598700000002282,BACKFILL_AUTO
2026-07-11 22:02:06,1783807326,R_75,52816.0872,1,1.7842000000018743,BACKFILL_AUTO
2026-07-11 22:02:08,1783807328,R_75,52823.0427,1,6.955499999996391,BACKFILL_AUTO
2026-07-11 22:02:10,1783807330,R_75,52843.7766,1,20.733899999999267,BACKFILL_AUTO
2026-07-11 22:02:12,1783807332,R_75,52835.6631,-1,8.113499999999476,BACKFILL_AUTO
2026-07-11 22:02:14,1783807334,R_75,52828.9031,-1,6.759999999994761,BACKFILL_AUTO
2026-07-11 22:02:16,1783807336,R_75,52820.0866,-1,8.816500000000815,BACKFILL_AUTO
2026-07-11 22:02:18,1783807338,R_75,52827.5929,1,7.50630000000092,BACKFILL_AUTO
2026-07-11 22:02:20,1783807340,R_75,52821.3656,-1,6.2273000000059255,BACKFILL_AUTO
2026-07-11 22:02:22,1783807342,R_75,52833.0678,1,11.70219999999972,BACKFILL_AUTO
2026-07-11 22:02:24,1783807344,R_75,52836.0487,1,2.9809000000022934,BACKFILL_AUTO
2026-07-11 22:02:26,1783807346,R_75,52825.3645,-1,10.684199999996054,BACKFILL_AUTO
2026-07-11 22:02:28,1783807348,R_75,52823.9183,-1,1.4462000000057742,BACKFILL_AUTO
2026-07-11 22:02:30,1783807350,R_75,52853.5377,1,29.619400000003225,BACKFILL_AUTO
2026-07-11 22:02:32,1783807352,R_75,52853.9417,1,0.4040000000022701,BACKFILL_AUTO
2026-07-11 22:02:34,1783807354,R_75,52862.3937,1,8.451999999997497,BACKFILL_AUTO
2026-07-11 22:02:36,1783807356,R_75,52862.406,1,0.012300000002142042,BACKFILL_AUTO
2026-07-11 22:02:38,1783807358,R_75,52855.2386,-1,7.167400000005728,BACKFILL_AUTO
2026-07-11 22:02:40,1783807360,R_75,52857.4625,1,2.2239000000045053,BACKFILL_AUTO
2026-07-11 22:02:42,1783807362,R_75,52856.6405,-1,0.8220000000001164,BACKFILL_AUTO
2026-07-11 22:02:44,1783807364,R_75,52855.153,-1,1.4875000000029104,BACKFILL_AUTO
2026-07-11 22:02:46,1783807366,R_75,52846.9834,-1,8.169600000001083,BACKFILL_AUTO
2026-07-11 22:02:48,1783807368,R_75,52857.4985,1,10.515100000004168,BACKFILL_AUTO
2026-07-11 22:02:50,1783807370,R_75,52868.4233,1,10.924800000000687,BACKFILL_AUTO
2026-07-11 22:02:52,1783807372,R_75,52872.504,1,4.080699999998615,BACKFILL_AUTO
2026-07-11 22:02:54,1783807374,R_75,52866.3505,-1,6.153500000000349,BACKFILL_AUTO
2026-07-11 22:02:56,1783807376,R_75,52864.3201,-1,2.030400000003283,BACKFILL_AUTO
2026-07-11 22:02:58,1783807378,R_75,52875.0223,1,10.70219999999972,BACKFILL_AUTO
2026-07-11 22:03:00,1783807380,R_75,52877.8989,1,2.8766000000032363,BACKFILL_AUTO
2026-07-11 22:03:02,1783807382,R_75,52871.5923,-1,6.306600000003527,BACKFILL_AUTO
2026-07-11 22:03:04,1783807384,R_75,52892.2444,1,20.652100000006612,BACKFILL_AUTO
2026-07-11 22:03:06,1783807386,R_75,52888.3078,-1,3.936600000000908,BACKFILL_AUTO
2026-07-11 22:03:08,1783807388,R_75,52878.7623,-1,9.545500000000175,BACKFILL_AUTO
2026-07-11 22:03:10,1783807390,R_75,52885.658,1,6.895700000000943,BACKFILL_AUTO
2026-07-11 22:03:12,1783807392,R_75,52886.6277,1,0.9696999999941909,BACKFILL_AUTO
2026-07-11 22:03:14,1783807394,R_75,52882.1196,-1,4.508099999999104,BACKFILL_AUTO
2026-07-11 22:03:16,1783807396,R_75,52878.568,-1,3.5515999999988708,BACKFILL_AUTO
2026-07-11 22:03:18,1783807398,R_75,52858.2229,-1,20.345099999998638,BACKFILL_AUTO
2026-07-11 22:03:20,1783807400,R_75,52848.2917,-1,9.93119999999908,BACKFILL_AUTO
2026-07-11 22:03:22,1783807402,R_75,52832.5073,-1,15.784400000004098,BACKFILL_AUTO
2026-07-11 22:03:24,1783807404,R_75,52849.4112,1,16.903900000004796,BACKFILL_AUTO
2026-07-11 22:03:26,1783807406,R_75,52862.0563,1,12.645099999994272,BACKFILL_AUTO
2026-07-11 22:03:28,1783807408,R_75,52850.25,-1,11.806299999996554,BACKFILL_AUTO
2026-07-11 22:03:30,1783807410,R_75,52852.7169,1,2.466899999999441,BACKFILL_AUTO
2026-07-11 22:03:32,1783807412,R_75,52843.1676,-1,9.549299999998766,BACKFILL_AUTO
2026-07-11 22:03:34,1783807414,R_75,52836.0039,-1,7.163699999997334,BACKFILL_AUTO
2026-07-11 22:03:36,1783807416,R_75,52848.6852,1,12.681299999996554,BACKFILL_AUTO
2026-07-11 22:03:38,1783807418,R_75,52842.8907,-1,5.794499999996333,BACKFILL_AUTO
2026-07-11 22:03:40,1783807420,R_75,52846.9672,1,4.076499999995576,BACKFILL_AUTO
2026-07-11 22:03:42,1783807422,R_75,52845.5214,-1,1.4458000000013271,BACKFILL_AUTO
2026-07-11 22:03:44,1783807424,R_75,52841.9442,-1,3.5771999999997206,BACKFILL_AUTO
2026-07-11 22:03:46,1783807426,R_75,52842.0618,1,0.11760000000504078,BACKFILL_AUTO
2026-07-11 22:03:48,1783807428,R_75,52851.2094,1,9.1475999999966,BACKFILL_AUTO
2026-07-11 22:03:50,1783807430,R_75,52842.0376,-1,9.171799999996438,BACKFILL_AUTO
2026-07-11 22:03:52,1783807432,R_75,52844.98,1,2.942399999999907,BACKFILL_AUTO
2026-07-11 22:03:54,1783807434,R_75,52833.8946,-1,11.085400000003574,BACKFILL_AUTO
2026-07-11 22:03:56,1783807436,R_75,52833.2281,-1,0.6664999999993597,BACKFILL_AUTO
2026-07-11 22:03:58,1783807438,R_75,52810.0687,-1,23.159399999996822,BACKFILL_AUTO
2026-07-11 22:04:00,1783807440,R_75,52816.7899,1,6.721199999999953,BACKFILL_AUTO
2026-07-11 22:04:02,1783807442,R_75,52818.8809,1,2.0909999999930733,BACKFILL_AUTO
2026-07-11 22:04:04,1783807444,R_75,52800.2455,-1,18.63539999999921,BACKFILL_AUTO
2026-07-11 22:04:06,1783807446,R_75,52805.4656,1,5.220100000005914,BACKFILL_AUTO
2026-07-11 22:04:08,1783807448,R_75,52819.3955,1,13.929899999995541,BACKFILL_AUTO
2026-07-11 22:04:10,1783807450,R_75,52830.1833,1,10.787799999998242,BACKFILL_AUTO
2026-07-11 22:04:12,1783807452,R_75,52835.6084,1,5.425100000000384,BACKFILL_AUTO
2026-07-11 22:04:14,1783807454,R_75,52828.9654,-1,6.642999999996391,BACKFILL_AUTO
2026-07-11 22:04:16,1783807456,R_75,52844.9727,1,16.007299999997485,BACKFILL_AUTO
2026-07-11 22:04:18,1783807458,R_75,52820.4472,-1,24.5254999999961,BACKFILL_AUTO
2026-07-11 22:04:20,1783807460,R_75,52819.4445,-1,1.0027000000045518,BACKFILL_AUTO
2026-07-11 22:04:22,1783807462,R_75,52818.8499,-1,0.5945999999967171,BACKFILL_AUTO
2026-07-11 22:04:24,1783807464,R_75,52822.9189,1,4.068999999995867,BACKFILL_AUTO
2026-07-11 22:04:26,1783807466,R_75,52825.2749,1,2.355999999999767,BACKFILL_AUTO
2026-07-11 22:04:28,1783807468,R_75,52847.9358,1,22.660900000002584,BACKFILL_AUTO
2026-07-11 22:04:30,1783807470,R_75,52848.9041,1,0.968300000000454,BACKFILL_AUTO
2026-07-11 22:04:32,1783807472,R_75,52857.7485,1,8.84440000000177,BACKFILL_AUTO
2026-07-11 22:04:34,1783807474,R_75,52870.1297,1,12.38119999999617,BACKFILL_AUTO
2026-07-11 22:04:36,1783807476,R_75,52883.6285,1,13.49880000000121,BACKFILL_AUTO
2026-07-11 22:04:38,1783807478,R_75,52894.5252,1,10.896699999997509,BACKFILL_AUTO
2026-07-11 22:04:40,1783807480,R_75,52896.6357,1,2.110500000002503,BACKFILL_AUTO
2026-07-11 22:04:42,1783807482,R_75,52904.9698,1,8.334100000000035,BACKFILL_AUTO
2026-07-11 22:04:44,1783807484,R_75,52900.7287,-1,4.241099999999278,BACKFILL_AUTO
2026-07-11 22:04:46,1783807486,R_75,52904.5605,1,3.83179999999993,BACKFILL_AUTO
2026-07-11 22:04:48,1783807488,R_75,52920.8066,1,16.246100000003935,BACKFILL_AUTO
2026-07-11 22:04:50,1783807490,R_75,52917.344,-1,3.462600000006205,BACKFILL_AUTO
2026-07-11 22:04:52,1783807492,R_75,52919.5115,1,2.1675000000032014,BACKFILL_AUTO
2026-07-11 22:04:54,1783807494,R_75,52925.5667,1,6.055200000002515,BACKFILL_AUTO
2026-07-11 22:04:56,1783807496,R_75,52919.8819,-1,5.684800000002724,BACKFILL_AUTO
2026-07-11 22:04:58,1783807498,R_75,52900.1322,-1,19.749700000000303,BACKFILL_AUTO
2026-07-11 22:05:00,1783807500,R_75,52891.9674,-1,8.16479999999865,BACKFILL_AUTO
2026-07-11 22:05:02,1783807502,R_75,52888.2205,-1,3.746899999998277,BACKFILL_AUTO
2026-07-11 22:05:04,1783807504,R_75,52887.233,-1,0.9875000000029104,BACKFILL_AUTO
2026-07-11 22:05:06,1783807506,R_75,52901.41,1,14.177000000003318,BACKFILL_AUTO
2026-07-11 22:05:08,1783807508,R_75,52904.887,1,3.4769999999989523,BACKFILL_AUTO
2026-07-11 22:05:10,1783807510,R_75,52915.0029,1,10.115899999997055,BACKFILL_AUTO
2026-07-11 22:05:12,1783807512,R_75,52901.9285,-1,13.074399999997695,BACKFILL_AUTO
2026-07-11 22:05:14,1783807514,R_75,52894.3855,-1,7.543000000005122,BACKFILL_AUTO
2026-07-11 22:05:16,1783807516,R_75,52897.0485,1,2.6630000000004657,BACKFILL_AUTO
2026-07-11 22:05:18,1783807518,R_75,52884.0027,-1,13.045799999999872,BACKFILL_AUTO
2026-07-11 22:05:20,1783807520,R_75,52882.9468,-1,1.055899999999383,BACKFILL_AUTO
2026-07-11 22:05:22,1783807522,R_75,52890.6206,1,7.673800000004121,BACKFILL_AUTO
2026-07-11 22:05:24,1783807524,R_75,52885.8118,-1,4.808799999998882,BACKFILL_AUTO
2026-07-11 22:05:26,1783807526,R_75,52889.1259,1,3.3140999999959604,BACKFILL_AUTO
2026-07-11 22:05:28,1783807528,R_75,52897.443,1,8.31710000000021,BACKFILL_AUTO
2026-07-11 22:05:30,1783807530,R_75,52885.4305,-1,12.01249999999709,BACKFILL_AUTO
2026-07-11 22:05:32,1783807532,R_75,52892.1399,1,6.709399999999732,BACKFILL_AUTO
2026-07-11 22:05:34,1783807534,R_75,52898.9428,1,6.802899999995134,BACKFILL_AUTO
2026-07-11 22:05:36,1783807536,R_75,52888.4693,-1,10.473500000000058,BACKFILL_AUTO
2026-07-11 22:05:38,1783807538,R_75,52901.772,1,13.302700000000186,BACKFILL_AUTO
2026-07-11 22:05:40,1783807540,R_75,52902.8051,1,1.0331000000005588,BACKFILL_AUTO
2026-07-11 22:05:42,1783807542,R_75,52883.4707,-1,19.334399999999732,BACKFILL_AUTO
2026-07-11 22:05:44,1783807544,R_75,52887.4153,1,3.944600000002538,BACKFILL_AUTO
2026-07-11 22:05:46,1783807546,R_75,52883.3941,-1,4.021200000002864,BACKFILL_AUTO
2026-07-11 22:05:48,1783807548,R_75,52887.0532,1,3.6591000000044005,BACKFILL_AUTO
2026-07-11 22:05:50,1783807550,R_75,52904.9492,1,17.89600000000064,BACKFILL_AUTO
2026-07-11 22:05:52,1783807552,R_75,52909.392,1,4.442799999997078,BACKFILL_AUTO
2026-07-11 22:05:54,1783807554,R_75,52893.4003,-1,15.991699999998673,BACKFILL_AUTO
2026-07-11 22:05:56,1783807556,R_75,52882.6618,-1,10.738499999999476,BACKFILL_AUTO
2026-07-11 22:05:58,1783807558,R_75,52874.4565,-1,8.205300000001444,BACKFILL_AUTO
2026-07-11 22:06:00,1783807560,R_75,52875.2661,1,0.8096000000005006,BACKFILL_AUTO
2026-07-11 22:06:02,1783807562,R_75,52873.1415,-1,2.124600000002829,BACKFILL_AUTO
2026-07-11 22:06:04,1783807564,R_75,52874.9595,1,1.8179999999993015,BACKFILL_AUTO
2026-07-11 22:06:06,1783807566,R_75,52873.4059,-1,1.5535999999992782,BACKFILL_AUTO
2026-07-11 22:06:08,1783807568,R_75,52880.1708,1,6.764900000001944,BACKFILL_AUTO
2026-07-11 22:06:10,1783807570,R_75,52868.3501,-1,11.820699999996577,BACKFILL_AUTO
2026-07-11 22:06:12,1783807572,R_75,52877.004,1,8.65389999999752,BACKFILL_AUTO
2026-07-11 22:06:14,1783807574,R_75,52876.6147,-1,0.3893000000025495,BACKFILL_AUTO
2026-07-11 22:06:16,1783807576,R_75,52898.0287,1,21.414000000004307,BACKFILL_AUTO
2026-07-11 22:06:18,1783807578,R_75,52880.5675,-1,17.461200000005192,BACKFILL_AUTO
2026-07-11 22:06:20,1783807580,R_75,52892.2298,1,11.662300000003597,BACKFILL_AUTO
2026-07-11 22:06:22,1783807582,R_75,52893.9062,1,1.6763999999966472,BACKFILL_AUTO
2026-07-11 22:06:24,1783807584,R_75,52899.8154,1,5.909200000001874,BACKFILL_AUTO
2026-07-11 22:06:26,1783807586,R_75,52894.1875,-1,5.627899999999499,BACKFILL_AUTO
2026-07-11 22:06:28,1783807588,R_75,52897.6769,1,3.489399999998568,BACKFILL_AUTO
2026-07-11 22:06:30,1783807590,R_75,52910.1134,1,12.436500000003434,BACKFILL_AUTO
2026-07-11 22:06:32,1783807592,R_75,52921.8991,1,11.78570000000036,BACKFILL_AUTO
2026-07-11 22:06:34,1783807594,R_75,52928.6792,1,6.78009999999631,BACKFILL_AUTO
2026-07-11 22:06:36,1783807596,R_75,52942.6573,1,13.978100000000268,BACKFILL_AUTO
2026-07-11 22:06:38,1783807598,R_75,52941.1068,-1,1.5504999999975553,BACKFILL_AUTO
2026-07-11 22:06:40,1783807600,R_75,52934.4176,-1,6.68920000000071,BACKFILL_AUTO
2026-07-11 22:06:42,1783807602,R_75,52934.3992,-1,0.01840000000083819,BACKFILL_AUTO
2026-07-11 22:06:44,1783807604,R_75,52930.4653,-1,3.933899999996356,BACKFILL_AUTO
2026-07-11 22:06:46,1783807606,R_75,52907.0259,-1,23.439400000002934,BACKFILL_AUTO
2026-07-11 22:06:48,1783807608,R_75,52894.8435,-1,12.18239999999787,BACKFILL_AUTO
2026-07-11 22:06:50,1783807610,R_75,52881.8201,-1,13.023400000005495,BACKFILL_AUTO
2026-07-11 22:06:52,1783807612,R_75,52885.4728,1,3.652700000006007,BACKFILL_AUTO
2026-07-11 22:06:54,1783807614,R_75,52893.0625,1,7.58969999999681,BACKFILL_AUTO
2026-07-11 22:06:56,1783807616,R_75,52899.9156,1,6.853100000000268,BACKFILL_AUTO
2026-07-11 22:06:58,1783807618,R_75,52911.7417,1,11.826099999998405,BACKFILL_AUTO
2026-07-11 22:07:00,1783807620,R_75,52905.5141,-1,6.227599999998347,BACKFILL_AUTO
2026-07-11 22:07:02,1783807622,R_75,52900.0641,-1,5.44999999999709,BACKFILL_AUTO
2026-07-11 22:07:04,1783807624,R_75,52907.6882,1,7.624099999993632,BACKFILL_AUTO
2026-07-11 22:07:06,1783807626,R_75,52901.7511,-1,5.937099999995553,BACKFILL_AUTO
2026-07-11 22:07:08,1783807628,R_75,52903.1304,1,1.3793000000005122,BACKFILL_AUTO
2026-07-11 22:07:10,1783807630,R_75,52918.3923,1,15.261899999997695,BACKFILL_AUTO
2026-07-11 22:07:12,1783807632,R_75,52911.2273,-1,7.165000000000873,BACKFILL_AUTO
2026-07-11 22:07:14,1783807634,R_75,52913.037,1,1.8096999999979744,BACKFILL_AUTO
2026-07-11 22:07:16,1783807636,R_75,52910.4058,-1,2.63119999999617,BACKFILL_AUTO
2026-07-11 22:07:18,1783807638,R_75,52910.7977,1,0.3919000000023516,BACKFILL_AUTO
2026-07-11 22:07:20,1783807640,R_75,52904.3732,-1,6.4245000000009895,BACKFILL_AUTO
2026-07-11 22:07:22,1783807642,R_75,52916.6758,1,12.302599999995437,BACKFILL_AUTO
2026-07-11 22:07:24,1783807644,R_75,52926.8128,1,10.137000000002445,BACKFILL_AUTO
2026-07-11 22:07:26,1783807646,R_75,52923.8849,-1,2.92790000000241,BACKFILL_AUTO
2026-07-11 22:07:28,1783807648,R_75,52928.565,1,4.680100000005041,BACKFILL_AUTO
2026-07-11 22:07:30,1783807650,R_75,52929.9851,1,1.4200999999957276,BACKFILL_AUTO
2026-07-11 22:07:32,1783807652,R_75,52940.5388,1,10.553700000004028,BACKFILL_AUTO
2026-07-11 22:07:34,1783807654,R_75,52949.1962,1,8.657399999996414,BACKFILL_AUTO
2026-07-11 22:07:36,1783807656,R_75,52946.7584,-1,2.4377999999996973,BACKFILL_AUTO
2026-07-11 22:07:38,1783807658,R_75,52950.1181,1,3.3597000000008848,BACKFILL_AUTO
2026-07-11 22:07:40,1783807660,R_75,52973.0918,1,22.97370000000228,BACKFILL_AUTO
2026-07-11 22:07:42,1783807662,R_75,52951.9949,-1,21.096900000004098,BACKFILL_AUTO
2026-07-11 22:07:44,1783807664,R_75,52936.638,-1,15.35689999999886,BACKFILL_AUTO
2026-07-11 22:07:46,1783807666,R_75,52945.1339,1,8.495900000001711,BACKFILL_AUTO
2026-07-11 22:07:48,1783807668,R_75,52957.1846,1,12.050699999999779,BACKFILL_AUTO
2026-07-11 22:07:50,1783807670,R_75,52963.1886,1,6.004000000000815,BACKFILL_AUTO
2026-07-11 22:07:52,1783807672,R_75,52974.6537,1,11.465100000001257,BACKFILL_AUTO
2026-07-11 22:07:54,1783807674,R_75,52989.6417,1,14.987999999997555,BACKFILL_AUTO
2026-07-11 22:07:56,1783807676,R_75,52970.026,-1,19.615700000002107,BACKFILL_AUTO
2026-07-11 22:07:58,1783807678,R_75,52979.1871,1,9.161100000004808,BACKFILL_AUTO
2026-07-11 22:08:00,1783807680,R_75,52974.1861,-1,5.001000000003842,BACKFILL_AUTO
2026-07-11 22:08:02,1783807682,R_75,52974.9461,1,0.7600000000020373,BACKFILL_AUTO
2026-07-11 22:08:04,1783807684,R_75,52978.2483,1,3.3021999999982654,BACKFILL_AUTO
2026-07-11 22:08:06,1783807686,R_75,52983.7726,1,5.524299999997311,BACKFILL_AUTO
2026-07-11 22:08:08,1783807688,R_75,52985.8166,1,2.044000000001688,BACKFILL_AUTO
2026-07-11 22:08:10,1783807690,R_75,52989.8608,1,4.0442000000039116,BACKFILL_AUTO
2026-07-11 22:08:12,1783807692,R_75,53000.4766,1,10.615799999999581,BACKFILL_AUTO
2026-07-11 22:08:14,1783807694,R_75,52996.982,-1,3.4945999999981723,BACKFILL_AUTO
2026-07-11 22:08:16,1783807696,R_75,52968.6666,-1,28.315400000006775,BACKFILL_AUTO
2026-07-11 22:08:18,1783807698,R_75,52964.0314,-1,4.635199999996985,BACKFILL_AUTO
2026-07-11 22:08:20,1783807700,R_75,52981.3035,1,17.272100000001956,BACKFILL_AUTO
2026-07-11 22:08:22,1783807702,R_75,52987.3152,1,6.011699999995471,BACKFILL_AUTO
2026-07-11 22:08:24,1783807704,R_75,52963.2117,-1,24.10349999999744,BACKFILL_AUTO
2026-07-11 22:08:26,1783807706,R_75,52980.994,1,17.78229999999894,BACKFILL_AUTO
2026-07-11 22:08:28,1783807708,R_75,52980.857,-1,0.13699999999516876,BACKFILL_AUTO
2026-07-11 22:08:30,1783807710,R_75,52971.715,-1,9.142000000007101,BACKFILL_AUTO
2026-07-11 22:08:32,1783807712,R_75,52958.7792,-1,12.93579999999929,BACKFILL_AUTO
2026-07-11 22:08:34,1783807714,R_75,52943.3859,-1,15.393299999996088,BACKFILL_AUTO
2026-07-11 22:08:36,1783807716,R_75,52943.678,1,0.29209999999875436,BACKFILL_AUTO
2026-07-11 22:08:38,1783807718,R_75,52933.4421,-1,10.235899999999674,BACKFILL_AUTO
2026-07-11 22:08:40,1783807720,R_75,52937.1118,1,3.6696999999985565,BACKFILL_AUTO
2026-07-11 22:08:42,1783807722,R_75,52944.4183,1,7.306499999998778,BACKFILL_AUTO
2026-07-11 22:08:44,1783807724,R_75,52939.9519,-1,4.46639999999752,BACKFILL_AUTO
2026-07-11 22:08:46,1783807726,R_75,52930.6316,-1,9.320299999999406,BACKFILL_AUTO
2026-07-11 22:08:48,1783807728,R_75,52937.481,1,6.84939999999915,BACKFILL_AUTO
2026-07-11 22:08:50,1783807730,R_75,52932.0695,-1,5.411500000001979,BACKFILL_AUTO
2026-07-11 22:08:52,1783807732,R_75,52915.5854,-1,16.484099999994214,BACKFILL_AUTO
2026-07-11 22:08:54,1783807734,R_75,52922.5878,1,7.002399999997579,BACKFILL_AUTO
2026-07-11 22:08:56,1783807736,R_75,52905.4765,-1,17.11130000000412,BACKFILL_AUTO
2026-07-11 22:08:58,1783807738,R_75,52922.2733,1,16.796800000003714,BACKFILL_AUTO
2026-07-11 22:09:00,1783807740,R_75,52935.1099,1,12.836600000002363,BACKFILL_AUTO
2026-07-11 22:09:02,1783807742,R_75,52945.5283,1,10.418399999995017,BACKFILL_AUTO
2026-07-11 22:09:04,1783807744,R_75,52946.0621,1,0.5338000000047032,BACKFILL_AUTO
2026-07-11 22:09:06,1783807746,R_75,52942.1652,-1,3.8968999999997322,BACKFILL_AUTO
2026-07-11 22:09:08,1783807748,R_75,52928.3656,-1,13.79960000000574,BACKFILL_AUTO
2026-07-11 22:09:10,1783807750,R_75,52932.8918,1,4.5262000000002445,BACKFILL_AUTO
2026-07-11 22:09:12,1783807752,R_75,52932.6546,-1,0.2371999999959371,BACKFILL_AUTO
2026-07-11 22:09:14,1783807754,R_75,52924.0332,-1,8.621400000003632,BACKFILL_AUTO
2026-07-11 22:09:16,1783807756,R_75,52920.572,-1,3.461199999997916,BACKFILL_AUTO
2026-07-11 22:09:18,1783807758,R_75,52921.9601,1,1.3880999999964843,BACKFILL_AUTO
2026-07-11 22:09:20,1783807760,R_75,52915.8843,-1,6.075799999998708,BACKFILL_AUTO
2026-07-11 22:09:22,1783807762,R_75,52909.6831,-1,6.201199999995879,BACKFILL_AUTO
2026-07-11 22:09:24,1783807764,R_75,52908.3908,-1,1.2923000000009779,BACKFILL_AUTO
2026-07-11 22:09:26,1783807766,R_75,52912.0555,1,3.664700000001176,BACKFILL_AUTO
2026-07-11 22:09:28,1783807768,R_75,52908.7617,-1,3.2937999999994645,BACKFILL_AUTO
2026-07-11 22:09:30,1783807770,R_75,52904.6686,-1,4.0931000000055064,BACKFILL_AUTO
2026-07-11 22:09:32,1783807772,R_75,52896.5322,-1,8.136399999995774,BACKFILL_AUTO
2026-07-11 22:09:34,1783807774,R_75,52888.6372,-1,7.8950000000040745,BACKFILL_AUTO
2026-07-11 22:09:36,1783807776,R_75,52907.6048,1,18.967600000003586,BACKFILL_AUTO
2026-07-11 22:09:38,1783807778,R_75,52918.1332,1,10.5283999999956,BACKFILL_AUTO
2026-07-11 22:09:40,1783807780,R_75,52925.2331,1,7.099900000001071,BACKFILL_AUTO
2026-07-11 22:09:42,1783807782,R_75,52921.2853,-1,3.9477999999944586,BACKFILL_AUTO
2026-07-11 22:09:44,1783807784,R_75,52936.2581,1,14.972799999995914,BACKFILL_AUTO
2026-07-11 22:09:46,1783807786,R_75,52928.1474,-1,8.11069999999745,BACKFILL_AUTO
2026-07-11 22:09:48,1783807788,R_75,52922.9862,-1,5.161200000002282,BACKFILL_AUTO
2026-07-11 22:09:50,1783807790,R_75,52930.6116,1,7.625399999997171,BACKFILL_AUTO
2026-07-11 22:09:52,1783807792,R_75,52930.6466,1,0.03500000000349246,BACKFILL_AUTO
2026-07-11 22:09:54,1783807794,R_75,52946.5016,1,15.855000000003201,BACKFILL_AUTO
2026-07-11 22:09:56,1783807796,R_75,52947.7586,1,1.256999999997788,BACKFILL_AUTO
2026-07-11 22:09:58,1783807798,R_75,52960.6273,1,12.86869999999908,BACKFILL_AUTO
2026-07-11 22:10:00,1783807800,R_75,52952.4394,-1,8.187899999997171,BACKFILL_AUTO
2026-07-11 22:10:02,1783807802,R_75,52948.0662,-1,4.373200000001816,BACKFILL_AUTO
2026-07-11 22:10:04,1783807804,R_75,52930.2616,-1,17.80460000000312,BACKFILL_AUTO
2026-07-11 22:10:06,1783807806,R_75,52942.5276,1,12.26600000000326,BACKFILL_AUTO
2026-07-11 22:10:08,1783807808,R_75,52948.8237,1,6.296099999999569,BACKFILL_AUTO
2026-07-11 22:10:10,1783807810,R_75,52948.2474,-1,0.5763000000006286,BACKFILL_AUTO
2026-07-11 22:10:12,1783807812,R_75,52953.6463,1,5.39890000000014,BACKFILL_AUTO
2026-07-11 22:10:14,1783807814,R_75,52952.4551,-1,1.1912000000011176,BACKFILL_AUTO
2026-07-11 22:10:16,1783807816,R_75,52971.6511,1,19.19600000000355,BACKFILL_AUTO
2026-07-11 22:10:18,1783807818,R_75,52966.7362,-1,4.914900000003399,BACKFILL_AUTO
2026-07-11 22:10:20,1783807820,R_75,52950.2268,-1,16.509400000002643,BACKFILL_AUTO
2026-07-11 22:10:22,1783807822,R_75,52949.2055,-1,1.0213000000003376,BACKFILL_AUTO
2026-07-11 22:10:24,1783807824,R_75,52948.7739,-1,0.4315999999962514,BACKFILL_AUTO
2026-07-11 22:10:26,1783807826,R_75,52938.3846,-1,10.38930000000255,BACKFILL_AUTO
2026-07-11 22:10:28,1783807828,R_75,52930.0554,-1,8.329200000000128,BACKFILL_AUTO
2026-07-11 22:10:30,1783807830,R_75,52932.6616,1,2.6062000000019907,BACKFILL_AUTO
2026-07-11 22:10:32,1783807832,R_75,52930.1575,-1,2.5040999999982887,BACKFILL_AUTO
2026-07-11 22:10:34,1783807834,R_75,52942.8342,1,12.676699999996345,BACKFILL_AUTO
2026-07-11 22:10:36,1783807836,R_75,52927.4264,-1,15.407800000000861,BACKFILL_AUTO
2026-07-11 22:10:38,1783807838,R_75,52935.2145,1,7.788100000005215,BACKFILL_AUTO
2026-07-11 22:10:40,1783807840,R_75,52939.9946,1,4.78009999999631,BACKFILL_AUTO
2026-07-11 22:10:42,1783807842,R_75,52955.9775,1,15.9829000000027,BACKFILL_AUTO
2026-07-11 22:10:44,1783807844,R_75,52953.5715,-1,2.4060000000026776,BACKFILL_AUTO
2026-07-11 22:10:46,1783807846,R_75,52949.4514,-1,4.120100000000093,BACKFILL_AUTO
2026-07-11 22:10:48,1783807848,R_75,52973.6487,1,24.197299999999814,BACKFILL_AUTO
2026-07-11 22:10:50,1783807850,R_75,52983.0001,1,9.351399999999558,BACKFILL_AUTO
2026-07-11 22:10:52,1783807852,R_75,52988.4709,1,5.470800000002782,BACKFILL_AUTO
2026-07-11 22:10:54,1783807854,R_75,52986.8251,-1,1.6457999999984168,BACKFILL_AUTO
2026-07-11 22:10:56,1783807856,R_75,52995.7289,1,8.903800000000047,BACKFILL_AUTO
2026-07-11 22:10:58,1783807858,R_75,52991.2551,-1,4.4737999999997555,BACKFILL_AUTO
2026-07-11 22:11:00,1783807860,R_75,52978.8613,-1,12.393800000005285,BACKFILL_AUTO
2026-07-11 22:11:02,1783807862,R_75,52990.6012,1,11.739900000000489,BACKFILL_AUTO
2026-07-11 22:11:04,1783807864,R_75,53007.3626,1,16.76140000000305,BACKFILL_AUTO
2026-07-11 22:11:06,1783807866,R_75,53022.8375,1,15.474900000001071,BACKFILL_AUTO
2026-07-11 22:11:08,1783807868,R_75,53032.2884,1,9.450899999996182,BACKFILL_AUTO
2026-07-11 22:11:10,1783807870,R_75,53016.5132,-1,15.775199999996403,BACKFILL_AUTO
2026-07-11 22:11:12,1783807872,R_75,53021.0115,1,4.49829999999929,BACKFILL_AUTO
2026-07-11 22:11:14,1783807874,R_75,53005.5187,-1,15.492799999999988,BACKFILL_AUTO
2026-07-11 22:11:16,1783807876,R_75,53011.0419,1,5.523199999995995,BACKFILL_AUTO
2026-07-11 22:11:18,1783807878,R_75,53022.3679,1,11.326000000000931,BACKFILL_AUTO
2026-07-11 22:11:20,1783807880,R_75,53021.8118,-1,0.5560999999943306,BACKFILL_AUTO
2026-07-11 22:11:22,1783807882,R_75,53021.9747,1,0.16289999999571592,BACKFILL_AUTO
2026-07-11 22:11:24,1783807884,R_75,53012.1066,-1,9.868099999999686,BACKFILL_AUTO
2026-07-11 22:11:26,1783807886,R_75,53023.2888,1,11.182200000002922,BACKFILL_AUTO
2026-07-11 22:11:28,1783807888,R_75,53028.3863,1,5.0974999999962165,BACKFILL_AUTO
2026-07-11 22:11:30,1783807890,R_75,53023.9006,-1,4.4856999999974505,BACKFILL_AUTO
2026-07-11 22:11:32,1783807892,R_75,53040.7925,1,16.89190000000235,BACKFILL_AUTO
2026-07-11 22:11:34,1783807894,R_75,53033.6102,-1,7.182300000000396,BACKFILL_AUTO
2026-07-11 22:11:36,1783807896,R_75,53029.8236,-1,3.786599999999453,BACKFILL_AUTO
2026-07-11 22:11:38,1783807898,R_75,53033.1555,1,3.331899999997404,BACKFILL_AUTO
2026-07-11 22:11:40,1783807900,R_75,53036.7214,1,3.5659000000014203,BACKFILL_AUTO
2026-07-11 22:11:42,1783807902,R_75,53023.9401,-1,12.781300000002375,BACKFILL_AUTO
2026-07-11 22:11:44,1783807904,R_75,53020.9135,-1,3.0265999999974156,BACKFILL_AUTO
2026-07-11 22:11:46,1783807906,R_75,53000.5751,-1,20.338400000000547,BACKFILL_AUTO
2026-07-11 22:11:48,1783807908,R_75,53007.5353,1,6.96020000000135,BACKFILL_AUTO
2026-07-11 22:11:50,1783807910,R_75,53021.4936,1,13.958299999998417,BACKFILL_AUTO
2026-07-11 22:11:52,1783807912,R_75,53018.4968,-1,2.9968000000008033,BACKFILL_AUTO
2026-07-11 22:11:54,1783807914,R_75,53016.8318,-1,1.6650000000008731,BACKFILL_AUTO
2026-07-11 22:11:56,1783807916,R_75,53018.804,1,1.9721999999965192,BACKFILL_AUTO
2026-07-11 22:11:58,1783807918,R_75,53014.7585,-1,4.045499999992899,BACKFILL_AUTO
2026-07-11 22:12:00,1783807920,R_75,52996.3738,-1,18.38470000000234,BACKFILL_AUTO
2026-07-11 22:12:02,1783807922,R_75,52973.3729,-1,23.000899999999092,BACKFILL_AUTO
2026-07-11 22:12:04,1783807924,R_75,52966.2512,-1,7.1217000000033295,BACKFILL_AUTO
2026-07-11 22:12:06,1783807926,R_75,52942.1536,-1,24.097600000000966,BACKFILL_AUTO
2026-07-11 22:12:08,1783807928,R_75,52952.4747,1,10.321100000001024,BACKFILL_AUTO
2026-07-11 22:12:10,1783807930,R_75,52949.6616,-1,2.8130999999993946,BACKFILL_AUTO
2026-07-11 22:12:12,1783807932,R_75,52930.6194,-1,19.042199999996228,BACKFILL_AUTO
2026-07-11 22:12:14,1783807934,R_75,52935.0698,1,4.450399999994261,BACKFILL_AUTO
2026-07-11 22:12:16,1783807936,R_75,52951.8169,1,16.7471000000005,BACKFILL_AUTO
2026-07-11 22:12:18,1783807938,R_75,52941.3136,-1,10.50329999999667,BACKFILL_AUTO
2026-07-11 22:12:20,1783807940,R_75,52942.8373,1,1.5236999999979162,BACKFILL_AUTO
2026-07-11 22:12:22,1783807942,R_75,52937.5385,-1,5.298799999996845,BACKFILL_AUTO
2026-07-11 22:12:24,1783807944,R_75,52945.8014,1,8.26289999999426,BACKFILL_AUTO
2026-07-11 22:12:26,1783807946,R_75,52939.6794,-1,6.121999999995751,BACKFILL_AUTO
2026-07-11 22:12:28,1783807948,R_75,52930.7475,-1,8.931900000003225,BACKFILL_AUTO
2026-07-11 22:12:30,1783807950,R_75,52924.5008,-1,6.2466999999960535,BACKFILL_AUTO
2026-07-11 22:12:32,1783807952,R_75,52927.5151,1,3.0142999999952735,BACKFILL_AUTO
2026-07-11 22:12:34,1783807954,R_75,52953.9805,1,26.465400000000955,BACKFILL_AUTO
2026-07-11 22:12:36,1783807956,R_75,52984.2518,1,30.271300000000338,BACKFILL_AUTO
2026-07-11 22:12:38,1783807958,R_75,52986.4128,1,2.161000000000058,BACKFILL_AUTO
2026-07-11 22:12:40,1783807960,R_75,52986.7183,1,0.3055000000022119,BACKFILL_AUTO
2026-07-11 22:12:42,1783807962,R_75,53007.3318,1,20.613499999999476,BACKFILL_AUTO
2026-07-11 22:12:44,1783807964,R_75,53007.0631,-1,0.2687000000005355,BACKFILL_AUTO
2026-07-11 22:12:46,1783807966,R_75,53021.3725,1,14.309399999998277,BACKFILL_AUTO
2026-07-11 22:12:48,1783807968,R_75,53012.4127,-1,8.959799999996903,BACKFILL_AUTO
2026-07-11 22:12:50,1783807970,R_75,53021.889,1,9.476300000002084,BACKFILL_AUTO
2026-07-11 22:12:52,1783807972,R_75,53024.6783,1,2.7892999999967287,BACKFILL_AUTO
2026-07-11 22:12:54,1783807974,R_75,53014.3204,-1,10.3579000000027,BACKFILL_AUTO
2026-07-11 22:12:56,1783807976,R_75,53024.9072,1,10.586800000004587,BACKFILL_AUTO
2026-07-11 22:12:58,1783807978,R_75,53023.8911,-1,1.0161000000007334,BACKFILL_AUTO
2026-07-11 22:13:00,1783807980,R_75,53008.7131,-1,15.177999999999884,BACKFILL_AUTO
2026-07-11 22:13:02,1783807982,R_75,53003.5218,-1,5.191299999998591,BACKFILL_AUTO
2026-07-11 22:13:04,1783807984,R_75,53013.9304,1,10.408599999995204,BACKFILL_AUTO
2026-07-11 22:13:06,1783807986,R_75,53017.3397,1,3.409299999999348,BACKFILL_AUTO
2026-07-11 22:13:08,1783807988,R_75,53020.4489,1,3.10920000000624,BACKFILL_AUTO
2026-07-11 22:13:10,1783807990,R_75,53011.8471,-1,8.601800000004005,BACKFILL_AUTO
2026-07-11 22:13:12,1783807992,R_75,53010.512,-1,1.3350999999966007,BACKFILL_AUTO
2026-07-11 22:13:14,1783807994,R_75,53019.4321,1,8.920099999995728,BACKFILL_AUTO
2026-07-11 22:13:16,1783807996,R_75,53010.6192,-1,8.812899999997171,BACKFILL_AUTO
2026-07-11 22:13:18,1783807998,R_75,53006.1032,-1,4.51600000000326,BACKFILL_AUTO
2026-07-11 22:13:20,1783808000,R_75,53020.662,1,14.558799999998882,BACKFILL_AUTO
2026-07-11 22:13:22,1783808002,R_75,53028.4813,1,7.8193000000028405,BACKFILL_AUTO
2026-07-11 22:13:24,1783808004,R_75,53029.4917,1,1.0103999999992084,BACKFILL_AUTO
2026-07-11 22:13:26,1783808006,R_75,53025.8595,-1,3.6322000000000116,BACKFILL_AUTO
2026-07-11 22:13:28,1783808008,R_75,53034.5718,1,8.712299999999232,BACKFILL_AUTO
2026-07-11 22:13:30,1783808010,R_75,53042.0343,1,7.462500000001455,BACKFILL_AUTO
2026-07-11 22:13:32,1783808012,R_75,53040.2719,-1,1.7623999999996158,BACKFILL_AUTO
2026-07-11 22:13:34,1783808014,R_75,53042.4585,1,2.186600000000908,BACKFILL_AUTO
2026-07-11 22:13:36,1783808016,R_75,53036.7725,-1,5.686000000001513,BACKFILL_AUTO
2026-07-11 22:13:38,1783808018,R_75,53042.8824,1,6.109900000003108,BACKFILL_AUTO
2026-07-11 22:13:40,1783808020,R_75,53045.2914,1,2.4089999999996508,BACKFILL_AUTO
2026-07-11 22:13:42,1783808022,R_75,53062.7759,1,17.48449999999866,BACKFILL_AUTO
2026-07-11 22:13:44,1783808024,R_75,53051.87,-1,10.905899999997928,BACKFILL_AUTO
2026-07-11 22:13:46,1783808026,R_75,53047.1281,-1,4.741900000000896,BACKFILL_AUTO
2026-07-11 22:13:48,1783808028,R_75,53028.4328,-1,18.695299999999406,BACKFILL_AUTO
2026-07-11 22:13:50,1783808030,R_75,53008.101,-1,20.33179999999993,BACKFILL_AUTO
2026-07-11 22:13:52,1783808032,R_75,52998.4121,-1,9.688900000001013,BACKFILL_AUTO
2026-07-11 22:13:54,1783808034,R_75,52998.6888,1,0.2767000000021653,BACKFILL_AUTO
2026-07-11 22:13:56,1783808036,R_75,53027.2213,1,28.532499999993888,BACKFILL_AUTO
2026-07-11 22:13:58,1783808038,R_75,53034.9861,1,7.76480000000447,BACKFILL_AUTO
2026-07-11 22:14:00,1783808040,R_75,53036.39,1,1.4038999999975204,BACKFILL_AUTO
2026-07-11 22:14:02,1783808042,R_75,53036.2622,-1,0.12780000000202563,BACKFILL_AUTO
2026-07-11 22:14:04,1783808044,R_75,53019.8952,-1,16.36699999999837,BACKFILL_AUTO
2026-07-11 22:14:06,1783808046,R_75,53043.6311,1,23.735899999999674,BACKFILL_AUTO
2026-07-11 22:14:08,1783808048,R_75,53033.1399,-1,10.491199999996752,BACKFILL_AUTO
2026-07-11 22:14:10,1783808050,R_75,53036.5882,1,3.4482999999963795,BACKFILL_AUTO
2026-07-11 22:14:12,1783808052,R_75,53039.8625,1,3.2743000000045868,BACKFILL_AUTO
2026-07-11 22:14:14,1783808054,R_75,53026.9319,-1,12.930599999999686,BACKFILL_AUTO
2026-07-11 22:14:16,1783808056,R_75,53034.2377,1,7.305799999994633,BACKFILL_AUTO
2026-07-11 22:14:18,1783808058,R_75,53045.5278,1,11.290100000005623,BACKFILL_AUTO
2026-07-11 22:14:20,1783808060,R_75,53040.7681,-1,4.75970000000234,BACKFILL_AUTO
2026-07-11 22:14:22,1783808062,R_75,53041.5172,1,0.749100000000908,BACKFILL_AUTO
2026-07-11 22:14:24,1783808064,R_75,53031.2674,-1,10.249800000005052,BACKFILL_AUTO
2026-07-11 22:14:26,1783808066,R_75,53025.974,-1,5.293399999995017,BACKFILL_AUTO
2026-07-11 22:14:28,1783808068,R_75,53037.8482,1,11.874199999998382,BACKFILL_AUTO
2026-07-11 22:14:30,1783808070,R_75,53036.7449,-1,1.1033000000024913,BACKFILL_AUTO
2026-07-11 22:14:32,1783808072,R_75,53023.5782,-1,13.166699999994307,BACKFILL_AUTO
2026-07-11 22:14:34,1783808074,R_75,53036.8467,1,13.268499999998312,BACKFILL_AUTO
2026-07-11 22:14:36,1783808076,R_75,53034.084,-1,2.762699999999313,BACKFILL_AUTO
2026-07-11 22:14:38,1783808078,R_75,53033.2243,-1,0.8597000000008848,BACKFILL_AUTO
2026-07-11 22:14:40,1783808080,R_75,53017.1976,-1,16.026700000002165,BACKFILL_AUTO
2026-07-11 22:14:42,1783808082,R_75,53027.5869,1,10.38930000000255,BACKFILL_AUTO
2026-07-11 22:14:44,1783808084,R_75,53033.6389,1,6.051999999996042,BACKFILL_AUTO
2026-07-11 22:14:46,1783808086,R_75,53019.9206,-1,13.718300000000454,BACKFILL_AUTO
2026-07-11 22:14:48,1783808088,R_75,53034.8767,1,14.956100000003062,BACKFILL_AUTO
2026-07-11 22:14:50,1783808090,R_75,53037.5935,1,2.7168000000019674,BACKFILL_AUTO
2026-07-11 22:14:52,1783808092,R_75,53030.5505,-1,7.043000000005122,BACKFILL_AUTO
2026-07-11 22:14:54,1783808094,R_75,53031.4598,1,0.9092999999993481,BACKFILL_AUTO
2026-07-11 22:14:56,1783808096,R_75,53031.4657,1,0.005900000003748573,BACKFILL_AUTO
2026-07-11 22:14:58,1783808098,R_75,53045.1297,1,13.663999999997031,BACKFILL_AUTO
2026-07-11 22:15:00,1783808100,R_75,53033.5926,-1,11.537099999994098,BACKFILL_AUTO
2026-07-11 22:15:02,1783808102,R_75,53039.2731,1,5.680499999994936,BACKFILL_AUTO
2026-07-11 22:15:04,1783808104,R_75,53047.6047,1,8.331600000004983,BACKFILL_AUTO
2026-07-11 22:15:06,1783808106,R_75,53042.7293,-1,4.875400000004447,BACKFILL_AUTO
2026-07-11 22:15:08,1783808108,R_75,53034.5174,-1,8.21190000000206,BACKFILL_AUTO
2026-07-11 22:15:10,1783808110,R_75,53033.9275,-1,0.5898999999990338,BACKFILL_AUTO
2026-07-11 22:15:12,1783808112,R_75,53031.4555,-1,2.4720000000015716,BACKFILL_AUTO
2026-07-11 22:15:14,1783808114,R_75,53032.5412,1,1.0857000000032713,BACKFILL_AUTO
2026-07-11 22:15:16,1783808116,R_75,53029.8189,-1,2.722300000001269,BACKFILL_AUTO
2026-07-11 22:15:18,1783808118,R_75,53008.7718,-1,21.047099999996135,BACKFILL_AUTO
2026-07-11 22:15:20,1783808120,R_75,53006.0828,-1,2.6890000000057626,BACKFILL_AUTO
2026-07-11 22:15:22,1783808122,R_75,53007.1487,1,1.0659000000014203,BACKFILL_AUTO
2026-07-11 22:15:24,1783808124,R_75,53003.8636,-1,3.2851000000009662,BACKFILL_AUTO
2026-07-11 22:15:26,1783808126,R_75,53001.8306,-1,2.032999999995809,BACKFILL_AUTO
2026-07-11 22:15:28,1783808128,R_75,52998.8738,-1,2.95679999999993,BACKFILL_AUTO
2026-07-11 22:15:30,1783808130,R_75,52994.4272,-1,4.446600000002945,BACKFILL_AUTO
2026-07-11 22:15:32,1783808132,R_75,53007.6466,1,13.21940000000177,BACKFILL_AUTO
2026-07-11 22:15:34,1783808134,R_75,53008.2237,1,0.5771000000022468,BACKFILL_AUTO
2026-07-11 22:15:36,1783808136,R_75,53013.977,1,5.7532999999966705,BACKFILL_AUTO
2026-07-11 22:15:38,1783808138,R_75,53010.4444,-1,3.532599999998638,BACKFILL_AUTO
2026-07-11 22:15:40,1783808140,R_75,53017.3293,1,6.8848999999972875,BACKFILL_AUTO
2026-07-11 22:15:42,1783808142,R_75,53011.1314,-1,6.197899999999208,BACKFILL_AUTO
2026-07-11 22:15:44,1783808144,R_75,53005.5306,-1,5.600800000000163,BACKFILL_AUTO
2026-07-11 22:15:46,1783808146,R_75,53008.7424,1,3.2118000000045868,BACKFILL_AUTO
2026-07-11 22:15:48,1783808148,R_75,53006.3937,-1,2.3487000000022817,BACKFILL_AUTO
2026-07-11 22:15:50,1783808150,R_75,53001.7903,-1,4.603399999999965,BACKFILL_AUTO
2026-07-11 22:15:52,1783808152,R_75,52993.3753,-1,8.415000000000873,BACKFILL_AUTO
2026-07-11 22:15:54,1783808154,R_75,52998.566,1,5.190699999999197,BACKFILL_AUTO
2026-07-11 22:15:56,1783808156,R_75,52999.4607,1,0.8947000000043772,BACKFILL_AUTO
2026-07-11 22:15:58,1783808158,R_75,52997.3731,-1,2.087600000006205,BACKFILL_AUTO
2026-07-11 22:16:00,1783808160,R_75,53010.1844,1,12.81130000000121,BACKFILL_AUTO
2026-07-11 22:16:02,1783808162,R_75,53006.2666,-1,3.917799999995623,BACKFILL_AUTO
2026-07-11 22:16:04,1783808164,R_75,52993.7427,-1,12.52390000000014,BACKFILL_AUTO
2026-07-11 22:16:06,1783808166,R_75,52980.084,-1,13.658699999999953,BACKFILL_AUTO
2026-07-11 22:16:08,1783808168,R_75,52992.4084,1,12.324399999997695,BACKFILL_AUTO
2026-07-11 22:16:10,1783808170,R_75,52976.1539,-1,16.254500000002736,BACKFILL_AUTO
2026-07-11 22:16:12,1783808172,R_75,52986.0047,1,9.850800000000163,BACKFILL_AUTO
2026-07-11 22:16:14,1783808174,R_75,53000.3699,1,14.365200000000186,BACKFILL_AUTO
2026-07-11 22:16:16,1783808176,R_75,52983.2286,-1,17.14129999999568,BACKFILL_AUTO
2026-07-11 22:16:18,1783808178,R_75,53001.6811,1,18.452499999999418,BACKFILL_AUTO
2026-07-11 22:16:20,1783808180,R_75,53007.3406,1,5.659500000001572,BACKFILL_AUTO
2026-07-11 22:16:22,1783808182,R_75,52992.2282,-1,15.112400000005437,BACKFILL_AUTO
2026-07-11 22:16:24,1783808184,R_75,52991.8037,-1,0.42450000000098953,BACKFILL_AUTO
2026-07-11 22:16:26,1783808186,R_75,52988.8198,-1,2.9838999999992666,BACKFILL_AUTO
2026-07-11 22:16:28,1783808188,R_75,52978.3101,-1,10.509699999995064,BACKFILL_AUTO
2026-07-11 22:16:30,1783808190,R_75,52966.1244,-1,12.185700000001816,BACKFILL_AUTO
2026-07-11 22:16:32,1783808192,R_75,52984.7636,1,18.6391999999978,BACKFILL_AUTO
2026-07-11 22:16:34,1783808194,R_75,52993.2008,1,8.437200000000303,BACKFILL_AUTO
2026-07-11 22:16:36,1783808196,R_75,52996.5608,1,3.360000000000582,BACKFILL_AUTO
2026-07-11 22:16:38,1783808198,R_75,53003.636,1,7.075199999999313,BACKFILL_AUTO
2026-07-11 22:16:40,1783808200,R_75,53007.6399,1,4.003900000003341,BACKFILL_AUTO
2026-07-11 22:16:42,1783808202,R_75,53011.3183,1,3.6783999999970547,BACKFILL_AUTO
2026-07-11 22:16:44,1783808204,R_75,53021.5769,1,10.258600000001024,BACKFILL_AUTO
2026-07-11 22:16:46,1783808206,R_75,53042.2363,1,20.659399999996822,BACKFILL_AUTO
2026-07-11 22:16:48,1783808208,R_75,53027.074,-1,15.162299999996321,BACKFILL_AUTO
2026-07-11 22:16:50,1783808210,R_75,53019.5039,-1,7.570099999997183,BACKFILL_AUTO
2026-07-11 22:16:52,1783808212,R_75,53002.0194,-1,17.484500000005937,BACKFILL_AUTO
2026-07-11 22:16:54,1783808214,R_75,53000.9158,-1,1.1035999999949127,BACKFILL_AUTO
2026-07-11 22:16:56,1783808216,R_75,53017.3371,1,16.421299999994517,BACKFILL_AUTO
2026-07-11 22:16:58,1783808218,R_75,53006.4943,-1,10.842799999998533,BACKFILL_AUTO
2026-07-11 22:17:00,1783808220,R_75,53000.8382,-1,5.656100000000151,BACKFILL_AUTO
2026-07-11 22:17:02,1783808222,R_75,52988.448,-1,12.390200000001641,BACKFILL_AUTO
2026-07-11 22:17:04,1783808224,R_75,52984.357,-1,4.090999999993073,BACKFILL_AUTO
2026-07-11 22:17:06,1783808226,R_75,52986.4726,1,2.1155999999973574,BACKFILL_AUTO
2026-07-11 22:17:08,1783808228,R_75,52985.506,-1,0.9665999999997439,BACKFILL_AUTO
2026-07-11 22:17:10,1783808230,R_75,52986.0182,1,0.5121999999973923,BACKFILL_AUTO
2026-07-11 22:17:12,1783808232,R_75,52978.4253,-1,7.592899999996007,BACKFILL_AUTO
2026-07-11 22:17:14,1783808234,R_75,52990.2919,1,11.866599999993923,BACKFILL_AUTO
2026-07-11 22:17:16,1783808236,R_75,52996.1065,1,5.814600000005157,BACKFILL_AUTO
2026-07-11 22:17:18,1783808238,R_75,52985.3731,-1,10.733400000004622,BACKFILL_AUTO
2026-07-11 22:17:20,1783808240,R_75,52979.1349,-1,6.238199999999779,BACKFILL_AUTO
2026-07-11 22:17:22,1783808242,R_75,52970.5961,-1,8.538799999994808,BACKFILL_AUTO
2026-07-11 22:17:24,1783808244,R_75,52973.9849,1,3.3888000000006286,BACKFILL_AUTO
2026-07-11 22:17:26,1783808246,R_75,52972.7201,-1,1.2648000000044703,BACKFILL_AUTO
2026-07-11 22:17:28,1783808248,R_75,52988.55,1,15.829900000004272,BACKFILL_AUTO
2026-07-11 22:17:30,1783808250,R_75,52988.272,-1,0.27800000000570435,BACKFILL_AUTO
2026-07-11 22:17:32,1783808252,R_75,53006.2651,1,17.993099999999686,BACKFILL_AUTO
2026-07-11 22:17:34,1783808254,R_75,53024.0244,1,17.75930000000517,BACKFILL_AUTO
2026-07-11 22:17:36,1783808256,R_75,52989.2753,-1,34.74910000000091,BACKFILL_AUTO
2026-07-11 22:17:38,1783808258,R_75,52977.5556,-1,11.719700000001467,BACKFILL_AUTO
2026-07-11 22:17:40,1783808260,R_75,52971.3347,-1,6.220900000000256,BACKFILL_AUTO
2026-07-11 22:17:42,1783808262,R_75,52973.2402,1,1.9055000000007567,BACKFILL_AUTO
2026-07-11 22:17:44,1783808264,R_75,52978.8983,1,5.658100000000559,BACKFILL_AUTO
2026-07-11 22:17:46,1783808266,R_75,52981.6156,1,2.7172999999966123,BACKFILL_AUTO
2026-07-11 22:17:48,1783808268,R_75,52959.0811,-1,22.534499999994296,BACKFILL_AUTO
2026-07-11 22:17:50,1783808270,R_75,52953.2469,-1,5.834200000004785,BACKFILL_AUTO
2026-07-11 22:17:52,1783808272,R_75,52948.2911,-1,4.9557999999960884,BACKFILL_AUTO
2026-07-11 22:17:54,1783808274,R_75,52946.3925,-1,1.8986000000004424,BACKFILL_AUTO
2026-07-11 22:17:56,1783808276,R_75,52932.4188,-1,13.973700000002282,BACKFILL_AUTO
2026-07-11 22:17:58,1783808278,R_75,52944.7219,1,12.303099999997357,BACKFILL_AUTO
2026-07-11 22:18:00,1783808280,R_75,52947.4823,1,2.7604000000064843,BACKFILL_AUTO
2026-07-11 22:18:02,1783808282,R_75,52944.4147,-1,3.0676000000021304,BACKFILL_AUTO
2026-07-11 22:18:04,1783808284,R_75,52947.1196,1,2.7048999999969965,BACKFILL_AUTO
2026-07-11 22:18:06,1783808286,R_75,52950.7547,1,3.635099999999511,BACKFILL_AUTO
2026-07-11 22:18:08,1783808288,R_75,52949.8283,-1,0.9263999999966472,BACKFILL_AUTO
2026-07-11 22:18:10,1783808290,R_75,52971.8389,1,22.010600000001432,BACKFILL_AUTO
2026-07-11 22:18:12,1783808292,R_75,52966.6984,-1,5.140500000001339,BACKFILL_AUTO
2026-07-11 22:18:14,1783808294,R_75,52988.0,1,21.30159999999887,BACKFILL_AUTO
2026-07-11 22:18:16,1783808296,R_75,52994.383,1,6.38300000000163,BACKFILL_AUTO
2026-07-11 22:18:18,1783808298,R_75,52986.8452,-1,7.537799999998242,BACKFILL_AUTO
2026-07-11 22:18:20,1783808300,R_75,52978.3149,-1,8.53030000000581,BACKFILL_AUTO
2026-07-11 22:18:22,1783808302,R_75,52970.2933,-1,8.021600000000035,BACKFILL_AUTO
2026-07-11 22:18:24,1783808304,R_75,52980.9266,1,10.633300000001327,BACKFILL_AUTO
2026-07-11 22:18:26,1783808306,R_75,52979.3522,-1,1.574399999997695,BACKFILL_AUTO
2026-07-11 22:18:28,1783808308,R_75,52975.5207,-1,3.831500000000233,BACKFILL_AUTO
2026-07-11 22:18:30,1783808310,R_75,52968.2364,-1,7.284299999999348,BACKFILL_AUTO
2026-07-11 22:18:32,1783808312,R_75,52961.5399,-1,6.696499999998196,BACKFILL_AUTO
2026-07-11 22:18:34,1783808314,R_75,52977.9137,1,16.373799999993935,BACKFILL_AUTO
2026-07-11 22:18:36,1783808316,R_75,52985.3525,1,7.438800000003539,BACKFILL_AUTO
2026-07-11 22:18:38,1783808318,R_75,52988.8317,1,3.4792000000015832,BACKFILL_AUTO
2026-07-11 22:18:40,1783808320,R_75,52996.0518,1,7.220099999998638,BACKFILL_AUTO
2026-07-11 22:18:42,1783808322,R_75,52992.8524,-1,3.199399999997695,BACKFILL_AUTO
2026-07-11 22:18:44,1783808324,R_75,52997.7746,1,4.922199999993609,BACKFILL_AUTO
2026-07-11 22:18:46,1783808326,R_75,52997.2673,-1,0.5072999999974854,BACKFILL_AUTO
2026-07-11 22:18:48,1783808328,R_75,52999.087,1,1.8197000000000116,BACKFILL_AUTO
2026-07-11 22:18:50,1783808330,R_75,52997.7682,-1,1.3188000000009197,BACKFILL_AUTO
2026-07-11 22:18:52,1783808332,R_75,52999.0656,1,1.2974000000031083,BACKFILL_AUTO
2026-07-11 22:18:54,1783808334,R_75,53008.2756,1,9.209999999999127,BACKFILL_AUTO
2026-07-11 22:18:56,1783808336,R_75,52999.5817,-1,8.693899999998393,BACKFILL_AUTO
2026-07-11 22:18:58,1783808338,R_75,53004.4127,1,4.830999999998312,BACKFILL_AUTO
2026-07-11 22:19:00,1783808340,R_75,52988.3576,-1,16.055099999997765,BACKFILL_AUTO
2026-07-11 22:19:02,1783808342,R_75,52979.2872,-1,9.070400000004156,BACKFILL_AUTO
2026-07-11 22:19:04,1783808344,R_75,52985.048,1,5.760800000003655,BACKFILL_AUTO
2026-07-11 22:19:06,1783808346,R_75,52990.313,1,5.264999999999418,BACKFILL_AUTO
2026-07-11 22:19:08,1783808348,R_75,52979.5431,-1,10.769899999999325,BACKFILL_AUTO
2026-07-11 22:19:10,1783808350,R_75,52971.4632,-1,8.079900000004272,BACKFILL_AUTO
2026-07-11 22:19:12,1783808352,R_75,52959.4862,-1,11.976999999998952,BACKFILL_AUTO
2026-07-11 22:19:14,1783808354,R_75,52956.0966,-1,3.389600000002247,BACKFILL_AUTO
2026-07-11 22:19:16,1783808356,R_75,52951.236,-1,4.860599999999977,BACKFILL_AUTO
2026-07-11 22:19:18,1783808358,R_75,52961.3177,1,10.081700000002456,BACKFILL_AUTO
2026-07-11 22:19:20,1783808360,R_75,52975.125,1,13.807300000000396,BACKFILL_AUTO
2026-07-11 22:19:22,1783808362,R_75,52969.0299,-1,6.095099999998638,BACKFILL_AUTO
2026-07-11 22:19:24,1783808364,R_75,52984.2765,1,15.24659999999858,BACKFILL_AUTO
2026-07-11 22:19:26,1783808366,R_75,52990.4381,1,6.161599999999453,BACKFILL_AUTO
2026-07-11 22:19:28,1783808368,R_75,52991.8335,1,1.3954000000012456,BACKFILL_AUTO
2026-07-11 22:19:30,1783808370,R_75,52982.9402,-1,8.893300000003364,BACKFILL_AUTO
2026-07-11 22:19:32,1783808372,R_75,52979.6599,-1,3.280299999998533,BACKFILL_AUTO
2026-07-11 22:19:34,1783808374,R_75,52984.097,1,4.437100000002829,BACKFILL_AUTO
2026-07-11 22:19:36,1783808376,R_75,52982.5442,-1,1.552800000004936,BACKFILL_AUTO
2026-07-11 22:19:38,1783808378,R_75,52984.2235,1,1.6793000000034226,BACKFILL_AUTO
2026-07-11 22:19:40,1783808380,R_75,52979.0192,-1,5.204299999997602,BACKFILL_AUTO
2026-07-11 22:19:42,1783808382,R_75,52989.0343,1,10.015099999996892,BACKFILL_AUTO
2026-07-11 22:19:44,1783808384,R_75,52996.0714,1,7.037100000001374,BACKFILL_AUTO
2026-07-11 22:19:46,1783808386,R_75,53002.7085,1,6.6370999999999185,BACKFILL_AUTO
2026-07-11 22:19:48,1783808388,R_75,53013.0142,1,10.30569999999716,BACKFILL_AUTO
2026-07-11 22:19:50,1783808390,R_75,53004.0816,-1,8.932600000000093,BACKFILL_AUTO
2026-07-11 22:19:52,1783808392,R_75,52982.2505,-1,21.831099999995786,BACKFILL_AUTO
2026-07-11 22:19:54,1783808394,R_75,52979.8154,-1,2.4351000000024214,BACKFILL_AUTO
2026-07-11 22:19:56,1783808396,R_75,52971.0937,-1,8.721700000001874,BACKFILL_AUTO
2026-07-11 22:19:58,1783808398,R_75,52977.9221,1,6.828400000005786,BACKFILL_AUTO
2026-07-11 22:20:00,1783808400,R_75,52982.3885,1,4.46639999999752,BACKFILL_AUTO
2026-07-11 22:20:02,1783808402,R_75,52993.9228,1,11.534299999999348,BACKFILL_AUTO
2026-07-11 22:20:04,1783808404,R_75,52990.3959,-1,3.526899999997113,BACKFILL_AUTO
2026-07-11 22:20:06,1783808406,R_75,52987.5351,-1,2.8608000000022002,BACKFILL_AUTO
2026-07-11 22:20:08,1783808408,R_75,52997.5288,1,9.99369999999908,BACKFILL_AUTO
2026-07-11 22:20:10,1783808410,R_75,52997.8674,1,0.3386000000027707,BACKFILL_AUTO
2026-07-11 22:20:12,1783808412,R_75,52993.5911,-1,4.276300000004994,BACKFILL_AUTO
2026-07-11 22:20:14,1783808414,R_75,52995.8987,1,2.307600000000093,BACKFILL_AUTO
2026-07-11 22:20:16,1783808416,R_75,52987.7236,-1,8.175100000000384,BACKFILL_AUTO
2026-07-11 22:20:18,1783808418,R_75,52981.664,-1,6.059600000000501,BACKFILL_AUTO
2026-07-11 22:20:20,1783808420,R_75,52996.7219,1,15.05789999999979,BACKFILL_AUTO
2026-07-11 22:20:22,1783808422,R_75,53003.9211,1,7.199200000002747,BACKFILL_AUTO
2026-07-11 22:20:24,1783808424,R_75,53015.5121,1,11.59100000000035,BACKFILL_AUTO
2026-07-11 22:20:26,1783808426,R_75,53001.8906,-1,13.621500000001106,BACKFILL_AUTO
2026-07-11 22:20:28,1783808428,R_75,53000.6031,-1,1.2874999999985448,BACKFILL_AUTO
2026-07-11 22:20:30,1783808430,R_75,52979.3314,-1,21.27169999999751,BACKFILL_AUTO
2026-07-11 22:20:32,1783808432,R_75,52990.132,1,10.800599999995029,BACKFILL_AUTO
2026-07-11 22:20:34,1783808434,R_75,52977.481,-1,12.650999999998021,BACKFILL_AUTO
2026-07-11 22:20:36,1783808436,R_75,52974.3707,-1,3.1103000000002794,BACKFILL_AUTO
2026-07-11 22:20:38,1783808438,R_75,52984.2376,1,9.866900000000896,BACKFILL_AUTO
2026-07-11 22:20:40,1783808440,R_75,52976.4761,-1,7.761500000000524,BACKFILL_AUTO
2026-07-11 22:20:42,1783808442,R_75,52974.9155,-1,1.5605999999970663,BACKFILL_AUTO
2026-07-11 22:20:44,1783808444,R_75,52974.2962,-1,0.6193000000057509,BACKFILL_AUTO
2026-07-11 22:20:46,1783808446,R_75,52981.378,1,7.08179999999993,BACKFILL_AUTO
2026-07-11 22:20:48,1783808448,R_75,52975.4058,-1,5.972199999996519,BACKFILL_AUTO
2026-07-11 22:20:50,1783808450,R_75,52974.6649,-1,0.7408999999970547,BACKFILL_AUTO
2026-07-11 22:20:52,1783808452,R_75,52988.8528,1,14.187899999997171,BACKFILL_AUTO
2026-07-11 22:20:54,1783808454,R_75,52987.5486,-1,1.3041999999986729,BACKFILL_AUTO
2026-07-11 22:20:56,1783808456,R_75,52969.5729,-1,17.97570000000269,BACKFILL_AUTO
2026-07-11 22:20:58,1783808458,R_75,52965.4485,-1,4.124400000000605,BACKFILL_AUTO
2026-07-11 22:21:00,1783808460,R_75,52973.2635,1,7.815000000002328,BACKFILL_AUTO
2026-07-11 22:21:02,1783808462,R_75,52969.3031,-1,3.960400000003574,BACKFILL_AUTO
2026-07-11 22:21:04,1783808464,R_75,52967.1581,-1,2.1449999999967986,BACKFILL_AUTO
2026-07-11 22:21:06,1783808466,R_75,52984.5807,1,17.422599999998056,BACKFILL_AUTO
2026-07-11 22:21:08,1783808468,R_75,52991.6498,1,7.069100000000617,BACKFILL_AUTO
2026-07-11 22:21:10,1783808470,R_75,52988.0751,-1,3.5746999999973923,BACKFILL_AUTO
2026-07-11 22:21:12,1783808472,R_75,52993.5775,1,5.502399999997579,BACKFILL_AUTO
2026-07-11 22:21:14,1783808474,R_75,53000.8191,1,7.241600000001199,BACKFILL_AUTO
2026-07-11 22:21:16,1783808476,R_75,52989.0918,-1,11.72729999999865,BACKFILL_AUTO
2026-07-11 22:21:18,1783808478,R_75,52983.0421,-1,6.049700000003213,BACKFILL_AUTO
2026-07-11 22:21:20,1783808480,R_75,52984.3159,1,1.273800000002666,BACKFILL_AUTO
2026-07-11 22:21:22,1783808482,R_75,52979.2732,-1,5.042699999998149,BACKFILL_AUTO
2026-07-11 22:21:24,1783808484,R_75,52975.4794,-1,3.7938000000067404,BACKFILL_AUTO
2026-07-11 22:21:26,1783808486,R_75,52976.5764,1,1.0970000000015716,BACKFILL_AUTO
2026-07-11 22:21:28,1783808488,R_75,52985.9016,1,9.325199999999313,BACKFILL_AUTO
2026-07-11 22:21:30,1783808490,R_75,52979.1196,-1,6.781999999999243,BACKFILL_AUTO
2026-07-11 22:21:32,1783808492,R_75,52980.1099,1,0.990300000004936,BACKFILL_AUTO
2026-07-11 22:21:34,1783808494,R_75,52977.028,-1,3.08190000000468,BACKFILL_AUTO
2026-07-11 22:21:36,1783808496,R_75,52979.066,1,2.0380000000004657,BACKFILL_AUTO
2026-07-11 22:21:38,1783808498,R_75,52980.7881,1,1.7220999999990454,BACKFILL_AUTO
2026-07-11 22:21:40,1783808500,R_75,52976.7364,-1,4.051699999996345,BACKFILL_AUTO
2026-07-11 22:21:42,1783808502,R_75,52975.6592,-1,1.0771999999997206,BACKFILL_AUTO
2026-07-11 22:21:44,1783808504,R_75,52985.0943,1,9.435099999995145,BACKFILL_AUTO
2026-07-11 22:21:46,1783808506,R_75,52983.9533,-1,1.1409999999959837,BACKFILL_AUTO
2026-07-11 22:21:48,1783808508,R_75,52984.5906,1,0.637300000002142,BACKFILL_AUTO
2026-07-11 22:21:50,1783808510,R_75,53000.6255,1,16.034899999998743,BACKFILL_AUTO
2026-07-11 22:21:52,1783808512,R_75,53005.2925,1,4.667000000001281,BACKFILL_AUTO
2026-07-11 22:21:54,1783808514,R_75,53011.46,1,6.1674999999959255,BACKFILL_AUTO
2026-07-11 22:21:56,1783808516,R_75,53013.6897,1,2.229700000003504,BACKFILL_AUTO
2026-07-11 22:21:58,1783808518,R_75,53017.5513,1,3.8615999999965425,BACKFILL_AUTO
2026-07-11 22:22:00,1783808520,R_75,53011.8042,-1,5.747100000000501,BACKFILL_AUTO
2026-07-11 22:22:02,1783808522,R_75,53010.5671,-1,1.2370999999984633,BACKFILL_AUTO
2026-07-11 22:22:04,1783808524,R_75,53017.8349,1,7.2678000000014435,BACKFILL_AUTO
2026-07-11 22:22:06,1783808526,R_75,53011.7315,-1,6.103399999999965,BACKFILL_AUTO
2026-07-11 22:22:08,1783808528,R_75,53022.5877,1,10.856199999994715,BACKFILL_AUTO
2026-07-11 22:22:10,1783808530,R_75,53008.7151,-1,13.872599999995145,BACKFILL_AUTO
2026-07-11 22:22:12,1783808532,R_75,53025.9112,1,17.196100000001024,BACKFILL_AUTO
2026-07-11 22:22:14,1783808534,R_75,53041.4792,1,15.567999999999302,BACKFILL_AUTO
2026-07-11 22:22:16,1783808536,R_75,53027.3294,-1,14.149799999999232,BACKFILL_AUTO
2026-07-11 22:22:18,1783808538,R_75,53026.2481,-1,1.0813000000052853,BACKFILL_AUTO
2026-07-11 22:22:20,1783808540,R_75,53033.9375,1,7.689400000002934,BACKFILL_AUTO
2026-07-11 22:22:22,1783808542,R_75,53036.9824,1,3.04490000000078,BACKFILL_AUTO
2026-07-11 22:22:24,1783808544,R_75,53029.6027,-1,7.379699999997683,BACKFILL_AUTO
2026-07-11 22:22:26,1783808546,R_75,53004.3539,-1,25.24880000000121,BACKFILL_AUTO
2026-07-11 22:22:28,1783808548,R_75,53005.0661,1,0.7121999999944819,BACKFILL_AUTO
2026-07-11 22:22:30,1783808550,R_75,52994.9699,-1,10.096199999999953,BACKFILL_AUTO
2026-07-11 22:22:32,1783808552,R_75,52993.1653,-1,1.804599999995844,BACKFILL_AUTO
2026-07-11 22:22:34,1783808554,R_75,52991.997,-1,1.1682999999975436,BACKFILL_AUTO
2026-07-11 22:22:36,1783808556,R_75,52991.4105,-1,0.5865000000048894,BACKFILL_AUTO
2026-07-11 22:22:38,1783808558,R_75,52991.0052,-1,0.40529999999853317,BACKFILL_AUTO
2026-07-11 22:22:40,1783808560,R_75,52982.09,-1,8.915200000003097,BACKFILL_AUTO
2026-07-11 22:22:42,1783808562,R_75,52991.4937,1,9.403700000002573,BACKFILL_AUTO
2026-07-11 22:22:44,1783808564,R_75,52997.973,1,6.479299999999057,BACKFILL_AUTO
2026-07-11 22:22:46,1783808566,R_75,52990.1716,-1,7.801399999996647,BACKFILL_AUTO
2026-07-11 22:22:48,1783808568,R_75,52992.7103,1,2.538699999997334,BACKFILL_AUTO
2026-07-11 22:22:50,1783808570,R_75,52987.056,-1,5.654300000001967,BACKFILL_AUTO
2026-07-11 22:22:52,1783808572,R_75,52991.0229,1,3.966900000006717,BACKFILL_AUTO
2026-07-11 22:22:54,1783808574,R_75,52996.4442,1,5.421299999994517,BACKFILL_AUTO
2026-07-11 22:22:56,1783808576,R_75,52995.6583,-1,0.7858999999953085,BACKFILL_AUTO
2026-07-11 22:22:58,1783808578,R_75,53000.2669,1,4.608599999999569,BACKFILL_AUTO
2026-07-11 22:23:00,1783808580,R_75,53007.1875,1,6.920599999997648,BACKFILL_AUTO
2026-07-11 22:23:02,1783808582,R_75,53006.6135,-1,0.5740000000005239,BACKFILL_AUTO
2026-07-11 22:23:04,1783808584,R_75,53005.9233,-1,0.6901999999972759,BACKFILL_AUTO
2026-07-11 22:23:06,1783808586,R_75,53008.6523,1,2.7289999999993597,BACKFILL_AUTO
2026-07-11 22:23:08,1783808588,R_75,53017.7892,1,9.136899999997695,BACKFILL_AUTO
2026-07-11 22:23:10,1783808590,R_75,53009.3449,-1,8.44430000000284,BACKFILL_AUTO
2026-07-11 22:23:12,1783808592,R_75,52999.2713,-1,10.073599999996077,BACKFILL_AUTO
2026-07-11 22:23:14,1783808594,R_75,52995.1757,-1,4.095600000000559,BACKFILL_AUTO
2026-07-11 22:23:16,1783808596,R_75,52996.4403,1,1.2646000000022468,BACKFILL_AUTO
2026-07-11 22:23:18,1783808598,R_75,53008.8076,1,12.367299999998068,BACKFILL_AUTO
2026-07-11 22:23:20,1783808600,R_75,52994.554,-1,14.253600000003644,BACKFILL_AUTO
2026-07-11 22:23:22,1783808602,R_75,52995.5743,1,1.0203000000037719,BACKFILL_AUTO
2026-07-11 22:23:24,1783808604,R_75,53001.5777,1,6.00340000000142,BACKFILL_AUTO
2026-07-11 22:23:26,1783808606,R_75,53017.0536,1,15.475899999997637,BACKFILL_AUTO
2026-07-11 22:23:28,1783808608,R_75,53010.4898,-1,6.563799999996263,BACKFILL_AUTO
2026-07-11 22:23:30,1783808610,R_75,53018.0176,1,7.527799999996205,BACKFILL_AUTO
2026-07-11 22:23:32,1783808612,R_75,53025.2584,1,7.240799999999581,BACKFILL_AUTO
2026-07-11 22:23:34,1783808614,R_75,53020.9731,-1,4.285299999995914,BACKFILL_AUTO
2026-07-11 22:23:36,1783808616,R_75,53028.5677,1,7.594599999996717,BACKFILL_AUTO
2026-07-11 22:23:38,1783808618,R_75,53004.4997,-1,24.0679999999993,BACKFILL_AUTO
2026-07-11 22:23:40,1783808620,R_75,53009.606,1,5.1062999999994645,BACKFILL_AUTO
2026-07-11 22:23:42,1783808622,R_75,53020.1645,1,10.558499999999185,BACKFILL_AUTO
2026-07-11 22:23:44,1783808624,R_75,52999.2132,-1,20.95130000000063,BACKFILL_AUTO
2026-07-11 22:23:46,1783808626,R_75,52980.8581,-1,18.355100000000675,BACKFILL_AUTO
2026-07-11 22:23:48,1783808628,R_75,52983.0303,1,2.1722000000008848,BACKFILL_AUTO
2026-07-11 22:23:50,1783808630,R_75,52985.9606,1,2.9302999999999884,BACKFILL_AUTO
2026-07-11 22:23:52,1783808632,R_75,52989.9222,1,3.9616000000023632,BACKFILL_AUTO
2026-07-11 22:23:54,1783808634,R_75,52989.0508,-1,0.8714000000036322,BACKFILL_AUTO
2026-07-11 22:23:56,1783808636,R_75,52989.5809,1,0.5301000000035856,BACKFILL_AUTO
2026-07-11 22:23:58,1783808638,R_75,52985.4058,-1,4.175100000000384,BACKFILL_AUTO
2026-07-11 22:24:00,1783808640,R_75,53000.9993,1,15.593500000002678,BACKFILL_AUTO
2026-07-11 22:24:02,1783808642,R_75,52995.1607,-1,5.838600000002771,BACKFILL_AUTO
2026-07-11 22:24:04,1783808644,R_75,52989.6876,-1,5.473100000002887,BACKFILL_AUTO
2026-07-11 22:24:06,1783808646,R_75,53001.162,1,11.47439999999915,BACKFILL_AUTO
2026-07-11 22:24:08,1783808648,R_75,53005.1947,1,4.032700000003388,BACKFILL_AUTO
2026-07-11 22:24:10,1783808650,R_75,53006.476,1,1.2813000000023749,BACKFILL_AUTO
2026-07-11 22:24:12,1783808652,R_75,52999.5118,-1,6.964200000002165,BACKFILL_AUTO
2026-07-11 22:24:14,1783808654,R_75,52983.0215,-1,16.49029999999766,BACKFILL_AUTO
2026-07-11 22:24:16,1783808656,R_75,52974.3002,-1,8.721300000004703,BACKFILL_AUTO
2026-07-11 22:24:18,1783808658,R_75,52974.9219,1,0.6217000000033295,BACKFILL_AUTO
2026-07-11 22:24:20,1783808660,R_75,52959.4439,-1,15.478000000002794,BACKFILL_AUTO
2026-07-11 22:24:22,1783808662,R_75,52975.4118,1,15.967900000003283,BACKFILL_AUTO
2026-07-11 22:24:24,1783808664,R_75,52979.054,1,3.642199999994773,BACKFILL_AUTO
2026-07-11 22:24:26,1783808666,R_75,52967.3768,-1,11.677199999998265,BACKFILL_AUTO
2026-07-11 22:24:28,1783808668,R_75,52955.858,-1,11.51879999999801,BACKFILL_AUTO
2026-07-11 22:24:30,1783808670,R_75,52958.5544,1,2.6964000000007218,BACKFILL_AUTO
2026-07-11 22:24:32,1783808672,R_75,52948.3126,-1,10.241800000003423,BACKFILL_AUTO
2026-07-11 22:24:34,1783808674,R_75,52954.9948,1,6.682200000002922,BACKFILL_AUTO
2026-07-11 22:24:36,1783808676,R_75,52956.1639,1,1.1690999999991618,BACKFILL_AUTO
2026-07-11 22:24:38,1783808678,R_75,52952.0976,-1,4.066299999998591,BACKFILL_AUTO
2026-07-11 22:24:40,1783808680,R_75,52943.5073,-1,8.59030000000348,BACKFILL_AUTO
2026-07-11 22:24:42,1783808682,R_75,52962.7971,1,19.289800000005926,BACKFILL_AUTO
2026-07-11 22:24:44,1783808684,R_75,52962.6539,-1,0.14320000000589062,BACKFILL_AUTO
2026-07-11 22:24:46,1783808686,R_75,52945.9302,-1,16.723699999995006,BACKFILL_AUTO
2026-07-11 22:24:48,1783808688,R_75,52957.322,1,11.391799999997602,BACKFILL_AUTO
2026-07-11 22:24:50,1783808690,R_75,52953.3328,-1,3.9892000000036205,BACKFILL_AUTO
2026-07-11 22:24:52,1783808692,R_75,52953.1055,-1,0.22729999999864958,BACKFILL_AUTO
2026-07-11 22:24:54,1783808694,R_75,52955.3452,1,2.2397000000055414,BACKFILL_AUTO
2026-07-11 22:24:56,1783808696,R_75,52957.3602,1,2.014999999999418,BACKFILL_AUTO
2026-07-11 22:24:58,1783808698,R_75,52950.1357,-1,7.2245000000039,BACKFILL_AUTO
2026-07-11 22:25:00,1783808700,R_75,52953.0757,1,2.9400000000023283,BACKFILL_AUTO
2026-07-11 22:25:02,1783808702,R_75,52956.9307,1,3.8549999999959255,BACKFILL_AUTO
2026-07-11 22:25:04,1783808704,R_75,52955.2165,-1,1.7141999999948894,BACKFILL_AUTO
2026-07-11 22:25:06,1783808706,R_75,52950.0163,-1,5.200199999999313,BACKFILL_AUTO
2026-07-11 22:25:08,1783808708,R_75,52938.3128,-1,11.70350000000326,BACKFILL_AUTO
2026-07-11 22:25:10,1783808710,R_75,52952.9928,1,14.680000000000291,BACKFILL_AUTO
2026-07-11 22:25:12,1783808712,R_75,52947.8487,-1,5.144099999997707,BACKFILL_AUTO
2026-07-11 22:25:14,1783808714,R_75,52951.9261,1,4.077399999994668,BACKFILL_AUTO
2026-07-11 22:25:16,1783808716,R_75,52942.0214,-1,9.904699999999139,BACKFILL_AUTO
2026-07-11 22:25:18,1783808718,R_75,52925.0793,-1,16.94210000000021,BACKFILL_AUTO
2026-07-11 22:25:20,1783808720,R_75,52928.1091,1,3.0298000000038883,BACKFILL_AUTO
2026-07-11 22:25:22,1783808722,R_75,52910.2142,-1,17.894899999999325,BACKFILL_AUTO
2026-07-11 22:25:24,1783808724,R_75,52925.6981,1,15.483899999999267,BACKFILL_AUTO
2026-07-11 22:25:26,1783808726,R_75,52924.6267,-1,1.0714000000007218,BACKFILL_AUTO
2026-07-11 22:25:28,1783808728,R_75,52925.2296,1,0.6028999999980442,BACKFILL_AUTO
2026-07-11 22:25:30,1783808730,R_75,52923.2875,-1,1.9421000000002095,BACKFILL_AUTO
2026-07-11 22:25:32,1783808732,R_75,52906.6818,-1,16.60570000000007,BACKFILL_AUTO
2026-07-11 22:25:34,1783808734,R_75,52911.756,1,5.074200000002747,BACKFILL_AUTO
2026-07-11 22:25:36,1783808736,R_75,52926.5494,1,14.793400000002293,BACKFILL_AUTO
2026-07-11 22:25:38,1783808738,R_75,52914.7891,-1,11.760300000001735,BACKFILL_AUTO
2026-07-11 22:25:40,1783808740,R_75,52929.745,1,14.955900000000838,BACKFILL_AUTO
2026-07-11 22:25:42,1783808742,R_75,52928.7221,-1,1.022900000003574,BACKFILL_AUTO
2026-07-11 22:25:44,1783808744,R_75,52925.6384,-1,3.083699999995588,BACKFILL_AUTO
2026-07-11 22:25:46,1783808746,R_75,52942.2372,1,16.598799999999756,BACKFILL_AUTO
2026-07-11 22:25:48,1783808748,R_75,52944.6797,1,2.4424999999973807,BACKFILL_AUTO
2026-07-11 22:25:50,1783808750,R_75,52950.8983,1,6.218600000000151,BACKFILL_AUTO
2026-07-11 22:25:52,1783808752,R_75,52941.6622,-1,9.236100000001898,BACKFILL_AUTO
2026-07-11 22:25:54,1783808754,R_75,52944.4486,1,2.7864000000045053,BACKFILL_AUTO
2026-07-11 22:25:56,1783808756,R_75,52935.1889,-1,9.25970000000234,BACKFILL_AUTO
2026-07-11 22:25:58,1783808758,R_75,52931.2992,-1,3.8896999999997206,BACKFILL_AUTO
2026-07-11 22:26:00,1783808760,R_75,52939.9854,1,8.686199999996461,BACKFILL_AUTO
2026-07-11 22:26:02,1783808762,R_75,52945.7214,1,5.736000000004424,BACKFILL_AUTO
2026-07-11 22:26:04,1783808764,R_75,52950.9371,1,5.215700000000652,BACKFILL_AUTO
2026-07-11 22:26:06,1783808766,R_75,52970.7761,1,19.838999999999942,BACKFILL_AUTO
2026-07-11 22:26:08,1783808768,R_75,52961.8555,-1,8.920600000004924,BACKFILL_AUTO
2026-07-11 22:26:10,1783808770,R_75,52962.1139,1,0.2583999999988009,BACKFILL_AUTO
2026-07-11 22:26:12,1783808772,R_75,52947.0068,-1,15.107099999993807,BACKFILL_AUTO
2026-07-11 22:26:14,1783808774,R_75,52933.1109,-1,13.895900000003166,BACKFILL_AUTO
2026-07-11 22:26:16,1783808776,R_75,52914.5057,-1,18.60519999999815,BACKFILL_AUTO
2026-07-11 22:26:18,1783808778,R_75,52889.8846,-1,24.621100000003935,BACKFILL_AUTO
2026-07-11 22:26:20,1783808780,R_75,52871.1259,-1,18.7586999999985,BACKFILL_AUTO
2026-07-11 22:26:22,1783808782,R_75,52878.1676,1,7.041700000001583,BACKFILL_AUTO
2026-07-11 22:26:24,1783808784,R_75,52871.5601,-1,6.607499999998254,BACKFILL_AUTO
2026-07-11 22:26:26,1783808786,R_75,52871.5091,-1,0.05099999999947613,BACKFILL_AUTO
2026-07-11 22:26:28,1783808788,R_75,52873.6794,1,2.170299999997951,BACKFILL_AUTO
2026-07-11 22:26:30,1783808790,R_75,52882.7992,1,9.119800000000396,BACKFILL_AUTO
2026-07-11 22:26:32,1783808792,R_75,52873.1873,-1,9.611900000003516,BACKFILL_AUTO
2026-07-11 22:26:34,1783808794,R_75,52867.8455,-1,5.3417999999946915,BACKFILL_AUTO
2026-07-11 22:26:36,1783808796,R_75,52872.076,1,4.230499999997846,BACKFILL_AUTO
2026-07-11 22:26:38,1783808798,R_75,52876.9376,1,4.8615999999965425,BACKFILL_AUTO
2026-07-11 22:26:40,1783808800,R_75,52885.7023,1,8.76469999999972,BACKFILL_AUTO
2026-07-11 22:26:42,1783808802,R_75,52881.9961,-1,3.7062000000005355,BACKFILL_AUTO
2026-07-11 22:26:44,1783808804,R_75,52889.1524,1,7.156300000002375,BACKFILL_AUTO
2026-07-11 22:26:46,1783808806,R_75,52872.5592,-1,16.593199999995704,BACKFILL_AUTO
2026-07-11 22:26:48,1783808808,R_75,52870.916,-1,1.6432000000058906,BACKFILL_AUTO
2026-07-11 22:26:50,1783808810,R_75,52872.3087,1,1.3927000000039698,BACKFILL_AUTO
2026-07-11 22:26:52,1783808812,R_75,52874.2076,1,1.8989000000001397,BACKFILL_AUTO
2026-07-11 22:26:54,1783808814,R_75,52870.9016,-1,3.3060000000041327,BACKFILL_AUTO
2026-07-11 22:26:56,1783808816,R_75,52870.7788,-1,0.12279999999736901,BACKFILL_AUTO
2026-07-11 22:26:58,1783808818,R_75,52879.7498,1,8.97099999999773,BACKFILL_AUTO
2026-07-11 22:27:00,1783808820,R_75,52867.3319,-1,12.417900000000373,BACKFILL_AUTO
2026-07-11 22:27:02,1783808822,R_75,52879.8918,1,12.559900000000198,BACKFILL_AUTO
2026-07-11 22:27:04,1783808824,R_75,52869.8256,-1,10.066200000001118,BACKFILL_AUTO
2026-07-11 22:27:06,1783808826,R_75,52859.0735,-1,10.752099999997881,BACKFILL_AUTO
2026-07-11 22:27:08,1783808828,R_75,52852.0409,-1,7.032599999998638,BACKFILL_AUTO
2026-07-11 22:27:10,1783808830,R_75,52867.5244,1,15.483500000002095,BACKFILL_AUTO
2026-07-11 22:27:12,1783808832,R_75,52866.9401,-1,0.5843000000022585,BACKFILL_AUTO
2026-07-11 22:27:14,1783808834,R_75,52868.1649,1,1.2248000000035972,BACKFILL_AUTO
2026-07-11 22:27:16,1783808836,R_75,52855.037,-1,13.127900000006775,BACKFILL_AUTO
2026-07-11 22:27:18,1783808838,R_75,52839.8772,-1,15.159799999993993,BACKFILL_AUTO
2026-07-11 22:27:20,1783808840,R_75,52845.6492,1,5.771999999997206,BACKFILL_AUTO
2026-07-11 22:27:22,1783808842,R_75,52848.3913,1,2.74210000000312,BACKFILL_AUTO
2026-07-11 22:27:24,1783808844,R_75,52855.9349,1,7.543599999997241,BACKFILL_AUTO
2026-07-11 22:27:26,1783808846,R_75,52861.2616,1,5.3266999999978,BACKFILL_AUTO
2026-07-11 22:27:28,1783808848,R_75,52863.0082,1,1.7465999999985797,BACKFILL_AUTO
2026-07-11 22:27:30,1783808850,R_75,52855.2208,-1,7.787399999993795,BACKFILL_AUTO
2026-07-11 22:27:32,1783808852,R_75,52856.6457,1,1.4248999999981606,BACKFILL_AUTO
2026-07-11 22:27:34,1783808854,R_75,52859.6788,1,3.033100000000559,BACKFILL_AUTO
2026-07-11 22:27:36,1783808856,R_75,52851.795,-1,7.883800000003248,BACKFILL_AUTO
2026-07-11 22:27:38,1783808858,R_75,52858.1277,1,6.332699999999022,BACKFILL_AUTO
2026-07-11 22:27:40,1783808860,R_75,52842.164,-1,15.963700000000244,BACKFILL_AUTO
2026-07-11 22:27:42,1783808862,R_75,52829.4867,-1,12.67729999999574,BACKFILL_AUTO
2026-07-11 22:27:44,1783808864,R_75,52838.8117,1,9.32499999999709,BACKFILL_AUTO
2026-07-11 22:27:46,1783808866,R_75,52840.5583,1,1.7465999999985797,BACKFILL_AUTO
2026-07-11 22:27:48,1783808868,R_75,52837.1005,-1,3.457799999996496,BACKFILL_AUTO
2026-07-11 22:27:50,1783808870,R_75,52821.9771,-1,15.12340000000404,BACKFILL_AUTO
2026-07-11 22:27:52,1783808872,R_75,52826.7867,1,4.809600000000501,BACKFILL_AUTO
2026-07-11 22:27:54,1783808874,R_75,52831.8411,1,5.054400000000896,BACKFILL_AUTO
2026-07-11 22:27:56,1783808876,R_75,52825.4793,-1,6.361799999998766,BACKFILL_AUTO
2026-07-11 22:27:58,1783808878,R_75,52822.6046,-1,2.8747000000003027,BACKFILL_AUTO
2026-07-11 22:28:00,1783808880,R_75,52835.8875,1,13.282899999998335,BACKFILL_AUTO
2026-07-11 22:28:02,1783808882,R_75,52835.0313,-1,0.8561999999947147,BACKFILL_AUTO
2026-07-11 22:28:04,1783808884,R_75,52822.7737,-1,12.257600000004459,BACKFILL_AUTO
2026-07-11 22:28:06,1783808886,R_75,52816.3552,-1,6.418499999999767,BACKFILL_AUTO
2026-07-11 22:28:08,1783808888,R_75,52809.8071,-1,6.548099999999977,BACKFILL_AUTO
2026-07-11 22:28:10,1783808890,R_75,52814.6534,1,4.846300000004703,BACKFILL_AUTO
2026-07-11 22:28:12,1783808892,R_75,52811.9455,-1,2.7079000000012456,BACKFILL_AUTO
2026-07-11 22:28:14,1783808894,R_75,52821.171,1,9.225500000000466,BACKFILL_AUTO
2026-07-11 22:28:16,1783808896,R_75,52818.0708,-1,3.1002000000007683,BACKFILL_AUTO
2026-07-11 22:28:18,1783808898,R_75,52803.3389,-1,14.73189999999886,BACKFILL_AUTO
2026-07-11 22:28:20,1783808900,R_75,52806.548,1,3.209100000000035,BACKFILL_AUTO
2026-07-11 22:28:22,1783808902,R_75,52808.9314,1,2.383399999998801,BACKFILL_AUTO
2026-07-11 22:28:24,1783808904,R_75,52803.7314,-1,5.200000000004366,BACKFILL_AUTO
2026-07-11 22:28:26,1783808906,R_75,52807.4637,1,3.732300000003306,BACKFILL_AUTO
2026-07-11 22:28:28,1783808908,R_75,52787.7313,-1,19.73240000000078,BACKFILL_AUTO
2026-07-11 22:28:30,1783808910,R_75,52807.4362,1,19.704899999996996,BACKFILL_AUTO
2026-07-11 22:28:32,1783808912,R_75,52813.388,1,5.9518000000025495,BACKFILL_AUTO
2026-07-11 22:28:34,1783808914,R_75,52813.9161,1,0.5281000000031781,BACKFILL_AUTO
2026-07-11 22:28:36,1783808916,R_75,52819.0932,1,5.177100000000792,BACKFILL_AUTO
2026-07-11 22:28:38,1783808918,R_75,52821.4572,1,2.363999999994121,BACKFILL_AUTO
2026-07-11 22:28:40,1783808920,R_75,52832.9189,1,11.461699999999837,BACKFILL_AUTO
2026-07-11 22:28:42,1783808922,R_75,52842.0132,1,9.094300000004296,BACKFILL_AUTO
2026-07-11 22:28:44,1783808924,R_75,52846.4301,1,4.416899999996531,BACKFILL_AUTO
2026-07-11 22:28:46,1783808926,R_75,52834.7917,-1,11.638399999996182,BACKFILL_AUTO
2026-07-11 22:28:48,1783808928,R_75,52813.0112,-1,21.780500000000757,BACKFILL_AUTO
2026-07-11 22:28:50,1783808930,R_75,52798.1255,-1,14.885699999998906,BACKFILL_AUTO
2026-07-11 22:28:52,1783808932,R_75,52795.0101,-1,3.11540000000241,BACKFILL_AUTO
2026-07-11 22:28:54,1783808934,R_75,52805.0978,1,10.087700000003679,BACKFILL_AUTO
2026-07-11 22:28:56,1783808936,R_75,52796.7541,-1,8.343700000004901,BACKFILL_AUTO
2026-07-11 22:28:58,1783808938,R_75,52787.5925,-1,9.161599999999453,BACKFILL_AUTO
2026-07-11 22:29:00,1783808940,R_75,52794.3089,1,6.716400000004796,BACKFILL_AUTO
2026-07-11 22:29:02,1783808942,R_75,52786.7225,-1,7.58640000000014,BACKFILL_AUTO
2026-07-11 22:29:04,1783808944,R_75,52795.468,1,8.745499999997264,BACKFILL_AUTO
2026-07-11 22:29:06,1783808946,R_75,52789.7487,-1,5.719300000004296,BACKFILL_AUTO
2026-07-11 22:29:08,1783808948,R_75,52791.6239,1,1.8752000000022235,BACKFILL_AUTO
2026-07-11 22:29:10,1783808950,R_75,52793.0421,1,1.4182000000000698,BACKFILL_AUTO
2026-07-11 22:29:12,1783808952,R_75,52783.4548,-1,9.587299999999232,BACKFILL_AUTO
2026-07-11 22:29:14,1783808954,R_75,52790.059,1,6.604200000001583,BACKFILL_AUTO
2026-07-11 22:29:16,1783808956,R_75,52800.5055,1,10.446499999998196,BACKFILL_AUTO
2026-07-11 22:29:18,1783808958,R_75,52801.2943,1,0.7888000000020838,BACKFILL_AUTO
2026-07-11 22:29:20,1783808960,R_75,52795.8169,-1,5.477400000003399,BACKFILL_AUTO
2026-07-11 22:29:22,1783808962,R_75,52783.3507,-1,12.466199999995297,BACKFILL_AUTO
2026-07-11 22:29:24,1783808964,R_75,52789.4081,1,6.05739999999787,BACKFILL_AUTO
2026-07-11 22:29:26,1783808966,R_75,52773.6692,-1,15.738900000003923,BACKFILL_AUTO
2026-07-11 22:29:28,1783808968,R_75,52786.8088,1,13.139600000002247,BACKFILL_AUTO
2026-07-11 22:29:30,1783808970,R_75,52794.9568,1,8.148000000001048,BACKFILL_AUTO
2026-07-11 22:29:32,1783808972,R_75,52811.9981,1,17.041299999997136,BACKFILL_AUTO
2026-07-11 22:29:34,1783808974,R_75,52793.0875,-1,18.91059999999561,BACKFILL_AUTO
2026-07-11 22:29:36,1783808976,R_75,52782.0804,-1,11.007100000002538,BACKFILL_AUTO
2026-07-11 22:29:38,1783808978,R_75,52780.0733,-1,2.007100000002538,BACKFILL_AUTO
2026-07-11 22:29:40,1783808980,R_75,52789.825,1,9.75170000000071,BACKFILL_AUTO
2026-07-11 22:29:42,1783808982,R_75,52786.5757,-1,3.2492999999958556,BACKFILL_AUTO
2026-07-11 22:29:44,1783808984,R_75,52793.638,1,7.0622999999977765,BACKFILL_AUTO
2026-07-11 22:29:46,1783808986,R_75,52778.2747,-1,15.363299999997253,BACKFILL_AUTO
2026-07-11 22:29:48,1783808988,R_75,52785.7517,1,7.476999999998952,BACKFILL_AUTO
2026-07-11 22:29:50,1783808990,R_75,52757.6789,-1,28.072800000001735,BACKFILL_AUTO
2026-07-11 22:29:52,1783808992,R_75,52751.0297,-1,6.649199999999837,BACKFILL_AUTO
2026-07-11 22:29:54,1783808994,R_75,52756.648,1,5.618300000001909,BACKFILL_AUTO
2026-07-11 22:29:56,1783808996,R_75,52771.0131,1,14.365099999995437,BACKFILL_AUTO
2026-07-11 22:29:58,1783808998,R_75,52754.6409,-1,16.372199999997974,BACKFILL_AUTO
2026-07-11 22:30:00,1783809000,R_75,52764.1218,1,9.480900000002293,BACKFILL_AUTO
2026-07-11 22:30:02,1783809002,R_75,52768.2318,1,4.110000000000582,BACKFILL_AUTO
2026-07-11 22:30:04,1783809004,R_75,52777.7111,1,9.479299999999057,BACKFILL_AUTO
2026-07-11 22:30:06,1783809006,R_75,52782.7216,1,5.010499999996682,BACKFILL_AUTO
2026-07-11 22:30:08,1783809008,R_75,52785.1721,1,2.4505000000062864,BACKFILL_AUTO
2026-07-11 22:30:10,1783809010,R_75,52784.5792,-1,0.5929000000032829,BACKFILL_AUTO
2026-07-11 22:30:12,1783809012,R_75,52774.6365,-1,9.942699999999604,BACKFILL_AUTO
2026-07-11 22:30:14,1783809014,R_75,52787.9464,1,13.309900000000198,BACKFILL_AUTO
2026-07-11 22:30:16,1783809016,R_75,52781.3561,-1,6.590300000003481,BACKFILL_AUTO
2026-07-11 22:30:18,1783809018,R_75,52788.0906,1,6.734500000005937,BACKFILL_AUTO
2026-07-11 22:30:20,1783809020,R_75,52799.4702,1,11.37960000000021,BACKFILL_AUTO
2026-07-11 22:30:22,1783809022,R_75,52789.5465,-1,9.923700000006647,BACKFILL_AUTO
2026-07-11 22:30:24,1783809024,R_75,52783.1522,-1,6.39429999999993,BACKFILL_AUTO
2026-07-11 22:30:26,1783809026,R_75,52795.2865,1,12.134300000005169,BACKFILL_AUTO
2026-07-11 22:30:28,1783809028,R_75,52789.3799,-1,5.906600000002072,BACKFILL_AUTO
2026-07-11 22:30:30,1783809030,R_75,52794.2661,1,4.8862000000008265,BACKFILL_AUTO
2026-07-11 22:30:32,1783809032,R_75,52789.9329,-1,4.333200000000943,BACKFILL_AUTO
2026-07-11 22:30:34,1783809034,R_75,52773.087,-1,16.845900000000256,BACKFILL_AUTO
2026-07-11 22:30:36,1783809036,R_75,52782.1301,1,9.043100000002596,BACKFILL_AUTO
2026-07-11 22:30:38,1783809038,R_75,52785.0954,1,2.965299999996205,BACKFILL_AUTO
2026-07-11 22:30:40,1783809040,R_75,52783.6249,-1,1.470499999995809,BACKFILL_AUTO
2026-07-11 22:30:42,1783809042,R_75,52794.4507,1,10.825799999998708,BACKFILL_AUTO
2026-07-11 22:30:44,1783809044,R_75,52786.9374,-1,7.513299999998708,BACKFILL_AUTO
2026-07-11 22:30:46,1783809046,R_75,52796.5115,1,9.574099999997998,BACKFILL_AUTO
2026-07-11 22:30:48,1783809048,R_75,52786.0154,-1,10.496100000003935,BACKFILL_AUTO
2026-07-11 22:30:50,1783809050,R_75,52792.2867,1,6.271300000000338,BACKFILL_AUTO
2026-07-11 22:30:52,1783809052,R_75,52788.1982,-1,4.088499999998021,BACKFILL_AUTO
2026-07-11 22:30:54,1783809054,R_75,52788.8212,1,0.6229999999995925,BACKFILL_AUTO
2026-07-11 22:30:56,1783809056,R_75,52795.8774,1,7.05619999999908,BACKFILL_AUTO
2026-07-11 22:30:58,1783809058,R_75,52794.8991,-1,0.9782999999952153,BACKFILL_AUTO
2026-07-11 22:31:00,1783809060,R_75,52794.8448,-1,0.05430000000342261,BACKFILL_AUTO
2026-07-11 22:31:02,1783809062,R_75,52782.761,-1,12.083800000000338,BACKFILL_AUTO
2026-07-11 22:31:04,1783809064,R_75,52783.2503,1,0.4893000000010943,BACKFILL_AUTO
2026-07-11 22:31:06,1783809066,R_75,52784.897,1,1.6466999999975087,BACKFILL_AUTO
2026-07-11 22:31:08,1783809068,R_75,52777.1236,-1,7.773399999998219,BACKFILL_AUTO
2026-07-11 22:31:10,1783809070,R_75,52782.0588,1,4.935199999999895,BACKFILL_AUTO
2026-07-11 22:31:12,1783809072,R_75,52797.3216,1,15.262800000004063,BACKFILL_AUTO
2026-07-11 22:31:14,1783809074,R_75,52798.9925,1,1.6708999999973457,BACKFILL_AUTO
2026-07-11 22:31:16,1783809076,R_75,52795.5979,-1,3.3945999999996275,BACKFILL_AUTO
2026-07-11 22:31:18,1783809078,R_75,52801.2447,1,5.6468000000022585,BACKFILL_AUTO
2026-07-11 22:31:20,1783809080,R_75,52809.4542,1,8.209499999997206,BACKFILL_AUTO
2026-07-11 22:31:22,1783809082,R_75,52823.8376,1,14.383399999998801,BACKFILL_AUTO
2026-07-11 22:31:24,1783809084,R_75,52828.8454,1,5.007799999999406,BACKFILL_AUTO
2026-07-11 22:31:26,1783809086,R_75,52815.5148,-1,13.33060000000114,BACKFILL_AUTO
2026-07-11 22:31:28,1783809088,R_75,52826.0181,1,10.503300000003946,BACKFILL_AUTO
2026-07-11 22:31:30,1783809090,R_75,52834.4982,1,8.480100000000675,BACKFILL_AUTO
2026-07-11 22:31:32,1783809092,R_75,52843.2701,1,8.771899999999732,BACKFILL_AUTO
2026-07-11 22:31:34,1783809094,R_75,52827.563,-1,15.707099999999627,BACKFILL_AUTO
2026-07-11 22:31:36,1783809096,R_75,52823.6013,-1,3.961699999999837,BACKFILL_AUTO
2026-07-11 22:31:38,1783809098,R_75,52824.4902,1,0.8888999999981024,BACKFILL_AUTO
2026-07-11 22:31:40,1783809100,R_75,52809.9973,-1,14.492899999997462,BACKFILL_AUTO
2026-07-11 22:31:42,1783809102,R_75,52803.8519,-1,6.145400000001246,BACKFILL_AUTO
2026-07-11 22:31:44,1783809104,R_75,52809.5116,1,5.659699999996519,BACKFILL_AUTO
2026-07-11 22:31:46,1783809106,R_75,52795.0603,-1,14.451300000000629,BACKFILL_AUTO
2026-07-11 22:31:48,1783809108,R_75,52778.4989,-1,16.561399999998685,BACKFILL_AUTO
2026-07-11 22:31:50,1783809110,R_75,52797.2541,1,18.755199999999604,BACKFILL_AUTO
2026-07-11 22:31:52,1783809112,R_75,52786.5917,-1,10.662400000001071,BACKFILL_AUTO
2026-07-11 22:31:54,1783809114,R_75,52803.2451,1,16.653400000002875,BACKFILL_AUTO
2026-07-11 22:31:56,1783809116,R_75,52810.1101,1,6.864999999997963,BACKFILL_AUTO
2026-07-11 22:31:58,1783809118,R_75,52819.4419,1,9.33179999999993,BACKFILL_AUTO
2026-07-11 22:32:00,1783809120,R_75,52814.0331,-1,5.408799999997427,BACKFILL_AUTO
2026-07-11 22:32:02,1783809122,R_75,52806.8989,-1,7.134200000000419,BACKFILL_AUTO
2026-07-11 22:32:04,1783809124,R_75,52815.3605,1,8.461600000002363,BACKFILL_AUTO
2026-07-11 22:32:06,1783809126,R_75,52823.3476,1,7.987099999998463,BACKFILL_AUTO
2026-07-11 22:32:08,1783809128,R_75,52842.2583,1,18.91070000000036,BACKFILL_AUTO
2026-07-11 22:32:10,1783809130,R_75,52852.6334,1,10.375099999997474,BACKFILL_AUTO
2026-07-11 22:32:12,1783809132,R_75,52857.9885,1,5.355100000000675,BACKFILL_AUTO
2026-07-11 22:32:14,1783809134,R_75,52860.4276,1,2.4391000000032363,BACKFILL_AUTO
2026-07-11 22:32:16,1783809136,R_75,52862.4435,1,2.01589999999851,BACKFILL_AUTO
2026-07-11 22:32:18,1783809138,R_75,52860.3796,-1,2.063900000001013,BACKFILL_AUTO
2026-07-11 22:32:20,1783809140,R_75,52848.5945,-1,11.785100000000966,BACKFILL_AUTO
2026-07-11 22:32:22,1783809142,R_75,52844.2591,-1,4.335399999996298,BACKFILL_AUTO
2026-07-11 22:32:24,1783809144,R_75,52855.4681,1,11.208999999995285,BACKFILL_AUTO
2026-07-11 22:32:26,1783809146,R_75,52852.5045,-1,2.9635999999954947,BACKFILL_AUTO
2026-07-11 22:32:28,1783809148,R_75,52855.2444,1,2.739900000000489,BACKFILL_AUTO
2026-07-11 22:32:30,1783809150,R_75,52861.5227,1,6.278299999998126,BACKFILL_AUTO
2026-07-11 22:32:32,1783809152,R_75,52854.9681,-1,6.55460000000312,BACKFILL_AUTO
2026-07-11 22:32:34,1783809154,R_75,52862.4032,1,7.435100000002421,BACKFILL_AUTO
2026-07-11 22:32:36,1783809156,R_75,52859.1078,-1,3.295400000002701,BACKFILL_AUTO
2026-07-11 22:32:38,1783809158,R_75,52854.2242,-1,4.8836000000010245,BACKFILL_AUTO
2026-07-11 22:32:40,1783809160,R_75,52857.2841,1,3.059900000000198,BACKFILL_AUTO
2026-07-11 22:32:42,1783809162,R_75,52861.0369,1,3.7528000000020256,BACKFILL_AUTO
2026-07-11 22:32:44,1783809164,R_75,52871.6327,1,10.595800000002782,BACKFILL_AUTO
2026-07-11 22:32:46,1783809166,R_75,52873.1396,1,1.5069000000003143,BACKFILL_AUTO
2026-07-11 22:32:48,1783809168,R_75,52886.3035,1,13.163899999999558,BACKFILL_AUTO
2026-07-11 22:32:50,1783809170,R_75,52891.5359,1,5.23240000000078,BACKFILL_AUTO
2026-07-11 22:32:52,1783809172,R_75,52864.8679,-1,26.668000000005122,BACKFILL_AUTO
2026-07-11 22:32:54,1783809174,R_75,52862.8654,-1,2.0024999999950523,BACKFILL_AUTO
2026-07-11 22:32:56,1783809176,R_75,52853.8007,-1,9.064700000002631,BACKFILL_AUTO
2026-07-11 22:32:58,1783809178,R_75,52857.323,1,3.5222999999969034,BACKFILL_AUTO
2026-07-11 22:33:00,1783809180,R_75,52845.9194,-1,11.403599999997823,BACKFILL_AUTO
2026-07-11 22:33:02,1783809182,R_75,52857.3392,1,11.419800000003306,BACKFILL_AUTO
2026-07-11 22:33:04,1783809184,R_75,52840.8359,-1,16.503300000003946,BACKFILL_AUTO
2026-07-11 22:33:06,1783809186,R_75,52838.7775,-1,2.0584000000017113,BACKFILL_AUTO
2026-07-11 22:33:08,1783809188,R_75,52835.9917,-1,2.7857999999978347,BACKFILL_AUTO
2026-07-11 22:33:10,1783809190,R_75,52841.5743,1,5.582600000001548,BACKFILL_AUTO
2026-07-11 22:33:12,1783809192,R_75,52833.0393,-1,8.535000000003492,BACKFILL_AUTO
2026-07-11 22:33:14,1783809194,R_75,52847.8882,1,14.848900000004505,BACKFILL_AUTO
2026-07-11 22:33:16,1783809196,R_75,52851.569,1,3.680800000001909,BACKFILL_AUTO
2026-07-11 22:33:18,1783809198,R_75,52856.6625,1,5.093499999995402,BACKFILL_AUTO
2026-07-11 22:33:20,1783809200,R_75,52855.1561,-1,1.5063999999983935,BACKFILL_AUTO
2026-07-11 22:33:22,1783809202,R_75,52845.05,-1,10.106099999997241,BACKFILL_AUTO
2026-07-11 22:33:24,1783809204,R_75,52826.2945,-1,18.7554999999993,BACKFILL_AUTO
2026-07-11 22:33:26,1783809206,R_75,52824.6535,-1,1.6410000000032596,BACKFILL_AUTO
2026-07-11 22:33:28,1783809208,R_75,52828.5303,1,3.876799999998184,BACKFILL_AUTO
2026-07-11 22:33:30,1783809210,R_75,52824.8361,-1,3.694199999998091,BACKFILL_AUTO
2026-07-11 22:33:32,1783809212,R_75,52833.4373,1,8.601199999997334,BACKFILL_AUTO
2026-07-11 22:33:34,1783809214,R_75,52841.5981,1,8.16080000000511,BACKFILL_AUTO
2026-07-11 22:33:36,1783809216,R_75,52855.9864,1,14.388299999998708,BACKFILL_AUTO
2026-07-11 22:33:38,1783809218,R_75,52850.9057,-1,5.080699999998615,BACKFILL_AUTO
2026-07-11 22:33:40,1783809220,R_75,52842.4428,-1,8.462900000005902,BACKFILL_AUTO
2026-07-11 22:33:42,1783809222,R_75,52837.9981,-1,4.444700000000012,BACKFILL_AUTO
2026-07-11 22:33:44,1783809224,R_75,52828.883,-1,9.115099999995437,BACKFILL_AUTO
2026-07-11 22:33:46,1783809226,R_75,52817.9802,-1,10.90280000000348,BACKFILL_AUTO
2026-07-11 22:33:48,1783809228,R_75,52841.0301,1,23.049900000005437,BACKFILL_AUTO
2026-07-11 22:33:50,1783809230,R_75,52845.6392,1,4.609099999994214,BACKFILL_AUTO
2026-07-11 22:33:52,1783809232,R_75,52823.061,-1,22.578199999996286,BACKFILL_AUTO
2026-07-11 22:33:54,1783809234,R_75,52843.0373,1,19.976300000002084,BACKFILL_AUTO
2026-07-11 22:33:56,1783809236,R_75,52834.3983,-1,8.639000000002852,BACKFILL_AUTO
2026-07-11 22:33:58,1783809238,R_75,52823.2109,-1,11.187400000002526,BACKFILL_AUTO
2026-07-11 22:34:00,1783809240,R_75,52831.1509,1,7.940000000002328,BACKFILL_AUTO
2026-07-11 22:34:02,1783809242,R_75,52838.4839,1,7.332999999998719,BACKFILL_AUTO
2026-07-11 22:34:04,1783809244,R_75,52848.2245,1,9.740599999997357,BACKFILL_AUTO
2026-07-11 22:34:06,1783809246,R_75,52853.4556,1,5.231100000004517,BACKFILL_AUTO
2026-07-11 22:34:08,1783809248,R_75,52867.7326,1,14.277000000001863,BACKFILL_AUTO
2026-07-11 22:34:10,1783809250,R_75,52867.5397,-1,0.19290000000182772,BACKFILL_AUTO
2026-07-11 22:34:12,1783809252,R_75,52859.2782,-1,8.261500000000524,BACKFILL_AUTO
2026-07-11 22:34:14,1783809254,R_75,52856.8312,-1,2.4470000000001164,BACKFILL_AUTO
2026-07-11 22:34:16,1783809256,R_75,52858.2176,1,1.38640000000305,BACKFILL_AUTO
2026-07-11 22:34:18,1783809258,R_75,52870.3388,1,12.121199999994133,BACKFILL_AUTO
2026-07-11 22:34:20,1783809260,R_75,52876.281,1,5.942200000004959,BACKFILL_AUTO
2026-07-11 22:34:22,1783809262,R_75,52870.2183,-1,6.0627000000022235,BACKFILL_AUTO
2026-07-11 22:34:24,1783809264,R_75,52870.2558,1,0.03749999999854481,BACKFILL_AUTO
2026-07-11 22:34:26,1783809266,R_75,52856.6299,-1,13.625899999999092,BACKFILL_AUTO
2026-07-11 22:34:28,1783809268,R_75,52849.1752,-1,7.454700000002049,BACKFILL_AUTO
2026-07-11 22:34:30,1783809270,R_75,52868.7608,1,19.58559999999852,BACKFILL_AUTO
2026-07-11 22:34:32,1783809272,R_75,52880.5547,1,11.793900000004214,BACKFILL_AUTO
2026-07-11 22:34:34,1783809274,R_75,52870.5571,-1,9.997600000002421,BACKFILL_AUTO
2026-07-11 22:34:36,1783809276,R_75,52861.4524,-1,9.104699999996228,BACKFILL_AUTO
2026-07-11 22:34:38,1783809278,R_75,52862.5043,1,1.051899999998568,BACKFILL_AUTO
2026-07-11 22:34:40,1783809280,R_75,52859.1961,-1,3.3081999999994878,BACKFILL_AUTO
2026-07-11 22:34:42,1783809282,R_75,52869.5811,1,10.385000000002037,BACKFILL_AUTO
2026-07-11 22:34:44,1783809284,R_75,52873.2088,1,3.627699999997276,BACKFILL_AUTO
2026-07-11 22:34:46,1783809286,R_75,52869.4504,-1,3.758399999998801,BACKFILL_AUTO
2026-07-11 22:34:48,1783809288,R_75,52851.7203,-1,17.730100000000675,BACKFILL_AUTO
2026-07-11 22:34:50,1783809290,R_75,52850.7658,-1,0.9544999999998254,BACKFILL_AUTO
2026-07-11 22:34:52,1783809292,R_75,52853.4577,1,2.691899999997986,BACKFILL_AUTO
2026-07-11 22:34:54,1783809294,R_75,52851.8677,-1,1.5899999999965075,BACKFILL_AUTO
2026-07-11 22:34:56,1783809296,R_75,52844.8381,-1,7.029600000001665,BACKFILL_AUTO
2026-07-11 22:34:58,1783809298,R_75,52841.6133,-1,3.2248000000035972,BACKFILL_AUTO
2026-07-11 22:35:00,1783809300,R_75,52819.8977,-1,21.715599999995902,BACKFILL_AUTO
2026-07-11 22:35:02,1783809302,R_75,52817.3021,-1,2.595600000000559,BACKFILL_AUTO
2026-07-11 22:35:04,1783809304,R_75,52817.9876,1,0.6854999999995925,BACKFILL_AUTO
2026-07-11 22:35:06,1783809306,R_75,52841.1479,1,23.16030000000319,BACKFILL_AUTO
2026-07-11 22:35:08,1783809308,R_75,52841.2867,1,0.13879999999335269,BACKFILL_AUTO
2026-07-11 22:35:10,1783809310,R_75,52834.9295,-1,6.3571999999985565,BACKFILL_AUTO
2026-07-11 22:35:12,1783809312,R_75,52846.3895,1,11.459999999999127,BACKFILL_AUTO
2026-07-11 22:35:14,1783809314,R_75,52844.831,-1,1.558499999999185,BACKFILL_AUTO
2026-07-11 22:35:16,1783809316,R_75,52841.0842,-1,3.7468000000008033,BACKFILL_AUTO
2026-07-11 22:35:18,1783809318,R_75,52844.9349,1,3.850700000002689,BACKFILL_AUTO
2026-07-11 22:35:20,1783809320,R_75,52844.7324,-1,0.20249999999941792,BACKFILL_AUTO
2026-07-11 22:35:22,1783809322,R_75,52825.0163,-1,19.716099999997823,BACKFILL_AUTO
2026-07-11 22:35:24,1783809324,R_75,52843.613,1,18.5966999999946,BACKFILL_AUTO
2026-07-11 22:35:26,1783809326,R_75,52846.5671,1,2.9541000000026543,BACKFILL_AUTO
2026-07-11 22:35:28,1783809328,R_75,52828.7581,-1,17.809000000001106,BACKFILL_AUTO
2026-07-11 22:35:30,1783809330,R_75,52821.2502,-1,7.50789999999688,BACKFILL_AUTO
2026-07-11 22:35:32,1783809332,R_75,52818.5162,-1,2.7340000000040163,BACKFILL_AUTO
2026-07-11 22:35:34,1783809334,R_75,52802.8071,-1,15.709100000000035,BACKFILL_AUTO
2026-07-11 22:35:36,1783809336,R_75,52790.8369,-1,11.970199999996112,BACKFILL_AUTO
2026-07-11 22:35:38,1783809338,R_75,52787.0631,-1,3.773800000002666,BACKFILL_AUTO
2026-07-11 22:35:40,1783809340,R_75,52782.3832,-1,4.679900000002817,BACKFILL_AUTO
2026-07-11 22:35:42,1783809342,R_75,52777.5183,-1,4.864899999993213,BACKFILL_AUTO
2026-07-11 22:35:44,1783809344,R_75,52782.426,1,4.907699999996112,BACKFILL_AUTO
2026-07-11 22:35:46,1783809346,R_75,52767.3575,-1,15.068500000001222,BACKFILL_AUTO
2026-07-11 22:35:48,1783809348,R_75,52762.0873,-1,5.270199999999022,BACKFILL_AUTO
2026-07-11 22:35:50,1783809350,R_75,52762.0041,-1,0.08320000000094296,BACKFILL_AUTO
2026-07-11 22:35:52,1783809352,R_75,52746.2446,-1,15.759500000000116,BACKFILL_AUTO
2026-07-11 22:35:54,1783809354,R_75,52738.4211,-1,7.823499999998603,BACKFILL_AUTO
2026-07-11 22:35:56,1783809356,R_75,52725.1915,-1,13.229599999998754,BACKFILL_AUTO
2026-07-11 22:35:58,1783809358,R_75,52715.6458,-1,9.545700000002398,BACKFILL_AUTO
2026-07-11 22:36:00,1783809360,R_75,52717.8384,1,2.1926000000021304,BACKFILL_AUTO
2026-07-11 22:36:02,1783809362,R_75,52710.3041,-1,7.534299999999348,BACKFILL_AUTO
2026-07-11 22:36:04,1783809364,R_75,52696.237,-1,14.06710000000021,BACKFILL_AUTO
2026-07-11 22:36:06,1783809366,R_75,52703.1209,1,6.883900000000722,BACKFILL_AUTO
2026-07-11 22:36:08,1783809368,R_75,52713.133,1,10.012099999999919,BACKFILL_AUTO
2026-07-11 22:36:10,1783809370,R_75,52713.6992,1,0.5662000000011176,BACKFILL_AUTO
2026-07-11 22:36:12,1783809372,R_75,52725.0887,1,11.389499999997497,BACKFILL_AUTO
2026-07-11 22:36:14,1783809374,R_75,52711.2841,-1,13.80460000000312,BACKFILL_AUTO
2026-07-11 22:36:16,1783809376,R_75,52716.6795,1,5.395400000001246,BACKFILL_AUTO
2026-07-11 22:36:18,1783809378,R_75,52718.0756,1,1.396099999998114,BACKFILL_AUTO
2026-07-11 22:36:20,1783809380,R_75,52728.0069,1,9.93130000000383,BACKFILL_AUTO
2026-07-11 22:36:22,1783809382,R_75,52731.9324,1,3.9254999999975553,BACKFILL_AUTO
2026-07-11 22:36:24,1783809384,R_75,52736.8419,1,4.909500000001572,BACKFILL_AUTO
2026-07-11 22:36:26,1783809386,R_75,52744.9744,1,8.132499999999709,BACKFILL_AUTO
2026-07-11 22:36:28,1783809388,R_75,52760.9411,1,15.966699999997218,BACKFILL_AUTO
2026-07-11 22:36:30,1783809390,R_75,52774.4369,1,13.495800000004238,BACKFILL_AUTO
2026-07-11 22:36:32,1783809392,R_75,52794.977,1,20.540099999998347,BACKFILL_AUTO
2026-07-11 22:36:34,1783809394,R_75,52816.3673,1,21.390299999999115,BACKFILL_AUTO
2026-07-11 22:36:36,1783809396,R_75,52823.7633,1,7.39600000000064,BACKFILL_AUTO
2026-07-11 22:36:38,1783809398,R_75,52833.2535,1,9.490200000000186,BACKFILL_AUTO
2026-07-11 22:36:40,1783809400,R_75,52836.8629,1,3.6094000000011874,BACKFILL_AUTO
2026-07-11 22:36:42,1783809402,R_75,52831.7183,-1,5.1445999999996275,BACKFILL_AUTO
2026-07-11 22:36:44,1783809404,R_75,52843.7098,1,11.99149999999645,BACKFILL_AUTO
2026-07-11 22:36:46,1783809406,R_75,52841.3046,-1,2.4051999999937834,BACKFILL_AUTO
2026-07-11 22:36:48,1783809408,R_75,52834.3227,-1,6.981900000006135,BACKFILL_AUTO
2026-07-11 22:36:50,1783809410,R_75,52824.7166,-1,9.606099999997241,BACKFILL_AUTO
2026-07-11 22:36:52,1783809412,R_75,52834.0914,1,9.374799999997776,BACKFILL_AUTO
2026-07-11 22:36:54,1783809414,R_75,52831.7834,-1,2.3079999999972642,BACKFILL_AUTO
2026-07-11 22:36:56,1783809416,R_75,52827.3601,-1,4.4233000000022,BACKFILL_AUTO
2026-07-11 22:36:58,1783809418,R_75,52823.6864,-1,3.6736999999993714,BACKFILL_AUTO
2026-07-11 22:37:00,1783809420,R_75,52830.2734,1,6.586999999999534,BACKFILL_AUTO
2026-07-11 22:37:02,1783809422,R_75,52817.4239,-1,12.849499999996624,BACKFILL_AUTO
2026-07-11 22:37:04,1783809424,R_75,52820.5891,1,3.1651999999958207,BACKFILL_AUTO
2026-07-11 22:37:06,1783809426,R_75,52823.4866,1,2.897499999999127,BACKFILL_AUTO
2026-07-11 22:37:08,1783809428,R_75,52831.829,1,8.342400000001362,BACKFILL_AUTO
2026-07-11 22:37:10,1783809430,R_75,52813.2447,-1,18.584299999994982,BACKFILL_AUTO
2026-07-11 22:37:12,1783809432,R_75,52808.0498,-1,5.194900000002235,BACKFILL_AUTO
2026-07-11 22:37:14,1783809434,R_75,52817.9894,1,9.939599999997881,BACKFILL_AUTO
2026-07-11 22:37:16,1783809436,R_75,52812.5911,-1,5.398300000000745,BACKFILL_AUTO
2026-07-11 22:37:18,1783809438,R_75,52803.2022,-1,9.388899999998102,BACKFILL_AUTO
2026-07-11 22:37:20,1783809440,R_75,52806.1148,1,2.9126000000032946,BACKFILL_AUTO
2026-07-11 22:37:22,1783809442,R_75,52804.7967,-1,1.3181000000040513,BACKFILL_AUTO
2026-07-11 22:37:24,1783809444,R_75,52795.8536,-1,8.943099999996775,BACKFILL_AUTO
2026-07-11 22:37:26,1783809446,R_75,52811.1242,1,15.270599999996193,BACKFILL_AUTO
2026-07-11 22:37:28,1783809448,R_75,52823.5133,1,12.389100000000326,BACKFILL_AUTO
2026-07-11 22:37:30,1783809450,R_75,52829.829,1,6.315699999999197,BACKFILL_AUTO
2026-07-11 22:37:32,1783809452,R_75,52839.5539,1,9.724900000001071,BACKFILL_AUTO
2026-07-11 22:37:34,1783809454,R_75,52835.3765,-1,4.177400000000489,BACKFILL_AUTO
2026-07-11 22:37:36,1783809456,R_75,52837.7758,1,2.3993000000045868,BACKFILL_AUTO
2026-07-11 22:37:38,1783809458,R_75,52851.6269,1,13.85109999999986,BACKFILL_AUTO
2026-07-11 22:37:40,1783809460,R_75,52856.9593,1,5.332399999999325,BACKFILL_AUTO
2026-07-11 22:37:42,1783809462,R_75,52847.1965,-1,9.762800000004063,BACKFILL_AUTO
2026-07-11 22:37:44,1783809464,R_75,52860.5642,1,13.367700000002515,BACKFILL_AUTO
2026-07-11 22:37:46,1783809466,R_75,52864.4142,1,3.849999999998545,BACKFILL_AUTO
2026-07-11 22:37:48,1783809468,R_75,52857.5125,-1,6.901700000002165,BACKFILL_AUTO
2026-07-11 22:37:50,1783809470,R_75,52854.9193,-1,2.5931999999957043,BACKFILL_AUTO
2026-07-11 22:37:52,1783809472,R_75,52836.4618,-1,18.457500000004075,BACKFILL_AUTO
2026-07-11 22:37:54,1783809474,R_75,52838.4622,1,2.000400000004447,BACKFILL_AUTO
2026-07-11 22:37:56,1783809476,R_75,52844.8078,1,6.345600000000559,BACKFILL_AUTO
2026-07-11 22:37:58,1783809478,R_75,52839.4086,-1,5.399199999999837,BACKFILL_AUTO
2026-07-11 22:38:00,1783809480,R_75,52847.2428,1,7.834199999997509,BACKFILL_AUTO
2026-07-11 22:38:02,1783809482,R_75,52852.72,1,5.477200000001176,BACKFILL_AUTO
2026-07-11 22:38:04,1783809484,R_75,52853.4062,1,0.686199999996461,BACKFILL_AUTO
2026-07-11 22:38:06,1783809486,R_75,52852.4191,-1,0.9870999999984633,BACKFILL_AUTO
2026-07-11 22:38:08,1783809488,R_75,52858.2572,1,5.83810000000085,BACKFILL_AUTO
2026-07-11 22:38:10,1783809490,R_75,52861.4797,1,3.2225000000034925,BACKFILL_AUTO
2026-07-11 22:38:12,1783809492,R_75,52862.2857,1,0.8059999999968568,BACKFILL_AUTO
2026-07-11 22:38:14,1783809494,R_75,52848.2252,-1,14.060499999999593,BACKFILL_AUTO
2026-07-11 22:38:16,1783809496,R_75,52842.6095,-1,5.615700000002107,BACKFILL_AUTO
2026-07-11 22:38:18,1783809498,R_75,52838.8796,-1,3.7298999999984517,BACKFILL_AUTO
2026-07-11 22:38:20,1783809500,R_75,52847.4003,1,8.520700000000943,BACKFILL_AUTO
2026-07-11 22:38:22,1783809502,R_75,52838.5286,-1,8.87170000000333,BACKFILL_AUTO
2026-07-11 22:38:24,1783809504,R_75,52834.9282,-1,3.600399999995716,BACKFILL_AUTO
2026-07-11 22:38:26,1783809506,R_75,52843.9602,1,9.031999999999243,BACKFILL_AUTO
2026-07-11 22:38:28,1783809508,R_75,52857.2502,1,13.290000000000873,BACKFILL_AUTO
2026-07-11 22:38:30,1783809510,R_75,52863.3019,1,6.051699999996345,BACKFILL_AUTO
2026-07-11 22:38:32,1783809512,R_75,52872.702,1,9.400099999998929,BACKFILL_AUTO
2026-07-11 22:38:34,1783809514,R_75,52878.8574,1,6.155400000003283,BACKFILL_AUTO
2026-07-11 22:38:36,1783809516,R_75,52884.8629,1,6.0054999999993015,BACKFILL_AUTO
2026-07-11 22:38:38,1783809518,R_75,52871.1132,-1,13.749700000000303,BACKFILL_AUTO
2026-07-11 22:38:40,1783809520,R_75,52867.0588,-1,4.054400000000896,BACKFILL_AUTO
2026-07-11 22:38:42,1783809522,R_75,52894.7039,1,27.64510000000155,BACKFILL_AUTO
2026-07-11 22:38:44,1783809524,R_75,52912.6055,1,17.901599999997416,BACKFILL_AUTO
2026-07-11 22:38:46,1783809526,R_75,52911.5504,-1,1.0550999999977648,BACKFILL_AUTO
2026-07-11 22:38:48,1783809528,R_75,52917.9063,1,6.355900000002293,BACKFILL_AUTO
2026-07-11 22:38:50,1783809530,R_75,52928.0603,1,10.153999999994994,BACKFILL_AUTO
2026-07-11 22:38:52,1783809532,R_75,52945.0562,1,16.99590000000171,BACKFILL_AUTO
2026-07-11 22:38:54,1783809534,R_75,52943.7199,-1,1.336300000002666,BACKFILL_AUTO
2026-07-11 22:38:56,1783809536,R_75,52939.2935,-1,4.426399999996647,BACKFILL_AUTO
2026-07-11 22:38:58,1783809538,R_75,52934.8549,-1,4.4386000000013155,BACKFILL_AUTO
2026-07-11 22:39:00,1783809540,R_75,52956.3181,1,21.463199999998324,BACKFILL_AUTO
2026-07-11 22:39:02,1783809542,R_75,52969.883,1,13.564900000004855,BACKFILL_AUTO
2026-07-11 22:39:04,1783809544,R_75,52978.0033,1,8.12029999999504,BACKFILL_AUTO
2026-07-11 22:39:06,1783809546,R_75,52971.5945,-1,6.408799999997427,BACKFILL_AUTO
2026-07-11 22:39:08,1783809548,R_75,52958.6395,-1,12.955000000001746,BACKFILL_AUTO
2026-07-11 22:39:10,1783809550,R_75,52973.5204,1,14.880900000003749,BACKFILL_AUTO
2026-07-11 22:39:12,1783809552,R_75,52968.4804,-1,5.040000000000873,BACKFILL_AUTO
2026-07-11 22:39:14,1783809554,R_75,52978.5639,1,10.08350000000064,BACKFILL_AUTO
2026-07-11 22:39:16,1783809556,R_75,52971.12,-1,7.4438999999983935,BACKFILL_AUTO
2026-07-11 22:39:18,1783809558,R_75,52943.6493,-1,27.47070000000531,BACKFILL_AUTO
2026-07-11 22:39:20,1783809560,R_75,52941.331,-1,2.318299999998999,BACKFILL_AUTO
2026-07-11 22:39:22,1783809562,R_75,52946.2244,1,4.893400000000838,BACKFILL_AUTO
2026-07-11 22:39:24,1783809564,R_75,52954.1036,1,7.879200000003038,BACKFILL_AUTO
2026-07-11 22:39:26,1783809566,R_75,52952.5095,-1,1.5941000000020722,BACKFILL_AUTO
2026-07-11 22:39:28,1783809568,R_75,52952.9694,1,0.4599000000016531,BACKFILL_AUTO
2026-07-11 22:39:30,1783809570,R_75,52952.4916,-1,0.47780000000057044,BACKFILL_AUTO
2026-07-11 22:39:32,1783809572,R_75,52951.7125,-1,0.7790999999997439,BACKFILL_AUTO
2026-07-11 22:39:34,1783809574,R_75,52956.9957,1,5.283199999998033,BACKFILL_AUTO
2026-07-11 22:39:36,1783809576,R_75,52954.0602,-1,2.9354999999995925,BACKFILL_AUTO
2026-07-11 22:39:38,1783809578,R_75,52947.6689,-1,6.391300000002957,BACKFILL_AUTO
2026-07-11 22:39:40,1783809580,R_75,52951.9263,1,4.257400000002235,BACKFILL_AUTO
2026-07-11 22:39:42,1783809582,R_75,52958.1755,1,6.249199999998382,BACKFILL_AUTO
2026-07-11 22:39:44,1783809584,R_75,52960.0743,1,1.898800000002666,BACKFILL_AUTO
2026-07-11 22:39:46,1783809586,R_75,52953.3569,-1,6.717400000001362,BACKFILL_AUTO
2026-07-11 22:39:48,1783809588,R_75,52958.7715,1,5.414600000003702,BACKFILL_AUTO
2026-07-11 22:39:50,1783809590,R_75,52965.2357,1,6.464199999994889,BACKFILL_AUTO
2026-07-11 22:39:52,1783809592,R_75,52959.744,-1,5.491699999998673,BACKFILL_AUTO
2026-07-11 22:39:54,1783809594,R_75,52975.227,1,15.483000000000175,BACKFILL_AUTO
2026-07-11 22:39:56,1783809596,R_75,52963.4353,-1,11.791700000001583,BACKFILL_AUTO
2026-07-11 22:39:58,1783809598,R_75,52957.9617,-1,5.473599999997532,BACKFILL_AUTO
2026-07-11 22:40:00,1783809600,R_75,52952.2564,-1,5.7053000000014435,BACKFILL_AUTO
2026-07-11 22:40:02,1783809602,R_75,52965.3492,1,13.092799999998533,BACKFILL_AUTO
2026-07-11 22:40:04,1783809604,R_75,52957.6243,-1,7.724899999993795,BACKFILL_AUTO
2026-07-11 22:40:06,1783809606,R_75,52966.2195,1,8.595199999996112,BACKFILL_AUTO
2026-07-11 22:40:08,1783809608,R_75,52953.9711,-1,12.248399999996764,BACKFILL_AUTO
2026-07-11 22:40:10,1783809610,R_75,52963.681,1,9.709899999994377,BACKFILL_AUTO
2026-07-11 22:40:12,1783809612,R_75,52971.7681,1,8.087100000004284,BACKFILL_AUTO
2026-07-11 22:40:14,1783809614,R_75,52962.8232,-1,8.944900000002235,BACKFILL_AUTO
2026-07-11 22:40:16,1783809616,R_75,52959.2308,-1,3.592400000001362,BACKFILL_AUTO
2026-07-11 22:40:18,1783809618,R_75,52948.978,-1,10.25279999999475,BACKFILL_AUTO
2026-07-11 22:40:20,1783809620,R_75,52950.3067,1,1.3286999999982072,BACKFILL_AUTO
2026-07-11 22:40:22,1783809622,R_75,52950.3669,1,0.060199999999895226,BACKFILL_AUTO
2026-07-11 22:40:24,1783809624,R_75,52959.8241,1,9.457199999997101,BACKFILL_AUTO
2026-07-11 22:40:26,1783809626,R_75,52979.3742,1,19.550100000000384,BACKFILL_AUTO
2026-07-11 22:40:28,1783809628,R_75,52995.4811,1,16.10689999999886,BACKFILL_AUTO
2026-07-11 22:40:30,1783809630,R_75,52986.7145,-1,8.766599999995378,BACKFILL_AUTO
2026-07-11 22:40:32,1783809632,R_75,52992.0555,1,5.341000000000349,BACKFILL_AUTO
2026-07-11 22:40:34,1783809634,R_75,52989.6839,-1,2.3715999999985797,BACKFILL_AUTO
2026-07-11 22:40:36,1783809636,R_75,52986.4299,-1,3.254000000000815,BACKFILL_AUTO
2026-07-11 22:40:38,1783809638,R_75,52999.5715,1,13.141599999995378,BACKFILL_AUTO
2026-07-11 22:40:40,1783809640,R_75,52988.6281,-1,10.943399999996473,BACKFILL_AUTO
2026-07-11 22:40:42,1783809642,R_75,53006.5997,1,17.971599999997125,BACKFILL_AUTO
2026-07-11 22:40:44,1783809644,R_75,53013.8728,1,7.2730999999985215,BACKFILL_AUTO
2026-07-11 22:40:46,1783809646,R_75,53026.3839,1,12.511100000003353,BACKFILL_AUTO
2026-07-11 22:40:48,1783809648,R_75,53036.7375,1,10.353600000002189,BACKFILL_AUTO
2026-07-11 22:40:50,1783809650,R_75,53032.8842,-1,3.8533000000024913,BACKFILL_AUTO
2026-07-11 22:40:52,1783809652,R_75,53045.8184,1,12.934199999996054,BACKFILL_AUTO
2026-07-11 22:40:54,1783809654,R_75,53049.9784,1,4.1600000000034925,BACKFILL_AUTO
2026-07-11 22:40:56,1783809656,R_75,53034.6233,-1,15.355100000000675,BACKFILL_AUTO
2026-07-11 22:40:58,1783809658,R_75,53037.2551,1,2.6318000000028405,BACKFILL_AUTO
2026-07-11 22:41:00,1783809660,R_75,53038.1034,1,0.8482999999978347,BACKFILL_AUTO
2026-07-11 22:41:02,1783809662,R_75,53023.8489,-1,14.254500000002736,BACKFILL_AUTO
2026-07-11 22:41:04,1783809664,R_75,53028.7681,1,4.9192000000039116,BACKFILL_AUTO
2026-07-11 22:41:06,1783809666,R_75,53016.4889,-1,12.279200000004494,BACKFILL_AUTO
2026-07-11 22:41:08,1783809668,R_75,53022.1978,1,5.708900000005087,BACKFILL_AUTO
2026-07-11 22:41:10,1783809670,R_75,53019.5847,-1,2.613100000002305,BACKFILL_AUTO
2026-07-11 22:41:12,1783809672,R_75,53034.7622,1,15.177499999997963,BACKFILL_AUTO
2026-07-11 22:41:14,1783809674,R_75,53014.7697,-1,19.99250000000029,BACKFILL_AUTO
2026-07-11 22:41:16,1783809676,R_75,53019.0322,1,4.262500000004366,BACKFILL_AUTO
2026-07-11 22:41:18,1783809678,R_75,53038.4169,1,19.384699999995064,BACKFILL_AUTO
2026-07-11 22:41:20,1783809680,R_75,53043.9942,1,5.57730000000447,BACKFILL_AUTO
2026-07-11 22:41:22,1783809682,R_75,53052.2054,1,8.211199999997916,BACKFILL_AUTO
2026-07-11 22:41:24,1783809684,R_75,53057.5768,1,5.371400000003632,BACKFILL_AUTO
2026-07-11 22:41:26,1783809686,R_75,53064.4269,1,6.850099999996019,BACKFILL_AUTO
2026-07-11 22:41:28,1783809688,R_75,53062.2285,-1,2.1984000000011292,BACKFILL_AUTO
2026-07-11 22:41:30,1783809690,R_75,53064.4694,1,2.2409000000043306,BACKFILL_AUTO
2026-07-11 22:41:32,1783809692,R_75,53076.6796,1,12.21020000000135,BACKFILL_AUTO
2026-07-11 22:41:34,1783809694,R_75,53075.8936,-1,0.7860000000000582,BACKFILL_AUTO
2026-07-11 22:41:36,1783809696,R_75,53063.1379,-1,12.755700000001525,BACKFILL_AUTO
2026-07-11 22:41:38,1783809698,R_75,53058.5101,-1,4.627800000002026,BACKFILL_AUTO
2026-07-11 22:41:40,1783809700,R_75,53050.2811,-1,8.22899999999936,BACKFILL_AUTO
2026-07-11 22:41:42,1783809702,R_75,53050.5555,1,0.27440000000206055,BACKFILL_AUTO
2026-07-11 22:41:44,1783809704,R_75,53053.6193,1,3.063799999996263,BACKFILL_AUTO
2026-07-11 22:41:46,1783809706,R_75,53044.9488,-1,8.670500000000175,BACKFILL_AUTO
2026-07-11 22:41:48,1783809708,R_75,53036.7073,-1,8.24149999999645,BACKFILL_AUTO
2026-07-11 22:41:50,1783809710,R_75,53049.2225,1,12.515200000001641,BACKFILL_AUTO
2026-07-11 22:41:52,1783809712,R_75,53049.8947,1,0.6721999999936088,BACKFILL_AUTO
2026-07-11 22:41:54,1783809714,R_75,53057.3055,1,7.410800000005111,BACKFILL_AUTO
2026-07-11 22:41:56,1783809716,R_75,53048.0142,-1,9.291300000004412,BACKFILL_AUTO
2026-07-11 22:41:58,1783809718,R_75,53048.1836,1,0.16939999999885913,BACKFILL_AUTO
2026-07-11 22:42:00,1783809720,R_75,53047.1392,-1,1.0443999999988591,BACKFILL_AUTO
2026-07-11 22:42:02,1783809722,R_75,53073.6632,1,26.52400000000489,BACKFILL_AUTO
2026-07-11 22:42:04,1783809724,R_75,53079.9714,1,6.308199999999488,BACKFILL_AUTO
2026-07-11 22:42:06,1783809726,R_75,53086.3944,1,6.422999999995227,BACKFILL_AUTO
2026-07-11 22:42:08,1783809728,R_75,53074.9198,-1,11.474599999994098,BACKFILL_AUTO
2026-07-11 22:42:10,1783809730,R_75,53064.7386,-1,10.181200000006356,BACKFILL_AUTO
2026-07-11 22:42:12,1783809732,R_75,53070.397,1,5.658400000000256,BACKFILL_AUTO
2026-07-11 22:42:14,1783809734,R_75,53070.1388,-1,0.2581999999965774,BACKFILL_AUTO
2026-07-11 22:42:16,1783809736,R_75,53082.8458,1,12.707000000002154,BACKFILL_AUTO
2026-07-11 22:42:18,1783809738,R_75,53085.729,1,2.8831999999965774,BACKFILL_AUTO
2026-07-11 22:42:20,1783809740,R_75,53072.9923,-1,12.736700000001292,BACKFILL_AUTO
2026-07-11 22:42:22,1783809742,R_75,53078.1261,1,5.133800000003248,BACKFILL_AUTO
2026-07-11 22:42:24,1783809744,R_75,53063.2091,-1,14.91700000000128,BACKFILL_AUTO
2026-07-11 22:42:26,1783809746,R_75,53047.3889,-1,15.820200000001932,BACKFILL_AUTO
2026-07-11 22:42:28,1783809748,R_75,53063.7189,1,16.330000000001746,BACKFILL_AUTO
2026-07-11 22:42:30,1783809750,R_75,53082.2954,1,18.576500000002852,BACKFILL_AUTO
2026-07-11 22:42:32,1783809752,R_75,53087.8066,1,5.5112000000008265,BACKFILL_AUTO
2026-07-11 22:42:34,1783809754,R_75,53100.3576,1,12.550999999999476,BACKFILL_AUTO
2026-07-11 22:42:36,1783809756,R_75,53097.0227,-1,3.334900000001653,BACKFILL_AUTO
2026-07-11 22:42:38,1783809758,R_75,53101.2977,1,4.275000000001455,BACKFILL_AUTO
2026-07-11 22:42:40,1783809760,R_75,53103.3059,1,2.0081999999965774,BACKFILL_AUTO
2026-07-11 22:42:42,1783809762,R_75,53089.1951,-1,14.1108000000022,BACKFILL_AUTO
2026-07-11 22:42:44,1783809764,R_75,53079.3754,-1,9.819700000000012,BACKFILL_AUTO
2026-07-11 22:42:46,1783809766,R_75,53094.392,1,15.016600000002654,BACKFILL_AUTO
2026-07-11 22:42:48,1783809768,R_75,53081.5061,-1,12.88590000000113,BACKFILL_AUTO
2026-07-11 22:42:50,1783809770,R_75,53087.7068,1,6.200700000001234,BACKFILL_AUTO
2026-07-11 22:42:52,1783809772,R_75,53087.1549,-1,0.5518999999985681,BACKFILL_AUTO
2026-07-11 22:42:54,1783809774,R_75,53086.7759,-1,0.3790000000008149,BACKFILL_AUTO
2026-07-11 22:42:56,1783809776,R_75,53085.761,-1,1.0149000000019441,BACKFILL_AUTO
2026-07-11 22:42:58,1783809778,R_75,53089.2205,1,3.459500000004482,BACKFILL_AUTO
2026-07-11 22:43:00,1783809780,R_75,53080.5532,-1,8.667300000000978,BACKFILL_AUTO
2026-07-11 22:43:02,1783809782,R_75,53091.2332,1,10.680000000000291,BACKFILL_AUTO
2026-07-11 22:43:04,1783809784,R_75,53102.6288,1,11.395599999996193,BACKFILL_AUTO
2026-07-11 22:43:06,1783809786,R_75,53089.1009,-1,13.527900000000955,BACKFILL_AUTO
2026-07-11 22:43:08,1783809788,R_75,53095.8175,1,6.716599999999744,BACKFILL_AUTO
2026-07-11 22:43:10,1783809790,R_75,53103.061,1,7.243500000004133,BACKFILL_AUTO
2026-07-11 22:43:12,1783809792,R_75,53084.2958,-1,18.76520000000164,BACKFILL_AUTO
2026-07-11 22:43:14,1783809794,R_75,53086.1058,1,1.8099999999976717,BACKFILL_AUTO
2026-07-11 22:43:16,1783809796,R_75,53082.2968,-1,3.809000000001106,BACKFILL_AUTO
2026-07-11 22:43:18,1783809798,R_75,53086.8922,1,4.595400000005611,BACKFILL_AUTO
2026-07-11 22:43:20,1783809800,R_75,53090.0601,1,3.1679000000003725,BACKFILL_AUTO
2026-07-11 22:43:22,1783809802,R_75,53100.2148,1,10.154699999999139,BACKFILL_AUTO
2026-07-11 22:43:24,1783809804,R_75,53102.1837,1,1.9688999999998487,BACKFILL_AUTO
2026-07-11 22:43:26,1783809806,R_75,53089.9066,-1,12.277099999999336,BACKFILL_AUTO
2026-07-11 22:43:28,1783809808,R_75,53089.2244,-1,0.682200000002922,BACKFILL_AUTO
2026-07-11 22:43:30,1783809810,R_75,53065.5234,-1,23.70100000000093,BACKFILL_AUTO
2026-07-11 22:43:32,1783809812,R_75,53066.3844,1,0.8610000000044238,BACKFILL_AUTO
2026-07-11 22:43:34,1783809814,R_75,53071.0619,1,4.677499999997963,BACKFILL_AUTO
2026-07-11 22:43:36,1783809816,R_75,53074.1841,1,3.1221999999979744,BACKFILL_AUTO
2026-07-11 22:43:38,1783809818,R_75,53062.5023,-1,11.681799999998475,BACKFILL_AUTO
2026-07-11 22:43:40,1783809820,R_75,53043.8717,-1,18.630599999996775,BACKFILL_AUTO
2026-07-11 22:43:42,1783809822,R_75,53039.0127,-1,4.859000000004016,BACKFILL_AUTO
2026-07-11 22:43:44,1783809824,R_75,53044.2435,1,5.230799999997544,BACKFILL_AUTO
2026-07-11 22:43:46,1783809826,R_75,53046.3156,1,2.072100000004866,BACKFILL_AUTO
2026-07-11 22:43:48,1783809828,R_75,53055.843,1,9.527399999999034,BACKFILL_AUTO
2026-07-11 22:43:50,1783809830,R_75,53060.7451,1,4.902099999999336,BACKFILL_AUTO
2026-07-11 22:43:52,1783809832,R_75,53055.9314,-1,4.813699999998789,BACKFILL_AUTO
2026-07-11 22:43:54,1783809834,R_75,53041.9751,-1,13.95629999999801,BACKFILL_AUTO
2026-07-11 22:43:56,1783809836,R_75,53046.5283,1,4.553199999994831,BACKFILL_AUTO
2026-07-11 22:43:58,1783809838,R_75,53059.4931,1,12.96480000000156,BACKFILL_AUTO
2026-07-11 22:44:00,1783809840,R_75,53052.2719,-1,7.221199999999953,BACKFILL_AUTO
2026-07-11 22:44:02,1783809842,R_75,53042.9051,-1,9.366799999996147,BACKFILL_AUTO
2026-07-11 22:44:04,1783809844,R_75,53040.6678,-1,2.237300000000687,BACKFILL_AUTO
2026-07-11 22:44:06,1783809846,R_75,53048.8788,1,8.210999999995693,BACKFILL_AUTO
2026-07-11 22:44:08,1783809848,R_75,53055.0995,1,6.220699999998033,BACKFILL_AUTO
2026-07-11 22:44:10,1783809850,R_75,53060.3833,1,5.283800000004703,BACKFILL_AUTO
2026-07-11 22:44:12,1783809852,R_75,53052.8762,-1,7.507100000002538,BACKFILL_AUTO
2026-07-11 22:44:14,1783809854,R_75,53050.1353,-1,2.7408999999970547,BACKFILL_AUTO
2026-07-11 22:44:16,1783809856,R_75,53035.5952,-1,14.540099999998347,BACKFILL_AUTO
2026-07-11 22:44:18,1783809858,R_75,53036.4194,1,0.8241999999954714,BACKFILL_AUTO
2026-07-11 22:44:20,1783809860,R_75,53045.5851,1,9.165699999997742,BACKFILL_AUTO
2026-07-11 22:44:22,1783809862,R_75,53044.9438,-1,0.641299999995681,BACKFILL_AUTO
2026-07-11 22:44:24,1783809864,R_75,53035.2044,-1,9.739399999998568,BACKFILL_AUTO
2026-07-11 22:44:26,1783809866,R_75,53038.362,1,3.157599999998638,BACKFILL_AUTO
2026-07-11 22:44:28,1783809868,R_75,53037.2822,-1,1.0797999999995227,BACKFILL_AUTO
2026-07-11 22:44:30,1783809870,R_75,53033.1125,-1,4.1696999999985565,BACKFILL_AUTO
2026-07-11 22:44:32,1783809872,R_75,53028.5861,-1,4.526400000002468,BACKFILL_AUTO
2026-07-11 22:44:34,1783809874,R_75,53019.4649,-1,9.121200000001409,BACKFILL_AUTO
2026-07-11 22:44:36,1783809876,R_75,53009.3391,-1,10.125800000001618,BACKFILL_AUTO
2026-07-11 22:44:38,1783809878,R_75,53019.828,1,10.488900000003923,BACKFILL_AUTO
2026-07-11 22:44:40,1783809880,R_75,53009.5564,-1,10.271600000000035,BACKFILL_AUTO
2026-07-11 22:44:42,1783809882,R_75,53002.9641,-1,6.592300000003888,BACKFILL_AUTO
2026-07-11 22:44:44,1783809884,R_75,52990.7879,-1,12.176199999994424,BACKFILL_AUTO
2026-07-11 22:44:46,1783809886,R_75,52975.1901,-1,15.59780000000319,BACKFILL_AUTO
2026-07-11 22:44:48,1783809888,R_75,52984.3147,1,9.124600000002829,BACKFILL_AUTO
2026-07-11 22:44:50,1783809890,R_75,53002.1665,1,17.85179999999673,BACKFILL_AUTO
2026-07-11 22:44:52,1783809892,R_75,52994.7612,-1,7.405299999998533,BACKFILL_AUTO
2026-07-11 22:44:54,1783809894,R_75,52999.9789,1,5.217700000001059,BACKFILL_AUTO
2026-07-11 22:44:56,1783809896,R_75,52994.4143,-1,5.564600000005157,BACKFILL_AUTO
2026-07-11 22:44:58,1783809898,R_75,52998.4898,1,4.075500000006286,BACKFILL_AUTO
2026-07-11 22:45:00,1783809900,R_75,53001.6162,1,3.126399999993737,BACKFILL_AUTO
2026-07-11 22:45:02,1783809902,R_75,53020.2974,1,18.681200000006356,BACKFILL_AUTO
2026-07-11 22:45:04,1783809904,R_75,53015.8728,-1,4.424600000005739,BACKFILL_AUTO
2026-07-11 22:45:06,1783809906,R_75,53021.3279,1,5.45509999999922,BACKFILL_AUTO
2026-07-11 22:45:08,1783809908,R_75,53009.2857,-1,12.042199999996228,BACKFILL_AUTO
2026-07-11 22:45:10,1783809910,R_75,53023.5608,1,14.275099999998929,BACKFILL_AUTO
2026-07-11 22:45:12,1783809912,R_75,53030.1516,1,6.590799999998126,BACKFILL_AUTO
2026-07-11 22:45:14,1783809914,R_75,53038.2691,1,8.117500000000291,BACKFILL_AUTO
2026-07-11 22:45:16,1783809916,R_75,53041.5796,1,3.3104999999995925,BACKFILL_AUTO
2026-07-11 22:45:18,1783809918,R_75,53031.3293,-1,10.250299999999697,BACKFILL_AUTO
2026-07-11 22:45:20,1783809920,R_75,53032.8088,1,1.4795000000012806,BACKFILL_AUTO
2026-07-11 22:45:22,1783809922,R_75,53040.673,1,7.8642000000036205,BACKFILL_AUTO
2026-07-11 22:45:24,1783809924,R_75,53030.1558,-1,10.517200000002049,BACKFILL_AUTO
2026-07-11 22:45:26,1783809926,R_75,53034.2862,1,4.130400000001828,BACKFILL_AUTO
2026-07-11 22:45:28,1783809928,R_75,53027.1312,-1,7.154999999998836,BACKFILL_AUTO
2026-07-11 22:45:30,1783809930,R_75,53009.7844,-1,17.346800000006624,BACKFILL_AUTO
2026-07-11 22:45:32,1783809932,R_75,53006.3583,-1,3.42609999999695,BACKFILL_AUTO
2026-07-11 22:45:34,1783809934,R_75,53019.7589,1,13.40060000000085,BACKFILL_AUTO
2026-07-11 22:45:36,1783809936,R_75,53010.1266,-1,9.632299999997485,BACKFILL_AUTO
2026-07-11 22:45:38,1783809938,R_75,53021.082,1,10.955399999998917,BACKFILL_AUTO
2026-07-11 22:45:40,1783809940,R_75,53022.5439,1,1.4618999999947846,BACKFILL_AUTO
2026-07-11 22:45:42,1783809942,R_75,53023.2409,1,0.6970000000001164,BACKFILL_AUTO
2026-07-11 22:45:44,1783809944,R_75,53031.8358,1,8.59490000000369,BACKFILL_AUTO
2026-07-11 22:45:46,1783809946,R_75,53025.2704,-1,6.565399999999499,BACKFILL_AUTO
2026-07-11 22:45:48,1783809948,R_75,53058.7615,1,33.49109999999928,BACKFILL_AUTO
2026-07-11 22:45:50,1783809950,R_75,53045.8486,-1,12.912900000002992,BACKFILL_AUTO
2026-07-11 22:45:52,1783809952,R_75,53045.3931,-1,0.4554999999963911,BACKFILL_AUTO
2026-07-11 22:45:54,1783809954,R_75,53039.6294,-1,5.763700000003155,BACKFILL_AUTO
2026-07-11 22:45:56,1783809956,R_75,53026.6982,-1,12.93119999999908,BACKFILL_AUTO
2026-07-11 22:45:58,1783809958,R_75,53031.7261,1,5.027900000000955,BACKFILL_AUTO
2026-07-11 22:46:00,1783809960,R_75,53018.7363,-1,12.989800000003015,BACKFILL_AUTO
2026-07-11 22:46:02,1783809962,R_75,53013.4284,-1,5.3078999999997905,BACKFILL_AUTO
2026-07-11 22:46:04,1783809964,R_75,53006.6688,-1,6.75959999999759,BACKFILL_AUTO
2026-07-11 22:46:06,1783809966,R_75,53012.9665,1,6.297700000002806,BACKFILL_AUTO
2026-07-11 22:46:08,1783809968,R_75,53030.6749,1,17.70839999999589,BACKFILL_AUTO
2026-07-11 22:46:10,1783809970,R_75,53015.5258,-1,15.149099999995087,BACKFILL_AUTO
2026-07-11 22:46:12,1783809972,R_75,53005.2864,-1,10.239400000005844,BACKFILL_AUTO
2026-07-11 22:46:14,1783809974,R_75,53016.8802,1,11.593800000002375,BACKFILL_AUTO
2026-07-11 22:46:16,1783809976,R_75,53017.6267,1,0.746500000001106,BACKFILL_AUTO
2026-07-11 22:46:18,1783809978,R_75,53007.2072,-1,10.419500000003609,BACKFILL_AUTO
2026-07-11 22:46:20,1783809980,R_75,53020.1953,1,12.988100000002305,BACKFILL_AUTO
2026-07-11 22:46:22,1783809982,R_75,53020.8038,1,0.6085000000020955,BACKFILL_AUTO
2026-07-11 22:46:24,1783809984,R_75,53019.6093,-1,1.194500000005064,BACKFILL_AUTO
2026-07-11 22:46:26,1783809986,R_75,52986.5191,-1,33.09019999999873,BACKFILL_AUTO
2026-07-11 22:46:28,1783809988,R_75,52989.199,1,2.6799000000028173,BACKFILL_AUTO
2026-07-11 22:46:30,1783809990,R_75,52997.6146,1,8.415600000000268,BACKFILL_AUTO
2026-07-11 22:46:32,1783809992,R_75,52986.1473,-1,11.467300000003888,BACKFILL_AUTO
2026-07-11 22:46:34,1783809994,R_75,52989.1494,1,3.002100000005157,BACKFILL_AUTO
2026-07-11 22:46:36,1783809996,R_75,52993.3436,1,4.194199999998091,BACKFILL_AUTO
2026-07-11 22:46:38,1783809998,R_75,52992.8115,-1,0.5320999999967171,BACKFILL_AUTO
2026-07-11 22:46:40,1783810000,R_75,52989.876,-1,2.9355000000068685,BACKFILL_AUTO
2026-07-11 22:46:42,1783810002,R_75,53009.0518,1,19.17580000000453,BACKFILL_AUTO
2026-07-11 22:46:44,1783810004,R_75,53004.0697,-1,4.982100000001083,BACKFILL_AUTO
2026-07-11 22:46:46,1783810006,R_75,52994.7853,-1,9.284399999996822,BACKFILL_AUTO
2026-07-11 22:46:48,1783810008,R_75,52987.3004,-1,7.484900000003108,BACKFILL_AUTO
2026-07-11 22:46:50,1783810010,R_75,52972.146,-1,15.154399999999441,BACKFILL_AUTO
2026-07-11 22:46:52,1783810012,R_75,52953.8686,-1,18.277399999999034,BACKFILL_AUTO
2026-07-11 22:46:54,1783810014,R_75,52949.6581,-1,4.210500000001048,BACKFILL_AUTO
2026-07-11 22:46:56,1783810016,R_75,52977.5023,1,27.844199999999546,BACKFILL_AUTO
2026-07-11 22:46:58,1783810018,R_75,52975.4841,-1,2.0181999999986147,BACKFILL_AUTO
2026-07-11 22:47:00,1783810020,R_75,52972.2015,-1,3.282599999998638,BACKFILL_AUTO
2026-07-11 22:47:02,1783810022,R_75,52958.3631,-1,13.838400000000547,BACKFILL_AUTO
2026-07-11 22:47:04,1783810024,R_75,52946.7563,-1,11.606800000001385,BACKFILL_AUTO
2026-07-11 22:47:06,1783810026,R_75,52950.3848,1,3.628499999998894,BACKFILL_AUTO
2026-07-11 22:47:08,1783810028,R_75,52939.6585,-1,10.726300000002084,BACKFILL_AUTO
2026-07-11 22:47:10,1783810030,R_75,52938.3227,-1,1.335800000000745,BACKFILL_AUTO
2026-07-11 22:47:12,1783810032,R_75,52949.3962,1,11.073500000005879,BACKFILL_AUTO
2026-07-11 22:47:14,1783810034,R_75,52931.1422,-1,18.254000000000815,BACKFILL_AUTO
2026-07-11 22:47:16,1783810036,R_75,52922.8924,-1,8.249800000005052,BACKFILL_AUTO
2026-07-11 22:47:18,1783810038,R_75,52924.7554,1,1.8630000000048312,BACKFILL_AUTO
2026-07-11 22:47:20,1783810040,R_75,52933.9703,1,9.214899999999034,BACKFILL_AUTO
2026-07-11 22:47:22,1783810042,R_75,52939.6096,1,5.6393000000025495,BACKFILL_AUTO
2026-07-11 22:47:24,1783810044,R_75,52922.457,-1,17.152600000001257,BACKFILL_AUTO
2026-07-11 22:47:26,1783810046,R_75,52935.4613,1,13.004300000000512,BACKFILL_AUTO
2026-07-11 22:47:28,1783810048,R_75,52927.1745,-1,8.286800000001676,BACKFILL_AUTO
2026-07-11 22:47:30,1783810050,R_75,52937.606,1,10.431499999998778,BACKFILL_AUTO
2026-07-11 22:47:32,1783810052,R_75,52924.6886,-1,12.917399999998452,BACKFILL_AUTO
2026-07-11 22:47:34,1783810054,R_75,52912.3957,-1,12.292900000000373,BACKFILL_AUTO
2026-07-11 22:47:36,1783810056,R_75,52896.0296,-1,16.36609999999928,BACKFILL_AUTO
2026-07-11 22:47:38,1783810058,R_75,52887.6101,-1,8.419500000003609,BACKFILL_AUTO
2026-07-11 22:47:40,1783810060,R_75,52879.3126,-1,8.297500000000582,BACKFILL_AUTO
2026-07-11 22:47:42,1783810062,R_75,52880.4008,1,1.0882000000055996,BACKFILL_AUTO
2026-07-11 22:47:44,1783810064,R_75,52876.9072,-1,3.4936000000016065,BACKFILL_AUTO
2026-07-11 22:47:46,1783810066,R_75,52862.4295,-1,14.477700000003097,BACKFILL_AUTO
2026-07-11 22:47:48,1783810068,R_75,52874.876,1,12.446499999998196,BACKFILL_AUTO
2026-07-11 22:47:50,1783810070,R_75,52868.4292,-1,6.446799999997893,BACKFILL_AUTO
2026-07-11 22:47:52,1783810072,R_75,52867.6666,-1,0.7626000000018394,BACKFILL_AUTO
2026-07-11 22:47:54,1783810074,R_75,52862.4034,-1,5.263199999993958,BACKFILL_AUTO
2026-07-11 22:47:56,1783810076,R_75,52868.9522,1,6.548799999996845,BACKFILL_AUTO
2026-07-11 22:47:58,1783810078,R_75,52886.2358,1,17.28360000000248,BACKFILL_AUTO
2026-07-11 22:48:00,1783810080,R_75,52885.3258,-1,0.9100000000034925,BACKFILL_AUTO
2026-07-11 22:48:02,1783810082,R_75,52876.2191,-1,9.106699999996636,BACKFILL_AUTO
2026-07-11 22:48:04,1783810084,R_75,52866.2611,-1,9.95799999999872,BACKFILL_AUTO
2026-07-11 22:48:06,1783810086,R_75,52861.0485,-1,5.212600000006205,BACKFILL_AUTO
2026-07-11 22:48:08,1783810088,R_75,52866.8254,1,5.776900000004389,BACKFILL_AUTO
2026-07-11 22:48:10,1783810090,R_75,52888.9653,1,22.139900000001944,BACKFILL_AUTO
2026-07-11 22:48:12,1783810092,R_75,52897.8833,1,8.917999999997846,BACKFILL_AUTO
2026-07-11 22:48:14,1783810094,R_75,52906.0398,1,8.156499999997322,BACKFILL_AUTO
2026-07-11 22:48:16,1783810096,R_75,52928.2157,1,22.175900000002002,BACKFILL_AUTO
2026-07-11 22:48:18,1783810098,R_75,52943.1429,1,14.927199999998265,BACKFILL_AUTO
2026-07-11 22:48:20,1783810100,R_75,52949.3571,1,6.214200000002165,BACKFILL_AUTO
2026-07-11 22:48:22,1783810102,R_75,52953.3213,1,3.9642000000021653,BACKFILL_AUTO
2026-07-11 22:48:24,1783810104,R_75,52947.5529,-1,5.768400000000838,BACKFILL_AUTO
2026-07-11 22:48:26,1783810106,R_75,52955.6384,1,8.085500000001048,BACKFILL_AUTO
2026-07-11 22:48:28,1783810108,R_75,52946.7509,-1,8.887500000004366,BACKFILL_AUTO
2026-07-11 22:48:30,1783810110,R_75,52955.6599,1,8.90899999999965,BACKFILL_AUTO
2026-07-11 22:48:32,1783810112,R_75,52955.7214,1,0.06150000000343425,BACKFILL_AUTO
2026-07-11 22:48:34,1783810114,R_75,52943.2402,-1,12.48120000000199,BACKFILL_AUTO
2026-07-11 22:48:36,1783810116,R_75,52938.2649,-1,4.975299999998242,BACKFILL_AUTO
2026-07-11 22:48:38,1783810118,R_75,52937.5612,-1,0.7037000000054832,BACKFILL_AUTO
2026-07-11 22:48:40,1783810120,R_75,52927.82,-1,9.741199999996752,BACKFILL_AUTO
2026-07-11 22:48:42,1783810122,R_75,52930.5367,1,2.7166999999972177,BACKFILL_AUTO
2026-07-11 22:48:44,1783810124,R_75,52918.5112,-1,12.0254999999961,BACKFILL_AUTO
2026-07-11 22:48:46,1783810126,R_75,52903.9567,-1,14.55449999999837,BACKFILL_AUTO
2026-07-11 22:48:48,1783810128,R_75,52910.9691,1,7.012399999999616,BACKFILL_AUTO
2026-07-11 22:48:50,1783810130,R_75,52930.0076,1,19.03849999999511,BACKFILL_AUTO
2026-07-11 22:48:52,1783810132,R_75,52938.2055,1,8.197899999999208,BACKFILL_AUTO
2026-07-11 22:48:54,1783810134,R_75,52936.5355,-1,1.6699999999982538,BACKFILL_AUTO
2026-07-11 22:48:56,1783810136,R_75,52927.9077,-1,8.62779999999475,BACKFILL_AUTO
2026-07-11 22:48:58,1783810138,R_75,52945.785,1,17.877300000000105,BACKFILL_AUTO
2026-07-11 22:49:00,1783810140,R_75,52932.4259,-1,13.35910000000149,BACKFILL_AUTO
2026-07-11 22:49:02,1783810142,R_75,52924.5059,-1,7.92000000000553,BACKFILL_AUTO
2026-07-11 22:49:04,1783810144,R_75,52936.5727,1,12.066800000000512,BACKFILL_AUTO
2026-07-11 22:49:06,1783810146,R_75,52935.1869,-1,1.3857999999963795,BACKFILL_AUTO
2026-07-11 22:49:08,1783810148,R_75,52924.1888,-1,10.998099999997066,BACKFILL_AUTO
2026-07-11 22:49:10,1783810150,R_75,52922.6333,-1,1.555500000002212,BACKFILL_AUTO
2026-07-11 22:49:12,1783810152,R_75,52938.7591,1,16.125800000001618,BACKFILL_AUTO
2026-07-11 22:49:14,1783810154,R_75,52924.8222,-1,13.936900000000605,BACKFILL_AUTO
2026-07-11 22:49:16,1783810156,R_75,52933.8748,1,9.052599999995437,BACKFILL_AUTO
2026-07-11 22:49:18,1783810158,R_75,52923.4542,-1,10.420599999997648,BACKFILL_AUTO
2026-07-11 22:49:20,1783810160,R_75,52917.9123,-1,5.541899999996531,BACKFILL_AUTO
2026-07-11 22:49:22,1783810162,R_75,52939.4324,1,21.520099999994272,BACKFILL_AUTO
2026-07-11 22:49:24,1783810164,R_75,52936.4258,-1,3.006600000000617,BACKFILL_AUTO
2026-07-11 22:49:26,1783810166,R_75,52929.4328,-1,6.992999999994936,BACKFILL_AUTO
2026-07-11 22:49:28,1783810168,R_75,52927.2653,-1,2.1675000000032014,BACKFILL_AUTO
2026-07-11 22:49:30,1783810170,R_75,52920.0361,-1,7.229200000001583,BACKFILL_AUTO
2026-07-11 22:49:32,1783810172,R_75,52922.9112,1,2.8751000000047497,BACKFILL_AUTO
2026-07-11 22:49:34,1783810174,R_75,52915.7558,-1,7.155400000003283,BACKFILL_AUTO
2026-07-11 22:49:36,1783810176,R_75,52915.3911,-1,0.3646999999982654,BACKFILL_AUTO
2026-07-11 22:49:38,1783810178,R_75,52922.2669,1,6.875800000001618,BACKFILL_AUTO
2026-07-11 22:49:40,1783810180,R_75,52937.518,1,15.25109999999404,BACKFILL_AUTO
2026-07-11 22:49:42,1783810182,R_75,52935.8373,-1,1.6806999999971595,BACKFILL_AUTO
2026-07-11 22:49:44,1783810184,R_75,52935.3687,-1,0.46860000000015134,BACKFILL_AUTO
2026-07-11 22:49:46,1783810186,R_75,52954.0302,1,18.66150000000198,BACKFILL_AUTO
2026-07-11 22:49:48,1783810188,R_75,52935.0339,-1,18.996299999998882,BACKFILL_AUTO
2026-07-11 22:49:50,1783810190,R_75,52935.4186,1,0.384699999995064,BACKFILL_AUTO
2026-07-11 22:49:52,1783810192,R_75,52932.1637,-1,3.254899999999907,BACKFILL_AUTO
2026-07-11 22:49:54,1783810194,R_75,52929.8954,-1,2.2682999999960884,BACKFILL_AUTO
2026-07-11 22:49:56,1783810196,R_75,52911.161,-1,18.734400000001187,BACKFILL_AUTO
2026-07-11 22:49:58,1783810198,R_75,52923.2157,1,12.054700000000594,BACKFILL_AUTO
2026-07-11 22:50:00,1783810200,R_75,52920.4347,-1,2.7810000000026776,BACKFILL_AUTO
2026-07-11 22:50:02,1783810202,R_75,52919.3429,-1,1.0917999999946915,BACKFILL_AUTO
2026-07-11 22:50:04,1783810204,R_75,52932.6754,1,13.332499999996799,BACKFILL_AUTO
2026-07-11 22:50:06,1783810206,R_75,52932.6993,1,0.0239000000001397,BACKFILL_AUTO
2026-07-11 22:50:08,1783810208,R_75,52931.699,-1,1.0002999999996973,BACKFILL_AUTO
2026-07-11 22:50:10,1783810210,R_75,52927.7473,-1,3.9516999999977998,BACKFILL_AUTO
2026-07-11 22:50:12,1783810212,R_75,52921.4027,-1,6.344600000003993,BACKFILL_AUTO
2026-07-11 22:50:14,1783810214,R_75,52926.3607,1,4.957999999998719,BACKFILL_AUTO
2026-07-11 22:50:16,1783810216,R_75,52938.3001,1,11.939400000002934,BACKFILL_AUTO
2026-07-11 22:50:18,1783810218,R_75,52930.4106,-1,7.889499999997497,BACKFILL_AUTO
2026-07-11 22:50:20,1783810220,R_75,52945.3311,1,14.920500000000175,BACKFILL_AUTO
2026-07-11 22:50:22,1783810222,R_75,52944.8399,-1,0.49120000000402797,BACKFILL_AUTO
2026-07-11 22:50:24,1783810224,R_75,52960.4191,1,15.579200000000128,BACKFILL_AUTO
2026-07-11 22:50:26,1783810226,R_75,52975.9776,1,15.558499999999185,BACKFILL_AUTO
2026-07-11 22:50:28,1783810228,R_75,52972.1359,-1,3.8416999999972177,BACKFILL_AUTO
2026-07-11 22:50:30,1783810230,R_75,52973.3051,1,1.1691999999966356,BACKFILL_AUTO
2026-07-11 22:50:32,1783810232,R_75,52970.7205,-1,2.58459999999468,BACKFILL_AUTO
2026-07-11 22:50:34,1783810234,R_75,52964.1481,-1,6.5724000000045635,BACKFILL_AUTO
2026-07-11 22:50:36,1783810236,R_75,52973.7848,1,9.636700000002747,BACKFILL_AUTO
2026-07-11 22:50:38,1783810238,R_75,52988.5843,1,14.79950000000099,BACKFILL_AUTO
2026-07-11 22:50:40,1783810240,R_75,52979.7909,-1,8.793400000002293,BACKFILL_AUTO
2026-07-11 22:50:42,1783810242,R_75,52978.1904,-1,1.6005000000004657,BACKFILL_AUTO
2026-07-11 22:50:44,1783810244,R_75,52974.4852,-1,3.705199999996694,BACKFILL_AUTO
2026-07-11 22:50:46,1783810246,R_75,52993.1881,1,18.70289999999659,BACKFILL_AUTO
2026-07-11 22:50:48,1783810248,R_75,52995.6967,1,2.5086000000010245,BACKFILL_AUTO
2026-07-11 22:50:50,1783810250,R_75,52995.3669,-1,0.3297999999995227,BACKFILL_AUTO
2026-07-11 22:50:52,1783810252,R_75,52987.5788,-1,7.7880999999979394,BACKFILL_AUTO
2026-07-11 22:50:54,1783810254,R_75,52978.1898,-1,9.389000000002852,BACKFILL_AUTO
2026-07-11 22:50:56,1783810256,R_75,52986.3123,1,8.122499999997672,BACKFILL_AUTO
2026-07-11 22:50:58,1783810258,R_75,52984.086,-1,2.226299999994808,BACKFILL_AUTO
2026-07-11 22:51:00,1783810260,R_75,52972.6596,-1,11.426400000003923,BACKFILL_AUTO
2026-07-11 22:51:02,1783810262,R_75,52971.8217,-1,0.8378999999986263,BACKFILL_AUTO
2026-07-11 22:51:04,1783810264,R_75,52983.6051,1,11.783400000000256,BACKFILL_AUTO
2026-07-11 22:51:06,1783810266,R_75,52984.9145,1,1.309399999998277,BACKFILL_AUTO
2026-07-11 22:51:08,1783810268,R_75,52981.3097,-1,3.604800000000978,BACKFILL_AUTO
2026-07-11 22:51:10,1783810270,R_75,52972.6085,-1,8.701199999995879,BACKFILL_AUTO
2026-07-11 22:51:12,1783810272,R_75,52984.0434,1,11.434900000000198,BACKFILL_AUTO
2026-07-11 22:51:14,1783810274,R_75,52995.0393,1,10.995899999994435,BACKFILL_AUTO
2026-07-11 22:51:16,1783810276,R_75,53003.5641,1,8.524800000006508,BACKFILL_AUTO
2026-07-11 22:51:18,1783810278,R_75,53002.0551,-1,1.5090000000054715,BACKFILL_AUTO
2026-07-11 22:51:20,1783810280,R_75,52990.8843,-1,11.170799999999872,BACKFILL_AUTO
2026-07-11 22:51:22,1783810282,R_75,52994.5517,1,3.6674000000057276,BACKFILL_AUTO
2026-07-11 22:51:24,1783810284,R_75,53002.8236,1,8.271899999999732,BACKFILL_AUTO
2026-07-11 22:51:26,1783810286,R_75,52996.787,-1,6.036600000006729,BACKFILL_AUTO
2026-07-11 22:51:28,1783810288,R_75,53017.3853,1,20.59830000000511,BACKFILL_AUTO
2026-07-11 22:51:30,1783810290,R_75,53026.3722,1,8.98689999999624,BACKFILL_AUTO
2026-07-11 22:51:32,1783810292,R_75,53027.0077,1,0.6355000000039581,BACKFILL_AUTO
2026-07-11 22:51:34,1783810294,R_75,53012.4561,-1,14.55159999999887,BACKFILL_AUTO
2026-07-11 22:51:36,1783810296,R_75,53002.647,-1,9.809100000005856,BACKFILL_AUTO
2026-07-11 22:51:38,1783810298,R_75,53020.2782,1,17.631200000003446,BACKFILL_AUTO
2026-07-11 22:51:40,1783810300,R_75,53019.1127,-1,1.165500000002794,BACKFILL_AUTO
2026-07-11 22:51:42,1783810302,R_75,53020.4091,1,1.2963999999992666,BACKFILL_AUTO
2026-07-11 22:51:44,1783810304,R_75,53031.2356,1,10.826500000002852,BACKFILL_AUTO
2026-07-11 22:51:46,1783810306,R_75,53017.9639,-1,13.271699999997509,BACKFILL_AUTO
2026-07-11 22:51:48,1783810308,R_75,53015.2085,-1,2.7554000000018277,BACKFILL_AUTO
2026-07-11 22:51:50,1783810310,R_75,53019.4712,1,4.262699999999313,BACKFILL_AUTO
2026-07-11 22:51:52,1783810312,R_75,53003.9734,-1,15.497799999997369,BACKFILL_AUTO
2026-07-11 22:51:54,1783810314,R_75,53003.6894,-1,0.28399999999965075,BACKFILL_AUTO
2026-07-11 22:51:56,1783810316,R_75,53013.672,1,9.982599999995728,BACKFILL_AUTO
2026-07-11 22:51:58,1783810318,R_75,53004.6643,-1,9.007700000001932,BACKFILL_AUTO
2026-07-11 22:52:00,1783810320,R_75,53016.4205,1,11.756200000003446,BACKFILL_AUTO
2026-07-11 22:52:02,1783810322,R_75,52991.2699,-1,25.15060000000085,BACKFILL_AUTO
2026-07-11 22:52:04,1783810324,R_75,52991.0088,-1,0.2610999999960768,BACKFILL_AUTO
2026-07-11 22:52:06,1783810326,R_75,52991.2694,1,0.26059999999415595,BACKFILL_AUTO
2026-07-11 22:52:08,1783810328,R_75,52983.3219,-1,7.947499999994761,BACKFILL_AUTO
2026-07-11 22:52:10,1783810330,R_75,52980.5727,-1,2.749200000005658,BACKFILL_AUTO
2026-07-11 22:52:12,1783810332,R_75,52992.1016,1,11.528900000004796,BACKFILL_AUTO
2026-07-11 22:52:14,1783810334,R_75,52997.0008,1,4.899199999999837,BACKFILL_AUTO
2026-07-11 22:52:16,1783810336,R_75,52995.3463,-1,1.654500000004191,BACKFILL_AUTO
2026-07-11 22:52:18,1783810338,R_75,52997.4312,1,2.084900000001653,BACKFILL_AUTO
2026-07-11 22:52:20,1783810340,R_75,52993.4546,-1,3.976600000001781,BACKFILL_AUTO
2026-07-11 22:52:22,1783810342,R_75,52979.5258,-1,13.928799999994226,BACKFILL_AUTO
2026-07-11 22:52:24,1783810344,R_75,52977.5917,-1,1.9341000000058557,BACKFILL_AUTO
2026-07-11 22:52:26,1783810346,R_75,52992.4031,1,14.81140000000596,BACKFILL_AUTO
2026-07-11 22:52:28,1783810348,R_75,52984.7428,-1,7.66030000000319,BACKFILL_AUTO
2026-07-11 22:52:30,1783810350,R_75,52981.6124,-1,3.1304000000018277,BACKFILL_AUTO
2026-07-11 22:52:32,1783810352,R_75,52990.0209,1,8.408500000005006,BACKFILL_AUTO
2026-07-11 22:52:34,1783810354,R_75,52992.0318,1,2.0108999999938533,BACKFILL_AUTO
2026-07-11 22:52:36,1783810356,R_75,53006.3916,1,14.359800000005635,BACKFILL_AUTO
2026-07-11 22:52:38,1783810358,R_75,52981.1552,-1,25.236400000001595,BACKFILL_AUTO
2026-07-11 22:52:40,1783810360,R_75,52974.6072,-1,6.548000000002503,BACKFILL_AUTO
2026-07-11 22:52:42,1783810362,R_75,52971.7965,-1,2.810700000001816,BACKFILL_AUTO
2026-07-11 22:52:44,1783810364,R_75,52964.4798,-1,7.3166999999957625,BACKFILL_AUTO
2026-07-11 22:52:46,1783810366,R_75,52957.5305,-1,6.949300000000221,BACKFILL_AUTO
2026-07-11 22:52:48,1783810368,R_75,52969.7861,1,12.255599999996775,BACKFILL_AUTO
2026-07-11 22:52:50,1783810370,R_75,52961.6871,-1,8.098999999994703,BACKFILL_AUTO
2026-07-11 22:52:52,1783810372,R_75,52976.0415,1,14.35439999999653,BACKFILL_AUTO
2026-07-11 22:52:54,1783810374,R_75,52982.7698,1,6.728300000002491,BACKFILL_AUTO
2026-07-11 22:52:56,1783810376,R_75,52988.0971,1,5.327299999997194,BACKFILL_AUTO
2026-07-11 22:52:58,1783810378,R_75,52980.3103,-1,7.786800000001676,BACKFILL_AUTO
2026-07-11 22:53:00,1783810380,R_75,52973.1797,-1,7.130599999996775,BACKFILL_AUTO
2026-07-11 22:53:02,1783810382,R_75,52971.2919,-1,1.887800000004063,BACKFILL_AUTO
2026-07-11 22:53:04,1783810384,R_75,52993.5194,1,22.227500000000873,BACKFILL_AUTO
2026-07-11 22:53:06,1783810386,R_75,52993.0294,-1,0.48999999999796273,BACKFILL_AUTO
2026-07-11 22:53:08,1783810388,R_75,52995.7391,1,2.7096999999994296,BACKFILL_AUTO
2026-07-11 22:53:10,1783810390,R_75,53001.4375,1,5.698400000001129,BACKFILL_AUTO
2026-07-11 22:53:12,1783810392,R_75,53007.3135,1,5.875999999996566,BACKFILL_AUTO
2026-07-11 22:53:14,1783810394,R_75,52995.7926,-1,11.52089999999589,BACKFILL_AUTO
2026-07-11 22:53:16,1783810396,R_75,53007.5505,1,11.75789999999688,BACKFILL_AUTO
2026-07-11 22:53:18,1783810398,R_75,52998.9988,-1,8.551699999996345,BACKFILL_AUTO
2026-07-11 22:53:20,1783810400,R_75,53002.6766,1,3.67779999999766,BACKFILL_AUTO
2026-07-11 22:53:22,1783810402,R_75,53007.5717,1,4.895100000001548,BACKFILL_AUTO
2026-07-11 22:53:24,1783810404,R_75,52997.2675,-1,10.304199999998673,BACKFILL_AUTO
2026-07-11 22:53:26,1783810406,R_75,53007.5397,1,10.27219999999943,BACKFILL_AUTO
2026-07-11 22:53:28,1783810408,R_75,53013.1062,1,5.566500000000815,BACKFILL_AUTO
2026-07-11 22:53:30,1783810410,R_75,53012.1748,-1,0.9314000000013039,BACKFILL_AUTO
2026-07-11 22:53:32,1783810412,R_75,53027.9244,1,15.749600000002829,BACKFILL_AUTO
2026-07-11 22:53:34,1783810414,R_75,53033.8949,1,5.970499999995809,BACKFILL_AUTO
2026-07-11 22:53:36,1783810416,R_75,53037.4539,1,3.559000000001106,BACKFILL_AUTO
2026-07-11 22:53:38,1783810418,R_75,53045.4064,1,7.952499999999418,BACKFILL_AUTO
2026-07-11 22:53:40,1783810420,R_75,53050.0444,1,4.6379999999990105,BACKFILL_AUTO
2026-07-11 22:53:42,1783810422,R_75,53032.2416,-1,17.80279999999766,BACKFILL_AUTO
2026-07-11 22:53:44,1783810424,R_75,53037.3122,1,5.070599999999104,BACKFILL_AUTO
2026-07-11 22:53:46,1783810426,R_75,53054.9745,1,17.66229999999632,BACKFILL_AUTO
2026-07-11 22:53:48,1783810428,R_75,53045.0577,-1,9.916799999999057,BACKFILL_AUTO
2026-07-11 22:53:50,1783810430,R_75,53036.4702,-1,8.58749999999418,BACKFILL_AUTO
2026-07-11 22:53:52,1783810432,R_75,53015.4983,-1,20.971900000004098,BACKFILL_AUTO
2026-07-11 22:53:54,1783810434,R_75,53028.5777,1,13.079400000002352,BACKFILL_AUTO
2026-07-11 22:53:56,1783810436,R_75,53009.2247,-1,19.353000000002794,BACKFILL_AUTO
2026-07-11 22:53:58,1783810438,R_75,53023.45,1,14.225299999998242,BACKFILL_AUTO
2026-07-11 22:54:00,1783810440,R_75,53008.1383,-1,15.311699999998382,BACKFILL_AUTO
2026-07-11 22:54:02,1783810442,R_75,53001.3981,-1,6.740200000000186,BACKFILL_AUTO
2026-07-11 22:54:04,1783810444,R_75,52992.3047,-1,9.093399999997928,BACKFILL_AUTO
2026-07-11 22:54:06,1783810446,R_75,52981.8684,-1,10.43630000000121,BACKFILL_AUTO
2026-07-11 22:54:08,1783810448,R_75,52989.2683,1,7.399900000003981,BACKFILL_AUTO
2026-07-11 22:54:10,1783810450,R_75,53004.3753,1,15.106999999996333,BACKFILL_AUTO
2026-07-11 22:54:12,1783810452,R_75,52993.6083,-1,10.766999999999825,BACKFILL_AUTO
2026-07-11 22:54:14,1783810454,R_75,53010.4057,1,16.79740000000311,BACKFILL_AUTO
2026-07-11 22:54:16,1783810456,R_75,53001.8688,-1,8.536900000006426,BACKFILL_AUTO
2026-07-11 22:54:18,1783810458,R_75,53006.4447,1,4.5759000000034575,BACKFILL_AUTO
2026-07-11 22:54:20,1783810460,R_75,53001.3032,-1,5.1414999999979045,BACKFILL_AUTO
2026-07-11 22:54:22,1783810462,R_75,53009.2279,1,7.924699999995937,BACKFILL_AUTO
2026-07-11 22:54:24,1783810464,R_75,53021.9458,1,12.717900000003283,BACKFILL_AUTO
2026-07-11 22:54:26,1783810466,R_75,53008.306,-1,13.63980000000447,BACKFILL_AUTO
2026-07-11 22:54:28,1783810468,R_75,52995.5127,-1,12.793299999997544,BACKFILL_AUTO
2026-07-11 22:54:30,1783810470,R_75,53014.5315,1,19.01879999999801,BACKFILL_AUTO
2026-07-11 22:54:32,1783810472,R_75,52998.3636,-1,16.167900000000373,BACKFILL_AUTO
2026-07-11 22:54:34,1783810474,R_75,52985.5302,-1,12.83339999999589,BACKFILL_AUTO
2026-07-11 22:54:36,1783810476,R_75,52986.4304,1,0.9001999999964028,BACKFILL_AUTO
2026-07-11 22:54:38,1783810478,R_75,52985.861,-1,0.5694000000003143,BACKFILL_AUTO
2026-07-11 22:54:40,1783810480,R_75,52961.4509,-1,24.41009999999369,BACKFILL_AUTO
2026-07-11 22:54:42,1783810482,R_75,52965.2708,1,3.819899999994959,BACKFILL_AUTO
2026-07-11 22:54:44,1783810484,R_75,52966.136,1,0.8652000000001863,BACKFILL_AUTO
2026-07-11 22:54:46,1783810486,R_75,52958.0924,-1,8.043599999997241,BACKFILL_AUTO
2026-07-11 22:54:48,1783810488,R_75,52969.6993,1,11.60689999999886,BACKFILL_AUTO
2026-07-11 22:54:50,1783810490,R_75,52966.472,-1,3.2272999999986496,BACKFILL_AUTO
2026-07-11 22:54:52,1783810492,R_75,52952.2557,-1,14.216300000000047,BACKFILL_AUTO
2026-07-11 22:54:54,1783810494,R_75,52956.8486,1,4.592899999996007,BACKFILL_AUTO
2026-07-11 22:54:56,1783810496,R_75,52956.2351,-1,0.6134999999994761,BACKFILL_AUTO
2026-07-11 22:54:58,1783810498,R_75,52959.7636,1,3.5285000000003492,BACKFILL_AUTO
2026-07-11 22:55:00,1783810500,R_75,52957.9854,-1,1.778200000000652,BACKFILL_AUTO
2026-07-11 22:55:02,1783810502,R_75,52946.5077,-1,11.47769999999582,BACKFILL_AUTO
2026-07-11 22:55:04,1783810504,R_75,52959.1962,1,12.688499999996566,BACKFILL_AUTO
2026-07-11 22:55:06,1783810506,R_75,52958.9581,-1,0.23809999999502907,BACKFILL_AUTO
2026-07-11 22:55:08,1783810508,R_75,52951.5632,-1,7.394900000006601,BACKFILL_AUTO
2026-07-11 22:55:10,1783810510,R_75,52955.0031,1,3.4399000000048545,BACKFILL_AUTO
2026-07-11 22:55:12,1783810512,R_75,52946.8913,-1,8.111799999998766,BACKFILL_AUTO
2026-07-11 22:55:14,1783810514,R_75,52944.4346,-1,2.4567000000024564,BACKFILL_AUTO
2026-07-11 22:55:16,1783810516,R_75,52953.7297,1,9.295100000003004,BACKFILL_AUTO
2026-07-11 22:55:18,1783810518,R_75,52946.2981,-1,7.431600000003527,BACKFILL_AUTO
2026-07-11 22:55:20,1783810520,R_75,52969.925,1,23.626900000002934,BACKFILL_AUTO
2026-07-11 22:55:22,1783810522,R_75,52975.9277,1,6.002699999997276,BACKFILL_AUTO
2026-07-11 22:55:24,1783810524,R_75,52982.76,1,6.832300000001851,BACKFILL_AUTO
2026-07-11 22:55:26,1783810526,R_75,52960.5653,-1,22.19470000000001,BACKFILL_AUTO
2026-07-11 22:55:28,1783810528,R_75,52948.2032,-1,12.362099999998463,BACKFILL_AUTO
2026-07-11 22:55:30,1783810530,R_75,52946.5599,-1,1.6433000000033644,BACKFILL_AUTO
2026-07-11 22:55:32,1783810532,R_75,52951.8363,1,5.276400000002468,BACKFILL_AUTO
2026-07-11 22:55:34,1783810534,R_75,52957.7188,1,5.882499999999709,BACKFILL_AUTO
2026-07-11 22:55:36,1783810536,R_75,52962.759,1,5.040199999995821,BACKFILL_AUTO
2026-07-11 22:55:38,1783810538,R_75,52932.4849,-1,30.274099999995087,BACKFILL_AUTO
2026-07-11 22:55:40,1783810540,R_75,52947.0503,1,14.5653999999995,BACKFILL_AUTO
2026-07-11 22:55:42,1783810542,R_75,52947.8126,1,0.7622999999948661,BACKFILL_AUTO
2026-07-11 22:55:44,1783810544,R_75,52951.482,1,3.669400000006135,BACKFILL_AUTO
2026-07-11 22:55:46,1783810546,R_75,52941.3059,-1,10.176100000004226,BACKFILL_AUTO
2026-07-11 22:55:48,1783810548,R_75,52934.1679,-1,7.1379999999990105,BACKFILL_AUTO
2026-07-11 22:55:50,1783810550,R_75,52935.3952,1,1.2272999999986496,BACKFILL_AUTO
2026-07-11 22:55:52,1783810552,R_75,52933.6646,-1,1.730600000002596,BACKFILL_AUTO
2026-07-11 22:55:54,1783810554,R_75,52941.4188,1,7.754200000003038,BACKFILL_AUTO
2026-07-11 22:55:56,1783810556,R_75,52937.5343,-1,3.8845000000001164,BACKFILL_AUTO
2026-07-11 22:55:58,1783810558,R_75,52950.1984,1,12.664100000001781,BACKFILL_AUTO
2026-07-11 22:56:00,1783810560,R_75,52941.3614,-1,8.836999999999534,BACKFILL_AUTO
2026-07-11 22:56:02,1783810562,R_75,52953.9298,1,12.568399999996473,BACKFILL_AUTO
2026-07-11 22:56:04,1783810564,R_75,52955.3183,1,1.3885000000009313,BACKFILL_AUTO
2026-07-11 22:56:06,1783810566,R_75,52945.6827,-1,9.635600000001432,BACKFILL_AUTO
2026-07-11 22:56:08,1783810568,R_75,52932.1067,-1,13.576000000000931,BACKFILL_AUTO
2026-07-11 22:56:10,1783810570,R_75,52934.2505,1,2.1438000000052853,BACKFILL_AUTO
2026-07-11 22:56:12,1783810572,R_75,52935.6994,1,1.4488999999957741,BACKFILL_AUTO
2026-07-11 22:56:14,1783810574,R_75,52942.9455,1,7.246100000003935,BACKFILL_AUTO
2026-07-11 22:56:16,1783810576,R_75,52949.0771,1,6.131600000000617,BACKFILL_AUTO
2026-07-11 22:56:18,1783810578,R_75,52946.7746,-1,2.3025000000052387,BACKFILL_AUTO
2026-07-11 22:56:20,1783810580,R_75,52944.7235,-1,2.05109999999695,BACKFILL_AUTO
2026-07-11 22:56:22,1783810582,R_75,52934.6125,-1,10.110999999997148,BACKFILL_AUTO
2026-07-11 22:56:24,1783810584,R_75,52936.0816,1,1.4690999999947962,BACKFILL_AUTO
2026-07-11 22:56:26,1783810586,R_75,52923.5257,-1,12.555899999999383,BACKFILL_AUTO
2026-07-11 22:56:28,1783810588,R_75,52916.3574,-1,7.168299999997544,BACKFILL_AUTO
2026-07-11 22:56:30,1783810590,R_75,52916.042,-1,0.3153999999994994,BACKFILL_AUTO
2026-07-11 22:56:32,1783810592,R_75,52924.5471,1,8.50510000000213,BACKFILL_AUTO
2026-07-11 22:56:34,1783810594,R_75,52944.3722,1,19.825099999994563,BACKFILL_AUTO
2026-07-11 22:56:36,1783810596,R_75,52933.3884,-1,10.983799999994517,BACKFILL_AUTO
2026-07-11 22:56:38,1783810598,R_75,52923.7249,-1,9.663500000002387,BACKFILL_AUTO
2026-07-11 22:56:40,1783810600,R_75,52939.6814,1,15.956500000000233,BACKFILL_AUTO
2026-07-11 22:56:42,1783810602,R_75,52948.8739,1,9.19249999999738,BACKFILL_AUTO
2026-07-11 22:56:44,1783810604,R_75,52961.2719,1,12.398000000001048,BACKFILL_AUTO
2026-07-11 22:56:46,1783810606,R_75,52957.7856,-1,3.486299999996845,BACKFILL_AUTO
2026-07-11 22:56:48,1783810608,R_75,52968.003,1,10.217399999994086,BACKFILL_AUTO
2026-07-11 22:56:50,1783810610,R_75,52939.2929,-1,28.7100999999966,BACKFILL_AUTO
2026-07-11 22:56:52,1783810612,R_75,52946.7842,1,7.491300000001502,BACKFILL_AUTO
2026-07-11 22:56:54,1783810614,R_75,52931.0672,-1,15.717000000004191,BACKFILL_AUTO
2026-07-11 22:56:56,1783810616,R_75,52927.0911,-1,3.9760999999998603,BACKFILL_AUTO
2026-07-11 22:56:58,1783810618,R_75,52911.2648,-1,15.826300000000629,BACKFILL_AUTO
2026-07-11 22:57:00,1783810620,R_75,52897.6982,-1,13.566599999998289,BACKFILL_AUTO
2026-07-11 22:57:02,1783810622,R_75,52902.1305,1,4.432300000000396,BACKFILL_AUTO
2026-07-11 22:57:04,1783810624,R_75,52915.9658,1,13.835299999998824,BACKFILL_AUTO
2026-07-11 22:57:06,1783810626,R_75,52930.9447,1,14.978900000001886,BACKFILL_AUTO
2026-07-11 22:57:08,1783810628,R_75,52946.8626,1,15.917900000000373,BACKFILL_AUTO
2026-07-11 22:57:10,1783810630,R_75,52939.9133,-1,6.949300000000221,BACKFILL_AUTO
2026-07-11 22:57:12,1783810632,R_75,52935.3841,-1,4.529199999997218,BACKFILL_AUTO
2026-07-11 22:57:14,1783810634,R_75,52931.0552,-1,4.328900000000431,BACKFILL_AUTO
2026-07-11 22:57:16,1783810636,R_75,52929.8552,-1,1.2000000000043656,BACKFILL_AUTO
2026-07-11 22:57:18,1783810638,R_75,52905.2023,-1,24.652900000000955,BACKFILL_AUTO
2026-07-11 22:57:20,1783810640,R_75,52905.8083,1,0.6059999999997672,BACKFILL_AUTO
2026-07-11 22:57:22,1783810642,R_75,52908.6166,1,2.8083000000042375,BACKFILL_AUTO
2026-07-11 22:57:24,1783810644,R_75,52922.8265,1,14.209900000001653,BACKFILL_AUTO
2026-07-11 22:57:26,1783810646,R_75,52925.0642,1,2.237699999997858,BACKFILL_AUTO
2026-07-11 22:57:28,1783810648,R_75,52919.7713,-1,5.2929000000003725,BACKFILL_AUTO
2026-07-11 22:57:30,1783810650,R_75,52915.3736,-1,4.39770000000135,BACKFILL_AUTO
2026-07-11 22:57:32,1783810652,R_75,52904.3418,-1,11.03179999999702,BACKFILL_AUTO
2026-07-11 22:57:34,1783810654,R_75,52890.576,-1,13.765800000001036,BACKFILL_AUTO
2026-07-11 22:57:36,1783810656,R_75,52902.292,1,11.71600000000035,BACKFILL_AUTO
2026-07-11 22:57:38,1783810658,R_75,52921.7496,1,19.45760000000155,BACKFILL_AUTO
2026-07-11 22:57:40,1783810660,R_75,52929.592,1,7.842399999994086,BACKFILL_AUTO
2026-07-11 22:57:42,1783810662,R_75,52923.7331,-1,5.858899999999267,BACKFILL_AUTO
2026-07-11 22:57:44,1783810664,R_75,52914.571,-1,9.162099999994098,BACKFILL_AUTO
2026-07-11 22:57:46,1783810666,R_75,52906.9844,-1,7.586600000002363,BACKFILL_AUTO
2026-07-11 22:57:48,1783810668,R_75,52894.8289,-1,12.155500000000757,BACKFILL_AUTO
2026-07-11 22:57:50,1783810670,R_75,52901.656,1,6.827100000002247,BACKFILL_AUTO
2026-07-11 22:57:52,1783810672,R_75,52880.9372,-1,20.718800000002375,BACKFILL_AUTO
2026-07-11 22:57:54,1783810674,R_75,52875.3879,-1,5.549299999998766,BACKFILL_AUTO
2026-07-11 22:57:56,1783810676,R_75,52870.1253,-1,5.262600000001839,BACKFILL_AUTO
2026-07-11 22:57:58,1783810678,R_75,52878.286,1,8.16070000000036,BACKFILL_AUTO
2026-07-11 22:58:00,1783810680,R_75,52888.0475,1,9.761500000000524,BACKFILL_AUTO
2026-07-11 22:58:02,1783810682,R_75,52913.8047,1,25.75720000000001,BACKFILL_AUTO
2026-07-11 22:58:04,1783810684,R_75,52914.6526,1,0.8479000000006636,BACKFILL_AUTO
2026-07-11 22:58:06,1783810686,R_75,52911.6422,-1,3.0103999999992084,BACKFILL_AUTO
2026-07-11 22:58:08,1783810688,R_75,52927.428,1,15.785799999997835,BACKFILL_AUTO
2026-07-11 22:58:10,1783810690,R_75,52906.2196,-1,21.208400000003166,BACKFILL_AUTO
2026-07-11 22:58:12,1783810692,R_75,52909.2449,1,3.0253000000011525,BACKFILL_AUTO
2026-07-11 22:58:14,1783810694,R_75,52915.8193,1,6.574400000004971,BACKFILL_AUTO
2026-07-11 22:58:16,1783810696,R_75,52919.7157,1,3.8963999999978114,BACKFILL_AUTO
2026-07-11 22:58:18,1783810698,R_75,52911.0687,-1,8.646999999997206,BACKFILL_AUTO
2026-07-11 22:58:20,1783810700,R_75,52908.3519,-1,2.7168000000019674,BACKFILL_AUTO
2026-07-11 22:58:22,1783810702,R_75,52913.7152,1,5.363299999997253,BACKFILL_AUTO
2026-07-11 22:58:24,1783810704,R_75,52906.9895,-1,6.725699999995413,BACKFILL_AUTO
2026-07-11 22:58:26,1783810706,R_75,52903.5915,-1,3.3980000000010477,BACKFILL_AUTO
2026-07-11 22:58:28,1783810708,R_75,52933.2826,1,29.691099999996368,BACKFILL_AUTO
2026-07-11 22:58:30,1783810710,R_75,52929.9431,-1,3.3395000000018626,BACKFILL_AUTO
2026-07-11 22:58:32,1783810712,R_75,52941.2376,1,11.294500000003609,BACKFILL_AUTO
2026-07-11 22:58:34,1783810714,R_75,52935.9865,-1,5.2511000000013155,BACKFILL_AUTO
2026-07-11 22:58:36,1783810716,R_75,52935.756,-1,0.23049999999784632,BACKFILL_AUTO
2026-07-11 22:58:38,1783810718,R_75,52944.4312,1,8.675199999997858,BACKFILL_AUTO
2026-07-11 22:58:40,1783810720,R_75,52945.4826,1,1.0514000000039232,BACKFILL_AUTO
2026-07-11 22:58:42,1783810722,R_75,52965.7413,1,20.2586999999985,BACKFILL_AUTO
2026-07-11 22:58:44,1783810724,R_75,52968.9139,1,3.172599999998056,BACKFILL_AUTO
2026-07-11 22:58:46,1783810726,R_75,52960.9178,-1,7.996099999996659,BACKFILL_AUTO
2026-07-11 22:58:48,1783810728,R_75,52960.5184,-1,0.39940000000206055,BACKFILL_AUTO
2026-07-11 22:58:50,1783810730,R_75,52969.7324,1,9.213999999999942,BACKFILL_AUTO
2026-07-11 22:58:52,1783810732,R_75,52951.1452,-1,18.587200000001758,BACKFILL_AUTO
2026-07-11 22:58:54,1783810734,R_75,52948.5328,-1,2.6123999999981606,BACKFILL_AUTO
2026-07-11 22:58:56,1783810736,R_75,52941.3375,-1,7.195299999999406,BACKFILL_AUTO
2026-07-11 22:58:58,1783810738,R_75,52949.7655,1,8.427999999999884,BACKFILL_AUTO
2026-07-11 22:59:00,1783810740,R_75,52947.8512,-1,1.9143000000040047,BACKFILL_AUTO
2026-07-11 22:59:02,1783810742,R_75,52950.9285,1,3.0773000000044703,BACKFILL_AUTO
2026-07-11 22:59:04,1783810744,R_75,52971.8572,1,20.928699999996752,BACKFILL_AUTO
2026-07-11 22:59:06,1783810746,R_75,52989.0659,1,17.208700000002864,BACKFILL_AUTO
2026-07-11 22:59:08,1783810748,R_75,52978.14,-1,10.925900000002002,BACKFILL_AUTO
2026-07-11 22:59:10,1783810750,R_75,52973.6774,-1,4.462599999998929,BACKFILL_AUTO
2026-07-11 22:59:12,1783810752,R_75,53001.0652,1,27.387799999996787,BACKFILL_AUTO
2026-07-11 22:59:14,1783810754,R_75,52999.4708,-1,1.5943999999944936,BACKFILL_AUTO
2026-07-11 22:59:16,1783810756,R_75,52990.4467,-1,9.024100000002363,BACKFILL_AUTO
2026-07-11 22:59:18,1783810758,R_75,53009.4351,1,18.988400000002002,BACKFILL_AUTO
2026-07-11 22:59:20,1783810760,R_75,53013.5628,1,4.127699999997276,BACKFILL_AUTO
2026-07-11 22:59:22,1783810762,R_75,53018.7204,1,5.157599999998638,BACKFILL_AUTO
2026-07-11 22:59:24,1783810764,R_75,53035.7952,1,17.074800000002142,BACKFILL_AUTO
2026-07-11 22:59:26,1783810766,R_75,53014.5792,-1,21.21600000000035,BACKFILL_AUTO
2026-07-11 22:59:28,1783810768,R_75,53004.6854,-1,9.89379999999801,BACKFILL_AUTO
2026-07-11 22:59:30,1783810770,R_75,53019.5361,1,14.850699999995413,BACKFILL_AUTO
2026-07-11 22:59:32,1783810772,R_75,53034.3344,1,14.7983000000022,BACKFILL_AUTO
2026-07-11 22:59:34,1783810774,R_75,53014.4387,-1,19.895700000000943,BACKFILL_AUTO
2026-07-11 22:59:36,1783810776,R_75,53012.5827,-1,1.8559999999997672,BACKFILL_AUTO
2026-07-11 22:59:38,1783810778,R_75,53016.6463,1,4.0636000000013155,BACKFILL_AUTO
2026-07-11 22:59:40,1783810780,R_75,53032.7831,1,16.13680000000022,BACKFILL_AUTO
2026-07-11 22:59:42,1783810782,R_75,53021.2406,-1,11.542500000003201,BACKFILL_AUTO
2026-07-11 22:59:44,1783810784,R_75,53017.5517,-1,3.688899999993737,BACKFILL_AUTO
2026-07-11 22:59:46,1783810786,R_75,53012.7941,-1,4.757600000004459,BACKFILL_AUTO
2026-07-11 22:59:48,1783810788,R_75,53018.4407,1,5.646600000000035,BACKFILL_AUTO
2026-07-11 22:59:50,1783810790,R_75,53007.7549,-1,10.68579999999929,BACKFILL_AUTO
2026-07-11 22:59:52,1783810792,R_75,53004.3549,-1,3.400000000001455,BACKFILL_AUTO
2026-07-11 22:59:54,1783810794,R_75,52983.5402,-1,20.814699999995355,BACKFILL_AUTO
2026-07-11 22:59:56,1783810796,R_75,52989.9287,1,6.388499999993655,BACKFILL_AUTO
2026-07-11 22:59:58,1783810798,R_75,52995.616,1,5.687300000005052,BACKFILL_AUTO
2026-07-11 23:00:00,1783810800,R_75,52997.2528,1,1.6368000000002212,BACKFILL_AUTO
2026-07-11 23:00:02,1783810802,R_75,53013.1773,1,15.92450000000099,BACKFILL_AUTO
2026-07-11 23:00:04,1783810804,R_75,53017.2906,1,4.113299999997253,BACKFILL_AUTO
2026-07-11 23:00:06,1783810806,R_75,53016.8954,-1,0.3951999999990221,BACKFILL_AUTO
2026-07-11 23:00:08,1783810808,R_75,53011.78,-1,5.11540000000241,BACKFILL_AUTO
2026-07-11 23:00:10,1783810810,R_75,53013.1093,1,1.3292999999976018,BACKFILL_AUTO
2026-07-11 23:00:12,1783810812,R_75,53005.3433,-1,7.765999999995984,BACKFILL_AUTO
2026-07-11 23:00:14,1783810814,R_75,52983.6915,-1,21.65179999999964,BACKFILL_AUTO
2026-07-11 23:00:16,1783810816,R_75,52986.9433,1,3.251799999998184,BACKFILL_AUTO
2026-07-11 23:00:18,1783810818,R_75,52985.6936,-1,1.2497000000003027,BACKFILL_AUTO
2026-07-11 23:00:20,1783810820,R_75,52979.8369,-1,5.856699999996636,BACKFILL_AUTO
2026-07-11 23:00:22,1783810822,R_75,52973.4363,-1,6.40060000000085,BACKFILL_AUTO
2026-07-11 23:00:24,1783810824,R_75,52960.1416,-1,13.294699999998556,BACKFILL_AUTO
2026-07-11 23:00:26,1783810826,R_75,52951.974,-1,8.167600000000675,BACKFILL_AUTO
2026-07-11 23:00:28,1783810828,R_75,52942.0541,-1,9.91990000000078,BACKFILL_AUTO
2026-07-11 23:00:30,1783810830,R_75,52959.3591,1,17.30500000000029,BACKFILL_AUTO
2026-07-11 23:00:32,1783810832,R_75,52971.6033,1,12.244200000001001,BACKFILL_AUTO
2026-07-11 23:00:34,1783810834,R_75,52976.3205,1,4.7171999999991385,BACKFILL_AUTO
2026-07-11 23:00:36,1783810836,R_75,52967.9661,-1,8.354400000003807,BACKFILL_AUTO
2026-07-11 23:00:38,1783810838,R_75,52966.3604,-1,1.6057000000000698,BACKFILL_AUTO
2026-07-11 23:00:40,1783810840,R_75,52966.1014,-1,0.25899999999819556,BACKFILL_AUTO
2026-07-11 23:00:42,1783810842,R_75,52950.4488,-1,15.652600000001257,BACKFILL_AUTO
2026-07-11 23:00:44,1783810844,R_75,52938.6105,-1,11.838299999995797,BACKFILL_AUTO
2026-07-11 23:00:46,1783810846,R_75,52936.3862,-1,2.2243000000016764,BACKFILL_AUTO
2026-07-11 23:00:48,1783810848,R_75,52941.3834,1,4.997199999997974,BACKFILL_AUTO
2026-07-11 23:00:50,1783810850,R_75,52930.9071,-1,10.476300000002084,BACKFILL_AUTO
2026-07-11 23:00:52,1783810852,R_75,52938.9475,1,8.04040000000532,BACKFILL_AUTO
2026-07-11 23:00:54,1783810854,R_75,52929.5437,-1,9.403800000000047,BACKFILL_AUTO
2026-07-11 23:00:56,1783810856,R_75,52929.8159,1,0.27219999999942956,BACKFILL_AUTO
2026-07-11 23:00:58,1783810858,R_75,52918.0592,-1,11.75669999999809,BACKFILL_AUTO
2026-07-11 23:01:00,1783810860,R_75,52907.9536,-1,10.105600000002596,BACKFILL_AUTO
2026-07-11 23:01:02,1783810862,R_75,52919.153,1,11.199399999997695,BACKFILL_AUTO
2026-07-11 23:01:04,1783810864,R_75,52907.7396,-1,11.413399999997637,BACKFILL_AUTO
2026-07-11 23:01:06,1783810866,R_75,52906.0375,-1,1.7021000000022468,BACKFILL_AUTO
2026-07-11 23:01:08,1783810868,R_75,52910.5436,1,4.506099999998696,BACKFILL_AUTO
2026-07-11 23:01:10,1783810870,R_75,52903.9663,-1,6.577299999997194,BACKFILL_AUTO
2026-07-11 23:01:12,1783810872,R_75,52905.1343,1,1.1679999999978463,BACKFILL_AUTO
2026-07-11 23:01:14,1783810874,R_75,52895.8494,-1,9.284899999998743,BACKFILL_AUTO
2026-07-11 23:01:16,1783810876,R_75,52905.5807,1,9.731299999999464,BACKFILL_AUTO
2026-07-11 23:01:18,1783810878,R_75,52901.4234,-1,4.157299999998941,BACKFILL_AUTO
2026-07-11 23:01:20,1783810880,R_75,52913.7299,1,12.306499999998778,BACKFILL_AUTO
2026-07-11 23:01:22,1783810882,R_75,52930.9974,1,17.267500000001746,BACKFILL_AUTO
2026-07-11 23:01:24,1783810884,R_75,52912.7504,-1,18.247000000003027,BACKFILL_AUTO
2026-07-11 23:01:26,1783810886,R_75,52913.499,1,0.7486000000062631,BACKFILL_AUTO
2026-07-11 23:01:28,1783810888,R_75,52922.7038,1,9.204799999999523,BACKFILL_AUTO
2026-07-11 23:01:30,1783810890,R_75,52930.7931,1,8.08929999999964,BACKFILL_AUTO
2026-07-11 23:01:32,1783810892,R_75,52923.6048,-1,7.188300000001618,BACKFILL_AUTO
2026-07-11 23:01:34,1783810894,R_75,52920.1228,-1,3.482000000003609,BACKFILL_AUTO
2026-07-11 23:01:36,1783810896,R_75,52902.1788,-1,17.943999999995867,BACKFILL_AUTO
2026-07-11 23:01:38,1783810898,R_75,52916.7757,1,14.596899999996822,BACKFILL_AUTO
2026-07-11 23:01:40,1783810900,R_75,52929.1727,1,12.397000000004482,BACKFILL_AUTO
2026-07-11 23:01:42,1783810902,R_75,52937.761,1,8.588299999995797,BACKFILL_AUTO
2026-07-11 23:01:44,1783810904,R_75,52939.2411,1,1.4801000000006752,BACKFILL_AUTO
2026-07-11 23:01:46,1783810906,R_75,52961.3679,1,22.126799999998184,BACKFILL_AUTO
2026-07-11 23:01:48,1783810908,R_75,52969.6038,1,8.235899999999674,BACKFILL_AUTO
2026-07-11 23:01:50,1783810910,R_75,52969.9385,1,0.33469999999942956,BACKFILL_AUTO
2026-07-11 23:01:52,1783810912,R_75,52976.1627,1,6.224200000004203,BACKFILL_AUTO
2026-07-11 23:01:54,1783810914,R_75,52985.6328,1,9.470099999998638,BACKFILL_AUTO
2026-07-11 23:01:56,1783810916,R_75,52981.1293,-1,4.503499999998894,BACKFILL_AUTO
2026-07-11 23:01:58,1783810918,R_75,52970.4077,-1,10.721599999997125,BACKFILL_AUTO
2026-07-11 23:02:00,1783810920,R_75,52972.0158,1,1.6080999999976484,BACKFILL_AUTO
2026-07-11 23:02:02,1783810922,R_75,52964.2009,-1,7.814899999997579,BACKFILL_AUTO
2026-07-11 23:02:04,1783810924,R_75,52972.5968,1,8.39589999999589,BACKFILL_AUTO
2026-07-11 23:02:06,1783810926,R_75,52968.975,-1,3.6218000000008033,BACKFILL_AUTO
2026-07-11 23:02:08,1783810928,R_75,52973.8328,1,4.857799999997951,BACKFILL_AUTO
2026-07-11 23:02:10,1783810930,R_75,52981.6623,1,7.829500000007101,BACKFILL_AUTO
2026-07-11 23:02:12,1783810932,R_75,52971.5816,-1,10.08070000000589,BACKFILL_AUTO
2026-07-11 23:02:14,1783810934,R_75,52977.9822,1,6.40060000000085,BACKFILL_AUTO
2026-07-11 23:02:16,1783810936,R_75,52963.2434,-1,14.738799999999173,BACKFILL_AUTO
2026-07-11 23:02:18,1783810938,R_75,52943.9668,-1,19.276599999997416,BACKFILL_AUTO
2026-07-11 23:02:20,1783810940,R_75,52938.5728,-1,5.394000000000233,BACKFILL_AUTO
2026-07-11 23:02:22,1783810942,R_75,52935.184,-1,3.3888000000006286,BACKFILL_AUTO
2026-07-11 23:02:24,1783810944,R_75,52947.6024,1,12.418400000002293,BACKFILL_AUTO
2026-07-11 23:02:26,1783810946,R_75,52956.854,1,9.25159999999596,BACKFILL_AUTO
2026-07-11 23:02:28,1783810948,R_75,52955.9919,-1,0.8620999999984633,BACKFILL_AUTO
2026-07-11 23:02:30,1783810950,R_75,52959.3512,1,3.3592999999964377,BACKFILL_AUTO
2026-07-11 23:02:32,1783810952,R_75,52954.6799,-1,4.671299999994517,BACKFILL_AUTO
2026-07-11 23:02:34,1783810954,R_75,52959.7535,1,5.073599999996077,BACKFILL_AUTO
2026-07-11 23:02:36,1783810956,R_75,52961.1257,1,1.3721999999979744,BACKFILL_AUTO
2026-07-11 23:02:38,1783810958,R_75,52973.9419,1,12.816200000001118,BACKFILL_AUTO
2026-07-11 23:02:40,1783810960,R_75,52970.4012,-1,3.5406999999977415,BACKFILL_AUTO
2026-07-11 23:02:42,1783810962,R_75,52977.8344,1,7.433199999999488,BACKFILL_AUTO
2026-07-11 23:02:44,1783810964,R_75,52983.6188,1,5.784399999996822,BACKFILL_AUTO
2026-07-11 23:02:46,1783810966,R_75,52974.4624,-1,9.156399999999849,BACKFILL_AUTO
2026-07-11 23:02:48,1783810968,R_75,52978.4005,1,3.9381000000066706,BACKFILL_AUTO
2026-07-11 23:02:50,1783810970,R_75,52984.0427,1,5.642199999994773,BACKFILL_AUTO
2026-07-11 23:02:52,1783810972,R_75,52984.6201,1,0.5774000000019441,BACKFILL_AUTO
2026-07-11 23:02:54,1783810974,R_75,52981.8671,-1,2.752999999996973,BACKFILL_AUTO
2026-07-11 23:02:56,1783810976,R_75,52973.0597,-1,8.807400000005146,BACKFILL_AUTO
2026-07-11 23:02:58,1783810978,R_75,52960.1525,-1,12.907200000001467,BACKFILL_AUTO
2026-07-11 23:03:00,1783810980,R_75,52967.8338,1,7.68130000000383,BACKFILL_AUTO
2026-07-11 23:03:02,1783810982,R_75,52973.4041,1,5.570299999999406,BACKFILL_AUTO
2026-07-11 23:03:04,1783810984,R_75,52967.6584,-1,5.745699999999488,BACKFILL_AUTO
2026-07-11 23:03:06,1783810986,R_75,52976.544,1,8.885600000001432,BACKFILL_AUTO
2026-07-11 23:03:08,1783810988,R_75,52983.6769,1,7.13289999999688,BACKFILL_AUTO
2026-07-11 23:03:10,1783810990,R_75,52982.4435,-1,1.2333999999973457,BACKFILL_AUTO
2026-07-11 23:03:12,1783810992,R_75,52993.426,1,10.982499999998254,BACKFILL_AUTO
2026-07-11 23:03:14,1783810994,R_75,52984.1385,-1,9.287499999998545,BACKFILL_AUTO
2026-07-11 23:03:16,1783810996,R_75,52986.2928,1,2.1543000000019674,BACKFILL_AUTO
2026-07-11 23:03:18,1783810998,R_75,52972.9824,-1,13.310400000002119,BACKFILL_AUTO
2026-07-11 23:03:20,1783811000,R_75,52963.2452,-1,9.737200000003213,BACKFILL_AUTO
2026-07-11 23:03:22,1783811002,R_75,52966.1385,1,2.8933000000033644,BACKFILL_AUTO
2026-07-11 23:03:24,1783811004,R_75,52978.9658,1,12.827299999997194,BACKFILL_AUTO
2026-07-11 23:03:26,1783811006,R_75,53008.3272,1,29.361400000001595,BACKFILL_AUTO
2026-07-11 23:03:28,1783811008,R_75,53020.3803,1,12.053099999997357,BACKFILL_AUTO
2026-07-11 23:03:30,1783811010,R_75,53021.9046,1,1.5243000000045868,BACKFILL_AUTO
2026-07-11 23:03:32,1783811012,R_75,53018.7996,-1,3.1050000000032014,BACKFILL_AUTO
2026-07-11 23:03:34,1783811014,R_75,53019.9199,1,1.1203000000023167,BACKFILL_AUTO
2026-07-11 23:03:36,1783811016,R_75,53035.5438,1,15.623899999998685,BACKFILL_AUTO
2026-07-11 23:03:38,1783811018,R_75,53039.0877,1,3.5438999999969383,BACKFILL_AUTO
2026-07-11 23:03:40,1783811020,R_75,53030.6407,-1,8.44699999999284,BACKFILL_AUTO
2026-07-11 23:03:42,1783811022,R_75,53030.5753,-1,0.06540000000677537,BACKFILL_AUTO
2026-07-11 23:03:44,1783811024,R_75,53021.9906,-1,8.58469999999943,BACKFILL_AUTO
2026-07-11 23:03:46,1783811026,R_75,53021.1451,-1,0.845499999995809,BACKFILL_AUTO
2026-07-11 23:03:48,1783811028,R_75,53020.5689,-1,0.5762000000031549,BACKFILL_AUTO
2026-07-11 23:03:50,1783811030,R_75,53009.6258,-1,10.943099999996775,BACKFILL_AUTO
2026-07-11 23:03:52,1783811032,R_75,53010.8327,1,1.206899999997404,BACKFILL_AUTO
2026-07-11 23:03:54,1783811034,R_75,53013.4258,1,2.5930999999982305,BACKFILL_AUTO
2026-07-11 23:03:56,1783811036,R_75,53011.6689,-1,1.7569000000003143,BACKFILL_AUTO
2026-07-11 23:03:58,1783811038,R_75,53021.4996,1,9.83070000000589,BACKFILL_AUTO
2026-07-11 23:04:00,1783811040,R_75,53018.3556,-1,3.144000000000233,BACKFILL_AUTO
2026-07-11 23:04:02,1783811042,R_75,53036.0191,1,17.66349999999511,BACKFILL_AUTO
2026-07-11 23:04:04,1783811044,R_75,53031.7447,-1,4.274399999994785,BACKFILL_AUTO
2026-07-11 23:04:06,1783811046,R_75,53023.1008,-1,8.643900000002759,BACKFILL_AUTO
2026-07-11 23:04:08,1783811048,R_75,53024.6567,1,1.555899999999383,BACKFILL_AUTO
2026-07-11 23:04:10,1783811050,R_75,53016.2372,-1,8.419499999996333,BACKFILL_AUTO
2026-07-11 23:04:12,1783811052,R_75,53003.2516,-1,12.985599999999977,BACKFILL_AUTO
2026-07-11 23:04:14,1783811054,R_75,53012.9958,1,9.744199999993725,BACKFILL_AUTO
2026-07-11 23:04:16,1783811056,R_75,53014.087,1,1.0912000000025728,BACKFILL_AUTO
2026-07-11 23:04:18,1783811058,R_75,53011.9147,-1,2.1722999999983585,BACKFILL_AUTO
2026-07-11 23:04:20,1783811060,R_75,53014.0713,1,2.156600000002072,BACKFILL_AUTO
2026-07-11 23:04:22,1783811062,R_75,53027.1497,1,13.07839999999851,BACKFILL_AUTO
2026-07-11 23:04:24,1783811064,R_75,53031.415,1,4.265299999999115,BACKFILL_AUTO
2026-07-11 23:04:26,1783811066,R_75,53033.976,1,2.5610000000015134,BACKFILL_AUTO
2026-07-11 23:04:28,1783811068,R_75,53032.87,-1,1.1059999999997672,BACKFILL_AUTO
2026-07-11 23:04:30,1783811070,R_75,53028.5471,-1,4.322899999999208,BACKFILL_AUTO
2026-07-11 23:04:32,1783811072,R_75,53016.0418,-1,12.505300000004354,BACKFILL_AUTO
2026-07-11 23:04:34,1783811074,R_75,53001.342,-1,14.699800000002142,BACKFILL_AUTO
2026-07-11 23:04:36,1783811076,R_75,52992.1476,-1,9.194400000000314,BACKFILL_AUTO
2026-07-11 23:04:38,1783811078,R_75,52982.6719,-1,9.475699999995413,BACKFILL_AUTO
2026-07-11 23:04:40,1783811080,R_75,52984.6903,1,2.018400000000838,BACKFILL_AUTO
2026-07-11 23:04:42,1783811082,R_75,52994.896,1,10.205699999998615,BACKFILL_AUTO
2026-07-11 23:04:44,1783811084,R_75,52985.6165,-1,9.279500000004191,BACKFILL_AUTO
2026-07-11 23:04:46,1783811086,R_75,52996.7716,1,11.155100000003586,BACKFILL_AUTO
2026-07-11 23:04:48,1783811088,R_75,53004.3588,1,7.587200000001758,BACKFILL_AUTO
2026-07-11 23:04:50,1783811090,R_75,52999.4677,-1,4.891100000000733,BACKFILL_AUTO
2026-07-11 23:04:52,1783811092,R_75,52997.9294,-1,1.538300000000163,BACKFILL_AUTO
2026-07-11 23:04:54,1783811094,R_75,53002.3497,1,4.420299999997951,BACKFILL_AUTO
2026-07-11 23:04:56,1783811096,R_75,53017.0121,1,14.662400000001071,BACKFILL_AUTO
2026-07-11 23:04:58,1783811098,R_75,53026.1688,1,9.156699999999546,BACKFILL_AUTO
2026-07-11 23:05:00,1783811100,R_75,53045.7428,1,19.574000000000524,BACKFILL_AUTO
2026-07-11 23:05:02,1783811102,R_75,53035.8303,-1,9.912499999998545,BACKFILL_AUTO
2026-07-11 23:05:04,1783811104,R_75,53043.886,1,8.05569999999716,BACKFILL_AUTO
2026-07-11 23:05:06,1783811106,R_75,53050.9444,1,7.058400000001711,BACKFILL_AUTO
2026-07-11 23:05:08,1783811108,R_75,53062.6575,1,11.71310000000085,BACKFILL_AUTO
2026-07-11 23:05:10,1783811110,R_75,53056.201,-1,6.456500000000233,BACKFILL_AUTO
2026-07-11 23:05:12,1783811112,R_75,53050.6771,-1,5.52390000000014,BACKFILL_AUTO
2026-07-11 23:05:14,1783811114,R_75,53070.4002,1,19.72309999999561,BACKFILL_AUTO
2026-07-11 23:05:16,1783811116,R_75,53067.4867,-1,2.9134999999951106,BACKFILL_AUTO
2026-07-11 23:05:18,1783811118,R_75,53075.19,1,7.703300000001036,BACKFILL_AUTO
2026-07-11 23:05:20,1783811120,R_75,53074.666,-1,0.5240000000048894,BACKFILL_AUTO
2026-07-11 23:05:22,1783811122,R_75,53061.7558,-1,12.91019999999844,BACKFILL_AUTO
2026-07-11 23:05:24,1783811124,R_75,53071.0921,1,9.336300000002666,BACKFILL_AUTO
2026-07-11 23:05:26,1783811126,R_75,53066.9924,-1,4.0996999999988475,BACKFILL_AUTO
2026-07-11 23:05:28,1783811128,R_75,53061.3126,-1,5.6798000000053435,BACKFILL_AUTO
2026-07-11 23:05:30,1783811130,R_75,53065.6394,1,4.3268000000025495,BACKFILL_AUTO
2026-07-11 23:05:32,1783811132,R_75,53058.9872,-1,6.65219999999681,BACKFILL_AUTO
2026-07-11 23:05:34,1783811134,R_75,53059.217,1,0.22979999999370193,BACKFILL_AUTO
2026-07-11 23:05:36,1783811136,R_75,53062.3769,1,3.1599000000060187,BACKFILL_AUTO
2026-07-11 23:05:38,1783811138,R_75,53065.3443,1,2.967399999994086,BACKFILL_AUTO
2026-07-11 23:05:40,1783811140,R_75,53045.5268,-1,19.81749999999738,BACKFILL_AUTO
2026-07-11 23:05:42,1783811142,R_75,53055.0367,1,9.509899999997288,BACKFILL_AUTO
2026-07-11 23:05:44,1783811144,R_75,53051.98,-1,3.056699999993725,BACKFILL_AUTO
2026-07-11 23:05:46,1783811146,R_75,53055.0436,1,3.0635999999940395,BACKFILL_AUTO
2026-07-11 23:05:48,1783811148,R_75,53049.4591,-1,5.584499999997206,BACKFILL_AUTO
2026-07-11 23:05:50,1783811150,R_75,53046.8774,-1,2.5817000000024564,BACKFILL_AUTO
2026-07-11 23:05:52,1783811152,R_75,53048.1167,1,1.2393000000010943,BACKFILL_AUTO
2026-07-11 23:05:54,1783811154,R_75,53046.6093,-1,1.5074000000022352,BACKFILL_AUTO
2026-07-11 23:05:56,1783811156,R_75,53041.3627,-1,5.24659999999858,BACKFILL_AUTO
2026-07-11 23:05:58,1783811158,R_75,53041.2659,-1,0.09679999999934807,BACKFILL_AUTO
2026-07-11 23:06:00,1783811160,R_75,53041.9096,1,0.6437000000005355,BACKFILL_AUTO
2026-07-11 23:06:02,1783811162,R_75,53052.2857,1,10.376100000001315,BACKFILL_AUTO
2026-07-11 23:06:04,1783811164,R_75,53049.5133,-1,2.772400000001653,BACKFILL_AUTO
2026-07-11 23:06:06,1783811166,R_75,53053.3067,1,3.7934000000022934,BACKFILL_AUTO
2026-07-11 23:06:08,1783811168,R_75,53049.8638,-1,3.4429000000018277,BACKFILL_AUTO
2026-07-11 23:06:10,1783811170,R_75,53055.2787,1,5.414900000003399,BACKFILL_AUTO
2026-07-11 23:06:12,1783811172,R_75,53056.0622,1,0.7834999999977299,BACKFILL_AUTO
2026-07-11 23:06:14,1783811174,R_75,53055.3647,-1,0.6975000000020373,BACKFILL_AUTO
2026-07-11 23:06:16,1783811176,R_75,53068.964,1,13.599300000001676,BACKFILL_AUTO
2026-07-11 23:06:18,1783811178,R_75,53072.939,1,3.974999999998545,BACKFILL_AUTO
2026-07-11 23:06:20,1783811180,R_75,53087.5539,1,14.614900000000489,BACKFILL_AUTO
2026-07-11 23:06:22,1783811182,R_75,53087.8757,1,0.3217999999978929,BACKFILL_AUTO
2026-07-11 23:06:24,1783811184,R_75,53104.3632,1,16.48750000000291,BACKFILL_AUTO
2026-07-11 23:06:26,1783811186,R_75,53107.3574,1,2.994200000001001,BACKFILL_AUTO
2026-07-11 23:06:28,1783811188,R_75,53117.901,1,10.543599999997241,BACKFILL_AUTO
2026-07-11 23:06:30,1783811190,R_75,53136.0073,1,18.106299999999464,BACKFILL_AUTO
2026-07-11 23:06:32,1783811192,R_75,53123.2083,-1,12.798999999999069,BACKFILL_AUTO
2026-07-11 23:06:34,1783811194,R_75,53135.3785,1,12.170200000000477,BACKFILL_AUTO
2026-07-11 23:06:36,1783811196,R_75,53132.1467,-1,3.2318000000013853,BACKFILL_AUTO
2026-07-11 23:06:38,1783811198,R_75,53132.3905,1,0.24380000000383006,BACKFILL_AUTO
2026-07-11 23:06:40,1783811200,R_75,53118.9256,-1,13.464899999999034,BACKFILL_AUTO
2026-07-11 23:06:42,1783811202,R_75,53114.1563,-1,4.76929999999993,BACKFILL_AUTO
2026-07-11 23:06:44,1783811204,R_75,53119.6331,1,5.476799999996729,BACKFILL_AUTO
2026-07-11 23:06:46,1783811206,R_75,53121.7106,1,2.077499999999418,BACKFILL_AUTO
2026-07-11 23:06:48,1783811208,R_75,53116.3931,-1,5.317499999997381,BACKFILL_AUTO
2026-07-11 23:06:50,1783811210,R_75,53115.1794,-1,1.2137000000002445,BACKFILL_AUTO
2026-07-11 23:06:52,1783811212,R_75,53109.388,-1,5.791400000001886,BACKFILL_AUTO
2026-07-11 23:06:54,1783811214,R_75,53086.6144,-1,22.773600000000442,BACKFILL_AUTO
2026-07-11 23:06:56,1783811216,R_75,53085.1096,-1,1.5047999999951571,BACKFILL_AUTO
2026-07-11 23:06:58,1783811218,R_75,53083.6456,-1,1.4639999999999418,BACKFILL_AUTO
2026-07-11 23:07:00,1783811220,R_75,53075.092,-1,8.553600000006554,BACKFILL_AUTO
2026-07-11 23:07:02,1783811222,R_75,53081.0,1,5.908000000003085,BACKFILL_AUTO
2026-07-11 23:07:04,1783811224,R_75,53066.4707,-1,14.529300000001967,BACKFILL_AUTO
2026-07-11 23:07:06,1783811226,R_75,53063.1916,-1,3.279099999999744,BACKFILL_AUTO
2026-07-11 23:07:08,1783811228,R_75,53048.8937,-1,14.297899999997753,BACKFILL_AUTO
2026-07-11 23:07:10,1783811230,R_75,53068.3263,1,19.432600000000093,BACKFILL_AUTO
2026-07-11 23:07:12,1783811232,R_75,53077.0179,1,8.691599999998289,BACKFILL_AUTO
2026-07-11 23:07:14,1783811234,R_75,53087.2519,1,10.234000000004016,BACKFILL_AUTO
2026-07-11 23:07:16,1783811236,R_75,53083.7314,-1,3.5205000000059954,BACKFILL_AUTO
2026-07-11 23:07:18,1783811238,R_75,53074.9977,-1,8.733699999997043,BACKFILL_AUTO
2026-07-11 23:07:20,1783811240,R_75,53071.8433,-1,3.154399999999441,BACKFILL_AUTO
2026-07-11 23:07:22,1783811242,R_75,53085.0366,1,13.193299999998999,BACKFILL_AUTO
2026-07-11 23:07:24,1783811244,R_75,53079.19,-1,5.8465999999971245,BACKFILL_AUTO
2026-07-11 23:07:26,1783811246,R_75,53075.3128,-1,3.877200000002631,BACKFILL_AUTO
2026-07-11 23:07:28,1783811248,R_75,53089.3479,1,14.035100000000966,BACKFILL_AUTO
2026-07-11 23:07:30,1783811250,R_75,53091.7833,1,2.4354000000021188,BACKFILL_AUTO
2026-07-11 23:07:32,1783811252,R_75,53100.978,1,9.194700000000012,BACKFILL_AUTO
2026-07-11 23:07:34,1783811254,R_75,53086.9062,-1,14.071800000005169,BACKFILL_AUTO
2026-07-11 23:07:36,1783811256,R_75,53099.7457,1,12.839500000001863,BACKFILL_AUTO
2026-07-11 23:07:38,1783811258,R_75,53087.28,-1,12.465700000000652,BACKFILL_AUTO
2026-07-11 23:07:40,1783811260,R_75,53089.5502,1,2.270199999999022,BACKFILL_AUTO
2026-07-11 23:07:42,1783811262,R_75,53088.2051,-1,1.345099999998638,BACKFILL_AUTO
2026-07-11 23:07:44,1783811264,R_75,53084.5084,-1,3.696700000000419,BACKFILL_AUTO
2026-07-11 23:07:46,1783811266,R_75,53078.6591,-1,5.849300000001676,BACKFILL_AUTO
2026-07-11 23:07:48,1783811268,R_75,53084.5154,1,5.8562999999994645,BACKFILL_AUTO
2026-07-11 23:07:50,1783811270,R_75,53089.9335,1,5.418100000002596,BACKFILL_AUTO
2026-07-11 23:07:52,1783811272,R_75,53087.3136,-1,2.6198999999978696,BACKFILL_AUTO
2026-07-11 23:07:54,1783811274,R_75,53088.3705,1,1.0568999999959487,BACKFILL_AUTO
2026-07-11 23:07:56,1783811276,R_75,53084.3359,-1,4.034599999999045,BACKFILL_AUTO
2026-07-11 23:07:58,1783811278,R_75,53061.5272,-1,22.80870000000141,BACKFILL_AUTO
2026-07-11 23:08:00,1783811280,R_75,53060.6034,-1,0.9237999999968451,BACKFILL_AUTO
2026-07-11 23:08:02,1783811282,R_75,53066.2499,1,5.646500000002561,BACKFILL_AUTO
2026-07-11 23:08:04,1783811284,R_75,53069.1222,1,2.872299999995448,BACKFILL_AUTO
2026-07-11 23:08:06,1783811286,R_75,53081.9566,1,12.834399999999732,BACKFILL_AUTO
2026-07-11 23:08:08,1783811288,R_75,53081.3738,-1,0.5827999999964959,BACKFILL_AUTO
2026-07-11 23:08:10,1783811290,R_75,53080.525,-1,0.8487999999997555,BACKFILL_AUTO
2026-07-11 23:08:12,1783811292,R_75,53070.6658,-1,9.859199999998964,BACKFILL_AUTO
2026-07-11 23:08:14,1783811294,R_75,53068.9327,-1,1.7331000000049244,BACKFILL_AUTO
2026-07-11 23:08:16,1783811296,R_75,53053.5281,-1,15.404599999994389,BACKFILL_AUTO
2026-07-11 23:08:18,1783811298,R_75,53054.7611,1,1.2330000000001746,BACKFILL_AUTO
2026-07-11 23:08:20,1783811300,R_75,53067.762,1,13.000899999999092,BACKFILL_AUTO
2026-07-11 23:08:22,1783811302,R_75,53062.1911,-1,5.570900000006077,BACKFILL_AUTO
2026-07-11 23:08:24,1783811304,R_75,53060.9217,-1,1.269399999997404,BACKFILL_AUTO
2026-07-11 23:08:26,1783811306,R_75,53051.555,-1,9.366699999998673,BACKFILL_AUTO
2026-07-11 23:08:28,1783811308,R_75,53068.3932,1,16.838199999998324,BACKFILL_AUTO
2026-07-11 23:08:30,1783811310,R_75,53057.5728,-1,10.82039999999688,BACKFILL_AUTO
2026-07-11 23:08:32,1783811312,R_75,53041.4003,-1,16.172500000000582,BACKFILL_AUTO
2026-07-11 23:08:34,1783811314,R_75,53032.3481,-1,9.052199999998265,BACKFILL_AUTO
2026-07-11 23:08:36,1783811316,R_75,53050.3796,1,18.031499999997322,BACKFILL_AUTO
2026-07-11 23:08:38,1783811318,R_75,53044.6858,-1,5.69380000000092,BACKFILL_AUTO
2026-07-11 23:08:40,1783811320,R_75,53033.6622,-1,11.023600000000442,BACKFILL_AUTO
2026-07-11 23:08:42,1783811322,R_75,53047.3856,1,13.723400000002584,BACKFILL_AUTO
2026-07-11 23:08:44,1783811324,R_75,53037.8354,-1,9.550199999997858,BACKFILL_AUTO
2026-07-11 23:08:46,1783811326,R_75,53040.3336,1,2.49819999999454,BACKFILL_AUTO
2026-07-11 23:08:48,1783811328,R_75,53031.3893,-1,8.944299999995565,BACKFILL_AUTO
2026-07-11 23:08:50,1783811330,R_75,53043.2878,1,11.898499999995693,BACKFILL_AUTO
2026-07-11 23:08:52,1783811332,R_75,53049.1034,1,5.815600000001723,BACKFILL_AUTO
2026-07-11 23:08:54,1783811334,R_75,53047.747,-1,1.3563999999969383,BACKFILL_AUTO
2026-07-11 23:08:56,1783811336,R_75,53077.676,1,29.92899999999645,BACKFILL_AUTO
2026-07-11 23:08:58,1783811338,R_75,53093.4453,1,15.76929999999993,BACKFILL_AUTO
2026-07-11 23:09:00,1783811340,R_75,53122.7933,1,29.347999999998137,BACKFILL_AUTO
2026-07-11 23:09:02,1783811342,R_75,53136.679,1,13.885699999998906,BACKFILL_AUTO
2026-07-11 23:09:04,1783811344,R_75,53141.5708,1,4.891800000004878,BACKFILL_AUTO
2026-07-11 23:09:06,1783811346,R_75,53154.3978,1,12.826999999997497,BACKFILL_AUTO
2026-07-11 23:09:08,1783811348,R_75,53148.1672,-1,6.23059999999532,BACKFILL_AUTO
2026-07-11 23:09:10,1783811350,R_75,53150.9033,1,2.7360999999946216,BACKFILL_AUTO
2026-07-11 23:09:12,1783811352,R_75,53171.9599,1,21.056600000003527,BACKFILL_AUTO
2026-07-11 23:09:14,1783811354,R_75,53175.2409,1,3.2809999999954016,BACKFILL_AUTO
2026-07-11 23:09:16,1783811356,R_75,53165.1885,-1,10.052400000000489,BACKFILL_AUTO
2026-07-11 23:09:18,1783811358,R_75,53170.4436,1,5.25510000000213,BACKFILL_AUTO
2026-07-11 23:09:20,1783811360,R_75,53172.352,1,1.9084000000002561,BACKFILL_AUTO
2026-07-11 23:09:22,1783811362,R_75,53153.0896,-1,19.262399999999616,BACKFILL_AUTO
2026-07-11 23:09:24,1783811364,R_75,53141.2225,-1,11.867099999995844,BACKFILL_AUTO
2026-07-11 23:09:26,1783811366,R_75,53145.1229,1,3.9003999999986263,BACKFILL_AUTO
2026-07-11 23:09:28,1783811368,R_75,53150.7768,1,5.65389999999752,BACKFILL_AUTO
2026-07-11 23:09:30,1783811370,R_75,53151.2377,1,0.46089999999821885,BACKFILL_AUTO
2026-07-11 23:09:32,1783811372,R_75,53163.297,1,12.059300000000803,BACKFILL_AUTO
2026-07-11 23:09:34,1783811374,R_75,53161.9451,-1,1.3519000000014785,BACKFILL_AUTO
2026-07-11 23:09:36,1783811376,R_75,53157.2452,-1,4.699899999999616,BACKFILL_AUTO
2026-07-11 23:09:38,1783811378,R_75,53169.9633,1,12.718100000005506,BACKFILL_AUTO
2026-07-11 23:09:40,1783811380,R_75,53179.0682,1,9.104899999998452,BACKFILL_AUTO
2026-07-11 23:09:42,1783811382,R_75,53180.437,1,1.368799999996554,BACKFILL_AUTO
2026-07-11 23:09:44,1783811384,R_75,53191.9402,1,11.503199999999197,BACKFILL_AUTO
2026-07-11 23:09:46,1783811386,R_75,53174.7102,-1,17.229999999995925,BACKFILL_AUTO
2026-07-11 23:09:48,1783811388,R_75,53179.937,1,5.226799999996729,BACKFILL_AUTO
2026-07-11 23:09:50,1783811390,R_75,53169.2592,-1,10.67779999999766,BACKFILL_AUTO
2026-07-11 23:09:52,1783811392,R_75,53183.1021,1,13.842899999996007,BACKFILL_AUTO
2026-07-11 23:09:54,1783811394,R_75,53192.4243,1,9.32220000000234,BACKFILL_AUTO
2026-07-11 23:09:56,1783811396,R_75,53201.6118,1,9.1875,BACKFILL_AUTO
2026-07-11 23:09:58,1783811398,R_75,53199.4714,-1,2.140399999996589,BACKFILL_AUTO
2026-07-11 23:10:00,1783811400,R_75,53193.6374,-1,5.834000000002561,BACKFILL_AUTO
2026-07-11 23:10:02,1783811402,R_75,53192.2129,-1,1.4245000000009895,BACKFILL_AUTO
2026-07-11 23:10:04,1783811404,R_75,53194.6785,1,2.465600000003178,BACKFILL_AUTO
2026-07-11 23:10:06,1783811406,R_75,53193.3856,-1,1.2929000000003725,BACKFILL_AUTO
2026-07-11 23:10:08,1783811408,R_75,53194.3309,1,0.9452999999994063,BACKFILL_AUTO
2026-07-11 23:10:10,1783811410,R_75,53208.4897,1,14.158799999997427,BACKFILL_AUTO
2026-07-11 23:10:12,1783811412,R_75,53217.6799,1,9.190200000004552,BACKFILL_AUTO
2026-07-11 23:10:14,1783811414,R_75,53226.5412,1,8.861299999996845,BACKFILL_AUTO
2026-07-11 23:10:16,1783811416,R_75,53209.0058,-1,17.535400000000664,BACKFILL_AUTO
2026-07-11 23:10:18,1783811418,R_75,53226.1794,1,17.173600000001898,BACKFILL_AUTO
2026-07-11 23:10:20,1783811420,R_75,53215.659,-1,10.520400000001246,BACKFILL_AUTO
2026-07-11 23:10:22,1783811422,R_75,53215.542,-1,0.11699999999837019,BACKFILL_AUTO
2026-07-11 23:10:24,1783811424,R_75,53211.9692,-1,3.5728000000017346,BACKFILL_AUTO
2026-07-11 23:10:26,1783811426,R_75,53219.4079,1,7.438699999998789,BACKFILL_AUTO
2026-07-11 23:10:28,1783811428,R_75,53222.7801,1,3.3722000000052503,BACKFILL_AUTO
2026-07-11 23:10:30,1783811430,R_75,53214.7417,-1,8.038400000004913,BACKFILL_AUTO
2026-07-11 23:10:32,1783811432,R_75,53199.6332,-1,15.108500000002095,BACKFILL_AUTO
2026-07-11 23:10:34,1783811434,R_75,53221.5052,1,21.872000000003027,BACKFILL_AUTO
2026-07-11 23:10:36,1783811436,R_75,53219.5056,-1,1.999600000002829,BACKFILL_AUTO
2026-07-11 23:10:38,1783811438,R_75,53224.8847,1,5.379100000005565,BACKFILL_AUTO
2026-07-11 23:10:40,1783811440,R_75,53210.7984,-1,14.086300000002666,BACKFILL_AUTO
2026-07-11 23:10:42,1783811442,R_75,53211.4505,1,0.6520999999993364,BACKFILL_AUTO
2026-07-11 23:10:44,1783811444,R_75,53197.797,-1,13.65350000000035,BACKFILL_AUTO
2026-07-11 23:10:46,1783811446,R_75,53183.352,-1,14.444999999999709,BACKFILL_AUTO
2026-07-11 23:10:48,1783811448,R_75,53199.8818,1,16.52980000000389,BACKFILL_AUTO
2026-07-11 23:10:50,1783811450,R_75,53203.8974,1,4.015599999998813,BACKFILL_AUTO
2026-07-11 23:10:52,1783811452,R_75,53212.3955,1,8.498099999997066,BACKFILL_AUTO
2026-07-11 23:10:54,1783811454,R_75,53227.7433,1,15.34780000000319,BACKFILL_AUTO
2026-07-11 23:10:56,1783811456,R_75,53230.1825,1,2.43920000000071,BACKFILL_AUTO
2026-07-11 23:10:58,1783811458,R_75,53231.8067,1,1.6241999999983818,BACKFILL_AUTO
2026-07-11 23:11:00,1783811460,R_75,53254.4314,1,22.624700000000303,BACKFILL_AUTO
2026-07-11 23:11:02,1783811462,R_75,53242.2701,-1,12.161299999999756,BACKFILL_AUTO
2026-07-11 23:11:04,1783811464,R_75,53255.691,1,13.420899999997346,BACKFILL_AUTO
2026-07-11 23:11:06,1783811466,R_75,53253.5904,-1,2.1005999999979394,BACKFILL_AUTO
2026-07-11 23:11:08,1783811468,R_75,53256.9363,1,3.345900000000256,BACKFILL_AUTO
2026-07-11 23:11:10,1783811470,R_75,53267.6525,1,10.716199999995297,BACKFILL_AUTO
2026-07-11 23:11:12,1783811472,R_75,53266.372,-1,1.2804999999934807,BACKFILL_AUTO
2026-07-11 23:11:14,1783811474,R_75,53257.2176,-1,9.154399999999441,BACKFILL_AUTO
2026-07-11 23:11:16,1783811476,R_75,53250.525,-1,6.69260000000213,BACKFILL_AUTO
2026-07-11 23:11:18,1783811478,R_75,53249.6929,-1,0.8320999999996275,BACKFILL_AUTO
2026-07-11 23:11:20,1783811480,R_75,53238.7741,-1,10.918799999999464,BACKFILL_AUTO
2026-07-11 23:11:22,1783811482,R_75,53238.1337,-1,0.640400000003865,BACKFILL_AUTO
2026-07-11 23:11:24,1783811484,R_75,53237.464,-1,0.6696999999985565,BACKFILL_AUTO
2026-07-11 23:11:26,1783811486,R_75,53244.6994,1,7.235399999997753,BACKFILL_AUTO
2026-07-11 23:11:28,1783811488,R_75,53244.5676,-1,0.13179999999556458,BACKFILL_AUTO
2026-07-11 23:11:30,1783811490,R_75,53251.1472,1,6.579599999997299,BACKFILL_AUTO
2026-07-11 23:11:32,1783811492,R_75,53247.1192,-1,4.027999999998428,BACKFILL_AUTO
2026-07-11 23:11:34,1783811494,R_75,53245.5415,-1,1.5777000000016415,BACKFILL_AUTO
2026-07-11 23:11:36,1783811496,R_75,53249.9075,1,4.366000000001804,BACKFILL_AUTO
2026-07-11 23:11:38,1783811498,R_75,53266.4645,1,16.5570000000007,BACKFILL_AUTO
2026-07-11 23:11:40,1783811500,R_75,53268.6976,1,2.2330999999976484,BACKFILL_AUTO
2026-07-11 23:11:42,1783811502,R_75,53268.0445,-1,0.6530999999959022,BACKFILL_AUTO
2026-07-11 23:11:44,1783811504,R_75,53262.4516,-1,5.592900000003283,BACKFILL_AUTO
2026-07-11 23:11:46,1783811506,R_75,53272.6923,1,10.240700000002107,BACKFILL_AUTO
2026-07-11 23:11:48,1783811508,R_75,53264.4309,-1,8.26140000000305,BACKFILL_AUTO
2026-07-11 23:11:50,1783811510,R_75,53258.0586,-1,6.372300000002724,BACKFILL_AUTO
2026-07-11 23:11:52,1783811512,R_75,53258.3633,1,0.3047000000005937,BACKFILL_AUTO
2026-07-11 23:11:54,1783811514,R_75,53250.6083,-1,7.754999999997381,BACKFILL_AUTO
2026-07-11 23:11:56,1783811516,R_75,53244.1616,-1,6.446700000000419,BACKFILL_AUTO
2026-07-11 23:11:58,1783811518,R_75,53249.5981,1,5.436500000003434,BACKFILL_AUTO
2026-07-11 23:12:00,1783811520,R_75,53253.8808,1,4.282699999996112,BACKFILL_AUTO
2026-07-11 23:12:02,1783811522,R_75,53250.5429,-1,3.3378999999986263,BACKFILL_AUTO
2026-07-11 23:12:04,1783811524,R_75,53253.8721,1,3.329200000000128,BACKFILL_AUTO
2026-07-11 23:12:06,1783811526,R_75,53251.8037,-1,2.0684000000037486,BACKFILL_AUTO
2026-07-11 23:12:08,1783811528,R_75,53258.743,1,6.93930000000546,BACKFILL_AUTO
2026-07-11 23:12:10,1783811530,R_75,53256.6926,-1,2.0504000000000815,BACKFILL_AUTO
2026-07-11 23:12:12,1783811532,R_75,53253.6194,-1,3.0731999999989057,BACKFILL_AUTO
2026-07-11 23:12:14,1783811534,R_75,53268.8257,1,15.20629999999801,BACKFILL_AUTO
2026-07-11 23:12:16,1783811536,R_75,53268.6275,-1,0.1981999999989057,BACKFILL_AUTO
2026-07-11 23:12:18,1783811538,R_75,53263.3666,-1,5.260900000001129,BACKFILL_AUTO
2026-07-11 23:12:20,1783811540,R_75,53251.6105,-1,11.756099999998696,BACKFILL_AUTO
2026-07-11 23:12:22,1783811542,R_75,53270.2047,1,18.594199999999546,BACKFILL_AUTO
2026-07-11 23:12:24,1783811544,R_75,53266.5224,-1,3.682300000000396,BACKFILL_AUTO
2026-07-11 23:12:26,1783811546,R_75,53269.9944,1,3.4720000000015716,BACKFILL_AUTO
2026-07-11 23:12:28,1783811548,R_75,53275.1189,1,5.124499999998079,BACKFILL_AUTO
2026-07-11 23:12:30,1783811550,R_75,53266.854,-1,8.264900000001944,BACKFILL_AUTO
2026-07-11 23:12:32,1783811552,R_75,53265.6882,-1,1.1658000000024913,BACKFILL_AUTO
2026-07-11 23:12:34,1783811554,R_75,53265.0142,-1,0.6739999999990687,BACKFILL_AUTO
2026-07-11 23:12:36,1783811556,R_75,53274.1366,1,9.122400000000198,BACKFILL_AUTO
2026-07-11 23:12:38,1783811558,R_75,53264.2226,-1,9.913999999997031,BACKFILL_AUTO
2026-07-11 23:12:40,1783811560,R_75,53263.1807,-1,1.0419000000038068,BACKFILL_AUTO
2026-07-11 23:12:42,1783811562,R_75,53255.1751,-1,8.005599999996775,BACKFILL_AUTO
2026-07-11 23:12:44,1783811564,R_75,53259.4272,1,4.252099999997881,BACKFILL_AUTO
2026-07-11 23:12:46,1783811566,R_75,53260.7767,1,1.3495000000039,BACKFILL_AUTO
2026-07-11 23:12:48,1783811568,R_75,53273.2569,1,12.480199999998149,BACKFILL_AUTO
2026-07-11 23:12:50,1783811570,R_75,53276.8923,1,3.6353999999992084,BACKFILL_AUTO
2026-07-11 23:12:52,1783811572,R_75,53277.3663,1,0.47400000000197906,BACKFILL_AUTO
2026-07-11 23:12:54,1783811574,R_75,53280.7733,1,3.4069999999992433,BACKFILL_AUTO
2026-07-11 23:12:56,1783811576,R_75,53286.0856,1,5.3122999999977765,BACKFILL_AUTO
2026-07-11 23:12:58,1783811578,R_75,53292.9808,1,6.895199999999022,BACKFILL_AUTO
2026-07-11 23:13:00,1783811580,R_75,53291.5182,-1,1.462599999998929,BACKFILL_AUTO
2026-07-11 23:13:02,1783811582,R_75,53281.4524,-1,10.06579999999667,BACKFILL_AUTO
2026-07-11 23:13:04,1783811584,R_75,53299.9073,1,18.454899999996996,BACKFILL_AUTO
2026-07-11 23:13:06,1783811586,R_75,53305.4693,1,5.561999999998079,BACKFILL_AUTO
2026-07-11 23:13:08,1783811588,R_75,53323.748,1,18.278700000002573,BACKFILL_AUTO
2026-07-11 23:13:10,1783811590,R_75,53323.2101,-1,0.5379000000029919,BACKFILL_AUTO
2026-07-11 23:13:12,1783811592,R_75,53330.9161,1,7.706000000005588,BACKFILL_AUTO
2026-07-11 23:13:14,1783811594,R_75,53329.0992,-1,1.816900000005262,BACKFILL_AUTO
2026-07-11 23:13:16,1783811596,R_75,53357.7754,1,28.6762000000017,BACKFILL_AUTO
2026-07-11 23:13:18,1783811598,R_75,53367.7872,1,10.011800000000221,BACKFILL_AUTO
2026-07-11 23:13:20,1783811600,R_75,53368.2863,1,0.49910000000090804,BACKFILL_AUTO
2026-07-11 23:13:22,1783811602,R_75,53359.6725,-1,8.613799999999173,BACKFILL_AUTO
2026-07-11 23:13:24,1783811604,R_75,53361.092,1,1.419499999996333,BACKFILL_AUTO
2026-07-11 23:13:26,1783811606,R_75,53362.5877,1,1.4956999999994878,BACKFILL_AUTO
2026-07-11 23:13:28,1783811608,R_75,53364.2832,1,1.6955000000016298,BACKFILL_AUTO
2026-07-11 23:13:30,1783811610,R_75,53367.6911,1,3.4078999999983353,BACKFILL_AUTO
2026-07-11 23:13:32,1783811612,R_75,53352.9059,-1,14.78519999999844,BACKFILL_AUTO
2026-07-11 23:13:34,1783811614,R_75,53352.2069,-1,0.6990000000005239,BACKFILL_AUTO
2026-07-11 23:13:36,1783811616,R_75,53350.7078,-1,1.499100000000908,BACKFILL_AUTO
2026-07-11 23:13:38,1783811618,R_75,53340.204,-1,10.503799999998591,BACKFILL_AUTO
2026-07-11 23:13:40,1783811620,R_75,53350.5787,1,10.374700000000303,BACKFILL_AUTO
2026-07-11 23:13:42,1783811622,R_75,53333.0096,-1,17.569100000000617,BACKFILL_AUTO
2026-07-11 23:13:44,1783811624,R_75,53336.3865,1,3.3769000000029337,BACKFILL_AUTO
2026-07-11 23:13:46,1783811626,R_75,53330.584,-1,5.802499999997963,BACKFILL_AUTO
2026-07-11 23:13:48,1783811628,R_75,53334.3324,1,3.7483999999967637,BACKFILL_AUTO
2026-07-11 23:13:50,1783811630,R_75,53341.1537,1,6.821300000003248,BACKFILL_AUTO
2026-07-11 23:13:52,1783811632,R_75,53334.0273,-1,7.126400000001013,BACKFILL_AUTO
2026-07-11 23:13:54,1783811634,R_75,53338.1747,1,4.147400000001653,BACKFILL_AUTO
2026-07-11 23:13:56,1783811636,R_75,53341.0215,1,2.846799999999348,BACKFILL_AUTO
2026-07-11 23:13:58,1783811638,R_75,53348.6529,1,7.6313999999983935,BACKFILL_AUTO
2026-07-11 23:14:00,1783811640,R_75,53375.7927,1,27.139799999997194,BACKFILL_AUTO
2026-07-11 23:14:02,1783811642,R_75,53378.6537,1,2.861000000004424,BACKFILL_AUTO
2026-07-11 23:14:04,1783811644,R_75,53375.348,-1,3.3057000000044354,BACKFILL_AUTO
2026-07-11 23:14:06,1783811646,R_75,53382.1619,1,6.813900000001013,BACKFILL_AUTO
2026-07-11 23:14:08,1783811648,R_75,53372.2263,-1,9.935599999997066,BACKFILL_AUTO
2026-07-11 23:14:10,1783811650,R_75,53372.8083,1,0.5819999999948777,BACKFILL_AUTO
2026-07-11 23:14:12,1783811652,R_75,53372.4366,-1,0.3716999999960535,BACKFILL_AUTO
2026-07-11 23:14:14,1783811654,R_75,53365.7567,-1,6.679900000002817,BACKFILL_AUTO
2026-07-11 23:14:16,1783811656,R_75,53379.2007,1,13.444000000003143,BACKFILL_AUTO
2026-07-11 23:14:18,1783811658,R_75,53389.0835,1,9.882799999999406,BACKFILL_AUTO
2026-07-11 23:14:20,1783811660,R_75,53394.3886,1,5.305099999997765,BACKFILL_AUTO
2026-07-11 23:14:22,1783811662,R_75,53395.1312,1,0.7426000000050408,BACKFILL_AUTO
2026-07-11 23:14:24,1783811664,R_75,53375.9231,-1,19.20810000000347,BACKFILL_AUTO
2026-07-11 23:14:26,1783811666,R_75,53375.7232,-1,0.19989999999961583,BACKFILL_AUTO
2026-07-11 23:14:28,1783811668,R_75,53393.8832,1,18.159999999996217,BACKFILL_AUTO
2026-07-11 23:14:30,1783811670,R_75,53386.2372,-1,7.645999999993364,BACKFILL_AUTO
2026-07-11 23:14:32,1783811672,R_75,53387.6116,1,1.3743999999933294,BACKFILL_AUTO
2026-07-11 23:14:34,1783811674,R_75,53381.1187,-1,6.492899999997462,BACKFILL_AUTO
2026-07-11 23:14:36,1783811676,R_75,53372.1518,-1,8.966899999999441,BACKFILL_AUTO
2026-07-11 23:14:38,1783811678,R_75,53347.3077,-1,24.844100000002072,BACKFILL_AUTO
2026-07-11 23:14:40,1783811680,R_75,53328.8107,-1,18.49699999999575,BACKFILL_AUTO
2026-07-11 23:14:42,1783811682,R_75,53326.288,-1,2.5227000000013504,BACKFILL_AUTO
2026-07-11 23:14:44,1783811684,R_75,53341.326,1,15.038000000000466,BACKFILL_AUTO
2026-07-11 23:14:46,1783811686,R_75,53350.7955,1,9.469499999999243,BACKFILL_AUTO
2026-07-11 23:14:48,1783811688,R_75,53360.1714,1,9.375899999999092,BACKFILL_AUTO
2026-07-11 23:14:50,1783811690,R_75,53363.113,1,2.9415999999982887,BACKFILL_AUTO
2026-07-11 23:14:52,1783811692,R_75,53353.1675,-1,9.945499999994354,BACKFILL_AUTO
2026-07-11 23:14:54,1783811694,R_75,53333.2518,-1,19.915700000005018,BACKFILL_AUTO
2026-07-11 23:14:56,1783811696,R_75,53353.9217,1,20.66990000000078,BACKFILL_AUTO
2026-07-11 23:14:58,1783811698,R_75,53336.8051,-1,17.1166000000012,BACKFILL_AUTO
2026-07-11 23:15:00,1783811700,R_75,53324.977,-1,11.828099999998813,BACKFILL_AUTO
2026-07-11 23:15:02,1783811702,R_75,53335.0945,1,10.117500000000291,BACKFILL_AUTO
2026-07-11 23:15:04,1783811704,R_75,53353.5235,1,18.429000000003725,BACKFILL_AUTO
2026-07-11 23:15:06,1783811706,R_75,53366.3416,1,12.818099999996775,BACKFILL_AUTO
2026-07-11 23:15:08,1783811708,R_75,53380.2878,1,13.946199999998498,BACKFILL_AUTO
2026-07-11 23:15:10,1783811710,R_75,53365.793,-1,14.494800000000396,BACKFILL_AUTO
2026-07-11 23:15:12,1783811712,R_75,53367.4826,1,1.6896000000051572,BACKFILL_AUTO
2026-07-11 23:15:14,1783811714,R_75,53372.2768,1,4.794199999996636,BACKFILL_AUTO
2026-07-11 23:15:16,1783811716,R_75,53373.1045,1,0.8277000000016415,BACKFILL_AUTO
2026-07-11 23:15:18,1783811718,R_75,53379.4326,1,6.328099999998813,BACKFILL_AUTO
2026-07-11 23:15:20,1783811720,R_75,53378.6087,-1,0.8239000000030501,BACKFILL_AUTO
2026-07-11 23:15:22,1783811722,R_75,53371.3042,-1,7.30449999999837,BACKFILL_AUTO
2026-07-11 23:15:24,1783811724,R_75,53368.6347,-1,2.669499999996333,BACKFILL_AUTO
2026-07-11 23:15:26,1783811726,R_75,53369.3236,1,0.6889000000010128,BACKFILL_AUTO
2026-07-11 23:15:28,1783811728,R_75,53353.8299,-1,15.493700000006356,BACKFILL_AUTO
2026-07-11 23:15:30,1783811730,R_75,53339.6611,-1,14.168799999999464,BACKFILL_AUTO
2026-07-11 23:15:32,1783811732,R_75,53348.2894,1,8.628300000003946,BACKFILL_AUTO
2026-07-11 23:15:34,1783811734,R_75,53350.2586,1,1.969199999999546,BACKFILL_AUTO
2026-07-11 23:15:36,1783811736,R_75,53365.3635,1,15.104899999998452,BACKFILL_AUTO
2026-07-11 23:15:38,1783811738,R_75,53356.594,-1,8.769500000002154,BACKFILL_AUTO
2026-07-11 23:15:40,1783811740,R_75,53351.8969,-1,4.69709999999759,BACKFILL_AUTO
2026-07-11 23:15:42,1783811742,R_75,53345.9994,-1,5.897499999999127,BACKFILL_AUTO
2026-07-11 23:15:44,1783811744,R_75,53324.3471,-1,21.65230000000156,BACKFILL_AUTO
2026-07-11 23:15:46,1783811746,R_75,53313.2794,-1,11.067699999999604,BACKFILL_AUTO
2026-07-11 23:15:48,1783811748,R_75,53318.6796,1,5.400200000003679,BACKFILL_AUTO
2026-07-11 23:15:50,1783811750,R_75,53315.9933,-1,2.6863000000012107,BACKFILL_AUTO
2026-07-11 23:15:52,1783811752,R_75,53325.5128,1,9.519499999994878,BACKFILL_AUTO
2026-07-11 23:15:54,1783811754,R_75,53315.4451,-1,10.067699999999604,BACKFILL_AUTO
2026-07-11 23:15:56,1783811756,R_75,53326.3112,1,10.866099999999278,BACKFILL_AUTO
2026-07-11 23:15:58,1783811758,R_75,53297.2224,-1,29.08879999999772,BACKFILL_AUTO
2026-07-11 23:16:00,1783811760,R_75,53302.8003,1,5.577900000003865,BACKFILL_AUTO
2026-07-11 23:16:02,1783811762,R_75,53298.7684,-1,4.0319000000017695,BACKFILL_AUTO
2026-07-11 23:16:04,1783811764,R_75,53280.6724,-1,18.09599999999773,BACKFILL_AUTO
2026-07-11 23:16:06,1783811766,R_75,53276.5687,-1,4.103699999999662,BACKFILL_AUTO
2026-07-11 23:16:08,1783811768,R_75,53266.5552,-1,10.013500000000931,BACKFILL_AUTO
2026-07-11 23:16:10,1783811770,R_75,53262.2942,-1,4.261000000005879,BACKFILL_AUTO
2026-07-11 23:16:12,1783811772,R_75,53259.4367,-1,2.8574999999982538,BACKFILL_AUTO
2026-07-11 23:16:14,1783811774,R_75,53258.0839,-1,1.3528000000005704,BACKFILL_AUTO
2026-07-11 23:16:16,1783811776,R_75,53237.5797,-1,20.504199999995762,BACKFILL_AUTO
2026-07-11 23:16:18,1783811778,R_75,53252.3803,1,14.800599999995029,BACKFILL_AUTO
2026-07-11 23:16:20,1783811780,R_75,53246.746,-1,5.634299999997893,BACKFILL_AUTO
2026-07-11 23:16:22,1783811782,R_75,53254.3028,1,7.556799999998475,BACKFILL_AUTO
2026-07-11 23:16:24,1783811784,R_75,53266.948,1,12.645199999999022,BACKFILL_AUTO
2026-07-11 23:16:26,1783811786,R_75,53284.2924,1,17.34440000000177,BACKFILL_AUTO
2026-07-11 23:16:28,1783811788,R_75,53291.2898,1,6.997400000000198,BACKFILL_AUTO
2026-07-11 23:16:30,1783811790,R_75,53281.113,-1,10.176800000001094,BACKFILL_AUTO
2026-07-11 23:16:32,1783811792,R_75,53286.5202,1,5.407200000001467,BACKFILL_AUTO
2026-07-11 23:16:34,1783811794,R_75,53286.2556,-1,0.2646000000022468,BACKFILL_AUTO
2026-07-11 23:16:36,1783811796,R_75,53299.6067,1,13.35109999999986,BACKFILL_AUTO
2026-07-11 23:16:38,1783811798,R_75,53303.5946,1,3.9879000000000815,BACKFILL_AUTO
2026-07-11 23:16:40,1783811800,R_75,53319.2475,1,15.652900000000955,BACKFILL_AUTO
2026-07-11 23:16:42,1783811802,R_75,53315.48,-1,3.7674999999944703,BACKFILL_AUTO
2026-07-11 23:16:44,1783811804,R_75,53321.2017,1,5.721699999994598,BACKFILL_AUTO
2026-07-11 23:16:46,1783811806,R_75,53300.8397,-1,20.36200000000099,BACKFILL_AUTO
2026-07-11 23:16:48,1783811808,R_75,53312.6157,1,11.776000000005297,BACKFILL_AUTO
2026-07-11 23:16:50,1783811810,R_75,53320.521,1,7.905299999998533,BACKFILL_AUTO
2026-07-11 23:16:52,1783811812,R_75,53318.4166,-1,2.104400000003807,BACKFILL_AUTO
2026-07-11 23:16:54,1783811814,R_75,53327.2323,1,8.815700000006473,BACKFILL_AUTO
2026-07-11 23:16:56,1783811816,R_75,53321.7085,-1,5.523800000002666,BACKFILL_AUTO
2026-07-11 23:16:58,1783811818,R_75,53336.5438,1,14.835299999998824,BACKFILL_AUTO
2026-07-11 23:17:00,1783811820,R_75,53332.8978,-1,3.6460000000006403,BACKFILL_AUTO
2026-07-11 23:17:02,1783811822,R_75,53318.297,-1,14.600800000000163,BACKFILL_AUTO
2026-07-11 23:17:04,1783811824,R_75,53324.1522,1,5.855199999998149,BACKFILL_AUTO
2026-07-11 23:17:06,1783811826,R_75,53320.1784,-1,3.9737999999997555,BACKFILL_AUTO
2026-07-11 23:17:08,1783811828,R_75,53318.0538,-1,2.124599999995553,BACKFILL_AUTO
2026-07-11 23:17:10,1783811830,R_75,53316.8573,-1,1.1964999999981956,BACKFILL_AUTO
2026-07-11 23:17:12,1783811832,R_75,53329.1096,1,12.252300000000105,BACKFILL_AUTO
2026-07-11 23:17:14,1783811834,R_75,53340.1843,1,11.074699999997392,BACKFILL_AUTO
2026-07-11 23:17:16,1783811836,R_75,53343.6985,1,3.5141999999977998,BACKFILL_AUTO
2026-07-11 23:17:18,1783811838,R_75,53345.142,1,1.4435000000012224,BACKFILL_AUTO
2026-07-11 23:17:20,1783811840,R_75,53345.2673,1,0.12529999999969732,BACKFILL_AUTO
2026-07-11 23:17:22,1783811842,R_75,53350.6171,1,5.349800000003597,BACKFILL_AUTO
2026-07-11 23:17:24,1783811844,R_75,53333.561,-1,17.056100000001607,BACKFILL_AUTO
2026-07-11 23:17:26,1783811846,R_75,53333.1447,-1,0.41630000000441214,BACKFILL_AUTO
2026-07-11 23:17:28,1783811848,R_75,53336.3411,1,3.1964000000007218,BACKFILL_AUTO
2026-07-11 23:17:30,1783811850,R_75,53340.0905,1,3.7494000000006054,BACKFILL_AUTO
2026-07-11 23:17:32,1783811852,R_75,53316.4328,-1,23.65769999999611,BACKFILL_AUTO
2026-07-11 23:17:34,1783811854,R_75,53319.7784,1,3.345600000000559,BACKFILL_AUTO
2026-07-11 23:17:36,1783811856,R_75,53330.4694,1,10.690999999998894,BACKFILL_AUTO
2026-07-11 23:17:38,1783811858,R_75,53350.2315,1,19.76209999999992,BACKFILL_AUTO
2026-07-11 23:17:40,1783811860,R_75,53347.7308,-1,2.5007000000041444,BACKFILL_AUTO
2026-07-11 23:17:42,1783811862,R_75,53374.6261,1,26.895300000003772,BACKFILL_AUTO
2026-07-11 23:17:44,1783811864,R_75,53382.4118,1,7.785700000000361,BACKFILL_AUTO
2026-07-11 23:17:46,1783811866,R_75,53384.5636,1,2.151799999999639,BACKFILL_AUTO
2026-07-11 23:17:48,1783811868,R_75,53400.2333,1,15.669699999998556,BACKFILL_AUTO
2026-07-11 23:17:50,1783811870,R_75,53405.5038,1,5.270499999998719,BACKFILL_AUTO
2026-07-11 23:17:52,1783811872,R_75,53397.7749,-1,7.728900000001886,BACKFILL_AUTO
2026-07-11 23:17:54,1783811874,R_75,53416.4244,1,18.64950000000681,BACKFILL_AUTO
2026-07-11 23:17:56,1783811876,R_75,53401.6403,-1,14.7841000000044,BACKFILL_AUTO
2026-07-11 23:17:58,1783811878,R_75,53403.2798,1,1.639499999997497,BACKFILL_AUTO
2026-07-11 23:18:00,1783811880,R_75,53393.6987,-1,9.581099999995786,BACKFILL_AUTO
2026-07-11 23:18:02,1783811882,R_75,53423.0304,1,29.331700000002456,BACKFILL_AUTO
2026-07-11 23:18:04,1783811884,R_75,53437.553,1,14.5225999999966,BACKFILL_AUTO
2026-07-11 23:18:06,1783811886,R_75,53443.161,1,5.608000000000175,BACKFILL_AUTO
2026-07-11 23:18:08,1783811888,R_75,53429.1202,-1,14.040800000002491,BACKFILL_AUTO
2026-07-11 23:18:10,1783811890,R_75,53430.5361,1,1.415899999999965,BACKFILL_AUTO
2026-07-11 23:18:12,1783811892,R_75,53416.17,-1,14.366099999999278,BACKFILL_AUTO
2026-07-11 23:18:14,1783811894,R_75,53417.3612,1,1.1912000000011176,BACKFILL_AUTO
2026-07-11 23:18:16,1783811896,R_75,53414.5132,-1,2.8479999999981374,BACKFILL_AUTO
2026-07-11 23:18:18,1783811898,R_75,53403.5712,-1,10.942000000002736,BACKFILL_AUTO
2026-07-11 23:18:20,1783811900,R_75,53407.4688,1,3.8976000000038766,BACKFILL_AUTO
2026-07-11 23:18:22,1783811902,R_75,53419.0124,1,11.543599999997241,BACKFILL_AUTO
2026-07-11 23:18:24,1783811904,R_75,53433.7555,1,14.743099999999686,BACKFILL_AUTO
2026-07-11 23:18:26,1783811906,R_75,53437.2995,1,3.544000000001688,BACKFILL_AUTO
2026-07-11 23:18:28,1783811908,R_75,53435.2595,-1,2.040000000000873,BACKFILL_AUTO
2026-07-11 23:18:30,1783811910,R_75,53434.1456,-1,1.1138999999966472,BACKFILL_AUTO
2026-07-11 23:18:32,1783811912,R_75,53431.452,-1,2.693600000005972,BACKFILL_AUTO
2026-07-11 23:18:34,1783811914,R_75,53438.2468,1,6.794800000003306,BACKFILL_AUTO
2026-07-11 23:18:36,1783811916,R_75,53450.8137,1,12.566899999997986,BACKFILL_AUTO
2026-07-11 23:18:38,1783811918,R_75,53454.5246,1,3.710899999998219,BACKFILL_AUTO
2026-07-11 23:18:40,1783811920,R_75,53465.1331,1,10.608500000002095,BACKFILL_AUTO
2026-07-11 23:18:42,1783811922,R_75,53451.6856,-1,13.447500000002037,BACKFILL_AUTO
2026-07-11 23:18:44,1783811924,R_75,53442.3021,-1,9.383499999996275,BACKFILL_AUTO
2026-07-11 23:18:46,1783811926,R_75,53443.4497,1,1.1475999999966007,BACKFILL_AUTO
2026-07-11 23:18:48,1783811928,R_75,53453.2806,1,9.830900000000838,BACKFILL_AUTO
2026-07-11 23:18:50,1783811930,R_75,53453.9354,1,0.6548000000038883,BACKFILL_AUTO
2026-07-11 23:18:52,1783811932,R_75,53450.2996,-1,3.6358000000036554,BACKFILL_AUTO
2026-07-11 23:18:54,1783811934,R_75,53461.6951,1,11.39549999999872,BACKFILL_AUTO
2026-07-11 23:18:56,1783811936,R_75,53466.4136,1,4.7185000000026776,BACKFILL_AUTO
2026-07-11 23:18:58,1783811938,R_75,53470.2495,1,3.835899999998219,BACKFILL_AUTO
2026-07-11 23:19:00,1783811940,R_75,53468.0483,-1,2.201199999995879,BACKFILL_AUTO
2026-07-11 23:19:02,1783811942,R_75,53463.7105,-1,4.3378000000011525,BACKFILL_AUTO
2026-07-11 23:19:04,1783811944,R_75,53456.1681,-1,7.542399999998452,BACKFILL_AUTO
2026-07-11 23:19:06,1783811946,R_75,53432.2885,-1,23.87960000000021,BACKFILL_AUTO
2026-07-11 23:19:08,1783811948,R_75,53438.13,1,5.841499999994994,BACKFILL_AUTO
2026-07-11 23:19:10,1783811950,R_75,53437.7856,-1,0.34439999999449356,BACKFILL_AUTO
2026-07-11 23:19:12,1783811952,R_75,53437.9013,1,0.11569999999483116,BACKFILL_AUTO
2026-07-11 23:19:14,1783811954,R_75,53447.983,1,10.081700000002456,BACKFILL_AUTO
2026-07-11 23:19:16,1783811956,R_75,53444.3982,-1,3.5847999999969034,BACKFILL_AUTO
2026-07-11 23:19:18,1783811958,R_75,53459.5926,1,15.194400000000314,BACKFILL_AUTO
2026-07-11 23:19:20,1783811960,R_75,53467.4592,1,7.866599999993923,BACKFILL_AUTO
2026-07-11 23:19:22,1783811962,R_75,53469.2826,1,1.8234000000011292,BACKFILL_AUTO
2026-07-11 23:19:24,1783811964,R_75,53452.7552,-1,16.527399999999034,BACKFILL_AUTO
2026-07-11 23:19:26,1783811966,R_75,53447.6608,-1,5.0944000000017695,BACKFILL_AUTO
2026-07-11 23:19:28,1783811968,R_75,53442.337,-1,5.3237999999983,BACKFILL_AUTO
2026-07-11 23:19:30,1783811970,R_75,53438.6961,-1,3.64089999999851,BACKFILL_AUTO
2026-07-11 23:19:32,1783811972,R_75,53442.1505,1,3.4544000000023516,BACKFILL_AUTO
2026-07-11 23:19:34,1783811974,R_75,53441.4849,-1,0.6656000000002678,BACKFILL_AUTO
2026-07-11 23:19:36,1783811976,R_75,53434.4591,-1,7.025800000003073,BACKFILL_AUTO
2026-07-11 23:19:38,1783811978,R_75,53425.8309,-1,8.628199999999197,BACKFILL_AUTO
2026-07-11 23:19:40,1783811980,R_75,53414.3232,-1,11.507700000001932,BACKFILL_AUTO
2026-07-11 23:19:42,1783811982,R_75,53415.6668,1,1.3436000000001513,BACKFILL_AUTO
2026-07-11 23:19:44,1783811984,R_75,53418.1246,1,2.457800000003772,BACKFILL_AUTO
2026-07-11 23:19:46,1783811986,R_75,53410.8517,-1,7.272900000003574,BACKFILL_AUTO
2026-07-11 23:19:48,1783811988,R_75,53409.3317,-1,1.5199999999967986,BACKFILL_AUTO
2026-07-11 23:19:50,1783811990,R_75,53413.0646,1,3.732899999995425,BACKFILL_AUTO
2026-07-11 23:19:52,1783811992,R_75,53416.2158,1,3.1512000000002445,BACKFILL_AUTO
2026-07-11 23:19:54,1783811994,R_75,53412.5976,-1,3.6181999999971595,BACKFILL_AUTO
2026-07-11 23:19:56,1783811996,R_75,53415.4469,1,2.8493000000016764,BACKFILL_AUTO
2026-07-11 23:19:58,1783811998,R_75,53435.1096,1,19.66270000000077,BACKFILL_AUTO
2026-07-11 23:20:00,1783812000,R_75,53449.1357,1,14.026099999995495,BACKFILL_AUTO
2026-07-11 23:20:02,1783812002,R_75,53447.1628,-1,1.9729000000006636,BACKFILL_AUTO
2026-07-11 23:20:04,1783812004,R_75,53471.7052,1,24.54239999999845,BACKFILL_AUTO
2026-07-11 23:20:06,1783812006,R_75,53469.2843,-1,2.4208999999973457,BACKFILL_AUTO
2026-07-11 23:20:08,1783812008,R_75,53470.2711,1,0.986799999998766,BACKFILL_AUTO
2026-07-11 23:20:10,1783812010,R_75,53476.4975,1,6.226399999999558,BACKFILL_AUTO
2026-07-11 23:20:12,1783812012,R_75,53499.3413,1,22.843800000002375,BACKFILL_AUTO
2026-07-11 23:20:14,1783812014,R_75,53511.2123,1,11.870999999999185,BACKFILL_AUTO
2026-07-11 23:20:16,1783812016,R_75,53509.8608,-1,1.3514999999970314,BACKFILL_AUTO
2026-07-11 23:20:18,1783812018,R_75,53501.2524,-1,8.608400000004622,BACKFILL_AUTO
2026-07-11 23:20:20,1783812020,R_75,53501.3633,1,0.11089999999967404,BACKFILL_AUTO
2026-07-11 23:20:22,1783812022,R_75,53486.7701,-1,14.593199999995704,BACKFILL_AUTO
2026-07-11 23:20:24,1783812024,R_75,53501.6195,1,14.84939999999915,BACKFILL_AUTO
2026-07-11 23:20:26,1783812026,R_75,53481.2324,-1,20.38709999999992,BACKFILL_AUTO
2026-07-11 23:20:28,1783812028,R_75,53498.4204,1,17.18800000000192,BACKFILL_AUTO
2026-07-11 23:20:30,1783812030,R_75,53498.0636,-1,0.35680000000138534,BACKFILL_AUTO
2026-07-11 23:20:32,1783812032,R_75,53518.6313,1,20.567699999999604,BACKFILL_AUTO
2026-07-11 23:20:34,1783812034,R_75,53529.3797,1,10.748399999996764,BACKFILL_AUTO
2026-07-11 23:20:36,1783812036,R_75,53522.5731,-1,6.806599999996251,BACKFILL_AUTO
2026-07-11 23:20:38,1783812038,R_75,53529.8243,1,7.251199999998789,BACKFILL_AUTO
2026-07-11 23:20:40,1783812040,R_75,53531.3264,1,1.5020999999978812,BACKFILL_AUTO
2026-07-11 23:20:42,1783812042,R_75,53537.2563,1,5.929900000002817,BACKFILL_AUTO
2026-07-11 23:20:44,1783812044,R_75,53549.5718,1,12.315499999996973,BACKFILL_AUTO
2026-07-11 23:20:46,1783812046,R_75,53547.8622,-1,1.7095999999946798,BACKFILL_AUTO
2026-07-11 23:20:48,1783812048,R_75,53547.2294,-1,0.6328000000066822,BACKFILL_AUTO
2026-07-11 23:20:50,1783812050,R_75,53548.8459,1,1.6165000000037253,BACKFILL_AUTO
2026-07-11 23:20:52,1783812052,R_75,53557.929,1,9.083099999996193,BACKFILL_AUTO
2026-07-11 23:20:54,1783812054,R_75,53562.6501,1,4.72110000000248,BACKFILL_AUTO
2026-07-11 23:20:56,1783812056,R_75,53562.6644,1,0.014300000002549496,BACKFILL_AUTO
2026-07-11 23:20:58,1783812058,R_75,53563.0154,1,0.35099999999511056,BACKFILL_AUTO
2026-07-11 23:21:00,1783812060,R_75,53564.8665,1,1.8510999999998603,BACKFILL_AUTO
2026-07-11 23:21:02,1783812062,R_75,53558.8953,-1,5.971199999999953,BACKFILL_AUTO
2026-07-11 23:21:04,1783812064,R_75,53554.4032,-1,4.492099999995844,BACKFILL_AUTO
2026-07-11 23:21:06,1783812066,R_75,53549.68,-1,4.723200000000361,BACKFILL_AUTO
2026-07-11 23:21:08,1783812068,R_75,53558.3633,1,8.683299999996962,BACKFILL_AUTO
2026-07-11 23:21:10,1783812070,R_75,53563.3032,1,4.9399000000048545,BACKFILL_AUTO
2026-07-11 23:21:12,1783812072,R_75,53561.9567,-1,1.3464999999996508,BACKFILL_AUTO
2026-07-11 23:21:14,1783812074,R_75,53565.7794,1,3.822699999996985,BACKFILL_AUTO
2026-07-11 23:21:16,1783812076,R_75,53567.3871,1,1.6077000000004773,BACKFILL_AUTO
2026-07-11 23:21:18,1783812078,R_75,53583.1901,1,15.802999999999884,BACKFILL_AUTO
2026-07-11 23:21:20,1783812080,R_75,53588.4776,1,5.287499999998545,BACKFILL_AUTO
2026-07-11 23:21:22,1783812082,R_75,53599.6465,1,11.168900000004214,BACKFILL_AUTO
2026-07-11 23:21:24,1783812084,R_75,53605.3477,1,5.701199999995879,BACKFILL_AUTO
2026-07-11 23:21:26,1783812086,R_75,53613.7646,1,8.416900000003807,BACKFILL_AUTO
2026-07-11 23:21:28,1783812088,R_75,53614.4881,1,0.7235000000000582,BACKFILL_AUTO
2026-07-11 23:21:30,1783812090,R_75,53607.4439,-1,7.0442000000039116,BACKFILL_AUTO
2026-07-11 23:21:32,1783812092,R_75,53605.9857,-1,1.458200000000943,BACKFILL_AUTO
2026-07-11 23:21:34,1783812094,R_75,53621.6254,1,15.63969999999972,BACKFILL_AUTO
2026-07-11 23:21:36,1783812096,R_75,53629.3806,1,7.755199999999604,BACKFILL_AUTO
2026-07-11 23:21:38,1783812098,R_75,53626.1904,-1,3.190199999997276,BACKFILL_AUTO
2026-07-11 23:21:40,1783812100,R_75,53610.1231,-1,16.067300000002433,BACKFILL_AUTO
2026-07-11 23:21:42,1783812102,R_75,53630.5096,1,20.386500000000524,BACKFILL_AUTO
2026-07-11 23:21:44,1783812104,R_75,53616.8254,-1,13.684199999996054,BACKFILL_AUTO
2026-07-11 23:21:46,1783812106,R_75,53621.4798,1,4.654399999999441,BACKFILL_AUTO
2026-07-11 23:21:48,1783812108,R_75,53626.8594,1,5.3796000000002095,BACKFILL_AUTO
2026-07-11 23:21:50,1783812110,R_75,53635.1849,1,8.32549999999901,BACKFILL_AUTO
2026-07-11 23:21:52,1783812112,R_75,53625.6252,-1,9.559699999997974,BACKFILL_AUTO
2026-07-11 23:21:54,1783812114,R_75,53629.4238,1,3.7985999999946216,BACKFILL_AUTO
2026-07-11 23:21:56,1783812116,R_75,53620.6138,-1,8.809999999997672,BACKFILL_AUTO
2026-07-11 23:21:58,1783812118,R_75,53630.3438,1,9.730000000003201,BACKFILL_AUTO
2026-07-11 23:22:00,1783812120,R_75,53615.4538,-1,14.889999999999418,BACKFILL_AUTO
2026-07-11 23:22:02,1783812122,R_75,53614.4684,-1,0.9854000000050291,BACKFILL_AUTO
2026-07-11 23:22:04,1783812124,R_75,53625.9392,1,11.470800000002782,BACKFILL_AUTO
2026-07-11 23:22:06,1783812126,R_75,53618.7474,-1,7.191800000000512,BACKFILL_AUTO
2026-07-11 23:22:08,1783812128,R_75,53606.8624,-1,11.885000000002037,BACKFILL_AUTO
2026-07-11 23:22:10,1783812130,R_75,53611.4619,1,4.5995000000039,BACKFILL_AUTO
2026-07-11 23:22:12,1783812132,R_75,53631.7541,1,20.292199999996228,BACKFILL_AUTO
2026-07-11 23:22:14,1783812134,R_75,53631.7855,1,0.03139999999984866,BACKFILL_AUTO
2026-07-11 23:22:16,1783812136,R_75,53641.2165,1,9.431000000004133,BACKFILL_AUTO
2026-07-11 23:22:18,1783812138,R_75,53639.6975,-1,1.5190000000002328,BACKFILL_AUTO
2026-07-11 23:22:20,1783812140,R_75,53643.5693,1,3.8718000000008033,BACKFILL_AUTO
2026-07-11 23:22:22,1783812142,R_75,53653.116,1,9.546699999998964,BACKFILL_AUTO
2026-07-11 23:22:24,1783812144,R_75,53636.0209,-1,17.095099999998638,BACKFILL_AUTO
2026-07-11 23:22:26,1783812146,R_75,53645.8827,1,9.861799999998766,BACKFILL_AUTO
2026-07-11 23:22:28,1783812148,R_75,53649.5788,1,3.6961000000010245,BACKFILL_AUTO
2026-07-11 23:22:30,1783812150,R_75,53661.4341,1,11.855299999995623,BACKFILL_AUTO
2026-07-11 23:22:32,1783812152,R_75,53673.1739,1,11.739800000003015,BACKFILL_AUTO
2026-07-11 23:22:34,1783812154,R_75,53687.9798,1,14.805899999999383,BACKFILL_AUTO
2026-07-11 23:22:36,1783812156,R_75,53686.6628,-1,1.3170000000027358,BACKFILL_AUTO
2026-07-11 23:22:38,1783812158,R_75,53686.0532,-1,0.609599999996135,BACKFILL_AUTO
2026-07-11 23:22:40,1783812160,R_75,53683.0193,-1,3.033900000002177,BACKFILL_AUTO
2026-07-11 23:22:42,1783812162,R_75,53667.7837,-1,15.235599999999977,BACKFILL_AUTO
2026-07-11 23:22:44,1783812164,R_75,53674.2942,1,6.510499999996682,BACKFILL_AUTO
2026-07-11 23:22:46,1783812166,R_75,53675.2937,1,0.9995000000053551,BACKFILL_AUTO
2026-07-11 23:22:48,1783812168,R_75,53678.7082,1,3.4144999999989523,BACKFILL_AUTO
2026-07-11 23:22:50,1783812170,R_75,53671.5546,-1,7.153599999997823,BACKFILL_AUTO
2026-07-11 23:22:52,1783812172,R_75,53675.2411,1,3.6864999999961583,BACKFILL_AUTO
2026-07-11 23:22:54,1783812174,R_75,53668.0887,-1,7.152399999999034,BACKFILL_AUTO
2026-07-11 23:22:56,1783812176,R_75,53666.3126,-1,1.7761000000027707,BACKFILL_AUTO
2026-07-11 23:22:58,1783812178,R_75,53651.5618,-1,14.750799999994342,BACKFILL_AUTO
2026-07-11 23:23:00,1783812180,R_75,53642.8347,-1,8.727100000003702,BACKFILL_AUTO
2026-07-11 23:23:02,1783812182,R_75,53636.8227,-1,6.012000000002445,BACKFILL_AUTO
2026-07-11 23:23:04,1783812184,R_75,53660.5976,1,23.77490000000398,BACKFILL_AUTO
2026-07-11 23:23:06,1783812186,R_75,53657.3107,-1,3.28689999999915,BACKFILL_AUTO
2026-07-11 23:23:08,1783812188,R_75,53654.59,-1,2.7207000000053085,BACKFILL_AUTO
2026-07-11 23:23:10,1783812190,R_75,53654.5005,-1,0.08949999999458669,BACKFILL_AUTO
2026-07-11 23:23:12,1783812192,R_75,53670.3471,1,15.846599999997125,BACKFILL_AUTO
2026-07-11 23:23:14,1783812194,R_75,53665.6779,-1,4.669199999996636,BACKFILL_AUTO
2026-07-11 23:23:16,1783812196,R_75,53666.657,1,0.9790999999968335,BACKFILL_AUTO
2026-07-11 23:23:18,1783812198,R_75,53670.8179,1,4.160900000002584,BACKFILL_AUTO
2026-07-11 23:23:20,1783812200,R_75,53672.9995,1,2.1815999999962514,BACKFILL_AUTO
2026-07-11 23:23:22,1783812202,R_75,53674.6492,1,1.6497000000017579,BACKFILL_AUTO
2026-07-11 23:23:24,1783812204,R_75,53702.1902,1,27.54099999999744,BACKFILL_AUTO
2026-07-11 23:23:26,1783812206,R_75,53692.9404,-1,9.249799999997776,BACKFILL_AUTO
2026-07-11 23:23:28,1783812208,R_75,53696.3462,1,3.405800000000454,BACKFILL_AUTO
2026-07-11 23:23:30,1783812210,R_75,53707.687,1,11.340799999998126,BACKFILL_AUTO
2026-07-11 23:23:32,1783812212,R_75,53704.8004,-1,2.8865999999979977,BACKFILL_AUTO
2026-07-11 23:23:34,1783812214,R_75,53690.1024,-1,14.697999999996682,BACKFILL_AUTO
2026-07-11 23:23:36,1783812216,R_75,53716.6034,1,26.500999999996566,BACKFILL_AUTO
2026-07-11 23:23:38,1783812218,R_75,53715.0844,-1,1.5190000000002328,BACKFILL_AUTO
2026-07-11 23:23:40,1783812220,R_75,53724.6574,1,9.572999999996682,BACKFILL_AUTO
2026-07-11 23:23:42,1783812222,R_75,53706.3547,-1,18.30269999999291,BACKFILL_AUTO
2026-07-11 23:23:44,1783812224,R_75,53699.3658,-1,6.988900000003923,BACKFILL_AUTO
2026-07-11 23:23:46,1783812226,R_75,53686.8598,-1,12.506000000001222,BACKFILL_AUTO
2026-07-11 23:23:48,1783812228,R_75,53697.7419,1,10.882100000002538,BACKFILL_AUTO
2026-07-11 23:23:50,1783812230,R_75,53711.9899,1,14.247999999999593,BACKFILL_AUTO
2026-07-11 23:23:52,1783812232,R_75,53711.3022,-1,0.6877000000022235,BACKFILL_AUTO
2026-07-11 23:23:54,1783812234,R_75,53715.698,1,4.395799999998417,BACKFILL_AUTO
2026-07-11 23:23:56,1783812236,R_75,53698.5941,-1,17.10389999999461,BACKFILL_AUTO
2026-07-11 23:23:58,1783812238,R_75,53715.193,1,16.59889999999723,BACKFILL_AUTO
2026-07-11 23:24:00,1783812240,R_75,53718.1289,1,2.9359000000040396,BACKFILL_AUTO
2026-07-11 23:24:02,1783812242,R_75,53711.5588,-1,6.570100000004459,BACKFILL_AUTO
2026-07-11 23:24:04,1783812244,R_75,53722.2063,1,10.647499999999127,BACKFILL_AUTO
2026-07-11 23:24:06,1783812246,R_75,53720.6979,-1,1.508399999998801,BACKFILL_AUTO
2026-07-11 23:24:08,1783812248,R_75,53736.7015,1,16.003600000003644,BACKFILL_AUTO
2026-07-11 23:24:10,1783812250,R_75,53738.8522,1,2.1506999999983236,BACKFILL_AUTO
2026-07-11 23:24:12,1783812252,R_75,53716.2122,-1,22.639999999999418,BACKFILL_AUTO
2026-07-11 23:24:14,1783812254,R_75,53708.8347,-1,7.377500000002328,BACKFILL_AUTO
2026-07-11 23:24:16,1783812256,R_75,53713.0749,1,4.240200000000186,BACKFILL_AUTO
2026-07-11 23:24:18,1783812258,R_75,53704.2037,-1,8.871200000001409,BACKFILL_AUTO
2026-07-11 23:24:20,1783812260,R_75,53700.2174,-1,3.986299999996845,BACKFILL_AUTO
2026-07-11 23:24:22,1783812262,R_75,53702.0643,1,1.8468999999968219,BACKFILL_AUTO
2026-07-11 23:24:24,1783812264,R_75,53682.1629,-1,19.901399999995192,BACKFILL_AUTO
2026-07-11 23:24:26,1783812266,R_75,53695.4096,1,13.246699999996054,BACKFILL_AUTO
2026-07-11 23:24:28,1783812268,R_75,53683.7987,-1,11.610899999999674,BACKFILL_AUTO
2026-07-11 23:24:30,1783812270,R_75,53675.7074,-1,8.091300000000047,BACKFILL_AUTO
2026-07-11 23:24:32,1783812272,R_75,53684.5742,1,8.866800000003423,BACKFILL_AUTO
2026-07-11 23:24:34,1783812274,R_75,53686.5006,1,1.9263999999966472,BACKFILL_AUTO
2026-07-11 23:24:36,1783812276,R_75,53683.7457,-1,2.754899999999907,BACKFILL_AUTO
2026-07-11 23:24:38,1783812278,R_75,53682.999,-1,0.7466999999960535,BACKFILL_AUTO
2026-07-11 23:24:40,1783812280,R_75,53684.4878,1,1.4887999999991735,BACKFILL_AUTO
2026-07-11 23:24:42,1783812282,R_75,53678.2599,-1,6.22790000000532,BACKFILL_AUTO
2026-07-11 23:24:44,1783812284,R_75,53669.4886,-1,8.771300000000338,BACKFILL_AUTO
2026-07-11 23:24:46,1783812286,R_75,53662.3097,-1,7.1788999999989755,BACKFILL_AUTO
2026-07-11 23:24:48,1783812288,R_75,53665.0311,1,2.721400000002177,BACKFILL_AUTO
2026-07-11 23:24:50,1783812290,R_75,53662.2706,-1,2.760499999996682,BACKFILL_AUTO
2026-07-11 23:24:52,1783812292,R_75,53652.1679,-1,10.102700000003097,BACKFILL_AUTO
2026-07-11 23:24:54,1783812294,R_75,53670.0589,1,17.89100000000326,BACKFILL_AUTO
2026-07-11 23:24:56,1783812296,R_75,53691.4433,1,21.384399999995367,BACKFILL_AUTO
2026-07-11 23:24:58,1783812298,R_75,53676.984,-1,14.459300000002258,BACKFILL_AUTO
2026-07-11 23:25:00,1783812300,R_75,53686.6699,1,9.68590000000404,BACKFILL_AUTO
2026-07-11 23:25:02,1783812302,R_75,53709.0838,1,22.413899999999558,BACKFILL_AUTO
2026-07-11 23:25:04,1783812304,R_75,53714.7167,1,5.63289999999688,BACKFILL_AUTO
2026-07-11 23:25:06,1783812306,R_75,53708.4769,-1,6.239799999995739,BACKFILL_AUTO
2026-07-11 23:25:08,1783812308,R_75,53714.6182,1,6.141299999995681,BACKFILL_AUTO
2026-07-11 23:25:10,1783812310,R_75,53723.8062,1,9.18800000000192,BACKFILL_AUTO
2026-07-11 23:25:12,1783812312,R_75,53717.6476,-1,6.15860000000248,BACKFILL_AUTO
2026-07-11 23:25:14,1783812314,R_75,53719.196,1,1.54840000000695,BACKFILL_AUTO
2026-07-11 23:25:16,1783812316,R_75,53710.482,-1,8.713999999999942,BACKFILL_AUTO
2026-07-11 23:25:18,1783812318,R_75,53710.3623,-1,0.11970000000292202,BACKFILL_AUTO
2026-07-11 23:25:20,1783812320,R_75,53739.3118,1,28.949500000002445,BACKFILL_AUTO
2026-07-11 23:25:22,1783812322,R_75,53710.2014,-1,29.11040000000503,BACKFILL_AUTO
2026-07-11 23:25:24,1783812324,R_75,53706.9307,-1,3.270700000000943,BACKFILL_AUTO
2026-07-11 23:25:26,1783812326,R_75,53700.5542,-1,6.376499999998487,BACKFILL_AUTO
2026-07-11 23:25:28,1783812328,R_75,53710.4845,1,9.930299999999988,BACKFILL_AUTO
2026-07-11 23:25:30,1783812330,R_75,53685.292,-1,25.19249999999738,BACKFILL_AUTO
2026-07-11 23:25:32,1783812332,R_75,53693.0312,1,7.739199999996345,BACKFILL_AUTO
2026-07-11 23:25:34,1783812334,R_75,53696.7154,1,3.6842000000033295,BACKFILL_AUTO
2026-07-11 23:25:36,1783812336,R_75,53701.1956,1,4.480199999998149,BACKFILL_AUTO
2026-07-11 23:25:38,1783812338,R_75,53696.4981,-1,4.697500000002037,BACKFILL_AUTO
2026-07-11 23:25:40,1783812340,R_75,53707.8116,1,11.313500000003842,BACKFILL_AUTO
2026-07-11 23:25:42,1783812342,R_75,53711.9733,1,4.161699999996927,BACKFILL_AUTO
2026-07-11 23:25:44,1783812344,R_75,53692.6605,-1,19.312799999999697,BACKFILL_AUTO
2026-07-11 23:25:46,1783812346,R_75,53688.1203,-1,4.540199999995821,BACKFILL_AUTO
2026-07-11 23:25:48,1783812348,R_75,53678.4626,-1,9.657700000003388,BACKFILL_AUTO
2026-07-11 23:25:50,1783812350,R_75,53685.134,1,6.671399999999267,BACKFILL_AUTO
2026-07-11 23:25:52,1783812352,R_75,53692.6941,1,7.560100000002421,BACKFILL_AUTO
2026-07-11 23:25:54,1783812354,R_75,53685.0878,-1,7.6062999999994645,BACKFILL_AUTO
2026-07-11 23:25:56,1783812356,R_75,53697.7814,1,12.693599999998696,BACKFILL_AUTO
2026-07-11 23:25:58,1783812358,R_75,53703.9633,1,6.181900000003225,BACKFILL_AUTO
2026-07-11 23:26:00,1783812360,R_75,53709.6465,1,5.683199999999488,BACKFILL_AUTO
2026-07-11 23:26:02,1783812362,R_75,53708.6538,-1,0.9927000000025146,BACKFILL_AUTO
2026-07-11 23:26:04,1783812364,R_75,53718.052,1,9.398200000003271,BACKFILL_AUTO
2026-07-11 23:26:06,1783812366,R_75,53720.7687,1,2.7166999999972177,BACKFILL_AUTO
2026-07-11 23:26:08,1783812368,R_75,53729.6682,1,8.899499999999534,BACKFILL_AUTO
2026-07-11 23:26:10,1783812370,R_75,53752.951,1,23.28280000000086,BACKFILL_AUTO
2026-07-11 23:26:12,1783812372,R_75,53767.2285,1,14.277499999996508,BACKFILL_AUTO
2026-07-11 23:26:14,1783812374,R_75,53759.6893,-1,7.539199999999255,BACKFILL_AUTO
2026-07-11 23:26:16,1783812376,R_75,53740.1773,-1,19.51199999999517,BACKFILL_AUTO
2026-07-11 23:26:18,1783812378,R_75,53723.7819,-1,16.395400000001246,BACKFILL_AUTO
2026-07-11 23:26:20,1783812380,R_75,53719.4726,-1,4.309300000000803,BACKFILL_AUTO
2026-07-11 23:26:22,1783812382,R_75,53729.1772,1,9.7045999999973,BACKFILL_AUTO
2026-07-11 23:26:24,1783812384,R_75,53724.1879,-1,4.989300000001094,BACKFILL_AUTO
2026-07-11 23:26:26,1783812386,R_75,53722.3247,-1,1.8631999999997788,BACKFILL_AUTO
2026-07-11 23:26:28,1783812388,R_75,53708.3595,-1,13.965199999998731,BACKFILL_AUTO
2026-07-11 23:26:30,1783812390,R_75,53709.1791,1,0.8196000000025379,BACKFILL_AUTO
2026-07-11 23:26:32,1783812392,R_75,53711.04,1,1.860899999999674,BACKFILL_AUTO
2026-07-11 23:26:34,1783812394,R_75,53722.0683,1,11.028299999998126,BACKFILL_AUTO
2026-07-11 23:26:36,1783812396,R_75,53717.3446,-1,4.723700000002282,BACKFILL_AUTO
2026-07-11 23:26:38,1783812398,R_75,53717.2144,-1,0.1301999999996042,BACKFILL_AUTO
2026-07-11 23:26:40,1783812400,R_75,53711.2306,-1,5.983799999994517,BACKFILL_AUTO
2026-07-11 23:26:42,1783812402,R_75,53700.0403,-1,11.190300000002026,BACKFILL_AUTO
2026-07-11 23:26:44,1783812404,R_75,53692.029,-1,8.0112999999983,BACKFILL_AUTO
2026-07-11 23:26:46,1783812406,R_75,53686.655,-1,5.374000000003434,BACKFILL_AUTO
2026-07-11 23:26:48,1783812408,R_75,53691.1446,1,4.489600000000792,BACKFILL_AUTO
2026-07-11 23:26:50,1783812410,R_75,53695.2958,1,4.1512000000002445,BACKFILL_AUTO
2026-07-11 23:26:52,1783812412,R_75,53678.7378,-1,16.557999999997264,BACKFILL_AUTO
2026-07-11 23:26:54,1783812414,R_75,53687.9763,1,9.238499999999476,BACKFILL_AUTO
2026-07-11 23:26:56,1783812416,R_75,53695.0557,1,7.079399999995076,BACKFILL_AUTO
2026-07-11 23:26:58,1783812418,R_75,53703.2152,1,8.159500000001572,BACKFILL_AUTO
2026-07-11 23:27:00,1783812420,R_75,53698.3462,-1,4.868999999998778,BACKFILL_AUTO
2026-07-11 23:27:02,1783812422,R_75,53704.8071,1,6.460899999998219,BACKFILL_AUTO
2026-07-11 23:27:04,1783812424,R_75,53712.3685,1,7.5613999999986845,BACKFILL_AUTO
2026-07-11 23:27:06,1783812426,R_75,53705.8149,-1,6.553599999999278,BACKFILL_AUTO
2026-07-11 23:27:08,1783812428,R_75,53719.2036,1,13.388700000003155,BACKFILL_AUTO
2026-07-11 23:27:10,1783812430,R_75,53719.9547,1,0.7511000000013155,BACKFILL_AUTO
2026-07-11 23:27:12,1783812432,R_75,53725.5527,1,5.597999999998137,BACKFILL_AUTO
2026-07-11 23:27:14,1783812434,R_75,53707.3994,-1,18.153299999998126,BACKFILL_AUTO
2026-07-11 23:27:16,1783812436,R_75,53710.7301,1,3.3306999999986147,BACKFILL_AUTO
2026-07-11 23:27:18,1783812438,R_75,53706.7886,-1,3.941500000000815,BACKFILL_AUTO
2026-07-11 23:27:20,1783812440,R_75,53690.8481,-1,15.940499999996973,BACKFILL_AUTO
2026-07-11 23:27:22,1783812442,R_75,53703.3495,1,12.501399999993737,BACKFILL_AUTO
2026-07-11 23:27:24,1783812444,R_75,53711.1341,1,7.784600000006321,BACKFILL_AUTO
2026-07-11 23:27:26,1783812446,R_75,53713.0035,1,1.8693999999959487,BACKFILL_AUTO
2026-07-11 23:27:28,1783812448,R_75,53697.6752,-1,15.328300000001036,BACKFILL_AUTO
2026-07-11 23:27:30,1783812450,R_75,53691.5137,-1,6.161499999994703,BACKFILL_AUTO
2026-07-11 23:27:32,1783812452,R_75,53696.7416,1,5.227899999998044,BACKFILL_AUTO
2026-07-11 23:27:34,1783812454,R_75,53701.3864,1,4.644800000001851,BACKFILL_AUTO
2026-07-11 23:27:36,1783812456,R_75,53676.7562,-1,24.630199999999604,BACKFILL_AUTO
2026-07-11 23:27:38,1783812458,R_75,53663.532,-1,13.224200000004203,BACKFILL_AUTO
2026-07-11 23:27:40,1783812460,R_75,53665.0064,1,1.4743999999991502,BACKFILL_AUTO
2026-07-11 23:27:42,1783812462,R_75,53657.516,-1,7.490399999995134,BACKFILL_AUTO
2026-07-11 23:27:44,1783812464,R_75,53653.2576,-1,4.258400000006077,BACKFILL_AUTO
2026-07-11 23:27:46,1783812466,R_75,53639.8399,-1,13.417699999998149,BACKFILL_AUTO
2026-07-11 23:27:48,1783812468,R_75,53649.606,1,9.766100000000733,BACKFILL_AUTO
2026-07-11 23:27:50,1783812470,R_75,53637.4315,-1,12.17450000000099,BACKFILL_AUTO
2026-07-11 23:27:52,1783812472,R_75,53622.7361,-1,14.69539999999688,BACKFILL_AUTO
2026-07-11 23:27:54,1783812474,R_75,53638.3281,1,15.591999999996915,BACKFILL_AUTO
2026-07-11 23:27:56,1783812476,R_75,53640.5036,1,2.1754999999975553,BACKFILL_AUTO
2026-07-11 23:27:58,1783812478,R_75,53630.8349,-1,9.668699999994715,BACKFILL_AUTO
2026-07-11 23:28:00,1783812480,R_75,53635.1312,1,4.296300000001793,BACKFILL_AUTO
2026-07-11 23:28:02,1783812482,R_75,53634.9819,-1,0.14930000000458676,BACKFILL_AUTO
2026-07-11 23:28:04,1783812484,R_75,53643.7132,1,8.731299999999464,BACKFILL_AUTO
2026-07-11 23:28:06,1783812486,R_75,53635.8407,-1,7.872499999997672,BACKFILL_AUTO
2026-07-11 23:28:08,1783812488,R_75,53638.6481,1,2.8073999999978696,BACKFILL_AUTO
2026-07-11 23:28:10,1783812490,R_75,53621.7662,-1,16.881900000000314,BACKFILL_AUTO
2026-07-11 23:28:12,1783812492,R_75,53632.6371,1,10.870900000001711,BACKFILL_AUTO
2026-07-11 23:28:14,1783812494,R_75,53631.5456,-1,1.09150000000227,BACKFILL_AUTO
2026-07-11 23:28:16,1783812496,R_75,53640.0113,1,8.465700000000652,BACKFILL_AUTO
2026-07-11 23:28:18,1783812498,R_75,53641.176,1,1.1647000000011758,BACKFILL_AUTO
2026-07-11 23:28:20,1783812500,R_75,53637.08,-1,4.09599999999773,BACKFILL_AUTO
2026-07-11 23:28:22,1783812502,R_75,53638.7228,1,1.6428000000014435,BACKFILL_AUTO
2026-07-11 23:28:24,1783812504,R_75,53637.832,-1,0.8908000000010361,BACKFILL_AUTO
2026-07-11 23:28:26,1783812506,R_75,53633.9144,-1,3.917600000000675,BACKFILL_AUTO
2026-07-11 23:28:28,1783812508,R_75,53624.5986,-1,9.315800000003946,BACKFILL_AUTO
2026-07-11 23:28:30,1783812510,R_75,53620.8854,-1,3.7131999999983236,BACKFILL_AUTO
2026-07-11 23:28:32,1783812512,R_75,53613.4986,-1,7.386800000000221,BACKFILL_AUTO
2026-07-11 23:28:34,1783812514,R_75,53608.7158,-1,4.7828000000008615,BACKFILL_AUTO
2026-07-11 23:28:36,1783812516,R_75,53602.4985,-1,6.217299999996612,BACKFILL_AUTO
2026-07-11 23:28:38,1783812518,R_75,53598.0385,-1,4.459999999999127,BACKFILL_AUTO
2026-07-11 23:28:40,1783812520,R_75,53614.9937,1,16.955199999996694,BACKFILL_AUTO
2026-07-11 23:28:42,1783812522,R_75,53608.2055,-1,6.788200000002689,BACKFILL_AUTO
2026-07-11 23:28:44,1783812524,R_75,53618.7368,1,10.531300000002375,BACKFILL_AUTO
2026-07-11 23:28:46,1783812526,R_75,53603.9956,-1,14.741199999996752,BACKFILL_AUTO
2026-07-11 23:28:48,1783812528,R_75,53610.7209,1,6.725299999998242,BACKFILL_AUTO
2026-07-11 23:28:50,1783812530,R_75,53608.4097,-1,2.311200000003737,BACKFILL_AUTO
2026-07-11 23:28:52,1783812532,R_75,53612.2986,1,3.8889000000053784,BACKFILL_AUTO
2026-07-11 23:28:54,1783812534,R_75,53587.0353,-1,25.263299999998708,BACKFILL_AUTO
2026-07-11 23:28:56,1783812536,R_75,53591.2948,1,4.259500000000116,BACKFILL_AUTO
2026-07-11 23:28:58,1783812538,R_75,53611.7729,1,20.478100000000268,BACKFILL_AUTO
2026-07-11 23:29:00,1783812540,R_75,53627.645,1,15.872099999993225,BACKFILL_AUTO
2026-07-11 23:29:02,1783812542,R_75,53647.8797,1,20.234700000000885,BACKFILL_AUTO
2026-07-11 23:29:04,1783812544,R_75,53623.5612,-1,24.318500000001222,BACKFILL_AUTO
2026-07-11 23:29:06,1783812546,R_75,53631.0339,1,7.472700000005716,BACKFILL_AUTO
2026-07-11 23:29:08,1783812548,R_75,53616.9199,-1,14.114000000001397,BACKFILL_AUTO
2026-07-11 23:29:10,1783812550,R_75,53619.7829,1,2.8629999999975553,BACKFILL_AUTO
2026-07-11 23:29:12,1783812552,R_75,53617.5433,-1,2.2396000000007916,BACKFILL_AUTO
2026-07-11 23:29:14,1783812554,R_75,53617.4764,-1,0.06689999999798601,BACKFILL_AUTO
2026-07-11 23:29:16,1783812556,R_75,53615.6738,-1,1.8026000000027125,BACKFILL_AUTO
2026-07-11 23:29:18,1783812558,R_75,53616.4601,1,0.7862999999997555,BACKFILL_AUTO
2026-07-11 23:29:20,1783812560,R_75,53610.6707,-1,5.7893999999942025,BACKFILL_AUTO
2026-07-11 23:29:22,1783812562,R_75,53625.3815,1,14.710800000000745,BACKFILL_AUTO
2026-07-11 23:29:24,1783812564,R_75,53630.2525,1,4.870999999999185,BACKFILL_AUTO
2026-07-11 23:29:26,1783812566,R_75,53627.0943,-1,3.1582000000053085,BACKFILL_AUTO
2026-07-11 23:29:28,1783812568,R_75,53636.9783,1,9.884000000005472,BACKFILL_AUTO
2026-07-11 23:29:30,1783812570,R_75,53640.2515,1,3.2731999999959953,BACKFILL_AUTO
2026-07-11 23:29:32,1783812572,R_75,53643.5127,1,3.2612000000008265,BACKFILL_AUTO
2026-07-11 23:29:34,1783812574,R_75,53646.441,1,2.928299999999581,BACKFILL_AUTO
2026-07-11 23:29:36,1783812576,R_75,53667.5995,1,21.15849999999773,BACKFILL_AUTO
2026-07-11 23:29:38,1783812578,R_75,53676.5754,1,8.975900000004913,BACKFILL_AUTO
2026-07-11 23:29:40,1783812580,R_75,53659.8813,-1,16.694100000000617,BACKFILL_AUTO
2026-07-11 23:29:42,1783812582,R_75,53676.1712,1,16.289899999996123,BACKFILL_AUTO
2026-07-11 23:29:44,1783812584,R_75,53683.7608,1,7.589599999999336,BACKFILL_AUTO
2026-07-11 23:29:46,1783812586,R_75,53667.4741,-1,16.286699999996927,BACKFILL_AUTO
2026-07-11 23:29:48,1783812588,R_75,53673.5167,1,6.042600000000675,BACKFILL_AUTO
2026-07-11 23:29:50,1783812590,R_75,53671.3507,-1,2.165999999997439,BACKFILL_AUTO
2026-07-11 23:29:52,1783812592,R_75,53672.8154,1,1.4646999999968102,BACKFILL_AUTO
2026-07-11 23:29:54,1783812594,R_75,53664.0758,-1,8.739600000000792,BACKFILL_AUTO
2026-07-11 23:29:56,1783812596,R_75,53657.5035,-1,6.572299999999814,BACKFILL_AUTO
2026-07-11 23:29:58,1783812598,R_75,53642.3573,-1,15.146199999995588,BACKFILL_AUTO
2026-07-11 23:30:00,1783812600,R_75,53627.9758,-1,14.381500000003143,BACKFILL_AUTO
2026-07-11 23:30:02,1783812602,R_75,53642.1265,1,14.150699999998324,BACKFILL_AUTO
2026-07-11 23:30:04,1783812604,R_75,53639.6978,-1,2.428699999996752,BACKFILL_AUTO
2026-07-11 23:30:06,1783812606,R_75,53639.9363,1,0.23849999999947613,BACKFILL_AUTO
2026-07-11 23:30:08,1783812608,R_75,53649.0559,1,9.119599999998172,BACKFILL_AUTO
2026-07-11 23:30:10,1783812610,R_75,53644.8541,-1,4.2018000000025495,BACKFILL_AUTO
2026-07-11 23:30:12,1783812612,R_75,53632.0868,-1,12.767299999999523,BACKFILL_AUTO
2026-07-11 23:30:14,1783812614,R_75,53618.2799,-1,13.806899999995949,BACKFILL_AUTO
2026-07-11 23:30:16,1783812616,R_75,53618.0262,-1,0.2537000000011176,BACKFILL_AUTO
2026-07-11 23:30:18,1783812618,R_75,53622.4325,1,4.406300000002375,BACKFILL_AUTO
2026-07-11 23:30:20,1783812620,R_75,53635.9744,1,13.54189999999653,BACKFILL_AUTO
2026-07-11 23:30:22,1783812622,R_75,53631.1267,-1,4.84769999999844,BACKFILL_AUTO
2026-07-11 23:30:24,1783812624,R_75,53636.2421,1,5.11540000000241,BACKFILL_AUTO
2026-07-11 23:30:26,1783812626,R_75,53637.8086,1,1.566499999993539,BACKFILL_AUTO
2026-07-11 23:30:28,1783812628,R_75,53634.7539,-1,3.0546999999933178,BACKFILL_AUTO
2026-07-11 23:30:30,1783812630,R_75,53631.7666,-1,2.987300000000687,BACKFILL_AUTO
2026-07-11 23:30:32,1783812632,R_75,53618.7461,-1,13.020500000005995,BACKFILL_AUTO
2026-07-11 23:30:34,1783812634,R_75,53623.3652,1,4.619100000003527,BACKFILL_AUTO
2026-07-11 23:30:36,1783812636,R_75,53614.5981,-1,8.7670999999973,BACKFILL_AUTO
2026-07-11 23:30:38,1783812638,R_75,53605.3044,-1,9.29370000000199,BACKFILL_AUTO
2026-07-11 23:30:40,1783812640,R_75,53611.884,1,6.579599999997299,BACKFILL_AUTO
2026-07-11 23:30:42,1783812642,R_75,53599.3207,-1,12.563300000001618,BACKFILL_AUTO
2026-07-11 23:30:44,1783812644,R_75,53598.49,-1,0.8306999999986147,BACKFILL_AUTO
2026-07-11 23:30:46,1783812646,R_75,53588.6509,-1,9.839099999997416,BACKFILL_AUTO
2026-07-11 23:30:48,1783812648,R_75,53582.6932,-1,5.957699999999022,BACKFILL_AUTO
2026-07-11 23:30:50,1783812650,R_75,53589.6296,1,6.9363999999986845,BACKFILL_AUTO
2026-07-11 23:30:52,1783812652,R_75,53590.5296,1,0.9000000000014552,BACKFILL_AUTO
2026-07-11 23:30:54,1783812654,R_75,53613.3031,1,22.773499999995693,BACKFILL_AUTO
2026-07-11 23:30:56,1783812656,R_75,53601.722,-1,11.581099999995786,BACKFILL_AUTO
2026-07-11 23:30:58,1783812658,R_75,53614.8556,1,13.133600000001024,BACKFILL_AUTO
2026-07-11 23:31:00,1783812660,R_75,53612.397,-1,2.45860000000539,BACKFILL_AUTO
2026-07-11 23:31:02,1783812662,R_75,53623.4313,1,11.034299999999348,BACKFILL_AUTO
2026-07-11 23:31:04,1783812664,R_75,53626.4355,1,3.0042000000030384,BACKFILL_AUTO
2026-07-11 23:31:06,1783812666,R_75,53621.4114,-1,5.024100000002363,BACKFILL_AUTO
2026-07-11 23:31:08,1783812668,R_75,53619.1878,-1,2.223599999997532,BACKFILL_AUTO
2026-07-11 23:31:10,1783812670,R_75,53631.2702,1,12.082399999999325,BACKFILL_AUTO
2026-07-11 23:31:12,1783812672,R_75,53634.5483,1,3.278100000003178,BACKFILL_AUTO
2026-07-11 23:31:14,1783812674,R_75,53641.0648,1,6.5164999999979045,BACKFILL_AUTO
2026-07-11 23:31:16,1783812676,R_75,53636.5866,-1,4.4781999999977415,BACKFILL_AUTO
2026-07-11 23:31:18,1783812678,R_75,53624.9292,-1,11.65740000000369,BACKFILL_AUTO
2026-07-11 23:31:20,1783812680,R_75,53626.4941,1,1.5649000000048545,BACKFILL_AUTO
2026-07-11 23:31:22,1783812682,R_75,53621.6085,-1,4.885600000001432,BACKFILL_AUTO
2026-07-11 23:31:24,1783812684,R_75,53610.3582,-1,11.250299999999697,BACKFILL_AUTO
2026-07-11 23:31:26,1783812686,R_75,53587.5698,-1,22.788400000004913,BACKFILL_AUTO
2026-07-11 23:31:28,1783812688,R_75,53583.4381,-1,4.131699999998091,BACKFILL_AUTO
2026-07-11 23:31:30,1783812690,R_75,53582.7096,-1,0.7284999999974389,BACKFILL_AUTO
2026-07-11 23:31:32,1783812692,R_75,53598.5501,1,15.840499999998428,BACKFILL_AUTO
2026-07-11 23:31:34,1783812694,R_75,53596.3789,-1,2.171199999997043,BACKFILL_AUTO
2026-07-11 23:31:36,1783812696,R_75,53576.4546,-1,19.924300000006042,BACKFILL_AUTO
2026-07-11 23:31:38,1783812698,R_75,53582.8875,1,6.4328999999997905,BACKFILL_AUTO
2026-07-11 23:31:40,1783812700,R_75,53587.2424,1,4.354900000005728,BACKFILL_AUTO
2026-07-11 23:31:42,1783812702,R_75,53574.2551,-1,12.987300000000687,BACKFILL_AUTO
2026-07-11 23:31:44,1783812704,R_75,53569.9708,-1,4.284299999999348,BACKFILL_AUTO
2026-07-11 23:31:46,1783812706,R_75,53581.1485,1,11.177700000000186,BACKFILL_AUTO
2026-07-11 23:31:48,1783812708,R_75,53565.2473,-1,15.901200000000244,BACKFILL_AUTO
2026-07-11 23:31:50,1783812710,R_75,53572.0434,1,6.796099999999569,BACKFILL_AUTO
2026-07-11 23:31:52,1783812712,R_75,53568.2671,-1,3.776300000004994,BACKFILL_AUTO
2026-07-11 23:31:54,1783812714,R_75,53560.0348,-1,8.23229999999603,BACKFILL_AUTO
2026-07-11 23:31:56,1783812716,R_75,53556.2065,-1,3.828300000001036,BACKFILL_AUTO
2026-07-11 23:31:58,1783812718,R_75,53566.2789,1,10.072399999997288,BACKFILL_AUTO
2026-07-11 23:32:00,1783812720,R_75,53563.0613,-1,3.2175999999963096,BACKFILL_AUTO
2026-07-11 23:32:02,1783812722,R_75,53565.6152,1,2.5538999999989755,BACKFILL_AUTO
2026-07-11 23:32:04,1783812724,R_75,53575.8686,1,10.25340000000142,BACKFILL_AUTO
2026-07-11 23:32:06,1783812726,R_75,53578.3063,1,2.4376999999949476,BACKFILL_AUTO
2026-07-11 23:32:08,1783812728,R_75,53579.3792,1,1.0729000000064843,BACKFILL_AUTO
2026-07-11 23:32:10,1783812730,R_75,53569.9537,-1,9.425500000004831,BACKFILL_AUTO
2026-07-11 23:32:12,1783812732,R_75,53578.1478,1,8.194100000000617,BACKFILL_AUTO
2026-07-11 23:32:14,1783812734,R_75,53574.7714,-1,3.376400000001013,BACKFILL_AUTO
2026-07-11 23:32:16,1783812736,R_75,53571.7576,-1,3.0138000000006286,BACKFILL_AUTO
2026-07-11 23:32:18,1783812738,R_75,53565.4786,-1,6.278999999994994,BACKFILL_AUTO
2026-07-11 23:32:20,1783812740,R_75,53556.429,-1,9.04960000000574,BACKFILL_AUTO
2026-07-11 23:32:22,1783812742,R_75,53576.8073,1,20.378300000003946,BACKFILL_AUTO
2026-07-11 23:32:24,1783812744,R_75,53562.9365,-1,13.870799999996962,BACKFILL_AUTO
2026-07-11 23:32:26,1783812746,R_75,53558.4447,-1,4.491800000003423,BACKFILL_AUTO
2026-07-11 23:32:28,1783812748,R_75,53548.277,-1,10.167699999998149,BACKFILL_AUTO
2026-07-11 23:32:30,1783812750,R_75,53537.0589,-1,11.21809999999823,BACKFILL_AUTO
2026-07-11 23:32:32,1783812752,R_75,53543.5973,1,6.538399999997637,BACKFILL_AUTO
2026-07-11 23:32:34,1783812754,R_75,53519.1191,-1,24.47819999999774,BACKFILL_AUTO
2026-07-11 23:32:36,1783812756,R_75,53523.0851,1,3.9659999999930733,BACKFILL_AUTO
2026-07-11 23:32:38,1783812758,R_75,53529.3384,1,6.2533000000039465,BACKFILL_AUTO
2026-07-11 23:32:40,1783812760,R_75,53519.3047,-1,10.033699999999953,BACKFILL_AUTO
2026-07-11 23:32:42,1783812762,R_75,53506.8306,-1,12.474099999999453,BACKFILL_AUTO
2026-07-11 23:32:44,1783812764,R_75,53499.4015,-1,7.429100000001199,BACKFILL_AUTO
2026-07-11 23:32:46,1783812766,R_75,53500.8633,1,1.4617999999973108,BACKFILL_AUTO
2026-07-11 23:32:48,1783812768,R_75,53491.002,-1,9.861299999996845,BACKFILL_AUTO
2026-07-11 23:32:50,1783812770,R_75,53494.106,1,3.1039999999993597,BACKFILL_AUTO
2026-07-11 23:32:52,1783812772,R_75,53487.0926,-1,7.013399999996182,BACKFILL_AUTO
2026-07-11 23:32:54,1783812774,R_75,53488.5241,1,1.4314999999987776,BACKFILL_AUTO
2026-07-11 23:32:56,1783812776,R_75,53472.2622,-1,16.26190000000497,BACKFILL_AUTO
2026-07-11 23:32:58,1783812778,R_75,53488.1293,1,15.86710000000312,BACKFILL_AUTO
2026-07-11 23:33:00,1783812780,R_75,53496.2925,1,8.16320000000269,BACKFILL_AUTO
2026-07-11 23:33:02,1783812782,R_75,53487.0858,-1,9.206700000002456,BACKFILL_AUTO
2026-07-11 23:33:04,1783812784,R_75,53474.948,-1,12.137800000004063,BACKFILL_AUTO
2026-07-11 23:33:06,1783812786,R_75,53465.0215,-1,9.926499999994121,BACKFILL_AUTO
2026-07-11 23:33:08,1783812788,R_75,53477.76,1,12.738499999999476,BACKFILL_AUTO
2026-07-11 23:33:10,1783812790,R_75,53464.8946,-1,12.86540000000241,BACKFILL_AUTO
2026-07-11 23:33:12,1783812792,R_75,53469.0719,1,4.177300000003015,BACKFILL_AUTO
2026-07-11 23:33:14,1783812794,R_75,53479.4945,1,10.422599999998056,BACKFILL_AUTO
2026-07-11 23:33:16,1783812796,R_75,53475.7258,-1,3.7687000000005355,BACKFILL_AUTO
2026-07-11 23:33:18,1783812798,R_75,53471.5242,-1,4.201600000000326,BACKFILL_AUTO
2026-07-11 23:33:20,1783812800,R_75,53476.1392,1,4.614999999997963,BACKFILL_AUTO
2026-07-11 23:33:22,1783812802,R_75,53461.2226,-1,14.916599999996834,BACKFILL_AUTO
2026-07-11 23:33:24,1783812804,R_75,53464.5422,1,3.319600000002538,BACKFILL_AUTO
2026-07-11 23:33:26,1783812806,R_75,53461.3272,-1,3.2150000000037835,BACKFILL_AUTO
2026-07-11 23:33:28,1783812808,R_75,53456.4029,-1,4.924299999998766,BACKFILL_AUTO
2026-07-11 23:33:30,1783812810,R_75,53467.9081,1,11.505199999999604,BACKFILL_AUTO
2026-07-11 23:33:32,1783812812,R_75,53464.1366,-1,3.771500000002561,BACKFILL_AUTO
2026-07-11 23:33:34,1783812814,R_75,53455.754,-1,8.382599999997183,BACKFILL_AUTO
2026-07-11 23:33:36,1783812816,R_75,53469.0542,1,13.300199999997858,BACKFILL_AUTO
2026-07-11 23:33:38,1783812818,R_75,53446.3914,-1,22.662799999998242,BACKFILL_AUTO
2026-07-11 23:33:40,1783812820,R_75,53443.0969,-1,3.294500000003609,BACKFILL_AUTO
2026-07-11 23:33:42,1783812822,R_75,53435.2198,-1,7.877099999997881,BACKFILL_AUTO
2026-07-11 23:33:44,1783812824,R_75,53440.8207,1,5.600899999997637,BACKFILL_AUTO
2026-07-11 23:33:46,1783812826,R_75,53447.1503,1,6.329600000004575,BACKFILL_AUTO
2026-07-11 23:33:48,1783812828,R_75,53451.9434,1,4.79309999999532,BACKFILL_AUTO
2026-07-11 23:33:50,1783812830,R_75,53451.3722,-1,0.5711999999984982,BACKFILL_AUTO
2026-07-11 23:33:52,1783812832,R_75,53456.9325,1,5.560300000004645,BACKFILL_AUTO
2026-07-11 23:33:54,1783812834,R_75,53453.791,-1,3.1415000000051805,BACKFILL_AUTO
2026-07-11 23:33:56,1783812836,R_75,53450.1906,-1,3.600399999995716,BACKFILL_AUTO
2026-07-11 23:33:58,1783812838,R_75,53445.3932,-1,4.797400000003108,BACKFILL_AUTO
2026-07-11 23:34:00,1783812840,R_75,53427.6142,-1,17.778999999994994,BACKFILL_AUTO
2026-07-11 23:34:02,1783812842,R_75,53438.3076,1,10.693399999996473,BACKFILL_AUTO
2026-07-11 23:34:04,1783812844,R_75,53444.3356,1,6.027999999998428,BACKFILL_AUTO
2026-07-11 23:34:06,1783812846,R_75,53439.4339,-1,4.901699999994889,BACKFILL_AUTO
2026-07-11 23:34:08,1783812848,R_75,53419.1543,-1,20.279600000001665,BACKFILL_AUTO
2026-07-11 23:34:10,1783812850,R_75,53405.4344,-1,13.71990000000369,BACKFILL_AUTO
2026-07-11 23:34:12,1783812852,R_75,53399.7091,-1,5.725299999998242,BACKFILL_AUTO
2026-07-11 23:34:14,1783812854,R_75,53400.6074,1,0.8983000000007451,BACKFILL_AUTO
2026-07-11 23:34:16,1783812856,R_75,53408.9186,1,8.311199999996461,BACKFILL_AUTO
2026-07-11 23:34:18,1783812858,R_75,53408.611,-1,0.30760000000009313,BACKFILL_AUTO
2026-07-11 23:34:20,1783812860,R_75,53418.1091,1,9.498100000004342,BACKFILL_AUTO
2026-07-11 23:34:22,1783812862,R_75,53400.2798,-1,17.829300000004878,BACKFILL_AUTO
2026-07-11 23:34:24,1783812864,R_75,53386.3613,-1,13.918499999999767,BACKFILL_AUTO
2026-07-11 23:34:26,1783812866,R_75,53394.4557,1,8.09440000000177,BACKFILL_AUTO
2026-07-11 23:34:28,1783812868,R_75,53403.2787,1,8.823000000003958,BACKFILL_AUTO
2026-07-11 23:34:30,1783812870,R_75,53398.4546,-1,4.824100000005274,BACKFILL_AUTO
2026-07-11 23:34:32,1783812872,R_75,53394.251,-1,4.203600000000733,BACKFILL_AUTO
2026-07-11 23:34:34,1783812874,R_75,53395.3111,1,1.0601000000024214,BACKFILL_AUTO
2026-07-11 23:34:36,1783812876,R_75,53403.204,1,7.892899999998917,BACKFILL_AUTO
2026-07-11 23:34:38,1783812878,R_75,53421.661,1,18.457000000002154,BACKFILL_AUTO
2026-07-11 23:34:40,1783812880,R_75,53403.0197,-1,18.641300000002957,BACKFILL_AUTO
2026-07-11 23:34:42,1783812882,R_75,53413.0115,1,9.991800000003423,BACKFILL_AUTO
2026-07-11 23:34:44,1783812884,R_75,53425.9966,1,12.985099999998056,BACKFILL_AUTO
2026-07-11 23:34:46,1783812886,R_75,53435.8497,1,9.853100000000268,BACKFILL_AUTO
2026-07-11 23:34:48,1783812888,R_75,53434.3285,-1,1.5211999999955879,BACKFILL_AUTO
2026-07-11 23:34:50,1783812890,R_75,53417.394,-1,16.934500000003027,BACKFILL_AUTO
2026-07-11 23:34:52,1783812892,R_75,53428.448,1,11.05399999999645,BACKFILL_AUTO
2026-07-11 23:34:54,1783812894,R_75,53427.167,-1,1.2809999999954016,BACKFILL_AUTO
2026-07-11 23:34:56,1783812896,R_75,53432.8723,1,5.7053000000014435,BACKFILL_AUTO
2026-07-11 23:34:58,1783812898,R_75,53440.0983,1,7.225999999995111,BACKFILL_AUTO
2026-07-11 23:35:00,1783812900,R_75,53448.4313,1,8.33299999999872,BACKFILL_AUTO
2026-07-11 23:35:02,1783812902,R_75,53421.8942,-1,26.537099999994098,BACKFILL_AUTO
2026-07-11 23:35:04,1783812904,R_75,53430.8669,1,8.97269999999844,BACKFILL_AUTO
2026-07-11 23:35:06,1783812906,R_75,53433.4548,1,2.5878999999986263,BACKFILL_AUTO
2026-07-11 23:35:08,1783812908,R_75,53437.9734,1,4.518600000003062,BACKFILL_AUTO
2026-07-11 23:35:10,1783812910,R_75,53443.4398,1,5.46639999999752,BACKFILL_AUTO
2026-07-11 23:35:12,1783812912,R_75,53454.3936,1,10.953800000002957,BACKFILL_AUTO
2026-07-11 23:35:14,1783812914,R_75,53441.9885,-1,12.405100000003586,BACKFILL_AUTO
2026-07-11 23:35:16,1783812916,R_75,53443.2306,1,1.24210000000312,BACKFILL_AUTO
2026-07-11 23:35:18,1783812918,R_75,53440.3964,-1,2.8342000000047847,BACKFILL_AUTO
2026-07-11 23:35:20,1783812920,R_75,53461.1329,1,20.73649999999907,BACKFILL_AUTO
2026-07-11 23:35:22,1783812922,R_75,53454.9232,-1,6.20969999999943,BACKFILL_AUTO
2026-07-11 23:35:24,1783812924,R_75,53447.6338,-1,7.2893999999942025,BACKFILL_AUTO
2026-07-11 23:35:26,1783812926,R_75,53462.7275,1,15.093699999997625,BACKFILL_AUTO
2026-07-11 23:35:28,1783812928,R_75,53455.6622,-1,7.065300000002026,BACKFILL_AUTO
2026-07-11 23:35:30,1783812930,R_75,53468.4309,1,12.768700000000536,BACKFILL_AUTO
2026-07-11 23:35:32,1783812932,R_75,53466.5317,-1,1.899199999999837,BACKFILL_AUTO
2026-07-11 23:35:34,1783812934,R_75,53468.1044,1,1.5726999999969848,BACKFILL_AUTO
2026-07-11 23:35:36,1783812936,R_75,53457.8718,-1,10.232599999995728,BACKFILL_AUTO
2026-07-11 23:35:38,1783812938,R_75,53453.2256,-1,4.646200000002864,BACKFILL_AUTO
2026-07-11 23:35:40,1783812940,R_75,53456.9537,1,3.7281000000002678,BACKFILL_AUTO
2026-07-11 23:35:42,1783812942,R_75,53452.4381,-1,4.515599999998813,BACKFILL_AUTO
2026-07-11 23:35:44,1783812944,R_75,53438.8573,-1,13.580799999996088,BACKFILL_AUTO
2026-07-11 23:35:46,1783812946,R_75,53444.1943,1,5.336999999999534,BACKFILL_AUTO
2026-07-11 23:35:48,1783812948,R_75,53430.8346,-1,13.359700000000885,BACKFILL_AUTO
2026-07-11 23:35:50,1783812950,R_75,53441.3721,1,10.537499999998545,BACKFILL_AUTO
2026-07-11 23:35:52,1783812952,R_75,53463.6661,1,22.294000000001688,BACKFILL_AUTO
2026-07-11 23:35:54,1783812954,R_75,53469.2298,1,5.563699999998789,BACKFILL_AUTO
2026-07-11 23:35:56,1783812956,R_75,53460.4793,-1,8.75050000000192,BACKFILL_AUTO
2026-07-11 23:35:58,1783812958,R_75,53445.9411,-1,14.53820000000269,BACKFILL_AUTO
2026-07-11 23:36:00,1783812960,R_75,53457.4694,1,11.528300000005402,BACKFILL_AUTO
2026-07-11 23:36:02,1783812962,R_75,53441.8891,-1,15.580300000001444,BACKFILL_AUTO
2026-07-11 23:36:04,1783812964,R_75,53439.322,-1,2.5671000000002095,BACKFILL_AUTO
2026-07-11 23:36:06,1783812966,R_75,53431.9725,-1,7.349499999996624,BACKFILL_AUTO
2026-07-11 23:36:08,1783812968,R_75,53428.7471,-1,3.225400000002992,BACKFILL_AUTO
2026-07-11 23:36:10,1783812970,R_75,53432.172,1,3.4248999999981606,BACKFILL_AUTO
2026-07-11 23:36:12,1783812972,R_75,53419.4706,-1,12.701399999998102,BACKFILL_AUTO
2026-07-11 23:36:14,1783812974,R_75,53423.2125,1,3.7419000000008964,BACKFILL_AUTO
2026-07-11 23:36:16,1783812976,R_75,53412.5273,-1,10.685199999999895,BACKFILL_AUTO
2026-07-11 23:36:18,1783812978,R_75,53414.4307,1,1.9033999999955995,BACKFILL_AUTO
2026-07-11 23:36:20,1783812980,R_75,53422.8204,1,8.38969999999972,BACKFILL_AUTO
2026-07-11 23:36:22,1783812982,R_75,53430.3553,1,7.534900000006019,BACKFILL_AUTO
2026-07-11 23:36:24,1783812984,R_75,53452.1622,1,21.80689999999595,BACKFILL_AUTO
2026-07-11 23:36:26,1783812986,R_75,53446.311,-1,5.851199999997334,BACKFILL_AUTO
2026-07-11 23:36:28,1783812988,R_75,53448.9682,1,2.657200000001467,BACKFILL_AUTO
2026-07-11 23:36:30,1783812990,R_75,53444.7414,-1,4.226800000004005,BACKFILL_AUTO
2026-07-11 23:36:32,1783812992,R_75,53436.9132,-1,7.828199999996286,BACKFILL_AUTO
2026-07-11 23:36:34,1783812994,R_75,53437.3513,1,0.43809999999939464,BACKFILL_AUTO
2026-07-11 23:36:36,1783812996,R_75,53456.489,1,19.137699999999313,BACKFILL_AUTO
2026-07-11 23:36:38,1783812998,R_75,53449.2504,-1,7.238600000004226,BACKFILL_AUTO
2026-07-11 23:36:40,1783813000,R_75,53447.7616,-1,1.4887999999991735,BACKFILL_AUTO
2026-07-11 23:36:42,1783813002,R_75,53433.4104,-1,14.351199999997334,BACKFILL_AUTO
2026-07-11 23:36:44,1783813004,R_75,53427.3047,-1,6.10570000000007,BACKFILL_AUTO
2026-07-11 23:36:46,1783813006,R_75,53431.5136,1,4.208899999997811,BACKFILL_AUTO
2026-07-11 23:36:48,1783813008,R_75,53437.9814,1,6.467799999998533,BACKFILL_AUTO
2026-07-11 23:36:50,1783813010,R_75,53435.7091,-1,2.2722999999969034,BACKFILL_AUTO
2026-07-11 23:36:52,1783813012,R_75,53435.2588,-1,0.45029999999678694,BACKFILL_AUTO
2026-07-11 23:36:54,1783813014,R_75,53457.6886,1,22.429799999998068,BACKFILL_AUTO
2026-07-11 23:36:56,1783813016,R_75,53450.0231,-1,7.665500000002794,BACKFILL_AUTO
2026-07-11 23:36:58,1783813018,R_75,53469.1325,1,19.109400000001187,BACKFILL_AUTO
2026-07-11 23:37:00,1783813020,R_75,53466.1456,-1,2.98689999999624,BACKFILL_AUTO
2026-07-11 23:37:02,1783813022,R_75,53480.118,1,13.972399999998743,BACKFILL_AUTO
2026-07-11 23:37:04,1783813024,R_75,53477.9425,-1,2.1755000000048312,BACKFILL_AUTO
2026-07-11 23:37:06,1783813026,R_75,53504.7057,1,26.763200000001234,BACKFILL_AUTO
2026-07-11 23:37:08,1783813028,R_75,53499.7214,-1,4.984299999996438,BACKFILL_AUTO
2026-07-11 23:37:10,1783813030,R_75,53490.5875,-1,9.133900000000722,BACKFILL_AUTO
2026-07-11 23:37:12,1783813032,R_75,53495.101,1,4.513500000000931,BACKFILL_AUTO
2026-07-11 23:37:14,1783813034,R_75,53509.6595,1,14.558499999999185,BACKFILL_AUTO
2026-07-11 23:37:16,1783813036,R_75,53507.2593,-1,2.4002000000036787,BACKFILL_AUTO
2026-07-11 23:37:18,1783813038,R_75,53504.7538,-1,2.5054999999993015,BACKFILL_AUTO
2026-07-11 23:37:20,1783813040,R_75,53518.8743,1,14.12050000000454,BACKFILL_AUTO
2026-07-11 23:37:22,1783813042,R_75,53523.371,1,4.4966999999960535,BACKFILL_AUTO
2026-07-11 23:37:24,1783813044,R_75,53509.1081,-1,14.262900000001537,BACKFILL_AUTO
2026-07-11 23:37:26,1783813046,R_75,53507.891,-1,1.2170999999943888,BACKFILL_AUTO
2026-07-11 23:37:28,1783813048,R_75,53511.8293,1,3.938299999994342,BACKFILL_AUTO
2026-07-11 23:37:30,1783813050,R_75,53494.031,-1,17.798299999994924,BACKFILL_AUTO
2026-07-11 23:37:32,1783813052,R_75,53501.7799,1,7.7488999999986845,BACKFILL_AUTO
2026-07-11 23:37:34,1783813054,R_75,53485.5764,-1,16.20350000000326,BACKFILL_AUTO
2026-07-11 23:37:36,1783813056,R_75,53496.2168,1,10.640400000003865,BACKFILL_AUTO
2026-07-11 23:37:38,1783813058,R_75,53493.2148,-1,3.0020000000004075,BACKFILL_AUTO
2026-07-11 23:37:40,1783813060,R_75,53485.9,-1,7.314800000000105,BACKFILL_AUTO
2026-07-11 23:37:42,1783813062,R_75,53492.7714,1,6.871399999996356,BACKFILL_AUTO
2026-07-11 23:37:44,1783813064,R_75,53479.0518,-1,13.719599999996717,BACKFILL_AUTO
2026-07-11 23:37:46,1783813066,R_75,53478.2261,-1,0.825700000001234,BACKFILL_AUTO
2026-07-11 23:37:48,1783813068,R_75,53461.016,-1,17.2100999999966,BACKFILL_AUTO
2026-07-11 23:37:50,1783813070,R_75,53458.5786,-1,2.437400000002526,BACKFILL_AUTO
2026-07-11 23:37:52,1783813072,R_75,53451.5724,-1,7.006200000003446,BACKFILL_AUTO
2026-07-11 23:37:54,1783813074,R_75,53470.1538,1,18.58140000000276,BACKFILL_AUTO
2026-07-11 23:37:56,1783813076,R_75,53451.8934,-1,18.26039999999921,BACKFILL_AUTO
2026-07-11 23:37:58,1783813078,R_75,53452.229,1,0.3355999999985215,BACKFILL_AUTO
2026-07-11 23:38:00,1783813080,R_75,53461.9531,1,9.724099999999453,BACKFILL_AUTO
2026-07-11 23:38:02,1783813082,R_75,53462.5278,1,0.5747000000046683,BACKFILL_AUTO
2026-07-11 23:38:04,1783813084,R_75,53467.2161,1,4.688299999994342,BACKFILL_AUTO
2026-07-11 23:38:06,1783813086,R_75,53476.1145,1,8.898400000005495,BACKFILL_AUTO
2026-07-11 23:38:08,1783813088,R_75,53472.5626,-1,3.551900000005844,BACKFILL_AUTO
2026-07-11 23:38:10,1783813090,R_75,53470.953,-1,1.609599999996135,BACKFILL_AUTO
2026-07-11 23:38:12,1783813092,R_75,53471.3522,1,0.399199999999837,BACKFILL_AUTO
2026-07-11 23:38:14,1783813094,R_75,53486.1996,1,14.847399999998743,BACKFILL_AUTO
2026-07-11 23:38:16,1783813096,R_75,53487.8654,1,1.6658000000024913,BACKFILL_AUTO
2026-07-11 23:38:18,1783813098,R_75,53491.053,1,3.187599999997474,BACKFILL_AUTO
2026-07-11 23:38:20,1783813100,R_75,53494.2998,1,3.2468000000008033,BACKFILL_AUTO
2026-07-11 23:38:22,1783813102,R_75,53506.5437,1,12.243900000001304,BACKFILL_AUTO
2026-07-11 23:38:24,1783813104,R_75,53490.3982,-1,16.14549999999872,BACKFILL_AUTO
2026-07-11 23:38:26,1783813106,R_75,53486.8784,-1,3.519800000001851,BACKFILL_AUTO
2026-07-11 23:38:28,1783813108,R_75,53510.0766,1,23.198199999998906,BACKFILL_AUTO
2026-07-11 23:38:30,1783813110,R_75,53508.227,-1,1.8496000000013737,BACKFILL_AUTO
2026-07-11 23:38:32,1783813112,R_75,53528.3867,1,20.159700000003795,BACKFILL_AUTO
2026-07-11 23:38:34,1783813114,R_75,53512.8792,-1,15.507499999999709,BACKFILL_AUTO
2026-07-11 23:38:36,1783813116,R_75,53511.3657,-1,1.5135000000009313,BACKFILL_AUTO
2026-07-11 23:38:38,1783813118,R_75,53498.697,-1,12.66870000000199,BACKFILL_AUTO
2026-07-11 23:38:40,1783813120,R_75,53502.147,1,3.4499999999970896,BACKFILL_AUTO
2026-07-11 23:38:42,1783813122,R_75,53493.0649,-1,9.082099999999627,BACKFILL_AUTO
2026-07-11 23:38:44,1783813124,R_75,53484.1357,-1,8.929199999998673,BACKFILL_AUTO
2026-07-11 23:38:46,1783813126,R_75,53474.8098,-1,9.325899999996182,BACKFILL_AUTO
2026-07-11 23:38:48,1783813128,R_75,53504.6335,1,29.823700000000827,BACKFILL_AUTO
2026-07-11 23:38:50,1783813130,R_75,53493.2651,-1,11.368400000006659,BACKFILL_AUTO
2026-07-11 23:38:52,1783813132,R_75,53487.9833,-1,5.28179999999702,BACKFILL_AUTO
2026-07-11 23:38:54,1783813134,R_75,53494.1308,1,6.147499999999127,BACKFILL_AUTO
2026-07-11 23:38:56,1783813136,R_75,53491.2058,-1,2.9249999999956344,BACKFILL_AUTO
2026-07-11 23:38:58,1783813138,R_75,53489.4931,-1,1.7127000000036787,BACKFILL_AUTO
2026-07-11 23:39:00,1783813140,R_75,53492.461,1,2.967900000003283,BACKFILL_AUTO
2026-07-11 23:39:02,1783813142,R_75,53490.9281,-1,1.5329000000056112,BACKFILL_AUTO
2026-07-11 23:39:04,1783813144,R_75,53511.1775,1,20.249400000000605,BACKFILL_AUTO
2026-07-11 23:39:06,1783813146,R_75,53492.939,-1,18.238499999999476,BACKFILL_AUTO
2026-07-11 23:39:08,1783813148,R_75,53495.3634,1,2.4244000000035157,BACKFILL_AUTO
2026-07-11 23:39:10,1783813150,R_75,53499.1176,1,3.7541999999957625,BACKFILL_AUTO
2026-07-11 23:39:12,1783813152,R_75,53497.9666,-1,1.150999999998021,BACKFILL_AUTO
2026-07-11 23:39:14,1783813154,R_75,53490.6116,-1,7.355000000003201,BACKFILL_AUTO
2026-07-11 23:39:16,1783813156,R_75,53490.7688,1,0.15720000000146683,BACKFILL_AUTO
2026-07-11 23:39:18,1783813158,R_75,53482.299,-1,8.46979999999894,BACKFILL_AUTO
2026-07-11 23:39:20,1783813160,R_75,53501.1096,1,18.810600000004342,BACKFILL_AUTO
2026-07-11 23:39:22,1783813162,R_75,53501.3068,1,0.197199999995064,BACKFILL_AUTO
2026-07-11 23:39:24,1783813164,R_75,53515.4756,1,14.168799999999464,BACKFILL_AUTO
2026-07-11 23:39:26,1783813166,R_75,53530.4471,1,14.97149999999965,BACKFILL_AUTO
2026-07-11 23:39:28,1783813168,R_75,53517.1589,-1,13.288199999995413,BACKFILL_AUTO
2026-07-11 23:39:30,1783813170,R_75,53511.7091,-1,5.449800000002142,BACKFILL_AUTO
2026-07-11 23:39:32,1783813172,R_75,53511.8635,1,0.1543999999994412,BACKFILL_AUTO
2026-07-11 23:39:34,1783813174,R_75,53514.4746,1,2.6111000000018976,BACKFILL_AUTO
2026-07-11 23:39:36,1783813176,R_75,53520.1919,1,5.717299999996612,BACKFILL_AUTO
2026-07-11 23:39:38,1783813178,R_75,53528.2972,1,8.105300000002899,BACKFILL_AUTO
2026-07-11 23:39:40,1783813180,R_75,53543.0142,1,14.716999999996915,BACKFILL_AUTO
2026-07-11 23:39:42,1783813182,R_75,53507.0006,-1,36.013599999998405,BACKFILL_AUTO
2026-07-11 23:39:44,1783813184,R_75,53508.857,1,1.8564000000042142,BACKFILL_AUTO
2026-07-11 23:39:46,1783813186,R_75,53507.4809,-1,1.3761000000013155,BACKFILL_AUTO
2026-07-11 23:39:48,1783813188,R_75,53509.3298,1,1.8488999999972293,BACKFILL_AUTO
2026-07-11 23:39:50,1783813190,R_75,53517.4244,1,8.094600000003993,BACKFILL_AUTO
2026-07-11 23:39:52,1783813192,R_75,53521.0228,1,3.5983999999953085,BACKFILL_AUTO
2026-07-11 23:39:54,1783813194,R_75,53525.8211,1,4.7983000000022,BACKFILL_AUTO
2026-07-11 23:39:56,1783813196,R_75,53517.1887,-1,8.632400000002235,BACKFILL_AUTO
2026-07-11 23:39:58,1783813198,R_75,53507.7447,-1,9.443999999995867,BACKFILL_AUTO
2026-07-11 23:40:00,1783813200,R_75,53491.3852,-1,16.359500000005937,BACKFILL_AUTO
2026-07-11 23:40:02,1783813202,R_75,53481.6994,-1,9.68579999999929,BACKFILL_AUTO
2026-07-11 23:40:04,1783813204,R_75,53472.7329,-1,8.966499999994994,BACKFILL_AUTO
2026-07-11 23:40:06,1783813206,R_75,53449.4935,-1,23.239400000005844,BACKFILL_AUTO
2026-07-11 23:40:08,1783813208,R_75,53462.4956,1,13.002100000005157,BACKFILL_AUTO
2026-07-11 23:40:10,1783813210,R_75,53457.473,-1,5.022600000003877,BACKFILL_AUTO
2026-07-11 23:40:12,1783813212,R_75,53451.2266,-1,6.246399999996356,BACKFILL_AUTO
2026-07-11 23:40:14,1783813214,R_75,53454.3284,1,3.1017999999967287,BACKFILL_AUTO
2026-07-11 23:40:16,1783813216,R_75,53440.5307,-1,13.79769999999553,BACKFILL_AUTO
2026-07-11 23:40:18,1783813218,R_75,53432.7268,-1,7.8039000000062515,BACKFILL_AUTO
2026-07-11 23:40:20,1783813220,R_75,53439.2531,1,6.526300000004994,BACKFILL_AUTO
2026-07-11 23:40:22,1783813222,R_75,53458.2649,1,19.01180000000022,BACKFILL_AUTO
2026-07-11 23:40:24,1783813224,R_75,53477.3688,1,19.10389999999461,BACKFILL_AUTO
2026-07-11 23:40:26,1783813226,R_75,53470.2762,-1,7.09259999999631,BACKFILL_AUTO
2026-07-11 23:40:28,1783813228,R_75,53450.7682,-1,19.50800000000163,BACKFILL_AUTO
2026-07-11 23:40:30,1783813230,R_75,53455.4065,1,4.638299999998708,BACKFILL_AUTO
2026-07-11 23:40:32,1783813232,R_75,53465.2738,1,9.867300000005343,BACKFILL_AUTO
2026-07-11 23:40:34,1783813234,R_75,53460.3793,-1,4.894500000002154,BACKFILL_AUTO
2026-07-11 23:40:36,1783813236,R_75,53462.2367,1,1.85740000000078,BACKFILL_AUTO
2026-07-11 23:40:38,1783813238,R_75,53446.701,-1,15.53570000000036,BACKFILL_AUTO
2026-07-11 23:40:40,1783813240,R_75,53459.0782,1,12.377200000002631,BACKFILL_AUTO
2026-07-11 23:40:42,1783813242,R_75,53452.881,-1,6.19720000000234,BACKFILL_AUTO
2026-07-11 23:40:44,1783813244,R_75,53438.4515,-1,14.42949999999837,BACKFILL_AUTO
2026-07-11 23:40:46,1783813246,R_75,53423.8288,-1,14.622699999999895,BACKFILL_AUTO
2026-07-11 23:40:48,1783813248,R_75,53444.2544,1,20.42559999999503,BACKFILL_AUTO
2026-07-11 23:40:50,1783813250,R_75,53448.5816,1,4.327199999999721,BACKFILL_AUTO
2026-07-11 23:40:52,1783813252,R_75,53451.7589,1,3.177300000003015,BACKFILL_AUTO
2026-07-11 23:40:54,1783813254,R_75,53432.0373,-1,19.721599999997125,BACKFILL_AUTO
2026-07-11 23:40:56,1783813256,R_75,53426.6511,-1,5.3862000000008265,BACKFILL_AUTO
2026-07-11 23:40:58,1783813258,R_75,53425.8885,-1,0.7626000000018394,BACKFILL_AUTO
2026-07-11 23:41:00,1783813260,R_75,53425.0614,-1,0.8271000000022468,BACKFILL_AUTO
2026-07-11 23:41:02,1783813262,R_75,53412.7122,-1,12.349199999996927,BACKFILL_AUTO
2026-07-11 23:41:04,1783813264,R_75,53404.566,-1,8.146200000002864,BACKFILL_AUTO
2026-07-11 23:41:06,1783813266,R_75,53404.3186,-1,0.2474000000001979,BACKFILL_AUTO
2026-07-11 23:41:08,1783813268,R_75,53393.261,-1,11.057600000000093,BACKFILL_AUTO
2026-07-11 23:41:10,1783813270,R_75,53386.7996,-1,6.46140000000014,BACKFILL_AUTO
2026-07-11 23:41:12,1783813272,R_75,53387.9344,1,1.1347999999998137,BACKFILL_AUTO
2026-07-11 23:41:14,1783813274,R_75,53376.875,-1,11.059399999998277,BACKFILL_AUTO
2026-07-11 23:41:16,1783813276,R_75,53384.027,1,7.152000000001863,BACKFILL_AUTO
2026-07-11 23:41:18,1783813278,R_75,53405.9695,1,21.94249999999738,BACKFILL_AUTO
2026-07-11 23:41:20,1783813280,R_75,53395.9999,-1,9.969599999996717,BACKFILL_AUTO
2026-07-11 23:41:22,1783813282,R_75,53381.6311,-1,14.36880000000383,BACKFILL_AUTO
2026-07-11 23:41:24,1783813284,R_75,53392.1547,1,10.523600000000442,BACKFILL_AUTO
2026-07-11 23:41:26,1783813286,R_75,53406.3006,1,14.145900000003166,BACKFILL_AUTO
2026-07-11 23:41:28,1783813288,R_75,53400.6361,-1,5.664499999998952,BACKFILL_AUTO
2026-07-11 23:41:30,1783813290,R_75,53402.1303,1,1.4941999999937252,BACKFILL_AUTO
2026-07-11 23:41:32,1783813292,R_75,53402.1528,1,0.022500000006402843,BACKFILL_AUTO
2026-07-11 23:41:34,1783813294,R_75,53410.6924,1,8.539599999996426,BACKFILL_AUTO
2026-07-11 23:41:36,1783813296,R_75,53415.5282,1,4.835800000000745,BACKFILL_AUTO
2026-07-11 23:41:38,1783813298,R_75,53408.4118,-1,7.1163999999989755,BACKFILL_AUTO
2026-07-11 23:41:40,1783813300,R_75,53392.109,-1,16.302800000004936,BACKFILL_AUTO
2026-07-11 23:41:42,1783813302,R_75,53402.1534,1,10.044400000006135,BACKFILL_AUTO
2026-07-11 23:41:44,1783813304,R_75,53420.2953,1,18.141899999995076,BACKFILL_AUTO
2026-07-11 23:41:46,1783813306,R_75,53408.6047,-1,11.690599999994447,BACKFILL_AUTO
2026-07-11 23:41:48,1783813308,R_75,53411.712,1,3.1072999999960302,BACKFILL_AUTO
2026-07-11 23:41:50,1783813310,R_75,53420.2882,1,8.576200000003155,BACKFILL_AUTO
2026-07-11 23:41:52,1783813312,R_75,53425.488,1,5.199799999994866,BACKFILL_AUTO
2026-07-11 23:41:54,1783813314,R_75,53437.5985,1,12.110500000002503,BACKFILL_AUTO
2026-07-11 23:41:56,1783813316,R_75,53442.2704,1,4.671900000001187,BACKFILL_AUTO
2026-07-11 23:41:58,1783813318,R_75,53429.1773,-1,13.09309999999823,BACKFILL_AUTO
2026-07-11 23:42:00,1783813320,R_75,53456.4763,1,27.29899999999907,BACKFILL_AUTO
2026-07-11 23:42:02,1783813322,R_75,53449.155,-1,7.321300000003248,BACKFILL_AUTO
2026-07-11 23:42:04,1783813324,R_75,53441.747,-1,7.407999999995809,BACKFILL_AUTO
2026-07-11 23:42:06,1783813326,R_75,53435.9512,-1,5.795799999999872,BACKFILL_AUTO
2026-07-11 23:42:08,1783813328,R_75,53440.1923,1,4.241099999999278,BACKFILL_AUTO
2026-07-11 23:42:10,1783813330,R_75,53439.0925,-1,1.0998000000035972,BACKFILL_AUTO
2026-07-11 23:42:12,1783813332,R_75,53428.0551,-1,11.037400000001071,BACKFILL_AUTO
2026-07-11 23:42:14,1783813334,R_75,53427.2551,-1,0.7999999999956344,BACKFILL_AUTO
2026-07-11 23:42:16,1783813336,R_75,53430.7292,1,3.474099999999453,BACKFILL_AUTO
2026-07-11 23:42:18,1783813338,R_75,53435.3316,1,4.602399999996123,BACKFILL_AUTO
2026-07-11 23:42:20,1783813340,R_75,53437.5387,1,2.2070999999996275,BACKFILL_AUTO
2026-07-11 23:42:22,1783813342,R_75,53436.0733,-1,1.4654000000009546,BACKFILL_AUTO
2026-07-11 23:42:24,1783813344,R_75,53438.4887,1,2.41540000000532,BACKFILL_AUTO
2026-07-11 23:42:26,1783813346,R_75,53449.4467,1,10.95799999999872,BACKFILL_AUTO
2026-07-11 23:42:28,1783813348,R_75,53430.3019,-1,19.14480000000185,BACKFILL_AUTO
2026-07-11 23:42:30,1783813350,R_75,53421.5981,-1,8.703799999995681,BACKFILL_AUTO
2026-07-11 23:42:32,1783813352,R_75,53401.8613,-1,19.736800000006042,BACKFILL_AUTO
2026-07-11 23:42:34,1783813354,R_75,53392.2772,-1,9.584100000000035,BACKFILL_AUTO
2026-07-11 23:42:36,1783813356,R_75,53390.9426,-1,1.3345999999946798,BACKFILL_AUTO
2026-07-11 23:42:38,1783813358,R_75,53391.6445,1,0.7019000000000233,BACKFILL_AUTO
2026-07-11 23:42:40,1783813360,R_75,53400.2137,1,8.56919999999809,BACKFILL_AUTO
2026-07-11 23:42:42,1783813362,R_75,53404.17,1,3.9562999999980093,BACKFILL_AUTO
2026-07-11 23:42:44,1783813364,R_75,53388.2865,-1,15.883499999996275,BACKFILL_AUTO
2026-07-11 23:42:46,1783813366,R_75,53380.464,-1,7.822500000002037,BACKFILL_AUTO
2026-07-11 23:42:48,1783813368,R_75,53386.1498,1,5.68579999999929,BACKFILL_AUTO
2026-07-11 23:42:50,1783813370,R_75,53373.0712,-1,13.078600000000733,BACKFILL_AUTO
2026-07-11 23:42:52,1783813372,R_75,53375.4734,1,2.402200000004086,BACKFILL_AUTO
2026-07-11 23:42:54,1783813374,R_75,53369.0052,-1,6.46820000000298,BACKFILL_AUTO
2026-07-11 23:42:56,1783813376,R_75,53349.0195,-1,19.98569999999745,BACKFILL_AUTO
2026-07-11 23:42:58,1783813378,R_75,53341.6043,-1,7.415200000003097,BACKFILL_AUTO
2026-07-11 23:43:00,1783813380,R_75,53323.2998,-1,18.30449999999837,BACKFILL_AUTO
2026-07-11 23:43:02,1783813382,R_75,53329.8799,1,6.58009999999922,BACKFILL_AUTO
2026-07-11 23:43:04,1783813384,R_75,53350.2655,1,20.385600000001432,BACKFILL_AUTO
2026-07-11 23:43:06,1783813386,R_75,53351.5427,1,1.2771999999968102,BACKFILL_AUTO
2026-07-11 23:43:08,1783813388,R_75,53344.8948,-1,6.647899999996298,BACKFILL_AUTO
2026-07-11 23:43:10,1783813390,R_75,53338.4346,-1,6.46020000000135,BACKFILL_AUTO
2026-07-11 23:43:12,1783813392,R_75,53328.2259,-1,10.208700000002864,BACKFILL_AUTO
2026-07-11 23:43:14,1783813394,R_75,53317.7469,-1,10.47899999999936,BACKFILL_AUTO
2026-07-11 23:43:16,1783813396,R_75,53316.6552,-1,1.0916999999972177,BACKFILL_AUTO
2026-07-11 23:43:18,1783813398,R_75,53311.0123,-1,5.642899999998917,BACKFILL_AUTO
2026-07-11 23:43:20,1783813400,R_75,53303.5363,-1,7.4760000000023865,BACKFILL_AUTO
2026-07-11 23:43:22,1783813402,R_75,53316.7779,1,13.241600000001199,BACKFILL_AUTO
2026-07-11 23:43:24,1783813404,R_75,53295.2908,-1,21.487099999998463,BACKFILL_AUTO
2026-07-11 23:43:26,1783813406,R_75,53303.3059,1,8.015099999996892,BACKFILL_AUTO
2026-07-11 23:43:28,1783813408,R_75,53298.9411,-1,4.364800000003015,BACKFILL_AUTO
2026-07-11 23:43:30,1783813410,R_75,53312.2674,1,13.326300000000629,BACKFILL_AUTO
2026-07-11 23:43:32,1783813412,R_75,53316.9363,1,4.668900000004214,BACKFILL_AUTO
2026-07-11 23:43:34,1783813414,R_75,53307.7596,-1,9.17670000000362,BACKFILL_AUTO
2026-07-11 23:43:36,1783813416,R_75,53303.0778,-1,4.681799999998475,BACKFILL_AUTO
2026-07-11 23:43:38,1783813418,R_75,53311.0573,1,7.979500000001281,BACKFILL_AUTO
2026-07-11 23:43:40,1783813420,R_75,53307.2211,-1,3.836199999997916,BACKFILL_AUTO
2026-07-11 23:43:42,1783813422,R_75,53302.7545,-1,4.466599999999744,BACKFILL_AUTO
2026-07-11 23:43:44,1783813424,R_75,53294.147,-1,8.60750000000553,BACKFILL_AUTO
2026-07-11 23:43:46,1783813426,R_75,53304.4606,1,10.313600000001315,BACKFILL_AUTO
2026-07-11 23:43:48,1783813428,R_75,53319.3323,1,14.87170000000333,BACKFILL_AUTO
2026-07-11 23:43:50,1783813430,R_75,53325.4648,1,6.132499999999709,BACKFILL_AUTO
2026-07-11 23:43:52,1783813432,R_75,53341.3069,1,15.842100000001665,BACKFILL_AUTO
2026-07-11 23:43:54,1783813434,R_75,53344.7613,1,3.4543999999950756,BACKFILL_AUTO
2026-07-11 23:43:56,1783813436,R_75,53359.2182,1,14.45690000000468,BACKFILL_AUTO
2026-07-11 23:43:58,1783813438,R_75,53351.4093,-1,7.808900000003632,BACKFILL_AUTO
2026-07-11 23:44:00,1783813440,R_75,53367.171,1,15.761700000002747,BACKFILL_AUTO
2026-07-11 23:44:02,1783813442,R_75,53366.5418,-1,0.6292000000030384,BACKFILL_AUTO
2026-07-11 23:44:04,1783813444,R_75,53384.4635,1,17.921699999998964,BACKFILL_AUTO
2026-07-11 23:44:06,1783813446,R_75,53378.7743,-1,5.68920000000071,BACKFILL_AUTO
2026-07-11 23:44:08,1783813448,R_75,53377.2986,-1,1.4756999999954132,BACKFILL_AUTO
2026-07-11 23:44:10,1783813450,R_75,53375.5686,-1,1.7300000000032014,BACKFILL_AUTO
2026-07-11 23:44:12,1783813452,R_75,53372.4984,-1,3.0702000000019325,BACKFILL_AUTO
2026-07-11 23:44:14,1783813454,R_75,53396.626,1,24.127599999999802,BACKFILL_AUTO
2026-07-11 23:44:16,1783813456,R_75,53387.6948,-1,8.93119999999908,BACKFILL_AUTO
2026-07-11 23:44:18,1783813458,R_75,53394.2968,1,6.601999999998952,BACKFILL_AUTO
2026-07-11 23:44:20,1783813460,R_75,53404.8499,1,10.553100000004633,BACKFILL_AUTO
2026-07-11 23:44:22,1783813462,R_75,53407.4733,1,2.6233999999967637,BACKFILL_AUTO
2026-07-11 23:44:24,1783813464,R_75,53410.247,1,2.773700000005192,BACKFILL_AUTO
2026-07-11 23:44:26,1783813466,R_75,53392.7777,-1,17.469300000004296,BACKFILL_AUTO
2026-07-11 23:44:28,1783813468,R_75,53402.7236,1,9.945899999998801,BACKFILL_AUTO
2026-07-11 23:44:30,1783813470,R_75,53406.8419,1,4.118300000001909,BACKFILL_AUTO
2026-07-11 23:44:32,1783813472,R_75,53410.2989,1,3.4570000000021537,BACKFILL_AUTO
2026-07-11 23:44:34,1783813474,R_75,53386.0754,-1,24.223500000000058,BACKFILL_AUTO
2026-07-11 23:44:36,1783813476,R_75,53379.534,-1,6.541400000001886,BACKFILL_AUTO
2026-07-11 23:44:38,1783813478,R_75,53387.0449,1,7.510900000001129,BACKFILL_AUTO
2026-07-11 23:44:40,1783813480,R_75,53383.7972,-1,3.2476999999998952,BACKFILL_AUTO
2026-07-11 23:44:42,1783813482,R_75,53382.9531,-1,0.8441000000020722,BACKFILL_AUTO
2026-07-11 23:44:44,1783813484,R_75,53378.7659,-1,4.187200000000303,BACKFILL_AUTO
2026-07-11 23:44:46,1783813486,R_75,53360.4676,-1,18.298299999994924,BACKFILL_AUTO
2026-07-11 23:44:48,1783813488,R_75,53358.1114,-1,2.3562000000019907,BACKFILL_AUTO
2026-07-11 23:44:50,1783813490,R_75,53351.3785,-1,6.732900000002701,BACKFILL_AUTO
2026-07-11 23:44:52,1783813492,R_75,53344.5975,-1,6.780999999995402,BACKFILL_AUTO
2026-07-11 23:44:54,1783813494,R_75,53344.702,1,0.10449999999400461,BACKFILL_AUTO
2026-07-11 23:44:56,1783813496,R_75,53312.5558,-1,32.14619999999559,BACKFILL_AUTO
2026-07-11 23:44:58,1783813498,R_75,53305.6075,-1,6.948300000003655,BACKFILL_AUTO
2026-07-11 23:45:00,1783813500,R_75,53315.3894,1,9.78190000000177,BACKFILL_AUTO
2026-07-11 23:45:02,1783813502,R_75,53329.8068,1,14.417399999998452,BACKFILL_AUTO
2026-07-11 23:45:04,1783813504,R_75,53335.6301,1,5.823300000003655,BACKFILL_AUTO
2026-07-11 23:45:06,1783813506,R_75,53338.3345,1,2.7043999999950756,BACKFILL_AUTO
2026-07-11 23:45:08,1783813508,R_75,53331.1892,-1,7.145299999996496,BACKFILL_AUTO
2026-07-11 23:45:10,1783813510,R_75,53354.5022,1,23.31300000000192,BACKFILL_AUTO
2026-07-11 23:45:12,1783813512,R_75,53349.2287,-1,5.273500000002969,BACKFILL_AUTO
2026-07-11 23:45:14,1783813514,R_75,53335.8471,-1,13.381600000000617,BACKFILL_AUTO
2026-07-11 23:45:16,1783813516,R_75,53342.6907,1,6.843600000000151,BACKFILL_AUTO
2026-07-11 23:45:18,1783813518,R_75,53332.6189,-1,10.071799999997893,BACKFILL_AUTO
2026-07-11 23:45:20,1783813520,R_75,53331.5511,-1,1.067800000004354,BACKFILL_AUTO
2026-07-11 23:45:22,1783813522,R_75,53327.5218,-1,4.0292999999946915,BACKFILL_AUTO
2026-07-11 23:45:24,1783813524,R_75,53331.6259,1,4.1040999999968335,BACKFILL_AUTO
2026-07-11 23:45:26,1783813526,R_75,53332.0417,1,0.4158000000024913,BACKFILL_AUTO
2026-07-11 23:45:28,1783813528,R_75,53323.9168,-1,8.124900000002526,BACKFILL_AUTO
2026-07-11 23:45:30,1783813530,R_75,53315.005,-1,8.911800000001676,BACKFILL_AUTO
2026-07-11 23:45:32,1783813532,R_75,53326.2983,1,11.29330000000482,BACKFILL_AUTO
2026-07-11 23:45:34,1783813534,R_75,53331.615,1,5.3166999999957625,BACKFILL_AUTO
2026-07-11 23:45:36,1783813536,R_75,53332.9943,1,1.3793000000005122,BACKFILL_AUTO
2026-07-11 23:45:38,1783813538,R_75,53340.7109,1,7.716599999999744,BACKFILL_AUTO
2026-07-11 23:45:40,1783813540,R_75,53350.2234,1,9.512500000004366,BACKFILL_AUTO
2026-07-11 23:45:42,1783813542,R_75,53334.7561,-1,15.467300000003888,BACKFILL_AUTO
2026-07-11 23:45:44,1783813544,R_75,53341.0721,1,6.315999999998894,BACKFILL_AUTO
2026-07-11 23:45:46,1783813546,R_75,53351.7992,1,10.727100000003702,BACKFILL_AUTO
2026-07-11 23:45:48,1783813548,R_75,53362.2588,1,10.459600000001956,BACKFILL_AUTO
2026-07-11 23:45:50,1783813550,R_75,53365.1373,1,2.878499999998894,BACKFILL_AUTO
2026-07-11 23:45:52,1783813552,R_75,53355.8545,-1,9.282800000000861,BACKFILL_AUTO
2026-07-11 23:45:54,1783813554,R_75,53350.9609,-1,4.893600000003062,BACKFILL_AUTO
2026-07-11 23:45:56,1783813556,R_75,53362.6677,1,11.70679999999993,BACKFILL_AUTO
2026-07-11 23:45:58,1783813558,R_75,53349.3221,-1,13.345600000000559,BACKFILL_AUTO
2026-07-11 23:46:00,1783813560,R_75,53373.0129,1,23.690800000003946,BACKFILL_AUTO
2026-07-11 23:46:02,1783813562,R_75,53371.9178,-1,1.095099999998638,BACKFILL_AUTO
2026-07-11 23:46:04,1783813564,R_75,53378.4901,1,6.572299999999814,BACKFILL_AUTO
2026-07-11 23:46:06,1783813566,R_75,53392.73,1,14.239900000000489,BACKFILL_AUTO
2026-07-11 23:46:08,1783813568,R_75,53404.6884,1,11.95839999999589,BACKFILL_AUTO
2026-07-11 23:46:10,1783813570,R_75,53409.7512,1,5.062799999999697,BACKFILL_AUTO
2026-07-11 23:46:12,1783813572,R_75,53430.9357,1,21.184500000003027,BACKFILL_AUTO
2026-07-11 23:46:14,1783813574,R_75,53438.582,1,7.646300000000338,BACKFILL_AUTO
2026-07-11 23:46:16,1783813576,R_75,53437.765,-1,0.8170000000027358,BACKFILL_AUTO
2026-07-11 23:46:18,1783813578,R_75,53438.5977,1,0.8326999999990221,BACKFILL_AUTO
2026-07-11 23:46:20,1783813580,R_75,53444.0283,1,5.430599999999686,BACKFILL_AUTO
2026-07-11 23:46:22,1783813582,R_75,53438.2737,-1,5.7546000000002095,BACKFILL_AUTO
2026-07-11 23:46:24,1783813584,R_75,53441.5036,1,3.2298999999984517,BACKFILL_AUTO
2026-07-11 23:46:26,1783813586,R_75,53450.2719,1,8.768300000003364,BACKFILL_AUTO
2026-07-11 23:46:28,1783813588,R_75,53453.3032,1,3.031300000002375,BACKFILL_AUTO
2026-07-11 23:46:30,1783813590,R_75,53467.5446,1,14.241399999998976,BACKFILL_AUTO
2026-07-11 23:46:32,1783813592,R_75,53464.5113,-1,3.0333000000027823,BACKFILL_AUTO
2026-07-11 23:46:34,1783813594,R_75,53462.2837,-1,2.227599999998347,BACKFILL_AUTO
2026-07-11 23:46:36,1783813596,R_75,53476.2309,1,13.94720000000234,BACKFILL_AUTO
2026-07-11 23:46:38,1783813598,R_75,53484.5467,1,8.31579999999667,BACKFILL_AUTO
2026-07-11 23:46:40,1783813600,R_75,53484.5158,-1,0.030899999997927807,BACKFILL_AUTO
2026-07-11 23:46:42,1783813602,R_75,53480.0477,-1,4.4680999999982305,BACKFILL_AUTO
2026-07-11 23:46:44,1783813604,R_75,53489.0822,1,9.034499999994296,BACKFILL_AUTO
2026-07-11 23:46:46,1783813606,R_75,53509.9036,1,20.82140000000072,BACKFILL_AUTO
2026-07-11 23:46:48,1783813608,R_75,53502.5898,-1,7.313799999996263,BACKFILL_AUTO
2026-07-11 23:46:50,1783813610,R_75,53508.1912,1,5.601399999999558,BACKFILL_AUTO
2026-07-11 23:46:52,1783813612,R_75,53504.8776,-1,3.3136000000013155,BACKFILL_AUTO
2026-07-11 23:46:54,1783813614,R_75,53517.8283,1,12.950700000001234,BACKFILL_AUTO
2026-07-11 23:46:56,1783813616,R_75,53534.0637,1,16.235399999997753,BACKFILL_AUTO
2026-07-11 23:46:58,1783813618,R_75,53536.0631,1,1.9994000000006054,BACKFILL_AUTO
2026-07-11 23:47:00,1783813620,R_75,53530.3089,-1,5.7541999999957625,BACKFILL_AUTO
2026-07-11 23:47:02,1783813622,R_75,53518.173,-1,12.13590000000113,BACKFILL_AUTO
2026-07-11 23:47:04,1783813624,R_75,53518.9374,1,0.7644000000000233,BACKFILL_AUTO
2026-07-11 23:47:06,1783813626,R_75,53529.4053,1,10.467899999996007,BACKFILL_AUTO
2026-07-11 23:47:08,1783813628,R_75,53505.4722,-1,23.933100000002014,BACKFILL_AUTO
2026-07-11 23:47:10,1783813630,R_75,53510.8336,1,5.361400000001595,BACKFILL_AUTO
2026-07-11 23:47:12,1783813632,R_75,53511.6214,1,0.7878000000055181,BACKFILL_AUTO
2026-07-11 23:47:14,1783813634,R_75,53518.0033,1,6.381899999993038,BACKFILL_AUTO
2026-07-11 23:47:16,1783813636,R_75,53520.7051,1,2.7018000000025495,BACKFILL_AUTO
2026-07-11 23:47:18,1783813638,R_75,53518.2865,-1,2.418599999997241,BACKFILL_AUTO
2026-07-11 23:47:20,1783813640,R_75,53515.3976,-1,2.8889000000053784,BACKFILL_AUTO
2026-07-11 23:47:22,1783813642,R_75,53519.2041,1,3.8065000000060536,BACKFILL_AUTO
2026-07-11 23:47:24,1783813644,R_75,53533.419,1,14.214899999999034,BACKFILL_AUTO
2026-07-11 23:47:26,1783813646,R_75,53531.3494,-1,2.069600000002538,BACKFILL_AUTO
2026-07-11 23:47:28,1783813648,R_75,53514.8448,-1,16.50460000000021,BACKFILL_AUTO
2026-07-11 23:47:30,1783813650,R_75,53509.1034,-1,5.7413999999989755,BACKFILL_AUTO
2026-07-11 23:47:32,1783813652,R_75,53508.8493,-1,0.2540999999982887,BACKFILL_AUTO
2026-07-11 23:47:34,1783813654,R_75,53516.5428,1,7.693500000001222,BACKFILL_AUTO
2026-07-11 23:47:36,1783813656,R_75,53531.9227,1,15.379899999999907,BACKFILL_AUTO
2026-07-11 23:47:38,1783813658,R_75,53521.951,-1,9.971700000001874,BACKFILL_AUTO
2026-07-11 23:47:40,1783813660,R_75,53517.2615,-1,4.6895000000004075,BACKFILL_AUTO
2026-07-11 23:47:42,1783813662,R_75,53536.3087,1,19.047200000000885,BACKFILL_AUTO
2026-07-11 23:47:44,1783813664,R_75,53541.7707,1,5.461999999999534,BACKFILL_AUTO
2026-07-11 23:47:46,1783813666,R_75,53544.9862,1,3.2154999999984284,BACKFILL_AUTO
2026-07-11 23:47:48,1783813668,R_75,53556.2758,1,11.289600000003702,BACKFILL_AUTO
2026-07-11 23:47:50,1783813670,R_75,53533.4532,-1,22.82259999999951,BACKFILL_AUTO
2026-07-11 23:47:52,1783813672,R_75,53533.1948,-1,0.2584000000060769,BACKFILL_AUTO
2026-07-11 23:47:54,1783813674,R_75,53541.2265,1,8.031699999999546,BACKFILL_AUTO
2026-07-11 23:47:56,1783813676,R_75,53546.4978,1,5.271300000000338,BACKFILL_AUTO
2026-07-11 23:47:58,1783813678,R_75,53522.3231,-1,24.174699999995937,BACKFILL_AUTO
2026-07-11 23:48:00,1783813680,R_75,53523.5249,1,1.2017999999952735,BACKFILL_AUTO
2026-07-11 23:48:02,1783813682,R_75,53503.9816,-1,19.543299999997544,BACKFILL_AUTO
2026-07-11 23:48:04,1783813684,R_75,53504.8366,1,0.8550000000032014,BACKFILL_AUTO
2026-07-11 23:48:06,1783813686,R_75,53500.1267,-1,4.709900000001653,BACKFILL_AUTO
2026-07-11 23:48:08,1783813688,R_75,53489.6167,-1,10.510000000002037,BACKFILL_AUTO
2026-07-11 23:48:10,1783813690,R_75,53476.5972,-1,13.019500000002154,BACKFILL_AUTO
2026-07-11 23:48:12,1783813692,R_75,53486.4644,1,9.867200000000594,BACKFILL_AUTO
2026-07-11 23:48:14,1783813694,R_75,53461.7404,-1,24.723999999994703,BACKFILL_AUTO
2026-07-11 23:48:16,1783813696,R_75,53463.3384,1,1.5979999999981374,BACKFILL_AUTO
2026-07-11 23:48:18,1783813698,R_75,53479.2013,1,15.862900000000081,BACKFILL_AUTO
2026-07-11 23:48:20,1783813700,R_75,53473.0933,-1,6.108000000000175,BACKFILL_AUTO
2026-07-11 23:48:22,1783813702,R_75,53476.5004,1,3.407099999996717,BACKFILL_AUTO
2026-07-11 23:48:24,1783813704,R_75,53462.0536,-1,14.446799999997893,BACKFILL_AUTO
2026-07-11 23:48:26,1783813706,R_75,53462.8014,1,0.747799999997369,BACKFILL_AUTO
2026-07-11 23:48:28,1783813708,R_75,53463.8976,1,1.0961999999999534,BACKFILL_AUTO
2026-07-11 23:48:30,1783813710,R_75,53452.1451,-1,11.752499999995052,BACKFILL_AUTO
2026-07-11 23:48:32,1783813712,R_75,53448.2137,-1,3.931400000001304,BACKFILL_AUTO
2026-07-11 23:48:34,1783813714,R_75,53453.9245,1,5.710800000000745,BACKFILL_AUTO
2026-07-11 23:48:36,1783813716,R_75,53465.27,1,11.345499999995809,BACKFILL_AUTO
2026-07-11 23:48:38,1783813718,R_75,53472.6932,1,7.4232000000047265,BACKFILL_AUTO
2026-07-11 23:48:40,1783813720,R_75,53470.5275,-1,2.1657000000050175,BACKFILL_AUTO
2026-07-11 23:48:42,1783813722,R_75,53474.9965,1,4.469000000004598,BACKFILL_AUTO
2026-07-11 23:48:44,1783813724,R_75,53474.48,-1,0.5164999999979045,BACKFILL_AUTO
2026-07-11 23:48:46,1783813726,R_75,53466.3616,-1,8.118400000006659,BACKFILL_AUTO
2026-07-11 23:48:48,1783813728,R_75,53461.1516,-1,5.209999999999127,BACKFILL_AUTO
2026-07-11 23:48:50,1783813730,R_75,53455.2775,-1,5.874100000000908,BACKFILL_AUTO
2026-07-11 23:48:52,1783813732,R_75,53456.5458,1,1.2683000000033644,BACKFILL_AUTO
2026-07-11 23:48:54,1783813734,R_75,53444.1155,-1,12.430299999999988,BACKFILL_AUTO
2026-07-11 23:48:56,1783813736,R_75,53451.4437,1,7.328200000003562,BACKFILL_AUTO
2026-07-11 23:48:58,1783813738,R_75,53459.0261,1,7.582399999999325,BACKFILL_AUTO
2026-07-11 23:49:00,1783813740,R_75,53453.3375,-1,5.6886000000013155,BACKFILL_AUTO
2026-07-11 23:49:02,1783813742,R_75,53467.6447,1,14.307199999995646,BACKFILL_AUTO
2026-07-11 23:49:04,1783813744,R_75,53458.6872,-1,8.957499999996799,BACKFILL_AUTO
2026-07-11 23:49:06,1783813746,R_75,53457.134,-1,1.5532000000021071,BACKFILL_AUTO
2026-07-11 23:49:08,1783813748,R_75,53451.7381,-1,5.3958999999958905,BACKFILL_AUTO
2026-07-11 23:49:10,1783813750,R_75,53444.0359,-1,7.702199999999721,BACKFILL_AUTO
2026-07-11 23:49:12,1783813752,R_75,53431.5072,-1,12.528700000002573,BACKFILL_AUTO
2026-07-11 23:49:14,1783813754,R_75,53425.1547,-1,6.352500000000873,BACKFILL_AUTO
2026-07-11 23:49:16,1783813756,R_75,53431.3758,1,6.22110000000248,BACKFILL_AUTO
2026-07-11 23:49:18,1783813758,R_75,53436.3324,1,4.956599999997707,BACKFILL_AUTO
2026-07-11 23:49:20,1783813760,R_75,53430.9998,-1,5.332600000001548,BACKFILL_AUTO
2026-07-11 23:49:22,1783813762,R_75,53434.8951,1,3.895300000003772,BACKFILL_AUTO
2026-07-11 23:49:24,1783813764,R_75,53445.4134,1,10.518299999996088,BACKFILL_AUTO
2026-07-11 23:49:26,1783813766,R_75,53441.4868,-1,3.9265999999988708,BACKFILL_AUTO
2026-07-11 23:49:28,1783813768,R_75,53445.1816,1,3.6948000000047614,BACKFILL_AUTO
2026-07-11 23:49:30,1783813770,R_75,53447.4597,1,2.278099999995902,BACKFILL_AUTO
2026-07-11 23:49:32,1783813772,R_75,53452.8766,1,5.416900000003807,BACKFILL_AUTO
2026-07-11 23:49:34,1783813774,R_75,53469.2836,1,16.406999999999243,BACKFILL_AUTO
2026-07-11 23:49:36,1783813776,R_75,53479.4986,1,10.214999999996508,BACKFILL_AUTO
2026-07-11 23:49:38,1783813778,R_75,53468.4052,-1,11.093399999997928,BACKFILL_AUTO
2026-07-11 23:49:40,1783813780,R_75,53461.526,-1,6.879200000003038,BACKFILL_AUTO
2026-07-11 23:49:42,1783813782,R_75,53459.1446,-1,2.3813999999983935,BACKFILL_AUTO
2026-07-11 23:49:44,1783813784,R_75,53474.4553,1,15.310700000001816,BACKFILL_AUTO
2026-07-11 23:49:46,1783813786,R_75,53480.5394,1,6.084100000000035,BACKFILL_AUTO
2026-07-11 23:49:48,1783813788,R_75,53477.6812,-1,2.858200000002398,BACKFILL_AUTO
2026-07-11 23:49:50,1783813790,R_75,53484.8137,1,7.132499999999709,BACKFILL_AUTO
2026-07-11 23:49:52,1783813792,R_75,53492.5741,1,7.760399999999208,BACKFILL_AUTO
2026-07-11 23:49:54,1783813794,R_75,53482.4304,-1,10.143700000000536,BACKFILL_AUTO
2026-07-11 23:49:56,1783813796,R_75,53473.6249,-1,8.805499999994936,BACKFILL_AUTO
2026-07-11 23:49:58,1783813798,R_75,53461.2852,-1,12.339700000004086,BACKFILL_AUTO
2026-07-11 23:50:00,1783813800,R_75,53461.6732,1,0.38799999999901047,BACKFILL_AUTO
2026-07-11 23:50:02,1783813802,R_75,53467.3363,1,5.663100000005215,BACKFILL_AUTO
2026-07-11 23:50:04,1783813804,R_75,53461.0773,-1,6.2590000000054715,BACKFILL_AUTO
2026-07-11 23:50:06,1783813806,R_75,53467.6034,1,6.526100000002771,BACKFILL_AUTO
2026-07-11 23:50:08,1783813808,R_75,53465.0012,-1,2.602200000001176,BACKFILL_AUTO
2026-07-11 23:50:10,1783813810,R_75,53445.5482,-1,19.45300000000134,BACKFILL_AUTO
2026-07-11 23:50:12,1783813812,R_75,53435.3688,-1,10.179400000000896,BACKFILL_AUTO
2026-07-11 23:50:14,1783813814,R_75,53434.2093,-1,1.1594999999942956,BACKFILL_AUTO
2026-07-11 23:50:16,1783813816,R_75,53430.9261,-1,3.2832000000053085,BACKFILL_AUTO
2026-07-11 23:50:18,1783813818,R_75,53434.5774,1,3.651300000004994,BACKFILL_AUTO
2026-07-11 23:50:20,1783813820,R_75,53425.9787,-1,8.598700000002282,BACKFILL_AUTO
2026-07-11 23:50:22,1783813822,R_75,53424.612,-1,1.3666999999986729,BACKFILL_AUTO
2026-07-11 23:50:24,1783813824,R_75,53423.2066,-1,1.405400000003283,BACKFILL_AUTO
2026-07-11 23:50:26,1783813826,R_75,53432.3851,1,9.178500000001804,BACKFILL_AUTO
2026-07-11 23:50:28,1783813828,R_75,53405.3497,-1,27.035400000000664,BACKFILL_AUTO
2026-07-11 23:50:30,1783813830,R_75,53402.1986,-1,3.1510999999954947,BACKFILL_AUTO
2026-07-11 23:50:32,1783813832,R_75,53418.1792,1,15.98059999999532,BACKFILL_AUTO
2026-07-11 23:50:34,1783813834,R_75,53420.8798,1,2.70060000000376,BACKFILL_AUTO
2026-07-11 23:50:36,1783813836,R_75,53430.2431,1,9.363299999997253,BACKFILL_AUTO
2026-07-11 23:50:38,1783813838,R_75,53433.8757,1,3.6325999999971827,BACKFILL_AUTO
2026-07-11 23:50:40,1783813840,R_75,53430.0212,-1,3.8544999999940046,BACKFILL_AUTO
2026-07-11 23:50:42,1783813842,R_75,53417.1036,-1,12.917600000000675,BACKFILL_AUTO
2026-07-11 23:50:44,1783813844,R_75,53400.7134,-1,16.39020000000164,BACKFILL_AUTO
2026-07-11 23:50:46,1783813846,R_75,53410.2214,1,9.50800000000163,BACKFILL_AUTO
2026-07-11 23:50:48,1783813848,R_75,53393.0581,-1,17.163300000000163,BACKFILL_AUTO
2026-07-11 23:50:50,1783813850,R_75,53388.571,-1,4.487099999998463,BACKFILL_AUTO
2026-07-11 23:50:52,1783813852,R_75,53388.6263,1,0.05529999999998836,BACKFILL_AUTO
2026-07-11 23:50:54,1783813854,R_75,53386.1982,-1,2.4281000000046333,BACKFILL_AUTO
2026-07-11 23:50:56,1783813856,R_75,53391.1426,1,4.944400000000314,BACKFILL_AUTO
2026-07-11 23:50:58,1783813858,R_75,53403.9381,1,12.795500000000175,BACKFILL_AUTO
2026-07-11 23:51:00,1783813860,R_75,53412.1666,1,8.228499999997439,BACKFILL_AUTO
2026-07-11 23:51:02,1783813862,R_75,53400.3335,-1,11.833099999996193,BACKFILL_AUTO
2026-07-11 23:51:04,1783813864,R_75,53409.974,1,9.640500000001339,BACKFILL_AUTO
2026-07-11 23:51:06,1783813866,R_75,53405.8862,-1,4.0878000000011525,BACKFILL_AUTO
2026-07-11 23:51:08,1783813868,R_75,53407.318,1,1.431799999998475,BACKFILL_AUTO
2026-07-11 23:51:10,1783813870,R_75,53432.6086,1,25.290600000000268,BACKFILL_AUTO
2026-07-11 23:51:12,1783813872,R_75,53434.353,1,1.7444000000032247,BACKFILL_AUTO
2026-07-11 23:51:14,1783813874,R_75,53416.0721,-1,18.280900000005204,BACKFILL_AUTO
2026-07-11 23:51:16,1783813876,R_75,53400.5269,-1,15.545200000000477,BACKFILL_AUTO
2026-07-11 23:51:18,1783813878,R_75,53394.9261,-1,5.600800000000163,BACKFILL_AUTO
2026-07-11 23:51:20,1783813880,R_75,53400.5907,1,5.664600000003702,BACKFILL_AUTO
2026-07-11 23:51:22,1783813882,R_75,53410.7961,1,10.205399999998917,BACKFILL_AUTO
2026-07-11 23:51:24,1783813884,R_75,53419.1115,1,8.3153999999995,BACKFILL_AUTO
2026-07-11 23:51:26,1783813886,R_75,53415.8434,-1,3.268100000001141,BACKFILL_AUTO
2026-07-11 23:51:28,1783813888,R_75,53427.7795,1,11.936099999998987,BACKFILL_AUTO
2026-07-11 23:51:30,1783813890,R_75,53415.6563,-1,12.12319999999454,BACKFILL_AUTO
2026-07-11 23:51:32,1783813892,R_75,53419.943,1,4.286699999996927,BACKFILL_AUTO
2026-07-11 23:51:34,1783813894,R_75,53413.4189,-1,6.524100000002363,BACKFILL_AUTO
2026-07-11 23:51:36,1783813896,R_75,53414.5783,1,1.1594000000040978,BACKFILL_AUTO
2026-07-11 23:51:38,1783813898,R_75,53423.0211,1,8.442799999997078,BACKFILL_AUTO
2026-07-11 23:51:40,1783813900,R_75,53421.9708,-1,1.0502999999953317,BACKFILL_AUTO
2026-07-11 23:51:42,1783813902,R_75,53435.6669,1,13.696099999993748,BACKFILL_AUTO
2026-07-11 23:51:44,1783813904,R_75,53420.7791,-1,14.887799999996787,BACKFILL_AUTO
2026-07-11 23:51:46,1783813906,R_75,53426.6513,1,5.872199999997974,BACKFILL_AUTO
2026-07-11 23:51:48,1783813908,R_75,53429.174,1,2.5227000000013504,BACKFILL_AUTO
2026-07-11 23:51:50,1783813910,R_75,53419.4446,-1,9.72939999999653,BACKFILL_AUTO
2026-07-11 23:51:52,1783813912,R_75,53410.7917,-1,8.652900000000955,BACKFILL_AUTO
2026-07-11 23:51:54,1783813914,R_75,53423.8688,1,13.07709999999497,BACKFILL_AUTO
2026-07-11 23:51:56,1783813916,R_75,53425.225,1,1.3562000000019907,BACKFILL_AUTO
2026-07-11 23:51:58,1783813918,R_75,53419.1544,-1,6.070599999999104,BACKFILL_AUTO
2026-07-11 23:52:00,1783813920,R_75,53414.3328,-1,4.821600000002945,BACKFILL_AUTO
2026-07-11 23:52:02,1783813922,R_75,53405.861,-1,8.471799999999348,BACKFILL_AUTO
2026-07-11 23:52:04,1783813924,R_75,53388.2337,-1,17.627300000000105,BACKFILL_AUTO
2026-07-11 23:52:06,1783813926,R_75,53387.986,-1,0.24769999999989523,BACKFILL_AUTO
2026-07-11 23:52:08,1783813928,R_75,53405.9136,1,17.927600000002712,BACKFILL_AUTO
2026-07-11 23:52:10,1783813930,R_75,53380.67,-1,25.243600000001607,BACKFILL_AUTO
2026-07-11 23:52:12,1783813932,R_75,53386.1908,1,5.520799999998417,BACKFILL_AUTO
2026-07-11 23:52:14,1783813934,R_75,53392.5039,1,6.313100000006671,BACKFILL_AUTO
2026-07-11 23:52:16,1783813936,R_75,53392.2894,-1,0.21450000000186265,BACKFILL_AUTO
2026-07-11 23:52:18,1783813938,R_75,53403.6719,1,11.382499999999709,BACKFILL_AUTO
2026-07-11 23:52:20,1783813940,R_75,53407.259,1,3.587099999997008,BACKFILL_AUTO
2026-07-11 23:52:22,1783813942,R_75,53405.7826,-1,1.4763999999995576,BACKFILL_AUTO
2026-07-11 23:52:24,1783813944,R_75,53411.131,1,5.348400000002584,BACKFILL_AUTO
2026-07-11 23:52:26,1783813946,R_75,53429.3414,1,18.210399999996298,BACKFILL_AUTO
2026-07-11 23:52:28,1783813948,R_75,53429.0945,-1,0.24689999999827705,BACKFILL_AUTO
2026-07-11 23:52:30,1783813950,R_75,53418.3851,-1,10.709399999999732,BACKFILL_AUTO
2026-07-11 23:52:32,1783813952,R_75,53422.3314,1,3.946300000003248,BACKFILL_AUTO
2026-07-11 23:52:34,1783813954,R_75,53422.6183,1,0.28689999999915017,BACKFILL_AUTO
2026-07-11 23:52:36,1783813956,R_75,53410.6106,-1,12.007700000001932,BACKFILL_AUTO
2026-07-11 23:52:38,1783813958,R_75,53427.0348,1,16.424200000001292,BACKFILL_AUTO
2026-07-11 23:52:40,1783813960,R_75,53430.742,1,3.7071999999971013,BACKFILL_AUTO
2026-07-11 23:52:42,1783813962,R_75,53445.6297,1,14.887699999999313,BACKFILL_AUTO
2026-07-11 23:52:44,1783813964,R_75,53436.4157,-1,9.213999999999942,BACKFILL_AUTO
2026-07-11 23:52:46,1783813966,R_75,53443.8845,1,7.468800000002375,BACKFILL_AUTO
2026-07-11 23:52:48,1783813968,R_75,53445.6791,1,1.7946000000010827,BACKFILL_AUTO
2026-07-11 23:52:50,1783813970,R_75,53463.259,1,17.579899999996996,BACKFILL_AUTO
2026-07-11 23:52:52,1783813972,R_75,53474.0251,1,10.766100000000733,BACKFILL_AUTO
2026-07-11 23:52:54,1783813974,R_75,53469.7752,-1,4.249900000002526,BACKFILL_AUTO
2026-07-11 23:52:56,1783813976,R_75,53464.0507,-1,5.724499999996624,BACKFILL_AUTO
2026-07-11 23:52:58,1783813978,R_75,53464.9511,1,0.9003999999986263,BACKFILL_AUTO
2026-07-11 23:53:00,1783813980,R_75,53470.3031,1,5.351999999998952,BACKFILL_AUTO
2026-07-11 23:53:02,1783813982,R_75,53473.3393,1,3.0362000000022817,BACKFILL_AUTO
2026-07-11 23:53:04,1783813984,R_75,53463.057,-1,10.28229999999894,BACKFILL_AUTO
2026-07-11 23:53:06,1783813986,R_75,53444.1921,-1,18.86490000000049,BACKFILL_AUTO
2026-07-11 23:53:08,1783813988,R_75,53460.3864,1,16.19430000000284,BACKFILL_AUTO
2026-07-11 23:53:10,1783813990,R_75,53443.8163,-1,16.57010000000446,BACKFILL_AUTO
2026-07-11 23:53:12,1783813992,R_75,53452.2622,1,8.445899999998801,BACKFILL_AUTO
2026-07-11 23:53:14,1783813994,R_75,53462.265,1,10.002800000002026,BACKFILL_AUTO
2026-07-11 23:53:16,1783813996,R_75,53441.789,-1,20.476000000002387,BACKFILL_AUTO
2026-07-11 23:53:18,1783813998,R_75,53430.6638,-1,11.125199999994948,BACKFILL_AUTO
2026-07-11 23:53:20,1783814000,R_75,53421.198,-1,9.465800000005402,BACKFILL_AUTO
2026-07-11 23:53:22,1783814002,R_75,53422.1958,1,0.997800000004645,BACKFILL_AUTO
2026-07-11 23:53:24,1783814004,R_75,53424.5367,1,2.3408999999955995,BACKFILL_AUTO
2026-07-11 23:53:26,1783814006,R_75,53433.816,1,9.279300000001967,BACKFILL_AUTO
2026-07-11 23:53:28,1783814008,R_75,53408.329,-1,25.48700000000099,BACKFILL_AUTO
2026-07-11 23:53:30,1783814010,R_75,53406.3787,-1,1.950299999996787,BACKFILL_AUTO
2026-07-11 23:53:32,1783814012,R_75,53398.1768,-1,8.201900000000023,BACKFILL_AUTO
2026-07-11 23:53:34,1783814014,R_75,53393.588,-1,4.588799999997718,BACKFILL_AUTO
2026-07-11 23:53:36,1783814016,R_75,53393.7753,1,0.18729999999777647,BACKFILL_AUTO
2026-07-11 23:53:38,1783814018,R_75,53386.4213,-1,7.35399999999936,BACKFILL_AUTO
2026-07-11 23:53:40,1783814020,R_75,53381.9185,-1,4.502800000002026,BACKFILL_AUTO
2026-07-11 23:53:42,1783814022,R_75,53359.6516,-1,22.26690000000235,BACKFILL_AUTO
2026-07-11 23:53:44,1783814024,R_75,53366.3022,1,6.65060000000085,BACKFILL_AUTO
2026-07-11 23:53:46,1783814026,R_75,53383.8414,1,17.539199999999255,BACKFILL_AUTO
2026-07-11 23:53:48,1783814028,R_75,53386.0923,1,2.250899999999092,BACKFILL_AUTO
2026-07-11 23:53:50,1783814030,R_75,53375.4198,-1,10.672499999993306,BACKFILL_AUTO
2026-07-11 23:53:52,1783814032,R_75,53364.3189,-1,11.100900000004913,BACKFILL_AUTO
2026-07-11 23:53:54,1783814034,R_75,53358.3527,-1,5.966199999995297,BACKFILL_AUTO
2026-07-11 23:53:56,1783814036,R_75,53354.6174,-1,3.7353000000002794,BACKFILL_AUTO
2026-07-11 23:53:58,1783814038,R_75,53361.8597,1,7.2422999999980675,BACKFILL_AUTO
2026-07-11 23:54:00,1783814040,R_75,53366.9709,1,5.111199999999371,BACKFILL_AUTO
2026-07-11 23:54:02,1783814042,R_75,53379.9039,1,12.932999999997264,BACKFILL_AUTO
2026-07-11 23:54:04,1783814044,R_75,53394.6413,1,14.737400000005437,BACKFILL_AUTO
2026-07-11 23:54:06,1783814046,R_75,53380.3952,-1,14.246100000003935,BACKFILL_AUTO
2026-07-11 23:54:08,1783814048,R_75,53389.1492,1,8.754000000000815,BACKFILL_AUTO
2026-07-11 23:54:10,1783814050,R_75,53367.7579,-1,21.391300000002957,BACKFILL_AUTO
2026-07-11 23:54:12,1783814052,R_75,53348.7941,-1,18.96379999999772,BACKFILL_AUTO
2026-07-11 23:54:14,1783814054,R_75,53338.4108,-1,10.383300000001327,BACKFILL_AUTO
2026-07-11 23:54:16,1783814056,R_75,53336.8829,-1,1.5279000000009546,BACKFILL_AUTO
2026-07-11 23:54:18,1783814058,R_75,53320.4614,-1,16.42149999999674,BACKFILL_AUTO
2026-07-11 23:54:20,1783814060,R_75,53316.1183,-1,4.3430999999982305,BACKFILL_AUTO
2026-07-11 23:54:22,1783814062,R_75,53306.4638,-1,9.654500000004191,BACKFILL_AUTO
2026-07-11 23:54:24,1783814064,R_75,53310.4861,1,4.022300000004179,BACKFILL_AUTO
2026-07-11 23:54:26,1783814066,R_75,53305.009,-1,5.477100000003702,BACKFILL_AUTO
2026-07-11 23:54:28,1783814068,R_75,53318.0204,1,13.01140000000305,BACKFILL_AUTO
2026-07-11 23:54:30,1783814070,R_75,53315.9671,-1,2.053299999999581,BACKFILL_AUTO
2026-07-11 23:54:32,1783814072,R_75,53318.0248,1,2.057699999997567,BACKFILL_AUTO
2026-07-11 23:54:34,1783814074,R_75,53333.2886,1,15.263800000000629,BACKFILL_AUTO
2026-07-11 23:54:36,1783814076,R_75,53323.0552,-1,10.233399999997346,BACKFILL_AUTO
2026-07-11 23:54:38,1783814078,R_75,53342.2546,1,19.199399999997695,BACKFILL_AUTO
2026-07-11 23:54:40,1783814080,R_75,53353.888,1,11.633399999998801,BACKFILL_AUTO
2026-07-11 23:54:42,1783814082,R_75,53343.6011,-1,10.28689999999915,BACKFILL_AUTO
2026-07-11 23:54:44,1783814084,R_75,53343.4698,-1,0.13130000000091968,BACKFILL_AUTO
2026-07-11 23:54:46,1783814086,R_75,53337.2446,-1,6.225200000000768,BACKFILL_AUTO
2026-07-11 23:54:48,1783814088,R_75,53321.802,-1,15.442599999994854,BACKFILL_AUTO
2026-07-11 23:54:50,1783814090,R_75,53337.7485,1,15.946499999998196,BACKFILL_AUTO
2026-07-11 23:54:52,1783814092,R_75,53339.4005,1,1.6520000000018626,BACKFILL_AUTO
2026-07-11 23:54:54,1783814094,R_75,53361.5413,1,22.14079999999376,BACKFILL_AUTO
2026-07-11 23:54:56,1783814096,R_75,53352.0143,-1,9.526999999994587,BACKFILL_AUTO
2026-07-11 23:54:58,1783814098,R_75,53349.391,-1,2.62329999999929,BACKFILL_AUTO
2026-07-11 23:55:00,1783814100,R_75,53373.9977,1,24.606699999996636,BACKFILL_AUTO
2026-07-11 23:55:02,1783814102,R_75,53369.012,-1,4.9856999999974505,BACKFILL_AUTO
2026-07-11 23:55:04,1783814104,R_75,53358.536,-1,10.476000000002387,BACKFILL_AUTO
2026-07-11 23:55:06,1783814106,R_75,53342.9299,-1,15.606099999997241,BACKFILL_AUTO
2026-07-11 23:55:08,1783814108,R_75,53337.6648,-1,5.265100000004168,BACKFILL_AUTO
2026-07-11 23:55:10,1783814110,R_75,53329.2482,-1,8.416599999996834,BACKFILL_AUTO
2026-07-11 23:55:12,1783814112,R_75,53328.1892,-1,1.059000000001106,BACKFILL_AUTO
2026-07-11 23:55:14,1783814114,R_75,53336.3929,1,8.203699999998207,BACKFILL_AUTO
2026-07-11 23:55:16,1783814116,R_75,53329.8654,-1,6.5274999999965075,BACKFILL_AUTO
2026-07-11 23:55:18,1783814118,R_75,53334.244,1,4.378599999996368,BACKFILL_AUTO
2026-07-11 23:55:20,1783814120,R_75,53333.8603,-1,0.38369999999849824,BACKFILL_AUTO
2026-07-11 23:55:22,1783814122,R_75,53336.4585,1,2.598200000000361,BACKFILL_AUTO
2026-07-11 23:55:24,1783814124,R_75,53337.855,1,1.3965000000025611,BACKFILL_AUTO
2026-07-11 23:55:26,1783814126,R_75,53321.1228,-1,16.732200000005832,BACKFILL_AUTO
2026-07-11 23:55:28,1783814128,R_75,53317.828,-1,3.2947999999960302,BACKFILL_AUTO
2026-07-11 23:55:30,1783814130,R_75,53314.8741,-1,2.9539000000004307,BACKFILL_AUTO
2026-07-11 23:55:32,1783814132,R_75,53326.3619,1,11.487800000002608,BACKFILL_AUTO
2026-07-11 23:55:34,1783814134,R_75,53330.1102,1,3.74829999999929,BACKFILL_AUTO
2026-07-11 23:55:36,1783814136,R_75,53329.5045,-1,0.6057000000000698,BACKFILL_AUTO
2026-07-11 23:55:38,1783814138,R_75,53325.8452,-1,3.659299999999348,BACKFILL_AUTO
2026-07-11 23:55:40,1783814140,R_75,53309.4346,-1,16.410600000002887,BACKFILL_AUTO
2026-07-11 23:55:42,1783814142,R_75,53328.5332,1,19.098599999997532,BACKFILL_AUTO
2026-07-11 23:55:44,1783814144,R_75,53351.1667,1,22.63350000000355,BACKFILL_AUTO
2026-07-11 23:55:46,1783814146,R_75,53348.2317,-1,2.9350000000049477,BACKFILL_AUTO
2026-07-11 23:55:48,1783814148,R_75,53344.2872,-1,3.944499999997788,BACKFILL_AUTO
2026-07-11 23:55:50,1783814150,R_75,53321.9334,-1,22.353799999997136,BACKFILL_AUTO
2026-07-11 23:55:52,1783814152,R_75,53324.8735,1,2.940099999999802,BACKFILL_AUTO
2026-07-11 23:55:54,1783814154,R_75,53325.1583,1,0.2848000000012689,BACKFILL_AUTO
2026-07-11 23:55:56,1783814156,R_75,53324.4004,-1,0.757900000004156,BACKFILL_AUTO
2026-07-11 23:55:58,1783814158,R_75,53329.3729,1,4.9725000000034925,BACKFILL_AUTO
2026-07-11 23:56:00,1783814160,R_75,53336.7814,1,7.40849999999773,BACKFILL_AUTO
2026-07-11 23:56:02,1783814162,R_75,53336.056,-1,0.7254000000029919,BACKFILL_AUTO
2026-07-11 23:56:04,1783814164,R_75,53336.9161,1,0.8601000000053318,BACKFILL_AUTO
2026-07-11 23:56:06,1783814166,R_75,53320.8973,-1,16.018800000005285,BACKFILL_AUTO
2026-07-11 23:56:08,1783814168,R_75,53342.5813,1,21.684000000001106,BACKFILL_AUTO
2026-07-11 23:56:10,1783814170,R_75,53332.6873,-1,9.894000000000233,BACKFILL_AUTO
2026-07-11 23:56:12,1783814172,R_75,53345.8977,1,13.210400000003574,BACKFILL_AUTO
2026-07-11 23:56:14,1783814174,R_75,53352.6061,1,6.7083999999958905,BACKFILL_AUTO
2026-07-11 23:56:16,1783814176,R_75,53375.6637,1,23.057600000000093,BACKFILL_AUTO
2026-07-11 23:56:18,1783814178,R_75,53373.9864,-1,1.6772999999957392,BACKFILL_AUTO
2026-07-11 23:56:20,1783814180,R_75,53381.8954,1,7.908999999999651,BACKFILL_AUTO
2026-07-11 23:56:22,1783814182,R_75,53385.0904,1,3.194999999999709,BACKFILL_AUTO
2026-07-11 23:56:24,1783814184,R_75,53384.3168,-1,0.7736000000004424,BACKFILL_AUTO
2026-07-11 23:56:26,1783814186,R_75,53381.1475,-1,3.1693000000013853,BACKFILL_AUTO
2026-07-11 23:56:28,1783814188,R_75,53400.8225,1,19.67500000000291,BACKFILL_AUTO
2026-07-11 23:56:30,1783814190,R_75,53407.4226,1,6.600099999996019,BACKFILL_AUTO
2026-07-11 23:56:32,1783814192,R_75,53391.4414,-1,15.981199999994715,BACKFILL_AUTO
2026-07-11 23:56:34,1783814194,R_75,53380.439,-1,11.002400000004855,BACKFILL_AUTO
2026-07-11 23:56:36,1783814196,R_75,53370.2084,-1,10.23059999999532,BACKFILL_AUTO
2026-07-11 23:56:38,1783814198,R_75,53365.9308,-1,4.277600000001257,BACKFILL_AUTO
2026-07-11 23:56:40,1783814200,R_75,53337.2385,-1,28.692300000002433,BACKFILL_AUTO
2026-07-11 23:56:42,1783814202,R_75,53335.8539,-1,1.3845999999975902,BACKFILL_AUTO
2026-07-11 23:56:44,1783814204,R_75,53343.6062,1,7.752300000000105,BACKFILL_AUTO
2026-07-11 23:56:46,1783814206,R_75,53349.6371,1,6.030899999997928,BACKFILL_AUTO
2026-07-11 23:56:48,1783814208,R_75,53341.8238,-1,7.813300000001618,BACKFILL_AUTO
2026-07-11 23:56:50,1783814210,R_75,53318.1225,-1,23.70130000000063,BACKFILL_AUTO
2026-07-11 23:56:52,1783814212,R_75,53304.04,-1,14.082499999996799,BACKFILL_AUTO
2026-07-11 23:56:54,1783814214,R_75,53302.0447,-1,1.9953000000023167,BACKFILL_AUTO
2026-07-11 23:56:56,1783814216,R_75,53304.2768,1,2.2321000000010827,BACKFILL_AUTO
2026-07-11 23:56:58,1783814218,R_75,53305.3772,1,1.1004000000029919,BACKFILL_AUTO
2026-07-11 23:57:00,1783814220,R_75,53293.9083,-1,11.468899999999849,BACKFILL_AUTO
2026-07-11 23:57:02,1783814222,R_75,53300.6942,1,6.7858999999953085,BACKFILL_AUTO
2026-07-11 23:57:04,1783814224,R_75,53277.2029,-1,23.4913000000015,BACKFILL_AUTO
2026-07-11 23:57:06,1783814226,R_75,53255.7825,-1,21.420399999995425,BACKFILL_AUTO
2026-07-11 23:57:08,1783814228,R_75,53243.1456,-1,12.636899999997695,BACKFILL_AUTO
2026-07-11 23:57:10,1783814230,R_75,53226.2977,-1,16.847900000000664,BACKFILL_AUTO
2026-07-11 23:57:12,1783814232,R_75,53227.7259,1,1.4281999999948312,BACKFILL_AUTO
2026-07-11 23:57:14,1783814234,R_75,53214.2482,-1,13.47769999999582,BACKFILL_AUTO
2026-07-11 23:57:16,1783814236,R_75,53222.8275,1,8.579299999997602,BACKFILL_AUTO
2026-07-11 23:57:18,1783814238,R_75,53231.1359,1,8.308400000001711,BACKFILL_AUTO
2026-07-11 23:57:20,1783814240,R_75,53235.4069,1,4.27100000000064,BACKFILL_AUTO
2026-07-11 23:57:22,1783814242,R_75,53222.288,-1,13.118900000001304,BACKFILL_AUTO
2026-07-11 23:57:24,1783814244,R_75,53217.443,-1,4.845000000001164,BACKFILL_AUTO
2026-07-11 23:57:26,1783814246,R_75,53223.8415,1,6.398500000002969,BACKFILL_AUTO
2026-07-11 23:57:28,1783814248,R_75,53203.0893,-1,20.75220000000263,BACKFILL_AUTO
2026-07-11 23:57:30,1783814250,R_75,53209.6087,1,6.519399999997404,BACKFILL_AUTO
2026-07-11 23:57:32,1783814252,R_75,53224.2127,1,14.60399999999936,BACKFILL_AUTO
2026-07-11 23:57:34,1783814254,R_75,53236.0848,1,11.8721000000005,BACKFILL_AUTO
2026-07-11 23:57:36,1783814256,R_75,53233.7196,-1,2.3652000000001863,BACKFILL_AUTO
2026-07-11 23:57:38,1783814258,R_75,53241.936,1,8.216400000004796,BACKFILL_AUTO
2026-07-11 23:57:40,1783814260,R_75,53253.8994,1,11.963400000000547,BACKFILL_AUTO
2026-07-11 23:57:42,1783814262,R_75,53261.2406,1,7.341199999995297,BACKFILL_AUTO
2026-07-11 23:57:44,1783814264,R_75,53268.0197,1,6.779099999999744,BACKFILL_AUTO
2026-07-11 23:57:46,1783814266,R_75,53283.9847,1,15.965000000003783,BACKFILL_AUTO
2026-07-11 23:57:48,1783814268,R_75,53277.5071,-1,6.477599999998347,BACKFILL_AUTO
2026-07-11 23:57:50,1783814270,R_75,53278.1747,1,0.6676000000006752,BACKFILL_AUTO
2026-07-11 23:57:52,1783814272,R_75,53283.4344,1,5.259699999995064,BACKFILL_AUTO
2026-07-11 23:57:54,1783814274,R_75,53284.949,1,1.5146000000022468,BACKFILL_AUTO
2026-07-11 23:57:56,1783814276,R_75,53249.57,-1,35.379000000000815,BACKFILL_AUTO
2026-07-11 23:57:58,1783814278,R_75,53260.5439,1,10.97389999999723,BACKFILL_AUTO
2026-07-11 23:58:00,1783814280,R_75,53252.3089,-1,8.234999999993306,BACKFILL_AUTO
2026-07-11 23:58:02,1783814282,R_75,53256.029,1,3.720099999998638,BACKFILL_AUTO
2026-07-11 23:58:04,1783814284,R_75,53271.8588,1,15.829799999999523,BACKFILL_AUTO
2026-07-11 23:58:06,1783814286,R_75,53253.4215,-1,18.437300000005052,BACKFILL_AUTO
2026-07-11 23:58:08,1783814288,R_75,53257.7819,1,4.360400000005029,BACKFILL_AUTO
2026-07-11 23:58:10,1783814290,R_75,53241.6537,-1,16.128199999999197,BACKFILL_AUTO
2026-07-11 23:58:12,1783814292,R_75,53243.2733,1,1.6195999999981723,BACKFILL_AUTO
2026-07-11 23:58:14,1783814294,R_75,53233.3643,-1,9.90899999999965,BACKFILL_AUTO
2026-07-11 23:58:16,1783814296,R_75,53221.9511,-1,11.41320000000269,BACKFILL_AUTO
2026-07-11 23:58:18,1783814298,R_75,53218.2327,-1,3.718399999997928,BACKFILL_AUTO
2026-07-11 23:58:20,1783814300,R_75,53213.6729,-1,4.559800000002724,BACKFILL_AUTO
2026-07-11 23:58:22,1783814302,R_75,53214.5978,1,0.9249000000054366,BACKFILL_AUTO
2026-07-11 23:58:24,1783814304,R_75,53217.6539,1,3.0560999999943306,BACKFILL_AUTO
2026-07-11 23:58:26,1783814306,R_75,53233.9758,1,16.321900000002643,BACKFILL_AUTO
2026-07-11 23:58:28,1783814308,R_75,53266.9553,1,32.97950000000128,BACKFILL_AUTO
2026-07-11 23:58:30,1783814310,R_75,53261.4097,-1,5.545600000004924,BACKFILL_AUTO
2026-07-11 23:58:32,1783814312,R_75,53269.0438,1,7.634100000002945,BACKFILL_AUTO
2026-07-11 23:58:34,1783814314,R_75,53264.7933,-1,4.250500000001921,BACKFILL_AUTO
2026-07-11 23:58:36,1783814316,R_75,53266.9867,1,2.1934000000037486,BACKFILL_AUTO
2026-07-11 23:58:38,1783814318,R_75,53272.2543,1,5.26759999999922,BACKFILL_AUTO
2026-07-11 23:58:40,1783814320,R_75,53265.165,-1,7.089299999999639,BACKFILL_AUTO
2026-07-11 23:58:42,1783814322,R_75,53249.3059,-1,15.85910000000149,BACKFILL_AUTO
2026-07-11 23:58:44,1783814324,R_75,53254.8026,1,5.4967000000033295,BACKFILL_AUTO
2026-07-11 23:58:46,1783814326,R_75,53268.9995,1,14.196899999995367,BACKFILL_AUTO
2026-07-11 23:58:48,1783814328,R_75,53272.8673,1,3.8677999999999884,BACKFILL_AUTO
2026-07-11 23:58:50,1783814330,R_75,53269.2244,-1,3.6428999999989173,BACKFILL_AUTO
2026-07-11 23:58:52,1783814332,R_75,53258.2358,-1,10.98859999999695,BACKFILL_AUTO
2026-07-11 23:58:54,1783814334,R_75,53267.8637,1,9.6278999999995,BACKFILL_AUTO
2026-07-11 23:58:56,1783814336,R_75,53262.69,-1,5.173699999999371,BACKFILL_AUTO
2026-07-11 23:58:58,1783814338,R_75,53265.6329,1,2.9428999999945518,BACKFILL_AUTO
2026-07-11 23:59:00,1783814340,R_75,53263.1074,-1,2.5254999999961,BACKFILL_AUTO
2026-07-11 23:59:02,1783814342,R_75,53270.4458,1,7.338400000000547,BACKFILL_AUTO
2026-07-11 23:59:04,1783814344,R_75,53272.8023,1,2.356500000001688,BACKFILL_AUTO
2026-07-11 23:59:06,1783814346,R_75,53298.126,1,25.32369999999355,BACKFILL_AUTO
2026-07-11 23:59:08,1783814348,R_75,53309.1863,1,11.060300000004645,BACKFILL_AUTO
2026-07-11 23:59:10,1783814350,R_75,53315.6767,1,6.49040000000241,BACKFILL_AUTO
2026-07-11 23:59:12,1783814352,R_75,53296.7581,-1,18.918600000004517,BACKFILL_AUTO
2026-07-11 23:59:14,1783814354,R_75,53278.9055,-1,17.852599999998347,BACKFILL_AUTO
2026-07-11 23:59:16,1783814356,R_75,53288.5849,1,9.679400000000896,BACKFILL_AUTO
2026-07-11 23:59:18,1783814358,R_75,53296.709,1,8.124100000000908,BACKFILL_AUTO
2026-07-11 23:59:20,1783814360,R_75,53281.6263,-1,15.082699999999022,BACKFILL_AUTO
2026-07-11 23:59:22,1783814362,R_75,53280.0987,-1,1.5276000000012573,BACKFILL_AUTO
2026-07-11 23:59:24,1783814364,R_75,53287.9571,1,7.858399999997346,BACKFILL_AUTO
2026-07-11 23:59:26,1783814366,R_75,53286.1364,-1,1.8206999999965774,BACKFILL_AUTO
2026-07-11 23:59:28,1783814368,R_75,53292.5605,1,6.4240999999965425,BACKFILL_AUTO
2026-07-11 23:59:30,1783814370,R_75,53309.4083,1,16.84780000000319,BACKFILL_AUTO
2026-07-11 23:59:32,1783814372,R_75,53311.7608,1,2.352499999993597,BACKFILL_AUTO
2026-07-11 23:59:34,1783814374,R_75,53286.3843,-1,25.376499999998487,BACKFILL_AUTO
2026-07-11 23:59:36,1783814376,R_75,53265.6214,-1,20.76289999999426,BACKFILL_AUTO
2026-07-11 23:59:38,1783814378,R_75,53260.0527,-1,5.568700000003446,BACKFILL_AUTO
2026-07-11 23:59:40,1783814380,R_75,53265.2724,1,5.219700000001467,BACKFILL_AUTO
2026-07-11 23:59:42,1783814382,R_75,53262.244,-1,3.0284000000028755,BACKFILL_AUTO
2026-07-11 23:59:44,1783814384,R_75,53259.6526,-1,2.5913999999975204,BACKFILL_AUTO
2026-07-11 23:59:46,1783814386,R_75,53257.0817,-1,2.570899999998801,BACKFILL_AUTO
2026-07-11 23:59:48,1783814388,R_75,53249.2474,-1,7.8343000000022585,BACKFILL_AUTO
2026-07-11 23:59:50,1783814390,R_75,53249.2332,-1,0.01419999999779975,BACKFILL_AUTO
2026-07-11 23:59:52,1783814392,R_75,53248.3202,-1,0.9130000000004657,BACKFILL_AUTO
2026-07-11 23:59:54,1783814394,R_75,53243.1138,-1,5.206400000002759,BACKFILL_AUTO
2026-07-11 23:59:56,1783814396,R_75,53238.9684,-1,4.145400000001246,BACKFILL_AUTO
2026-07-11 23:59:58,1783814398,R_75,53243.5508,1,4.582399999999325,BACKFILL_AUTO
2026-07-12 00:00:00,1783814400,R_75,53250.8368,1,7.286000000000058,BACKFILL_AUTO
2026-07-12 00:00:02,1783814402,R_75,53258.102,1,7.2652000000016415,BACKFILL_AUTO
2026-07-12 00:00:04,1783814404,R_75,53244.7814,-1,13.320599999999104,BACKFILL_AUTO
2026-07-12 00:00:06,1783814406,R_75,53251.46,1,6.678599999999278,BACKFILL_AUTO
2026-07-12 00:00:08,1783814408,R_75,53238.7903,-1,12.669699999998556,BACKFILL_AUTO
2026-07-12 00:00:10,1783814410,R_75,53233.5976,-1,5.192699999999604,BACKFILL_AUTO
2026-07-12 00:00:12,1783814412,R_75,53229.1353,-1,4.462299999999232,BACKFILL_AUTO
2026-07-12 00:00:14,1783814414,R_75,53230.9614,1,1.826099999998405,BACKFILL_AUTO
2026-07-12 00:00:16,1783814416,R_75,53225.3885,-1,5.572899999999208,BACKFILL_AUTO
2026-07-12 00:00:18,1783814418,R_75,53221.8968,-1,3.491699999998673,BACKFILL_AUTO
2026-07-12 00:00:20,1783814420,R_75,53242.654,1,20.75720000000001,BACKFILL_AUTO
2026-07-12 00:00:22,1783814422,R_75,53224.1909,-1,18.46310000000085,BACKFILL_AUTO
2026-07-12 00:00:24,1783814424,R_75,53226.3261,1,2.135199999996985,BACKFILL_AUTO
2026-07-12 00:00:26,1783814426,R_75,53221.8,-1,4.526099999995495,BACKFILL_AUTO
2026-07-12 00:00:28,1783814428,R_75,53236.5408,1,14.740799999999581,BACKFILL_AUTO
2026-07-12 00:00:30,1783814430,R_75,53253.2641,1,16.723299999997835,BACKFILL_AUTO
2026-07-12 00:00:32,1783814432,R_75,53241.2867,-1,11.9774000000034,BACKFILL_AUTO
2026-07-12 00:00:34,1783814434,R_75,53236.303,-1,4.983699999997043,BACKFILL_AUTO
2026-07-12 00:00:36,1783814436,R_75,53253.0862,1,16.783199999998033,BACKFILL_AUTO
2026-07-12 00:00:38,1783814438,R_75,53258.3264,1,5.240200000000186,BACKFILL_AUTO
2026-07-12 00:00:40,1783814440,R_75,53263.3072,1,4.98080000000482,BACKFILL_AUTO
2026-07-12 00:00:42,1783814442,R_75,53269.9561,1,6.64890000000014,BACKFILL_AUTO
2026-07-12 00:00:44,1783814444,R_75,53260.2345,-1,9.7216000000044,BACKFILL_AUTO
2026-07-12 00:00:46,1783814446,R_75,53261.3954,1,1.1609000000025844,BACKFILL_AUTO
2026-07-12 00:00:48,1783814448,R_75,53271.2715,1,9.876100000001315,BACKFILL_AUTO
2026-07-12 00:00:50,1783814450,R_75,53272.5436,1,1.2720999999946798,BACKFILL_AUTO
2026-07-12 00:00:52,1783814452,R_75,53262.3868,-1,10.15679999999702,BACKFILL_AUTO
2026-07-12 00:00:54,1783814454,R_75,53272.9,1,10.513200000001234,BACKFILL_AUTO
2026-07-12 00:00:56,1783814456,R_75,53275.15,1,2.25,BACKFILL_AUTO
2026-07-12 00:00:58,1783814458,R_75,53283.488,1,8.3379999999961,BACKFILL_AUTO
2026-07-12 00:01:00,1783814460,R_75,53266.517,-1,16.97099999999773,BACKFILL_AUTO
2026-07-12 00:01:02,1783814462,R_75,53274.1205,1,7.603499999997439,BACKFILL_AUTO
2026-07-12 00:01:04,1783814464,R_75,53280.3768,1,6.25630000000092,BACKFILL_AUTO
2026-07-12 00:01:06,1783814466,R_75,53280.3866,1,0.009799999999813735,BACKFILL_AUTO
2026-07-12 00:01:08,1783814468,R_75,53280.371,-1,0.015599999998812564,BACKFILL_AUTO
2026-07-12 00:01:10,1783814470,R_75,53280.2312,-1,0.1397999999971944,BACKFILL_AUTO
2026-07-12 00:01:12,1783814472,R_75,53288.2931,1,8.061900000000605,BACKFILL_AUTO
2026-07-12 00:01:14,1783814474,R_75,53278.8631,-1,9.430000000000291,BACKFILL_AUTO
2026-07-12 00:01:16,1783814476,R_75,53293.5213,1,14.658199999998033,BACKFILL_AUTO
2026-07-12 00:01:18,1783814478,R_75,53282.4208,-1,11.100500000000466,BACKFILL_AUTO
2026-07-12 00:01:20,1783814480,R_75,53273.1933,-1,9.227500000000873,BACKFILL_AUTO
2026-07-12 00:01:22,1783814482,R_75,53268.8462,-1,4.347099999999045,BACKFILL_AUTO
2026-07-12 00:01:24,1783814484,R_75,53272.4293,1,3.583100000003469,BACKFILL_AUTO
2026-07-12 00:01:26,1783814486,R_75,53271.7332,-1,0.6961000000010245,BACKFILL_AUTO
2026-07-12 00:01:28,1783814488,R_75,53282.4684,1,10.73519999999553,BACKFILL_AUTO
2026-07-12 00:01:30,1783814490,R_75,53274.6341,-1,7.8342999999949825,BACKFILL_AUTO
2026-07-12 00:01:32,1783814492,R_75,53271.8874,-1,2.7467000000033295,BACKFILL_AUTO
2026-07-12 00:01:34,1783814494,R_75,53267.9459,-1,3.941500000000815,BACKFILL_AUTO
2026-07-12 00:01:36,1783814496,R_75,53278.8227,1,10.876799999998184,BACKFILL_AUTO
2026-07-12 00:01:38,1783814498,R_75,53273.1574,-1,5.66530000000057,BACKFILL_AUTO
2026-07-12 00:01:40,1783814500,R_75,53255.4613,-1,17.69609999999375,BACKFILL_AUTO
2026-07-12 00:01:42,1783814502,R_75,53253.8532,-1,1.6081000000049244,BACKFILL_AUTO
2026-07-12 00:01:44,1783814504,R_75,53250.6226,-1,3.23059999999532,BACKFILL_AUTO
2026-07-12 00:01:46,1783814506,R_75,53246.2938,-1,4.328800000002957,BACKFILL_AUTO
2026-07-12 00:01:48,1783814508,R_75,53239.1317,-1,7.162100000001374,BACKFILL_AUTO
2026-07-12 00:01:50,1783814510,R_75,53239.6239,1,0.4922000000005937,BACKFILL_AUTO
2026-07-12 00:01:52,1783814512,R_75,53248.5296,1,8.90570000000298,BACKFILL_AUTO
2026-07-12 00:01:54,1783814514,R_75,53267.5399,1,19.010300000001735,BACKFILL_AUTO
2026-07-12 00:01:56,1783814516,R_75,53252.7431,-1,14.796800000003714,BACKFILL_AUTO
2026-07-12 00:01:58,1783814518,R_75,53265.2083,1,12.465199999998731,BACKFILL_AUTO
2026-07-12 00:02:00,1783814520,R_75,53251.4552,-1,13.753100000001723,BACKFILL_AUTO
2026-07-12 00:02:02,1783814522,R_75,53248.3188,-1,3.136399999995774,BACKFILL_AUTO
2026-07-12 00:02:04,1783814524,R_75,53239.7139,-1,8.604899999998452,BACKFILL_AUTO
2026-07-12 00:02:06,1783814526,R_75,53240.8043,1,1.0904000000009546,BACKFILL_AUTO
2026-07-12 00:02:08,1783814528,R_75,53243.6103,1,2.805999999996857,BACKFILL_AUTO
2026-07-12 00:02:10,1783814530,R_75,53235.879,-1,7.7312999999994645,BACKFILL_AUTO
2026-07-12 00:02:12,1783814532,R_75,53258.7418,1,22.862800000002608,BACKFILL_AUTO
2026-07-12 00:02:14,1783814534,R_75,53273.9731,1,15.231299999999464,BACKFILL_AUTO
2026-07-12 00:02:16,1783814536,R_75,53277.2662,1,3.29309999999532,BACKFILL_AUTO
2026-07-12 00:02:18,1783814538,R_75,53292.3645,1,15.09830000000511,BACKFILL_AUTO
2026-07-12 00:02:20,1783814540,R_75,53287.6802,-1,4.684300000000803,BACKFILL_AUTO
2026-07-12 00:02:22,1783814542,R_75,53280.1966,-1,7.483599999999569,BACKFILL_AUTO
2026-07-12 00:02:24,1783814544,R_75,53259.6857,-1,20.51090000000113,BACKFILL_AUTO
2026-07-12 00:02:26,1783814546,R_75,53273.4087,1,13.722999999998137,BACKFILL_AUTO
2026-07-12 00:02:28,1783814548,R_75,53284.2736,1,10.864900000000489,BACKFILL_AUTO
2026-07-12 00:02:30,1783814550,R_75,53292.548,1,8.27440000000206,BACKFILL_AUTO
2026-07-12 00:02:32,1783814552,R_75,53268.2076,-1,24.340400000000955,BACKFILL_AUTO
2026-07-12 00:02:34,1783814554,R_75,53273.4668,1,5.259200000000419,BACKFILL_AUTO
2026-07-12 00:02:36,1783814556,R_75,53290.0629,1,16.596099999995204,BACKFILL_AUTO
2026-07-12 00:02:38,1783814558,R_75,53296.0196,1,5.956700000002456,BACKFILL_AUTO
2026-07-12 00:02:40,1783814560,R_75,53283.2259,-1,12.79370000000199,BACKFILL_AUTO
2026-07-12 00:02:42,1783814562,R_75,53271.861,-1,11.364900000000489,BACKFILL_AUTO
2026-07-12 00:02:44,1783814564,R_75,53257.0589,-1,14.802099999993516,BACKFILL_AUTO
2026-07-12 00:02:46,1783814566,R_75,53244.2513,-1,12.807600000000093,BACKFILL_AUTO
2026-07-12 00:02:48,1783814568,R_75,53232.2401,-1,12.011200000000827,BACKFILL_AUTO
2026-07-12 00:02:50,1783814570,R_75,53225.2241,-1,7.01600000000326,BACKFILL_AUTO
2026-07-12 00:02:52,1783814572,R_75,53217.3365,-1,7.887600000001839,BACKFILL_AUTO
2026-07-12 00:02:54,1783814574,R_75,53200.594,-1,16.74250000000029,BACKFILL_AUTO
2026-07-12 00:02:56,1783814576,R_75,53185.0959,-1,15.498099999997066,BACKFILL_AUTO
2026-07-12 00:02:58,1783814578,R_75,53188.1624,1,3.066500000000815,BACKFILL_AUTO
2026-07-12 00:03:00,1783814580,R_75,53181.3837,-1,6.778700000002573,BACKFILL_AUTO
2026-07-12 00:03:02,1783814582,R_75,53184.1107,1,2.7269999999989523,BACKFILL_AUTO
2026-07-12 00:03:04,1783814584,R_75,53186.5905,1,2.479800000000978,BACKFILL_AUTO
2026-07-12 00:03:06,1783814586,R_75,53181.4469,-1,5.143599999995786,BACKFILL_AUTO
2026-07-12 00:03:08,1783814588,R_75,53192.5125,1,11.065599999994447,BACKFILL_AUTO
2026-07-12 00:03:10,1783814590,R_75,53213.8637,1,21.35120000000461,BACKFILL_AUTO
2026-07-12 00:03:12,1783814592,R_75,53207.9394,-1,5.924299999998766,BACKFILL_AUTO
2026-07-12 00:03:14,1783814594,R_75,53198.2671,-1,9.672300000005635,BACKFILL_AUTO
2026-07-12 00:03:16,1783814596,R_75,53202.5427,1,4.27560000000085,BACKFILL_AUTO
2026-07-12 00:03:18,1783814598,R_75,53212.7722,1,10.22950000000128,BACKFILL_AUTO
2026-07-12 00:03:20,1783814600,R_75,53197.389,-1,15.383199999996577,BACKFILL_AUTO
2026-07-12 00:03:22,1783814602,R_75,53196.9461,-1,0.4429000000018277,BACKFILL_AUTO
2026-07-12 00:03:24,1783814604,R_75,53203.1365,1,6.190399999999499,BACKFILL_AUTO
2026-07-12 00:03:26,1783814606,R_75,53192.9182,-1,10.218300000000454,BACKFILL_AUTO
2026-07-12 00:03:28,1783814608,R_75,53208.0832,1,15.165000000000873,BACKFILL_AUTO
2026-07-12 00:03:30,1783814610,R_75,53209.8647,1,1.7814999999973224,BACKFILL_AUTO
2026-07-12 00:03:32,1783814612,R_75,53201.3831,-1,8.481599999999162,BACKFILL_AUTO
2026-07-12 00:03:34,1783814614,R_75,53206.3549,1,4.971799999999348,BACKFILL_AUTO
2026-07-12 00:03:36,1783814616,R_75,53192.8998,-1,13.45509999999922,BACKFILL_AUTO
2026-07-12 00:03:38,1783814618,R_75,53171.3284,-1,21.57140000000072,BACKFILL_AUTO
2026-07-12 00:03:40,1783814620,R_75,53183.4776,1,12.149199999999837,BACKFILL_AUTO
2026-07-12 00:03:42,1783814622,R_75,53181.8055,-1,1.672099999996135,BACKFILL_AUTO
2026-07-12 00:03:44,1783814624,R_75,53175.8197,-1,5.9858000000022,BACKFILL_AUTO
2026-07-12 00:03:46,1783814626,R_75,53185.1673,1,9.347600000000966,BACKFILL_AUTO
2026-07-12 00:03:48,1783814628,R_75,53183.9623,-1,1.2050000000017462,BACKFILL_AUTO
2026-07-12 00:03:50,1783814630,R_75,53185.836,1,1.873700000003737,BACKFILL_AUTO
2026-07-12 00:03:52,1783814632,R_75,53194.9444,1,9.108399999997346,BACKFILL_AUTO
2026-07-12 00:03:54,1783814634,R_75,53213.8466,1,18.90219999999681,BACKFILL_AUTO
2026-07-12 00:03:56,1783814636,R_75,53219.7352,1,5.888600000005681,BACKFILL_AUTO
2026-07-12 00:03:58,1783814638,R_75,53223.7652,1,4.029999999998836,BACKFILL_AUTO
2026-07-12 00:04:00,1783814640,R_75,53230.0638,1,6.298600000001898,BACKFILL_AUTO
2026-07-12 00:04:02,1783814642,R_75,53240.5572,1,10.493399999999383,BACKFILL_AUTO
2026-07-12 00:04:04,1783814644,R_75,53248.9295,1,8.372299999995448,BACKFILL_AUTO
2026-07-12 00:04:06,1783814646,R_75,53249.6939,1,0.7644000000000233,BACKFILL_AUTO
2026-07-12 00:04:08,1783814648,R_75,53272.9597,1,23.265800000001036,BACKFILL_AUTO
2026-07-12 00:04:10,1783814650,R_75,53266.8235,-1,6.1362000000008265,BACKFILL_AUTO
2026-07-12 00:04:12,1783814652,R_75,53262.1245,-1,4.699000000000524,BACKFILL_AUTO
2026-07-12 00:04:14,1783814654,R_75,53271.9247,1,9.800200000005134,BACKFILL_AUTO
2026-07-12 00:04:16,1783814656,R_75,53275.739,1,3.814299999998184,BACKFILL_AUTO
2026-07-12 00:04:18,1783814658,R_75,53286.8022,1,11.063199999996868,BACKFILL_AUTO
2026-07-12 00:04:20,1783814660,R_75,53302.286,1,15.483800000001793,BACKFILL_AUTO
2026-07-12 00:04:22,1783814662,R_75,53309.7574,1,7.471400000002177,BACKFILL_AUTO
2026-07-12 00:04:24,1783814664,R_75,53313.5893,1,3.831899999997404,BACKFILL_AUTO
2026-07-12 00:04:26,1783814666,R_75,53302.8008,-1,10.788500000002387,BACKFILL_AUTO
2026-07-12 00:04:28,1783814668,R_75,53302.6579,-1,0.14289999999891734,BACKFILL_AUTO
2026-07-12 00:04:30,1783814670,R_75,53287.2343,-1,15.423600000001898,BACKFILL_AUTO
2026-07-12 00:04:32,1783814672,R_75,53297.3481,1,10.11380000000645,BACKFILL_AUTO
2026-07-12 00:04:34,1783814674,R_75,53302.4889,1,5.14079999999376,BACKFILL_AUTO
2026-07-12 00:04:36,1783814676,R_75,53305.2474,1,2.7585000000035507,BACKFILL_AUTO
2026-07-12 00:04:38,1783814678,R_75,53309.0295,1,3.782099999996717,BACKFILL_AUTO
2026-07-12 00:04:40,1783814680,R_75,53300.184,-1,8.845499999995809,BACKFILL_AUTO
2026-07-12 00:04:42,1783814682,R_75,53313.8884,1,13.704400000002352,BACKFILL_AUTO
2026-07-12 00:04:44,1783814684,R_75,53317.4044,1,3.5159999999959837,BACKFILL_AUTO
2026-07-12 00:04:46,1783814686,R_75,53329.2316,1,11.82719999999972,BACKFILL_AUTO
2026-07-12 00:04:48,1783814688,R_75,53331.3554,1,2.1238000000012107,BACKFILL_AUTO
2026-07-12 00:04:50,1783814690,R_75,53320.3089,-1,11.04649999999674,BACKFILL_AUTO
2026-07-12 00:04:52,1783814692,R_75,53309.8657,-1,10.443200000001525,BACKFILL_AUTO
2026-07-12 00:04:54,1783814694,R_75,53318.6932,1,8.827499999999418,BACKFILL_AUTO
2026-07-12 00:04:56,1783814696,R_75,53325.9072,1,7.213999999999942,BACKFILL_AUTO
2026-07-12 00:04:58,1783814698,R_75,53336.3547,1,10.447500000002037,BACKFILL_AUTO
2026-07-12 00:05:00,1783814700,R_75,53333.4674,-1,2.887300000002142,BACKFILL_AUTO
2026-07-12 00:05:02,1783814702,R_75,53324.3323,-1,9.135099999999511,BACKFILL_AUTO
2026-07-12 00:05:04,1783814704,R_75,53332.3217,1,7.989399999998568,BACKFILL_AUTO
2026-07-12 00:05:06,1783814706,R_75,53348.7173,1,16.395599999996193,BACKFILL_AUTO
2026-07-12 00:05:08,1783814708,R_75,53343.6654,-1,5.051899999998568,BACKFILL_AUTO
2026-07-12 00:05:10,1783814710,R_75,53348.2998,1,4.634400000002643,BACKFILL_AUTO
2026-07-12 00:05:12,1783814712,R_75,53352.7647,1,4.464899999999034,BACKFILL_AUTO
2026-07-12 00:05:14,1783814714,R_75,53345.0548,-1,7.709900000001653,BACKFILL_AUTO
2026-07-12 00:05:16,1783814716,R_75,53346.1442,1,1.0894000000043889,BACKFILL_AUTO
2026-07-12 00:05:18,1783814718,R_75,53337.4616,-1,8.682600000000093,BACKFILL_AUTO
2026-07-12 00:05:20,1783814720,R_75,53335.6708,-1,1.7908000000024913,BACKFILL_AUTO
2026-07-12 00:05:22,1783814722,R_75,53354.497,1,18.826200000003155,BACKFILL_AUTO
2026-07-12 00:05:24,1783814724,R_75,53331.7655,-1,22.731500000001688,BACKFILL_AUTO
2026-07-12 00:05:26,1783814726,R_75,53332.2034,1,0.4378999999971711,BACKFILL_AUTO
2026-07-12 00:05:28,1783814728,R_75,53332.5505,1,0.3470999999990454,BACKFILL_AUTO
2026-07-12 00:05:30,1783814730,R_75,53328.8787,-1,3.6717999999964377,BACKFILL_AUTO
2026-07-12 00:05:32,1783814732,R_75,53327.5332,-1,1.345500000003085,BACKFILL_AUTO
2026-07-12 00:05:34,1783814734,R_75,53327.4024,-1,0.13079999999899883,BACKFILL_AUTO
2026-07-12 00:05:36,1783814736,R_75,53335.087,1,7.684600000000501,BACKFILL_AUTO
2026-07-12 00:05:38,1783814738,R_75,53327.6992,-1,7.387799999996787,BACKFILL_AUTO
2026-07-12 00:05:40,1783814740,R_75,53334.1348,1,6.435599999997066,BACKFILL_AUTO
2026-07-12 00:05:42,1783814742,R_75,53341.9087,1,7.77390000000014,BACKFILL_AUTO
2026-07-12 00:05:44,1783814744,R_75,53347.2889,1,5.380199999999604,BACKFILL_AUTO
2026-07-12 00:05:46,1783814746,R_75,53327.9542,-1,19.33469999999943,BACKFILL_AUTO
2026-07-12 00:05:48,1783814748,R_75,53339.3046,1,11.350400000002992,BACKFILL_AUTO
2026-07-12 00:05:50,1783814750,R_75,53332.9335,-1,6.371100000003935,BACKFILL_AUTO
2026-07-12 00:05:52,1783814752,R_75,53310.4847,-1,22.4487999999983,BACKFILL_AUTO
2026-07-12 00:05:54,1783814754,R_75,53308.426,-1,2.0587000000014086,BACKFILL_AUTO
2026-07-12 00:05:56,1783814756,R_75,53301.6812,-1,6.744800000000396,BACKFILL_AUTO
2026-07-12 00:05:58,1783814758,R_75,53314.2886,1,12.60740000000078,BACKFILL_AUTO
2026-07-12 00:06:00,1783814760,R_75,53323.2858,1,8.997199999997974,BACKFILL_AUTO
2026-07-12 00:06:02,1783814762,R_75,53326.8446,1,3.5587999999988824,BACKFILL_AUTO
2026-07-12 00:06:04,1783814764,R_75,53318.7961,-1,8.048499999997148,BACKFILL_AUTO
2026-07-12 00:06:06,1783814766,R_75,53315.929,-1,2.86710000000312,BACKFILL_AUTO
2026-07-12 00:06:08,1783814768,R_75,53327.027,1,11.098000000005413,BACKFILL_AUTO
2026-07-12 00:06:10,1783814770,R_75,53329.2973,1,2.270299999996496,BACKFILL_AUTO
2026-07-12 00:06:12,1783814772,R_75,53334.9248,1,5.627500000002328,BACKFILL_AUTO
2026-07-12 00:06:14,1783814774,R_75,53354.3487,1,19.423900000001595,BACKFILL_AUTO
2026-07-12 00:06:16,1783814776,R_75,53345.6216,-1,8.727100000003702,BACKFILL_AUTO
2026-07-12 00:06:18,1783814778,R_75,53347.9029,1,2.281300000002375,BACKFILL_AUTO
2026-07-12 00:06:20,1783814780,R_75,53324.2221,-1,23.68080000000191,BACKFILL_AUTO
2026-07-12 00:06:22,1783814782,R_75,53319.5839,-1,4.638200000001234,BACKFILL_AUTO
2026-07-12 00:06:24,1783814784,R_75,53308.2282,-1,11.35570000000007,BACKFILL_AUTO
2026-07-12 00:06:26,1783814786,R_75,53308.317,1,0.08880000000499422,BACKFILL_AUTO
2026-07-12 00:06:28,1783814788,R_75,53318.9225,1,10.605499999997846,BACKFILL_AUTO
2026-07-12 00:06:30,1783814790,R_75,53325.2162,1,6.293700000001991,BACKFILL_AUTO
2026-07-12 00:06:32,1783814792,R_75,53319.0862,-1,6.130000000004657,BACKFILL_AUTO
2026-07-12 00:06:34,1783814794,R_75,53315.3466,-1,3.7396000000007916,BACKFILL_AUTO
2026-07-12 00:06:36,1783814796,R_75,53318.6365,1,3.2899000000033993,BACKFILL_AUTO
2026-07-12 00:06:38,1783814798,R_75,53316.0275,-1,2.6090000000040163,BACKFILL_AUTO
2026-07-12 00:06:40,1783814800,R_75,53310.9144,-1,5.113099999995029,BACKFILL_AUTO
2026-07-12 00:06:42,1783814802,R_75,53306.0879,-1,4.826500000002852,BACKFILL_AUTO
2026-07-12 00:06:44,1783814804,R_75,53309.0658,1,2.9778999999980442,BACKFILL_AUTO
2026-07-12 00:06:46,1783814806,R_75,53316.7492,1,7.683400000001711,BACKFILL_AUTO
2026-07-12 00:06:48,1783814808,R_75,53294.8564,-1,21.892800000001444,BACKFILL_AUTO
2026-07-12 00:06:50,1783814810,R_75,53298.3752,1,3.5188000000052853,BACKFILL_AUTO
2026-07-12 00:06:52,1783814812,R_75,53277.4954,-1,20.879800000002433,BACKFILL_AUTO
2026-07-12 00:06:54,1783814814,R_75,53264.5306,-1,12.96480000000156,BACKFILL_AUTO
2026-07-12 00:06:56,1783814816,R_75,53263.3296,-1,1.2010000000009313,BACKFILL_AUTO
2026-07-12 00:06:58,1783814818,R_75,53270.2825,1,6.952900000003865,BACKFILL_AUTO
2026-07-12 00:07:00,1783814820,R_75,53281.0992,1,10.816699999995762,BACKFILL_AUTO
2026-07-12 00:07:02,1783814822,R_75,53275.7261,-1,5.373099999997066,BACKFILL_AUTO
2026-07-12 00:07:04,1783814824,R_75,53261.8008,-1,13.925300000002608,BACKFILL_AUTO
2026-07-12 00:07:06,1783814826,R_75,53253.9274,-1,7.873399999996764,BACKFILL_AUTO
2026-07-12 00:07:08,1783814828,R_75,53256.2414,1,2.3139999999984866,BACKFILL_AUTO
2026-07-12 00:07:10,1783814830,R_75,53278.583,1,22.341599999999744,BACKFILL_AUTO
2026-07-12 00:07:12,1783814832,R_75,53291.7685,1,13.185499999999593,BACKFILL_AUTO
2026-07-12 00:07:14,1783814834,R_75,53279.3764,-1,12.3920999999973,BACKFILL_AUTO
2026-07-12 00:07:16,1783814836,R_75,53289.5554,1,10.17899999999645,BACKFILL_AUTO
2026-07-12 00:07:18,1783814838,R_75,53288.2655,-1,1.2898999999961234,BACKFILL_AUTO
2026-07-12 00:07:20,1783814840,R_75,53285.7207,-1,2.544800000003306,BACKFILL_AUTO
2026-07-12 00:07:22,1783814842,R_75,53289.546,1,3.825300000004063,BACKFILL_AUTO
2026-07-12 00:07:24,1783814844,R_75,53297.4015,1,7.855499999997846,BACKFILL_AUTO
2026-07-12 00:07:26,1783814846,R_75,53302.9174,1,5.51589999999851,BACKFILL_AUTO
2026-07-12 00:07:28,1783814848,R_75,53308.725,1,5.807600000000093,BACKFILL_AUTO
2026-07-12 00:07:30,1783814850,R_75,53306.9712,-1,1.7537999999985914,BACKFILL_AUTO
2026-07-12 00:07:32,1783814852,R_75,53289.3686,-1,17.602599999998347,BACKFILL_AUTO
2026-07-12 00:07:34,1783814854,R_75,53294.1481,1,4.779499999996915,BACKFILL_AUTO
2026-07-12 00:07:36,1783814856,R_75,53287.6806,-1,6.467499999998836,BACKFILL_AUTO
2026-07-12 00:07:38,1783814858,R_75,53285.0329,-1,2.6477000000013504,BACKFILL_AUTO
2026-07-12 00:07:40,1783814860,R_75,53271.8299,-1,13.203000000001339,BACKFILL_AUTO
2026-07-12 00:07:42,1783814862,R_75,53258.4289,-1,13.400999999998021,BACKFILL_AUTO
2026-07-12 00:07:44,1783814864,R_75,53250.4069,-1,8.021999999997206,BACKFILL_AUTO
2026-07-12 00:07:46,1783814866,R_75,53246.2894,-1,4.117500000000291,BACKFILL_AUTO
2026-07-12 00:07:48,1783814868,R_75,53245.6628,-1,0.6266000000032363,BACKFILL_AUTO
2026-07-12 00:07:50,1783814870,R_75,53232.5949,-1,13.067900000001828,BACKFILL_AUTO
2026-07-12 00:07:52,1783814872,R_75,53234.4733,1,1.8784000000014203,BACKFILL_AUTO
2026-07-12 00:07:54,1783814874,R_75,53246.1218,1,11.648500000002969,BACKFILL_AUTO
2026-07-12 00:07:56,1783814876,R_75,53223.5585,-1,22.563300000001618,BACKFILL_AUTO
2026-07-12 00:07:58,1783814878,R_75,53237.7609,1,14.202400000001944,BACKFILL_AUTO
2026-07-12 00:08:00,1783814880,R_75,53233.2832,-1,4.477700000003097,BACKFILL_AUTO
2026-07-12 00:08:02,1783814882,R_75,53224.6154,-1,8.667799999995623,BACKFILL_AUTO
2026-07-12 00:08:04,1783814884,R_75,53236.2683,1,11.652900000000955,BACKFILL_AUTO
2026-07-12 00:08:06,1783814886,R_75,53230.8442,-1,5.424100000003818,BACKFILL_AUTO
2026-07-12 00:08:08,1783814888,R_75,53230.1529,-1,0.6912999999985914,BACKFILL_AUTO
2026-07-12 00:08:10,1783814890,R_75,53217.2083,-1,12.944600000002538,BACKFILL_AUTO
2026-07-12 00:08:12,1783814892,R_75,53215.9047,-1,1.3035999999992782,BACKFILL_AUTO
2026-07-12 00:08:14,1783814894,R_75,53228.0119,1,12.107199999998556,BACKFILL_AUTO
2026-07-12 00:08:16,1783814896,R_75,53219.8896,-1,8.122299999995448,BACKFILL_AUTO
2026-07-12 00:08:18,1783814898,R_75,53223.8124,1,3.9228000000002794,BACKFILL_AUTO
2026-07-12 00:08:20,1783814900,R_75,53211.7827,-1,12.029699999999139,BACKFILL_AUTO
2026-07-12 00:08:22,1783814902,R_75,53209.3161,-1,2.46660000000702,BACKFILL_AUTO
2026-07-12 00:08:24,1783814904,R_75,53211.1174,1,1.8013000000064494,BACKFILL_AUTO
2026-07-12 00:08:26,1783814906,R_75,53209.8141,-1,1.303299999999581,BACKFILL_AUTO
2026-07-12 00:08:28,1783814908,R_75,53196.4558,-1,13.358299999999872,BACKFILL_AUTO
2026-07-12 00:08:30,1783814910,R_75,53199.7855,1,3.329699999994773,BACKFILL_AUTO
2026-07-12 00:08:32,1783814912,R_75,53208.3506,1,8.565099999999802,BACKFILL_AUTO
2026-07-12 00:08:34,1783814914,R_75,53202.8642,-1,5.486399999994319,BACKFILL_AUTO
2026-07-12 00:08:36,1783814916,R_75,53188.299,-1,14.565200000004552,BACKFILL_AUTO
2026-07-12 00:08:38,1783814918,R_75,53202.9685,1,14.669500000003609,BACKFILL_AUTO
2026-07-12 00:08:40,1783814920,R_75,53195.7955,-1,7.173000000002503,BACKFILL_AUTO
2026-07-12 00:08:42,1783814922,R_75,53186.0037,-1,9.791799999999057,BACKFILL_AUTO
2026-07-12 00:08:44,1783814924,R_75,53162.7388,-1,23.264900000001944,BACKFILL_AUTO
2026-07-12 00:08:46,1783814926,R_75,53162.4245,-1,0.3142999999981839,BACKFILL_AUTO
2026-07-12 00:08:48,1783814928,R_75,53154.6919,-1,7.7326000000030035,BACKFILL_AUTO
2026-07-12 00:08:50,1783814930,R_75,53139.6521,-1,15.03979999999865,BACKFILL_AUTO
2026-07-12 00:08:52,1783814932,R_75,53136.3878,-1,3.2643000000025495,BACKFILL_AUTO
2026-07-12 00:08:54,1783814934,R_75,53142.6616,1,6.273800000002666,BACKFILL_AUTO
2026-07-12 00:08:56,1783814936,R_75,53147.2848,1,4.623200000001816,BACKFILL_AUTO
2026-07-12 00:08:58,1783814938,R_75,53130.2891,-1,16.995699999999488,BACKFILL_AUTO
2026-07-12 00:09:00,1783814940,R_75,53135.5663,1,5.27719999999681,BACKFILL_AUTO
2026-07-12 00:09:02,1783814942,R_75,53130.7463,-1,4.819999999999709,BACKFILL_AUTO
2026-07-12 00:09:04,1783814944,R_75,53136.7157,1,5.9694000000017695,BACKFILL_AUTO
2026-07-12 00:09:06,1783814946,R_75,53123.2086,-1,13.507100000002538,BACKFILL_AUTO
2026-07-12 00:09:08,1783814948,R_75,53140.9869,1,17.7783000000054,BACKFILL_AUTO
2026-07-12 00:09:10,1783814950,R_75,53136.5015,-1,4.485400000005029,BACKFILL_AUTO
2026-07-12 00:09:12,1783814952,R_75,53141.3132,1,4.811699999998382,BACKFILL_AUTO
2026-07-12 00:09:14,1783814954,R_75,53152.5783,1,11.265100000004168,BACKFILL_AUTO
2026-07-12 00:09:16,1783814956,R_75,53160.5368,1,7.95850000000064,BACKFILL_AUTO
2026-07-12 00:09:18,1783814958,R_75,53161.3439,1,0.8070999999981723,BACKFILL_AUTO
2026-07-12 00:09:20,1783814960,R_75,53142.7658,-1,18.578099999998813,BACKFILL_AUTO
2026-07-12 00:09:22,1783814962,R_75,53156.0377,1,13.271899999999732,BACKFILL_AUTO
2026-07-12 00:09:24,1783814964,R_75,53152.5737,-1,3.463999999999942,BACKFILL_AUTO
2026-07-12 00:09:26,1783814966,R_75,53167.495,1,14.921300000001793,BACKFILL_AUTO
2026-07-12 00:09:28,1783814968,R_75,53170.5849,1,3.0898999999990338,BACKFILL_AUTO
2026-07-12 00:09:30,1783814970,R_75,53172.1316,1,1.546699999998964,BACKFILL_AUTO
2026-07-12 00:09:32,1783814972,R_75,53172.0913,-1,0.040300000000570435,BACKFILL_AUTO
2026-07-12 00:09:34,1783814974,R_75,53174.4603,1,2.3689999999987776,BACKFILL_AUTO
2026-07-12 00:09:36,1783814976,R_75,53158.399,-1,16.06130000000121,BACKFILL_AUTO
2026-07-12 00:09:38,1783814978,R_75,53170.1234,1,11.72439999999915,BACKFILL_AUTO
2026-07-12 00:09:40,1783814980,R_75,53172.65,1,2.5266000000046915,BACKFILL_AUTO
2026-07-12 00:09:42,1783814982,R_75,53165.0997,-1,7.550300000002608,BACKFILL_AUTO
2026-07-12 00:09:44,1783814984,R_75,53183.5234,1,18.42369999999937,BACKFILL_AUTO
2026-07-12 00:09:46,1783814986,R_75,53183.0718,-1,0.45160000000032596,BACKFILL_AUTO
2026-07-12 00:09:48,1783814988,R_75,53173.722,-1,9.349799999996321,BACKFILL_AUTO
2026-07-12 00:09:50,1783814990,R_75,53187.8362,1,14.114199999996345,BACKFILL_AUTO
2026-07-12 00:09:52,1783814992,R_75,53191.8921,1,4.055899999999383,BACKFILL_AUTO
2026-07-12 00:09:54,1783814994,R_75,53198.5878,1,6.695700000003853,BACKFILL_AUTO
2026-07-12 00:09:56,1783814996,R_75,53184.7639,-1,13.82390000000305,BACKFILL_AUTO
2026-07-12 00:09:58,1783814998,R_75,53181.7898,-1,2.974099999999453,BACKFILL_AUTO
2026-07-12 00:10:00,1783815000,R_75,53184.6083,1,2.8185000000012224,BACKFILL_AUTO
2026-07-12 00:10:02,1783815002,R_75,53179.1169,-1,5.4913999999989755,BACKFILL_AUTO
2026-07-12 00:10:04,1783815004,R_75,53176.6442,-1,2.47269999999844,BACKFILL_AUTO
2026-07-12 00:10:06,1783815006,R_75,53164.68,-1,11.964200000002165,BACKFILL_AUTO
2026-07-12 00:10:08,1783815008,R_75,53171.2411,1,6.561099999998987,BACKFILL_AUTO
2026-07-12 00:10:10,1783815010,R_75,53193.8004,1,22.559300000000803,BACKFILL_AUTO
2026-07-12 00:10:12,1783815012,R_75,53175.8098,-1,17.990599999997357,BACKFILL_AUTO
2026-07-12 00:10:14,1783815014,R_75,53164.9331,-1,10.87670000000071,BACKFILL_AUTO
2026-07-12 00:10:16,1783815016,R_75,53167.0243,1,2.091199999995297,BACKFILL_AUTO
2026-07-12 00:10:18,1783815018,R_75,53175.2091,1,8.184800000002724,BACKFILL_AUTO
2026-07-12 00:10:20,1783815020,R_75,53175.5356,1,0.3265000000028522,BACKFILL_AUTO
2026-07-12 00:10:22,1783815022,R_75,53183.6746,1,8.138999999995576,BACKFILL_AUTO
2026-07-12 00:10:24,1783815024,R_75,53196.1622,1,12.487600000000384,BACKFILL_AUTO
2026-07-12 00:10:26,1783815026,R_75,53214.1131,1,17.950900000003458,BACKFILL_AUTO
2026-07-12 00:10:28,1783815028,R_75,53215.9601,1,1.8469999999942956,BACKFILL_AUTO
2026-07-12 00:10:30,1783815030,R_75,53203.3194,-1,12.640699999996286,BACKFILL_AUTO
2026-07-12 00:10:32,1783815032,R_75,53189.8904,-1,13.429000000003725,BACKFILL_AUTO
2026-07-12 00:10:34,1783815034,R_75,53182.1715,-1,7.718899999999849,BACKFILL_AUTO
2026-07-12 00:10:36,1783815036,R_75,53188.3577,1,6.186200000003737,BACKFILL_AUTO
2026-07-12 00:10:38,1783815038,R_75,53175.8634,-1,12.494299999998475,BACKFILL_AUTO
2026-07-12 00:10:40,1783815040,R_75,53153.9445,-1,21.918900000004214,BACKFILL_AUTO
2026-07-12 00:10:42,1783815042,R_75,53149.847,-1,4.0974999999962165,BACKFILL_AUTO
2026-07-12 00:10:44,1783815044,R_75,53153.6868,1,3.83980000000156,BACKFILL_AUTO
2026-07-12 00:10:46,1783815046,R_75,53165.2427,1,11.555899999999383,BACKFILL_AUTO
2026-07-12 00:10:48,1783815048,R_75,53166.3808,1,1.1380999999964843,BACKFILL_AUTO
2026-07-12 00:10:50,1783815050,R_75,53169.7168,1,3.3360000000029686,BACKFILL_AUTO
2026-07-12 00:10:52,1783815052,R_75,53183.5435,1,13.8266999999978,BACKFILL_AUTO
2026-07-12 00:10:54,1783815054,R_75,53197.9882,1,14.444700000000012,BACKFILL_AUTO
2026-07-12 00:10:56,1783815056,R_75,53199.9077,1,1.9195000000036089,BACKFILL_AUTO
2026-07-12 00:10:58,1783815058,R_75,53206.6611,1,6.753399999994144,BACKFILL_AUTO
2026-07-12 00:11:00,1783815060,R_75,53206.7191,1,0.0580000000045402,BACKFILL_AUTO
2026-07-12 00:11:02,1783815062,R_75,53195.5701,-1,11.14900000000489,BACKFILL_AUTO
2026-07-12 00:11:04,1783815064,R_75,53196.8485,1,1.2784000000028755,BACKFILL_AUTO
2026-07-12 00:11:06,1783815066,R_75,53189.1201,-1,7.728399999999965,BACKFILL_AUTO
2026-07-12 00:11:08,1783815068,R_75,53179.7832,-1,9.33690000000206,BACKFILL_AUTO
2026-07-12 00:11:10,1783815070,R_75,53188.5433,1,8.760099999999511,BACKFILL_AUTO
2026-07-12 00:11:12,1783815072,R_75,53194.2511,1,5.707800000003772,BACKFILL_AUTO
2026-07-12 00:11:14,1783815074,R_75,53193.0679,-1,1.1831999999994878,BACKFILL_AUTO
2026-07-12 00:11:16,1783815076,R_75,53165.9705,-1,27.097399999998743,BACKFILL_AUTO
2026-07-12 00:11:18,1783815078,R_75,53151.4139,-1,14.556600000003527,BACKFILL_AUTO
2026-07-12 00:11:20,1783815080,R_75,53157.6714,1,6.257499999999709,BACKFILL_AUTO
2026-07-12 00:11:22,1783815082,R_75,53157.6359,-1,0.035499999998137355,BACKFILL_AUTO
2026-07-12 00:11:24,1783815084,R_75,53157.5408,-1,0.09509999999863794,BACKFILL_AUTO
2026-07-12 00:11:26,1783815086,R_75,53151.9306,-1,5.610200000002806,BACKFILL_AUTO
2026-07-12 00:11:28,1783815088,R_75,53155.1454,1,3.21480000000156,BACKFILL_AUTO
2026-07-12 00:11:30,1783815090,R_75,53145.3303,-1,9.815099999999802,BACKFILL_AUTO
2026-07-12 00:11:32,1783815092,R_75,53157.45,1,12.119699999995646,BACKFILL_AUTO
2026-07-12 00:11:34,1783815094,R_75,53160.0296,1,2.579600000004575,BACKFILL_AUTO
2026-07-12 00:11:36,1783815096,R_75,53144.6064,-1,15.423200000004726,BACKFILL_AUTO
2026-07-12 00:11:38,1783815098,R_75,53127.1303,-1,17.47609999999986,BACKFILL_AUTO
2026-07-12 00:11:40,1783815100,R_75,53128.5885,1,1.458200000000943,BACKFILL_AUTO
2026-07-12 00:11:42,1783815102,R_75,53134.2603,1,5.671800000003714,BACKFILL_AUTO
2026-07-12 00:11:44,1783815104,R_75,53125.022,-1,9.238300000004529,BACKFILL_AUTO
2026-07-12 00:11:46,1783815106,R_75,53120.9327,-1,4.089299999999639,BACKFILL_AUTO
2026-07-12 00:11:48,1783815108,R_75,53123.2402,1,2.3075000000026193,BACKFILL_AUTO
2026-07-12 00:11:50,1783815110,R_75,53133.3191,1,10.07890000000043,BACKFILL_AUTO
2026-07-12 00:11:52,1783815112,R_75,53132.4001,-1,0.919000000001688,BACKFILL_AUTO
2026-07-12 00:11:54,1783815114,R_75,53135.6723,1,3.2721999999994296,BACKFILL_AUTO
2026-07-12 00:11:56,1783815116,R_75,53120.2413,-1,15.430999999996857,BACKFILL_AUTO
2026-07-12 00:11:58,1783815118,R_75,53138.343,1,18.101699999999255,BACKFILL_AUTO
2026-07-12 00:12:00,1783815120,R_75,53146.2944,1,7.951399999998102,BACKFILL_AUTO
2026-07-12 00:12:02,1783815122,R_75,53155.9323,1,9.637900000001537,BACKFILL_AUTO
2026-07-12 00:12:04,1783815124,R_75,53163.0593,1,7.1270000000004075,BACKFILL_AUTO
2026-07-12 00:12:06,1783815126,R_75,53158.0915,-1,4.967799999998533,BACKFILL_AUTO
2026-07-12 00:12:08,1783815128,R_75,53155.6956,-1,2.3959000000031665,BACKFILL_AUTO
2026-07-12 00:12:10,1783815130,R_75,53150.914,-1,4.781600000002072,BACKFILL_AUTO
2026-07-12 00:12:12,1783815132,R_75,53160.1907,1,9.276700000002165,BACKFILL_AUTO
2026-07-12 00:12:14,1783815134,R_75,53166.6904,1,6.499700000000303,BACKFILL_AUTO
2026-07-12 00:12:16,1783815136,R_75,53166.6848,-1,0.005599999996775296,BACKFILL_AUTO
2026-07-12 00:12:18,1783815138,R_75,53183.1427,1,16.45789999999397,BACKFILL_AUTO
2026-07-12 00:12:20,1783815140,R_75,53174.4111,-1,8.731599999999162,BACKFILL_AUTO
2026-07-12 00:12:22,1783815142,R_75,53171.3276,-1,3.0835000000006403,BACKFILL_AUTO
2026-07-12 00:12:24,1783815144,R_75,53166.8017,-1,4.525899999993271,BACKFILL_AUTO
2026-07-12 00:12:26,1783815146,R_75,53181.643,1,14.84129999999277,BACKFILL_AUTO
2026-07-12 00:12:28,1783815148,R_75,53180.0133,-1,1.6296999999976833,BACKFILL_AUTO
2026-07-12 00:12:30,1783815150,R_75,53196.3341,1,16.320800000001327,BACKFILL_AUTO
2026-07-12 00:12:32,1783815152,R_75,53207.8877,1,11.553599999999278,BACKFILL_AUTO
2026-07-12 00:12:34,1783815154,R_75,53191.1369,-1,16.750800000001618,BACKFILL_AUTO
2026-07-12 00:12:36,1783815156,R_75,53204.5941,1,13.457200000004377,BACKFILL_AUTO
2026-07-12 00:12:38,1783815158,R_75,53186.7201,-1,17.874000000003434,BACKFILL_AUTO
2026-07-12 00:12:40,1783815160,R_75,53171.9778,-1,14.742299999998068,BACKFILL_AUTO
2026-07-12 00:12:42,1783815162,R_75,53163.8206,-1,8.157200000001467,BACKFILL_AUTO
2026-07-12 00:12:44,1783815164,R_75,53153.1116,-1,10.709000000002561,BACKFILL_AUTO
2026-07-12 00:12:46,1783815166,R_75,53149.4519,-1,3.659699999996519,BACKFILL_AUTO
2026-07-12 00:12:48,1783815168,R_75,53150.7103,1,1.258399999998801,BACKFILL_AUTO
2026-07-12 00:12:50,1783815170,R_75,53138.0912,-1,12.619099999996251,BACKFILL_AUTO
2026-07-12 00:12:52,1783815172,R_75,53135.4244,-1,2.666799999999057,BACKFILL_AUTO
2026-07-12 00:12:54,1783815174,R_75,53121.532,-1,13.892400000004272,BACKFILL_AUTO
2026-07-12 00:12:56,1783815176,R_75,53118.0592,-1,3.472799999995914,BACKFILL_AUTO
2026-07-12 00:12:58,1783815178,R_75,53116.2275,-1,1.8317000000024564,BACKFILL_AUTO
2026-07-12 00:13:00,1783815180,R_75,53114.6929,-1,1.5345999999990454,BACKFILL_AUTO
2026-07-12 00:13:02,1783815182,R_75,53103.6135,-1,11.079400000002352,BACKFILL_AUTO
2026-07-12 00:13:04,1783815184,R_75,53094.9685,-1,8.644999999996799,BACKFILL_AUTO
2026-07-12 00:13:06,1783815186,R_75,53111.2597,1,16.291199999999662,BACKFILL_AUTO
2026-07-12 00:13:08,1783815188,R_75,53116.1652,1,4.905500000000757,BACKFILL_AUTO
2026-07-12 00:13:10,1783815190,R_75,53107.3626,-1,8.802600000002712,BACKFILL_AUTO
2026-07-12 00:13:12,1783815192,R_75,53101.2468,-1,6.115799999999581,BACKFILL_AUTO
2026-07-12 00:13:14,1783815194,R_75,53107.8115,1,6.564700000002631,BACKFILL_AUTO
2026-07-12 00:13:16,1783815196,R_75,53093.4593,-1,14.352200000001176,BACKFILL_AUTO
2026-07-12 00:13:18,1783815198,R_75,53102.3827,1,8.923399999999674,BACKFILL_AUTO
2026-07-12 00:13:20,1783815200,R_75,53089.5134,-1,12.869299999998475,BACKFILL_AUTO
2026-07-12 00:13:22,1783815202,R_75,53069.417,-1,20.096400000002177,BACKFILL_AUTO
2026-07-12 00:13:24,1783815204,R_75,53037.2266,-1,32.1903999999995,BACKFILL_AUTO
2026-07-12 00:13:26,1783815206,R_75,53036.0683,-1,1.1583000000027823,BACKFILL_AUTO
2026-07-12 00:13:28,1783815208,R_75,53036.9921,1,0.9238000000041211,BACKFILL_AUTO
2026-07-12 00:13:30,1783815210,R_75,53021.2896,-1,15.702500000006694,BACKFILL_AUTO
2026-07-12 00:13:32,1783815212,R_75,53042.4663,1,21.17670000000362,BACKFILL_AUTO
2026-07-12 00:13:34,1783815214,R_75,53052.8546,1,10.388299999998708,BACKFILL_AUTO
2026-07-12 00:13:36,1783815216,R_75,53044.7018,-1,8.152799999996205,BACKFILL_AUTO
2026-07-12 00:13:38,1783815218,R_75,53051.2257,1,6.52390000000014,BACKFILL_AUTO
2026-07-12 00:13:40,1783815220,R_75,53038.0374,-1,13.188300000001618,BACKFILL_AUTO
2026-07-12 00:13:42,1783815222,R_75,53032.9055,-1,5.131900000000314,BACKFILL_AUTO
2026-07-12 00:13:44,1783815224,R_75,53031.8471,-1,1.0584000000017113,BACKFILL_AUTO
2026-07-12 00:13:46,1783815226,R_75,53018.6283,-1,13.218800000002375,BACKFILL_AUTO
2026-07-12 00:13:48,1783815228,R_75,53011.4064,-1,7.221899999996822,BACKFILL_AUTO
2026-07-12 00:13:50,1783815230,R_75,53015.1801,1,3.773699999997916,BACKFILL_AUTO
2026-07-12 00:13:52,1783815232,R_75,53013.4711,-1,1.7089999999952852,BACKFILL_AUTO
2026-07-12 00:13:54,1783815234,R_75,53024.8536,1,11.382499999999709,BACKFILL_AUTO
2026-07-12 00:13:56,1783815236,R_75,53018.6329,-1,6.2207000000053085,BACKFILL_AUTO
2026-07-12 00:13:58,1783815238,R_75,53022.8374,1,4.204499999999825,BACKFILL_AUTO
2026-07-12 00:14:00,1783815240,R_75,53035.8923,1,13.054900000002817,BACKFILL_AUTO
2026-07-12 00:14:02,1783815242,R_75,53049.8763,1,13.984000000004016,BACKFILL_AUTO
2026-07-12 00:14:04,1783815244,R_75,53055.4332,1,5.556899999995949,BACKFILL_AUTO
2026-07-12 00:14:06,1783815246,R_75,53051.3974,-1,4.035799999997835,BACKFILL_AUTO
2026-07-12 00:14:08,1783815248,R_75,53045.1561,-1,6.241300000001502,BACKFILL_AUTO
2026-07-12 00:14:10,1783815250,R_75,53024.6587,-1,20.497400000000198,BACKFILL_AUTO
2026-07-12 00:14:12,1783815252,R_75,53026.1132,1,1.4544999999998254,BACKFILL_AUTO
2026-07-12 00:14:14,1783815254,R_75,53008.8519,-1,17.2612999999983,BACKFILL_AUTO
2026-07-12 00:14:16,1783815256,R_75,53017.9025,1,9.050599999995029,BACKFILL_AUTO
2026-07-12 00:14:18,1783815258,R_75,53028.9402,1,11.037700000000768,BACKFILL_AUTO
2026-07-12 00:14:20,1783815260,R_75,53048.9294,1,19.98920000000362,BACKFILL_AUTO
2026-07-12 00:14:22,1783815262,R_75,53044.435,-1,4.494400000003225,BACKFILL_AUTO
2026-07-12 00:14:24,1783815264,R_75,53048.97,1,4.5350000000034925,BACKFILL_AUTO
2026-07-12 00:14:26,1783815266,R_75,53068.1491,1,19.1791000000012,BACKFILL_AUTO
2026-07-12 00:14:28,1783815268,R_75,53090.5113,1,22.362199999995937,BACKFILL_AUTO
2026-07-12 00:14:30,1783815270,R_75,53089.8317,-1,0.679599999995844,BACKFILL_AUTO
2026-07-12 00:14:32,1783815272,R_75,53103.1389,1,13.307199999995646,BACKFILL_AUTO
2026-07-12 00:14:34,1783815274,R_75,53112.4609,1,9.322000000000116,BACKFILL_AUTO
2026-07-12 00:14:36,1783815276,R_75,53093.0129,-1,19.447999999996682,BACKFILL_AUTO
2026-07-12 00:14:38,1783815278,R_75,53083.8665,-1,9.146400000005087,BACKFILL_AUTO
2026-07-12 00:14:40,1783815280,R_75,53083.9227,1,0.05620000000635628,BACKFILL_AUTO
2026-07-12 00:14:42,1783815282,R_75,53089.106,1,5.183299999996962,BACKFILL_AUTO
2026-07-12 00:14:44,1783815284,R_75,53087.73,-1,1.3759999999965657,BACKFILL_AUTO
2026-07-12 00:14:46,1783815286,R_75,53076.2956,-1,11.434400000005553,BACKFILL_AUTO
2026-07-12 00:14:48,1783815288,R_75,53072.2005,-1,4.095099999998638,BACKFILL_AUTO
2026-07-12 00:14:50,1783815290,R_75,53079.5185,1,7.3179999999993015,BACKFILL_AUTO
2026-07-12 00:14:52,1783815292,R_75,53085.3149,1,5.796399999999267,BACKFILL_AUTO
2026-07-12 00:14:54,1783815294,R_75,53068.5711,-1,16.743799999996554,BACKFILL_AUTO
2026-07-12 00:14:56,1783815296,R_75,53059.8982,-1,8.672899999997753,BACKFILL_AUTO
2026-07-12 00:14:58,1783815298,R_75,53060.8537,1,0.9554999999963911,BACKFILL_AUTO
2026-07-12 00:15:00,1783815300,R_75,53067.6777,1,6.824000000000524,BACKFILL_AUTO
2026-07-12 00:15:02,1783815302,R_75,53075.4314,1,7.753700000001118,BACKFILL_AUTO
2026-07-12 00:15:04,1783815304,R_75,53070.2292,-1,5.202199999999721,BACKFILL_AUTO
2026-07-12 00:15:06,1783815306,R_75,53071.9367,1,1.7074999999967986,BACKFILL_AUTO
2026-07-12 00:15:08,1783815308,R_75,53075.6182,1,3.6814999999987776,BACKFILL_AUTO
2026-07-12 00:15:10,1783815310,R_75,53081.7455,1,6.127300000000105,BACKFILL_AUTO
2026-07-12 00:15:12,1783815312,R_75,53075.6941,-1,6.051399999996647,BACKFILL_AUTO
2026-07-12 00:15:14,1783815314,R_75,53081.5516,1,5.857499999998254,BACKFILL_AUTO
2026-07-12 00:15:16,1783815316,R_75,53086.173,1,4.621400000003632,BACKFILL_AUTO
2026-07-12 00:15:18,1783815318,R_75,53090.4394,1,4.266400000000431,BACKFILL_AUTO
2026-07-12 00:15:20,1783815320,R_75,53086.3676,-1,4.071800000005169,BACKFILL_AUTO
2026-07-12 00:15:22,1783815322,R_75,53088.9138,1,2.546200000004319,BACKFILL_AUTO
2026-07-12 00:15:24,1783815324,R_75,53088.6528,-1,0.260999999998603,BACKFILL_AUTO
2026-07-12 00:15:26,1783815326,R_75,53089.6664,1,1.013599999998405,BACKFILL_AUTO
2026-07-12 00:15:28,1783815328,R_75,53089.2178,-1,0.44860000000335276,BACKFILL_AUTO
2026-07-12 00:15:30,1783815330,R_75,53098.7987,1,9.580900000000838,BACKFILL_AUTO
2026-07-12 00:15:32,1783815332,R_75,53090.3099,-1,8.488799999999173,BACKFILL_AUTO
2026-07-12 00:15:34,1783815334,R_75,53094.8407,1,4.530800000000454,BACKFILL_AUTO
2026-07-12 00:15:36,1783815336,R_75,53095.7423,1,0.9015999999974156,BACKFILL_AUTO
2026-07-12 00:15:38,1783815338,R_75,53102.3321,1,6.58980000000156,BACKFILL_AUTO
2026-07-12 00:15:40,1783815340,R_75,53115.1224,1,12.79030000000057,BACKFILL_AUTO
2026-07-12 00:15:42,1783815342,R_75,53118.1814,1,3.059000000001106,BACKFILL_AUTO
2026-07-12 00:15:44,1783815344,R_75,53126.9522,1,8.770799999998417,BACKFILL_AUTO
2026-07-12 00:15:46,1783815346,R_75,53119.6102,-1,7.341999999996915,BACKFILL_AUTO
2026-07-12 00:15:48,1783815348,R_75,53124.4656,1,4.8554000000003725,BACKFILL_AUTO
2026-07-12 00:15:50,1783815350,R_75,53120.4722,-1,3.993400000006659,BACKFILL_AUTO
2026-07-12 00:15:52,1783815352,R_75,53127.4859,1,7.013700000003155,BACKFILL_AUTO
2026-07-12 00:15:54,1783815354,R_75,53124.6721,-1,2.813799999996263,BACKFILL_AUTO
2026-07-12 00:15:56,1783815356,R_75,53134.9044,1,10.23229999999603,BACKFILL_AUTO
2026-07-12 00:15:58,1783815358,R_75,53124.5823,-1,10.32209999999759,BACKFILL_AUTO
2026-07-12 00:16:00,1783815360,R_75,53128.1492,1,3.566899999997986,BACKFILL_AUTO
2026-07-12 00:16:02,1783815362,R_75,53121.8184,-1,6.330800000003364,BACKFILL_AUTO
2026-07-12 00:16:04,1783815364,R_75,53118.4488,-1,3.3695999999981723,BACKFILL_AUTO
2026-07-12 00:16:06,1783815366,R_75,53116.0589,-1,2.389899999994668,BACKFILL_AUTO
2026-07-12 00:16:08,1783815368,R_75,53119.4192,1,3.3602999999930034,BACKFILL_AUTO
2026-07-12 00:16:10,1783815370,R_75,53118.2502,-1,1.168999999994412,BACKFILL_AUTO
2026-07-12 00:16:12,1783815372,R_75,53119.3737,1,1.1234999999942374,BACKFILL_AUTO
2026-07-12 00:16:14,1783815374,R_75,53122.5766,1,3.202900000003865,BACKFILL_AUTO
2026-07-12 00:16:16,1783815376,R_75,53104.7953,-1,17.781300000002375,BACKFILL_AUTO
2026-07-12 00:16:18,1783815378,R_75,53106.9999,1,2.204600000004575,BACKFILL_AUTO
2026-07-12 00:16:20,1783815380,R_75,53115.0306,1,8.030699999995704,BACKFILL_AUTO
2026-07-12 00:16:22,1783815382,R_75,53134.7173,1,19.686699999998382,BACKFILL_AUTO
2026-07-12 00:16:24,1783815384,R_75,53130.979,-1,3.7382999999972526,BACKFILL_AUTO
2026-07-12 00:16:26,1783815386,R_75,53123.2286,-1,7.750399999997171,BACKFILL_AUTO
2026-07-12 00:16:28,1783815388,R_75,53114.283,-1,8.945599999999104,BACKFILL_AUTO
2026-07-12 00:16:30,1783815390,R_75,53116.3826,1,2.0995999999940977,BACKFILL_AUTO
2026-07-12 00:16:32,1783815392,R_75,53092.9078,-1,23.47479999999632,BACKFILL_AUTO
2026-07-12 00:16:34,1783815394,R_75,53109.2882,1,16.380400000001828,BACKFILL_AUTO
2026-07-12 00:16:36,1783815396,R_75,53101.7056,-1,7.582600000001548,BACKFILL_AUTO
2026-07-12 00:16:38,1783815398,R_75,53107.8622,1,6.156600000002072,BACKFILL_AUTO
2026-07-12 00:16:40,1783815400,R_75,53103.3572,-1,4.505000000004657,BACKFILL_AUTO
2026-07-12 00:16:42,1783815402,R_75,53107.436,1,4.078800000002957,BACKFILL_AUTO
2026-07-12 00:16:44,1783815404,R_75,53120.0899,1,12.65389999999752,BACKFILL_AUTO
2026-07-12 00:16:46,1783815406,R_75,53115.5468,-1,4.543100000002596,BACKFILL_AUTO
2026-07-12 00:16:48,1783815408,R_75,53117.5713,1,2.0245000000068103,BACKFILL_AUTO
2026-07-12 00:16:50,1783815410,R_75,53102.14,-1,15.43130000000383,BACKFILL_AUTO
2026-07-12 00:16:52,1783815412,R_75,53107.8089,1,5.668900000004214,BACKFILL_AUTO
2026-07-12 00:16:54,1783815414,R_75,53115.8382,1,8.029299999994691,BACKFILL_AUTO
2026-07-12 00:16:56,1783815416,R_75,53123.0818,1,7.2436000000016065,BACKFILL_AUTO
2026-07-12 00:16:58,1783815418,R_75,53126.7279,1,3.646099999998114,BACKFILL_AUTO
2026-07-12 00:17:00,1783815420,R_75,53113.6912,-1,13.036699999996927,BACKFILL_AUTO
2026-07-12 00:17:02,1783815422,R_75,53107.0,-1,6.691200000001118,BACKFILL_AUTO
2026-07-12 00:17:04,1783815424,R_75,53115.3705,1,8.370499999997264,BACKFILL_AUTO
2026-07-12 00:17:06,1783815426,R_75,53131.7813,1,16.41080000000511,BACKFILL_AUTO
2026-07-12 00:17:08,1783815428,R_75,53145.1783,1,13.396999999997206,BACKFILL_AUTO
2026-07-12 00:17:10,1783815430,R_75,53146.2912,1,1.1129000000000815,BACKFILL_AUTO
2026-07-12 00:17:12,1783815432,R_75,53133.7105,-1,12.580699999998615,BACKFILL_AUTO
2026-07-12 00:17:14,1783815434,R_75,53120.5905,-1,13.12000000000262,BACKFILL_AUTO
2026-07-12 00:17:16,1783815436,R_75,53120.7569,1,0.16640000000188593,BACKFILL_AUTO
2026-07-12 00:17:18,1783815438,R_75,53119.356,-1,1.4009000000005472,BACKFILL_AUTO
2026-07-12 00:17:20,1783815440,R_75,53122.2331,1,2.8770999999978812,BACKFILL_AUTO
2026-07-12 00:17:22,1783815442,R_75,53125.1139,1,2.880799999998999,BACKFILL_AUTO
2026-07-12 00:17:24,1783815444,R_75,53132.2468,1,7.132900000004156,BACKFILL_AUTO
2026-07-12 00:17:26,1783815446,R_75,53139.6239,1,7.377099999997881,BACKFILL_AUTO
2026-07-12 00:17:28,1783815448,R_75,53129.8438,-1,9.78009999999631,BACKFILL_AUTO
2026-07-12 00:17:30,1783815450,R_75,53140.8564,1,11.012599999994563,BACKFILL_AUTO
2026-07-12 00:17:32,1783815452,R_75,53139.888,-1,0.9683999999979278,BACKFILL_AUTO
2026-07-12 00:17:34,1783815454,R_75,53138.372,-1,1.5159999999959837,BACKFILL_AUTO
2026-07-12 00:17:36,1783815456,R_75,53137.9982,-1,0.3738000000012107,BACKFILL_AUTO
2026-07-12 00:17:38,1783815458,R_75,53154.5042,1,16.506000000001222,BACKFILL_AUTO
2026-07-12 00:17:40,1783815460,R_75,53153.9764,-1,0.5278000000034808,BACKFILL_AUTO
2026-07-12 00:17:42,1783815462,R_75,53152.8102,-1,1.1661999999996624,BACKFILL_AUTO
2026-07-12 00:17:44,1783815464,R_75,53125.2094,-1,27.600800000000163,BACKFILL_AUTO
2026-07-12 00:17:46,1783815466,R_75,53126.7543,1,1.54490000000078,BACKFILL_AUTO
2026-07-12 00:17:48,1783815468,R_75,53122.7006,-1,4.053700000004028,BACKFILL_AUTO
2026-07-12 00:17:50,1783815470,R_75,53116.2601,-1,6.440499999996973,BACKFILL_AUTO
2026-07-12 00:17:52,1783815472,R_75,53116.2766,1,0.016499999997904524,BACKFILL_AUTO
2026-07-12 00:17:54,1783815474,R_75,53106.4333,-1,9.843300000000454,BACKFILL_AUTO
2026-07-12 00:17:56,1783815476,R_75,53103.231,-1,3.2022999999971944,BACKFILL_AUTO
2026-07-12 00:17:58,1783815478,R_75,53115.2499,1,12.018900000002759,BACKFILL_AUTO
2026-07-12 00:18:00,1783815480,R_75,53118.5604,1,3.3104999999995925,BACKFILL_AUTO
2026-07-12 00:18:02,1783815482,R_75,53136.1536,1,17.593199999995704,BACKFILL_AUTO
2026-07-12 00:18:04,1783815484,R_75,53142.7877,1,6.634100000002945,BACKFILL_AUTO
2026-07-12 00:18:06,1783815486,R_75,53149.6681,1,6.880400000001828,BACKFILL_AUTO
2026-07-12 00:18:08,1783815488,R_75,53146.5782,-1,3.0898999999990338,BACKFILL_AUTO
2026-07-12 00:18:10,1783815490,R_75,53138.1187,-1,8.459500000004482,BACKFILL_AUTO
2026-07-12 00:18:12,1783815492,R_75,53130.0354,-1,8.083299999998417,BACKFILL_AUTO
2026-07-12 00:18:14,1783815494,R_75,53119.814,-1,10.221400000002177,BACKFILL_AUTO
2026-07-12 00:18:16,1783815496,R_75,53127.1753,1,7.361300000004121,BACKFILL_AUTO
2026-07-12 00:18:18,1783815498,R_75,53143.1453,1,15.969999999993888,BACKFILL_AUTO
2026-07-12 00:18:20,1783815500,R_75,53142.7676,-1,0.3776999999972759,BACKFILL_AUTO
2026-07-12 00:18:22,1783815502,R_75,53146.3864,1,3.61880000000383,BACKFILL_AUTO
2026-07-12 00:18:24,1783815504,R_75,53156.0757,1,9.689299999998184,BACKFILL_AUTO
2026-07-12 00:18:26,1783815506,R_75,53152.3604,-1,3.715300000003481,BACKFILL_AUTO
2026-07-12 00:18:28,1783815508,R_75,53139.525,-1,12.835399999996298,BACKFILL_AUTO
2026-07-12 00:18:30,1783815510,R_75,53144.3905,1,4.865499999999884,BACKFILL_AUTO
2026-07-12 00:18:32,1783815512,R_75,53151.3331,1,6.94260000000213,BACKFILL_AUTO
2026-07-12 00:18:34,1783815514,R_75,53156.9511,1,5.617999999994936,BACKFILL_AUTO
2026-07-12 00:18:36,1783815516,R_75,53147.2745,-1,9.67659999999887,BACKFILL_AUTO
2026-07-12 00:18:38,1783815518,R_75,53140.316,-1,6.95850000000064,BACKFILL_AUTO
2026-07-12 00:18:40,1783815520,R_75,53122.3512,-1,17.96480000000156,BACKFILL_AUTO
2026-07-12 00:18:42,1783815522,R_75,53124.3733,1,2.0221000000019558,BACKFILL_AUTO
2026-07-12 00:18:44,1783815524,R_75,53110.8834,-1,13.489900000000489,BACKFILL_AUTO
2026-07-12 00:18:46,1783815526,R_75,53098.8496,-1,12.033799999997427,BACKFILL_AUTO
2026-07-12 00:18:48,1783815528,R_75,53100.8163,1,1.9666999999972177,BACKFILL_AUTO
2026-07-12 00:18:50,1783815530,R_75,53102.4767,1,1.6604000000006636,BACKFILL_AUTO
2026-07-12 00:18:52,1783815532,R_75,53103.7226,1,1.2459000000017113,BACKFILL_AUTO
2026-07-12 00:18:54,1783815534,R_75,53120.2668,1,16.544199999996636,BACKFILL_AUTO
2026-07-12 00:18:56,1783815536,R_75,53107.6386,-1,12.628199999999197,BACKFILL_AUTO
2026-07-12 00:18:58,1783815538,R_75,53104.5038,-1,3.1347999999998137,BACKFILL_AUTO
2026-07-12 00:19:00,1783815540,R_75,53100.8737,-1,3.6301000000021304,BACKFILL_AUTO
2026-07-12 00:19:02,1783815542,R_75,53107.0652,1,6.191500000000815,BACKFILL_AUTO
2026-07-12 00:19:04,1783815544,R_75,53109.9783,1,2.9131000000052154,BACKFILL_AUTO
2026-07-12 00:19:06,1783815546,R_75,53103.9601,-1,6.018200000005891,BACKFILL_AUTO
2026-07-12 00:19:08,1783815548,R_75,53115.9601,1,12.0,BACKFILL_AUTO
2026-07-12 00:19:10,1783815550,R_75,53106.3108,-1,9.64929999999731,BACKFILL_AUTO
2026-07-12 00:19:12,1783815552,R_75,53105.0164,-1,1.2943999999988591,BACKFILL_AUTO
2026-07-12 00:19:14,1783815554,R_75,53099.7271,-1,5.289300000004005,BACKFILL_AUTO
2026-07-12 00:19:16,1783815556,R_75,53096.0514,-1,3.675699999999779,BACKFILL_AUTO
2026-07-12 00:19:18,1783815558,R_75,53096.5773,1,0.5259000000005472,BACKFILL_AUTO
2026-07-12 00:19:20,1783815560,R_75,53077.5249,-1,19.05240000000049,BACKFILL_AUTO
2026-07-12 00:19:22,1783815562,R_75,53065.3695,-1,12.155399999996007,BACKFILL_AUTO
2026-07-12 00:19:24,1783815564,R_75,53062.2524,-1,3.11710000000312,BACKFILL_AUTO
2026-07-12 00:19:26,1783815566,R_75,53070.6625,1,8.410100000000966,BACKFILL_AUTO
2026-07-12 00:19:28,1783815568,R_75,53052.0622,-1,18.600299999998242,BACKFILL_AUTO
2026-07-12 00:19:30,1783815570,R_75,53061.9906,1,9.928399999997055,BACKFILL_AUTO
2026-07-12 00:19:32,1783815572,R_75,53056.098,-1,5.89259999999922,BACKFILL_AUTO
2026-07-12 00:19:34,1783815574,R_75,53047.5647,-1,8.533299999995506,BACKFILL_AUTO
2026-07-12 00:19:36,1783815576,R_75,53051.1156,1,3.5508999999947264,BACKFILL_AUTO
2026-07-12 00:19:38,1783815578,R_75,53060.9209,1,9.805299999999988,BACKFILL_AUTO
2026-07-12 00:19:40,1783815580,R_75,53065.8721,1,4.951200000003155,BACKFILL_AUTO
2026-07-12 00:19:42,1783815582,R_75,53077.1732,1,11.30109999999695,BACKFILL_AUTO
2026-07-12 00:19:44,1783815584,R_75,53093.2872,1,16.114000000001397,BACKFILL_AUTO
2026-07-12 00:19:46,1783815586,R_75,53099.7753,1,6.488100000002305,BACKFILL_AUTO
2026-07-12 00:19:48,1783815588,R_75,53088.3047,-1,11.470600000000559,BACKFILL_AUTO
2026-07-12 00:19:50,1783815590,R_75,53101.0818,1,12.777099999999336,BACKFILL_AUTO
2026-07-12 00:19:52,1783815592,R_75,53097.4213,-1,3.6604999999981374,BACKFILL_AUTO
2026-07-12 00:19:54,1783815594,R_75,53101.4797,1,4.058400000001711,BACKFILL_AUTO
2026-07-12 00:19:56,1783815596,R_75,53103.2939,1,1.8141999999934342,BACKFILL_AUTO
2026-07-12 00:19:58,1783815598,R_75,53117.7336,1,14.439700000002631,BACKFILL_AUTO
2026-07-12 00:20:00,1783815600,R_75,53119.9523,1,2.218699999997625,BACKFILL_AUTO
2026-07-12 00:20:02,1783815602,R_75,53102.5544,-1,17.397899999996298,BACKFILL_AUTO
2026-07-12 00:20:04,1783815604,R_75,53095.9969,-1,6.557500000002619,BACKFILL_AUTO
2026-07-12 00:20:06,1783815606,R_75,53096.5912,1,0.5943000000042957,BACKFILL_AUTO
2026-07-12 00:20:08,1783815608,R_75,53103.9691,1,7.377899999999499,BACKFILL_AUTO
2026-07-12 00:20:10,1783815610,R_75,53116.8617,1,12.89259999999922,BACKFILL_AUTO
2026-07-12 00:20:12,1783815612,R_75,53108.4048,-1,8.45690000000468,BACKFILL_AUTO
2026-07-12 00:20:14,1783815614,R_75,53115.5338,1,7.129000000000815,BACKFILL_AUTO
2026-07-12 00:20:16,1783815616,R_75,53123.515,1,7.981200000001991,BACKFILL_AUTO
2026-07-12 00:20:18,1783815618,R_75,53105.7233,-1,17.791700000001583,BACKFILL_AUTO
2026-07-12 00:20:20,1783815620,R_75,53090.7721,-1,14.951199999995879,BACKFILL_AUTO
2026-07-12 00:20:22,1783815622,R_75,53103.6206,1,12.848500000000058,BACKFILL_AUTO
2026-07-12 00:20:24,1783815624,R_75,53099.1034,-1,4.517200000002049,BACKFILL_AUTO
2026-07-12 00:20:26,1783815626,R_75,53103.85,1,4.74659999999858,BACKFILL_AUTO
2026-07-12 00:20:28,1783815628,R_75,53113.2738,1,9.423800000004121,BACKFILL_AUTO
2026-07-12 00:20:30,1783815630,R_75,53097.5446,-1,15.729200000001583,BACKFILL_AUTO
2026-07-12 00:20:32,1783815632,R_75,53104.0863,1,6.541700000001583,BACKFILL_AUTO
2026-07-12 00:20:34,1783815634,R_75,53103.4634,-1,0.6229000000021188,BACKFILL_AUTO
2026-07-12 00:20:36,1783815636,R_75,53102.9752,-1,0.4881999999997788,BACKFILL_AUTO
2026-07-12 00:20:38,1783815638,R_75,53111.3687,1,8.393499999998312,BACKFILL_AUTO
2026-07-12 00:20:40,1783815640,R_75,53108.4528,-1,2.915899999999965,BACKFILL_AUTO
2026-07-12 00:20:42,1783815642,R_75,53109.6349,1,1.1820999999981723,BACKFILL_AUTO
2026-07-12 00:20:44,1783815644,R_75,53096.2132,-1,13.421699999998964,BACKFILL_AUTO
2026-07-12 00:20:46,1783815646,R_75,53101.0819,1,4.86869999999908,BACKFILL_AUTO
2026-07-12 00:20:48,1783815648,R_75,53103.7199,1,2.6379999999990105,BACKFILL_AUTO
2026-07-12 00:20:50,1783815650,R_75,53091.3616,-1,12.358299999999872,BACKFILL_AUTO
2026-07-12 00:20:52,1783815652,R_75,53092.9286,1,1.5670000000027358,BACKFILL_AUTO
2026-07-12 00:20:54,1783815654,R_75,53086.156,-1,6.772599999996601,BACKFILL_AUTO
2026-07-12 00:20:56,1783815656,R_75,53086.4242,1,0.26819999999861466,BACKFILL_AUTO
2026-07-12 00:20:58,1783815658,R_75,53080.468,-1,5.9562000000005355,BACKFILL_AUTO
2026-07-12 00:21:00,1783815660,R_75,53076.1579,-1,4.310100000002421,BACKFILL_AUTO
2026-07-12 00:21:02,1783815662,R_75,53063.1054,-1,13.052499999997963,BACKFILL_AUTO
2026-07-12 00:21:04,1783815664,R_75,53077.8096,1,14.704200000000128,BACKFILL_AUTO
2026-07-12 00:21:06,1783815666,R_75,53081.0335,1,3.2238999999972293,BACKFILL_AUTO
2026-07-12 00:21:08,1783815668,R_75,53072.6129,-1,8.420599999997648,BACKFILL_AUTO
2026-07-12 00:21:10,1783815670,R_75,53076.5532,1,3.9403000000020256,BACKFILL_AUTO
2026-07-12 00:21:12,1783815672,R_75,53070.2759,-1,6.27730000000156,BACKFILL_AUTO
2026-07-12 00:21:14,1783815674,R_75,53070.3998,1,0.1238999999986845,BACKFILL_AUTO
2026-07-12 00:21:16,1783815676,R_75,53081.4824,1,11.082600000001548,BACKFILL_AUTO
2026-07-12 00:21:18,1783815678,R_75,53071.6748,-1,9.807600000000093,BACKFILL_AUTO
2026-07-12 00:21:20,1783815680,R_75,53067.1666,-1,4.508200000003853,BACKFILL_AUTO
2026-07-12 00:21:22,1783815682,R_75,53068.5505,1,1.3839000000007218,BACKFILL_AUTO
2026-07-12 00:21:24,1783815684,R_75,53067.9776,-1,0.5728999999992084,BACKFILL_AUTO
2026-07-12 00:21:26,1783815686,R_75,53057.0386,-1,10.938999999998487,BACKFILL_AUTO
2026-07-12 00:21:28,1783815688,R_75,53053.1768,-1,3.861799999998766,BACKFILL_AUTO
2026-07-12 00:21:30,1783815690,R_75,53057.7417,1,4.564899999997579,BACKFILL_AUTO
2026-07-12 00:21:32,1783815692,R_75,53068.159,1,10.417300000000978,BACKFILL_AUTO
2026-07-12 00:21:34,1783815694,R_75,53067.8423,-1,0.31670000000303844,BACKFILL_AUTO
2026-07-12 00:21:36,1783815696,R_75,53057.467,-1,10.375299999999697,BACKFILL_AUTO
2026-07-12 00:21:38,1783815698,R_75,53066.2718,1,8.804800000005343,BACKFILL_AUTO
2026-07-12 00:21:40,1783815700,R_75,53083.3588,1,17.086999999999534,BACKFILL_AUTO
2026-07-12 00:21:42,1783815702,R_75,53080.5937,-1,2.7651000000041677,BACKFILL_AUTO
2026-07-12 00:21:44,1783815704,R_75,53071.6232,-1,8.970499999995809,BACKFILL_AUTO
2026-07-12 00:21:46,1783815706,R_75,53079.3173,1,7.694100000000617,BACKFILL_AUTO
2026-07-12 00:21:48,1783815708,R_75,53071.7072,-1,7.610100000005332,BACKFILL_AUTO
2026-07-12 00:21:50,1783815710,R_75,53056.1589,-1,15.548299999994924,BACKFILL_AUTO
2026-07-12 00:21:52,1783815712,R_75,53042.7451,-1,13.413800000002084,BACKFILL_AUTO
2026-07-12 00:21:54,1783815714,R_75,53039.1031,-1,3.6419999999998254,BACKFILL_AUTO
2026-07-12 00:21:56,1783815716,R_75,53048.6138,1,9.510699999998906,BACKFILL_AUTO
2026-07-12 00:21:58,1783815718,R_75,53051.2575,1,2.6437000000005355,BACKFILL_AUTO
2026-07-12 00:22:00,1783815720,R_75,53035.0422,-1,16.215299999996205,BACKFILL_AUTO
2026-07-12 00:22:02,1783815722,R_75,53045.2485,1,10.20629999999801,BACKFILL_AUTO
2026-07-12 00:22:04,1783815724,R_75,53058.1195,1,12.870999999999185,BACKFILL_AUTO
2026-07-12 00:22:06,1783815726,R_75,53049.7446,-1,8.374900000002526,BACKFILL_AUTO
2026-07-12 00:22:08,1783815728,R_75,53052.2959,1,2.5512999999991735,BACKFILL_AUTO
2026-07-12 00:22:10,1783815730,R_75,53054.4432,1,2.1473000000041793,BACKFILL_AUTO
2026-07-12 00:22:12,1783815732,R_75,53038.4578,-1,15.98540000000503,BACKFILL_AUTO
2026-07-12 00:22:14,1783815734,R_75,53024.9155,-1,13.542299999993702,BACKFILL_AUTO
2026-07-12 00:22:16,1783815736,R_75,53019.4131,-1,5.5024000000048545,BACKFILL_AUTO
2026-07-12 00:22:18,1783815738,R_75,53002.8513,-1,16.561799999995856,BACKFILL_AUTO
2026-07-12 00:22:20,1783815740,R_75,52999.3335,-1,3.5178000000014435,BACKFILL_AUTO
2026-07-12 00:22:22,1783815742,R_75,52998.2338,-1,1.0996999999988475,BACKFILL_AUTO
2026-07-12 00:22:24,1783815744,R_75,52989.1623,-1,9.071499999998196,BACKFILL_AUTO
2026-07-12 00:22:26,1783815746,R_75,52977.3359,-1,11.826400000005378,BACKFILL_AUTO
2026-07-12 00:22:28,1783815748,R_75,52981.6147,1,4.278800000000047,BACKFILL_AUTO
2026-07-12 00:22:30,1783815750,R_75,52998.9393,1,17.32459999999992,BACKFILL_AUTO
2026-07-12 00:22:32,1783815752,R_75,52998.4923,-1,0.4470000000001164,BACKFILL_AUTO
2026-07-12 00:22:34,1783815754,R_75,53003.5539,1,5.061600000000908,BACKFILL_AUTO
2026-07-12 00:22:36,1783815756,R_75,52994.4156,-1,9.138299999998708,BACKFILL_AUTO
2026-07-12 00:22:38,1783815758,R_75,52994.9795,1,0.5639000000010128,BACKFILL_AUTO
2026-07-12 00:22:40,1783815760,R_75,53011.1048,1,16.125299999999697,BACKFILL_AUTO
2026-07-12 00:22:42,1783815762,R_75,53005.9016,-1,5.203200000003562,BACKFILL_AUTO
2026-07-12 00:22:44,1783815764,R_75,53009.5739,1,3.6723000000056345,BACKFILL_AUTO
2026-07-12 00:22:46,1783815766,R_75,53017.0523,1,7.478399999999965,BACKFILL_AUTO
2026-07-12 00:22:48,1783815768,R_75,53008.8002,-1,8.252100000005157,BACKFILL_AUTO
2026-07-12 00:22:50,1783815770,R_75,52997.0137,-1,11.786499999994703,BACKFILL_AUTO
2026-07-12 00:22:52,1783815772,R_75,52986.3863,-1,10.627400000004855,BACKFILL_AUTO
2026-07-12 00:22:54,1783815774,R_75,52984.9716,-1,1.4147000000011758,BACKFILL_AUTO
2026-07-12 00:22:56,1783815776,R_75,52986.0164,1,1.0448000000033062,BACKFILL_AUTO
2026-07-12 00:22:58,1783815778,R_75,52990.1819,1,4.165500000002794,BACKFILL_AUTO
2026-07-12 00:23:00,1783815780,R_75,52980.0649,-1,10.117000000005646,BACKFILL_AUTO
2026-07-12 00:23:02,1783815782,R_75,52977.7495,-1,2.3153999999994994,BACKFILL_AUTO
2026-07-12 00:23:04,1783815784,R_75,52974.2274,-1,3.52209999999468,BACKFILL_AUTO
2026-07-12 00:23:06,1783815786,R_75,52973.708,-1,0.5194000000046799,BACKFILL_AUTO
2026-07-12 00:23:08,1783815788,R_75,52966.8113,-1,6.896699999997509,BACKFILL_AUTO
2026-07-12 00:23:10,1783815790,R_75,52960.6849,-1,6.126400000001013,BACKFILL_AUTO
2026-07-12 00:23:12,1783815792,R_75,52959.4932,-1,1.1917000000030384,BACKFILL_AUTO
2026-07-12 00:23:14,1783815794,R_75,52950.4709,-1,9.022299999996903,BACKFILL_AUTO
2026-07-12 00:23:16,1783815796,R_75,52925.9172,-1,24.553699999996752,BACKFILL_AUTO
2026-07-12 00:23:18,1783815798,R_75,52943.1546,1,17.23739999999816,BACKFILL_AUTO
2026-07-12 00:23:20,1783815800,R_75,52943.8142,1,0.6595999999990454,BACKFILL_AUTO
2026-07-12 00:23:22,1783815802,R_75,52935.6996,-1,8.114600000000792,BACKFILL_AUTO
2026-07-12 00:23:24,1783815804,R_75,52931.5943,-1,4.105300000002899,BACKFILL_AUTO
2026-07-12 00:23:26,1783815806,R_75,52929.4537,-1,2.1405999999988126,BACKFILL_AUTO
2026-07-12 00:23:28,1783815808,R_75,52924.7812,-1,4.672500000000582,BACKFILL_AUTO
2026-07-12 00:23:30,1783815810,R_75,52907.0937,-1,17.6875,BACKFILL_AUTO
2026-07-12 00:23:32,1783815812,R_75,52920.1409,1,13.047200000000885,BACKFILL_AUTO
2026-07-12 00:23:34,1783815814,R_75,52914.4813,-1,5.659599999999045,BACKFILL_AUTO
2026-07-12 00:23:36,1783815816,R_75,52914.3484,-1,0.13289999999688007,BACKFILL_AUTO
2026-07-12 00:23:38,1783815818,R_75,52932.2363,1,17.88789999999426,BACKFILL_AUTO
2026-07-12 00:23:40,1783815820,R_75,52953.1927,1,20.95640000000276,BACKFILL_AUTO
2026-07-12 00:23:42,1783815822,R_75,52946.7465,-1,6.446199999998498,BACKFILL_AUTO
2026-07-12 00:23:44,1783815824,R_75,52965.6271,1,18.880599999996775,BACKFILL_AUTO
2026-07-12 00:23:46,1783815826,R_75,52964.6442,-1,0.9828999999954249,BACKFILL_AUTO
2026-07-12 00:23:48,1783815828,R_75,52960.9777,-1,3.6664999999993597,BACKFILL_AUTO
2026-07-12 00:23:50,1783815830,R_75,52963.4159,1,2.4381999999968684,BACKFILL_AUTO
2026-07-12 00:23:52,1783815832,R_75,52962.0368,-1,1.3790999999982887,BACKFILL_AUTO
2026-07-12 00:23:54,1783815834,R_75,52956.1072,-1,5.92960000000312,BACKFILL_AUTO
2026-07-12 00:23:56,1783815836,R_75,52955.4909,-1,0.6163000000015018,BACKFILL_AUTO
2026-07-12 00:23:58,1783815838,R_75,52950.7842,-1,4.70669999999518,BACKFILL_AUTO
2026-07-12 00:24:00,1783815840,R_75,52952.1865,1,1.40230000000156,BACKFILL_AUTO
2026-07-12 00:24:02,1783815842,R_75,52950.6909,-1,1.495600000002014,BACKFILL_AUTO
2026-07-12 00:24:04,1783815844,R_75,52962.8173,1,12.126400000001013,BACKFILL_AUTO
2026-07-12 00:24:06,1783815846,R_75,52941.7553,-1,21.062000000005355,BACKFILL_AUTO
2026-07-12 00:24:08,1783815848,R_75,52937.1534,-1,4.6018999999942025,BACKFILL_AUTO
2026-07-12 00:24:10,1783815850,R_75,52932.4798,-1,4.673600000001898,BACKFILL_AUTO
2026-07-12 00:24:12,1783815852,R_75,52951.3641,1,18.884299999997893,BACKFILL_AUTO
2026-07-12 00:24:14,1783815854,R_75,52949.7933,-1,1.5708000000013271,BACKFILL_AUTO
2026-07-12 00:24:16,1783815856,R_75,52943.0139,-1,6.779399999999441,BACKFILL_AUTO
2026-07-12 00:24:18,1783815858,R_75,52938.3458,-1,4.66809999999532,BACKFILL_AUTO
2026-07-12 00:24:20,1783815860,R_75,52929.6098,-1,8.736000000004424,BACKFILL_AUTO
2026-07-12 00:24:22,1783815862,R_75,52920.9811,-1,8.628700000001118,BACKFILL_AUTO
2026-07-12 00:24:24,1783815864,R_75,52912.2132,-1,8.767899999998917,BACKFILL_AUTO
2026-07-12 00:24:26,1783815866,R_75,52913.7391,1,1.5259000000005472,BACKFILL_AUTO
2026-07-12 00:24:28,1783815868,R_75,52919.2017,1,5.462599999998929,BACKFILL_AUTO
2026-07-12 00:24:30,1783815870,R_75,52922.4237,1,3.2220000000015716,BACKFILL_AUTO
2026-07-12 00:24:32,1783815872,R_75,52909.9886,-1,12.435100000002421,BACKFILL_AUTO
2026-07-12 00:24:34,1783815874,R_75,52918.0945,1,8.105900000002293,BACKFILL_AUTO
2026-07-12 00:24:36,1783815876,R_75,52918.9445,1,0.8499999999985448,BACKFILL_AUTO
2026-07-12 00:24:38,1783815878,R_75,52913.0829,-1,5.8615999999965425,BACKFILL_AUTO
2026-07-12 00:24:40,1783815880,R_75,52910.7499,-1,2.3329999999987194,BACKFILL_AUTO
2026-07-12 00:24:42,1783815882,R_75,52911.6383,1,0.8883999999961816,BACKFILL_AUTO
2026-07-12 00:24:44,1783815884,R_75,52887.775,-1,23.863299999997253,BACKFILL_AUTO
2026-07-12 00:24:46,1783815886,R_75,52883.8304,-1,3.944600000002538,BACKFILL_AUTO
2026-07-12 00:24:48,1783815888,R_75,52896.4067,1,12.576300000000629,BACKFILL_AUTO
2026-07-12 00:24:50,1783815890,R_75,52898.3954,1,1.9887000000016997,BACKFILL_AUTO
2026-07-12 00:24:52,1783815892,R_75,52914.9251,1,16.52969999999914,BACKFILL_AUTO
2026-07-12 00:24:54,1783815894,R_75,52914.6222,-1,0.3029000000024098,BACKFILL_AUTO
2026-07-12 00:24:56,1783815896,R_75,52927.1077,1,12.485500000002503,BACKFILL_AUTO
2026-07-12 00:24:58,1783815898,R_75,52925.6074,-1,1.5002999999996973,BACKFILL_AUTO
2026-07-12 00:25:00,1783815900,R_75,52924.6843,-1,0.9230999999999767,BACKFILL_AUTO
2026-07-12 00:25:02,1783815902,R_75,52931.1588,1,6.474499999996624,BACKFILL_AUTO
2026-07-12 00:25:04,1783815904,R_75,52935.3971,1,4.238300000004529,BACKFILL_AUTO
2026-07-12 00:25:06,1783815906,R_75,52910.6097,-1,24.78740000000107,BACKFILL_AUTO
2026-07-12 00:25:08,1783815908,R_75,52909.1181,-1,1.491600000001199,BACKFILL_AUTO
2026-07-12 00:25:10,1783815910,R_75,52885.6679,-1,23.450199999999313,BACKFILL_AUTO
2026-07-12 00:25:12,1783815912,R_75,52883.125,-1,2.5429000000003725,BACKFILL_AUTO
2026-07-12 00:25:14,1783815914,R_75,52884.0068,1,0.8818000000028405,BACKFILL_AUTO
2026-07-12 00:25:16,1783815916,R_75,52881.1216,-1,2.885200000004261,BACKFILL_AUTO
2026-07-12 00:25:18,1783815918,R_75,52883.1252,1,2.003600000003644,BACKFILL_AUTO
2026-07-12 00:25:20,1783815920,R_75,52894.7529,1,11.627699999997276,BACKFILL_AUTO
2026-07-12 00:25:22,1783815922,R_75,52880.9909,-1,13.762000000002445,BACKFILL_AUTO
2026-07-12 00:25:24,1783815924,R_75,52881.0047,1,0.013800000000628643,BACKFILL_AUTO
2026-07-12 00:25:26,1783815926,R_75,52889.2164,1,8.211699999999837,BACKFILL_AUTO
2026-07-12 00:25:28,1783815928,R_75,52892.3203,1,3.103900000001886,BACKFILL_AUTO
2026-07-12 00:25:30,1783815930,R_75,52890.4237,-1,1.896600000000035,BACKFILL_AUTO
2026-07-12 00:25:32,1783815932,R_75,52884.5835,-1,5.840199999998731,BACKFILL_AUTO
2026-07-12 00:25:34,1783815934,R_75,52866.1338,-1,18.449699999997392,BACKFILL_AUTO
2026-07-12 00:25:36,1783815936,R_75,52859.3786,-1,6.75520000000688,BACKFILL_AUTO
2026-07-12 00:25:38,1783815938,R_75,52871.7781,1,12.39950000000681,BACKFILL_AUTO
2026-07-12 00:25:40,1783815940,R_75,52883.6662,1,11.888099999996484,BACKFILL_AUTO
2026-07-12 00:25:42,1783815942,R_75,52903.9647,1,20.298499999997148,BACKFILL_AUTO
2026-07-12 00:25:44,1783815944,R_75,52904.676,1,0.7113000000026659,BACKFILL_AUTO
2026-07-12 00:25:46,1783815946,R_75,52908.6057,1,3.9297000000005937,BACKFILL_AUTO
2026-07-12 00:25:48,1783815948,R_75,52915.7497,1,7.144000000000233,BACKFILL_AUTO
2026-07-12 00:25:50,1783815950,R_75,52919.3048,1,3.555099999997765,BACKFILL_AUTO
2026-07-12 00:25:52,1783815952,R_75,52912.5801,-1,6.7246999999988475,BACKFILL_AUTO
2026-07-12 00:25:54,1783815954,R_75,52904.7331,-1,7.847000000001572,BACKFILL_AUTO
2026-07-12 00:25:56,1783815956,R_75,52895.771,-1,8.962099999997008,BACKFILL_AUTO
2026-07-12 00:25:58,1783815958,R_75,52883.1598,-1,12.611199999999371,BACKFILL_AUTO
2026-07-12 00:26:00,1783815960,R_75,52892.7078,1,9.547999999995227,BACKFILL_AUTO
2026-07-12 00:26:02,1783815962,R_75,52885.9438,-1,6.763999999995576,BACKFILL_AUTO
2026-07-12 00:26:04,1783815964,R_75,52886.385,1,0.4412000000011176,BACKFILL_AUTO
2026-07-12 00:26:06,1783815966,R_75,52900.3883,1,14.00329999999667,BACKFILL_AUTO
2026-07-12 00:26:08,1783815968,R_75,52872.9521,-1,27.43619999999646,BACKFILL_AUTO
2026-07-12 00:26:10,1783815970,R_75,52864.3781,-1,8.574000000000524,BACKFILL_AUTO
2026-07-12 00:26:12,1783815972,R_75,52867.0964,1,2.718300000000454,BACKFILL_AUTO
2026-07-12 00:26:14,1783815974,R_75,52873.9834,1,6.886999999995169,BACKFILL_AUTO
2026-07-12 00:26:16,1783815976,R_75,52872.0504,-1,1.9329999999972642,BACKFILL_AUTO
2026-07-12 00:26:18,1783815978,R_75,52856.1016,-1,15.9487999999983,BACKFILL_AUTO
2026-07-12 00:26:20,1783815980,R_75,52854.506,-1,1.5956000000005588,BACKFILL_AUTO
2026-07-12 00:26:22,1783815982,R_75,52832.6717,-1,21.83430000000226,BACKFILL_AUTO
2026-07-12 00:26:24,1783815984,R_75,52840.5407,1,7.868999999998778,BACKFILL_AUTO
2026-07-12 00:26:26,1783815986,R_75,52843.4761,1,2.9354000000021188,BACKFILL_AUTO
2026-07-12 00:26:28,1783815988,R_75,52854.2292,1,10.753100000001723,BACKFILL_AUTO
2026-07-12 00:26:30,1783815990,R_75,52860.6731,1,6.4438999999983935,BACKFILL_AUTO
2026-07-12 00:26:32,1783815992,R_75,52866.5395,1,5.8663999999989755,BACKFILL_AUTO
2026-07-12 00:26:34,1783815994,R_75,52862.5554,-1,3.98410000000149,BACKFILL_AUTO
2026-07-12 00:26:36,1783815996,R_75,52862.3614,-1,0.19399999999586726,BACKFILL_AUTO
2026-07-12 00:26:38,1783815998,R_75,52858.6437,-1,3.7177000000010594,BACKFILL_AUTO
2026-07-12 00:26:40,1783816000,R_75,52864.0013,1,5.3576000000030035,BACKFILL_AUTO
2026-07-12 00:26:42,1783816002,R_75,52869.1031,1,5.101799999996729,BACKFILL_AUTO
2026-07-12 00:26:44,1783816004,R_75,52869.8233,1,0.7201999999961117,BACKFILL_AUTO
2026-07-12 00:26:46,1783816006,R_75,52878.4252,1,8.601900000001478,BACKFILL_AUTO
2026-07-12 00:26:48,1783816008,R_75,52866.2924,-1,12.132799999999406,BACKFILL_AUTO
2026-07-12 00:26:50,1783816010,R_75,52855.9579,-1,10.334499999997206,BACKFILL_AUTO
2026-07-12 00:26:52,1783816012,R_75,52852.2321,-1,3.725800000000163,BACKFILL_AUTO
2026-07-12 00:26:54,1783816014,R_75,52856.3162,1,4.084100000000035,BACKFILL_AUTO
2026-07-12 00:26:56,1783816016,R_75,52840.1389,-1,16.177300000003015,BACKFILL_AUTO
2026-07-12 00:26:58,1783816018,R_75,52841.7358,1,1.5969000000040978,BACKFILL_AUTO
2026-07-12 00:27:00,1783816020,R_75,52845.6978,1,3.9619999999995343,BACKFILL_AUTO
2026-07-12 00:27:02,1783816022,R_75,52857.6453,1,11.947499999994761,BACKFILL_AUTO
2026-07-12 00:27:04,1783816024,R_75,52853.5337,-1,4.1115999999965425,BACKFILL_AUTO
2026-07-12 00:27:06,1783816026,R_75,52846.9529,-1,6.580800000003364,BACKFILL_AUTO
2026-07-12 00:27:08,1783816028,R_75,52834.6431,-1,12.309799999995448,BACKFILL_AUTO
2026-07-12 00:27:10,1783816030,R_75,52842.334,1,7.69090000000142,BACKFILL_AUTO
2026-07-12 00:27:12,1783816032,R_75,52841.0977,-1,1.236300000004121,BACKFILL_AUTO
2026-07-12 00:27:14,1783816034,R_75,52842.5358,1,1.4380999999993946,BACKFILL_AUTO
2026-07-12 00:27:16,1783816036,R_75,52831.1688,-1,11.36699999999837,BACKFILL_AUTO
2026-07-12 00:27:18,1783816038,R_75,52827.6635,-1,3.505299999997078,BACKFILL_AUTO
2026-07-12 00:27:20,1783816040,R_75,52833.1846,1,5.521099999998114,BACKFILL_AUTO
2026-07-12 00:27:22,1783816042,R_75,52808.4833,-1,24.70130000000063,BACKFILL_AUTO
2026-07-12 00:27:24,1783816044,R_75,52823.0591,1,14.575799999998708,BACKFILL_AUTO
2026-07-12 00:27:26,1783816046,R_75,52829.493,1,6.433900000003632,BACKFILL_AUTO
2026-07-12 00:27:28,1783816048,R_75,52814.279,-1,15.213999999999942,BACKFILL_AUTO
2026-07-12 00:27:30,1783816050,R_75,52802.9718,-1,11.307200000002922,BACKFILL_AUTO
2026-07-12 00:27:32,1783816052,R_75,52791.4472,-1,11.524599999997008,BACKFILL_AUTO
2026-07-12 00:27:34,1783816054,R_75,52798.8733,1,7.42609999999695,BACKFILL_AUTO
2026-07-12 00:27:36,1783816056,R_75,52797.5677,-1,1.3055999999996857,BACKFILL_AUTO
2026-07-12 00:27:38,1783816058,R_75,52795.907,-1,1.6607000000003609,BACKFILL_AUTO
2026-07-12 00:27:40,1783816060,R_75,52785.6558,-1,10.25119999999879,BACKFILL_AUTO
2026-07-12 00:27:42,1783816062,R_75,52806.1527,1,20.496899999998277,BACKFILL_AUTO
2026-07-12 00:27:44,1783816064,R_75,52802.73,-1,3.4226999999955297,BACKFILL_AUTO
2026-07-12 00:27:46,1783816066,R_75,52814.7098,1,11.979799999993702,BACKFILL_AUTO
2026-07-12 00:27:48,1783816068,R_75,52813.9922,-1,0.7175999999963096,BACKFILL_AUTO
2026-07-12 00:27:50,1783816070,R_75,52797.2868,-1,16.705399999998917,BACKFILL_AUTO
2026-07-12 00:27:52,1783816072,R_75,52784.2141,-1,13.07270000000426,BACKFILL_AUTO
2026-07-12 00:27:54,1783816074,R_75,52789.0277,1,4.8136000000013155,BACKFILL_AUTO
2026-07-12 00:27:56,1783816076,R_75,52794.5347,1,5.506999999997788,BACKFILL_AUTO
2026-07-12 00:27:58,1783816078,R_75,52800.7961,1,6.26140000000305,BACKFILL_AUTO
2026-07-12 00:28:00,1783816080,R_75,52790.3535,-1,10.44260000000213,BACKFILL_AUTO
2026-07-12 00:28:02,1783816082,R_75,52782.596,-1,7.757499999999709,BACKFILL_AUTO
2026-07-12 00:28:04,1783816084,R_75,52790.1475,1,7.551500000001397,BACKFILL_AUTO
2026-07-12 00:28:06,1783816086,R_75,52795.1735,1,5.025999999998021,BACKFILL_AUTO
2026-07-12 00:28:08,1783816088,R_75,52780.6135,-1,14.559999999997672,BACKFILL_AUTO
2026-07-12 00:28:10,1783816090,R_75,52802.2175,1,21.60399999999936,BACKFILL_AUTO
2026-07-12 00:28:12,1783816092,R_75,52785.8586,-1,16.358899999999267,BACKFILL_AUTO
2026-07-12 00:28:14,1783816094,R_75,52781.6308,-1,4.22780000000057,BACKFILL_AUTO
2026-07-12 00:28:16,1783816096,R_75,52785.6962,1,4.065399999999499,BACKFILL_AUTO
2026-07-12 00:28:18,1783816098,R_75,52789.3782,1,3.6820000000006985,BACKFILL_AUTO
2026-07-12 00:28:20,1783816100,R_75,52781.8334,-1,7.54479999999603,BACKFILL_AUTO
2026-07-12 00:28:22,1783816102,R_75,52779.7897,-1,2.0437000000019907,BACKFILL_AUTO
2026-07-12 00:28:24,1783816104,R_75,52779.852,1,0.06229999999777647,BACKFILL_AUTO
2026-07-12 00:28:26,1783816106,R_75,52773.734,-1,6.118000000002212,BACKFILL_AUTO
2026-07-12 00:28:28,1783816108,R_75,52775.9034,1,2.169400000006135,BACKFILL_AUTO
2026-07-12 00:28:30,1783816110,R_75,52759.9001,-1,16.003300000003946,BACKFILL_AUTO
2026-07-12 00:28:32,1783816112,R_75,52775.2174,1,15.317300000002433,BACKFILL_AUTO
2026-07-12 00:28:34,1783816114,R_75,52775.8021,1,0.5846999999994296,BACKFILL_AUTO
2026-07-12 00:28:36,1783816116,R_75,52775.439,-1,0.363100000002305,BACKFILL_AUTO
2026-07-12 00:28:38,1783816118,R_75,52774.6805,-1,0.7584999999962747,BACKFILL_AUTO
2026-07-12 00:28:40,1783816120,R_75,52766.6147,-1,8.065800000003946,BACKFILL_AUTO
2026-07-12 00:28:42,1783816122,R_75,52754.7918,-1,11.822899999999208,BACKFILL_AUTO
2026-07-12 00:28:44,1783816124,R_75,52730.8847,-1,23.907099999996717,BACKFILL_AUTO
2026-07-12 00:28:46,1783816126,R_75,52741.3618,1,10.477099999996426,BACKFILL_AUTO
2026-07-12 00:28:48,1783816128,R_75,52740.0681,-1,1.2937000000019907,BACKFILL_AUTO
2026-07-12 00:28:50,1783816130,R_75,52732.9678,-1,7.100299999998242,BACKFILL_AUTO
2026-07-12 00:28:52,1783816132,R_75,52728.1981,-1,4.769699999997101,BACKFILL_AUTO
2026-07-12 00:28:54,1783816134,R_75,52742.29,1,14.091899999999441,BACKFILL_AUTO
2026-07-12 00:28:56,1783816136,R_75,52747.2421,1,4.952100000002247,BACKFILL_AUTO
2026-07-12 00:28:58,1783816138,R_75,52744.9865,-1,2.2556000000040513,BACKFILL_AUTO
2026-07-12 00:29:00,1783816140,R_75,52743.187,-1,1.7995000000009895,BACKFILL_AUTO
2026-07-12 00:29:02,1783816142,R_75,52743.8143,1,0.6273000000001048,BACKFILL_AUTO
2026-07-12 00:29:04,1783816144,R_75,52751.5698,1,7.7554999999993015,BACKFILL_AUTO
2026-07-12 00:29:06,1783816146,R_75,52771.8935,1,20.323700000000827,BACKFILL_AUTO
2026-07-12 00:29:08,1783816148,R_75,52782.0777,1,10.18420000000333,BACKFILL_AUTO
2026-07-12 00:29:10,1783816150,R_75,52782.6655,1,0.5878000000011525,BACKFILL_AUTO
2026-07-12 00:29:12,1783816152,R_75,52773.7705,-1,8.895000000004075,BACKFILL_AUTO
2026-07-12 00:29:14,1783816154,R_75,52764.4696,-1,9.300900000002002,BACKFILL_AUTO
2026-07-12 00:29:16,1783816156,R_75,52755.3727,-1,9.096899999996822,BACKFILL_AUTO
2026-07-12 00:29:18,1783816158,R_75,52775.4788,1,20.10609999999724,BACKFILL_AUTO
2026-07-12 00:29:20,1783816160,R_75,52772.3646,-1,3.1141999999963446,BACKFILL_AUTO
2026-07-12 00:29:22,1783816162,R_75,52770.798,-1,1.5665999999982887,BACKFILL_AUTO
2026-07-12 00:29:24,1783816164,R_75,52770.3106,-1,0.4874000000054366,BACKFILL_AUTO
2026-07-12 00:29:26,1783816166,R_75,52758.4571,-1,11.853499999997439,BACKFILL_AUTO
2026-07-12 00:29:28,1783816168,R_75,52778.3764,1,19.919300000001385,BACKFILL_AUTO
2026-07-12 00:29:30,1783816170,R_75,52791.9726,1,13.596199999999953,BACKFILL_AUTO
2026-07-12 00:29:32,1783816172,R_75,52787.6944,-1,4.278200000000652,BACKFILL_AUTO
2026-07-12 00:29:34,1783816174,R_75,52793.1483,1,5.453900000000431,BACKFILL_AUTO
2026-07-12 00:29:36,1783816176,R_75,52791.1945,-1,1.953800000002957,BACKFILL_AUTO
2026-07-12 00:29:38,1783816178,R_75,52793.4024,1,2.2079000000012456,BACKFILL_AUTO
2026-07-12 00:29:40,1783816180,R_75,52807.7938,1,14.39140000000043,BACKFILL_AUTO
2026-07-12 00:29:42,1783816182,R_75,52790.1355,-1,17.658300000002782,BACKFILL_AUTO
2026-07-12 00:29:44,1783816184,R_75,52796.6936,1,6.558100000002014,BACKFILL_AUTO
2026-07-12 00:29:46,1783816186,R_75,52800.8753,1,4.181700000001001,BACKFILL_AUTO
2026-07-12 00:29:48,1783816188,R_75,52790.2752,-1,10.600100000003295,BACKFILL_AUTO
2026-07-12 00:29:50,1783816190,R_75,52795.4095,1,5.134300000005169,BACKFILL_AUTO
2026-07-12 00:29:52,1783816192,R_75,52799.9042,1,4.494699999995646,BACKFILL_AUTO
2026-07-12 00:29:54,1783816194,R_75,52812.2181,1,12.313900000001013,BACKFILL_AUTO
2026-07-12 00:29:56,1783816196,R_75,52821.2837,1,9.065600000001723,BACKFILL_AUTO
2026-07-12 00:29:58,1783816198,R_75,52819.9329,-1,1.350800000000163,BACKFILL_AUTO
2026-07-12 00:30:00,1783816200,R_75,52833.5281,1,13.595200000003388,BACKFILL_AUTO
2026-07-12 00:30:02,1783816202,R_75,52839.6589,1,6.130799999998999,BACKFILL_AUTO
2026-07-12 00:30:04,1783816204,R_75,52847.4085,1,7.749599999995553,BACKFILL_AUTO
2026-07-12 00:30:06,1783816206,R_75,52844.6595,-1,2.7489999999961583,BACKFILL_AUTO
2026-07-12 00:30:08,1783816208,R_75,52830.7957,-1,13.863799999999173,BACKFILL_AUTO
2026-07-12 00:30:10,1783816210,R_75,52826.7831,-1,4.012600000001839,BACKFILL_AUTO
2026-07-12 00:30:12,1783816212,R_75,52810.7258,-1,16.057300000000396,BACKFILL_AUTO
2026-07-12 00:30:14,1783816214,R_75,52819.8519,1,9.126100000001315,BACKFILL_AUTO
2026-07-12 00:30:16,1783816216,R_75,52819.8491,-1,0.0028000000020256266,BACKFILL_AUTO
2026-07-12 00:30:18,1783816218,R_75,52829.1564,1,9.307300000000396,BACKFILL_AUTO
2026-07-12 00:30:20,1783816220,R_75,52831.2409,1,2.084499999997206,BACKFILL_AUTO
2026-07-12 00:30:22,1783816222,R_75,52810.4095,-1,20.831399999995483,BACKFILL_AUTO
2026-07-12 00:30:24,1783816224,R_75,52807.9983,-1,2.4112000000022817,BACKFILL_AUTO
2026-07-12 00:30:26,1783816226,R_75,52805.5929,-1,2.405399999996007,BACKFILL_AUTO
2026-07-12 00:30:28,1783816228,R_75,52797.851,-1,7.741900000000896,BACKFILL_AUTO
2026-07-12 00:30:30,1783816230,R_75,52802.1812,1,4.330199999996694,BACKFILL_AUTO
2026-07-12 00:30:32,1783816232,R_75,52797.8819,-1,4.299299999998766,BACKFILL_AUTO
2026-07-12 00:30:34,1783816234,R_75,52783.6063,-1,14.27560000000085,BACKFILL_AUTO
2026-07-12 00:30:36,1783816236,R_75,52777.8348,-1,5.771500000002561,BACKFILL_AUTO
2026-07-12 00:30:38,1783816238,R_75,52775.9172,-1,1.9175999999933993,BACKFILL_AUTO
2026-07-12 00:30:40,1783816240,R_75,52774.7487,-1,1.1685000000070431,BACKFILL_AUTO
2026-07-12 00:30:42,1783816242,R_75,52765.2178,-1,9.530899999997928,BACKFILL_AUTO
2026-07-12 00:30:44,1783816244,R_75,52775.8162,1,10.598400000002584,BACKFILL_AUTO
2026-07-12 00:30:46,1783816246,R_75,52777.4628,1,1.646600000000035,BACKFILL_AUTO
2026-07-12 00:30:48,1783816248,R_75,52763.1643,-1,14.298500000004424,BACKFILL_AUTO
2026-07-12 00:30:50,1783816250,R_75,52762.9159,-1,0.24839999999676365,BACKFILL_AUTO
2026-07-12 00:30:52,1783816252,R_75,52765.797,1,2.881099999998696,BACKFILL_AUTO
2026-07-12 00:30:54,1783816254,R_75,52764.594,-1,1.2030000000013388,BACKFILL_AUTO
2026-07-12 00:30:56,1783816256,R_75,52759.9921,-1,4.6018999999942025,BACKFILL_AUTO
2026-07-12 00:30:58,1783816258,R_75,52750.7142,-1,9.277900000000955,BACKFILL_AUTO
2026-07-12 00:31:00,1783816260,R_75,52774.6942,1,23.979999999995925,BACKFILL_AUTO
2026-07-12 00:31:02,1783816262,R_75,52795.1435,1,20.44930000000022,BACKFILL_AUTO
2026-07-12 00:31:04,1783816264,R_75,52803.7232,1,8.579700000002049,BACKFILL_AUTO
2026-07-12 00:31:06,1783816266,R_75,52804.3307,1,0.6074999999982538,BACKFILL_AUTO
2026-07-12 00:31:08,1783816268,R_75,52799.7981,-1,4.532599999998638,BACKFILL_AUTO
2026-07-12 00:31:10,1783816270,R_75,52825.2559,1,25.457799999996496,BACKFILL_AUTO
2026-07-12 00:31:12,1783816272,R_75,52825.7514,1,0.4955000000045402,BACKFILL_AUTO
2026-07-12 00:31:14,1783816274,R_75,52840.5375,1,14.786099999997532,BACKFILL_AUTO
2026-07-12 00:31:16,1783816276,R_75,52827.6436,-1,12.893899999995483,BACKFILL_AUTO
2026-07-12 00:31:18,1783816278,R_75,52827.0101,-1,0.6335000000035507,BACKFILL_AUTO
2026-07-12 00:31:20,1783816280,R_75,52825.1076,-1,1.9024999999965075,BACKFILL_AUTO
2026-07-12 00:31:22,1783816282,R_75,52844.8307,1,19.72309999999561,BACKFILL_AUTO
2026-07-12 00:31:24,1783816284,R_75,52857.7586,1,12.92790000000241,BACKFILL_AUTO
2026-07-12 00:31:26,1783816286,R_75,52863.4747,1,5.716099999997823,BACKFILL_AUTO
2026-07-12 00:31:28,1783816288,R_75,52857.512,-1,5.962699999996403,BACKFILL_AUTO
2026-07-12 00:31:30,1783816290,R_75,52862.6385,1,5.126499999998487,BACKFILL_AUTO
2026-07-12 00:31:32,1783816292,R_75,52851.5784,-1,11.060100000002421,BACKFILL_AUTO
2026-07-12 00:31:34,1783816294,R_75,52838.8231,-1,12.755299999997078,BACKFILL_AUTO
2026-07-12 00:31:36,1783816296,R_75,52838.321,-1,0.5020999999978812,BACKFILL_AUTO
2026-07-12 00:31:38,1783816298,R_75,52847.104,1,8.782999999995809,BACKFILL_AUTO
2026-07-12 00:31:40,1783816300,R_75,52836.5795,-1,10.524499999999534,BACKFILL_AUTO
2026-07-12 00:31:42,1783816302,R_75,52824.7403,-1,11.839200000002165,BACKFILL_AUTO
2026-07-12 00:31:44,1783816304,R_75,52825.8768,1,1.1365000000005239,BACKFILL_AUTO
2026-07-12 00:31:46,1783816306,R_75,52842.1256,1,16.24880000000121,BACKFILL_AUTO
2026-07-12 00:31:48,1783816308,R_75,52844.9614,1,2.835800000000745,BACKFILL_AUTO
2026-07-12 00:31:50,1783816310,R_75,52834.695,-1,10.26640000000043,BACKFILL_AUTO
2026-07-12 00:31:52,1783816312,R_75,52828.6344,-1,6.060599999997066,BACKFILL_AUTO
2026-07-12 00:31:54,1783816314,R_75,52832.7472,1,4.112799999995332,BACKFILL_AUTO
2026-07-12 00:31:56,1783816316,R_75,52842.0753,1,9.328099999998813,BACKFILL_AUTO
2026-07-12 00:31:58,1783816318,R_75,52833.8698,-1,8.205499999996391,BACKFILL_AUTO
2026-07-12 00:32:00,1783816320,R_75,52834.9557,1,1.0858999999982188,BACKFILL_AUTO
2026-07-12 00:32:02,1783816322,R_75,52821.7657,-1,13.189999999995052,BACKFILL_AUTO
2026-07-12 00:32:04,1783816324,R_75,52817.8027,-1,3.963000000003376,BACKFILL_AUTO
2026-07-12 00:32:06,1783816326,R_75,52823.533,1,5.730300000002899,BACKFILL_AUTO
2026-07-12 00:32:08,1783816328,R_75,52815.4154,-1,8.11760000000504,BACKFILL_AUTO
2026-07-12 00:32:10,1783816330,R_75,52839.0925,1,23.67710000000079,BACKFILL_AUTO
2026-07-12 00:32:12,1783816332,R_75,52837.9041,-1,1.188399999999092,BACKFILL_AUTO
2026-07-12 00:32:14,1783816334,R_75,52844.1498,1,6.245699999999488,BACKFILL_AUTO
2026-07-12 00:32:16,1783816336,R_75,52851.3415,1,7.191700000003038,BACKFILL_AUTO
2026-07-12 00:32:18,1783816338,R_75,52873.6359,1,22.29439999999886,BACKFILL_AUTO
2026-07-12 00:32:20,1783816340,R_75,52861.4524,-1,12.183499999999185,BACKFILL_AUTO
2026-07-12 00:32:22,1783816342,R_75,52870.0329,1,8.580499999996391,BACKFILL_AUTO
2026-07-12 00:32:24,1783816344,R_75,52877.2551,1,7.222200000003795,BACKFILL_AUTO
2026-07-12 00:32:26,1783816346,R_75,52866.804,-1,10.451100000005681,BACKFILL_AUTO
2026-07-12 00:32:28,1783816348,R_75,52887.0001,1,20.196100000001024,BACKFILL_AUTO
2026-07-12 00:32:30,1783816350,R_75,52878.2879,-1,8.712199999994482,BACKFILL_AUTO
2026-07-12 00:32:32,1783816352,R_75,52871.2608,-1,7.027100000006612,BACKFILL_AUTO
2026-07-12 00:32:34,1783816354,R_75,52860.7534,-1,10.50739999999496,BACKFILL_AUTO
2026-07-12 00:32:36,1783816356,R_75,52859.7225,-1,1.0308999999979278,BACKFILL_AUTO
2026-07-12 00:32:38,1783816358,R_75,52855.1609,-1,4.561600000000908,BACKFILL_AUTO
2026-07-12 00:32:40,1783816360,R_75,52859.1522,1,3.991299999994226,BACKFILL_AUTO
2026-07-12 00:32:42,1783816362,R_75,52850.689,-1,8.463199999998324,BACKFILL_AUTO
2026-07-12 00:32:44,1783816364,R_75,52855.2946,1,4.605600000002596,BACKFILL_AUTO
2026-07-12 00:32:46,1783816366,R_75,52865.4742,1,10.179599999995844,BACKFILL_AUTO
2026-07-12 00:32:48,1783816368,R_75,52864.5699,-1,0.9042999999946915,BACKFILL_AUTO
2026-07-12 00:32:50,1783816370,R_75,52862.0957,-1,2.4742000000042026,BACKFILL_AUTO
2026-07-12 00:32:52,1783816372,R_75,52870.6792,1,8.58350000000064,BACKFILL_AUTO
2026-07-12 00:32:54,1783816374,R_75,52860.4647,-1,10.214500000001863,BACKFILL_AUTO
2026-07-12 00:32:56,1783816376,R_75,52858.2803,-1,2.184399999998277,BACKFILL_AUTO
2026-07-12 00:32:58,1783816378,R_75,52842.5303,-1,15.75,BACKFILL_AUTO
2026-07-12 00:33:00,1783816380,R_75,52856.276,1,13.745699999999488,BACKFILL_AUTO
2026-07-12 00:33:02,1783816382,R_75,52860.1259,1,3.849900000001071,BACKFILL_AUTO
2026-07-12 00:33:04,1783816384,R_75,52871.4424,1,11.316500000000815,BACKFILL_AUTO
2026-07-12 00:33:06,1783816386,R_75,52869.588,-1,1.8543999999965308,BACKFILL_AUTO
2026-07-12 00:33:08,1783816388,R_75,52871.7569,1,2.1688999999969383,BACKFILL_AUTO
2026-07-12 00:33:10,1783816390,R_75,52871.1512,-1,0.6057000000000698,BACKFILL_AUTO
2026-07-12 00:33:12,1783816392,R_75,52870.4264,-1,0.7248000000035972,BACKFILL_AUTO
2026-07-12 00:33:14,1783816394,R_75,52869.5208,-1,0.9055999999982305,BACKFILL_AUTO
2026-07-12 00:33:16,1783816396,R_75,52889.6079,1,20.087100000004284,BACKFILL_AUTO
2026-07-12 00:33:18,1783816398,R_75,52880.0893,-1,9.518600000003062,BACKFILL_AUTO
2026-07-12 00:33:20,1783816400,R_75,52887.2125,1,7.123200000001816,BACKFILL_AUTO
2026-07-12 00:33:22,1783816402,R_75,52895.6052,1,8.392699999996694,BACKFILL_AUTO
2026-07-12 00:33:24,1783816404,R_75,52890.8813,-1,4.723899999997229,BACKFILL_AUTO
2026-07-12 00:33:26,1783816406,R_75,52898.9328,1,8.051500000001397,BACKFILL_AUTO
2026-07-12 00:33:28,1783816408,R_75,52888.4135,-1,10.51929999999993,BACKFILL_AUTO
2026-07-12 00:33:30,1783816410,R_75,52867.7448,-1,20.66870000000199,BACKFILL_AUTO
2026-07-12 00:33:32,1783816412,R_75,52865.3608,-1,2.3839999999981956,BACKFILL_AUTO
2026-07-12 00:33:34,1783816414,R_75,52874.6541,1,9.293299999997544,BACKFILL_AUTO
2026-07-12 00:33:36,1783816416,R_75,52861.8677,-1,12.78639999999723,BACKFILL_AUTO
2026-07-12 00:33:38,1783816418,R_75,52859.8284,-1,2.0393000000040047,BACKFILL_AUTO
2026-07-12 00:33:40,1783816420,R_75,52881.8904,1,22.06199999999808,BACKFILL_AUTO
2026-07-12 00:33:42,1783816422,R_75,52879.8304,-1,2.0599999999976717,BACKFILL_AUTO
2026-07-12 00:33:44,1783816424,R_75,52894.1389,1,14.308499999999185,BACKFILL_AUTO
2026-07-12 00:33:46,1783816426,R_75,52892.5835,-1,1.5553999999974621,BACKFILL_AUTO
2026-07-12 00:33:48,1783816428,R_75,52890.6346,-1,1.94890000000305,BACKFILL_AUTO
2026-07-12 00:33:50,1783816430,R_75,52888.6028,-1,2.0317999999970198,BACKFILL_AUTO
2026-07-12 00:33:52,1783816432,R_75,52891.8354,1,3.2326000000030035,BACKFILL_AUTO
2026-07-12 00:33:54,1783816434,R_75,52885.5047,-1,6.330700000005891,BACKFILL_AUTO
2026-07-12 00:33:56,1783816436,R_75,52885.0486,-1,0.45609999999578577,BACKFILL_AUTO
2026-07-12 00:33:58,1783816438,R_75,52871.4835,-1,13.565099999999802,BACKFILL_AUTO
2026-07-12 00:34:00,1783816440,R_75,52866.4371,-1,5.046399999999267,BACKFILL_AUTO
2026-07-12 00:34:02,1783816442,R_75,52881.4085,1,14.971399999994901,BACKFILL_AUTO
2026-07-12 00:34:04,1783816444,R_75,52884.4128,1,3.0043000000005122,BACKFILL_AUTO
2026-07-12 00:34:06,1783816446,R_75,52891.5463,1,7.133500000003551,BACKFILL_AUTO
2026-07-12 00:34:08,1783816448,R_75,52893.8638,1,2.3174999999973807,BACKFILL_AUTO
2026-07-12 00:34:10,1783816450,R_75,52907.4214,1,13.557600000000093,BACKFILL_AUTO
2026-07-12 00:34:12,1783816452,R_75,52923.1039,1,15.68250000000262,BACKFILL_AUTO
2026-07-12 00:34:14,1783816454,R_75,52914.4111,-1,8.692800000004354,BACKFILL_AUTO
2026-07-12 00:34:16,1783816456,R_75,52903.0092,-1,11.401899999997113,BACKFILL_AUTO
2026-07-12 00:34:18,1783816458,R_75,52903.5061,1,0.49689999999827705,BACKFILL_AUTO
2026-07-12 00:34:20,1783816460,R_75,52909.151,1,5.644899999999325,BACKFILL_AUTO
2026-07-12 00:34:22,1783816462,R_75,52896.0216,-1,13.129399999997986,BACKFILL_AUTO
2026-07-12 00:34:24,1783816464,R_75,52889.8136,-1,6.207999999998719,BACKFILL_AUTO
2026-07-12 00:34:26,1783816466,R_75,52893.3244,1,3.5107999999963795,BACKFILL_AUTO
2026-07-12 00:34:28,1783816468,R_75,52882.1914,-1,11.132999999994354,BACKFILL_AUTO
2026-07-12 00:34:30,1783816470,R_75,52882.0407,-1,0.15070000000559958,BACKFILL_AUTO
2026-07-12 00:34:32,1783816472,R_75,52885.78,1,3.7393000000010943,BACKFILL_AUTO
2026-07-12 00:34:34,1783816474,R_75,52886.3438,1,0.563800000003539,BACKFILL_AUTO
2026-07-12 00:34:36,1783816476,R_75,52891.0592,1,4.715400000000955,BACKFILL_AUTO
2026-07-12 00:34:38,1783816478,R_75,52899.1478,1,8.088599999995495,BACKFILL_AUTO
2026-07-12 00:34:40,1783816480,R_75,52910.2202,1,11.072400000004563,BACKFILL_AUTO
2026-07-12 00:34:42,1783816482,R_75,52914.1191,1,3.8989000000001397,BACKFILL_AUTO
2026-07-12 00:34:44,1783816484,R_75,52925.2981,1,11.17899999999645,BACKFILL_AUTO
2026-07-12 00:34:46,1783816486,R_75,52937.3906,1,12.092499999998836,BACKFILL_AUTO
2026-07-12 00:34:48,1783816488,R_75,52938.568,1,1.177400000000489,BACKFILL_AUTO
2026-07-12 00:34:50,1783816490,R_75,52923.7181,-1,14.849900000001071,BACKFILL_AUTO
2026-07-12 00:34:52,1783816492,R_75,52917.9165,-1,5.801599999998871,BACKFILL_AUTO
2026-07-12 00:34:54,1783816494,R_75,52934.9697,1,17.053200000002107,BACKFILL_AUTO
2026-07-12 00:34:56,1783816496,R_75,52923.9665,-1,11.003199999999197,BACKFILL_AUTO
2026-07-12 00:34:58,1783816498,R_75,52911.1461,-1,12.820400000004156,BACKFILL_AUTO
2026-07-12 00:35:00,1783816500,R_75,52927.4782,1,16.332099999999627,BACKFILL_AUTO
2026-07-12 00:35:02,1783816502,R_75,52931.7782,1,4.30000000000291,BACKFILL_AUTO
2026-07-12 00:35:04,1783816504,R_75,52940.3786,1,8.600399999995716,BACKFILL_AUTO
2026-07-12 00:35:06,1783816506,R_75,52941.895,1,1.5164000000004307,BACKFILL_AUTO
2026-07-12 00:35:08,1783816508,R_75,52925.8627,-1,16.03229999999894,BACKFILL_AUTO
2026-07-12 00:35:10,1783816510,R_75,52930.007,1,4.14429999999993,BACKFILL_AUTO
2026-07-12 00:35:12,1783816512,R_75,52940.452,1,10.444999999999709,BACKFILL_AUTO
2026-07-12 00:35:14,1783816514,R_75,52957.9015,1,17.449500000002445,BACKFILL_AUTO
2026-07-12 00:35:16,1783816516,R_75,52949.7613,-1,8.140200000001641,BACKFILL_AUTO
2026-07-12 00:35:18,1783816518,R_75,52963.3094,1,13.548099999999977,BACKFILL_AUTO
2026-07-12 00:35:20,1783816520,R_75,52963.7814,1,0.4720000000015716,BACKFILL_AUTO
2026-07-12 00:35:22,1783816522,R_75,52963.6815,-1,0.09990000000107102,BACKFILL_AUTO
2026-07-12 00:35:24,1783816524,R_75,52973.3096,1,9.628100000001723,BACKFILL_AUTO
2026-07-12 00:35:26,1783816526,R_75,52974.6715,1,1.3618999999962398,BACKFILL_AUTO
2026-07-12 00:35:28,1783816528,R_75,52962.4163,-1,12.255199999999604,BACKFILL_AUTO
2026-07-12 00:35:30,1783816530,R_75,52972.6822,1,10.265900000005786,BACKFILL_AUTO
2026-07-12 00:35:32,1783816532,R_75,52958.7532,-1,13.929000000003725,BACKFILL_AUTO
2026-07-12 00:35:34,1783816534,R_75,52958.5872,-1,0.16599999999743886,BACKFILL_AUTO
2026-07-12 00:35:36,1783816536,R_75,52953.9706,-1,4.616600000001199,BACKFILL_AUTO
2026-07-12 00:35:38,1783816538,R_75,52962.4122,1,8.441599999998289,BACKFILL_AUTO
2026-07-12 00:35:40,1783816540,R_75,52975.3928,1,12.980600000002596,BACKFILL_AUTO
2026-07-12 00:35:42,1783816542,R_75,52973.7222,-1,1.6706000000049244,BACKFILL_AUTO
2026-07-12 00:35:44,1783816544,R_75,52975.0691,1,1.3469000000040978,BACKFILL_AUTO
2026-07-12 00:35:46,1783816546,R_75,52973.7552,-1,1.3139000000010128,BACKFILL_AUTO
2026-07-12 00:35:48,1783816548,R_75,52964.3104,-1,9.444799999997485,BACKFILL_AUTO
2026-07-12 00:35:50,1783816550,R_75,52950.5042,-1,13.80619999999908,BACKFILL_AUTO
2026-07-12 00:35:52,1783816552,R_75,52937.1058,-1,13.398400000005495,BACKFILL_AUTO
2026-07-12 00:35:54,1783816554,R_75,52918.2846,-1,18.8211999999985,BACKFILL_AUTO
2026-07-12 00:35:56,1783816556,R_75,52917.6013,-1,0.6832999999969616,BACKFILL_AUTO
2026-07-12 00:35:58,1783816558,R_75,52918.5744,1,0.9730999999956111,BACKFILL_AUTO
2026-07-12 00:36:00,1783816560,R_75,52917.0103,-1,1.5640999999959604,BACKFILL_AUTO
2026-07-12 00:36:02,1783816562,R_75,52920.5791,1,3.5688000000009197,BACKFILL_AUTO
2026-07-12 00:36:04,1783816564,R_75,52918.9045,-1,1.6746000000057393,BACKFILL_AUTO
2026-07-12 00:36:06,1783816566,R_75,52908.7815,-1,10.122999999999593,BACKFILL_AUTO
2026-07-12 00:36:08,1783816568,R_75,52921.713,1,12.931500000006054,BACKFILL_AUTO
2026-07-12 00:36:10,1783816570,R_75,52920.015,-1,1.6980000000039581,BACKFILL_AUTO
2026-07-12 00:36:12,1783816572,R_75,52911.5289,-1,8.486100000001898,BACKFILL_AUTO
2026-07-12 00:36:14,1783816574,R_75,52897.5233,-1,14.005599999996775,BACKFILL_AUTO
2026-07-12 00:36:16,1783816576,R_75,52905.8805,1,8.357199999998556,BACKFILL_AUTO
2026-07-12 00:36:18,1783816578,R_75,52912.7711,1,6.890599999998813,BACKFILL_AUTO
2026-07-12 00:36:20,1783816580,R_75,52899.4917,-1,13.279399999999441,BACKFILL_AUTO
2026-07-12 00:36:22,1783816582,R_75,52894.5067,-1,4.985000000000582,BACKFILL_AUTO
2026-07-12 00:36:24,1783816584,R_75,52882.7973,-1,11.709399999999732,BACKFILL_AUTO
2026-07-12 00:36:26,1783816586,R_75,52856.7485,-1,26.048799999996845,BACKFILL_AUTO
2026-07-12 00:36:28,1783816588,R_75,52869.0995,1,12.35099999999511,BACKFILL_AUTO
2026-07-12 00:36:30,1783816590,R_75,52875.8259,1,6.726400000006834,BACKFILL_AUTO
2026-07-12 00:36:32,1783816592,R_75,52883.6287,1,7.80279999999766,BACKFILL_AUTO
2026-07-12 00:36:34,1783816594,R_75,52873.6436,-1,9.985099999998056,BACKFILL_AUTO
2026-07-12 00:36:36,1783816596,R_75,52891.9497,1,18.30609999999433,BACKFILL_AUTO
2026-07-12 00:36:38,1783816598,R_75,52873.678,-1,18.27169999999751,BACKFILL_AUTO
2026-07-12 00:36:40,1783816600,R_75,52872.8153,-1,0.862699999997858,BACKFILL_AUTO
2026-07-12 00:36:42,1783816602,R_75,52880.8286,1,8.013299999998708,BACKFILL_AUTO
2026-07-12 00:36:44,1783816604,R_75,52893.3259,1,12.497300000002724,BACKFILL_AUTO
2026-07-12 00:36:46,1783816606,R_75,52894.534,1,1.2080999999961932,BACKFILL_AUTO
2026-07-12 00:36:48,1783816608,R_75,52886.5473,-1,7.986700000001292,BACKFILL_AUTO
2026-07-12 00:36:50,1783816610,R_75,52885.7888,-1,0.7584999999962747,BACKFILL_AUTO
2026-07-12 00:36:52,1783816612,R_75,52888.932,1,3.1431999999986147,BACKFILL_AUTO
2026-07-12 00:36:54,1783816614,R_75,52873.839,-1,15.093000000000757,BACKFILL_AUTO
2026-07-12 00:36:56,1783816616,R_75,52886.4743,1,12.635300000001735,BACKFILL_AUTO
2026-07-12 00:36:58,1783816618,R_75,52880.6927,-1,5.781600000002072,BACKFILL_AUTO
2026-07-12 00:37:00,1783816620,R_75,52881.5269,1,0.8341999999975087,BACKFILL_AUTO
2026-07-12 00:37:02,1783816622,R_75,52878.5562,-1,2.9706999999980326,BACKFILL_AUTO
2026-07-12 00:37:04,1783816624,R_75,52870.6596,-1,7.896600000000035,BACKFILL_AUTO
2026-07-12 00:37:06,1783816626,R_75,52868.3358,-1,2.3237999999983003,BACKFILL_AUTO
2026-07-12 00:37:08,1783816628,R_75,52886.0819,1,17.74609999999666,BACKFILL_AUTO
2026-07-12 00:37:10,1783816630,R_75,52866.3335,-1,19.748399999996764,BACKFILL_AUTO
2026-07-12 00:37:12,1783816632,R_75,52864.1097,-1,2.2237999999997555,BACKFILL_AUTO
2026-07-12 00:37:14,1783816634,R_75,52861.4088,-1,2.7009000000034575,BACKFILL_AUTO
2026-07-12 00:37:16,1783816636,R_75,52870.7425,1,9.333700000002864,BACKFILL_AUTO
2026-07-12 00:37:18,1783816638,R_75,52882.3989,1,11.656399999999849,BACKFILL_AUTO
2026-07-12 00:37:20,1783816640,R_75,52865.3039,-1,17.095000000001164,BACKFILL_AUTO
2026-07-12 00:37:22,1783816642,R_75,52849.2401,-1,16.063799999996263,BACKFILL_AUTO
2026-07-12 00:37:24,1783816644,R_75,52844.6908,-1,4.549300000006042,BACKFILL_AUTO
2026-07-12 00:37:26,1783816646,R_75,52845.8219,1,1.131100000005972,BACKFILL_AUTO
2026-07-12 00:37:28,1783816648,R_75,52841.5335,-1,4.288400000004913,BACKFILL_AUTO
2026-07-12 00:37:30,1783816650,R_75,52844.7407,1,3.207200000004377,BACKFILL_AUTO
2026-07-12 00:37:32,1783816652,R_75,52846.996,1,2.255299999997078,BACKFILL_AUTO
2026-07-12 00:37:34,1783816654,R_75,52855.4362,1,8.440199999997276,BACKFILL_AUTO
2026-07-12 00:37:36,1783816656,R_75,52865.9649,1,10.528700000002573,BACKFILL_AUTO
2026-07-12 00:37:38,1783816658,R_75,52868.1465,1,2.1816000000035274,BACKFILL_AUTO
2026-07-12 00:37:40,1783816660,R_75,52867.5002,-1,0.6463000000003376,BACKFILL_AUTO
2026-07-12 00:37:42,1783816662,R_75,52860.5676,-1,6.932600000000093,BACKFILL_AUTO
2026-07-12 00:37:44,1783816664,R_75,52867.6353,1,7.067699999999604,BACKFILL_AUTO
2026-07-12 00:37:46,1783816666,R_75,52858.1552,-1,9.480100000000675,BACKFILL_AUTO
2026-07-12 00:37:48,1783816668,R_75,52866.7717,1,8.61649999999645,BACKFILL_AUTO
2026-07-12 00:37:50,1783816670,R_75,52877.8229,1,11.0512000000017,BACKFILL_AUTO
2026-07-12 00:37:52,1783816672,R_75,52894.1781,1,16.35519999999815,BACKFILL_AUTO
2026-07-12 00:37:54,1783816674,R_75,52899.7977,1,5.619600000005448,BACKFILL_AUTO
2026-07-12 00:37:56,1783816676,R_75,52888.8172,-1,10.980500000005122,BACKFILL_AUTO
2026-07-12 00:37:58,1783816678,R_75,52885.4225,-1,3.3946999999971013,BACKFILL_AUTO
2026-07-12 00:38:00,1783816680,R_75,52889.4799,1,4.05739999999787,BACKFILL_AUTO
2026-07-12 00:38:02,1783816682,R_75,52884.2781,-1,5.2017999999952735,BACKFILL_AUTO
2026-07-12 00:38:04,1783816684,R_75,52902.4877,1,18.20959999999468,BACKFILL_AUTO
2026-07-12 00:38:06,1783816686,R_75,52913.7108,1,11.223100000002887,BACKFILL_AUTO
2026-07-12 00:38:08,1783816688,R_75,52920.3959,1,6.685100000002421,BACKFILL_AUTO
2026-07-12 00:38:10,1783816690,R_75,52926.2493,1,5.853399999999965,BACKFILL_AUTO
2026-07-12 00:38:12,1783816692,R_75,52918.069,-1,8.180299999999988,BACKFILL_AUTO
2026-07-12 00:38:14,1783816694,R_75,52901.8721,-1,16.196900000002643,BACKFILL_AUTO
2026-07-12 00:38:16,1783816696,R_75,52901.6389,-1,0.23320000000239816,BACKFILL_AUTO
2026-07-12 00:38:18,1783816698,R_75,52910.8984,1,9.259500000000116,BACKFILL_AUTO
2026-07-12 00:38:20,1783816700,R_75,52918.633,1,7.734600000003411,BACKFILL_AUTO
2026-07-12 00:38:22,1783816702,R_75,52909.6194,-1,9.013599999998405,BACKFILL_AUTO
2026-07-12 00:38:24,1783816704,R_75,52912.984,1,3.3645999999935157,BACKFILL_AUTO
2026-07-12 00:38:26,1783816706,R_75,52910.4719,-1,2.5120999999999185,BACKFILL_AUTO
2026-07-12 00:38:28,1783816708,R_75,52931.3993,1,20.92740000000049,BACKFILL_AUTO
2026-07-12 00:38:30,1783816710,R_75,52936.1185,1,4.719199999999546,BACKFILL_AUTO
2026-07-12 00:38:32,1783816712,R_75,52937.923,1,1.8045000000056461,BACKFILL_AUTO
2026-07-12 00:38:34,1783816714,R_75,52948.7547,1,10.83169999999518,BACKFILL_AUTO
2026-07-12 00:38:36,1783816716,R_75,52955.9053,1,7.15060000000085,BACKFILL_AUTO
2026-07-12 00:38:38,1783816718,R_75,52949.3153,-1,6.5899999999965075,BACKFILL_AUTO
2026-07-12 00:38:40,1783816720,R_75,52950.1162,1,0.8008999999947264,BACKFILL_AUTO
2026-07-12 00:38:42,1783816722,R_75,52943.719,-1,6.39719999999943,BACKFILL_AUTO
2026-07-12 00:38:44,1783816724,R_75,52940.8108,-1,2.9081999999980326,BACKFILL_AUTO
2026-07-12 00:38:46,1783816726,R_75,52947.7157,1,6.904900000001362,BACKFILL_AUTO
2026-07-12 00:38:48,1783816728,R_75,52953.1515,1,5.43579999999929,BACKFILL_AUTO
2026-07-12 00:38:50,1783816730,R_75,52947.9334,-1,5.2180999999982305,BACKFILL_AUTO
2026-07-12 00:38:52,1783816732,R_75,52945.146,-1,2.787400000001071,BACKFILL_AUTO
2026-07-12 00:38:54,1783816734,R_75,52953.7551,1,8.60910000000149,BACKFILL_AUTO
2026-07-12 00:38:56,1783816736,R_75,52956.9678,1,3.2126999999964028,BACKFILL_AUTO
2026-07-12 00:38:58,1783816738,R_75,52962.7561,1,5.788300000000163,BACKFILL_AUTO
2026-07-12 00:39:00,1783816740,R_75,52972.9258,1,10.169699999998556,BACKFILL_AUTO
2026-07-12 00:39:02,1783816742,R_75,52968.3947,-1,4.531100000000151,BACKFILL_AUTO
2026-07-12 00:39:04,1783816744,R_75,52967.8145,-1,0.5801999999966938,BACKFILL_AUTO
2026-07-12 00:39:06,1783816746,R_75,52954.018,-1,13.796500000004016,BACKFILL_AUTO
2026-07-12 00:39:08,1783816748,R_75,52956.1818,1,2.163800000002084,BACKFILL_AUTO
2026-07-12 00:39:10,1783816750,R_75,52954.5695,-1,1.6123000000006869,BACKFILL_AUTO
2026-07-12 00:39:12,1783816752,R_75,52943.015,-1,11.55449999999837,BACKFILL_AUTO
2026-07-12 00:39:14,1783816754,R_75,52947.6771,1,4.662100000001374,BACKFILL_AUTO
2026-07-12 00:39:16,1783816756,R_75,52961.1205,1,13.443399999996473,BACKFILL_AUTO
2026-07-12 00:39:18,1783816758,R_75,52971.8487,1,10.728200000005018,BACKFILL_AUTO
2026-07-12 00:39:20,1783816760,R_75,52984.4812,1,12.632499999999709,BACKFILL_AUTO
2026-07-12 00:39:22,1783816762,R_75,52976.1558,-1,8.325400000001537,BACKFILL_AUTO
2026-07-12 00:39:24,1783816764,R_75,52986.5008,1,10.345000000001164,BACKFILL_AUTO
2026-07-12 00:39:26,1783816766,R_75,52995.6848,1,9.184000000001106,BACKFILL_AUTO
2026-07-12 00:39:28,1783816768,R_75,53008.9319,1,13.2471000000005,BACKFILL_AUTO
2026-07-12 00:39:30,1783816770,R_75,53014.5323,1,5.600399999995716,BACKFILL_AUTO
2026-07-12 00:39:32,1783816772,R_75,53010.0203,-1,4.512000000002445,BACKFILL_AUTO
2026-07-12 00:39:34,1783816774,R_75,53014.0075,1,3.987200000003213,BACKFILL_AUTO
2026-07-12 00:39:36,1783816776,R_75,53015.8053,1,1.7978000000002794,BACKFILL_AUTO
2026-07-12 00:39:38,1783816778,R_75,53035.8456,1,20.04030000000057,BACKFILL_AUTO
2026-07-12 00:39:40,1783816780,R_75,53052.0429,1,16.197299999999814,BACKFILL_AUTO
2026-07-12 00:39:42,1783816782,R_75,53044.8768,-1,7.166100000002189,BACKFILL_AUTO
2026-07-12 00:39:44,1783816784,R_75,53042.2871,-1,2.58969999999681,BACKFILL_AUTO
2026-07-12 00:39:46,1783816786,R_75,53038.8905,-1,3.396600000000035,BACKFILL_AUTO
2026-07-12 00:39:48,1783816788,R_75,53037.5666,-1,1.32390000000305,BACKFILL_AUTO
2026-07-12 00:39:50,1783816790,R_75,53046.6105,1,9.043900000004214,BACKFILL_AUTO
2026-07-12 00:39:52,1783816792,R_75,53064.2446,1,17.63409999999567,BACKFILL_AUTO
2026-07-12 00:39:54,1783816794,R_75,53070.2791,1,6.034500000001572,BACKFILL_AUTO
2026-07-12 00:39:56,1783816796,R_75,53068.6785,-1,1.6005999999979394,BACKFILL_AUTO
2026-07-12 00:39:58,1783816798,R_75,53059.5282,-1,9.150300000001153,BACKFILL_AUTO
2026-07-12 00:40:00,1783816800,R_75,53045.455,-1,14.073199999998906,BACKFILL_AUTO
2026-07-12 00:40:02,1783816802,R_75,53048.8044,1,3.34939999999915,BACKFILL_AUTO
2026-07-12 00:40:04,1783816804,R_75,53051.1822,1,2.3778000000020256,BACKFILL_AUTO
2026-07-12 00:40:06,1783816806,R_75,53059.4233,1,8.241099999999278,BACKFILL_AUTO
2026-07-12 00:40:08,1783816808,R_75,53064.7652,1,5.341899999999441,BACKFILL_AUTO
2026-07-12 00:40:10,1783816810,R_75,53061.5695,-1,3.1957000000038533,BACKFILL_AUTO
2026-07-12 00:40:12,1783816812,R_75,53057.7556,-1,3.813900000001013,BACKFILL_AUTO
2026-07-12 00:40:14,1783816814,R_75,53066.9014,1,9.145800000005693,BACKFILL_AUTO
2026-07-12 00:40:16,1783816816,R_75,53048.1879,-1,18.713500000005297,BACKFILL_AUTO
2026-07-12 00:40:18,1783816818,R_75,53021.1536,-1,27.034299999999348,BACKFILL_AUTO
2026-07-12 00:40:20,1783816820,R_75,53023.9354,1,2.7818000000042957,BACKFILL_AUTO
2026-07-12 00:40:22,1783816822,R_75,53013.9441,-1,9.991300000001502,BACKFILL_AUTO
2026-07-12 00:40:24,1783816824,R_75,53012.3377,-1,1.6064000000042142,BACKFILL_AUTO
2026-07-12 00:40:26,1783816826,R_75,53026.5568,1,14.219100000002072,BACKFILL_AUTO
2026-07-12 00:40:28,1783816828,R_75,53023.7697,-1,2.7871000000013737,BACKFILL_AUTO
2026-07-12 00:40:30,1783816830,R_75,53015.8418,-1,7.927899999995134,BACKFILL_AUTO
2026-07-12 00:40:32,1783816832,R_75,53002.3382,-1,13.503600000003644,BACKFILL_AUTO
2026-07-12 00:40:34,1783816834,R_75,52992.1592,-1,10.17899999999645,BACKFILL_AUTO
2026-07-12 00:40:36,1783816836,R_75,52998.668,1,6.508799999995972,BACKFILL_AUTO
2026-07-12 00:40:38,1783816838,R_75,53002.8547,1,4.186700000005658,BACKFILL_AUTO
2026-07-12 00:40:40,1783816840,R_75,53022.8473,1,19.992599999997765,BACKFILL_AUTO
2026-07-12 00:40:42,1783816842,R_75,53019.0235,-1,3.8237999999983003,BACKFILL_AUTO
2026-07-12 00:40:44,1783816844,R_75,53019.906,1,0.882499999999709,BACKFILL_AUTO
2026-07-12 00:40:46,1783816846,R_75,53015.7036,-1,4.202400000001944,BACKFILL_AUTO
2026-07-12 00:40:48,1783816848,R_75,53008.3894,-1,7.31420000000071,BACKFILL_AUTO
2026-07-12 00:40:50,1783816850,R_75,53002.322,-1,6.067399999999907,BACKFILL_AUTO
2026-07-12 00:40:52,1783816852,R_75,53000.512,-1,1.8099999999976717,BACKFILL_AUTO
2026-07-12 00:40:54,1783816854,R_75,52985.5784,-1,14.933600000003935,BACKFILL_AUTO
2026-07-12 00:40:56,1783816856,R_75,52969.4012,-1,16.177199999998265,BACKFILL_AUTO
2026-07-12 00:40:58,1783816858,R_75,52973.7009,1,4.299700000003213,BACKFILL_AUTO
2026-07-12 00:41:00,1783816860,R_75,52979.1542,1,5.45329999999376,BACKFILL_AUTO
2026-07-12 00:41:02,1783816862,R_75,52968.1149,-1,11.039299999996729,BACKFILL_AUTO
2026-07-12 00:41:04,1783816864,R_75,52976.5552,1,8.440300000002026,BACKFILL_AUTO
2026-07-12 00:41:06,1783816866,R_75,52976.0542,-1,0.5010000000038417,BACKFILL_AUTO
2026-07-12 00:41:08,1783816868,R_75,52977.8211,1,1.7669000000023516,BACKFILL_AUTO
2026-07-12 00:41:10,1783816870,R_75,52998.0149,1,20.19380000000092,BACKFILL_AUTO
2026-07-12 00:41:12,1783816872,R_75,53012.6589,1,14.644000000000233,BACKFILL_AUTO
2026-07-12 00:41:14,1783816874,R_75,53009.5715,-1,3.0874000000039814,BACKFILL_AUTO
2026-07-12 00:41:16,1783816876,R_75,53024.1686,1,14.597099999999045,BACKFILL_AUTO
2026-07-12 00:41:18,1783816878,R_75,53025.9671,1,1.7985000000044238,BACKFILL_AUTO
2026-07-12 00:41:20,1783816880,R_75,53030.6225,1,4.655399999996007,BACKFILL_AUTO
2026-07-12 00:41:22,1783816882,R_75,53031.6472,1,1.0247000000017579,BACKFILL_AUTO
2026-07-12 00:41:24,1783816884,R_75,53025.9711,-1,5.67609999999695,BACKFILL_AUTO
2026-07-12 00:41:26,1783816886,R_75,53028.3528,1,2.381699999998091,BACKFILL_AUTO
2026-07-12 00:41:28,1783816888,R_75,53021.4131,-1,6.939700000002631,BACKFILL_AUTO
2026-07-12 00:41:30,1783816890,R_75,53025.9324,1,4.51929999999993,BACKFILL_AUTO
2026-07-12 00:41:32,1783816892,R_75,53016.7642,-1,9.16820000000007,BACKFILL_AUTO
2026-07-12 00:41:34,1783816894,R_75,53011.0099,-1,5.754300000000512,BACKFILL_AUTO
2026-07-12 00:41:36,1783816896,R_75,52999.0412,-1,11.968699999997625,BACKFILL_AUTO
2026-07-12 00:41:38,1783816898,R_75,53000.5963,1,1.5550999999977648,BACKFILL_AUTO
2026-07-12 00:41:40,1783816900,R_75,52993.4686,-1,7.127699999997276,BACKFILL_AUTO
2026-07-12 00:41:42,1783816902,R_75,53000.1207,1,6.652099999999336,BACKFILL_AUTO
2026-07-12 00:41:44,1783816904,R_75,53014.2026,1,14.081899999997404,BACKFILL_AUTO
2026-07-12 00:41:46,1783816906,R_75,52994.1262,-1,20.076399999998102,BACKFILL_AUTO
2026-07-12 00:41:48,1783816908,R_75,52996.9185,1,2.792300000000978,BACKFILL_AUTO
2026-07-12 00:41:50,1783816910,R_75,52989.7946,-1,7.1238999999986845,BACKFILL_AUTO
2026-07-12 00:41:52,1783816912,R_75,52993.4885,1,3.6938999999983935,BACKFILL_AUTO
2026-07-12 00:41:54,1783816914,R_75,52996.4465,1,2.9579999999987194,BACKFILL_AUTO
2026-07-12 00:41:56,1783816916,R_75,52994.0407,-1,2.405800000000454,BACKFILL_AUTO
2026-07-12 00:41:58,1783816918,R_75,52988.8548,-1,5.185899999996764,BACKFILL_AUTO
2026-07-12 00:42:00,1783816920,R_75,52972.6853,-1,16.16950000000361,BACKFILL_AUTO
2026-07-12 00:42:02,1783816922,R_75,52964.388,-1,8.297299999998359,BACKFILL_AUTO
2026-07-12 00:42:04,1783816924,R_75,52973.4974,1,9.109400000001187,BACKFILL_AUTO
2026-07-12 00:42:06,1783816926,R_75,52965.9578,-1,7.539600000003702,BACKFILL_AUTO
2026-07-12 00:42:08,1783816928,R_75,52984.435,1,18.477200000001176,BACKFILL_AUTO
2026-07-12 00:42:10,1783816930,R_75,52997.5999,1,13.1649000000034,BACKFILL_AUTO
2026-07-12 00:42:12,1783816932,R_75,52992.928,-1,4.671900000001187,BACKFILL_AUTO
2026-07-12 00:42:14,1783816934,R_75,53001.1368,1,8.208800000000338,BACKFILL_AUTO
2026-07-12 00:42:16,1783816936,R_75,52995.8559,-1,5.280899999997928,BACKFILL_AUTO
2026-07-12 00:42:18,1783816938,R_75,53003.0827,1,7.226799999996729,BACKFILL_AUTO
2026-07-12 00:42:20,1783816940,R_75,53013.0024,1,9.919699999998556,BACKFILL_AUTO
2026-07-12 00:42:22,1783816942,R_75,53016.4583,1,3.455900000000838,BACKFILL_AUTO
2026-07-12 00:42:24,1783816944,R_75,53011.6037,-1,4.854599999998754,BACKFILL_AUTO
2026-07-12 00:42:26,1783816946,R_75,52993.4156,-1,18.188099999999395,BACKFILL_AUTO
2026-07-12 00:42:28,1783816948,R_75,52978.7417,-1,14.673900000001595,BACKFILL_AUTO
2026-07-12 00:42:30,1783816950,R_75,52970.1431,-1,8.598599999997532,BACKFILL_AUTO
2026-07-12 00:42:32,1783816952,R_75,52978.6401,1,8.49699999999575,BACKFILL_AUTO
2026-07-12 00:42:34,1783816954,R_75,52965.6523,-1,12.987799999995332,BACKFILL_AUTO
2026-07-12 00:42:36,1783816956,R_75,52953.2231,-1,12.429199999998673,BACKFILL_AUTO
2026-07-12 00:42:38,1783816958,R_75,52950.2128,-1,3.0103000000017346,BACKFILL_AUTO
2026-07-12 00:42:40,1783816960,R_75,52948.6223,-1,1.5904999999984284,BACKFILL_AUTO
2026-07-12 00:42:42,1783816962,R_75,52970.0938,1,21.47149999999965,BACKFILL_AUTO
2026-07-12 00:42:44,1783816964,R_75,52961.2138,-1,8.880000000004657,BACKFILL_AUTO
2026-07-12 00:42:46,1783816966,R_75,52963.5567,1,2.342900000003283,BACKFILL_AUTO
2026-07-12 00:42:48,1783816968,R_75,52966.933,1,3.376299999996263,BACKFILL_AUTO
2026-07-12 00:42:50,1783816970,R_75,52982.0547,1,15.12170000000333,BACKFILL_AUTO
2026-07-12 00:42:52,1783816972,R_75,52989.4222,1,7.367500000000291,BACKFILL_AUTO
2026-07-12 00:42:54,1783816974,R_75,52991.136,1,1.7137999999977183,BACKFILL_AUTO
2026-07-12 00:42:56,1783816976,R_75,52990.0902,-1,1.045799999999872,BACKFILL_AUTO
2026-07-12 00:42:58,1783816978,R_75,52999.7624,1,9.672200000000885,BACKFILL_AUTO
2026-07-12 00:43:00,1783816980,R_75,52987.4206,-1,12.341800000001967,BACKFILL_AUTO
2026-07-12 00:43:02,1783816982,R_75,52973.5431,-1,13.877499999995052,BACKFILL_AUTO
2026-07-12 00:43:04,1783816984,R_75,52988.3402,1,14.797099999996135,BACKFILL_AUTO
2026-07-12 00:43:06,1783816986,R_75,52980.2246,-1,8.115599999997357,BACKFILL_AUTO
2026-07-12 00:43:08,1783816988,R_75,52978.9692,-1,1.2554000000018277,BACKFILL_AUTO
2026-07-12 00:43:10,1783816990,R_75,52989.5884,1,10.619200000001001,BACKFILL_AUTO
2026-07-12 00:43:12,1783816992,R_75,52990.0498,1,0.4614000000001397,BACKFILL_AUTO
2026-07-12 00:43:14,1783816994,R_75,52984.3992,-1,5.65060000000085,BACKFILL_AUTO
2026-07-12 00:43:16,1783816996,R_75,52993.3752,1,8.976000000002387,BACKFILL_AUTO
2026-07-12 00:43:18,1783816998,R_75,53000.0466,1,6.671399999999267,BACKFILL_AUTO
2026-07-12 00:43:20,1783817000,R_75,53001.8663,1,1.8197000000000116,BACKFILL_AUTO
2026-07-12 00:43:22,1783817002,R_75,52990.9479,-1,10.918400000002293,BACKFILL_AUTO
2026-07-12 00:43:24,1783817004,R_75,52994.4426,1,3.494700000002922,BACKFILL_AUTO
2026-07-12 00:43:26,1783817006,R_75,52983.5124,-1,10.930200000002515,BACKFILL_AUTO
2026-07-12 00:43:28,1783817008,R_75,52982.7297,-1,0.7826999999961117,BACKFILL_AUTO
2026-07-12 00:43:30,1783817010,R_75,52974.5625,-1,8.167200000003504,BACKFILL_AUTO
2026-07-12 00:43:32,1783817012,R_75,52981.6924,1,7.129899999999907,BACKFILL_AUTO
2026-07-12 00:43:34,1783817014,R_75,52993.9678,1,12.275399999998626,BACKFILL_AUTO
2026-07-12 00:43:36,1783817016,R_75,53011.4438,1,17.476000000002387,BACKFILL_AUTO
2026-07-12 00:43:38,1783817018,R_75,53008.5627,-1,2.881099999998696,BACKFILL_AUTO
2026-07-12 00:43:40,1783817020,R_75,53000.797,-1,7.765700000003562,BACKFILL_AUTO
2026-07-12 00:43:42,1783817022,R_75,52983.3183,-1,17.478699999999662,BACKFILL_AUTO
2026-07-12 00:43:44,1783817024,R_75,52986.0931,1,2.7747999999992317,BACKFILL_AUTO
2026-07-12 00:43:46,1783817026,R_75,52990.811,1,4.717900000003283,BACKFILL_AUTO
2026-07-12 00:43:48,1783817028,R_75,52990.1105,-1,0.7004999999990105,BACKFILL_AUTO
2026-07-12 00:43:50,1783817030,R_75,53002.5926,1,12.482100000001083,BACKFILL_AUTO
2026-07-12 00:43:52,1783817032,R_75,52991.2197,-1,11.372900000002119,BACKFILL_AUTO
2026-07-12 00:43:54,1783817034,R_75,52998.9374,1,7.717700000001059,BACKFILL_AUTO
2026-07-12 00:43:56,1783817036,R_75,53010.1373,1,11.199899999999616,BACKFILL_AUTO
2026-07-12 00:43:58,1783817038,R_75,53034.3186,1,24.181299999996554,BACKFILL_AUTO
2026-07-12 00:44:00,1783817040,R_75,53027.5705,-1,6.748099999997066,BACKFILL_AUTO
2026-07-12 00:44:02,1783817042,R_75,53035.295,1,7.724499999996624,BACKFILL_AUTO
2026-07-12 00:44:04,1783817044,R_75,53038.3091,1,3.014100000000326,BACKFILL_AUTO
2026-07-12 00:44:06,1783817046,R_75,53041.2837,1,2.9746000000013737,BACKFILL_AUTO
2026-07-12 00:44:08,1783817048,R_75,53041.0073,-1,0.276400000002468,BACKFILL_AUTO
2026-07-12 00:44:10,1783817050,R_75,53040.1215,-1,0.8857999999963795,BACKFILL_AUTO
2026-07-12 00:44:12,1783817052,R_75,53057.9887,1,17.867200000000594,BACKFILL_AUTO
2026-07-12 00:44:14,1783817054,R_75,53037.9211,-1,20.06760000000213,BACKFILL_AUTO
2026-07-12 00:44:16,1783817056,R_75,53035.584,-1,2.337099999997008,BACKFILL_AUTO
2026-07-12 00:44:18,1783817058,R_75,53036.6735,1,1.0894999999945867,BACKFILL_AUTO
2026-07-12 00:44:20,1783817060,R_75,53037.5825,1,0.9089999999996508,BACKFILL_AUTO
2026-07-12 00:44:22,1783817062,R_75,53042.0772,1,4.494700000002922,BACKFILL_AUTO
2026-07-12 00:44:24,1783817064,R_75,53040.2366,-1,1.8406000000031781,BACKFILL_AUTO
2026-07-12 00:44:26,1783817066,R_75,53038.9023,-1,1.3342999999949825,BACKFILL_AUTO
2026-07-12 00:44:28,1783817068,R_75,53043.4699,1,4.567599999994854,BACKFILL_AUTO
2026-07-12 00:44:30,1783817070,R_75,53048.6407,1,5.170800000007148,BACKFILL_AUTO
2026-07-12 00:44:32,1783817072,R_75,53049.4111,1,0.7703999999939697,BACKFILL_AUTO
2026-07-12 00:44:34,1783817074,R_75,53064.8973,1,15.486199999999371,BACKFILL_AUTO
2026-07-12 00:44:36,1783817076,R_75,53075.8254,1,10.928100000004633,BACKFILL_AUTO
2026-07-12 00:44:38,1783817078,R_75,53088.036,1,12.210599999998522,BACKFILL_AUTO
2026-07-12 00:44:40,1783817080,R_75,53083.3444,-1,4.691599999998289,BACKFILL_AUTO
2026-07-12 00:44:42,1783817082,R_75,53089.7667,1,6.4222999999983585,BACKFILL_AUTO
2026-07-12 00:44:44,1783817084,R_75,53094.9425,1,5.175799999997253,BACKFILL_AUTO
2026-07-12 00:44:46,1783817086,R_75,53096.7837,1,1.8412000000025728,BACKFILL_AUTO
2026-07-12 00:44:48,1783817088,R_75,53093.7081,-1,3.0755999999964843,BACKFILL_AUTO
2026-07-12 00:44:50,1783817090,R_75,53086.8596,-1,6.848500000000058,BACKFILL_AUTO
2026-07-12 00:44:52,1783817092,R_75,53091.9703,1,5.1106999999974505,BACKFILL_AUTO
2026-07-12 00:44:54,1783817094,R_75,53071.169,-1,20.801299999999173,BACKFILL_AUTO
2026-07-12 00:44:56,1783817096,R_75,53052.1172,-1,19.051800000001094,BACKFILL_AUTO
2026-07-12 00:44:58,1783817098,R_75,53041.6657,-1,10.451500000002852,BACKFILL_AUTO
2026-07-12 00:45:00,1783817100,R_75,53047.358,1,5.692300000002433,BACKFILL_AUTO
2026-07-12 00:45:02,1783817102,R_75,53039.5378,-1,7.8202000000019325,BACKFILL_AUTO
2026-07-12 00:45:04,1783817104,R_75,53024.0612,-1,15.476600000001781,BACKFILL_AUTO
2026-07-12 00:45:06,1783817106,R_75,53033.095,1,9.033800000004703,BACKFILL_AUTO
2026-07-12 00:45:08,1783817108,R_75,53042.5556,1,9.460599999998522,BACKFILL_AUTO
2026-07-12 00:45:10,1783817110,R_75,53051.3368,1,8.781199999997625,BACKFILL_AUTO
2026-07-12 00:45:12,1783817112,R_75,53046.8261,-1,4.510699999998906,BACKFILL_AUTO
2026-07-12 00:45:14,1783817114,R_75,53026.4349,-1,20.391199999998207,BACKFILL_AUTO
2026-07-12 00:45:16,1783817116,R_75,53022.7155,-1,3.7194000000017695,BACKFILL_AUTO
2026-07-12 00:45:18,1783817118,R_75,53005.2466,-1,17.46889999999985,BACKFILL_AUTO
2026-07-12 00:45:20,1783817120,R_75,53002.9405,-1,2.3061000000016065,BACKFILL_AUTO
2026-07-12 00:45:22,1783817122,R_75,53003.2052,1,0.2646999999997206,BACKFILL_AUTO
2026-07-12 00:45:24,1783817124,R_75,53018.1088,1,14.903600000005099,BACKFILL_AUTO
2026-07-12 00:45:26,1783817126,R_75,53001.8496,-1,16.25920000000042,BACKFILL_AUTO
2026-07-12 00:45:28,1783817128,R_75,53022.7199,1,20.87029999999504,BACKFILL_AUTO
2026-07-12 00:45:30,1783817130,R_75,53029.0934,1,6.373500000001513,BACKFILL_AUTO
2026-07-12 00:45:32,1783817132,R_75,53039.2979,1,10.204499999999825,BACKFILL_AUTO
2026-07-12 00:45:34,1783817134,R_75,53036.5071,-1,2.7907999999952153,BACKFILL_AUTO
2026-07-12 00:45:36,1783817136,R_75,53028.8265,-1,7.680599999999686,BACKFILL_AUTO
2026-07-12 00:45:38,1783817138,R_75,53035.822,1,6.995499999997264,BACKFILL_AUTO
2026-07-12 00:45:40,1783817140,R_75,53037.0548,1,1.232799999997951,BACKFILL_AUTO
2026-07-12 00:45:42,1783817142,R_75,53038.6269,1,1.5721000000048662,BACKFILL_AUTO
2026-07-12 00:45:44,1783817144,R_75,53042.3455,1,3.7186000000001513,BACKFILL_AUTO
2026-07-12 00:45:46,1783817146,R_75,53025.6721,-1,16.673399999999674,BACKFILL_AUTO
2026-07-12 00:45:48,1783817148,R_75,53031.9186,1,6.24649999999383,BACKFILL_AUTO
2026-07-12 00:45:50,1783817150,R_75,53017.0406,-1,14.877999999996973,BACKFILL_AUTO
2026-07-12 00:45:52,1783817152,R_75,53025.0601,1,8.019500000002154,BACKFILL_AUTO
2026-07-12 00:45:54,1783817154,R_75,53032.3117,1,7.25159999999596,BACKFILL_AUTO
2026-07-12 00:45:56,1783817156,R_75,53047.73,1,15.41830000000482,BACKFILL_AUTO
2026-07-12 00:45:58,1783817158,R_75,53030.0921,-1,17.637900000001537,BACKFILL_AUTO
2026-07-12 00:46:00,1783817160,R_75,53032.2977,1,2.205600000001141,BACKFILL_AUTO
2026-07-12 00:46:02,1783817162,R_75,53031.1267,-1,1.1710000000020955,BACKFILL_AUTO
2026-07-12 00:46:04,1783817164,R_75,53032.7135,1,1.5867999999973108,BACKFILL_AUTO
2026-07-12 00:46:06,1783817166,R_75,53025.5336,-1,7.179899999995541,BACKFILL_AUTO
2026-07-12 00:46:08,1783817168,R_75,53027.0118,1,1.4781999999977415,BACKFILL_AUTO
2026-07-12 00:46:10,1783817170,R_75,53039.9893,1,12.977500000000873,BACKFILL_AUTO
2026-07-12 00:46:12,1783817172,R_75,53050.6804,1,10.691099999996368,BACKFILL_AUTO
2026-07-12 00:46:14,1783817174,R_75,53061.8546,1,11.174200000001292,BACKFILL_AUTO
2026-07-12 00:46:16,1783817176,R_75,53047.3513,-1,14.50329999999667,BACKFILL_AUTO
2026-07-12 00:46:18,1783817178,R_75,53027.4951,-1,19.85620000000199,BACKFILL_AUTO
2026-07-12 00:46:20,1783817180,R_75,53044.7344,1,17.239300000001094,BACKFILL_AUTO
2026-07-12 00:46:22,1783817182,R_75,53047.9018,1,3.1673999999984517,BACKFILL_AUTO
2026-07-12 00:46:24,1783817184,R_75,53051.3283,1,3.426500000001397,BACKFILL_AUTO
2026-07-12 00:46:26,1783817186,R_75,53059.1117,1,7.783400000000256,BACKFILL_AUTO
2026-07-12 00:46:28,1783817188,R_75,53046.7608,-1,12.350900000004913,BACKFILL_AUTO
2026-07-12 00:46:30,1783817190,R_75,53048.3132,1,1.552400000000489,BACKFILL_AUTO
2026-07-12 00:46:32,1783817192,R_75,53045.697,-1,2.616199999996752,BACKFILL_AUTO
2026-07-12 00:46:34,1783817194,R_75,53023.1042,-1,22.592799999998533,BACKFILL_AUTO
2026-07-12 00:46:36,1783817196,R_75,53012.9816,-1,10.122600000002421,BACKFILL_AUTO
2026-07-12 00:46:38,1783817198,R_75,53021.4161,1,8.434500000003027,BACKFILL_AUTO
2026-07-12 00:46:40,1783817200,R_75,53019.326,-1,2.0901000000012573,BACKFILL_AUTO
2026-07-12 00:46:42,1783817202,R_75,53016.2227,-1,3.1033000000024913,BACKFILL_AUTO
2026-07-12 00:46:44,1783817204,R_75,53007.258,-1,8.96469999999681,BACKFILL_AUTO
2026-07-12 00:46:46,1783817206,R_75,53008.9717,1,1.7137000000002445,BACKFILL_AUTO
2026-07-12 00:46:48,1783817208,R_75,53011.6044,1,2.6326999999946565,BACKFILL_AUTO
2026-07-12 00:46:50,1783817210,R_75,53022.2362,1,10.63180000000284,BACKFILL_AUTO
2026-07-12 00:46:52,1783817212,R_75,53036.2279,1,13.991699999998673,BACKFILL_AUTO
2026-07-12 00:46:54,1783817214,R_75,53045.52,1,9.292099999998754,BACKFILL_AUTO
2026-07-12 00:46:56,1783817216,R_75,53040.6161,-1,4.90389999999752,BACKFILL_AUTO
2026-07-12 00:46:58,1783817218,R_75,53039.0086,-1,1.6074999999982538,BACKFILL_AUTO
2026-07-12 00:47:00,1783817220,R_75,53043.2348,1,4.226199999997334,BACKFILL_AUTO
2026-07-12 00:47:02,1783817222,R_75,53056.4936,1,13.258800000003248,BACKFILL_AUTO
2026-07-12 00:47:04,1783817224,R_75,53066.9713,1,10.47769999999582,BACKFILL_AUTO
2026-07-12 00:47:06,1783817226,R_75,53075.4711,1,8.499800000005052,BACKFILL_AUTO
2026-07-12 00:47:08,1783817228,R_75,53070.7754,-1,4.695700000003853,BACKFILL_AUTO
2026-07-12 00:47:10,1783817230,R_75,53066.7156,-1,4.059799999995448,BACKFILL_AUTO
2026-07-12 00:47:12,1783817232,R_75,53078.877,1,12.16139999999723,BACKFILL_AUTO
2026-07-12 00:47:14,1783817234,R_75,53087.4261,1,8.549099999996542,BACKFILL_AUTO
2026-07-12 00:47:16,1783817236,R_75,53067.9599,-1,19.466199999995297,BACKFILL_AUTO
2026-07-12 00:47:18,1783817238,R_75,53077.3653,1,9.405399999996007,BACKFILL_AUTO
2026-07-12 00:47:20,1783817240,R_75,53080.344,1,2.9786999999996624,BACKFILL_AUTO
2026-07-12 00:47:22,1783817242,R_75,53061.8001,-1,18.54389999999694,BACKFILL_AUTO
2026-07-12 00:47:24,1783817244,R_75,53074.6917,1,12.891600000002654,BACKFILL_AUTO
2026-07-12 00:47:26,1783817246,R_75,53050.498,-1,24.193700000003446,BACKFILL_AUTO
2026-07-12 00:47:28,1783817248,R_75,53057.2655,1,6.767500000001746,BACKFILL_AUTO
2026-07-12 00:47:30,1783817250,R_75,53039.9701,-1,17.2954000000027,BACKFILL_AUTO
2026-07-12 00:47:32,1783817252,R_75,53037.002,-1,2.9680999999982305,BACKFILL_AUTO
2026-07-12 00:47:34,1783817254,R_75,53067.5464,1,30.54439999999886,BACKFILL_AUTO
2026-07-12 00:47:36,1783817256,R_75,53059.4567,-1,8.08969999999681,BACKFILL_AUTO
2026-07-12 00:47:38,1783817258,R_75,53060.4489,1,0.9922000000005937,BACKFILL_AUTO
2026-07-12 00:47:40,1783817260,R_75,53060.3892,-1,0.05970000000525033,BACKFILL_AUTO
2026-07-12 00:47:42,1783817262,R_75,53053.6366,-1,6.752599999999802,BACKFILL_AUTO
2026-07-12 00:47:44,1783817264,R_75,53046.7782,-1,6.858399999997346,BACKFILL_AUTO
2026-07-12 00:47:46,1783817266,R_75,53053.7984,1,7.020199999999022,BACKFILL_AUTO
2026-07-12 00:47:48,1783817268,R_75,53050.3644,-1,3.434000000001106,BACKFILL_AUTO
2026-07-12 00:47:50,1783817270,R_75,53047.4866,-1,2.8778000000020256,BACKFILL_AUTO
2026-07-12 00:47:52,1783817272,R_75,53045.0757,-1,2.4108999999953085,BACKFILL_AUTO
2026-07-12 00:47:54,1783817274,R_75,53044.2255,-1,0.8502000000007683,BACKFILL_AUTO
2026-07-12 00:47:56,1783817276,R_75,53056.3901,1,12.164599999996426,BACKFILL_AUTO
2026-07-12 00:47:58,1783817278,R_75,53062.4503,1,6.060199999999895,BACKFILL_AUTO
2026-07-12 00:48:00,1783817280,R_75,53063.7198,1,1.2695000000021537,BACKFILL_AUTO
2026-07-12 00:48:02,1783817282,R_75,53064.8375,1,1.1177000000025146,BACKFILL_AUTO
2026-07-12 00:48:04,1783817284,R_75,53062.298,-1,2.5394999999989523,BACKFILL_AUTO
2026-07-12 00:48:06,1783817286,R_75,53064.2929,1,1.9948999999978696,BACKFILL_AUTO
2026-07-12 00:48:08,1783817288,R_75,53052.0133,-1,12.279600000001665,BACKFILL_AUTO
2026-07-12 00:48:10,1783817290,R_75,53052.3408,1,0.3274999999994179,BACKFILL_AUTO
2026-07-12 00:48:12,1783817292,R_75,53027.6505,-1,24.69029999999475,BACKFILL_AUTO
2026-07-12 00:48:14,1783817294,R_75,53014.54,-1,13.110500000002503,BACKFILL_AUTO
2026-07-12 00:48:16,1783817296,R_75,52999.8147,-1,14.725299999998242,BACKFILL_AUTO
2026-07-12 00:48:18,1783817298,R_75,53008.5545,1,8.73979999999574,BACKFILL_AUTO
2026-07-12 00:48:20,1783817300,R_75,52988.1357,-1,20.418799999999464,BACKFILL_AUTO
2026-07-12 00:48:22,1783817302,R_75,53004.2006,1,16.06489999999758,BACKFILL_AUTO
2026-07-12 00:48:24,1783817304,R_75,53012.9002,1,8.699599999999919,BACKFILL_AUTO
2026-07-12 00:48:26,1783817306,R_75,53023.0798,1,10.17960000000312,BACKFILL_AUTO
2026-07-12 00:48:28,1783817308,R_75,53015.372,-1,7.707799999996496,BACKFILL_AUTO
2026-07-12 00:48:30,1783817310,R_75,53005.6096,-1,9.762399999999616,BACKFILL_AUTO
2026-07-12 00:48:32,1783817312,R_75,53008.9979,1,3.388299999998708,BACKFILL_AUTO
2026-07-12 00:48:34,1783817314,R_75,53019.7664,1,10.768499999998312,BACKFILL_AUTO
2026-07-12 00:48:36,1783817316,R_75,53011.2026,-1,8.563800000003539,BACKFILL_AUTO
2026-07-12 00:48:38,1783817318,R_75,53000.4017,-1,10.800899999994726,BACKFILL_AUTO
2026-07-12 00:48:40,1783817320,R_75,53011.478,1,11.076300000000629,BACKFILL_AUTO
2026-07-12 00:48:42,1783817322,R_75,53006.5366,-1,4.941400000003341,BACKFILL_AUTO
2026-07-12 00:48:44,1783817324,R_75,53007.7679,1,1.2312999999994645,BACKFILL_AUTO
2026-07-12 00:48:46,1783817326,R_75,53006.7414,-1,1.0264999999999418,BACKFILL_AUTO
2026-07-12 00:48:48,1783817328,R_75,53006.3954,-1,0.3459999999977299,BACKFILL_AUTO
2026-07-12 00:48:50,1783817330,R_75,52989.4562,-1,16.93920000000071,BACKFILL_AUTO
2026-07-12 00:48:52,1783817332,R_75,52984.1543,-1,5.301899999998568,BACKFILL_AUTO
2026-07-12 00:48:54,1783817334,R_75,52981.6692,-1,2.485100000005332,BACKFILL_AUTO
2026-07-12 00:48:56,1783817336,R_75,52975.2446,-1,6.424599999998463,BACKFILL_AUTO
2026-07-12 00:48:58,1783817338,R_75,52974.7619,-1,0.4827000000004773,BACKFILL_AUTO
2026-07-12 00:49:00,1783817340,R_75,52984.9915,1,10.229599999998754,BACKFILL_AUTO
2026-07-12 00:49:02,1783817342,R_75,52994.2658,1,9.274300000004587,BACKFILL_AUTO
2026-07-12 00:49:04,1783817344,R_75,52980.6461,-1,13.619700000002922,BACKFILL_AUTO
2026-07-12 00:49:06,1783817346,R_75,52982.6536,1,2.007499999999709,BACKFILL_AUTO
2026-07-12 00:49:08,1783817348,R_75,52984.2305,1,1.5769000000000233,BACKFILL_AUTO
2026-07-12 00:49:10,1783817350,R_75,52984.3912,1,0.1607000000003609,BACKFILL_AUTO
2026-07-12 00:49:12,1783817352,R_75,52971.9362,-1,12.455000000001746,BACKFILL_AUTO
2026-07-12 00:49:14,1783817354,R_75,52971.4754,-1,0.4607999999934691,BACKFILL_AUTO
2026-07-12 00:49:16,1783817356,R_75,52975.6746,1,4.199199999995471,BACKFILL_AUTO
2026-07-12 00:49:18,1783817358,R_75,52961.4602,-1,14.214399999997113,BACKFILL_AUTO
2026-07-12 00:49:20,1783817360,R_75,52958.1197,-1,3.3404999999984284,BACKFILL_AUTO
2026-07-12 00:49:22,1783817362,R_75,52944.8898,-1,13.229900000005728,BACKFILL_AUTO
2026-07-12 00:49:24,1783817364,R_75,52933.6648,-1,11.224999999998545,BACKFILL_AUTO
2026-07-12 00:49:26,1783817366,R_75,52923.8339,-1,9.830900000000838,BACKFILL_AUTO
2026-07-12 00:49:28,1783817368,R_75,52928.363,1,4.529099999999744,BACKFILL_AUTO
2026-07-12 00:49:30,1783817370,R_75,52922.3121,-1,6.050899999994726,BACKFILL_AUTO
2026-07-12 00:49:32,1783817372,R_75,52914.1123,-1,8.199800000002142,BACKFILL_AUTO
2026-07-12 00:49:34,1783817374,R_75,52915.1293,1,1.0169999999998254,BACKFILL_AUTO
2026-07-12 00:49:36,1783817376,R_75,52915.4329,1,0.3035999999992782,BACKFILL_AUTO
2026-07-12 00:49:38,1783817378,R_75,52909.2584,-1,6.1745000000009895,BACKFILL_AUTO
2026-07-12 00:49:40,1783817380,R_75,52913.5494,1,4.291000000004715,BACKFILL_AUTO
2026-07-12 00:49:42,1783817382,R_75,52917.9319,1,4.382499999999709,BACKFILL_AUTO
2026-07-12 00:49:44,1783817384,R_75,52902.0194,-1,15.91250000000582,BACKFILL_AUTO
2026-07-12 00:49:46,1783817386,R_75,52886.2226,-1,15.796799999996438,BACKFILL_AUTO
2026-07-12 00:49:48,1783817388,R_75,52877.8294,-1,8.393199999998615,BACKFILL_AUTO
2026-07-12 00:49:50,1783817390,R_75,52861.0734,-1,16.756000000001222,BACKFILL_AUTO
2026-07-12 00:49:52,1783817392,R_75,52864.4504,1,3.3770000000004075,BACKFILL_AUTO
2026-07-12 00:49:54,1783817394,R_75,52869.8508,1,5.400399999998626,BACKFILL_AUTO
2026-07-12 00:49:56,1783817396,R_75,52858.9986,-1,10.852200000001176,BACKFILL_AUTO
2026-07-12 00:49:58,1783817398,R_75,52875.5137,1,16.515100000004168,BACKFILL_AUTO
2026-07-12 00:50:00,1783817400,R_75,52881.9628,1,6.449099999997998,BACKFILL_AUTO
2026-07-12 00:50:02,1783817402,R_75,52902.4508,1,20.487999999997555,BACKFILL_AUTO
2026-07-12 00:50:04,1783817404,R_75,52900.0926,-1,2.358199999995122,BACKFILL_AUTO
2026-07-12 00:50:06,1783817406,R_75,52898.9091,-1,1.183500000006461,BACKFILL_AUTO
2026-07-12 00:50:08,1783817408,R_75,52889.7845,-1,9.124599999995553,BACKFILL_AUTO
2026-07-12 00:50:10,1783817410,R_75,52885.8274,-1,3.9570999999996275,BACKFILL_AUTO
2026-07-12 00:50:12,1783817412,R_75,52880.0039,-1,5.823499999998603,BACKFILL_AUTO
2026-07-12 00:50:14,1783817414,R_75,52879.0162,-1,0.9877000000051339,BACKFILL_AUTO
2026-07-12 00:50:16,1783817416,R_75,52892.5831,1,13.566900000005262,BACKFILL_AUTO
2026-07-12 00:50:18,1783817418,R_75,52884.5479,-1,8.035200000005716,BACKFILL_AUTO
2026-07-12 00:50:20,1783817420,R_75,52874.6466,-1,9.901299999997718,BACKFILL_AUTO
2026-07-12 00:50:22,1783817422,R_75,52869.5595,-1,5.087099999997008,BACKFILL_AUTO
2026-07-12 00:50:24,1783817424,R_75,52875.3073,1,5.747799999997369,BACKFILL_AUTO
2026-07-12 00:50:26,1783817426,R_75,52881.7027,1,6.395400000001246,BACKFILL_AUTO
2026-07-12 00:50:28,1783817428,R_75,52891.2414,1,9.538699999997334,BACKFILL_AUTO
2026-07-12 00:50:30,1783817430,R_75,52894.9923,1,3.750899999999092,BACKFILL_AUTO
2026-07-12 00:50:32,1783817432,R_75,52889.3123,-1,5.680000000000291,BACKFILL_AUTO
2026-07-12 00:50:34,1783817434,R_75,52886.7796,-1,2.5326999999961117,BACKFILL_AUTO
2026-07-12 00:50:36,1783817436,R_75,52895.4868,1,8.707199999997101,BACKFILL_AUTO
2026-07-12 00:50:38,1783817438,R_75,52876.4538,-1,19.03299999999581,BACKFILL_AUTO
2026-07-12 00:50:40,1783817440,R_75,52887.8906,1,11.436799999995856,BACKFILL_AUTO
2026-07-12 00:50:42,1783817442,R_75,52886.8178,-1,1.0728000000017346,BACKFILL_AUTO
2026-07-12 00:50:44,1783817444,R_75,52867.2062,-1,19.611599999996542,BACKFILL_AUTO
2026-07-12 00:50:46,1783817446,R_75,52861.5483,-1,5.657899999998335,BACKFILL_AUTO
2026-07-12 00:50:48,1783817448,R_75,52850.9705,-1,10.577799999999115,BACKFILL_AUTO
2026-07-12 00:50:50,1783817450,R_75,52865.2675,1,14.296999999998661,BACKFILL_AUTO
2026-07-12 00:50:52,1783817452,R_75,52865.9985,1,0.7309999999997672,BACKFILL_AUTO
2026-07-12 00:50:54,1783817454,R_75,52872.3574,1,6.358899999999267,BACKFILL_AUTO
2026-07-12 00:50:56,1783817456,R_75,52871.8419,-1,0.5155000000013388,BACKFILL_AUTO
2026-07-12 00:50:58,1783817458,R_75,52852.2014,-1,19.64050000000134,BACKFILL_AUTO
2026-07-12 00:51:00,1783817460,R_75,52859.5135,1,7.312100000002829,BACKFILL_AUTO
2026-07-12 00:51:02,1783817462,R_75,52854.3646,-1,5.14890000000014,BACKFILL_AUTO
2026-07-12 00:51:04,1783817464,R_75,52844.619,-1,9.745600000002014,BACKFILL_AUTO
2026-07-12 00:51:06,1783817466,R_75,52838.1613,-1,6.457699999999022,BACKFILL_AUTO
2026-07-12 00:51:08,1783817468,R_75,52821.1591,-1,17.00220000000263,BACKFILL_AUTO
2026-07-12 00:51:10,1783817470,R_75,52822.9809,1,1.8218000000051688,BACKFILL_AUTO
2026-07-12 00:51:12,1783817472,R_75,52813.8032,-1,9.177700000000186,BACKFILL_AUTO
2026-07-12 00:51:14,1783817474,R_75,52801.9252,-1,11.87800000000425,BACKFILL_AUTO
2026-07-12 00:51:16,1783817476,R_75,52814.607,1,12.681800000005751,BACKFILL_AUTO
2026-07-12 00:51:18,1783817478,R_75,52802.4473,-1,12.159700000003795,BACKFILL_AUTO
2026-07-12 00:51:20,1783817480,R_75,52798.7494,-1,3.6978999999992084,BACKFILL_AUTO
2026-07-12 00:51:22,1783817482,R_75,52800.0331,1,1.2836999999999534,BACKFILL_AUTO
2026-07-12 00:51:24,1783817484,R_75,52796.895,-1,3.13810000000376,BACKFILL_AUTO
2026-07-12 00:51:26,1783817486,R_75,52795.0528,-1,1.8421999999991385,BACKFILL_AUTO
2026-07-12 00:51:28,1783817488,R_75,52786.3816,-1,8.671199999997043,BACKFILL_AUTO
2026-07-12 00:51:30,1783817490,R_75,52781.7773,-1,4.604299999999057,BACKFILL_AUTO
2026-07-12 00:51:32,1783817492,R_75,52772.5781,-1,9.199200000002747,BACKFILL_AUTO
2026-07-12 00:51:34,1783817494,R_75,52774.7898,1,2.211699999999837,BACKFILL_AUTO
2026-07-12 00:51:36,1783817496,R_75,52762.7126,-1,12.07719999999972,BACKFILL_AUTO
2026-07-12 00:51:38,1783817498,R_75,52754.1159,-1,8.596700000001874,BACKFILL_AUTO
2026-07-12 00:51:40,1783817500,R_75,52765.1792,1,11.063300000001618,BACKFILL_AUTO
2026-07-12 00:51:42,1783817502,R_75,52760.6044,-1,4.574800000002142,BACKFILL_AUTO
2026-07-12 00:51:44,1783817504,R_75,52747.6265,-1,12.977899999998044,BACKFILL_AUTO
2026-07-12 00:51:46,1783817506,R_75,52752.2123,1,4.585800000000745,BACKFILL_AUTO
2026-07-12 00:51:48,1783817508,R_75,52768.6518,1,16.439500000000407,BACKFILL_AUTO
2026-07-12 00:51:50,1783817510,R_75,52762.5639,-1,6.087899999998626,BACKFILL_AUTO
2026-07-12 00:51:52,1783817512,R_75,52754.6023,-1,7.961600000002363,BACKFILL_AUTO
2026-07-12 00:51:54,1783817514,R_75,52757.3628,1,2.760500000003958,BACKFILL_AUTO
2026-07-12 00:51:56,1783817516,R_75,52772.546,1,15.183199999999488,BACKFILL_AUTO
2026-07-12 00:51:58,1783817518,R_75,52774.8546,1,2.308599999996659,BACKFILL_AUTO
2026-07-12 00:52:00,1783817520,R_75,52760.5806,-1,14.273999999997613,BACKFILL_AUTO
2026-07-12 00:52:02,1783817522,R_75,52766.6926,1,6.1120000000009895,BACKFILL_AUTO
2026-07-12 00:52:04,1783817524,R_75,52766.882,1,0.1893999999956577,BACKFILL_AUTO
2026-07-12 00:52:06,1783817526,R_75,52776.357,1,9.47500000000582,BACKFILL_AUTO
2026-07-12 00:52:08,1783817528,R_75,52779.8568,1,3.4997999999977765,BACKFILL_AUTO
2026-07-12 00:52:10,1783817530,R_75,52796.7963,1,16.939500000000407,BACKFILL_AUTO
2026-07-12 00:52:12,1783817532,R_75,52807.53,1,10.733699999997043,BACKFILL_AUTO
2026-07-12 00:52:14,1783817534,R_75,52813.9796,1,6.4495999999999185,BACKFILL_AUTO
2026-07-12 00:52:16,1783817536,R_75,52793.4251,-1,20.55449999999837,BACKFILL_AUTO
2026-07-12 00:52:18,1783817538,R_75,52784.7698,-1,8.655299999998533,BACKFILL_AUTO
2026-07-12 00:52:20,1783817540,R_75,52790.3398,1,5.569999999999709,BACKFILL_AUTO
2026-07-12 00:52:22,1783817542,R_75,52787.3151,-1,3.024700000001758,BACKFILL_AUTO
2026-07-12 00:52:24,1783817544,R_75,52792.8044,1,5.489300000001094,BACKFILL_AUTO
2026-07-12 00:52:26,1783817546,R_75,52822.3372,1,29.53280000000086,BACKFILL_AUTO
2026-07-12 00:52:28,1783817548,R_75,52827.9211,1,5.583899999997811,BACKFILL_AUTO
2026-07-12 00:52:30,1783817550,R_75,52841.7411,1,13.819999999999709,BACKFILL_AUTO
2026-07-12 00:52:32,1783817552,R_75,52821.1704,-1,20.570699999996577,BACKFILL_AUTO
2026-07-12 00:52:34,1783817554,R_75,52825.948,1,4.777599999993981,BACKFILL_AUTO
2026-07-12 00:52:36,1783817556,R_75,52818.2413,-1,7.70669999999518,BACKFILL_AUTO
2026-07-12 00:52:38,1783817558,R_75,52815.8719,-1,2.3694000000032247,BACKFILL_AUTO
2026-07-12 00:52:40,1783817560,R_75,52831.6426,1,15.770700000000943,BACKFILL_AUTO
2026-07-12 00:52:42,1783817562,R_75,52816.26,-1,15.382599999997183,BACKFILL_AUTO
2026-07-12 00:52:44,1783817564,R_75,52800.4299,-1,15.83009999999922,BACKFILL_AUTO
2026-07-12 00:52:46,1783817566,R_75,52795.9701,-1,4.459800000004179,BACKFILL_AUTO
2026-07-12 00:52:48,1783817568,R_75,52811.5107,1,15.540600000000268,BACKFILL_AUTO
2026-07-12 00:52:50,1783817570,R_75,52809.0915,-1,2.4191999999966356,BACKFILL_AUTO
2026-07-12 00:52:52,1783817572,R_75,52827.4097,1,18.31819999999425,BACKFILL_AUTO
2026-07-12 00:52:54,1783817574,R_75,52824.0731,-1,3.3365999999950873,BACKFILL_AUTO
2026-07-12 00:52:56,1783817576,R_75,52822.4333,-1,1.6398000000044703,BACKFILL_AUTO
2026-07-12 00:52:58,1783817578,R_75,52831.1482,1,8.71490000000631,BACKFILL_AUTO
2026-07-12 00:53:00,1783817580,R_75,52814.7499,-1,16.398300000000745,BACKFILL_AUTO
2026-07-12 00:53:02,1783817582,R_75,52804.4316,-1,10.318299999998999,BACKFILL_AUTO
2026-07-12 00:53:04,1783817584,R_75,52796.5145,-1,7.91710000000603,BACKFILL_AUTO
2026-07-12 00:53:06,1783817586,R_75,52796.7819,1,0.26740000000427244,BACKFILL_AUTO
2026-07-12 00:53:08,1783817588,R_75,52809.9196,1,13.137699999999313,BACKFILL_AUTO
2026-07-12 00:53:10,1783817590,R_75,52829.2115,1,19.29189999999653,BACKFILL_AUTO
2026-07-12 00:53:12,1783817592,R_75,52844.1715,1,14.959999999999127,BACKFILL_AUTO
2026-07-12 00:53:14,1783817594,R_75,52849.562,1,5.390500000001339,BACKFILL_AUTO
2026-07-12 00:53:16,1783817596,R_75,52849.1624,-1,0.3995999999970081,BACKFILL_AUTO
2026-07-12 00:53:18,1783817598,R_75,52853.2412,1,4.078799999995681,BACKFILL_AUTO
2026-07-12 00:53:20,1783817600,R_75,52834.217,-1,19.024199999999837,BACKFILL_AUTO
2026-07-12 00:53:22,1783817602,R_75,52831.2745,-1,2.9424999999973807,BACKFILL_AUTO
2026-07-12 00:53:24,1783817604,R_75,52842.6184,1,11.343899999999849,BACKFILL_AUTO
2026-07-12 00:53:26,1783817606,R_75,52837.0277,-1,5.590700000000652,BACKFILL_AUTO
2026-07-12 00:53:28,1783817608,R_75,52849.3588,1,12.331100000003062,BACKFILL_AUTO
2026-07-12 00:53:30,1783817610,R_75,52841.9024,-1,7.456400000002759,BACKFILL_AUTO
2026-07-12 00:53:32,1783817612,R_75,52834.0324,-1,7.870000000002619,BACKFILL_AUTO
2026-07-12 00:53:34,1783817614,R_75,52830.0222,-1,4.010199999996985,BACKFILL_AUTO
2026-07-12 00:53:36,1783817616,R_75,52845.6989,1,15.67670000000362,BACKFILL_AUTO
2026-07-12 00:53:38,1783817618,R_75,52850.2546,1,4.5556999999971595,BACKFILL_AUTO
2026-07-12 00:53:40,1783817620,R_75,52842.3937,-1,7.860899999999674,BACKFILL_AUTO
2026-07-12 00:53:42,1783817622,R_75,52850.2003,1,7.806599999996251,BACKFILL_AUTO
2026-07-12 00:53:44,1783817624,R_75,52846.3513,-1,3.848999999994703,BACKFILL_AUTO
2026-07-12 00:53:46,1783817626,R_75,52837.856,-1,8.495300000002317,BACKFILL_AUTO
2026-07-12 00:53:48,1783817628,R_75,52842.1253,1,4.26929999999993,BACKFILL_AUTO
2026-07-12 00:53:50,1783817630,R_75,52831.9996,-1,10.125699999996868,BACKFILL_AUTO
2026-07-12 00:53:52,1783817632,R_75,52844.4475,1,12.447899999999208,BACKFILL_AUTO
2026-07-12 00:53:54,1783817634,R_75,52839.7291,-1,4.718400000005204,BACKFILL_AUTO
2026-07-12 00:53:56,1783817636,R_75,52840.0586,1,0.3294999999998254,BACKFILL_AUTO
2026-07-12 00:53:58,1783817638,R_75,52838.9389,-1,1.119699999995646,BACKFILL_AUTO
2026-07-12 00:54:00,1783817640,R_75,52834.4774,-1,4.4614999999976135,BACKFILL_AUTO
2026-07-12 00:54:02,1783817642,R_75,52821.7055,-1,12.771900000007008,BACKFILL_AUTO
2026-07-12 00:54:04,1783817644,R_75,52826.1595,1,4.4540000000051805,BACKFILL_AUTO
2026-07-12 00:54:06,1783817646,R_75,52814.8803,-1,11.279200000004494,BACKFILL_AUTO
2026-07-12 00:54:08,1783817648,R_75,52827.4801,1,12.599800000003597,BACKFILL_AUTO
2026-07-12 00:54:10,1783817650,R_75,52833.9245,1,6.444400000000314,BACKFILL_AUTO
2026-07-12 00:54:12,1783817652,R_75,52831.722,-1,2.202499999999418,BACKFILL_AUTO
2026-07-12 00:54:14,1783817654,R_75,52816.2328,-1,15.48920000000362,BACKFILL_AUTO
2026-07-12 00:54:16,1783817656,R_75,52805.6733,-1,10.55949999999575,BACKFILL_AUTO
2026-07-12 00:54:18,1783817658,R_75,52813.2415,1,7.568199999994249,BACKFILL_AUTO
2026-07-12 00:54:20,1783817660,R_75,52821.8705,1,8.629000000000815,BACKFILL_AUTO
2026-07-12 00:54:22,1783817662,R_75,52811.9747,-1,9.895799999998417,BACKFILL_AUTO
2026-07-12 00:54:24,1783817664,R_75,52804.0569,-1,7.917799999995623,BACKFILL_AUTO
2026-07-12 00:54:26,1783817666,R_75,52830.5636,1,26.50669999999809,BACKFILL_AUTO
2026-07-12 00:54:28,1783817668,R_75,52819.9619,-1,10.601699999999255,BACKFILL_AUTO
2026-07-12 00:54:30,1783817670,R_75,52830.8902,1,10.928299999999581,BACKFILL_AUTO
2026-07-12 00:54:32,1783817672,R_75,52838.8753,1,7.985099999998056,BACKFILL_AUTO
2026-07-12 00:54:34,1783817674,R_75,52824.8788,-1,13.996500000001106,BACKFILL_AUTO
2026-07-12 00:54:36,1783817676,R_75,52824.9239,1,0.045100000003003515,BACKFILL_AUTO
2026-07-12 00:54:38,1783817678,R_75,52833.8441,1,8.920200000000477,BACKFILL_AUTO
2026-07-12 00:54:40,1783817680,R_75,52838.0944,1,4.250299999999697,BACKFILL_AUTO
2026-07-12 00:54:42,1783817682,R_75,52858.3791,1,20.28469999999652,BACKFILL_AUTO
2026-07-12 00:54:44,1783817684,R_75,52860.1833,1,1.8041999999986729,BACKFILL_AUTO
2026-07-12 00:54:46,1783817686,R_75,52870.8169,1,10.633600000001024,BACKFILL_AUTO
2026-07-12 00:54:48,1783817688,R_75,52881.5463,1,10.729400000003807,BACKFILL_AUTO
2026-07-12 00:54:50,1783817690,R_75,52867.1433,-1,14.402999999998428,BACKFILL_AUTO
2026-07-12 00:54:52,1783817692,R_75,52855.0038,-1,12.139500000004773,BACKFILL_AUTO
2026-07-12 00:54:54,1783817694,R_75,52838.9932,-1,16.010600000001432,BACKFILL_AUTO
2026-07-12 00:54:56,1783817696,R_75,52851.887,1,12.893800000005285,BACKFILL_AUTO
2026-07-12 00:54:58,1783817698,R_75,52853.0748,1,1.1877999999996973,BACKFILL_AUTO
2026-07-12 00:55:00,1783817700,R_75,52860.4925,1,7.417699999998149,BACKFILL_AUTO
2026-07-12 00:55:02,1783817702,R_75,52848.6859,-1,11.806600000003527,BACKFILL_AUTO
2026-07-12 00:55:04,1783817704,R_75,52860.8352,1,12.149300000004587,BACKFILL_AUTO
2026-07-12 00:55:06,1783817706,R_75,52859.0986,-1,1.7366000000038184,BACKFILL_AUTO
2026-07-12 00:55:08,1783817708,R_75,52846.4304,-1,12.66820000000007,BACKFILL_AUTO
2026-07-12 00:55:10,1783817710,R_75,52840.6133,-1,5.8171000000002095,BACKFILL_AUTO
2026-07-12 00:55:12,1783817712,R_75,52853.8462,1,13.2329000000027,BACKFILL_AUTO
2026-07-12 00:55:14,1783817714,R_75,52850.6685,-1,3.1777000000001863,BACKFILL_AUTO
2026-07-12 00:55:16,1783817716,R_75,52851.4881,1,0.8196000000025379,BACKFILL_AUTO
2026-07-12 00:55:18,1783817718,R_75,52849.6309,-1,1.8572000000058324,BACKFILL_AUTO
2026-07-12 00:55:20,1783817720,R_75,52837.1979,-1,12.432999999997264,BACKFILL_AUTO
2026-07-12 00:55:22,1783817722,R_75,52831.1898,-1,6.008099999999104,BACKFILL_AUTO
2026-07-12 00:55:24,1783817724,R_75,52829.0396,-1,2.1502000000036787,BACKFILL_AUTO
2026-07-12 00:55:26,1783817726,R_75,52836.8175,1,7.777900000000955,BACKFILL_AUTO
2026-07-12 00:55:28,1783817728,R_75,52850.7678,1,13.950300000004063,BACKFILL_AUTO
2026-07-12 00:55:30,1783817730,R_75,52867.4699,1,16.70209999999497,BACKFILL_AUTO
2026-07-12 00:55:32,1783817732,R_75,52861.6839,-1,5.785999999992782,BACKFILL_AUTO
2026-07-12 00:55:34,1783817734,R_75,52849.5271,-1,12.156800000004296,BACKFILL_AUTO
2026-07-12 00:55:36,1783817736,R_75,52839.1568,-1,10.370300000002317,BACKFILL_AUTO
2026-07-12 00:55:38,1783817738,R_75,52830.6705,-1,8.486299999996845,BACKFILL_AUTO
2026-07-12 00:55:40,1783817740,R_75,52842.212,1,11.54149999999936,BACKFILL_AUTO
2026-07-12 00:55:42,1783817742,R_75,52837.0106,-1,5.201399999998102,BACKFILL_AUTO
2026-07-12 00:55:44,1783817744,R_75,52843.8196,1,6.809000000001106,BACKFILL_AUTO
2026-07-12 00:55:46,1783817746,R_75,52846.9794,1,3.159799999993993,BACKFILL_AUTO
2026-07-12 00:55:48,1783817748,R_75,52843.0568,-1,3.922599999998056,BACKFILL_AUTO
2026-07-12 00:55:50,1783817750,R_75,52849.7707,1,6.713900000002468,BACKFILL_AUTO
2026-07-12 00:55:52,1783817752,R_75,52854.2257,1,4.455000000001746,BACKFILL_AUTO
2026-07-12 00:55:54,1783817754,R_75,52879.4076,1,25.18189999999595,BACKFILL_AUTO
2026-07-12 00:55:56,1783817756,R_75,52886.1764,1,6.768799999998009,BACKFILL_AUTO
2026-07-12 00:55:58,1783817758,R_75,52912.9747,1,26.7983000000022,BACKFILL_AUTO
2026-07-12 00:56:00,1783817760,R_75,52912.338,-1,0.6366999999954714,BACKFILL_AUTO
2026-07-12 00:56:02,1783817762,R_75,52912.3596,1,0.021600000000034925,BACKFILL_AUTO
2026-07-12 00:56:04,1783817764,R_75,52906.7971,-1,5.5625,BACKFILL_AUTO
2026-07-12 00:56:06,1783817766,R_75,52904.965,-1,1.8321000000069034,BACKFILL_AUTO
2026-07-12 00:56:08,1783817768,R_75,52916.6238,1,11.658800000004703,BACKFILL_AUTO
2026-07-12 00:56:10,1783817770,R_75,52912.2209,-1,4.402900000000955,BACKFILL_AUTO
2026-07-12 00:56:12,1783817772,R_75,52906.7696,-1,5.451300000000629,BACKFILL_AUTO
2026-07-12 00:56:14,1783817774,R_75,52912.2226,1,5.453000000001339,BACKFILL_AUTO
2026-07-12 00:56:16,1783817776,R_75,52904.2613,-1,7.961300000002666,BACKFILL_AUTO
2026-07-12 00:56:18,1783817778,R_75,52920.7062,1,16.444900000002235,BACKFILL_AUTO
2026-07-12 00:56:20,1783817780,R_75,52920.3847,-1,0.32149999999819556,BACKFILL_AUTO
2026-07-12 00:56:22,1783817782,R_75,52917.3931,-1,2.991600000001199,BACKFILL_AUTO
2026-07-12 00:56:24,1783817784,R_75,52917.2064,-1,0.18669999999838183,BACKFILL_AUTO
2026-07-12 00:56:26,1783817786,R_75,52914.6629,-1,2.543499999999767,BACKFILL_AUTO
2026-07-12 00:56:28,1783817788,R_75,52922.4505,1,7.787599999996019,BACKFILL_AUTO
2026-07-12 00:56:30,1783817790,R_75,52916.0695,-1,6.381000000001222,BACKFILL_AUTO
2026-07-12 00:56:32,1783817792,R_75,52914.8291,-1,1.2403999999951338,BACKFILL_AUTO
2026-07-12 00:56:34,1783817794,R_75,52938.5211,1,23.69199999999546,BACKFILL_AUTO
2026-07-12 00:56:36,1783817796,R_75,52946.7981,1,8.277000000001863,BACKFILL_AUTO
2026-07-12 00:56:38,1783817798,R_75,52954.633,1,7.834900000001653,BACKFILL_AUTO
2026-07-12 00:56:40,1783817800,R_75,52942.0696,-1,12.563399999999092,BACKFILL_AUTO
2026-07-12 00:56:42,1783817802,R_75,52937.9652,-1,4.104400000003807,BACKFILL_AUTO
2026-07-12 00:56:44,1783817804,R_75,52932.3475,-1,5.617699999995239,BACKFILL_AUTO
2026-07-12 00:56:46,1783817806,R_75,52944.7107,1,12.363199999999779,BACKFILL_AUTO
2026-07-12 00:56:48,1783817808,R_75,52964.2817,1,19.570999999996275,BACKFILL_AUTO
2026-07-12 00:56:50,1783817810,R_75,52955.085,-1,9.196700000000419,BACKFILL_AUTO
2026-07-12 00:56:52,1783817812,R_75,52958.5619,1,3.4769000000014785,BACKFILL_AUTO
2026-07-12 00:56:54,1783817814,R_75,52958.1904,-1,0.37150000000110595,BACKFILL_AUTO
2026-07-12 00:56:56,1783817816,R_75,52941.881,-1,16.309399999998277,BACKFILL_AUTO
2026-07-12 00:56:58,1783817818,R_75,52954.2851,1,12.404099999999744,BACKFILL_AUTO
2026-07-12 00:57:00,1783817820,R_75,52970.7176,1,16.43250000000262,BACKFILL_AUTO
2026-07-12 00:57:02,1783817822,R_75,52986.8201,1,16.102499999993597,BACKFILL_AUTO
2026-07-12 00:57:04,1783817824,R_75,52982.2991,-1,4.52100000000064,BACKFILL_AUTO
2026-07-12 00:57:06,1783817826,R_75,52991.6409,1,9.341800000001967,BACKFILL_AUTO
2026-07-12 00:57:08,1783817828,R_75,52992.1626,1,0.5217000000047847,BACKFILL_AUTO
2026-07-12 00:57:10,1783817830,R_75,52981.2767,-1,10.88590000000113,BACKFILL_AUTO
2026-07-12 00:57:12,1783817832,R_75,52967.2836,-1,13.993099999999686,BACKFILL_AUTO
2026-07-12 00:57:14,1783817834,R_75,52971.7427,1,4.459100000000035,BACKFILL_AUTO
2026-07-12 00:57:16,1783817836,R_75,52973.5758,1,1.8330999999961932,BACKFILL_AUTO
2026-07-12 00:57:18,1783817838,R_75,52967.3145,-1,6.2612999999983,BACKFILL_AUTO
2026-07-12 00:57:20,1783817840,R_75,52951.3953,-1,15.919200000003912,BACKFILL_AUTO
2026-07-12 00:57:22,1783817842,R_75,52953.128,1,1.7327000000004773,BACKFILL_AUTO
2026-07-12 00:57:24,1783817844,R_75,52955.7456,1,2.617600000005041,BACKFILL_AUTO
2026-07-12 00:57:26,1783817846,R_75,52961.2033,1,5.457699999999022,BACKFILL_AUTO
2026-07-12 00:57:28,1783817848,R_75,52976.4069,1,15.203600000000733,BACKFILL_AUTO
2026-07-12 00:57:30,1783817850,R_75,52965.1307,-1,11.276200000000244,BACKFILL_AUTO
2026-07-12 00:57:32,1783817852,R_75,52969.5886,1,4.457900000001246,BACKFILL_AUTO
2026-07-12 00:57:34,1783817854,R_75,52966.042,-1,3.54660000000149,BACKFILL_AUTO
2026-07-12 00:57:36,1783817856,R_75,52968.8437,1,2.8016999999963446,BACKFILL_AUTO
2026-07-12 00:57:38,1783817858,R_75,52965.5045,-1,3.3391999999948894,BACKFILL_AUTO
2026-07-12 00:57:40,1783817860,R_75,52954.3536,-1,11.150900000000547,BACKFILL_AUTO
2026-07-12 00:57:42,1783817862,R_75,52961.6424,1,7.288799999994808,BACKFILL_AUTO
2026-07-12 00:57:44,1783817864,R_75,52939.8331,-1,21.809299999993527,BACKFILL_AUTO
2026-07-12 00:57:46,1783817866,R_75,52937.8658,-1,1.9673000000038883,BACKFILL_AUTO
2026-07-12 00:57:48,1783817868,R_75,52938.4354,1,0.5696000000025379,BACKFILL_AUTO
2026-07-12 00:57:50,1783817870,R_75,52936.9763,-1,1.459100000000035,BACKFILL_AUTO
2026-07-12 00:57:52,1783817872,R_75,52940.9725,1,3.9962000000014086,BACKFILL_AUTO
2026-07-12 00:57:54,1783817874,R_75,52946.4409,1,5.468399999997928,BACKFILL_AUTO
2026-07-12 00:57:56,1783817876,R_75,52955.5079,1,9.06699999999546,BACKFILL_AUTO
2026-07-12 00:57:58,1783817878,R_75,52955.941,1,0.433100000002014,BACKFILL_AUTO
2026-07-12 00:58:00,1783817880,R_75,52959.5161,1,3.5751000000018394,BACKFILL_AUTO
2026-07-12 00:58:02,1783817882,R_75,52961.6944,1,2.178299999999581,BACKFILL_AUTO
2026-07-12 00:58:04,1783817884,R_75,52973.385,1,11.690600000001723,BACKFILL_AUTO
2026-07-12 00:58:06,1783817886,R_75,52965.4598,-1,7.925200000005134,BACKFILL_AUTO
2026-07-12 00:58:08,1783817888,R_75,52975.1945,1,9.734700000000885,BACKFILL_AUTO
2026-07-12 00:58:10,1783817890,R_75,52976.6951,1,1.5005999999993946,BACKFILL_AUTO
2026-07-12 00:58:12,1783817892,R_75,52964.8486,-1,11.84649999999965,BACKFILL_AUTO
2026-07-12 00:58:14,1783817894,R_75,52953.2987,-1,11.54989999999816,BACKFILL_AUTO
2026-07-12 00:58:16,1783817896,R_75,52958.1744,1,4.875700000004144,BACKFILL_AUTO
2026-07-12 00:58:18,1783817898,R_75,52974.434,1,16.25959999999759,BACKFILL_AUTO
2026-07-12 00:58:20,1783817900,R_75,52963.0507,-1,11.383300000001327,BACKFILL_AUTO
2026-07-12 00:58:22,1783817902,R_75,52966.5209,1,3.4702000000033877,BACKFILL_AUTO
2026-07-12 00:58:24,1783817904,R_75,52981.6808,1,15.159899999998743,BACKFILL_AUTO
2026-07-12 00:58:26,1783817906,R_75,52979.2995,-1,2.3813000000009197,BACKFILL_AUTO
2026-07-12 00:58:28,1783817908,R_75,52971.0805,-1,8.219000000004598,BACKFILL_AUTO
2026-07-12 00:58:30,1783817910,R_75,52974.5826,1,3.502100000005157,BACKFILL_AUTO
2026-07-12 00:58:32,1783817912,R_75,52962.9766,-1,11.605999999999767,BACKFILL_AUTO
2026-07-12 00:58:34,1783817914,R_75,52969.5231,1,6.54649999999674,BACKFILL_AUTO
2026-07-12 00:58:36,1783817916,R_75,52965.4657,-1,4.05739999999787,BACKFILL_AUTO
2026-07-12 00:58:38,1783817918,R_75,52964.8346,-1,0.6310999999986961,BACKFILL_AUTO
2026-07-12 00:58:40,1783817920,R_75,52956.1247,-1,8.709900000001653,BACKFILL_AUTO
2026-07-12 00:58:42,1783817922,R_75,52949.8805,-1,6.244200000001001,BACKFILL_AUTO
2026-07-12 00:58:44,1783817924,R_75,52942.2269,-1,7.653599999997823,BACKFILL_AUTO
2026-07-12 00:58:46,1783817926,R_75,52940.4035,-1,1.8234000000011292,BACKFILL_AUTO
2026-07-12 00:58:48,1783817928,R_75,52941.3872,1,0.983699999997043,BACKFILL_AUTO
2026-07-12 00:58:50,1783817930,R_75,52958.649,1,17.26180000000022,BACKFILL_AUTO
2026-07-12 00:58:52,1783817932,R_75,52945.0988,-1,13.550199999997858,BACKFILL_AUTO
2026-07-12 00:58:54,1783817934,R_75,52951.6903,1,6.59150000000227,BACKFILL_AUTO
2026-07-12 00:58:56,1783817936,R_75,52966.4622,1,14.771899999999732,BACKFILL_AUTO
2026-07-12 00:58:58,1783817938,R_75,52952.923,-1,13.539199999999255,BACKFILL_AUTO
2026-07-12 00:59:00,1783817940,R_75,52949.4891,-1,3.433900000003632,BACKFILL_AUTO
2026-07-12 00:59:02,1783817942,R_75,52938.1111,-1,11.377999999996973,BACKFILL_AUTO
2026-07-12 00:59:04,1783817944,R_75,52955.8539,1,17.74279999999999,BACKFILL_AUTO
2026-07-12 00:59:06,1783817946,R_75,52942.8195,-1,13.034400000004098,BACKFILL_AUTO
2026-07-12 00:59:08,1783817948,R_75,52949.8797,1,7.060199999999895,BACKFILL_AUTO
2026-07-12 00:59:10,1783817950,R_75,52943.7879,-1,6.0917999999946915,BACKFILL_AUTO
2026-07-12 00:59:12,1783817952,R_75,52939.8904,-1,3.897500000006403,BACKFILL_AUTO
2026-07-12 00:59:14,1783817954,R_75,52952.1099,1,12.21950000000652,BACKFILL_AUTO
2026-07-12 00:59:16,1783817956,R_75,52951.8823,-1,0.22760000000562286,BACKFILL_AUTO
2026-07-12 00:59:18,1783817958,R_75,52954.9555,1,3.0731999999989057,BACKFILL_AUTO
2026-07-12 00:59:20,1783817960,R_75,52954.4341,-1,0.5213999999978114,BACKFILL_AUTO
2026-07-12 00:59:22,1783817962,R_75,52945.4129,-1,9.021199999995588,BACKFILL_AUTO
2026-07-12 00:59:24,1783817964,R_75,52932.0468,-1,13.366100000006554,BACKFILL_AUTO
2026-07-12 00:59:26,1783817966,R_75,52926.2038,-1,5.842999999993481,BACKFILL_AUTO
2026-07-12 00:59:28,1783817968,R_75,52909.8222,-1,16.381600000000617,BACKFILL_AUTO
2026-07-12 00:59:30,1783817970,R_75,52916.4448,1,6.6225999999951455,BACKFILL_AUTO
2026-07-12 00:59:32,1783817972,R_75,52915.3134,-1,1.1313999999983935,BACKFILL_AUTO
2026-07-12 00:59:34,1783817974,R_75,52911.0594,-1,4.254000000000815,BACKFILL_AUTO
2026-07-12 00:59:36,1783817976,R_75,52924.9755,1,13.916100000002189,BACKFILL_AUTO
2026-07-12 00:59:38,1783817978,R_75,52933.3228,1,8.347300000001269,BACKFILL_AUTO
2026-07-12 00:59:40,1783817980,R_75,52935.4854,1,2.1625999999960186,BACKFILL_AUTO
2026-07-12 00:59:42,1783817982,R_75,52947.6088,1,12.12340000000404,BACKFILL_AUTO
2026-07-12 00:59:44,1783817984,R_75,52948.5873,1,0.9784999999974389,BACKFILL_AUTO
2026-07-12 00:59:46,1783817986,R_75,52974.3254,1,25.738100000002305,BACKFILL_AUTO
2026-07-12 00:59:48,1783817988,R_75,52999.3759,1,25.050499999997555,BACKFILL_AUTO
2026-07-12 00:59:50,1783817990,R_75,52995.8973,-1,3.4786000000021886,BACKFILL_AUTO
2026-07-12 00:59:52,1783817992,R_75,52994.7381,-1,1.1591999999945983,BACKFILL_AUTO
2026-07-12 00:59:54,1783817994,R_75,52992.1514,-1,2.586699999999837,BACKFILL_AUTO
2026-07-12 00:59:56,1783817996,R_75,53000.9143,1,8.76289999999426,BACKFILL_AUTO
2026-07-12 00:59:58,1783817998,R_75,53010.7278,1,9.813500000003842,BACKFILL_AUTO
2026-07-12 01:00:00,1783818000,R_75,53013.8697,1,3.1419000000023516,BACKFILL_AUTO
2026-07-12 01:00:02,1783818002,R_75,52997.3836,-1,16.486100000001898,BACKFILL_AUTO
2026-07-12 01:00:04,1783818004,R_75,52998.9194,1,1.5357999999978347,BACKFILL_AUTO
2026-07-12 01:00:06,1783818006,R_75,52985.3534,-1,13.565999999998894,BACKFILL_AUTO
2026-07-12 01:00:08,1783818008,R_75,52997.8003,1,12.446900000002643,BACKFILL_AUTO
2026-07-12 01:00:10,1783818010,R_75,52993.8127,-1,3.987600000000384,BACKFILL_AUTO
2026-07-12 01:00:12,1783818012,R_75,52995.7577,1,1.944999999999709,BACKFILL_AUTO
2026-07-12 01:00:14,1783818014,R_75,52991.8734,-1,3.884300000005169,BACKFILL_AUTO
2026-07-12 01:00:16,1783818016,R_75,53016.5797,1,24.706300000005285,BACKFILL_AUTO
2026-07-12 01:00:18,1783818018,R_75,53019.5424,1,2.9626999999964028,BACKFILL_AUTO
2026-07-12 01:00:20,1783818020,R_75,53045.8181,1,26.275699999998324,BACKFILL_AUTO
2026-07-12 01:00:22,1783818022,R_75,53049.8812,1,4.063100000006671,BACKFILL_AUTO
2026-07-12 01:00:24,1783818024,R_75,53060.9988,1,11.117599999997765,BACKFILL_AUTO
2026-07-12 01:00:26,1783818026,R_75,53059.4968,-1,1.5020000000004075,BACKFILL_AUTO
2026-07-12 01:00:28,1783818028,R_75,53058.3145,-1,1.1823000000003958,BACKFILL_AUTO
2026-07-12 01:00:30,1783818030,R_75,53061.9344,1,3.6198999999978696,BACKFILL_AUTO
2026-07-12 01:00:32,1783818032,R_75,53064.7446,1,2.8101999999998952,BACKFILL_AUTO
2026-07-12 01:00:34,1783818034,R_75,53067.9391,1,3.194500000005064,BACKFILL_AUTO
2026-07-12 01:00:36,1783818036,R_75,53059.5441,-1,8.395000000004075,BACKFILL_AUTO
2026-07-12 01:00:38,1783818038,R_75,53056.1168,-1,3.427299999995739,BACKFILL_AUTO
2026-07-12 01:00:40,1783818040,R_75,53062.2162,1,6.09939999999915,BACKFILL_AUTO
2026-07-12 01:00:42,1783818042,R_75,53070.2924,1,8.076199999995879,BACKFILL_AUTO
2026-07-12 01:00:44,1783818044,R_75,53068.6066,-1,1.6857999999992899,BACKFILL_AUTO
2026-07-12 01:00:46,1783818046,R_75,53071.1694,1,2.5627999999996973,BACKFILL_AUTO
2026-07-12 01:00:48,1783818048,R_75,53054.6413,-1,16.528099999995902,BACKFILL_AUTO
2026-07-12 01:00:50,1783818050,R_75,53067.9831,1,13.341799999994691,BACKFILL_AUTO
2026-07-12 01:00:52,1783818052,R_75,53076.2717,1,8.28859999999986,BACKFILL_AUTO
2026-07-12 01:00:54,1783818054,R_75,53092.707,1,16.435300000004645,BACKFILL_AUTO
2026-07-12 01:00:56,1783818056,R_75,53095.3869,1,2.6798999999955413,BACKFILL_AUTO
2026-07-12 01:00:58,1783818058,R_75,53086.2368,-1,9.150099999998929,BACKFILL_AUTO
2026-07-12 01:01:00,1783818060,R_75,53087.9145,1,1.6777000000001863,BACKFILL_AUTO
2026-07-12 01:01:02,1783818062,R_75,53093.8403,1,5.925800000004529,BACKFILL_AUTO
2026-07-12 01:01:04,1783818064,R_75,53081.9133,-1,11.927000000003318,BACKFILL_AUTO
2026-07-12 01:01:06,1783818066,R_75,53061.0335,-1,20.879800000002433,BACKFILL_AUTO
2026-07-12 01:01:08,1783818068,R_75,53043.3242,-1,17.709299999994982,BACKFILL_AUTO
2026-07-12 01:01:10,1783818070,R_75,53047.5407,1,4.216499999994994,BACKFILL_AUTO
2026-07-12 01:01:12,1783818072,R_75,53067.2484,1,19.707699999999022,BACKFILL_AUTO
2026-07-12 01:01:14,1783818074,R_75,53080.0841,1,12.835700000003271,BACKFILL_AUTO
2026-07-12 01:01:16,1783818076,R_75,53073.6326,-1,6.451500000002852,BACKFILL_AUTO
2026-07-12 01:01:18,1783818078,R_75,53074.0307,1,0.3981000000057975,BACKFILL_AUTO
2026-07-12 01:01:20,1783818080,R_75,53062.1477,-1,11.88300000000163,BACKFILL_AUTO
2026-07-12 01:01:22,1783818082,R_75,53079.4365,1,17.288800000002084,BACKFILL_AUTO
2026-07-12 01:01:24,1783818084,R_75,53067.5204,-1,11.916100000002189,BACKFILL_AUTO
2026-07-12 01:01:26,1783818086,R_75,53086.6393,1,19.118900000001304,BACKFILL_AUTO
2026-07-12 01:01:28,1783818088,R_75,53102.8752,1,16.235899999999674,BACKFILL_AUTO
2026-07-12 01:01:30,1783818090,R_75,53087.4846,-1,15.390599999998813,BACKFILL_AUTO
2026-07-12 01:01:32,1783818092,R_75,53081.3503,-1,6.134300000005169,BACKFILL_AUTO
2026-07-12 01:01:34,1783818094,R_75,53095.1086,1,13.758300000001327,BACKFILL_AUTO
2026-07-12 01:01:36,1783818096,R_75,53085.4056,-1,9.703000000001339,BACKFILL_AUTO
2026-07-12 01:01:38,1783818098,R_75,53084.3712,-1,1.0343999999968219,BACKFILL_AUTO
2026-07-12 01:01:40,1783818100,R_75,53073.5854,-1,10.785799999997835,BACKFILL_AUTO
2026-07-12 01:01:42,1783818102,R_75,53065.5835,-1,8.001900000002934,BACKFILL_AUTO
2026-07-12 01:01:44,1783818104,R_75,53069.7831,1,4.1995999999999185,BACKFILL_AUTO
2026-07-12 01:01:46,1783818106,R_75,53067.5968,-1,2.1863000000012107,BACKFILL_AUTO
2026-07-12 01:01:48,1783818108,R_75,53073.9192,1,6.3223999999972875,BACKFILL_AUTO
2026-07-12 01:01:50,1783818110,R_75,53076.4903,1,2.5711000000010245,BACKFILL_AUTO
2026-07-12 01:01:52,1783818112,R_75,53071.9893,-1,4.500999999996566,BACKFILL_AUTO
2026-07-12 01:01:54,1783818114,R_75,53060.8537,-1,11.135600000001432,BACKFILL_AUTO
2026-07-12 01:01:56,1783818116,R_75,53040.5602,-1,20.293499999999767,BACKFILL_AUTO
2026-07-12 01:01:58,1783818118,R_75,53044.2075,1,3.6472999999969034,BACKFILL_AUTO
2026-07-12 01:02:00,1783818120,R_75,53046.1229,1,1.9154000000053202,BACKFILL_AUTO
2026-07-12 01:02:02,1783818122,R_75,53027.3572,-1,18.765700000003562,BACKFILL_AUTO
2026-07-12 01:02:04,1783818124,R_75,53006.6864,-1,20.670799999999872,BACKFILL_AUTO
2026-07-12 01:02:06,1783818126,R_75,53011.6384,1,4.952000000004773,BACKFILL_AUTO
2026-07-12 01:02:08,1783818128,R_75,53025.3422,1,13.703799999995681,BACKFILL_AUTO
2026-07-12 01:02:10,1783818130,R_75,53044.3111,1,18.96889999999985,BACKFILL_AUTO
2026-07-12 01:02:12,1783818132,R_75,53047.8556,1,3.544500000003609,BACKFILL_AUTO
2026-07-12 01:02:14,1783818134,R_75,53035.5944,-1,12.261200000000827,BACKFILL_AUTO
2026-07-12 01:02:16,1783818136,R_75,53043.8219,1,8.227500000000873,BACKFILL_AUTO
2026-07-12 01:02:18,1783818138,R_75,53034.4969,-1,9.325000000004366,BACKFILL_AUTO
2026-07-12 01:02:20,1783818140,R_75,53053.518,1,19.021099999998114,BACKFILL_AUTO
2026-07-12 01:02:22,1783818142,R_75,53062.6643,1,9.146300000000338,BACKFILL_AUTO
2026-07-12 01:02:24,1783818144,R_75,53080.8504,1,18.186100000006263,BACKFILL_AUTO
2026-07-12 01:02:26,1783818146,R_75,53067.6425,-1,13.207900000001246,BACKFILL_AUTO
2026-07-12 01:02:28,1783818148,R_75,53056.5966,-1,11.045900000004622,BACKFILL_AUTO
2026-07-12 01:02:30,1783818150,R_75,53054.0359,-1,2.56069999999454,BACKFILL_AUTO
2026-07-12 01:02:32,1783818152,R_75,53039.9251,-1,14.1108000000022,BACKFILL_AUTO
2026-07-12 01:02:34,1783818154,R_75,53042.212,1,2.28689999999915,BACKFILL_AUTO
2026-07-12 01:02:36,1783818156,R_75,53045.6689,1,3.456899999997404,BACKFILL_AUTO
2026-07-12 01:02:38,1783818158,R_75,53064.2622,1,18.593300000000454,BACKFILL_AUTO
2026-07-12 01:02:40,1783818160,R_75,53068.5765,1,4.31430000000546,BACKFILL_AUTO
2026-07-12 01:02:42,1783818162,R_75,53057.6707,-1,10.905800000000454,BACKFILL_AUTO
2026-07-12 01:02:44,1783818164,R_75,53057.4466,-1,0.22409999999945285,BACKFILL_AUTO
2026-07-12 01:02:46,1783818166,R_75,53046.761,-1,10.685600000004342,BACKFILL_AUTO
2026-07-12 01:02:48,1783818168,R_75,53045.259,-1,1.5020000000004075,BACKFILL_AUTO
2026-07-12 01:02:50,1783818170,R_75,53038.1592,-1,7.099799999996321,BACKFILL_AUTO
2026-07-12 01:02:52,1783818172,R_75,53047.0196,1,8.860399999997753,BACKFILL_AUTO
2026-07-12 01:02:54,1783818174,R_75,53046.0701,-1,0.9495000000024447,BACKFILL_AUTO
2026-07-12 01:02:56,1783818176,R_75,53057.058,1,10.987900000000081,BACKFILL_AUTO
2026-07-12 01:02:58,1783818178,R_75,53067.634,1,10.576000000000931,BACKFILL_AUTO
2026-07-12 01:03:00,1783818180,R_75,53072.2512,1,4.617200000000594,BACKFILL_AUTO
2026-07-12 01:03:02,1783818182,R_75,53071.726,-1,0.5251999999964028,BACKFILL_AUTO
2026-07-12 01:03:04,1783818184,R_75,53072.2872,1,0.561199999996461,BACKFILL_AUTO
2026-07-12 01:03:06,1783818186,R_75,53069.5933,-1,2.6938999999983935,BACKFILL_AUTO
2026-07-12 01:03:08,1783818188,R_75,53074.9503,1,5.356999999996333,BACKFILL_AUTO
2026-07-12 01:03:10,1783818190,R_75,53074.3373,-1,0.6129999999975553,BACKFILL_AUTO
2026-07-12 01:03:12,1783818192,R_75,53079.2942,1,4.956899999997404,BACKFILL_AUTO
2026-07-12 01:03:14,1783818194,R_75,53064.679,-1,14.615200000000186,BACKFILL_AUTO
2026-07-12 01:03:16,1783818196,R_75,53070.1485,1,5.469500000006519,BACKFILL_AUTO
2026-07-12 01:03:18,1783818198,R_75,53065.8194,-1,4.329100000002654,BACKFILL_AUTO
2026-07-12 01:03:20,1783818200,R_75,53063.9882,-1,1.8312000000005355,BACKFILL_AUTO
2026-07-12 01:03:22,1783818202,R_75,53057.0863,-1,6.901899999997113,BACKFILL_AUTO
2026-07-12 01:03:24,1783818204,R_75,53063.744,1,6.657699999996112,BACKFILL_AUTO
2026-07-12 01:03:26,1783818206,R_75,53066.6336,1,2.889600000002247,BACKFILL_AUTO
2026-07-12 01:03:28,1783818208,R_75,53066.6328,-1,0.000800000001618173,BACKFILL_AUTO
2026-07-12 01:03:30,1783818210,R_75,53069.8799,1,3.2471000000005006,BACKFILL_AUTO
2026-07-12 01:03:32,1783818212,R_75,53063.8898,-1,5.9901000000027125,BACKFILL_AUTO
2026-07-12 01:03:34,1783818214,R_75,53055.2056,-1,8.684199999996054,BACKFILL_AUTO
2026-07-12 01:03:36,1783818216,R_75,53050.5342,-1,4.671399999999267,BACKFILL_AUTO
2026-07-12 01:03:38,1783818218,R_75,53067.87,1,17.335800000000745,BACKFILL_AUTO
2026-07-12 01:03:40,1783818220,R_75,53076.5345,1,8.664499999998952,BACKFILL_AUTO
2026-07-12 01:03:42,1783818222,R_75,53080.2441,1,3.7096000000019558,BACKFILL_AUTO
2026-07-12 01:03:44,1783818224,R_75,53073.9376,-1,6.306500000006054,BACKFILL_AUTO
2026-07-12 01:03:46,1783818226,R_75,53059.6266,-1,14.310999999994237,BACKFILL_AUTO
2026-07-12 01:03:48,1783818228,R_75,53054.1013,-1,5.5253000000011525,BACKFILL_AUTO
2026-07-12 01:03:50,1783818230,R_75,53057.9686,1,3.8672999999980675,BACKFILL_AUTO
2026-07-12 01:03:52,1783818232,R_75,53055.0467,-1,2.9219000000011874,BACKFILL_AUTO
2026-07-12 01:03:54,1783818234,R_75,53052.0527,-1,2.9939999999987776,BACKFILL_AUTO
2026-07-12 01:03:56,1783818236,R_75,53037.1758,-1,14.876900000002934,BACKFILL_AUTO
2026-07-12 01:03:58,1783818238,R_75,53013.1981,-1,23.97769999999582,BACKFILL_AUTO
2026-07-12 01:04:00,1783818240,R_75,53017.3028,1,4.104699999996228,BACKFILL_AUTO
2026-07-12 01:04:02,1783818242,R_75,53005.2498,-1,12.052999999999884,BACKFILL_AUTO
2026-07-12 01:04:04,1783818244,R_75,53014.9719,1,9.722099999999045,BACKFILL_AUTO
2026-07-12 01:04:06,1783818246,R_75,53015.8536,1,0.8817000000053667,BACKFILL_AUTO
2026-07-12 01:04:08,1783818248,R_75,53025.066,1,9.212399999996705,BACKFILL_AUTO
2026-07-12 01:04:10,1783818250,R_75,53032.6262,1,7.560199999999895,BACKFILL_AUTO
2026-07-12 01:04:12,1783818252,R_75,53033.0766,1,0.4504000000015367,BACKFILL_AUTO
2026-07-12 01:04:14,1783818254,R_75,53037.2765,1,4.199899999999616,BACKFILL_AUTO
2026-07-12 01:04:16,1783818256,R_75,53051.27,1,13.993499999996857,BACKFILL_AUTO
2026-07-12 01:04:18,1783818258,R_75,53033.3968,-1,17.87319999999454,BACKFILL_AUTO
2026-07-12 01:04:20,1783818260,R_75,53032.9561,-1,0.44069999999919673,BACKFILL_AUTO
2026-07-12 01:04:22,1783818262,R_75,53031.583,-1,1.3731000000043423,BACKFILL_AUTO
2026-07-12 01:04:24,1783818264,R_75,53038.0291,1,6.4461000000010245,BACKFILL_AUTO
2026-07-12 01:04:26,1783818266,R_75,53031.8084,-1,6.220699999998033,BACKFILL_AUTO
2026-07-12 01:04:28,1783818268,R_75,53034.985,1,3.1765999999988708,BACKFILL_AUTO
2026-07-12 01:04:30,1783818270,R_75,53032.6792,-1,2.305800000001909,BACKFILL_AUTO
2026-07-12 01:04:32,1783818272,R_75,53034.4355,1,1.7563000000009197,BACKFILL_AUTO
2026-07-12 01:04:34,1783818274,R_75,53033.0005,-1,1.4349999999976717,BACKFILL_AUTO
2026-07-12 01:04:36,1783818276,R_75,53049.3779,1,16.37739999999758,BACKFILL_AUTO
2026-07-12 01:04:38,1783818278,R_75,53061.5691,1,12.191200000001118,BACKFILL_AUTO
2026-07-12 01:04:40,1783818280,R_75,53065.3017,1,3.7326000000030035,BACKFILL_AUTO
2026-07-12 01:04:42,1783818282,R_75,53071.7385,1,6.436799999995856,BACKFILL_AUTO
2026-07-12 01:04:44,1783818284,R_75,53076.2524,1,4.513899999998102,BACKFILL_AUTO
2026-07-12 01:04:46,1783818286,R_75,53096.3576,1,20.105200000005425,BACKFILL_AUTO
2026-07-12 01:04:48,1783818288,R_75,53096.1698,-1,0.18779999999969732,BACKFILL_AUTO
2026-07-12 01:04:50,1783818290,R_75,53108.681,1,12.51119999999355,BACKFILL_AUTO
2026-07-12 01:04:52,1783818292,R_75,53128.9488,1,20.267800000001444,BACKFILL_AUTO
2026-07-12 01:04:54,1783818294,R_75,53116.0233,-1,12.925499999997555,BACKFILL_AUTO
2026-07-12 01:04:56,1783818296,R_75,53099.8623,-1,16.161000000000058,BACKFILL_AUTO
2026-07-12 01:04:58,1783818298,R_75,53108.1946,1,8.332300000001851,BACKFILL_AUTO
2026-07-12 01:05:00,1783818300,R_75,53117.9575,1,9.76289999999426,BACKFILL_AUTO
2026-07-12 01:05:02,1783818302,R_75,53108.068,-1,9.889499999997497,BACKFILL_AUTO
2026-07-12 01:05:04,1783818304,R_75,53094.4395,-1,13.628499999998894,BACKFILL_AUTO
2026-07-12 01:05:06,1783818306,R_75,53100.6436,1,6.204100000002654,BACKFILL_AUTO
2026-07-12 01:05:08,1783818308,R_75,53119.3669,1,18.723299999997835,BACKFILL_AUTO
2026-07-12 01:05:10,1783818310,R_75,53099.9771,-1,19.38980000000447,BACKFILL_AUTO
2026-07-12 01:05:12,1783818312,R_75,53109.7096,1,9.73250000000553,BACKFILL_AUTO
2026-07-12 01:05:14,1783818314,R_75,53104.8865,-1,4.823100000001432,BACKFILL_AUTO
2026-07-12 01:05:16,1783818316,R_75,53119.2644,1,14.3778999999995,BACKFILL_AUTO
2026-07-12 01:05:18,1783818318,R_75,53112.1101,-1,7.154300000001967,BACKFILL_AUTO
2026-07-12 01:05:20,1783818320,R_75,53108.1756,-1,3.934499999995751,BACKFILL_AUTO
2026-07-12 01:05:22,1783818322,R_75,53099.794,-1,8.381600000000617,BACKFILL_AUTO
2026-07-12 01:05:24,1783818324,R_75,53088.5215,-1,11.272499999999127,BACKFILL_AUTO
2026-07-12 01:05:26,1783818326,R_75,53105.6979,1,17.176399999996647,BACKFILL_AUTO
2026-07-12 01:05:28,1783818328,R_75,53110.6296,1,4.931700000001001,BACKFILL_AUTO
2026-07-12 01:05:30,1783818330,R_75,53102.8099,-1,7.819700000000012,BACKFILL_AUTO
2026-07-12 01:05:32,1783818332,R_75,53089.1855,-1,13.624400000000605,BACKFILL_AUTO
2026-07-12 01:05:34,1783818334,R_75,53087.2778,-1,1.9076999999961117,BACKFILL_AUTO
2026-07-12 01:05:36,1783818336,R_75,53072.8082,-1,14.469600000003993,BACKFILL_AUTO
2026-07-12 01:05:38,1783818338,R_75,53070.9184,-1,1.8897999999971944,BACKFILL_AUTO
2026-07-12 01:05:40,1783818340,R_75,53096.5327,1,25.614300000001094,BACKFILL_AUTO
2026-07-12 01:05:42,1783818342,R_75,53099.5263,1,2.9935999999943306,BACKFILL_AUTO
2026-07-12 01:05:44,1783818344,R_75,53104.9397,1,5.413400000004913,BACKFILL_AUTO
2026-07-12 01:05:46,1783818346,R_75,53090.1338,-1,14.805899999999383,BACKFILL_AUTO
2026-07-12 01:05:48,1783818348,R_75,53076.6476,-1,13.486200000006647,BACKFILL_AUTO
2026-07-12 01:05:50,1783818350,R_75,53066.3035,-1,10.344099999994796,BACKFILL_AUTO
2026-07-12 01:05:52,1783818352,R_75,53061.5456,-1,4.757900000004156,BACKFILL_AUTO
2026-07-12 01:05:54,1783818354,R_75,53064.1749,1,2.6293000000005122,BACKFILL_AUTO
2026-07-12 01:05:56,1783818356,R_75,53064.6086,1,0.4337000000014086,BACKFILL_AUTO
2026-07-12 01:05:58,1783818358,R_75,53048.5903,-1,16.01829999999609,BACKFILL_AUTO
2026-07-12 01:06:00,1783818360,R_75,53056.0471,1,7.45679999999993,BACKFILL_AUTO
2026-07-12 01:06:02,1783818362,R_75,53047.8938,-1,8.153300000005402,BACKFILL_AUTO
2026-07-12 01:06:04,1783818364,R_75,53039.6663,-1,8.227500000000873,BACKFILL_AUTO
2026-07-12 01:06:06,1783818366,R_75,53044.9818,1,5.315500000004249,BACKFILL_AUTO
2026-07-12 01:06:08,1783818368,R_75,53047.0526,1,2.070800000001327,BACKFILL_AUTO
2026-07-12 01:06:10,1783818370,R_75,53045.2121,-1,1.8405000000057044,BACKFILL_AUTO
2026-07-12 01:06:12,1783818372,R_75,53053.0501,1,7.838000000003376,BACKFILL_AUTO
2026-07-12 01:06:14,1783818374,R_75,53079.9002,1,26.85009999999602,BACKFILL_AUTO
2026-07-12 01:06:16,1783818376,R_75,53093.6402,1,13.740000000005239,BACKFILL_AUTO
2026-07-12 01:06:18,1783818378,R_75,53108.5682,1,14.927999999999884,BACKFILL_AUTO
2026-07-12 01:06:20,1783818380,R_75,53100.6555,-1,7.912700000000768,BACKFILL_AUTO
2026-07-12 01:06:22,1783818382,R_75,53115.4318,1,14.776299999997718,BACKFILL_AUTO
2026-07-12 01:06:24,1783818384,R_75,53124.6107,1,9.178899999998976,BACKFILL_AUTO
2026-07-12 01:06:26,1783818386,R_75,53110.2168,-1,14.393899999995483,BACKFILL_AUTO
2026-07-12 01:06:28,1783818388,R_75,53115.8485,1,5.631699999998091,BACKFILL_AUTO
2026-07-12 01:06:30,1783818390,R_75,53127.8401,1,11.991600000001199,BACKFILL_AUTO
2026-07-12 01:06:32,1783818392,R_75,53134.6891,1,6.849000000001979,BACKFILL_AUTO
2026-07-12 01:06:34,1783818394,R_75,53106.3583,-1,28.330800000003364,BACKFILL_AUTO
2026-07-12 01:06:36,1783818396,R_75,53105.4441,-1,0.9141999999992549,BACKFILL_AUTO
2026-07-12 01:06:38,1783818398,R_75,53110.5302,1,5.086100000000442,BACKFILL_AUTO
2026-07-12 01:06:40,1783818400,R_75,53081.918,-1,28.612200000003213,BACKFILL_AUTO
2026-07-12 01:06:42,1783818402,R_75,53085.6355,1,3.717499999998836,BACKFILL_AUTO
2026-07-12 01:06:44,1783818404,R_75,53091.067,1,5.431500000006054,BACKFILL_AUTO
2026-07-12 01:06:46,1783818406,R_75,53078.8892,-1,12.177800000004936,BACKFILL_AUTO
2026-07-12 01:06:48,1783818408,R_75,53062.3143,-1,16.574899999999616,BACKFILL_AUTO
2026-07-12 01:06:50,1783818410,R_75,53065.7549,1,3.440600000001723,BACKFILL_AUTO
2026-07-12 01:06:52,1783818412,R_75,53069.5091,1,3.7542000000030384,BACKFILL_AUTO
2026-07-12 01:06:54,1783818414,R_75,53062.1889,-1,7.3202000000019325,BACKFILL_AUTO
2026-07-12 01:06:56,1783818416,R_75,53078.881,1,16.69210000000021,BACKFILL_AUTO
2026-07-12 01:06:58,1783818418,R_75,53077.4398,-1,1.4412000000011176,BACKFILL_AUTO
2026-07-12 01:07:00,1783818420,R_75,53082.5829,1,5.143100000001141,BACKFILL_AUTO
2026-07-12 01:07:02,1783818422,R_75,53066.5022,-1,16.080699999998615,BACKFILL_AUTO
2026-07-12 01:07:04,1783818424,R_75,53084.5821,1,18.079899999996996,BACKFILL_AUTO
2026-07-12 01:07:06,1783818426,R_75,53069.3653,-1,15.216800000001967,BACKFILL_AUTO
2026-07-12 01:07:08,1783818428,R_75,53065.0904,-1,4.2748999999967054,BACKFILL_AUTO
2026-07-12 01:07:10,1783818430,R_75,53058.836,-1,6.254399999997986,BACKFILL_AUTO
2026-07-12 01:07:12,1783818432,R_75,53049.9835,-1,8.852500000000873,BACKFILL_AUTO
2026-07-12 01:07:14,1783818434,R_75,53055.3833,1,5.399799999999232,BACKFILL_AUTO
2026-07-12 01:07:16,1783818436,R_75,53048.8586,-1,6.524700000001758,BACKFILL_AUTO
2026-07-12 01:07:18,1783818438,R_75,53044.8266,-1,4.031999999999243,BACKFILL_AUTO
2026-07-12 01:07:20,1783818440,R_75,53044.8788,1,0.05219999999826541,BACKFILL_AUTO
2026-07-12 01:07:22,1783818442,R_75,53034.6606,-1,10.218199999995704,BACKFILL_AUTO
2026-07-12 01:07:24,1783818444,R_75,53042.7804,1,8.119800000000396,BACKFILL_AUTO
2026-07-12 01:07:26,1783818446,R_75,53033.3406,-1,9.439800000000105,BACKFILL_AUTO
2026-07-12 01:07:28,1783818448,R_75,53035.28,1,1.9393999999956577,BACKFILL_AUTO
2026-07-12 01:07:30,1783818450,R_75,53036.9527,1,1.6727000000028056,BACKFILL_AUTO
2026-07-12 01:07:32,1783818452,R_75,53039.8277,1,2.875,BACKFILL_AUTO
2026-07-12 01:07:34,1783818454,R_75,53031.0129,-1,8.814800000000105,BACKFILL_AUTO
2026-07-12 01:07:36,1783818456,R_75,53040.6856,1,9.67269999999553,BACKFILL_AUTO
2026-07-12 01:07:38,1783818458,R_75,53038.1775,-1,2.5080999999991036,BACKFILL_AUTO
2026-07-12 01:07:40,1783818460,R_75,53047.4081,1,9.230600000002596,BACKFILL_AUTO
2026-07-12 01:07:42,1783818462,R_75,53045.2858,-1,2.122300000002724,BACKFILL_AUTO
2026-07-12 01:07:44,1783818464,R_75,53032.2666,-1,13.01919999999518,BACKFILL_AUTO
2026-07-12 01:07:46,1783818466,R_75,53033.0685,1,0.8018999999985681,BACKFILL_AUTO
2026-07-12 01:07:48,1783818468,R_75,53040.5887,1,7.520199999999022,BACKFILL_AUTO
2026-07-12 01:07:50,1783818470,R_75,53026.8057,-1,13.783000000003085,BACKFILL_AUTO
2026-07-12 01:07:52,1783818472,R_75,53043.9426,1,17.13690000000497,BACKFILL_AUTO
2026-07-12 01:07:54,1783818474,R_75,53049.7952,1,5.852599999998347,BACKFILL_AUTO
2026-07-12 01:07:56,1783818476,R_75,53038.5077,-1,11.287499999998545,BACKFILL_AUTO
2026-07-12 01:07:58,1783818478,R_75,53037.9358,-1,0.5719000000026426,BACKFILL_AUTO
2026-07-12 01:08:00,1783818480,R_75,53045.4169,1,7.481099999997241,BACKFILL_AUTO
2026-07-12 01:08:02,1783818482,R_75,53049.0767,1,3.659800000001269,BACKFILL_AUTO
2026-07-12 01:08:04,1783818484,R_75,53040.2094,-1,8.867299999998068,BACKFILL_AUTO
2026-07-12 01:08:06,1783818486,R_75,53048.0575,1,7.848100000002887,BACKFILL_AUTO
2026-07-12 01:08:08,1783818488,R_75,53045.3698,-1,2.6877000000022235,BACKFILL_AUTO
2026-07-12 01:08:10,1783818490,R_75,53060.2859,1,14.916100000002189,BACKFILL_AUTO
2026-07-12 01:08:12,1783818492,R_75,53045.6589,-1,14.627000000000407,BACKFILL_AUTO
2026-07-12 01:08:14,1783818494,R_75,53051.3638,1,5.7048999999969965,BACKFILL_AUTO
2026-07-12 01:08:16,1783818496,R_75,53054.1625,1,2.7986999999993714,BACKFILL_AUTO
2026-07-12 01:08:18,1783818498,R_75,53042.3769,-1,11.785599999995611,BACKFILL_AUTO
2026-07-12 01:08:20,1783818500,R_75,53052.0158,1,9.638899999998102,BACKFILL_AUTO
2026-07-12 01:08:22,1783818502,R_75,53065.8099,1,13.794099999999162,BACKFILL_AUTO
2026-07-12 01:08:24,1783818504,R_75,53057.9566,-1,7.853300000002491,BACKFILL_AUTO
2026-07-12 01:08:26,1783818506,R_75,53066.0716,1,8.115000000005239,BACKFILL_AUTO
2026-07-12 01:08:28,1783818508,R_75,53064.5823,-1,1.4893000000010943,BACKFILL_AUTO
2026-07-12 01:08:30,1783818510,R_75,53050.7727,-1,13.8096000000005,BACKFILL_AUTO
2026-07-12 01:08:32,1783818512,R_75,53028.8933,-1,21.879399999997986,BACKFILL_AUTO
2026-07-12 01:08:34,1783818514,R_75,53021.4573,-1,7.436000000001513,BACKFILL_AUTO
2026-07-12 01:08:36,1783818516,R_75,53026.6218,1,5.164499999998952,BACKFILL_AUTO
2026-07-12 01:08:38,1783818518,R_75,53023.9465,-1,2.6753000000026077,BACKFILL_AUTO
2026-07-12 01:08:40,1783818520,R_75,53022.6085,-1,1.3379999999961,BACKFILL_AUTO
2026-07-12 01:08:42,1783818522,R_75,53016.2419,-1,6.366600000001199,BACKFILL_AUTO
2026-07-12 01:08:44,1783818524,R_75,53012.3858,-1,3.856100000004517,BACKFILL_AUTO
2026-07-12 01:08:46,1783818526,R_75,53011.4603,-1,0.9254999999975553,BACKFILL_AUTO
2026-07-12 01:08:48,1783818528,R_75,53032.4448,1,20.98449999999866,BACKFILL_AUTO
2026-07-12 01:08:50,1783818530,R_75,53047.5055,1,15.060700000001816,BACKFILL_AUTO
2026-07-12 01:08:52,1783818532,R_75,53062.1159,1,14.610399999997753,BACKFILL_AUTO
2026-07-12 01:08:54,1783818534,R_75,53054.7642,-1,7.351699999999255,BACKFILL_AUTO
2026-07-12 01:08:56,1783818536,R_75,53056.9129,1,2.148700000005192,BACKFILL_AUTO
2026-07-12 01:08:58,1783818538,R_75,53067.6626,1,10.749700000000303,BACKFILL_AUTO
2026-07-12 01:09:00,1783818540,R_75,53064.3338,-1,3.328800000002957,BACKFILL_AUTO
2026-07-12 01:09:02,1783818542,R_75,53050.8437,-1,13.490100000002712,BACKFILL_AUTO
2026-07-12 01:09:04,1783818544,R_75,53053.9151,1,3.0714000000007218,BACKFILL_AUTO
2026-07-12 01:09:06,1783818546,R_75,53066.1361,1,12.221000000005006,BACKFILL_AUTO
2026-07-12 01:09:08,1783818548,R_75,53059.7758,-1,6.360300000000279,BACKFILL_AUTO
2026-07-12 01:09:10,1783818550,R_75,53054.827,-1,4.948800000005576,BACKFILL_AUTO
2026-07-12 01:09:12,1783818552,R_75,53049.4757,-1,5.351299999994808,BACKFILL_AUTO
2026-07-12 01:09:14,1783818554,R_75,53065.1142,1,15.638500000000931,BACKFILL_AUTO
2026-07-12 01:09:16,1783818556,R_75,53051.5122,-1,13.602000000006228,BACKFILL_AUTO
2026-07-12 01:09:18,1783818558,R_75,53033.6358,-1,17.876400000001013,BACKFILL_AUTO
2026-07-12 01:09:20,1783818560,R_75,53051.1509,1,17.515100000004168,BACKFILL_AUTO
2026-07-12 01:09:22,1783818562,R_75,53041.114,-1,10.03689999999915,BACKFILL_AUTO
2026-07-12 01:09:24,1783818564,R_75,53048.4811,1,7.367099999995844,BACKFILL_AUTO
2026-07-12 01:09:26,1783818566,R_75,53049.5599,1,1.078800000002957,BACKFILL_AUTO
2026-07-12 01:09:28,1783818568,R_75,53055.3792,1,5.8193000000028405,BACKFILL_AUTO
2026-07-12 01:09:30,1783818570,R_75,53061.1665,1,5.787299999996321,BACKFILL_AUTO
2026-07-12 01:09:32,1783818572,R_75,53046.0287,-1,15.137799999996787,BACKFILL_AUTO
2026-07-12 01:09:34,1783818574,R_75,53068.7501,1,22.7213999999949,BACKFILL_AUTO
2026-07-12 01:09:36,1783818576,R_75,53061.2724,-1,7.477699999995821,BACKFILL_AUTO
2026-07-12 01:09:38,1783818578,R_75,53056.8642,-1,4.408199999998033,BACKFILL_AUTO
2026-07-12 01:09:40,1783818580,R_75,53065.903,1,9.038799999994808,BACKFILL_AUTO
2026-07-12 01:09:42,1783818582,R_75,53059.224,-1,6.678999999996449,BACKFILL_AUTO
2026-07-12 01:09:44,1783818584,R_75,53060.6078,1,1.383799999995972,BACKFILL_AUTO
2026-07-12 01:09:46,1783818586,R_75,53063.5192,1,2.9114000000045053,BACKFILL_AUTO
2026-07-12 01:09:48,1783818588,R_75,53082.6854,1,19.166199999999662,BACKFILL_AUTO
2026-07-12 01:09:50,1783818590,R_75,53075.4443,-1,7.241099999999278,BACKFILL_AUTO
2026-07-12 01:09:52,1783818592,R_75,53083.2838,1,7.839499999994587,BACKFILL_AUTO
2026-07-12 01:09:54,1783818594,R_75,53082.2877,-1,0.9960999999966589,BACKFILL_AUTO
2026-07-12 01:09:56,1783818596,R_75,53083.9902,1,1.702499999999418,BACKFILL_AUTO
2026-07-12 01:09:58,1783818598,R_75,53084.6299,1,0.6396999999997206,BACKFILL_AUTO
2026-07-12 01:10:00,1783818600,R_75,53075.5506,-1,9.079299999997602,BACKFILL_AUTO
2026-07-12 01:10:02,1783818602,R_75,53083.8481,1,8.297500000000582,BACKFILL_AUTO
2026-07-12 01:10:04,1783818604,R_75,53079.92,-1,3.9281000000046333,BACKFILL_AUTO
2026-07-12 01:10:06,1783818606,R_75,53095.5016,1,15.581600000004983,BACKFILL_AUTO
2026-07-12 01:10:08,1783818608,R_75,53101.5812,1,6.079599999997299,BACKFILL_AUTO
2026-07-12 01:10:10,1783818610,R_75,53102.7248,1,1.1436000000030617,BACKFILL_AUTO
2026-07-12 01:10:12,1783818612,R_75,53094.8648,-1,7.860000000000582,BACKFILL_AUTO
2026-07-12 01:10:14,1783818614,R_75,53077.0989,-1,17.765900000005786,BACKFILL_AUTO
2026-07-12 01:10:16,1783818616,R_75,53084.0226,1,6.923699999999371,BACKFILL_AUTO
2026-07-12 01:10:18,1783818618,R_75,53074.1454,-1,9.877199999995355,BACKFILL_AUTO
2026-07-12 01:10:20,1783818620,R_75,53081.3907,1,7.245300000002317,BACKFILL_AUTO
2026-07-12 01:10:22,1783818622,R_75,53092.856,1,11.465299999996205,BACKFILL_AUTO
2026-07-12 01:10:24,1783818624,R_75,53093.3635,1,0.507499999999709,BACKFILL_AUTO
2026-07-12 01:10:26,1783818626,R_75,53085.116,-1,8.247499999997672,BACKFILL_AUTO
2026-07-12 01:10:28,1783818628,R_75,53087.84,1,2.723999999994703,BACKFILL_AUTO
2026-07-12 01:10:30,1783818630,R_75,53088.736,1,0.8960000000006403,BACKFILL_AUTO
2026-07-12 01:10:32,1783818632,R_75,53086.4041,-1,2.331899999997404,BACKFILL_AUTO
2026-07-12 01:10:34,1783818634,R_75,53084.3161,-1,2.088000000003376,BACKFILL_AUTO
2026-07-12 01:10:36,1783818636,R_75,53086.6059,1,2.2898000000059255,BACKFILL_AUTO
2026-07-12 01:10:38,1783818638,R_75,53080.0726,-1,6.533300000002782,BACKFILL_AUTO
2026-07-12 01:10:40,1783818640,R_75,53070.3901,-1,9.68250000000262,BACKFILL_AUTO
2026-07-12 01:10:42,1783818642,R_75,53073.546,1,3.1559000000052038,BACKFILL_AUTO
2026-07-12 01:10:44,1783818644,R_75,53079.7768,1,6.230799999997544,BACKFILL_AUTO
2026-07-12 01:10:46,1783818646,R_75,53063.1697,-1,16.607100000001083,BACKFILL_AUTO
2026-07-12 01:10:48,1783818648,R_75,53071.6348,1,8.465100000001257,BACKFILL_AUTO
2026-07-12 01:10:50,1783818650,R_75,53069.3947,-1,2.2401000000027125,BACKFILL_AUTO
2026-07-12 01:10:52,1783818652,R_75,53076.6206,1,7.225900000004913,BACKFILL_AUTO
2026-07-12 01:10:54,1783818654,R_75,53074.0147,-1,2.6059000000022934,BACKFILL_AUTO
2026-07-12 01:10:56,1783818656,R_75,53072.4747,-1,1.5400000000008731,BACKFILL_AUTO
2026-07-12 01:10:58,1783818658,R_75,53074.4488,1,1.9740999999994528,BACKFILL_AUTO
2026-07-12 01:11:00,1783818660,R_75,53062.9031,-1,11.545699999995122,BACKFILL_AUTO
2026-07-12 01:11:02,1783818662,R_75,53067.989,1,5.085899999998219,BACKFILL_AUTO
2026-07-12 01:11:04,1783818664,R_75,53063.7713,-1,4.217700000001059,BACKFILL_AUTO
2026-07-12 01:11:06,1783818666,R_75,53073.1941,1,9.42280000000028,BACKFILL_AUTO
2026-07-12 01:11:08,1783818668,R_75,53102.3788,1,29.184699999997974,BACKFILL_AUTO
2026-07-12 01:11:10,1783818670,R_75,53100.8571,-1,1.5216999999975087,BACKFILL_AUTO
2026-07-12 01:11:12,1783818672,R_75,53102.6757,1,1.8185999999986961,BACKFILL_AUTO
2026-07-12 01:11:14,1783818674,R_75,53097.7315,-1,4.944199999998091,BACKFILL_AUTO
2026-07-12 01:11:16,1783818676,R_75,53079.5534,-1,18.178100000004633,BACKFILL_AUTO
2026-07-12 01:11:18,1783818678,R_75,53080.8043,1,1.250900000006368,BACKFILL_AUTO
2026-07-12 01:11:20,1783818680,R_75,53061.714,-1,19.09030000000348,BACKFILL_AUTO
2026-07-12 01:11:22,1783818682,R_75,53063.678,1,1.9639999999999418,BACKFILL_AUTO
2026-07-12 01:11:24,1783818684,R_75,53058.8558,-1,4.82220000000234,BACKFILL_AUTO
2026-07-12 01:11:26,1783818686,R_75,53066.2024,1,7.3466000000044005,BACKFILL_AUTO
2026-07-12 01:11:28,1783818688,R_75,53081.0886,1,14.886200000000827,BACKFILL_AUTO
2026-07-12 01:11:30,1783818690,R_75,53080.2898,-1,0.7988000000041211,BACKFILL_AUTO
2026-07-12 01:11:32,1783818692,R_75,53090.0731,1,9.783300000002782,BACKFILL_AUTO
2026-07-12 01:11:34,1783818694,R_75,53076.5986,-1,13.4745000000039,BACKFILL_AUTO
2026-07-12 01:11:36,1783818696,R_75,53079.9374,1,3.338800000004994,BACKFILL_AUTO
2026-07-12 01:11:38,1783818698,R_75,53082.7406,1,2.803199999994831,BACKFILL_AUTO
2026-07-12 01:11:40,1783818700,R_75,53075.5918,-1,7.14879999999539,BACKFILL_AUTO
2026-07-12 01:11:42,1783818702,R_75,53069.4619,-1,6.129899999999907,BACKFILL_AUTO
2026-07-12 01:11:44,1783818704,R_75,53076.8034,1,7.341499999994994,BACKFILL_AUTO
2026-07-12 01:11:46,1783818706,R_75,53067.0185,-1,9.784899999998743,BACKFILL_AUTO
2026-07-12 01:11:48,1783818708,R_75,53066.0005,-1,1.0179999999963911,BACKFILL_AUTO
2026-07-12 01:11:50,1783818710,R_75,53057.9013,-1,8.099200000004203,BACKFILL_AUTO
2026-07-12 01:11:52,1783818712,R_75,53062.8284,1,4.927100000000792,BACKFILL_AUTO
2026-07-12 01:11:54,1783818714,R_75,53067.2729,1,4.444500000005064,BACKFILL_AUTO
2026-07-12 01:11:56,1783818716,R_75,53065.0234,-1,2.249500000005355,BACKFILL_AUTO
2026-07-12 01:11:58,1783818718,R_75,53071.4349,1,6.411500000001979,BACKFILL_AUTO
2026-07-12 01:12:00,1783818720,R_75,53065.9208,-1,5.514100000000326,BACKFILL_AUTO
2026-07-12 01:12:02,1783818722,R_75,53057.6278,-1,8.292999999997846,BACKFILL_AUTO
2026-07-12 01:12:04,1783818724,R_75,53055.0009,-1,2.6269000000029337,BACKFILL_AUTO
2026-07-12 01:12:06,1783818726,R_75,53064.097,1,9.09610000000248,BACKFILL_AUTO
2026-07-12 01:12:08,1783818728,R_75,53056.4003,-1,7.696700000000419,BACKFILL_AUTO
2026-07-12 01:12:10,1783818730,R_75,53061.9222,1,5.521899999999732,BACKFILL_AUTO
2026-07-12 01:12:12,1783818732,R_75,53068.7728,1,6.8505999999979394,BACKFILL_AUTO
2026-07-12 01:12:14,1783818734,R_75,53063.1744,-1,5.5983999999953085,BACKFILL_AUTO
2026-07-12 01:12:16,1783818736,R_75,53051.4601,-1,11.714300000006915,BACKFILL_AUTO
2026-07-12 01:12:18,1783818738,R_75,53037.9477,-1,13.512399999999616,BACKFILL_AUTO
2026-07-12 01:12:20,1783818740,R_75,53033.6855,-1,4.262199999997392,BACKFILL_AUTO
2026-07-12 01:12:22,1783818742,R_75,53047.2253,1,13.53979999999865,BACKFILL_AUTO
2026-07-12 01:12:24,1783818744,R_75,53062.4253,1,15.200000000004366,BACKFILL_AUTO
2026-07-12 01:12:26,1783818746,R_75,53063.2145,1,0.7891999999992549,BACKFILL_AUTO
2026-07-12 01:12:28,1783818748,R_75,53075.6812,1,12.466699999997218,BACKFILL_AUTO
2026-07-12 01:12:30,1783818750,R_75,53082.7635,1,7.082300000001851,BACKFILL_AUTO
2026-07-12 01:12:32,1783818752,R_75,53074.6784,-1,8.085100000003877,BACKFILL_AUTO
2026-07-12 01:12:34,1783818754,R_75,53064.0332,-1,10.645199999999022,BACKFILL_AUTO
2026-07-12 01:12:36,1783818756,R_75,53074.844,1,10.81079999999929,BACKFILL_AUTO
2026-07-12 01:12:38,1783818758,R_75,53067.6494,-1,7.194599999995262,BACKFILL_AUTO
2026-07-12 01:12:40,1783818760,R_75,53057.5576,-1,10.091800000001967,BACKFILL_AUTO
2026-07-12 01:12:42,1783818762,R_75,53060.5174,1,2.9597999999969034,BACKFILL_AUTO
2026-07-12 01:12:44,1783818764,R_75,53056.5618,-1,3.955599999993865,BACKFILL_AUTO
2026-07-12 01:12:46,1783818766,R_75,53052.2398,-1,4.322000000000116,BACKFILL_AUTO
2026-07-12 01:12:48,1783818768,R_75,53031.0895,-1,21.150300000001153,BACKFILL_AUTO
2026-07-12 01:12:50,1783818770,R_75,53039.5062,1,8.416700000001583,BACKFILL_AUTO
2026-07-12 01:12:52,1783818772,R_75,53029.9155,-1,9.590700000000652,BACKFILL_AUTO
2026-07-12 01:12:54,1783818774,R_75,53040.3373,1,10.421799999996438,BACKFILL_AUTO
2026-07-12 01:12:56,1783818776,R_75,53040.7882,1,0.45090000000345754,BACKFILL_AUTO
2026-07-12 01:12:58,1783818778,R_75,53033.0737,-1,7.714500000001863,BACKFILL_AUTO
2026-07-12 01:13:00,1783818780,R_75,53053.6415,1,20.567799999997078,BACKFILL_AUTO
2026-07-12 01:13:02,1783818782,R_75,53046.693,-1,6.948499999998603,BACKFILL_AUTO
2026-07-12 01:13:04,1783818784,R_75,53048.6087,1,1.9156999999977415,BACKFILL_AUTO
2026-07-12 01:13:06,1783818786,R_75,53057.9929,1,9.384200000000419,BACKFILL_AUTO
2026-07-12 01:13:08,1783818788,R_75,53049.4269,-1,8.565999999998894,BACKFILL_AUTO
2026-07-12 01:13:10,1783818790,R_75,53053.1675,1,3.7406000000046333,BACKFILL_AUTO
2026-07-12 01:13:12,1783818792,R_75,53067.915,1,14.747499999997672,BACKFILL_AUTO
2026-07-12 01:13:14,1783818794,R_75,53066.2695,-1,1.6454999999987194,BACKFILL_AUTO
2026-07-12 01:13:16,1783818796,R_75,53058.13,-1,8.139500000004773,BACKFILL_AUTO
2026-07-12 01:13:18,1783818798,R_75,53041.6373,-1,16.49269999999524,BACKFILL_AUTO
2026-07-12 01:13:20,1783818800,R_75,53033.3183,-1,8.319000000003143,BACKFILL_AUTO
2026-07-12 01:13:22,1783818802,R_75,53021.8192,-1,11.499100000000908,BACKFILL_AUTO
2026-07-12 01:13:24,1783818804,R_75,53021.0472,-1,0.771999999997206,BACKFILL_AUTO
2026-07-12 01:13:26,1783818806,R_75,53025.7953,1,4.748099999997066,BACKFILL_AUTO
2026-07-12 01:13:28,1783818808,R_75,53030.2964,1,4.5011000000013155,BACKFILL_AUTO
2026-07-12 01:13:30,1783818810,R_75,53036.5598,1,6.2634000000034575,BACKFILL_AUTO
2026-07-12 01:13:32,1783818812,R_75,53038.7868,1,2.2269999999989523,BACKFILL_AUTO
2026-07-12 01:13:34,1783818814,R_75,53048.0484,1,9.261599999997998,BACKFILL_AUTO
2026-07-12 01:13:36,1783818816,R_75,53049.136,1,1.087599999998929,BACKFILL_AUTO
2026-07-12 01:13:38,1783818818,R_75,53056.6638,1,7.527800000003481,BACKFILL_AUTO
2026-07-12 01:13:40,1783818820,R_75,53048.8261,-1,7.837700000003679,BACKFILL_AUTO
2026-07-12 01:13:42,1783818822,R_75,53051.4371,1,2.611000000004424,BACKFILL_AUTO
2026-07-12 01:13:44,1783818824,R_75,53056.1925,1,4.755399999994552,BACKFILL_AUTO
2026-07-12 01:13:46,1783818826,R_75,53071.4126,1,15.220100000005914,BACKFILL_AUTO
2026-07-12 01:13:48,1783818828,R_75,53049.9139,-1,21.498700000003737,BACKFILL_AUTO
2026-07-12 01:13:50,1783818830,R_75,53054.3842,1,4.4703000000008615,BACKFILL_AUTO
2026-07-12 01:13:52,1783818832,R_75,53055.9441,1,1.559900000000198,BACKFILL_AUTO
2026-07-12 01:13:54,1783818834,R_75,53077.4542,1,21.51009999999951,BACKFILL_AUTO
2026-07-12 01:13:56,1783818836,R_75,53083.8824,1,6.428200000002107,BACKFILL_AUTO
2026-07-12 01:13:58,1783818838,R_75,53089.9644,1,6.081999999994878,BACKFILL_AUTO
2026-07-12 01:14:00,1783818840,R_75,53094.2021,1,4.237700000005134,BACKFILL_AUTO
2026-07-12 01:14:02,1783818842,R_75,53089.9562,-1,4.245900000001711,BACKFILL_AUTO
2026-07-12 01:14:04,1783818844,R_75,53110.3104,1,20.354200000001583,BACKFILL_AUTO
2026-07-12 01:14:06,1783818846,R_75,53119.8877,1,9.577299999997194,BACKFILL_AUTO
2026-07-12 01:14:08,1783818848,R_75,53121.3933,1,1.5056000000040513,BACKFILL_AUTO
2026-07-12 01:14:10,1783818850,R_75,53134.8136,1,13.420299999997951,BACKFILL_AUTO
2026-07-12 01:14:12,1783818852,R_75,53122.8762,-1,11.937400000002526,BACKFILL_AUTO
2026-07-12 01:14:14,1783818854,R_75,53129.9923,1,7.116099999999278,BACKFILL_AUTO
2026-07-12 01:14:16,1783818856,R_75,53128.4975,-1,1.4948000000003958,BACKFILL_AUTO
2026-07-12 01:14:18,1783818858,R_75,53137.1268,1,8.629300000000512,BACKFILL_AUTO
2026-07-12 01:14:20,1783818860,R_75,53116.0278,-1,21.098999999994703,BACKFILL_AUTO
2026-07-12 01:14:22,1783818862,R_75,53103.1077,-1,12.920100000003004,BACKFILL_AUTO
2026-07-12 01:14:24,1783818864,R_75,53092.3994,-1,10.708299999998417,BACKFILL_AUTO
2026-07-12 01:14:26,1783818866,R_75,53071.3676,-1,21.031800000004296,BACKFILL_AUTO
2026-07-12 01:14:28,1783818868,R_75,53082.748,1,11.380400000001828,BACKFILL_AUTO
2026-07-12 01:14:30,1783818870,R_75,53076.572,-1,6.175999999999476,BACKFILL_AUTO
2026-07-12 01:14:32,1783818872,R_75,53061.9136,-1,14.658400000000256,BACKFILL_AUTO
2026-07-12 01:14:34,1783818874,R_75,53043.6152,-1,18.298399999999674,BACKFILL_AUTO
2026-07-12 01:14:36,1783818876,R_75,53033.7432,-1,9.872000000003027,BACKFILL_AUTO
2026-07-12 01:14:38,1783818878,R_75,53035.7133,1,1.970100000005914,BACKFILL_AUTO
2026-07-12 01:14:40,1783818880,R_75,53029.6524,-1,6.06090000000404,BACKFILL_AUTO
2026-07-12 01:14:42,1783818882,R_75,53036.5672,1,6.91479999999865,BACKFILL_AUTO
2026-07-12 01:14:44,1783818884,R_75,53035.3423,-1,1.224900000001071,BACKFILL_AUTO
2026-07-12 01:14:46,1783818886,R_75,53036.6409,1,1.2986000000018976,BACKFILL_AUTO
2026-07-12 01:14:48,1783818888,R_75,53053.8521,1,17.211199999997916,BACKFILL_AUTO
2026-07-12 01:14:50,1783818890,R_75,53059.5059,1,5.653800000000047,BACKFILL_AUTO
2026-07-12 01:14:52,1783818892,R_75,53055.9665,-1,3.5393999999942025,BACKFILL_AUTO
2026-07-12 01:14:54,1783818894,R_75,53067.476,1,11.509500000000116,BACKFILL_AUTO
2026-07-12 01:14:56,1783818896,R_75,53076.8985,1,9.422500000000582,BACKFILL_AUTO
2026-07-12 01:14:58,1783818898,R_75,53071.1242,-1,5.774300000004587,BACKFILL_AUTO
2026-07-12 01:15:00,1783818900,R_75,53064.5254,-1,6.5987999999997555,BACKFILL_AUTO
2026-07-12 01:15:02,1783818902,R_75,53071.0111,1,6.4857000000047265,BACKFILL_AUTO
2026-07-12 01:15:04,1783818904,R_75,53082.4843,1,11.473199999993085,BACKFILL_AUTO
2026-07-12 01:15:06,1783818906,R_75,53091.299,1,8.814700000002631,BACKFILL_AUTO
2026-07-12 01:15:08,1783818908,R_75,53084.9186,-1,6.380400000001828,BACKFILL_AUTO
2026-07-12 01:15:10,1783818910,R_75,53068.9804,-1,15.938199999996868,BACKFILL_AUTO
2026-07-12 01:15:12,1783818912,R_75,53065.5888,-1,3.3916000000026543,BACKFILL_AUTO
2026-07-12 01:15:14,1783818914,R_75,53062.2391,-1,3.3496999999988475,BACKFILL_AUTO
2026-07-12 01:15:16,1783818916,R_75,53038.4176,-1,23.821499999998196,BACKFILL_AUTO
2026-07-12 01:15:18,1783818918,R_75,53035.1089,-1,3.3087000000014086,BACKFILL_AUTO
2026-07-12 01:15:20,1783818920,R_75,53025.9684,-1,9.140500000001339,BACKFILL_AUTO
2026-07-12 01:15:22,1783818922,R_75,53022.9425,-1,3.025900000000547,BACKFILL_AUTO
2026-07-12 01:15:24,1783818924,R_75,53022.8385,-1,0.10399999999935972,BACKFILL_AUTO
2026-07-12 01:15:26,1783818926,R_75,53009.244,-1,13.594499999999243,BACKFILL_AUTO
2026-07-12 01:15:28,1783818928,R_75,53012.4585,1,3.2145000000018626,BACKFILL_AUTO
2026-07-12 01:15:30,1783818930,R_75,53005.1142,-1,7.34429999999702,BACKFILL_AUTO
2026-07-12 01:15:32,1783818932,R_75,53013.521,1,8.40679999999702,BACKFILL_AUTO
2026-07-12 01:15:34,1783818934,R_75,53010.9619,-1,2.5590999999985797,BACKFILL_AUTO
2026-07-12 01:15:36,1783818936,R_75,53018.5068,1,7.54490000000078,BACKFILL_AUTO
2026-07-12 01:15:38,1783818938,R_75,53018.0476,-1,0.45920000000478467,BACKFILL_AUTO
2026-07-12 01:15:40,1783818940,R_75,53005.1804,-1,12.867200000000594,BACKFILL_AUTO
2026-07-12 01:15:42,1783818942,R_75,52991.284,-1,13.896399999997811,BACKFILL_AUTO
2026-07-12 01:15:44,1783818944,R_75,52996.126,1,4.841999999996915,BACKFILL_AUTO
2026-07-12 01:15:46,1783818946,R_75,52997.8315,1,1.705500000003667,BACKFILL_AUTO
2026-07-12 01:15:48,1783818948,R_75,52982.9789,-1,14.852599999998347,BACKFILL_AUTO
2026-07-12 01:15:50,1783818950,R_75,52980.0777,-1,2.9012000000002445,BACKFILL_AUTO
2026-07-12 01:15:52,1783818952,R_75,52982.5747,1,2.496999999995751,BACKFILL_AUTO
2026-07-12 01:15:54,1783818954,R_75,52973.3748,-1,9.199899999999616,BACKFILL_AUTO
2026-07-12 01:15:56,1783818956,R_75,52974.8977,1,1.522900000003574,BACKFILL_AUTO
2026-07-12 01:15:58,1783818958,R_75,52972.3908,-1,2.5069000000003143,BACKFILL_AUTO
2026-07-12 01:16:00,1783818960,R_75,52966.074,-1,6.316800000000512,BACKFILL_AUTO
2026-07-12 01:16:02,1783818962,R_75,52963.6804,-1,2.3936000000030617,BACKFILL_AUTO
2026-07-12 01:16:04,1783818964,R_75,52946.3089,-1,17.37149999999383,BACKFILL_AUTO
2026-07-12 01:16:06,1783818966,R_75,52938.346,-1,7.962900000005902,BACKFILL_AUTO
2026-07-12 01:16:08,1783818968,R_75,52934.873,-1,3.4729999999981374,BACKFILL_AUTO
2026-07-12 01:16:10,1783818970,R_75,52931.6173,-1,3.255700000001525,BACKFILL_AUTO
2026-07-12 01:16:12,1783818972,R_75,52953.2374,1,21.620100000000093,BACKFILL_AUTO
2026-07-12 01:16:14,1783818974,R_75,52923.7854,-1,29.451999999997497,BACKFILL_AUTO
2026-07-12 01:16:16,1783818976,R_75,52920.9876,-1,2.7978000000002794,BACKFILL_AUTO
2026-07-12 01:16:18,1783818978,R_75,52920.5979,-1,0.3896999999997206,BACKFILL_AUTO
2026-07-12 01:16:20,1783818980,R_75,52923.6598,1,3.0619000000006054,BACKFILL_AUTO
2026-07-12 01:16:22,1783818982,R_75,52911.7993,-1,11.860500000002503,BACKFILL_AUTO
2026-07-12 01:16:24,1783818984,R_75,52912.5772,1,0.7779000000009546,BACKFILL_AUTO
2026-07-12 01:16:26,1783818986,R_75,52913.2407,1,0.6635000000023865,BACKFILL_AUTO
2026-07-12 01:16:28,1783818988,R_75,52916.7403,1,3.499599999995553,BACKFILL_AUTO
2026-07-12 01:16:30,1783818990,R_75,52915.5334,-1,1.206899999997404,BACKFILL_AUTO
2026-07-12 01:16:32,1783818992,R_75,52905.5099,-1,10.023500000002969,BACKFILL_AUTO
2026-07-12 01:16:34,1783818994,R_75,52913.9275,1,8.417600000000675,BACKFILL_AUTO
2026-07-12 01:16:36,1783818996,R_75,52913.446,-1,0.48149999999441206,BACKFILL_AUTO
2026-07-12 01:16:38,1783818998,R_75,52899.3714,-1,14.074599999999919,BACKFILL_AUTO
2026-07-12 01:16:40,1783819000,R_75,52909.0111,1,9.63969999999972,BACKFILL_AUTO
2026-07-12 01:16:42,1783819002,R_75,52925.7778,1,16.766700000000128,BACKFILL_AUTO
2026-07-12 01:16:44,1783819004,R_75,52923.2994,-1,2.478399999999965,BACKFILL_AUTO
2026-07-12 01:16:46,1783819006,R_75,52936.7753,1,13.475899999997637,BACKFILL_AUTO
2026-07-12 01:16:48,1783819008,R_75,52952.3635,1,15.588199999998324,BACKFILL_AUTO
2026-07-12 01:16:50,1783819010,R_75,52954.6021,1,2.23859999999695,BACKFILL_AUTO
2026-07-12 01:16:52,1783819012,R_75,52961.0084,1,6.406300000002375,BACKFILL_AUTO
2026-07-12 01:16:54,1783819014,R_75,52979.1172,1,18.108800000001793,BACKFILL_AUTO
2026-07-12 01:16:56,1783819016,R_75,52971.1968,-1,7.920400000002701,BACKFILL_AUTO
2026-07-12 01:16:58,1783819018,R_75,52966.0683,-1,5.128499999998894,BACKFILL_AUTO
2026-07-12 01:17:00,1783819020,R_75,52966.2456,1,0.17730000000301516,BACKFILL_AUTO
2026-07-12 01:17:02,1783819022,R_75,52989.0582,1,22.812599999997474,BACKFILL_AUTO
2026-07-12 01:17:04,1783819024,R_75,52979.0671,-1,9.991099999999278,BACKFILL_AUTO
2026-07-12 01:17:06,1783819026,R_75,52958.4986,-1,20.568500000001222,BACKFILL_AUTO
2026-07-12 01:17:08,1783819028,R_75,52952.8856,-1,5.612999999997555,BACKFILL_AUTO
2026-07-12 01:17:10,1783819030,R_75,52958.1569,1,5.271300000000338,BACKFILL_AUTO
2026-07-12 01:17:12,1783819032,R_75,52947.3072,-1,10.849699999998847,BACKFILL_AUTO
2026-07-12 01:17:14,1783819034,R_75,52943.5117,-1,3.7955000000001746,BACKFILL_AUTO
2026-07-12 01:17:16,1783819036,R_75,52937.6564,-1,5.855300000002899,BACKFILL_AUTO
2026-07-12 01:17:18,1783819038,R_75,52952.9818,1,15.325400000001537,BACKFILL_AUTO
2026-07-12 01:17:20,1783819040,R_75,52963.545,1,10.563199999996868,BACKFILL_AUTO
2026-07-12 01:17:22,1783819042,R_75,52958.6758,-1,4.869200000001001,BACKFILL_AUTO
2026-07-12 01:17:24,1783819044,R_75,52955.2647,-1,3.411099999997532,BACKFILL_AUTO
2026-07-12 01:17:26,1783819046,R_75,52952.4246,-1,2.8401000000012573,BACKFILL_AUTO
2026-07-12 01:17:28,1783819048,R_75,52956.0988,1,3.674200000001292,BACKFILL_AUTO
2026-07-12 01:17:30,1783819050,R_75,52954.1572,-1,1.9415999999982887,BACKFILL_AUTO
2026-07-12 01:17:32,1783819052,R_75,52952.0052,-1,2.1520000000018626,BACKFILL_AUTO
2026-07-12 01:17:34,1783819054,R_75,52948.9342,-1,3.0709999999962747,BACKFILL_AUTO
2026-07-12 01:17:36,1783819056,R_75,52943.3633,-1,5.570900000006077,BACKFILL_AUTO
2026-07-12 01:17:38,1783819058,R_75,52947.8951,1,4.531800000004296,BACKFILL_AUTO
2026-07-12 01:17:40,1783819060,R_75,52951.1085,1,3.213400000000547,BACKFILL_AUTO
2026-07-12 01:17:42,1783819062,R_75,52937.7552,-1,13.353300000002491,BACKFILL_AUTO
2026-07-12 01:17:44,1783819064,R_75,52944.0076,1,6.252399999997579,BACKFILL_AUTO
2026-07-12 01:17:46,1783819066,R_75,52951.0091,1,7.001500000005763,BACKFILL_AUTO
2026-07-12 01:17:48,1783819068,R_75,52953.4766,1,2.467499999998836,BACKFILL_AUTO
2026-07-12 01:17:50,1783819070,R_75,52963.3012,1,9.824599999999919,BACKFILL_AUTO
2026-07-12 01:17:52,1783819072,R_75,52972.2941,1,8.992899999997462,BACKFILL_AUTO
2026-07-12 01:17:54,1783819074,R_75,52969.708,-1,2.5861000000004424,BACKFILL_AUTO
2026-07-12 01:17:56,1783819076,R_75,52971.704,1,1.995999999999185,BACKFILL_AUTO
2026-07-12 01:17:58,1783819078,R_75,52976.5677,1,4.8637000000017,BACKFILL_AUTO
2026-07-12 01:18:00,1783819080,R_75,52980.2671,1,3.699399999997695,BACKFILL_AUTO
2026-07-12 01:18:02,1783819082,R_75,52974.0375,-1,6.229599999998754,BACKFILL_AUTO
2026-07-12 01:18:04,1783819084,R_75,52978.6976,1,4.660100000000966,BACKFILL_AUTO
2026-07-12 01:18:06,1783819086,R_75,52985.6904,1,6.992799999999988,BACKFILL_AUTO
2026-07-12 01:18:08,1783819088,R_75,52982.0303,-1,3.6601000000009662,BACKFILL_AUTO
2026-07-12 01:18:10,1783819090,R_75,52991.0457,1,9.015400000003865,BACKFILL_AUTO
2026-07-12 01:18:12,1783819092,R_75,52988.9072,-1,2.1385000000009313,BACKFILL_AUTO
2026-07-12 01:18:14,1783819094,R_75,52982.4751,-1,6.432099999998172,BACKFILL_AUTO
2026-07-12 01:18:16,1783819096,R_75,52979.0596,-1,3.415500000002794,BACKFILL_AUTO
2026-07-12 01:18:18,1783819098,R_75,52974.8703,-1,4.189299999998184,BACKFILL_AUTO
2026-07-12 01:18:20,1783819100,R_75,52955.3006,-1,19.56970000000001,BACKFILL_AUTO
2026-07-12 01:18:22,1783819102,R_75,52938.9132,-1,16.387399999999616,BACKFILL_AUTO
2026-07-12 01:18:24,1783819104,R_75,52952.916,1,14.00279999999475,BACKFILL_AUTO
2026-07-12 01:18:26,1783819106,R_75,52958.7913,1,5.875299999999697,BACKFILL_AUTO
2026-07-12 01:18:28,1783819108,R_75,52985.3015,1,26.51020000000426,BACKFILL_AUTO
2026-07-12 01:18:30,1783819110,R_75,52985.7834,1,0.48189999999885913,BACKFILL_AUTO
2026-07-12 01:18:32,1783819112,R_75,52970.8706,-1,14.912799999998242,BACKFILL_AUTO
2026-07-12 01:18:34,1783819114,R_75,52971.5703,1,0.6996999999973923,BACKFILL_AUTO
2026-07-12 01:18:36,1783819116,R_75,52969.1347,-1,2.4355999999970663,BACKFILL_AUTO
2026-07-12 01:18:38,1783819118,R_75,52979.4052,1,10.27049999999872,BACKFILL_AUTO
2026-07-12 01:18:40,1783819120,R_75,52979.2089,-1,0.196300000003248,BACKFILL_AUTO
2026-07-12 01:18:42,1783819122,R_75,52973.0869,-1,6.121999999995751,BACKFILL_AUTO
2026-07-12 01:18:44,1783819124,R_75,52971.1709,-1,1.9160000000047148,BACKFILL_AUTO
2026-07-12 01:18:46,1783819126,R_75,52951.9124,-1,19.258499999996275,BACKFILL_AUTO
2026-07-12 01:18:48,1783819128,R_75,52961.7696,1,9.857199999998556,BACKFILL_AUTO
2026-07-12 01:18:50,1783819130,R_75,52959.1087,-1,2.6609000000025844,BACKFILL_AUTO
2026-07-12 01:18:52,1783819132,R_75,52950.5198,-1,8.588899999995192,BACKFILL_AUTO
2026-07-12 01:18:54,1783819134,R_75,52954.191,1,3.671199999997043,BACKFILL_AUTO
2026-07-12 01:18:56,1783819136,R_75,52953.294,-1,0.896999999997206,BACKFILL_AUTO
2026-07-12 01:18:58,1783819138,R_75,52943.0608,-1,10.233200000002398,BACKFILL_AUTO
2026-07-12 01:19:00,1783819140,R_75,52952.5556,1,9.494800000000396,BACKFILL_AUTO
2026-07-12 01:19:02,1783819142,R_75,52957.3269,1,4.771300000000338,BACKFILL_AUTO
2026-07-12 01:19:04,1783819144,R_75,52950.4372,-1,6.889699999999721,BACKFILL_AUTO
2026-07-12 01:19:06,1783819146,R_75,52942.9644,-1,7.47280000000319,BACKFILL_AUTO
2026-07-12 01:19:08,1783819148,R_75,52954.5932,1,11.628800000005867,BACKFILL_AUTO
2026-07-12 01:19:10,1783819150,R_75,52957.8909,1,3.2976999999955297,BACKFILL_AUTO
2026-07-12 01:19:12,1783819152,R_75,52968.5585,1,10.667600000000675,BACKFILL_AUTO
2026-07-12 01:19:14,1783819154,R_75,52969.9817,1,1.4231999999974505,BACKFILL_AUTO
2026-07-12 01:19:16,1783819156,R_75,52959.9446,-1,10.037099999994098,BACKFILL_AUTO
2026-07-12 01:19:18,1783819158,R_75,52943.3297,-1,16.61490000000049,BACKFILL_AUTO
2026-07-12 01:19:20,1783819160,R_75,52930.8993,-1,12.430400000004738,BACKFILL_AUTO
2026-07-12 01:19:22,1783819162,R_75,52939.3251,1,8.425800000004529,BACKFILL_AUTO
2026-07-12 01:19:24,1783819164,R_75,52940.104,1,0.7788999999975204,BACKFILL_AUTO
2026-07-12 01:19:26,1783819166,R_75,52934.5667,-1,5.537299999996321,BACKFILL_AUTO
2026-07-12 01:19:28,1783819168,R_75,52941.6851,1,7.118399999999383,BACKFILL_AUTO
2026-07-12 01:19:30,1783819170,R_75,52917.4704,-1,24.214700000004086,BACKFILL_AUTO
2026-07-12 01:19:32,1783819172,R_75,52909.1456,-1,8.324799999994866,BACKFILL_AUTO
2026-07-12 01:19:34,1783819174,R_75,52904.4467,-1,4.69890000000305,BACKFILL_AUTO
2026-07-12 01:19:36,1783819176,R_75,52911.1403,1,6.693599999998696,BACKFILL_AUTO
2026-07-12 01:19:38,1783819178,R_75,52900.7969,-1,10.343399999997928,BACKFILL_AUTO
2026-07-12 01:19:40,1783819180,R_75,52916.041,1,15.244099999996251,BACKFILL_AUTO
2026-07-12 01:19:42,1783819182,R_75,52919.5018,1,3.460800000000745,BACKFILL_AUTO
2026-07-12 01:19:44,1783819184,R_75,52919.8085,1,0.30670000000100117,BACKFILL_AUTO
2026-07-12 01:19:46,1783819186,R_75,52922.9241,1,3.1155999999973574,BACKFILL_AUTO
2026-07-12 01:19:48,1783819188,R_75,52921.6036,-1,1.3204999999943539,BACKFILL_AUTO
2026-07-12 01:19:50,1783819190,R_75,52925.5881,1,3.9844999999986612,BACKFILL_AUTO
2026-07-12 01:19:52,1783819192,R_75,52911.1348,-1,14.453300000001036,BACKFILL_AUTO
2026-07-12 01:19:54,1783819194,R_75,52908.5889,-1,2.5458999999973457,BACKFILL_AUTO
2026-07-12 01:19:56,1783819196,R_75,52914.0327,1,5.44380000000092,BACKFILL_AUTO
2026-07-12 01:19:58,1783819198,R_75,52896.6654,-1,17.367300000005343,BACKFILL_AUTO
2026-07-12 01:20:00,1783819200,R_75,52902.7619,1,6.096499999999651,BACKFILL_AUTO
2026-07-12 01:20:02,1783819202,R_75,52910.4375,1,7.675600000002305,BACKFILL_AUTO
2026-07-12 01:20:04,1783819204,R_75,52921.403,1,10.965499999998428,BACKFILL_AUTO
2026-07-12 01:20:06,1783819206,R_75,52926.0547,1,4.651700000002165,BACKFILL_AUTO
2026-07-12 01:20:08,1783819208,R_75,52943.9324,1,17.877699999997276,BACKFILL_AUTO
2026-07-12 01:20:10,1783819210,R_75,52931.7058,-1,12.226599999994505,BACKFILL_AUTO
2026-07-12 01:20:12,1783819212,R_75,52940.4778,1,8.771999999997206,BACKFILL_AUTO
2026-07-12 01:20:14,1783819214,R_75,52932.135,-1,8.342799999998533,BACKFILL_AUTO
2026-07-12 01:20:16,1783819216,R_75,52938.3032,1,6.16820000000007,BACKFILL_AUTO
2026-07-12 01:20:18,1783819218,R_75,52940.8449,1,2.5416999999943073,BACKFILL_AUTO
2026-07-12 01:20:20,1783819220,R_75,52939.6796,-1,1.1652999999932945,BACKFILL_AUTO
2026-07-12 01:20:22,1783819222,R_75,52932.6279,-1,7.0517000000036205,BACKFILL_AUTO
2026-07-12 01:20:24,1783819224,R_75,52919.2146,-1,13.413300000000163,BACKFILL_AUTO
2026-07-12 01:20:26,1783819226,R_75,52909.4608,-1,9.753799999998591,BACKFILL_AUTO
2026-07-12 01:20:28,1783819228,R_75,52905.5209,-1,3.9398999999975786,BACKFILL_AUTO
2026-07-12 01:20:30,1783819230,R_75,52902.7233,-1,2.797600000005332,BACKFILL_AUTO
2026-07-12 01:20:32,1783819232,R_75,52905.6785,1,2.9552000000039698,BACKFILL_AUTO
2026-07-12 01:20:34,1783819234,R_75,52898.9835,-1,6.694999999999709,BACKFILL_AUTO
2026-07-12 01:20:36,1783819236,R_75,52880.5971,-1,18.38640000000305,BACKFILL_AUTO
2026-07-12 01:20:38,1783819238,R_75,52863.891,-1,16.706099999995786,BACKFILL_AUTO
2026-07-12 01:20:40,1783819240,R_75,52869.2894,1,5.398399999998219,BACKFILL_AUTO
2026-07-12 01:20:42,1783819242,R_75,52856.4863,-1,12.803100000004633,BACKFILL_AUTO
2026-07-12 01:20:44,1783819244,R_75,52861.749,1,5.262700000006589,BACKFILL_AUTO
2026-07-12 01:20:46,1783819246,R_75,52874.485,1,12.735999999997148,BACKFILL_AUTO
2026-07-12 01:20:48,1783819248,R_75,52876.1573,1,1.6722999999983585,BACKFILL_AUTO
2026-07-12 01:20:50,1783819250,R_75,52868.9615,-1,7.195800000001327,BACKFILL_AUTO
2026-07-12 01:20:52,1783819252,R_75,52858.3942,-1,10.567299999995157,BACKFILL_AUTO
2026-07-12 01:20:54,1783819254,R_75,52863.9711,1,5.576900000000023,BACKFILL_AUTO
2026-07-12 01:20:56,1783819256,R_75,52852.9376,-1,11.033500000005006,BACKFILL_AUTO
2026-07-12 01:20:58,1783819258,R_75,52847.6935,-1,5.244099999996251,BACKFILL_AUTO
2026-07-12 01:21:00,1783819260,R_75,52852.1348,1,4.441299999998591,BACKFILL_AUTO
2026-07-12 01:21:02,1783819262,R_75,52865.6562,1,13.521399999997811,BACKFILL_AUTO
2026-07-12 01:21:04,1783819264,R_75,52859.4288,-1,6.227399999996123,BACKFILL_AUTO
2026-07-12 01:21:06,1783819266,R_75,52866.6961,1,7.267299999999523,BACKFILL_AUTO
2026-07-12 01:21:08,1783819268,R_75,52878.2658,1,11.569700000000012,BACKFILL_AUTO
2026-07-12 01:21:10,1783819270,R_75,52879.5287,1,1.2629000000015367,BACKFILL_AUTO
2026-07-12 01:21:12,1783819272,R_75,52878.8538,-1,0.6749000000054366,BACKFILL_AUTO
2026-07-12 01:21:14,1783819274,R_75,52864.512,-1,14.341799999994691,BACKFILL_AUTO
2026-07-12 01:21:16,1783819276,R_75,52872.3775,1,7.865499999999884,BACKFILL_AUTO
2026-07-12 01:21:18,1783819278,R_75,52859.6212,-1,12.75630000000092,BACKFILL_AUTO
2026-07-12 01:21:20,1783819280,R_75,52864.9672,1,5.34599999999773,BACKFILL_AUTO
2026-07-12 01:21:22,1783819282,R_75,52881.9244,1,16.957200000004377,BACKFILL_AUTO
2026-07-12 01:21:24,1783819284,R_75,52891.2115,1,9.287099999994098,BACKFILL_AUTO
2026-07-12 01:21:26,1783819286,R_75,52897.0378,1,5.826300000000629,BACKFILL_AUTO
2026-07-12 01:21:28,1783819288,R_75,52896.6863,-1,0.3514999999970314,BACKFILL_AUTO
2026-07-12 01:21:30,1783819290,R_75,52898.9733,1,2.286999999996624,BACKFILL_AUTO
2026-07-12 01:21:32,1783819292,R_75,52885.559,-1,13.414299999996729,BACKFILL_AUTO
2026-07-12 01:21:34,1783819294,R_75,52867.17,-1,18.389000000002852,BACKFILL_AUTO
2026-07-12 01:21:36,1783819296,R_75,52872.3782,1,5.208200000000943,BACKFILL_AUTO
2026-07-12 01:21:38,1783819298,R_75,52888.6036,1,16.225400000002992,BACKFILL_AUTO
2026-07-12 01:21:40,1783819300,R_75,52900.4824,1,11.878799999998591,BACKFILL_AUTO
2026-07-12 01:21:42,1783819302,R_75,52897.3201,-1,3.1623000000035972,BACKFILL_AUTO
2026-07-12 01:21:44,1783819304,R_75,52899.2728,1,1.9527000000016415,BACKFILL_AUTO
2026-07-12 01:21:46,1783819306,R_75,52903.3682,1,4.095399999998335,BACKFILL_AUTO
2026-07-12 01:21:48,1783819308,R_75,52893.7551,-1,9.613099999995029,BACKFILL_AUTO
2026-07-12 01:21:50,1783819310,R_75,52895.1169,1,1.361799999998766,BACKFILL_AUTO
2026-07-12 01:21:52,1783819312,R_75,52898.7312,1,3.6143000000010943,BACKFILL_AUTO
2026-07-12 01:21:54,1783819314,R_75,52900.1458,1,1.414599999996426,BACKFILL_AUTO
2026-07-12 01:21:56,1783819316,R_75,52895.9827,-1,4.1630999999979394,BACKFILL_AUTO
2026-07-12 01:21:58,1783819318,R_75,52906.0812,1,10.098500000000058,BACKFILL_AUTO
2026-07-12 01:22:00,1783819320,R_75,52900.5819,-1,5.499300000003132,BACKFILL_AUTO
2026-07-12 01:22:02,1783819322,R_75,52883.8001,-1,16.78179999999702,BACKFILL_AUTO
2026-07-12 01:22:04,1783819324,R_75,52887.7378,1,3.9377000000022235,BACKFILL_AUTO
2026-07-12 01:22:06,1783819326,R_75,52894.3327,1,6.594899999996414,BACKFILL_AUTO
2026-07-12 01:22:08,1783819328,R_75,52894.4943,1,0.16159999999945285,BACKFILL_AUTO
2026-07-12 01:22:10,1783819330,R_75,52868.4727,-1,26.021600000000035,BACKFILL_AUTO
2026-07-12 01:22:12,1783819332,R_75,52867.6344,-1,0.8382999999957974,BACKFILL_AUTO
2026-07-12 01:22:14,1783819334,R_75,52870.2347,1,2.600299999998242,BACKFILL_AUTO
2026-07-12 01:22:16,1783819336,R_75,52871.4058,1,1.1710999999995693,BACKFILL_AUTO
2026-07-12 01:22:18,1783819338,R_75,52867.5334,-1,3.872400000000198,BACKFILL_AUTO
2026-07-12 01:22:20,1783819340,R_75,52892.9979,1,25.464500000001863,BACKFILL_AUTO
2026-07-12 01:22:22,1783819342,R_75,52892.8069,-1,0.19099999999889405,BACKFILL_AUTO
2026-07-12 01:22:24,1783819344,R_75,52896.8511,1,4.044199999996636,BACKFILL_AUTO
2026-07-12 01:22:26,1783819346,R_75,52899.4577,1,2.606599999999162,BACKFILL_AUTO
2026-07-12 01:22:28,1783819348,R_75,52902.443,1,2.9853000000002794,BACKFILL_AUTO
2026-07-12 01:22:30,1783819350,R_75,52916.5462,1,14.103199999997742,BACKFILL_AUTO
2026-07-12 01:22:32,1783819352,R_75,52921.7052,1,5.158999999999651,BACKFILL_AUTO
2026-07-12 01:22:34,1783819354,R_75,52937.7041,1,15.99890000000596,BACKFILL_AUTO
2026-07-12 01:22:36,1783819356,R_75,52931.9804,-1,5.723700000002282,BACKFILL_AUTO
2026-07-12 01:22:38,1783819358,R_75,52937.938,1,5.957600000001548,BACKFILL_AUTO
2026-07-12 01:22:40,1783819360,R_75,52954.6783,1,16.74029999999766,BACKFILL_AUTO
2026-07-12 01:22:42,1783819362,R_75,52957.7542,1,3.0759000000034575,BACKFILL_AUTO
2026-07-12 01:22:44,1783819364,R_75,52945.7013,-1,12.05290000000241,BACKFILL_AUTO
2026-07-12 01:22:46,1783819366,R_75,52945.1289,-1,0.5723999999972875,BACKFILL_AUTO
2026-07-12 01:22:48,1783819368,R_75,52941.4966,-1,3.6323000000047614,BACKFILL_AUTO
2026-07-12 01:22:50,1783819370,R_75,52938.2839,-1,3.2126999999964028,BACKFILL_AUTO
2026-07-12 01:22:52,1783819372,R_75,52936.5852,-1,1.6987000000008265,BACKFILL_AUTO
2026-07-12 01:22:54,1783819374,R_75,52930.3531,-1,6.232100000001083,BACKFILL_AUTO
2026-07-12 01:22:56,1783819376,R_75,52914.6167,-1,15.736400000001595,BACKFILL_AUTO
2026-07-12 01:22:58,1783819378,R_75,52910.1135,-1,4.503199999999197,BACKFILL_AUTO
2026-07-12 01:23:00,1783819380,R_75,52892.5957,-1,17.517800000001444,BACKFILL_AUTO
2026-07-12 01:23:02,1783819382,R_75,52883.3883,-1,9.207399999999325,BACKFILL_AUTO
2026-07-12 01:23:04,1783819384,R_75,52890.3981,1,7.009799999999814,BACKFILL_AUTO
2026-07-12 01:23:06,1783819386,R_75,52889.835,-1,0.5630999999993946,BACKFILL_AUTO
2026-07-12 01:23:08,1783819388,R_75,52888.6968,-1,1.138200000001234,BACKFILL_AUTO
2026-07-12 01:23:10,1783819390,R_75,52896.3653,1,7.668499999999767,BACKFILL_AUTO
2026-07-12 01:23:12,1783819392,R_75,52890.74,-1,5.625299999999697,BACKFILL_AUTO
2026-07-12 01:23:14,1783819394,R_75,52883.0533,-1,7.686699999998382,BACKFILL_AUTO
2026-07-12 01:23:16,1783819396,R_75,52883.5319,1,0.4786000000021886,BACKFILL_AUTO
2026-07-12 01:23:18,1783819398,R_75,52889.5129,1,5.980999999999767,BACKFILL_AUTO
2026-07-12 01:23:20,1783819400,R_75,52879.9769,-1,9.536000000000058,BACKFILL_AUTO
2026-07-12 01:23:22,1783819402,R_75,52894.2449,1,14.267999999996391,BACKFILL_AUTO
2026-07-12 01:23:24,1783819404,R_75,52892.4034,-1,1.8414999999949941,BACKFILL_AUTO
2026-07-12 01:23:26,1783819406,R_75,52900.2315,1,7.828099999998813,BACKFILL_AUTO
2026-07-12 01:23:28,1783819408,R_75,52903.8722,1,3.6406999999962864,BACKFILL_AUTO
2026-07-12 01:23:30,1783819410,R_75,52897.4746,-1,6.397599999996601,BACKFILL_AUTO
2026-07-12 01:23:32,1783819412,R_75,52892.0817,-1,5.392899999998917,BACKFILL_AUTO
2026-07-12 01:23:34,1783819414,R_75,52896.8914,1,4.809699999997974,BACKFILL_AUTO
2026-07-12 01:23:36,1783819416,R_75,52888.5053,-1,8.386100000003353,BACKFILL_AUTO
2026-07-12 01:23:38,1783819418,R_75,52873.3773,-1,15.127999999996973,BACKFILL_AUTO
2026-07-12 01:23:40,1783819420,R_75,52873.2782,-1,0.09909999999945285,BACKFILL_AUTO
2026-07-12 01:23:42,1783819422,R_75,52853.6812,-1,19.59700000000157,BACKFILL_AUTO
2026-07-12 01:23:44,1783819424,R_75,52843.9084,-1,9.772799999998824,BACKFILL_AUTO
2026-07-12 01:23:46,1783819426,R_75,52836.6455,-1,7.262900000001537,BACKFILL_AUTO
2026-07-12 01:23:48,1783819428,R_75,52837.6584,1,1.0129000000015367,BACKFILL_AUTO
2026-07-12 01:23:50,1783819430,R_75,52829.0067,-1,8.651700000002165,BACKFILL_AUTO
2026-07-12 01:23:52,1783819432,R_75,52830.1141,1,1.10740000000078,BACKFILL_AUTO
2026-07-12 01:23:54,1783819434,R_75,52820.7018,-1,9.412299999996321,BACKFILL_AUTO
2026-07-12 01:23:56,1783819436,R_75,52830.963,1,10.261200000000827,BACKFILL_AUTO
2026-07-12 01:23:58,1783819438,R_75,52821.4727,-1,9.490300000004936,BACKFILL_AUTO
2026-07-12 01:24:00,1783819440,R_75,52807.667,-1,13.80569999999716,BACKFILL_AUTO
2026-07-12 01:24:02,1783819442,R_75,52807.3459,-1,0.32110000000102445,BACKFILL_AUTO
2026-07-12 01:24:04,1783819444,R_75,52800.339,-1,7.006900000000314,BACKFILL_AUTO
2026-07-12 01:24:06,1783819446,R_75,52813.7984,1,13.459399999999732,BACKFILL_AUTO
2026-07-12 01:24:08,1783819448,R_75,52816.48,1,2.6816000000035274,BACKFILL_AUTO
2026-07-12 01:24:10,1783819450,R_75,52833.081,1,16.60099999999511,BACKFILL_AUTO
2026-07-12 01:24:12,1783819452,R_75,52841.8176,1,8.736600000003818,BACKFILL_AUTO
2026-07-12 01:24:14,1783819454,R_75,52840.6802,-1,1.1373999999996158,BACKFILL_AUTO
2026-07-12 01:24:16,1783819456,R_75,52831.8403,-1,8.839899999999034,BACKFILL_AUTO
2026-07-12 01:24:18,1783819458,R_75,52833.1238,1,1.28349999999773,BACKFILL_AUTO
2026-07-12 01:24:20,1783819460,R_75,52844.4813,1,11.357499999998254,BACKFILL_AUTO
2026-07-12 01:24:22,1783819462,R_75,52850.0428,1,5.561500000003434,BACKFILL_AUTO
2026-07-12 01:24:24,1783819464,R_75,52842.7316,-1,7.311200000003737,BACKFILL_AUTO
2026-07-12 01:24:26,1783819466,R_75,52858.1244,1,15.392800000001444,BACKFILL_AUTO
2026-07-12 01:24:28,1783819468,R_75,52866.6271,1,8.502699999997276,BACKFILL_AUTO
2026-07-12 01:24:30,1783819470,R_75,52880.65,1,14.022900000003574,BACKFILL_AUTO
2026-07-12 01:24:32,1783819472,R_75,52861.5764,-1,19.073600000003353,BACKFILL_AUTO
2026-07-12 01:24:34,1783819474,R_75,52855.136,-1,6.440399999999499,BACKFILL_AUTO
2026-07-12 01:24:36,1783819476,R_75,52856.4514,1,1.3153999999994994,BACKFILL_AUTO
2026-07-12 01:24:38,1783819478,R_75,52855.2055,-1,1.2459000000017113,BACKFILL_AUTO
2026-07-12 01:24:40,1783819480,R_75,52863.5299,1,8.324400000004971,BACKFILL_AUTO
2026-07-12 01:24:42,1783819482,R_75,52858.6999,-1,4.830000000001746,BACKFILL_AUTO
2026-07-12 01:24:44,1783819484,R_75,52856.6333,-1,2.0665999999982887,BACKFILL_AUTO
2026-07-12 01:24:46,1783819486,R_75,52865.2715,1,8.638200000001234,BACKFILL_AUTO
2026-07-12 01:24:48,1783819488,R_75,52848.522,-1,16.749500000005355,BACKFILL_AUTO
2026-07-12 01:24:50,1783819490,R_75,52844.9659,-1,3.5560999999943306,BACKFILL_AUTO
2026-07-12 01:24:52,1783819492,R_75,52848.7969,1,3.830999999998312,BACKFILL_AUTO
2026-07-12 01:24:54,1783819494,R_75,52856.6927,1,7.895799999998417,BACKFILL_AUTO
2026-07-12 01:24:56,1783819496,R_75,52856.519,-1,0.17369999999937136,BACKFILL_AUTO
2026-07-12 01:24:58,1783819498,R_75,52843.0672,-1,13.45180000000255,BACKFILL_AUTO
2026-07-12 01:25:00,1783819500,R_75,52837.0621,-1,6.005099999994854,BACKFILL_AUTO
2026-07-12 01:25:02,1783819502,R_75,52842.3411,1,5.278999999994994,BACKFILL_AUTO
2026-07-12 01:25:04,1783819504,R_75,52833.9542,-1,8.386899999997695,BACKFILL_AUTO
2026-07-12 01:25:06,1783819506,R_75,52832.8388,-1,1.1154000000024098,BACKFILL_AUTO
2026-07-12 01:25:08,1783819508,R_75,52825.803,-1,7.035799999997835,BACKFILL_AUTO
2026-07-12 01:25:10,1783819510,R_75,52826.8341,1,1.0311000000001513,BACKFILL_AUTO
2026-07-12 01:25:12,1783819512,R_75,52834.3302,1,7.496099999996659,BACKFILL_AUTO
2026-07-12 01:25:14,1783819514,R_75,52820.2255,-1,14.104699999996228,BACKFILL_AUTO
2026-07-12 01:25:16,1783819516,R_75,52820.5013,1,0.27580000000307336,BACKFILL_AUTO
2026-07-12 01:25:18,1783819518,R_75,52818.4557,-1,2.0456000000049244,BACKFILL_AUTO
2026-07-12 01:25:20,1783819520,R_75,52830.7636,1,12.30789999999979,BACKFILL_AUTO
2026-07-12 01:25:22,1783819522,R_75,52826.2442,-1,4.519399999997404,BACKFILL_AUTO
2026-07-12 01:25:24,1783819524,R_75,52808.6642,-1,17.580000000001746,BACKFILL_AUTO
2026-07-12 01:25:26,1783819526,R_75,52825.8774,1,17.213199999998324,BACKFILL_AUTO
2026-07-12 01:25:28,1783819528,R_75,52814.422,-1,11.455399999998917,BACKFILL_AUTO
2026-07-12 01:25:30,1783819530,R_75,52820.3316,1,5.909599999999045,BACKFILL_AUTO
2026-07-12 01:25:32,1783819532,R_75,52813.01,-1,7.321599999995669,BACKFILL_AUTO
2026-07-12 01:25:34,1783819534,R_75,52805.2349,-1,7.775099999998929,BACKFILL_AUTO
2026-07-12 01:25:36,1783819536,R_75,52807.9339,1,2.699000000000524,BACKFILL_AUTO
2026-07-12 01:25:38,1783819538,R_75,52792.0904,-1,15.843500000002678,BACKFILL_AUTO
2026-07-12 01:25:40,1783819540,R_75,52810.8321,1,18.741699999998673,BACKFILL_AUTO
2026-07-12 01:25:42,1783819542,R_75,52798.2995,-1,12.532599999998638,BACKFILL_AUTO
2026-07-12 01:25:44,1783819544,R_75,52788.872,-1,9.427499999997963,BACKFILL_AUTO
2026-07-12 01:25:46,1783819546,R_75,52789.9663,1,1.0942999999970198,BACKFILL_AUTO
2026-07-12 01:25:48,1783819548,R_75,52784.0938,-1,5.872499999997672,BACKFILL_AUTO
2026-07-12 01:25:50,1783819550,R_75,52775.6935,-1,8.400300000001153,BACKFILL_AUTO
2026-07-12 01:25:52,1783819552,R_75,52774.3409,-1,1.352599999998347,BACKFILL_AUTO
2026-07-12 01:25:54,1783819554,R_75,52778.2075,1,3.866599999993923,BACKFILL_AUTO
2026-07-12 01:25:56,1783819556,R_75,52776.5762,-1,1.6312999999936437,BACKFILL_AUTO
2026-07-12 01:25:58,1783819558,R_75,52780.4043,1,3.8280999999988126,BACKFILL_AUTO
2026-07-12 01:26:00,1783819560,R_75,52787.9028,1,7.498500000001513,BACKFILL_AUTO
2026-07-12 01:26:02,1783819562,R_75,52773.783,-1,14.119800000000396,BACKFILL_AUTO
2026-07-12 01:26:04,1783819564,R_75,52774.0558,1,0.2727999999988242,BACKFILL_AUTO
2026-07-12 01:26:06,1783819566,R_75,52763.7299,-1,10.325900000003458,BACKFILL_AUTO
2026-07-12 01:26:08,1783819568,R_75,52774.5681,1,10.838199999998324,BACKFILL_AUTO
2026-07-12 01:26:10,1783819570,R_75,52772.1676,-1,2.4004999999961,BACKFILL_AUTO
2026-07-12 01:26:12,1783819572,R_75,52782.5103,1,10.34270000000106,BACKFILL_AUTO
2026-07-12 01:26:14,1783819574,R_75,52764.9204,-1,17.589899999999034,BACKFILL_AUTO
2026-07-12 01:26:16,1783819576,R_75,52762.1631,-1,2.7573000000047614,BACKFILL_AUTO
2026-07-12 01:26:18,1783819578,R_75,52773.908,1,11.744900000005146,BACKFILL_AUTO
2026-07-12 01:26:20,1783819580,R_75,52794.8772,1,20.969199999999546,BACKFILL_AUTO
2026-07-12 01:26:22,1783819582,R_75,52806.0608,1,11.183599999996659,BACKFILL_AUTO
2026-07-12 01:26:24,1783819584,R_75,52793.5416,-1,12.519200000002456,BACKFILL_AUTO
2026-07-12 01:26:26,1783819586,R_75,52791.7472,-1,1.7943999999988591,BACKFILL_AUTO
2026-07-12 01:26:28,1783819588,R_75,52783.234,-1,8.513200000001234,BACKFILL_AUTO
2026-07-12 01:26:30,1783819590,R_75,52778.8802,-1,4.353799999997136,BACKFILL_AUTO
2026-07-12 01:26:32,1783819592,R_75,52777.3892,-1,1.4910000000018044,BACKFILL_AUTO
2026-07-12 01:26:34,1783819594,R_75,52793.3365,1,15.947299999999814,BACKFILL_AUTO
2026-07-12 01:26:36,1783819596,R_75,52785.1339,-1,8.202599999996892,BACKFILL_AUTO
2026-07-12 01:26:38,1783819598,R_75,52797.0817,1,11.947800000001735,BACKFILL_AUTO
2026-07-12 01:26:40,1783819600,R_75,52793.7477,-1,3.334000000002561,BACKFILL_AUTO
2026-07-12 01:26:42,1783819602,R_75,52783.9123,-1,9.835399999996298,BACKFILL_AUTO
2026-07-12 01:26:44,1783819604,R_75,52787.7038,1,3.7914999999993597,BACKFILL_AUTO
2026-07-12 01:26:46,1783819606,R_75,52779.4062,-1,8.297600000005332,BACKFILL_AUTO
2026-07-12 01:26:48,1783819608,R_75,52775.1317,-1,4.274499999999534,BACKFILL_AUTO
2026-07-12 01:26:50,1783819610,R_75,52769.0931,-1,6.03859999999986,BACKFILL_AUTO
2026-07-12 01:26:52,1783819612,R_75,52762.6995,-1,6.393599999995786,BACKFILL_AUTO
2026-07-12 01:26:54,1783819614,R_75,52752.5568,-1,10.14270000000397,BACKFILL_AUTO
2026-07-12 01:26:56,1783819616,R_75,52758.8503,1,6.293499999999767,BACKFILL_AUTO
2026-07-12 01:26:58,1783819618,R_75,52755.5776,-1,3.2727000000013504,BACKFILL_AUTO
2026-07-12 01:27:00,1783819620,R_75,52764.7338,1,9.156200000004901,BACKFILL_AUTO
2026-07-12 01:27:02,1783819622,R_75,52762.7328,-1,2.0010000000038417,BACKFILL_AUTO
2026-07-12 01:27:04,1783819624,R_75,52748.615,-1,14.117799999999988,BACKFILL_AUTO
2026-07-12 01:27:06,1783819626,R_75,52753.4267,1,4.811700000005658,BACKFILL_AUTO
2026-07-12 01:27:08,1783819628,R_75,52724.5168,-1,28.90990000000602,BACKFILL_AUTO
2026-07-12 01:27:10,1783819630,R_75,52725.8734,1,1.3565999999991618,BACKFILL_AUTO
2026-07-12 01:27:12,1783819632,R_75,52726.7168,1,0.8434000000052038,BACKFILL_AUTO
2026-07-12 01:27:14,1783819634,R_75,52731.1055,1,4.388699999995879,BACKFILL_AUTO
2026-07-12 01:27:16,1783819636,R_75,52746.8305,1,15.724999999998545,BACKFILL_AUTO
2026-07-12 01:27:18,1783819638,R_75,52739.8899,-1,6.940599999994447,BACKFILL_AUTO
2026-07-12 01:27:20,1783819640,R_75,52733.3387,-1,6.5512000000017,BACKFILL_AUTO
2026-07-12 01:27:22,1783819642,R_75,52723.0332,-1,10.305500000002212,BACKFILL_AUTO
2026-07-12 01:27:24,1783819644,R_75,52729.4836,1,6.450400000001537,BACKFILL_AUTO
2026-07-12 01:27:26,1783819646,R_75,52740.3752,1,10.891600000002654,BACKFILL_AUTO
2026-07-12 01:27:28,1783819648,R_75,52727.0926,-1,13.282599999998638,BACKFILL_AUTO
2026-07-12 01:27:30,1783819650,R_75,52716.1176,-1,10.97500000000582,BACKFILL_AUTO
2026-07-12 01:27:32,1783819652,R_75,52710.6219,-1,5.495699999999488,BACKFILL_AUTO
2026-07-12 01:27:34,1783819654,R_75,52710.9444,1,0.32250000000203727,BACKFILL_AUTO
2026-07-12 01:27:36,1783819656,R_75,52714.2273,1,3.2828999999983353,BACKFILL_AUTO
2026-07-12 01:27:38,1783819658,R_75,52733.828,1,19.60070000000269,BACKFILL_AUTO
2026-07-12 01:27:40,1783819660,R_75,52722.4398,-1,11.388200000001234,BACKFILL_AUTO
2026-07-12 01:27:42,1783819662,R_75,52718.0581,-1,4.381699999998091,BACKFILL_AUTO
2026-07-12 01:27:44,1783819664,R_75,52716.2493,-1,1.8087999999988824,BACKFILL_AUTO
2026-07-12 01:27:46,1783819666,R_75,52716.1358,-1,0.11350000000675209,BACKFILL_AUTO
2026-07-12 01:27:48,1783819668,R_75,52709.097,-1,7.038799999994808,BACKFILL_AUTO
2026-07-12 01:27:50,1783819670,R_75,52695.4924,-1,13.604599999998754,BACKFILL_AUTO
2026-07-12 01:27:52,1783819672,R_75,52692.1587,-1,3.333700000002864,BACKFILL_AUTO
2026-07-12 01:27:54,1783819674,R_75,52695.5115,1,3.3528000000005704,BACKFILL_AUTO
2026-07-12 01:27:56,1783819676,R_75,52693.0161,-1,2.4953999999997905,BACKFILL_AUTO
2026-07-12 01:27:58,1783819678,R_75,52702.8219,1,9.80580000000191,BACKFILL_AUTO
2026-07-12 01:28:00,1783819680,R_75,52702.3403,-1,0.4815999999991618,BACKFILL_AUTO
2026-07-12 01:28:02,1783819682,R_75,52716.4605,1,14.120199999997567,BACKFILL_AUTO
2026-07-12 01:28:04,1783819684,R_75,52708.8836,-1,7.576900000000023,BACKFILL_AUTO
2026-07-12 01:28:06,1783819686,R_75,52706.6673,-1,2.2163000000000466,BACKFILL_AUTO
2026-07-12 01:28:08,1783819688,R_75,52712.1621,1,5.494800000000396,BACKFILL_AUTO
2026-07-12 01:28:10,1783819690,R_75,52716.1542,1,3.992099999995844,BACKFILL_AUTO
2026-07-12 01:28:12,1783819692,R_75,52713.2404,-1,2.913799999994808,BACKFILL_AUTO
2026-07-12 01:28:14,1783819694,R_75,52699.4515,-1,13.788899999999558,BACKFILL_AUTO
2026-07-12 01:28:16,1783819696,R_75,52694.2564,-1,5.195100000004459,BACKFILL_AUTO
2026-07-12 01:28:18,1783819698,R_75,52704.2109,1,9.954499999999825,BACKFILL_AUTO
2026-07-12 01:28:20,1783819700,R_75,52708.3159,1,4.105000000003201,BACKFILL_AUTO
2026-07-12 01:28:22,1783819702,R_75,52707.191,-1,1.1249000000025262,BACKFILL_AUTO
2026-07-12 01:28:24,1783819704,R_75,52699.5587,-1,7.632299999997485,BACKFILL_AUTO
2026-07-12 01:28:26,1783819706,R_75,52699.1559,-1,0.4028000000034808,BACKFILL_AUTO
2026-07-12 01:28:28,1783819708,R_75,52714.8815,1,15.725600000005215,BACKFILL_AUTO
2026-07-12 01:28:30,1783819710,R_75,52703.1741,-1,11.7074000000066,BACKFILL_AUTO
2026-07-12 01:28:32,1783819712,R_75,52702.1036,-1,1.0704999999943539,BACKFILL_AUTO
2026-07-12 01:28:34,1783819714,R_75,52715.0834,1,12.979800000000978,BACKFILL_AUTO
2026-07-12 01:28:36,1783819716,R_75,52725.203,1,10.119599999998172,BACKFILL_AUTO
2026-07-12 01:28:38,1783819718,R_75,52726.0237,1,0.8206999999965774,BACKFILL_AUTO
2026-07-12 01:28:40,1783819720,R_75,52736.8262,1,10.802500000005239,BACKFILL_AUTO
2026-07-12 01:28:42,1783819722,R_75,52743.2628,1,6.436599999993632,BACKFILL_AUTO
2026-07-12 01:28:44,1783819724,R_75,52750.3045,1,7.041700000001583,BACKFILL_AUTO
2026-07-12 01:28:46,1783819726,R_75,52758.1659,1,7.861400000001595,BACKFILL_AUTO
2026-07-12 01:28:48,1783819728,R_75,52747.4125,-1,10.75340000000142,BACKFILL_AUTO
2026-07-12 01:28:50,1783819730,R_75,52737.005,-1,10.407500000001164,BACKFILL_AUTO
2026-07-12 01:28:52,1783819732,R_75,52726.7795,-1,10.225500000000466,BACKFILL_AUTO
2026-07-12 01:28:54,1783819734,R_75,52732.5181,1,5.738600000004226,BACKFILL_AUTO
2026-07-12 01:28:56,1783819736,R_75,52730.9001,-1,1.618000000002212,BACKFILL_AUTO
2026-07-12 01:28:58,1783819738,R_75,52733.9131,1,3.0129999999990105,BACKFILL_AUTO
2026-07-12 01:29:00,1783819740,R_75,52747.3628,1,13.449700000004668,BACKFILL_AUTO
2026-07-12 01:29:02,1783819742,R_75,52740.9339,-1,6.4288999999989755,BACKFILL_AUTO
2026-07-12 01:29:04,1783819744,R_75,52732.9252,-1,8.008700000005774,BACKFILL_AUTO
2026-07-12 01:29:06,1783819746,R_75,52743.0676,1,10.142400000004272,BACKFILL_AUTO
2026-07-12 01:29:08,1783819748,R_75,52731.8497,-1,11.217900000003283,BACKFILL_AUTO
2026-07-12 01:29:10,1783819750,R_75,52723.9477,-1,7.902000000001863,BACKFILL_AUTO
2026-07-12 01:29:12,1783819752,R_75,52721.9265,-1,2.021199999995588,BACKFILL_AUTO
2026-07-12 01:29:14,1783819754,R_75,52724.772,1,2.845499999995809,BACKFILL_AUTO
2026-07-12 01:29:16,1783819756,R_75,52731.9656,1,7.193600000005972,BACKFILL_AUTO
2026-07-12 01:29:18,1783819758,R_75,52721.5154,-1,10.450200000006589,BACKFILL_AUTO
2026-07-12 01:29:20,1783819760,R_75,52709.0876,-1,12.42779999999766,BACKFILL_AUTO
2026-07-12 01:29:22,1783819762,R_75,52707.5598,-1,1.5277999999962049,BACKFILL_AUTO
2026-07-12 01:29:24,1783819764,R_75,52697.8475,-1,9.712299999999232,BACKFILL_AUTO
2026-07-12 01:29:26,1783819766,R_75,52697.1626,-1,0.6849000000001979,BACKFILL_AUTO
2026-07-12 01:29:28,1783819768,R_75,52709.4697,1,12.307099999998172,BACKFILL_AUTO
2026-07-12 01:29:30,1783819770,R_75,52714.3918,1,4.922099999996135,BACKFILL_AUTO
2026-07-12 01:29:32,1783819772,R_75,52701.2196,-1,13.172200000000885,BACKFILL_AUTO
2026-07-12 01:29:34,1783819774,R_75,52693.7229,-1,7.4966999999960535,BACKFILL_AUTO
2026-07-12 01:29:36,1783819776,R_75,52701.0214,1,7.298499999997148,BACKFILL_AUTO
2026-07-12 01:29:38,1783819778,R_75,52702.5924,1,1.5710000000035507,BACKFILL_AUTO
2026-07-12 01:29:40,1783819780,R_75,52696.0669,-1,6.525500000003376,BACKFILL_AUTO
2026-07-12 01:29:42,1783819782,R_75,52711.6736,1,15.606700000003912,BACKFILL_AUTO
2026-07-12 01:29:44,1783819784,R_75,52709.2927,-1,2.3809000000037486,BACKFILL_AUTO
2026-07-12 01:29:46,1783819786,R_75,52719.232,1,9.93930000000546,BACKFILL_AUTO
2026-07-12 01:29:48,1783819788,R_75,52704.7806,-1,14.451400000005378,BACKFILL_AUTO
2026-07-12 01:29:50,1783819790,R_75,52711.0476,1,6.266999999999825,BACKFILL_AUTO
2026-07-12 01:29:52,1783819792,R_75,52705.8381,-1,5.209499999997206,BACKFILL_AUTO
2026-07-12 01:29:54,1783819794,R_75,52711.9512,1,6.113100000002305,BACKFILL_AUTO
2026-07-12 01:29:56,1783819796,R_75,52706.8565,-1,5.094700000001467,BACKFILL_AUTO
2026-07-12 01:29:58,1783819798,R_75,52713.2391,1,6.382599999997183,BACKFILL_AUTO
2026-07-12 01:30:00,1783819800,R_75,52718.2253,1,4.986199999999371,BACKFILL_AUTO
2026-07-12 01:30:02,1783819802,R_75,52703.7775,-1,14.447800000001735,BACKFILL_AUTO
2026-07-12 01:30:04,1783819804,R_75,52695.1277,-1,8.649799999999232,BACKFILL_AUTO
2026-07-12 01:30:06,1783819806,R_75,52722.873,1,27.745300000002317,BACKFILL_AUTO
2026-07-12 01:30:08,1783819808,R_75,52731.6347,1,8.761700000002747,BACKFILL_AUTO
2026-07-12 01:30:10,1783819810,R_75,52725.7634,-1,5.871299999998882,BACKFILL_AUTO
2026-07-12 01:30:12,1783819812,R_75,52715.1899,-1,10.573500000005879,BACKFILL_AUTO
2026-07-12 01:30:14,1783819814,R_75,52726.6996,1,11.50970000000234,BACKFILL_AUTO
2026-07-12 01:30:16,1783819816,R_75,52730.5352,1,3.8355999999985215,BACKFILL_AUTO
2026-07-12 01:30:18,1783819818,R_75,52719.1336,-1,11.401599999997416,BACKFILL_AUTO
2026-07-12 01:30:20,1783819820,R_75,52702.5816,-1,16.552000000003318,BACKFILL_AUTO
2026-07-12 01:30:22,1783819822,R_75,52679.8316,-1,22.75,BACKFILL_AUTO
2026-07-12 01:30:24,1783819824,R_75,52680.1758,1,0.344199999999546,BACKFILL_AUTO
2026-07-12 01:30:26,1783819826,R_75,52673.2027,-1,6.973099999995611,BACKFILL_AUTO
2026-07-12 01:30:28,1783819828,R_75,52656.7235,-1,16.479200000001583,BACKFILL_AUTO
2026-07-12 01:30:30,1783819830,R_75,52659.3763,1,2.652800000003481,BACKFILL_AUTO
2026-07-12 01:30:32,1783819832,R_75,52667.1464,1,7.770099999994272,BACKFILL_AUTO
2026-07-12 01:30:34,1783819834,R_75,52666.0279,-1,1.1184999999968568,BACKFILL_AUTO
2026-07-12 01:30:36,1783819836,R_75,52669.1245,1,3.0965999999971245,BACKFILL_AUTO
2026-07-12 01:30:38,1783819838,R_75,52672.9296,1,3.805100000005041,BACKFILL_AUTO
2026-07-12 01:30:40,1783819840,R_75,52669.2421,-1,3.6875,BACKFILL_AUTO
2026-07-12 01:30:42,1783819842,R_75,52671.1381,1,1.8959999999933643,BACKFILL_AUTO
2026-07-12 01:30:44,1783819844,R_75,52684.7823,1,13.644200000002456,BACKFILL_AUTO
2026-07-12 01:30:46,1783819846,R_75,52678.148,-1,6.634299999997893,BACKFILL_AUTO
2026-07-12 01:30:48,1783819848,R_75,52690.3187,1,12.170700000002398,BACKFILL_AUTO
2026-07-12 01:30:50,1783819850,R_75,52688.3697,-1,1.9490000000005239,BACKFILL_AUTO
2026-07-12 01:30:52,1783819852,R_75,52688.9761,1,0.6063999999969383,BACKFILL_AUTO
2026-07-12 01:30:54,1783819854,R_75,52684.7133,-1,4.262799999996787,BACKFILL_AUTO
2026-07-12 01:30:56,1783819856,R_75,52693.9371,1,9.223799999999756,BACKFILL_AUTO
2026-07-12 01:30:58,1783819858,R_75,52694.0778,1,0.14069999999628635,BACKFILL_AUTO
2026-07-12 01:31:00,1783819860,R_75,52689.0054,-1,5.0723999999972875,BACKFILL_AUTO
2026-07-12 01:31:02,1783819862,R_75,52677.4543,-1,11.551100000004226,BACKFILL_AUTO
2026-07-12 01:31:04,1783819864,R_75,52688.5642,1,11.109900000003108,BACKFILL_AUTO
2026-07-12 01:31:06,1783819866,R_75,52699.4229,1,10.858699999997043,BACKFILL_AUTO
2026-07-12 01:31:08,1783819868,R_75,52697.3449,-1,2.0780000000013388,BACKFILL_AUTO
2026-07-12 01:31:10,1783819870,R_75,52693.2825,-1,4.06239999999525,BACKFILL_AUTO
2026-07-12 01:31:12,1783819872,R_75,52688.5197,-1,4.762800000004063,BACKFILL_AUTO
2026-07-12 01:31:14,1783819874,R_75,52689.9536,1,1.4339000000036322,BACKFILL_AUTO
2026-07-12 01:31:16,1783819876,R_75,52698.4771,1,8.523499999995693,BACKFILL_AUTO
2026-07-12 01:31:18,1783819878,R_75,52675.9313,-1,22.545799999999872,BACKFILL_AUTO
2026-07-12 01:31:20,1783819880,R_75,52679.2365,1,3.3052000000025146,BACKFILL_AUTO
2026-07-12 01:31:22,1783819882,R_75,52667.5834,-1,11.653099999995902,BACKFILL_AUTO
2026-07-12 01:31:24,1783819884,R_75,52672.4318,1,4.8483999999953085,BACKFILL_AUTO
2026-07-12 01:31:26,1783819886,R_75,52671.6762,-1,0.7555999999967753,BACKFILL_AUTO
2026-07-12 01:31:28,1783819888,R_75,52653.1176,-1,18.558600000003935,BACKFILL_AUTO
2026-07-12 01:31:30,1783819890,R_75,52655.5294,1,2.4118000000016764,BACKFILL_AUTO
2026-07-12 01:31:32,1783819892,R_75,52652.7849,-1,2.7445000000006985,BACKFILL_AUTO
2026-07-12 01:31:34,1783819894,R_75,52648.1938,-1,4.591099999997823,BACKFILL_AUTO
2026-07-12 01:31:36,1783819896,R_75,52645.3585,-1,2.835299999998824,BACKFILL_AUTO
2026-07-12 01:31:38,1783819898,R_75,52648.6798,1,3.321299999995972,BACKFILL_AUTO
2026-07-12 01:31:40,1783819900,R_75,52668.2796,1,19.599800000003597,BACKFILL_AUTO
2026-07-12 01:31:42,1783819902,R_75,52662.9758,-1,5.303800000001502,BACKFILL_AUTO
2026-07-12 01:31:44,1783819904,R_75,52683.2168,1,20.241000000001804,BACKFILL_AUTO
2026-07-12 01:31:46,1783819906,R_75,52675.2639,-1,7.952900000003865,BACKFILL_AUTO
2026-07-12 01:31:48,1783819908,R_75,52658.5363,-1,16.727599999998347,BACKFILL_AUTO
2026-07-12 01:31:50,1783819910,R_75,52657.6015,-1,0.9348000000027241,BACKFILL_AUTO
2026-07-12 01:31:52,1783819912,R_75,52657.4202,-1,0.1812999999965541,BACKFILL_AUTO
2026-07-12 01:31:54,1783819914,R_75,52658.3965,1,0.9763000000020838,BACKFILL_AUTO
2026-07-12 01:31:56,1783819916,R_75,52657.6471,-1,0.7494000000006054,BACKFILL_AUTO
2026-07-12 01:31:58,1783819918,R_75,52673.1571,1,15.509999999994761,BACKFILL_AUTO
2026-07-12 01:32:00,1783819920,R_75,52686.5277,1,13.370600000002014,BACKFILL_AUTO
2026-07-12 01:32:02,1783819922,R_75,52683.7079,-1,2.8197999999974854,BACKFILL_AUTO
2026-07-12 01:32:04,1783819924,R_75,52690.3446,1,6.636699999995471,BACKFILL_AUTO
2026-07-12 01:32:06,1783819926,R_75,52685.9341,-1,4.410499999998137,BACKFILL_AUTO
2026-07-12 01:32:08,1783819928,R_75,52702.9591,1,17.025000000001455,BACKFILL_AUTO
2026-07-12 01:32:10,1783819930,R_75,52695.1455,-1,7.8136000000013155,BACKFILL_AUTO
2026-07-12 01:32:12,1783819932,R_75,52678.9794,-1,16.16610000000219,BACKFILL_AUTO
2026-07-12 01:32:14,1783819934,R_75,52697.3949,1,18.415500000002794,BACKFILL_AUTO
2026-07-12 01:32:16,1783819936,R_75,52705.8598,1,8.464899999999034,BACKFILL_AUTO
2026-07-12 01:32:18,1783819938,R_75,52697.9149,-1,7.944899999994959,BACKFILL_AUTO
2026-07-12 01:32:20,1783819940,R_75,52707.9258,1,10.010899999993853,BACKFILL_AUTO
2026-07-12 01:32:22,1783819942,R_75,52711.2129,1,3.2871000000013737,BACKFILL_AUTO
2026-07-12 01:32:24,1783819944,R_75,52700.3534,-1,10.859499999998661,BACKFILL_AUTO
2026-07-12 01:32:26,1783819946,R_75,52697.746,-1,2.60740000000078,BACKFILL_AUTO
2026-07-12 01:32:28,1783819948,R_75,52688.0666,-1,9.679400000000896,BACKFILL_AUTO
2026-07-12 01:32:30,1783819950,R_75,52695.5315,1,7.464899999999034,BACKFILL_AUTO
2026-07-12 01:32:32,1783819952,R_75,52679.6991,-1,15.832399999999325,BACKFILL_AUTO
2026-07-12 01:32:34,1783819954,R_75,52688.772,1,9.072899999999208,BACKFILL_AUTO
2026-07-12 01:32:36,1783819956,R_75,52697.5105,1,8.738499999999476,BACKFILL_AUTO
2026-07-12 01:32:38,1783819958,R_75,52687.4084,-1,10.102099999996426,BACKFILL_AUTO
2026-07-12 01:32:40,1783819960,R_75,52693.2253,1,5.816899999997986,BACKFILL_AUTO
2026-07-12 01:32:42,1783819962,R_75,52684.1728,-1,9.052499999997963,BACKFILL_AUTO
2026-07-12 01:32:44,1783819964,R_75,52692.1553,1,7.982499999998254,BACKFILL_AUTO
2026-07-12 01:32:46,1783819966,R_75,52709.0011,1,16.845800000002782,BACKFILL_AUTO
2026-07-12 01:32:48,1783819968,R_75,52708.3239,-1,0.6771999999982654,BACKFILL_AUTO
2026-07-12 01:32:50,1783819970,R_75,52729.6629,1,21.338999999999942,BACKFILL_AUTO
2026-07-12 01:32:52,1783819972,R_75,52733.9436,1,4.280699999995704,BACKFILL_AUTO
2026-07-12 01:32:54,1783819974,R_75,52741.5462,1,7.602599999998347,BACKFILL_AUTO
2026-07-12 01:32:56,1783819976,R_75,52729.6749,-1,11.871299999998882,BACKFILL_AUTO
2026-07-12 01:32:58,1783819978,R_75,52737.6735,1,7.998599999998987,BACKFILL_AUTO
2026-07-12 01:33:00,1783819980,R_75,52744.2017,1,6.528200000000652,BACKFILL_AUTO
2026-07-12 01:33:02,1783819982,R_75,52734.7024,-1,9.499299999995856,BACKFILL_AUTO
2026-07-12 01:33:04,1783819984,R_75,52737.4507,1,2.74829999999929,BACKFILL_AUTO
2026-07-12 01:33:06,1783819986,R_75,52736.5414,-1,0.9092999999993481,BACKFILL_AUTO
2026-07-12 01:33:08,1783819988,R_75,52714.5851,-1,21.956300000005285,BACKFILL_AUTO
2026-07-12 01:33:10,1783819990,R_75,52711.4249,-1,3.16019999999844,BACKFILL_AUTO
2026-07-12 01:33:12,1783819992,R_75,52722.4166,1,10.991699999998673,BACKFILL_AUTO
2026-07-12 01:33:14,1783819994,R_75,52713.2134,-1,9.203199999996286,BACKFILL_AUTO
2026-07-12 01:33:16,1783819996,R_75,52722.6134,1,9.400000000001455,BACKFILL_AUTO
2026-07-12 01:33:18,1783819998,R_75,52728.8091,1,6.195699999996577,BACKFILL_AUTO
2026-07-12 01:33:20,1783820000,R_75,52745.5692,1,16.76009999999951,BACKFILL_AUTO
2026-07-12 01:33:22,1783820002,R_75,52749.1169,1,3.5477000000028056,BACKFILL_AUTO
2026-07-12 01:33:24,1783820004,R_75,52747.721,-1,1.3959000000031665,BACKFILL_AUTO
2026-07-12 01:33:26,1783820006,R_75,52743.7648,-1,3.9562000000005355,BACKFILL_AUTO
2026-07-12 01:33:28,1783820008,R_75,52729.478,-1,14.2867999999944,BACKFILL_AUTO
2026-07-12 01:33:30,1783820010,R_75,52730.4235,1,0.9454999999943539,BACKFILL_AUTO
2026-07-12 01:33:32,1783820012,R_75,52721.417,-1,9.006499999995867,BACKFILL_AUTO
2026-07-12 01:33:34,1783820014,R_75,52707.5627,-1,13.854299999999057,BACKFILL_AUTO
2026-07-12 01:33:36,1783820016,R_75,52729.1333,1,21.570599999999104,BACKFILL_AUTO
2026-07-12 01:33:38,1783820018,R_75,52723.3251,-1,5.808199999999488,BACKFILL_AUTO
2026-07-12 01:33:40,1783820020,R_75,52729.4079,1,6.082799999996496,BACKFILL_AUTO
2026-07-12 01:33:42,1783820022,R_75,52739.528,1,10.120100000000093,BACKFILL_AUTO
2026-07-12 01:33:44,1783820024,R_75,52742.2935,1,2.7655000000013388,BACKFILL_AUTO
2026-07-12 01:33:46,1783820026,R_75,52738.0976,-1,4.195899999998801,BACKFILL_AUTO
2026-07-12 01:33:48,1783820028,R_75,52738.8304,1,0.7327999999979511,BACKFILL_AUTO
2026-07-12 01:33:50,1783820030,R_75,52750.836,1,12.005600000004051,BACKFILL_AUTO
2026-07-12 01:33:52,1783820032,R_75,52730.9007,-1,19.935300000004645,BACKFILL_AUTO
2026-07-12 01:33:54,1783820034,R_75,52728.6136,-1,2.2871000000013737,BACKFILL_AUTO
2026-07-12 01:33:56,1783820036,R_75,52716.4733,-1,12.140299999999115,BACKFILL_AUTO
2026-07-12 01:33:58,1783820038,R_75,52708.7336,-1,7.739699999998265,BACKFILL_AUTO
2026-07-12 01:34:00,1783820040,R_75,52706.9721,-1,1.7615000000005239,BACKFILL_AUTO
2026-07-12 01:34:02,1783820042,R_75,52719.5768,1,12.604700000003504,BACKFILL_AUTO
2026-07-12 01:34:04,1783820044,R_75,52710.6453,-1,8.931500000006054,BACKFILL_AUTO
2026-07-12 01:34:06,1783820046,R_75,52701.1251,-1,9.520199999999022,BACKFILL_AUTO
2026-07-12 01:34:08,1783820048,R_75,52706.7473,1,5.62220000000525,BACKFILL_AUTO
2026-07-12 01:34:10,1783820050,R_75,52716.6465,1,9.899199999999837,BACKFILL_AUTO
2026-07-12 01:34:12,1783820052,R_75,52719.1706,1,2.5240999999950873,BACKFILL_AUTO
2026-07-12 01:34:14,1783820054,R_75,52709.7514,-1,9.419199999996636,BACKFILL_AUTO
2026-07-12 01:34:16,1783820056,R_75,52699.3823,-1,10.369100000003527,BACKFILL_AUTO
2026-07-12 01:34:18,1783820058,R_75,52671.6574,-1,27.72490000000107,BACKFILL_AUTO
2026-07-12 01:34:20,1783820060,R_75,52676.2444,1,4.58700000000681,BACKFILL_AUTO
2026-07-12 01:34:22,1783820062,R_75,52668.9329,-1,7.311500000003434,BACKFILL_AUTO
2026-07-12 01:34:24,1783820064,R_75,52675.3742,1,6.441299999998591,BACKFILL_AUTO
2026-07-12 01:34:26,1783820066,R_75,52682.8046,1,7.430400000004738,BACKFILL_AUTO
2026-07-12 01:34:28,1783820068,R_75,52700.2902,1,17.485599999999977,BACKFILL_AUTO
2026-07-12 01:34:30,1783820070,R_75,52707.1838,1,6.893599999995786,BACKFILL_AUTO
2026-07-12 01:34:32,1783820072,R_75,52698.8015,-1,8.382299999997485,BACKFILL_AUTO
2026-07-12 01:34:34,1783820074,R_75,52693.7206,-1,5.080900000000838,BACKFILL_AUTO
2026-07-12 01:34:36,1783820076,R_75,52696.4641,1,2.743499999996857,BACKFILL_AUTO
2026-07-12 01:34:38,1783820078,R_75,52686.5095,-1,9.9545999999973,BACKFILL_AUTO
2026-07-12 01:34:40,1783820080,R_75,52676.3382,-1,10.171300000001793,BACKFILL_AUTO
2026-07-12 01:34:42,1783820082,R_75,52671.8941,-1,4.444100000000617,BACKFILL_AUTO
2026-07-12 01:34:44,1783820084,R_75,52675.244,1,3.349900000001071,BACKFILL_AUTO
2026-07-12 01:34:46,1783820086,R_75,52691.525,1,16.281000000002678,BACKFILL_AUTO
2026-07-12 01:34:48,1783820088,R_75,52699.3974,1,7.872400000000198,BACKFILL_AUTO
2026-07-12 01:34:50,1783820090,R_75,52702.3324,1,2.9349999999976717,BACKFILL_AUTO
2026-07-12 01:34:52,1783820092,R_75,52715.6367,1,13.304300000003423,BACKFILL_AUTO
2026-07-12 01:34:54,1783820094,R_75,52726.993,1,11.356299999999464,BACKFILL_AUTO
2026-07-12 01:34:56,1783820096,R_75,52743.6218,1,16.62879999999859,BACKFILL_AUTO
2026-07-12 01:34:58,1783820098,R_75,52739.2395,-1,4.382299999997485,BACKFILL_AUTO
2026-07-12 01:35:00,1783820100,R_75,52736.7306,-1,2.5089000000007218,BACKFILL_AUTO
2026-07-12 01:35:02,1783820102,R_75,52738.2751,1,1.544499999996333,BACKFILL_AUTO
2026-07-12 01:35:04,1783820104,R_75,52729.9222,-1,8.352899999998044,BACKFILL_AUTO
2026-07-12 01:35:06,1783820106,R_75,52723.1105,-1,6.811699999998382,BACKFILL_AUTO
2026-07-12 01:35:08,1783820108,R_75,52734.658,1,11.547500000000582,BACKFILL_AUTO
2026-07-12 01:35:10,1783820110,R_75,52737.6227,1,2.96469999999681,BACKFILL_AUTO
2026-07-12 01:35:12,1783820112,R_75,52742.9818,1,5.35910000000149,BACKFILL_AUTO
2026-07-12 01:35:14,1783820114,R_75,52744.536,1,1.5541999999986729,BACKFILL_AUTO
2026-07-12 01:35:16,1783820116,R_75,52745.6165,1,1.0804999999963911,BACKFILL_AUTO
2026-07-12 01:35:18,1783820118,R_75,52748.0379,1,2.4214000000065425,BACKFILL_AUTO
2026-07-12 01:35:20,1783820120,R_75,52742.2394,-1,5.798500000004424,BACKFILL_AUTO
2026-07-12 01:35:22,1783820122,R_75,52724.8047,-1,17.434699999997974,BACKFILL_AUTO
2026-07-12 01:35:24,1783820124,R_75,52735.5656,1,10.76090000000113,BACKFILL_AUTO
2026-07-12 01:35:26,1783820126,R_75,52743.913,1,8.347399999998743,BACKFILL_AUTO
2026-07-12 01:35:28,1783820128,R_75,52743.7915,-1,0.12150000000110595,BACKFILL_AUTO
2026-07-12 01:35:30,1783820130,R_75,52742.1645,-1,1.6270000000004075,BACKFILL_AUTO
2026-07-12 01:35:32,1783820132,R_75,52739.1805,-1,2.9839999999967404,BACKFILL_AUTO
2026-07-12 01:35:34,1783820134,R_75,52731.6916,-1,7.488900000003923,BACKFILL_AUTO
2026-07-12 01:35:36,1783820136,R_75,52736.7864,1,5.094799999998941,BACKFILL_AUTO
2026-07-12 01:35:38,1783820138,R_75,52742.2671,1,5.48070000000007,BACKFILL_AUTO
2026-07-12 01:35:40,1783820140,R_75,52733.7089,-1,8.558199999999488,BACKFILL_AUTO
2026-07-12 01:35:42,1783820142,R_75,52740.3218,1,6.6129000000000815,BACKFILL_AUTO
2026-07-12 01:35:44,1783820144,R_75,52738.905,-1,1.416799999999057,BACKFILL_AUTO
2026-07-12 01:35:46,1783820146,R_75,52740.6939,1,1.7888999999995576,BACKFILL_AUTO
2026-07-12 01:35:48,1783820148,R_75,52754.4822,1,13.788300000000163,BACKFILL_AUTO
2026-07-12 01:35:50,1783820150,R_75,52754.4675,-1,0.014699999999720603,BACKFILL_AUTO
2026-07-12 01:35:52,1783820152,R_75,52756.0088,1,1.5413000000044121,BACKFILL_AUTO
2026-07-12 01:35:54,1783820154,R_75,52777.0785,1,21.06970000000001,BACKFILL_AUTO
2026-07-12 01:35:56,1783820156,R_75,52772.735,-1,4.3435000000026776,BACKFILL_AUTO
2026-07-12 01:35:58,1783820158,R_75,52784.4985,1,11.763500000000931,BACKFILL_AUTO
2026-07-12 01:36:00,1783820160,R_75,52777.1775,-1,7.321000000003551,BACKFILL_AUTO
2026-07-12 01:36:02,1783820162,R_75,52797.5636,1,20.386100000003353,BACKFILL_AUTO
2026-07-12 01:36:04,1783820164,R_75,52797.0008,-1,0.5627999999996973,BACKFILL_AUTO
2026-07-12 01:36:06,1783820166,R_75,52792.2795,-1,4.721300000004703,BACKFILL_AUTO
2026-07-12 01:36:08,1783820168,R_75,52792.72,1,0.44050000000424916,BACKFILL_AUTO
2026-07-12 01:36:10,1783820170,R_75,52797.173,1,4.453000000001339,BACKFILL_AUTO
2026-07-12 01:36:12,1783820172,R_75,52803.7052,1,6.532199999994191,BACKFILL_AUTO
2026-07-12 01:36:14,1783820174,R_75,52805.6347,1,1.9295000000056461,BACKFILL_AUTO
2026-07-12 01:36:16,1783820176,R_75,52783.3749,-1,22.259799999999814,BACKFILL_AUTO
2026-07-12 01:36:18,1783820178,R_75,52790.7126,1,7.337699999996403,BACKFILL_AUTO
2026-07-12 01:36:20,1783820180,R_75,52788.2498,-1,2.4628000000011525,BACKFILL_AUTO
2026-07-12 01:36:22,1783820182,R_75,52795.1948,1,6.944999999999709,BACKFILL_AUTO
2026-07-12 01:36:24,1783820184,R_75,52786.7785,-1,8.416299999997136,BACKFILL_AUTO
2026-07-12 01:36:26,1783820186,R_75,52763.7147,-1,23.06380000000354,BACKFILL_AUTO
2026-07-12 01:36:28,1783820188,R_75,52765.8267,1,2.1120000000009895,BACKFILL_AUTO
2026-07-12 01:36:30,1783820190,R_75,52764.4911,-1,1.3355999999985215,BACKFILL_AUTO
2026-07-12 01:36:32,1783820192,R_75,52768.6354,1,4.14429999999993,BACKFILL_AUTO
2026-07-12 01:36:34,1783820194,R_75,52763.6026,-1,5.0328000000008615,BACKFILL_AUTO
2026-07-12 01:36:36,1783820196,R_75,52766.0118,1,2.4092000000018743,BACKFILL_AUTO
2026-07-12 01:36:38,1783820198,R_75,52744.6245,-1,21.387300000002142,BACKFILL_AUTO
2026-07-12 01:36:40,1783820200,R_75,52757.1733,1,12.548800000004121,BACKFILL_AUTO
2026-07-12 01:36:42,1783820202,R_75,52758.1099,1,0.936600000000908,BACKFILL_AUTO
2026-07-12 01:36:44,1783820204,R_75,52759.5844,1,1.474499999996624,BACKFILL_AUTO
2026-07-12 01:36:46,1783820206,R_75,52762.9803,1,3.3959000000031665,BACKFILL_AUTO
2026-07-12 01:36:48,1783820208,R_75,52755.2637,-1,7.716599999999744,BACKFILL_AUTO
2026-07-12 01:36:50,1783820210,R_75,52748.8838,-1,6.379899999999907,BACKFILL_AUTO
2026-07-12 01:36:52,1783820212,R_75,52743.8348,-1,5.049000000006345,BACKFILL_AUTO
2026-07-12 01:36:54,1783820214,R_75,52751.766,1,7.931200000006356,BACKFILL_AUTO
2026-07-12 01:36:56,1783820216,R_75,52746.5884,-1,5.1776000000027125,BACKFILL_AUTO
2026-07-12 01:36:58,1783820218,R_75,52745.7946,-1,0.7937999999994645,BACKFILL_AUTO
2026-07-12 01:37:00,1783820220,R_75,52727.3393,-1,18.455300000001444,BACKFILL_AUTO
2026-07-12 01:37:02,1783820222,R_75,52736.1721,1,8.832800000003772,BACKFILL_AUTO
2026-07-12 01:37:04,1783820224,R_75,52743.3939,1,7.221799999999348,BACKFILL_AUTO
2026-07-12 01:37:06,1783820226,R_75,52742.7845,-1,0.6094000000011874,BACKFILL_AUTO
2026-07-12 01:37:08,1783820228,R_75,52741.6223,-1,1.1621999999988475,BACKFILL_AUTO
2026-07-12 01:37:10,1783820230,R_75,52730.2189,-1,11.403400000002875,BACKFILL_AUTO
2026-07-12 01:37:12,1783820232,R_75,52720.4939,-1,9.724999999998545,BACKFILL_AUTO
2026-07-12 01:37:14,1783820234,R_75,52726.034,1,5.540099999998347,BACKFILL_AUTO
2026-07-12 01:37:16,1783820236,R_75,52726.2283,1,0.19430000000284053,BACKFILL_AUTO
2026-07-12 01:37:18,1783820238,R_75,52733.806,1,7.5776999999943655,BACKFILL_AUTO
2026-07-12 01:37:20,1783820240,R_75,52728.9617,-1,4.84429999999702,BACKFILL_AUTO
2026-07-12 01:37:22,1783820242,R_75,52736.746,1,7.784299999999348,BACKFILL_AUTO
2026-07-12 01:37:24,1783820244,R_75,52739.7541,1,3.0080999999991036,BACKFILL_AUTO
2026-07-12 01:37:26,1783820246,R_75,52736.0831,-1,3.6709999999948195,BACKFILL_AUTO
2026-07-12 01:37:28,1783820248,R_75,52737.6726,1,1.5894999999945867,BACKFILL_AUTO
2026-07-12 01:37:30,1783820250,R_75,52734.3936,-1,3.278999999994994,BACKFILL_AUTO
2026-07-12 01:37:32,1783820252,R_75,52734.22,-1,0.17360000000189757,BACKFILL_AUTO
2026-07-12 01:37:34,1783820254,R_75,52729.4042,-1,4.8158000000039465,BACKFILL_AUTO
2026-07-12 01:37:36,1783820256,R_75,52752.8615,1,23.45730000000185,BACKFILL_AUTO
2026-07-12 01:37:38,1783820258,R_75,52733.0509,-1,19.810599999997066,BACKFILL_AUTO
2026-07-12 01:37:40,1783820260,R_75,52735.9464,1,2.8954999999987194,BACKFILL_AUTO
2026-07-12 01:37:42,1783820262,R_75,52724.4765,-1,11.46990000000369,BACKFILL_AUTO
2026-07-12 01:37:44,1783820264,R_75,52712.5869,-1,11.88959999999497,BACKFILL_AUTO
2026-07-12 01:37:46,1783820266,R_75,52699.5442,-1,13.042700000005425,BACKFILL_AUTO
2026-07-12 01:37:48,1783820268,R_75,52709.4637,1,9.919500000003609,BACKFILL_AUTO
2026-07-12 01:37:50,1783820270,R_75,52701.0529,-1,8.410799999997835,BACKFILL_AUTO
2026-07-12 01:37:52,1783820272,R_75,52705.4686,1,4.4156999999977415,BACKFILL_AUTO
2026-07-12 01:37:54,1783820274,R_75,52687.575,-1,17.89360000000306,BACKFILL_AUTO
2026-07-12 01:37:56,1783820276,R_75,52683.7348,-1,3.840199999998731,BACKFILL_AUTO
2026-07-12 01:37:58,1783820278,R_75,52695.0205,1,11.28570000000036,BACKFILL_AUTO
2026-07-12 01:38:00,1783820280,R_75,52695.9669,1,0.9464000000007218,BACKFILL_AUTO
2026-07-12 01:38:02,1783820282,R_75,52704.6704,1,8.70350000000326,BACKFILL_AUTO
2026-07-12 01:38:04,1783820284,R_75,52692.0556,-1,12.614800000003015,BACKFILL_AUTO
2026-07-12 01:38:06,1783820286,R_75,52679.696,-1,12.359599999996135,BACKFILL_AUTO
2026-07-12 01:38:08,1783820288,R_75,52665.3223,-1,14.373700000003737,BACKFILL_AUTO
2026-07-12 01:38:10,1783820290,R_75,52675.4517,1,10.129399999997986,BACKFILL_AUTO
2026-07-12 01:38:12,1783820292,R_75,52662.7915,-1,12.66019999999844,BACKFILL_AUTO
2026-07-12 01:38:14,1783820294,R_75,52669.5332,1,6.741699999998673,BACKFILL_AUTO
2026-07-12 01:38:16,1783820296,R_75,52651.8052,-1,17.727999999995518,BACKFILL_AUTO
2026-07-12 01:38:18,1783820298,R_75,52652.4444,1,0.6391999999977998,BACKFILL_AUTO
2026-07-12 01:38:20,1783820300,R_75,52649.0311,-1,3.413300000000163,BACKFILL_AUTO
2026-07-12 01:38:22,1783820302,R_75,52643.8845,-1,5.146600000000035,BACKFILL_AUTO
2026-07-12 01:38:24,1783820304,R_75,52644.8339,1,0.949399999997695,BACKFILL_AUTO
2026-07-12 01:38:26,1783820306,R_75,52639.5055,-1,5.32839999999851,BACKFILL_AUTO
2026-07-12 01:38:28,1783820308,R_75,52623.9402,-1,15.565300000002026,BACKFILL_AUTO
2026-07-12 01:38:30,1783820310,R_75,52608.4049,-1,15.535299999995914,BACKFILL_AUTO
2026-07-12 01:38:32,1783820312,R_75,52613.5966,1,5.1916999999957625,BACKFILL_AUTO
2026-07-12 01:38:34,1783820314,R_75,52610.5263,-1,3.0702999999994063,BACKFILL_AUTO
2026-07-12 01:38:36,1783820316,R_75,52611.0864,1,0.5601000000024214,BACKFILL_AUTO
2026-07-12 01:38:38,1783820318,R_75,52630.1482,1,19.06180000000313,BACKFILL_AUTO
2026-07-12 01:38:40,1783820320,R_75,52632.3366,1,2.188399999999092,BACKFILL_AUTO
2026-07-12 01:38:42,1783820322,R_75,52610.5408,-1,21.795799999999872,BACKFILL_AUTO
2026-07-12 01:38:44,1783820324,R_75,52602.0783,-1,8.462500000001455,BACKFILL_AUTO
2026-07-12 01:38:46,1783820326,R_75,52608.839,1,6.760699999998906,BACKFILL_AUTO
2026-07-12 01:38:48,1783820328,R_75,52626.2259,1,17.386899999997695,BACKFILL_AUTO
2026-07-12 01:38:50,1783820330,R_75,52615.4715,-1,10.754399999997986,BACKFILL_AUTO
2026-07-12 01:38:52,1783820332,R_75,52616.9381,1,1.4665999999997439,BACKFILL_AUTO
2026-07-12 01:38:54,1783820334,R_75,52602.9362,-1,14.001900000002934,BACKFILL_AUTO
2026-07-12 01:38:56,1783820336,R_75,52604.052,1,1.1158000000068569,BACKFILL_AUTO
2026-07-12 01:38:58,1783820338,R_75,52589.0962,-1,14.955800000003364,BACKFILL_AUTO
2026-07-12 01:39:00,1783820340,R_75,52583.8881,-1,5.208100000003469,BACKFILL_AUTO
2026-07-12 01:39:02,1783820342,R_75,52592.8499,1,8.961800000004587,BACKFILL_AUTO
2026-07-12 01:39:04,1783820344,R_75,52594.4487,1,1.5987999999997555,BACKFILL_AUTO
2026-07-12 01:39:06,1783820346,R_75,52593.4011,-1,1.0475999999980559,BACKFILL_AUTO
2026-07-12 01:39:08,1783820348,R_75,52581.8017,-1,11.59939999999915,BACKFILL_AUTO
2026-07-12 01:39:10,1783820350,R_75,52580.673,-1,1.1287000000011176,BACKFILL_AUTO
2026-07-12 01:39:12,1783820352,R_75,52570.1963,-1,10.476699999999255,BACKFILL_AUTO
2026-07-12 01:39:14,1783820354,R_75,52550.1702,-1,20.02610000000277,BACKFILL_AUTO
2026-07-12 01:39:16,1783820356,R_75,52548.3747,-1,1.7955000000001746,BACKFILL_AUTO
2026-07-12 01:39:18,1783820358,R_75,52556.9374,1,8.562700000002224,BACKFILL_AUTO
2026-07-12 01:39:20,1783820360,R_75,52550.5832,-1,6.354200000001583,BACKFILL_AUTO
2026-07-12 01:39:22,1783820362,R_75,52541.3871,-1,9.196100000001024,BACKFILL_AUTO
2026-07-12 01:39:24,1783820364,R_75,52553.1037,1,11.716599999999744,BACKFILL_AUTO
2026-07-12 01:39:26,1783820366,R_75,52549.3976,-1,3.7061000000030617,BACKFILL_AUTO
2026-07-12 01:39:28,1783820368,R_75,52550.8211,1,1.4235000000044238,BACKFILL_AUTO
2026-07-12 01:39:30,1783820370,R_75,52548.949,-1,1.8721000000005006,BACKFILL_AUTO
2026-07-12 01:39:32,1783820372,R_75,52563.1669,1,14.217899999996007,BACKFILL_AUTO
2026-07-12 01:39:34,1783820374,R_75,52581.3455,1,18.178600000006554,BACKFILL_AUTO
2026-07-12 01:39:36,1783820376,R_75,52594.1592,1,12.81369999999879,BACKFILL_AUTO
2026-07-12 01:39:38,1783820378,R_75,52582.7918,-1,11.367400000002817,BACKFILL_AUTO
2026-07-12 01:39:40,1783820380,R_75,52592.7185,1,9.92670000000362,BACKFILL_AUTO
2026-07-12 01:39:42,1783820382,R_75,52598.5322,1,5.813699999998789,BACKFILL_AUTO
2026-07-12 01:39:44,1783820384,R_75,52591.9798,-1,6.552400000000489,BACKFILL_AUTO
2026-07-12 01:39:46,1783820386,R_75,52591.7928,-1,0.18699999999807915,BACKFILL_AUTO
2026-07-12 01:39:48,1783820388,R_75,52604.3498,1,12.557000000000698,BACKFILL_AUTO
2026-07-12 01:39:50,1783820390,R_75,52598.5655,-1,5.784300000006624,BACKFILL_AUTO
2026-07-12 01:39:52,1783820392,R_75,52591.14,-1,7.425499999997555,BACKFILL_AUTO
2026-07-12 01:39:54,1783820394,R_75,52604.2084,1,13.068400000003749,BACKFILL_AUTO
2026-07-12 01:39:56,1783820396,R_75,52608.2814,1,4.072999999996682,BACKFILL_AUTO
2026-07-12 01:39:58,1783820398,R_75,52614.223,1,5.941599999998289,BACKFILL_AUTO
2026-07-12 01:40:00,1783820400,R_75,52614.8355,1,0.6125000000029104,BACKFILL_AUTO
2026-07-12 01:40:02,1783820402,R_75,52603.4489,-1,11.386599999997998,BACKFILL_AUTO
2026-07-12 01:40:04,1783820404,R_75,52607.235,1,3.786099999997532,BACKFILL_AUTO
2026-07-12 01:40:06,1783820406,R_75,52612.4061,1,5.171099999999569,BACKFILL_AUTO
2026-07-12 01:40:08,1783820408,R_75,52617.3179,1,4.911800000001676,BACKFILL_AUTO
2026-07-12 01:40:10,1783820410,R_75,52618.9921,1,1.6742000000012922,BACKFILL_AUTO
2026-07-12 01:40:12,1783820412,R_75,52612.1102,-1,6.881900000000314,BACKFILL_AUTO
2026-07-12 01:40:14,1783820414,R_75,52608.2184,-1,3.891800000004878,BACKFILL_AUTO
2026-07-12 01:40:16,1783820416,R_75,52596.2301,-1,11.988299999997253,BACKFILL_AUTO
2026-07-12 01:40:18,1783820418,R_75,52600.1321,1,3.9020000000018626,BACKFILL_AUTO
2026-07-12 01:40:20,1783820420,R_75,52612.7776,1,12.64549999999872,BACKFILL_AUTO
2026-07-12 01:40:22,1783820422,R_75,52624.2675,1,11.489900000000489,BACKFILL_AUTO
2026-07-12 01:40:24,1783820424,R_75,52622.5277,-1,1.7398000000030152,BACKFILL_AUTO
2026-07-12 01:40:26,1783820426,R_75,52607.864,-1,14.663699999997334,BACKFILL_AUTO
2026-07-12 01:40:28,1783820428,R_75,52618.177,1,10.31300000000192,BACKFILL_AUTO
2026-07-12 01:40:30,1783820430,R_75,52616.6951,-1,1.481900000006135,BACKFILL_AUTO
2026-07-12 01:40:32,1783820432,R_75,52620.8809,1,4.18579999999929,BACKFILL_AUTO
2026-07-12 01:40:34,1783820434,R_75,52618.8543,-1,2.0265999999974156,BACKFILL_AUTO
2026-07-12 01:40:36,1783820436,R_75,52612.0793,-1,6.775000000001455,BACKFILL_AUTO
2026-07-12 01:40:38,1783820438,R_75,52595.6168,-1,16.46249999999418,BACKFILL_AUTO
2026-07-12 01:40:40,1783820440,R_75,52588.1154,-1,7.501400000001013,BACKFILL_AUTO
2026-07-12 01:40:42,1783820442,R_75,52601.6326,1,13.517199999994773,BACKFILL_AUTO
2026-07-12 01:40:44,1783820444,R_75,52601.2498,-1,0.3827999999994063,BACKFILL_AUTO
2026-07-12 01:40:46,1783820446,R_75,52604.4898,1,3.2400000000052387,BACKFILL_AUTO
2026-07-12 01:40:48,1783820448,R_75,52606.6798,1,2.1899999999950523,BACKFILL_AUTO
2026-07-12 01:40:50,1783820450,R_75,52606.7367,1,0.056900000003224704,BACKFILL_AUTO
2026-07-12 01:40:52,1783820452,R_75,52604.8881,-1,1.848600000004808,BACKFILL_AUTO
2026-07-12 01:40:54,1783820454,R_75,52606.4601,1,1.5720000000001164,BACKFILL_AUTO
2026-07-12 01:40:56,1783820456,R_75,52608.5698,1,2.1097000000008848,BACKFILL_AUTO
2026-07-12 01:40:58,1783820458,R_75,52606.1807,-1,2.389100000000326,BACKFILL_AUTO
2026-07-12 01:41:00,1783820460,R_75,52611.6487,1,5.468000000000757,BACKFILL_AUTO
2026-07-12 01:41:02,1783820462,R_75,52619.2103,1,7.561600000000908,BACKFILL_AUTO
2026-07-12 01:41:04,1783820464,R_75,52625.1122,1,5.901900000004389,BACKFILL_AUTO
2026-07-12 01:41:06,1783820466,R_75,52635.19,1,10.077799999999115,BACKFILL_AUTO
2026-07-12 01:41:08,1783820468,R_75,52656.5434,1,21.353399999999965,BACKFILL_AUTO
2026-07-12 01:41:10,1783820470,R_75,52657.9256,1,1.3822000000000116,BACKFILL_AUTO
2026-07-12 01:41:12,1783820472,R_75,52642.5292,-1,15.396400000005087,BACKFILL_AUTO
2026-07-12 01:41:14,1783820474,R_75,52653.964,1,11.434800000002724,BACKFILL_AUTO
2026-07-12 01:41:16,1783820476,R_75,52651.7475,-1,2.21650000000227,BACKFILL_AUTO
2026-07-12 01:41:18,1783820478,R_75,52655.257,1,3.5095000000001164,BACKFILL_AUTO
2026-07-12 01:41:20,1783820480,R_75,52634.3418,-1,20.91519999999582,BACKFILL_AUTO
2026-07-12 01:41:22,1783820482,R_75,52616.8489,-1,17.492900000004738,BACKFILL_AUTO
2026-07-12 01:41:24,1783820484,R_75,52607.5014,-1,9.347499999996217,BACKFILL_AUTO
2026-07-12 01:41:26,1783820486,R_75,52598.5642,-1,8.937200000000303,BACKFILL_AUTO
2026-07-12 01:41:28,1783820488,R_75,52596.3858,-1,2.1784000000043306,BACKFILL_AUTO
2026-07-12 01:41:30,1783820490,R_75,52591.8723,-1,4.513499999993655,BACKFILL_AUTO
2026-07-12 01:41:32,1783820492,R_75,52586.3206,-1,5.5517000000036205,BACKFILL_AUTO
2026-07-12 01:41:34,1783820494,R_75,52581.5573,-1,4.763299999998708,BACKFILL_AUTO
2026-07-12 01:41:36,1783820496,R_75,52570.6828,-1,10.87449999999808,BACKFILL_AUTO
2026-07-12 01:41:38,1783820498,R_75,52565.3197,-1,5.363100000002305,BACKFILL_AUTO
2026-07-12 01:41:40,1783820500,R_75,52565.081,-1,0.23870000000169966,BACKFILL_AUTO
2026-07-12 01:41:42,1783820502,R_75,52565.8039,1,0.7229000000006636,BACKFILL_AUTO
2026-07-12 01:41:44,1783820504,R_75,52570.8631,1,5.0592000000033295,BACKFILL_AUTO
2026-07-12 01:41:46,1783820506,R_75,52572.86,1,1.996899999998277,BACKFILL_AUTO
2026-07-12 01:41:48,1783820508,R_75,52579.302,1,6.442000000002736,BACKFILL_AUTO
2026-07-12 01:41:50,1783820510,R_75,52575.7811,-1,3.5209000000031665,BACKFILL_AUTO
2026-07-12 01:41:52,1783820512,R_75,52579.5166,1,3.735500000002503,BACKFILL_AUTO
2026-07-12 01:41:54,1783820514,R_75,52574.6687,-1,4.847900000000664,BACKFILL_AUTO
2026-07-12 01:41:56,1783820516,R_75,52563.8164,-1,10.85229999999865,BACKFILL_AUTO
2026-07-12 01:41:58,1783820518,R_75,52571.031,1,7.214599999999336,BACKFILL_AUTO
2026-07-12 01:42:00,1783820520,R_75,52566.148,-1,4.88300000000163,BACKFILL_AUTO
2026-07-12 01:42:02,1783820522,R_75,52562.9896,-1,3.158400000000256,BACKFILL_AUTO
2026-07-12 01:42:04,1783820524,R_75,52570.2701,1,7.280500000000757,BACKFILL_AUTO
2026-07-12 01:42:06,1783820526,R_75,52571.4732,1,1.2030999999988126,BACKFILL_AUTO
2026-07-12 01:42:08,1783820528,R_75,52567.087,-1,4.3862000000008265,BACKFILL_AUTO
2026-07-12 01:42:10,1783820530,R_75,52569.1758,1,2.0887999999977183,BACKFILL_AUTO
2026-07-12 01:42:12,1783820532,R_75,52568.9414,-1,0.23439999999391148,BACKFILL_AUTO
2026-07-12 01:42:14,1783820534,R_75,52559.2611,-1,9.680299999999988,BACKFILL_AUTO
2026-07-12 01:42:16,1783820536,R_75,52572.0502,1,12.789099999994505,BACKFILL_AUTO
2026-07-12 01:42:18,1783820538,R_75,52572.6839,1,0.6337000000057742,BACKFILL_AUTO
2026-07-12 01:42:20,1783820540,R_75,52588.8606,1,16.176699999996345,BACKFILL_AUTO
2026-07-12 01:42:22,1783820542,R_75,52589.2502,1,0.3896000000022468,BACKFILL_AUTO
2026-07-12 01:42:24,1783820544,R_75,52601.5317,1,12.281499999997322,BACKFILL_AUTO
2026-07-12 01:42:26,1783820546,R_75,52597.337,-1,4.194700000000012,BACKFILL_AUTO
2026-07-12 01:42:28,1783820548,R_75,52592.1743,-1,5.162700000000768,BACKFILL_AUTO
2026-07-12 01:42:30,1783820550,R_75,52590.6061,-1,1.568200000001525,BACKFILL_AUTO
2026-07-12 01:42:32,1783820552,R_75,52600.0899,1,9.483800000001793,BACKFILL_AUTO
2026-07-12 01:42:34,1783820554,R_75,52584.6055,-1,15.484400000001187,BACKFILL_AUTO
2026-07-12 01:42:36,1783820556,R_75,52594.1139,1,9.508399999998801,BACKFILL_AUTO
2026-07-12 01:42:38,1783820558,R_75,52595.9488,1,1.834900000001653,BACKFILL_AUTO
2026-07-12 01:42:40,1783820560,R_75,52587.5557,-1,8.39310000000114,BACKFILL_AUTO
2026-07-12 01:42:42,1783820562,R_75,52578.2936,-1,9.262099999999919,BACKFILL_AUTO
2026-07-12 01:42:44,1783820564,R_75,52574.0535,-1,4.2400999999954365,BACKFILL_AUTO
2026-07-12 01:42:46,1783820566,R_75,52571.3938,-1,2.659700000003795,BACKFILL_AUTO
2026-07-12 01:42:48,1783820568,R_75,52578.7662,1,7.372400000000198,BACKFILL_AUTO
2026-07-12 01:42:50,1783820570,R_75,52594.7655,1,15.999300000003132,BACKFILL_AUTO
2026-07-12 01:42:52,1783820572,R_75,52600.0577,1,5.292199999996228,BACKFILL_AUTO
2026-07-12 01:42:54,1783820574,R_75,52588.9114,-1,11.146300000000338,BACKFILL_AUTO
2026-07-12 01:42:56,1783820576,R_75,52592.8653,1,3.9539000000004307,BACKFILL_AUTO
2026-07-12 01:42:58,1783820578,R_75,52593.8642,1,0.9989000000059605,BACKFILL_AUTO
2026-07-12 01:43:00,1783820580,R_75,52585.6373,-1,8.226900000001478,BACKFILL_AUTO
2026-07-12 01:43:02,1783820582,R_75,52591.2694,1,5.632099999995262,BACKFILL_AUTO
2026-07-12 01:43:04,1783820584,R_75,52580.4348,-1,10.83459999999468,BACKFILL_AUTO
2026-07-12 01:43:06,1783820586,R_75,52597.043,1,16.608199999995122,BACKFILL_AUTO
2026-07-12 01:43:08,1783820588,R_75,52599.4352,1,2.392200000002049,BACKFILL_AUTO
2026-07-12 01:43:10,1783820590,R_75,52605.5126,1,6.077400000001944,BACKFILL_AUTO
2026-07-12 01:43:12,1783820592,R_75,52605.6019,1,0.08929999999963911,BACKFILL_AUTO
2026-07-12 01:43:14,1783820594,R_75,52614.6636,1,9.061699999998382,BACKFILL_AUTO
2026-07-12 01:43:16,1783820596,R_75,52616.9739,1,2.310299999997369,BACKFILL_AUTO
2026-07-12 01:43:18,1783820598,R_75,52594.9508,-1,22.02309999999852,BACKFILL_AUTO
2026-07-12 01:43:20,1783820600,R_75,52589.2719,-1,5.6788999999989755,BACKFILL_AUTO
2026-07-12 01:43:22,1783820602,R_75,52607.8705,1,18.598599999997532,BACKFILL_AUTO
2026-07-12 01:43:24,1783820604,R_75,52599.0801,-1,8.790399999998044,BACKFILL_AUTO
2026-07-12 01:43:26,1783820606,R_75,52587.2974,-1,11.782699999996112,BACKFILL_AUTO
2026-07-12 01:43:28,1783820608,R_75,52594.2218,1,6.92439999999624,BACKFILL_AUTO
2026-07-12 01:43:30,1783820610,R_75,52591.467,-1,2.754800000002433,BACKFILL_AUTO
2026-07-12 01:43:32,1783820612,R_75,52609.3879,1,17.92090000000462,BACKFILL_AUTO
2026-07-12 01:43:34,1783820614,R_75,52619.6624,1,10.274499999999534,BACKFILL_AUTO
2026-07-12 01:43:36,1783820616,R_75,52621.1355,1,1.4730999999956111,BACKFILL_AUTO
2026-07-12 01:43:38,1783820618,R_75,52610.2217,-1,10.913799999994808,BACKFILL_AUTO
2026-07-12 01:43:40,1783820620,R_75,52607.9956,-1,2.2260999999998603,BACKFILL_AUTO
2026-07-12 01:43:42,1783820622,R_75,52608.7073,1,0.711699999999837,BACKFILL_AUTO
2026-07-12 01:43:44,1783820624,R_75,52593.2825,-1,15.424800000000687,BACKFILL_AUTO
2026-07-12 01:43:46,1783820626,R_75,52599.0105,1,5.727999999995518,BACKFILL_AUTO
2026-07-12 01:43:48,1783820628,R_75,52601.8954,1,2.8849000000045635,BACKFILL_AUTO
2026-07-12 01:43:50,1783820630,R_75,52591.0023,-1,10.89310000000114,BACKFILL_AUTO
2026-07-12 01:43:52,1783820632,R_75,52581.2697,-1,9.732600000003004,BACKFILL_AUTO
2026-07-12 01:43:54,1783820634,R_75,52581.5711,1,0.3014000000039232,BACKFILL_AUTO
2026-07-12 01:43:56,1783820636,R_75,52569.3188,-1,12.252300000000105,BACKFILL_AUTO
2026-07-12 01:43:58,1783820638,R_75,52582.007,1,12.688199999996868,BACKFILL_AUTO
2026-07-12 01:44:00,1783820640,R_75,52597.5206,1,15.513600000005681,BACKFILL_AUTO
2026-07-12 01:44:02,1783820642,R_75,52598.2424,1,0.7217999999993481,BACKFILL_AUTO
2026-07-12 01:44:04,1783820644,R_75,52603.6238,1,5.3813999999983935,BACKFILL_AUTO
2026-07-12 01:44:06,1783820646,R_75,52615.7408,1,12.11699999999837,BACKFILL_AUTO
2026-07-12 01:44:08,1783820648,R_75,52618.8518,1,3.110999999997148,BACKFILL_AUTO
2026-07-12 01:44:10,1783820650,R_75,52623.2728,1,4.4210000000020955,BACKFILL_AUTO
2026-07-12 01:44:12,1783820652,R_75,52618.0133,-1,5.259500000000116,BACKFILL_AUTO
2026-07-12 01:44:14,1783820654,R_75,52611.7825,-1,6.230799999997544,BACKFILL_AUTO
2026-07-12 01:44:16,1783820656,R_75,52605.6125,-1,6.169999999998254,BACKFILL_AUTO
2026-07-12 01:44:18,1783820658,R_75,52614.9398,1,9.327299999997194,BACKFILL_AUTO
2026-07-12 01:44:20,1783820660,R_75,52635.1091,1,20.169300000001385,BACKFILL_AUTO
2026-07-12 01:44:22,1783820662,R_75,52659.7559,1,24.646799999994982,BACKFILL_AUTO
2026-07-12 01:44:24,1783820664,R_75,52666.6345,1,6.878600000003644,BACKFILL_AUTO
2026-07-12 01:44:26,1783820666,R_75,52667.5522,1,0.917699999998149,BACKFILL_AUTO
2026-07-12 01:44:28,1783820668,R_75,52671.2851,1,3.732900000002701,BACKFILL_AUTO
2026-07-12 01:44:30,1783820670,R_75,52670.9431,-1,0.34200000000419095,BACKFILL_AUTO
2026-07-12 01:44:32,1783820672,R_75,52658.7014,-1,12.241699999998673,BACKFILL_AUTO
2026-07-12 01:44:34,1783820674,R_75,52654.3612,-1,4.340199999998731,BACKFILL_AUTO
2026-07-12 01:44:36,1783820676,R_75,52654.618,1,0.25680000000284053,BACKFILL_AUTO
2026-07-12 01:44:38,1783820678,R_75,52633.4193,-1,21.198700000000827,BACKFILL_AUTO
2026-07-12 01:44:40,1783820680,R_75,52642.2358,1,8.816500000000815,BACKFILL_AUTO
2026-07-12 01:44:42,1783820682,R_75,52660.1618,1,17.925999999999476,BACKFILL_AUTO
2026-07-12 01:44:44,1783820684,R_75,52654.4669,-1,5.694900000002235,BACKFILL_AUTO
2026-07-12 01:44:46,1783820686,R_75,52650.5342,-1,3.932699999997567,BACKFILL_AUTO
2026-07-12 01:44:48,1783820688,R_75,52658.7614,1,8.227200000001176,BACKFILL_AUTO
2026-07-12 01:44:50,1783820690,R_75,52662.2078,1,3.446399999993446,BACKFILL_AUTO
2026-07-12 01:44:52,1783820692,R_75,52669.3011,1,7.093300000000454,BACKFILL_AUTO
2026-07-12 01:44:54,1783820694,R_75,52660.909,-1,8.3920999999973,BACKFILL_AUTO
2026-07-12 01:44:56,1783820696,R_75,52664.4815,1,3.5725000000020373,BACKFILL_AUTO
2026-07-12 01:44:58,1783820698,R_75,52641.0206,-1,23.46089999999822,BACKFILL_AUTO
2026-07-12 01:45:00,1783820700,R_75,52633.9626,-1,7.05800000000454,BACKFILL_AUTO
2026-07-12 01:45:02,1783820702,R_75,52640.6669,1,6.704299999997602,BACKFILL_AUTO
2026-07-12 01:45:04,1783820704,R_75,52650.7364,1,10.069500000005064,BACKFILL_AUTO
2026-07-12 01:45:06,1783820706,R_75,52660.9387,1,10.202299999997194,BACKFILL_AUTO
2026-07-12 01:45:08,1783820708,R_75,52672.3647,1,11.425999999999476,BACKFILL_AUTO
2026-07-12 01:45:10,1783820710,R_75,52668.496,-1,3.8686999999990803,BACKFILL_AUTO
2026-07-12 01:45:12,1783820712,R_75,52671.4465,1,2.9504999999990105,BACKFILL_AUTO
2026-07-12 01:45:14,1783820714,R_75,52663.788,-1,7.65849999999773,BACKFILL_AUTO
2026-07-12 01:45:16,1783820716,R_75,52649.3782,-1,14.409800000001269,BACKFILL_AUTO
2026-07-12 01:45:18,1783820718,R_75,52653.0134,1,3.635200000004261,BACKFILL_AUTO
2026-07-12 01:45:20,1783820720,R_75,52649.0519,-1,3.9615000000048894,BACKFILL_AUTO
2026-07-12 01:45:22,1783820722,R_75,52646.3534,-1,2.698499999998603,BACKFILL_AUTO
2026-07-12 01:45:24,1783820724,R_75,52639.6964,-1,6.656999999999243,BACKFILL_AUTO
2026-07-12 01:45:26,1783820726,R_75,52652.0872,1,12.390800000001036,BACKFILL_AUTO
2026-07-12 01:45:28,1783820728,R_75,52652.2623,1,0.17510000000038417,BACKFILL_AUTO
2026-07-12 01:45:30,1783820730,R_75,52651.2506,-1,1.0117000000027474,BACKFILL_AUTO
2026-07-12 01:45:32,1783820732,R_75,52647.3487,-1,3.901899999997113,BACKFILL_AUTO
2026-07-12 01:45:34,1783820734,R_75,52661.3943,1,14.045599999997648,BACKFILL_AUTO
2026-07-12 01:45:36,1783820736,R_75,52639.7796,-1,21.614699999998265,BACKFILL_AUTO
2026-07-12 01:45:38,1783820738,R_75,52643.62,1,3.8404000000009546,BACKFILL_AUTO
2026-07-12 01:45:40,1783820740,R_75,52646.2803,1,2.660299999995914,BACKFILL_AUTO
2026-07-12 01:45:42,1783820742,R_75,52643.969,-1,2.3113000000012107,BACKFILL_AUTO
2026-07-12 01:45:44,1783820744,R_75,52640.3232,-1,3.6457999999984168,BACKFILL_AUTO
2026-07-12 01:45:46,1783820746,R_75,52641.592,1,1.2687999999980093,BACKFILL_AUTO
2026-07-12 01:45:48,1783820748,R_75,52643.0056,1,1.4135999999998603,BACKFILL_AUTO
2026-07-12 01:45:50,1783820750,R_75,52651.1928,1,8.187200000000303,BACKFILL_AUTO
2026-07-12 01:45:52,1783820752,R_75,52660.2609,1,9.068100000004051,BACKFILL_AUTO
2026-07-12 01:45:54,1783820754,R_75,52645.4636,-1,14.797299999998359,BACKFILL_AUTO
2026-07-12 01:45:56,1783820756,R_75,52628.7063,-1,16.75730000000476,BACKFILL_AUTO
2026-07-12 01:45:58,1783820758,R_75,52617.4336,-1,11.27270000000135,BACKFILL_AUTO
2026-07-12 01:46:00,1783820760,R_75,52623.9766,1,6.543000000005122,BACKFILL_AUTO
2026-07-12 01:46:02,1783820762,R_75,52637.3602,1,13.383600000001024,BACKFILL_AUTO
2026-07-12 01:46:04,1783820764,R_75,52624.1899,-1,13.170300000005227,BACKFILL_AUTO
2026-07-12 01:46:06,1783820766,R_75,52628.5377,1,4.34780000000319,BACKFILL_AUTO
2026-07-12 01:46:08,1783820768,R_75,52637.9015,1,9.363799999999173,BACKFILL_AUTO
2026-07-12 01:46:10,1783820770,R_75,52652.8711,1,14.969599999996717,BACKFILL_AUTO
2026-07-12 01:46:12,1783820772,R_75,52669.773,1,16.90190000000439,BACKFILL_AUTO
2026-07-12 01:46:14,1783820774,R_75,52684.4857,1,14.712699999996403,BACKFILL_AUTO
2026-07-12 01:46:16,1783820776,R_75,52681.0019,-1,3.483799999994517,BACKFILL_AUTO
2026-07-12 01:46:18,1783820778,R_75,52682.7568,1,1.7548999999999069,BACKFILL_AUTO
2026-07-12 01:46:20,1783820780,R_75,52670.6368,-1,12.12000000000262,BACKFILL_AUTO
2026-07-12 01:46:22,1783820782,R_75,52671.3036,1,0.666799999999057,BACKFILL_AUTO
2026-07-12 01:46:24,1783820784,R_75,52673.6036,1,2.3000000000029104,BACKFILL_AUTO
2026-07-12 01:46:26,1783820786,R_75,52673.745,1,0.14140000000043074,BACKFILL_AUTO
2026-07-12 01:46:28,1783820788,R_75,52687.6908,1,13.945799999994051,BACKFILL_AUTO
2026-07-12 01:46:30,1783820790,R_75,52687.421,-1,0.26979999999457505,BACKFILL_AUTO
2026-07-12 01:46:32,1783820792,R_75,52691.1874,1,3.7664000000004307,BACKFILL_AUTO
2026-07-12 01:46:34,1783820794,R_75,52685.6299,-1,5.557500000002619,BACKFILL_AUTO
2026-07-12 01:46:36,1783820796,R_75,52684.115,-1,1.5149000000019441,BACKFILL_AUTO
2026-07-12 01:46:38,1783820798,R_75,52675.5341,-1,8.580900000000838,BACKFILL_AUTO
2026-07-12 01:46:40,1783820800,R_75,52673.0396,-1,2.4945000000006985,BACKFILL_AUTO
2026-07-12 01:46:42,1783820802,R_75,52683.5877,1,10.548099999999977,BACKFILL_AUTO
2026-07-12 01:46:44,1783820804,R_75,52690.7533,1,7.165600000000268,BACKFILL_AUTO
2026-07-12 01:46:46,1783820806,R_75,52692.1604,1,1.407100000003993,BACKFILL_AUTO
2026-07-12 01:46:48,1783820808,R_75,52693.6231,1,1.4626999999964028,BACKFILL_AUTO
2026-07-12 01:46:50,1783820810,R_75,52684.6862,-1,8.936900000000605,BACKFILL_AUTO
2026-07-12 01:46:52,1783820812,R_75,52675.0329,-1,9.653299999998126,BACKFILL_AUTO
2026-07-12 01:46:54,1783820814,R_75,52689.9882,1,14.955300000001444,BACKFILL_AUTO
2026-07-12 01:46:56,1783820816,R_75,52682.1311,-1,7.857100000001083,BACKFILL_AUTO
2026-07-12 01:46:58,1783820818,R_75,52656.8684,-1,25.262699999999313,BACKFILL_AUTO
2026-07-12 01:47:00,1783820820,R_75,52650.5603,-1,6.308100000002014,BACKFILL_AUTO
2026-07-12 01:47:02,1783820822,R_75,52644.1804,-1,6.379899999999907,BACKFILL_AUTO
2026-07-12 01:47:04,1783820824,R_75,52635.95,-1,8.230400000000373,BACKFILL_AUTO
2026-07-12 01:47:06,1783820826,R_75,52636.8021,1,0.852100000003702,BACKFILL_AUTO
2026-07-12 01:47:08,1783820828,R_75,52647.17,1,10.367899999997462,BACKFILL_AUTO
2026-07-12 01:47:10,1783820830,R_75,52647.2262,1,0.05619999999908032,BACKFILL_AUTO
2026-07-12 01:47:12,1783820832,R_75,52639.334,-1,7.892199999994773,BACKFILL_AUTO
2026-07-12 01:47:14,1783820834,R_75,52625.7718,-1,13.562200000000303,BACKFILL_AUTO
2026-07-12 01:47:16,1783820836,R_75,52634.2725,1,8.500699999996868,BACKFILL_AUTO
2026-07-12 01:47:18,1783820838,R_75,52641.4438,1,7.171300000001793,BACKFILL_AUTO
2026-07-12 01:47:20,1783820840,R_75,52642.2901,1,0.8462999999974272,BACKFILL_AUTO
2026-07-12 01:47:22,1783820842,R_75,52642.5945,1,0.3044000000008964,BACKFILL_AUTO
2026-07-12 01:47:24,1783820844,R_75,52664.0085,1,21.414000000004307,BACKFILL_AUTO
2026-07-12 01:47:26,1783820846,R_75,52669.9698,1,5.96129999999539,BACKFILL_AUTO
2026-07-12 01:47:28,1783820848,R_75,52676.1321,1,6.162300000003597,BACKFILL_AUTO
2026-07-12 01:47:30,1783820850,R_75,52690.7686,1,14.636500000000524,BACKFILL_AUTO
2026-07-12 01:47:32,1783820852,R_75,52685.4556,-1,5.313000000001921,BACKFILL_AUTO
2026-07-12 01:47:34,1783820854,R_75,52686.2027,1,0.7471000000005006,BACKFILL_AUTO
2026-07-12 01:47:36,1783820856,R_75,52674.7578,-1,11.444900000002235,BACKFILL_AUTO
2026-07-12 01:47:38,1783820858,R_75,52676.7061,1,1.9483000000036554,BACKFILL_AUTO
2026-07-12 01:47:40,1783820860,R_75,52670.8868,-1,5.8193000000028405,BACKFILL_AUTO
2026-07-12 01:47:42,1783820862,R_75,52668.968,-1,1.9187999999994645,BACKFILL_AUTO
2026-07-12 01:47:44,1783820864,R_75,52670.4137,1,1.4456999999965774,BACKFILL_AUTO
2026-07-12 01:47:46,1783820866,R_75,52675.8231,1,5.409400000004098,BACKFILL_AUTO
2026-07-12 01:47:48,1783820868,R_75,52683.5031,1,7.680000000000291,BACKFILL_AUTO
2026-07-12 01:47:50,1783820870,R_75,52656.9951,-1,26.50800000000163,BACKFILL_AUTO
2026-07-12 01:47:52,1783820872,R_75,52643.1776,-1,13.81749999999738,BACKFILL_AUTO
2026-07-12 01:47:54,1783820874,R_75,52637.5725,-1,5.605100000000675,BACKFILL_AUTO
2026-07-12 01:47:56,1783820876,R_75,52639.8392,1,2.266700000000128,BACKFILL_AUTO
2026-07-12 01:47:58,1783820878,R_75,52641.4007,1,1.5614999999961583,BACKFILL_AUTO
2026-07-12 01:48:00,1783820880,R_75,52638.4012,-1,2.999499999998079,BACKFILL_AUTO
2026-07-12 01:48:02,1783820882,R_75,52627.0424,-1,11.358800000001793,BACKFILL_AUTO
2026-07-12 01:48:04,1783820884,R_75,52618.5757,-1,8.466699999997218,BACKFILL_AUTO
2026-07-12 01:48:06,1783820886,R_75,52615.4936,-1,3.0820999999996275,BACKFILL_AUTO
2026-07-12 01:48:08,1783820888,R_75,52614.5451,-1,0.948499999998603,BACKFILL_AUTO
2026-07-12 01:48:10,1783820890,R_75,52612.2432,-1,2.301900000005844,BACKFILL_AUTO
2026-07-12 01:48:12,1783820892,R_75,52615.6528,1,3.4096000000063214,BACKFILL_AUTO
2026-07-12 01:48:14,1783820894,R_75,52619.9733,1,4.320499999994354,BACKFILL_AUTO
2026-07-12 01:48:16,1783820896,R_75,52627.4101,1,7.436800000003132,BACKFILL_AUTO
2026-07-12 01:48:18,1783820898,R_75,52631.1407,1,3.730600000002596,BACKFILL_AUTO
2026-07-12 01:48:20,1783820900,R_75,52636.4264,1,5.285699999993085,BACKFILL_AUTO
2026-07-12 01:48:22,1783820902,R_75,52631.221,-1,5.205399999998917,BACKFILL_AUTO
2026-07-12 01:48:24,1783820904,R_75,52629.6566,-1,1.5643999999956577,BACKFILL_AUTO
2026-07-12 01:48:26,1783820906,R_75,52626.1678,-1,3.4887999999991735,BACKFILL_AUTO
2026-07-12 01:48:28,1783820908,R_75,52635.368,1,9.200199999999313,BACKFILL_AUTO
2026-07-12 01:48:30,1783820910,R_75,52648.842,1,13.473999999994703,BACKFILL_AUTO
2026-07-12 01:48:32,1783820912,R_75,52652.0776,1,3.2355999999999767,BACKFILL_AUTO
2026-07-12 01:48:34,1783820914,R_75,52649.33,-1,2.7475999999951455,BACKFILL_AUTO
2026-07-12 01:48:36,1783820916,R_75,52645.2693,-1,4.060700000001816,BACKFILL_AUTO
2026-07-12 01:48:38,1783820918,R_75,52643.3641,-1,1.9052000000010594,BACKFILL_AUTO
2026-07-12 01:48:40,1783820920,R_75,52635.3354,-1,8.028699999995297,BACKFILL_AUTO
2026-07-12 01:48:42,1783820922,R_75,52638.6365,1,3.30109999999695,BACKFILL_AUTO
2026-07-12 01:48:44,1783820924,R_75,52641.0073,1,2.3707999999969616,BACKFILL_AUTO
2026-07-12 01:48:46,1783820926,R_75,52637.2843,-1,3.7229999999981374,BACKFILL_AUTO
2026-07-12 01:48:48,1783820928,R_75,52649.2522,1,11.967900000003283,BACKFILL_AUTO
2026-07-12 01:48:50,1783820930,R_75,52648.7812,-1,0.47100000000500586,BACKFILL_AUTO
2026-07-12 01:48:52,1783820932,R_75,52647.3465,-1,1.4346999999979744,BACKFILL_AUTO
2026-07-12 01:48:54,1783820934,R_75,52644.1848,-1,3.1616999999969266,BACKFILL_AUTO
2026-07-12 01:48:56,1783820936,R_75,52645.8414,1,1.6565999999947962,BACKFILL_AUTO
2026-07-12 01:48:58,1783820938,R_75,52637.3502,-1,8.491199999996752,BACKFILL_AUTO
2026-07-12 01:49:00,1783820940,R_75,52632.9705,-1,4.379699999997683,BACKFILL_AUTO
2026-07-12 01:49:02,1783820942,R_75,52643.8676,1,10.89709999999468,BACKFILL_AUTO
2026-07-12 01:49:04,1783820944,R_75,52628.422,-1,15.445599999999104,BACKFILL_AUTO
2026-07-12 01:49:06,1783820946,R_75,52630.1281,1,1.7061000000030617,BACKFILL_AUTO
2026-07-12 01:49:08,1783820948,R_75,52628.8167,-1,1.3113999999986845,BACKFILL_AUTO
2026-07-12 01:49:10,1783820950,R_75,52632.9744,1,4.157699999996112,BACKFILL_AUTO
2026-07-12 01:49:12,1783820952,R_75,52633.0494,1,0.07500000000436557,BACKFILL_AUTO
2026-07-12 01:49:14,1783820954,R_75,52644.8727,1,11.82329999999638,BACKFILL_AUTO
2026-07-12 01:49:16,1783820956,R_75,52647.5012,1,2.628499999998894,BACKFILL_AUTO
2026-07-12 01:49:18,1783820958,R_75,52629.617,-1,17.88420000000042,BACKFILL_AUTO
2026-07-12 01:49:20,1783820960,R_75,52624.158,-1,5.458999999995285,BACKFILL_AUTO
2026-07-12 01:49:22,1783820962,R_75,52617.2281,-1,6.929900000002817,BACKFILL_AUTO
2026-07-12 01:49:24,1783820964,R_75,52613.8136,-1,3.4144999999989523,BACKFILL_AUTO
2026-07-12 01:49:26,1783820966,R_75,52620.6174,1,6.803800000001502,BACKFILL_AUTO
2026-07-12 01:49:28,1783820968,R_75,52631.8314,1,11.213999999999942,BACKFILL_AUTO
2026-07-12 01:49:30,1783820970,R_75,52616.1709,-1,15.660500000005413,BACKFILL_AUTO
2026-07-12 01:49:32,1783820972,R_75,52621.9779,1,5.8070000000006985,BACKFILL_AUTO
2026-07-12 01:49:34,1783820974,R_75,52623.5781,1,1.6002000000007683,BACKFILL_AUTO
2026-07-12 01:49:36,1783820976,R_75,52631.08,1,7.501900000002934,BACKFILL_AUTO
2026-07-12 01:49:38,1783820978,R_75,52652.2054,1,21.12539999999717,BACKFILL_AUTO
2026-07-12 01:49:40,1783820980,R_75,52649.1549,-1,3.0504999999975553,BACKFILL_AUTO
2026-07-12 01:49:42,1783820982,R_75,52664.7391,1,15.584199999997509,BACKFILL_AUTO
2026-07-12 01:49:44,1783820984,R_75,52676.1029,1,11.363799999999173,BACKFILL_AUTO
2026-07-12 01:49:46,1783820986,R_75,52675.7771,-1,0.3257999999987078,BACKFILL_AUTO
2026-07-12 01:49:48,1783820988,R_75,52681.9886,1,6.2114999999976135,BACKFILL_AUTO
2026-07-12 01:49:50,1783820990,R_75,52673.2615,-1,8.727099999996426,BACKFILL_AUTO
2026-07-12 01:49:52,1783820992,R_75,52688.8043,1,15.542800000002899,BACKFILL_AUTO
2026-07-12 01:49:54,1783820994,R_75,52698.2636,1,9.459299999994982,BACKFILL_AUTO
2026-07-12 01:49:56,1783820996,R_75,52688.4717,-1,9.79189999999653,BACKFILL_AUTO
2026-07-12 01:49:58,1783820998,R_75,52692.9176,1,4.445899999998801,BACKFILL_AUTO
2026-07-12 01:50:00,1783821000,R_75,52687.1974,-1,5.720200000003388,BACKFILL_AUTO
2026-07-12 01:50:02,1783821002,R_75,52676.2341,-1,10.963299999995797,BACKFILL_AUTO
2026-07-12 01:50:04,1783821004,R_75,52692.3054,1,16.071299999995972,BACKFILL_AUTO
2026-07-12 01:50:06,1783821006,R_75,52692.8288,1,0.5234000000054948,BACKFILL_AUTO
2026-07-12 01:50:08,1783821008,R_75,52685.2941,-1,7.534700000003795,BACKFILL_AUTO
2026-07-12 01:50:10,1783821010,R_75,52687.0087,1,1.7145999999993364,BACKFILL_AUTO
2026-07-12 01:50:12,1783821012,R_75,52697.2605,1,10.251799999998184,BACKFILL_AUTO
2026-07-12 01:50:14,1783821014,R_75,52706.5013,1,9.240800000006857,BACKFILL_AUTO
2026-07-12 01:50:16,1783821016,R_75,52712.1965,1,5.6951999999946565,BACKFILL_AUTO
2026-07-12 01:50:18,1783821018,R_75,52717.5005,1,5.304000000003725,BACKFILL_AUTO
2026-07-12 01:50:20,1783821020,R_75,52713.5263,-1,3.9742000000042026,BACKFILL_AUTO
2026-07-12 01:50:22,1783821022,R_75,52723.5684,1,10.042099999998754,BACKFILL_AUTO
2026-07-12 01:50:24,1783821024,R_75,52722.3254,-1,1.242999999994936,BACKFILL_AUTO
2026-07-12 01:50:26,1783821026,R_75,52715.4629,-1,6.86250000000291,BACKFILL_AUTO
2026-07-12 01:50:28,1783821028,R_75,52720.1496,1,4.686699999998382,BACKFILL_AUTO
2026-07-12 01:50:30,1783821030,R_75,52717.0122,-1,3.137399999999616,BACKFILL_AUTO
2026-07-12 01:50:32,1783821032,R_75,52720.0836,1,3.0714000000007218,BACKFILL_AUTO
2026-07-12 01:50:34,1783821034,R_75,52715.174,-1,4.909599999999045,BACKFILL_AUTO
2026-07-12 01:50:36,1783821036,R_75,52716.8073,1,1.6333000000013271,BACKFILL_AUTO
2026-07-12 01:50:38,1783821038,R_75,52697.5625,-1,19.244800000000396,BACKFILL_AUTO
2026-07-12 01:50:40,1783821040,R_75,52698.3116,1,0.749100000000908,BACKFILL_AUTO
2026-07-12 01:50:42,1783821042,R_75,52706.5653,1,8.253700000001118,BACKFILL_AUTO
2026-07-12 01:50:44,1783821044,R_75,52709.1333,1,2.5679999999993015,BACKFILL_AUTO
2026-07-12 01:50:46,1783821046,R_75,52698.2503,-1,10.88300000000163,BACKFILL_AUTO
2026-07-12 01:50:48,1783821048,R_75,52698.6188,1,0.3684999999968568,BACKFILL_AUTO
2026-07-12 01:50:50,1783821050,R_75,52692.9962,-1,5.6225999999951455,BACKFILL_AUTO
2026-07-12 01:50:52,1783821052,R_75,52709.6586,1,16.66240000000107,BACKFILL_AUTO
2026-07-12 01:50:54,1783821054,R_75,52722.7975,1,13.138899999998102,BACKFILL_AUTO
2026-07-12 01:50:56,1783821056,R_75,52724.8022,1,2.0046999999976833,BACKFILL_AUTO
2026-07-12 01:50:58,1783821058,R_75,52726.696,1,1.8938000000052853,BACKFILL_AUTO
2026-07-12 01:51:00,1783821060,R_75,52717.4344,-1,9.261600000005274,BACKFILL_AUTO
2026-07-12 01:51:02,1783821062,R_75,52723.125,1,5.690600000001723,BACKFILL_AUTO
2026-07-12 01:51:04,1783821064,R_75,52735.4609,1,12.335899999998219,BACKFILL_AUTO
2026-07-12 01:51:06,1783821066,R_75,52725.317,-1,10.143899999995483,BACKFILL_AUTO
2026-07-12 01:51:08,1783821068,R_75,52705.6532,-1,19.663800000002084,BACKFILL_AUTO
2026-07-12 01:51:10,1783821070,R_75,52719.4152,1,13.762000000002445,BACKFILL_AUTO
2026-07-12 01:51:12,1783821072,R_75,52727.2836,1,7.868399999999383,BACKFILL_AUTO
2026-07-12 01:51:14,1783821074,R_75,52732.2105,1,4.926899999998568,BACKFILL_AUTO
2026-07-12 01:51:16,1783821076,R_75,52728.8788,-1,3.3317000000024564,BACKFILL_AUTO
2026-07-12 01:51:18,1783821078,R_75,52724.1992,-1,4.679599999995844,BACKFILL_AUTO
2026-07-12 01:51:20,1783821080,R_75,52738.0052,1,13.805999999996857,BACKFILL_AUTO
2026-07-12 01:51:22,1783821082,R_75,52734.8362,-1,3.169000000001688,BACKFILL_AUTO
2026-07-12 01:51:24,1783821084,R_75,52715.5049,-1,19.33129999999801,BACKFILL_AUTO
2026-07-12 01:51:26,1783821086,R_75,52715.347,-1,0.15789999999833526,BACKFILL_AUTO
2026-07-12 01:51:28,1783821088,R_75,52723.162,1,7.814999999995052,BACKFILL_AUTO
2026-07-12 01:51:30,1783821090,R_75,52723.4522,1,0.29020000000309665,BACKFILL_AUTO
2026-07-12 01:51:32,1783821092,R_75,52722.2623,-1,1.1898999999975786,BACKFILL_AUTO
2026-07-12 01:51:34,1783821094,R_75,52721.1965,-1,1.0658000000039465,BACKFILL_AUTO
2026-07-12 01:51:36,1783821096,R_75,52727.1426,1,5.9461000000010245,BACKFILL_AUTO
2026-07-12 01:51:38,1783821098,R_75,52704.4039,-1,22.7387000000017,BACKFILL_AUTO
2026-07-12 01:51:40,1783821100,R_75,52712.2035,1,7.799600000005739,BACKFILL_AUTO
2026-07-12 01:51:42,1783821102,R_75,52731.007,1,18.80349999999453,BACKFILL_AUTO
2026-07-12 01:51:44,1783821104,R_75,52722.6639,-1,8.34309999999823,BACKFILL_AUTO
2026-07-12 01:51:46,1783821106,R_75,52722.8449,1,0.1809999999968568,BACKFILL_AUTO
2026-07-12 01:51:48,1783821108,R_75,52736.7809,1,13.936000000001513,BACKFILL_AUTO
2026-07-12 01:51:50,1783821110,R_75,52733.9462,-1,2.8346999999994296,BACKFILL_AUTO
2026-07-12 01:51:52,1783821112,R_75,52712.185,-1,21.761200000000827,BACKFILL_AUTO
2026-07-12 01:51:54,1783821114,R_75,52721.6726,1,9.487600000000384,BACKFILL_AUTO
2026-07-12 01:51:56,1783821116,R_75,52717.6602,-1,4.012399999999616,BACKFILL_AUTO
2026-07-12 01:51:58,1783821118,R_75,52721.2278,1,3.5676000000021304,BACKFILL_AUTO
2026-07-12 01:52:00,1783821120,R_75,52717.6713,-1,3.5564999999987776,BACKFILL_AUTO
2026-07-12 01:52:02,1783821122,R_75,52716.6082,-1,1.0630999999993946,BACKFILL_AUTO
2026-07-12 01:52:04,1783821124,R_75,52738.7486,1,22.14039999999659,BACKFILL_AUTO
2026-07-12 01:52:06,1783821126,R_75,52733.2688,-1,5.479800000000978,BACKFILL_AUTO
2026-07-12 01:52:08,1783821128,R_75,52736.5441,1,3.2753000000011525,BACKFILL_AUTO
2026-07-12 01:52:10,1783821130,R_75,52740.8662,1,4.32209999999759,BACKFILL_AUTO
2026-07-12 01:52:12,1783821132,R_75,52750.2736,1,9.40740000000369,BACKFILL_AUTO
2026-07-12 01:52:14,1783821134,R_75,52763.2511,1,12.977500000000873,BACKFILL_AUTO
2026-07-12 01:52:16,1783821136,R_75,52761.2249,-1,2.0262000000002445,BACKFILL_AUTO
2026-07-12 01:52:18,1783821138,R_75,52761.0028,-1,0.2220999999990454,BACKFILL_AUTO
2026-07-12 01:52:20,1783821140,R_75,52746.1679,-1,14.834900000001653,BACKFILL_AUTO
2026-07-12 01:52:22,1783821142,R_75,52739.1389,-1,7.02900000000227,BACKFILL_AUTO
2026-07-12 01:52:24,1783821144,R_75,52749.7956,1,10.656699999999546,BACKFILL_AUTO
2026-07-12 01:52:26,1783821146,R_75,52755.282,1,5.486400000001595,BACKFILL_AUTO
2026-07-12 01:52:28,1783821148,R_75,52753.218,-1,2.0639999999984866,BACKFILL_AUTO
2026-07-12 01:52:30,1783821150,R_75,52750.6198,-1,2.598200000000361,BACKFILL_AUTO
2026-07-12 01:52:32,1783821152,R_75,52753.2698,1,2.650000000001455,BACKFILL_AUTO
2026-07-12 01:52:34,1783821154,R_75,52757.3088,1,4.038999999997031,BACKFILL_AUTO
2026-07-12 01:52:36,1783821156,R_75,52753.1571,-1,4.151700000002165,BACKFILL_AUTO
2026-07-12 01:52:38,1783821158,R_75,52757.4576,1,4.300500000004831,BACKFILL_AUTO
2026-07-12 01:52:40,1783821160,R_75,52770.7276,1,13.269999999996799,BACKFILL_AUTO
2026-07-12 01:52:42,1783821162,R_75,52761.7274,-1,9.000199999994948,BACKFILL_AUTO
2026-07-12 01:52:44,1783821164,R_75,52748.6992,-1,13.028200000000652,BACKFILL_AUTO
2026-07-12 01:52:46,1783821166,R_75,52747.6876,-1,1.0116000000052736,BACKFILL_AUTO
2026-07-12 01:52:48,1783821168,R_75,52750.4352,1,2.7476000000024214,BACKFILL_AUTO
2026-07-12 01:52:50,1783821170,R_75,52755.838,1,5.402800000003481,BACKFILL_AUTO
2026-07-12 01:52:52,1783821172,R_75,52754.4454,-1,1.392600000006496,BACKFILL_AUTO
2026-07-12 01:52:54,1783821174,R_75,52762.294,1,7.848600000004808,BACKFILL_AUTO
2026-07-12 01:52:56,1783821176,R_75,52750.7117,-1,11.582300000001851,BACKFILL_AUTO
2026-07-12 01:52:58,1783821178,R_75,52766.042,1,15.330300000001444,BACKFILL_AUTO
2026-07-12 01:53:00,1783821180,R_75,52764.2619,-1,1.7801000000035856,BACKFILL_AUTO
2026-07-12 01:53:02,1783821182,R_75,52758.8684,-1,5.393499999998312,BACKFILL_AUTO
2026-07-12 01:53:04,1783821184,R_75,52748.6516,-1,10.216800000001967,BACKFILL_AUTO
2026-07-12 01:53:06,1783821186,R_75,52760.5605,1,11.908900000002177,BACKFILL_AUTO
2026-07-12 01:53:08,1783821188,R_75,52752.53,-1,8.030500000000757,BACKFILL_AUTO
2026-07-12 01:53:10,1783821190,R_75,52755.6003,1,3.0702999999994063,BACKFILL_AUTO
2026-07-12 01:53:12,1783821192,R_75,52742.7749,-1,12.825400000001537,BACKFILL_AUTO
2026-07-12 01:53:14,1783821194,R_75,52737.9016,-1,4.87329999999929,BACKFILL_AUTO
2026-07-12 01:53:16,1783821196,R_75,52745.4955,1,7.593899999999849,BACKFILL_AUTO
2026-07-12 01:53:18,1783821198,R_75,52759.9546,1,14.459100000000035,BACKFILL_AUTO
2026-07-12 01:53:20,1783821200,R_75,52730.0295,-1,29.925100000000384,BACKFILL_AUTO
2026-07-12 01:53:22,1783821202,R_75,52728.5999,-1,1.429599999995844,BACKFILL_AUTO
2026-07-12 01:53:24,1783821204,R_75,52729.4742,1,0.8742999999958556,BACKFILL_AUTO
2026-07-12 01:53:26,1783821206,R_75,52725.1298,-1,4.3443999999944936,BACKFILL_AUTO
2026-07-12 01:53:28,1783821208,R_75,52721.8281,-1,3.3017000000036205,BACKFILL_AUTO
2026-07-12 01:53:30,1783821210,R_75,52724.887,1,3.058900000003632,BACKFILL_AUTO
2026-07-12 01:53:32,1783821212,R_75,52717.8569,-1,7.030100000003586,BACKFILL_AUTO
2026-07-12 01:53:34,1783821214,R_75,52716.1779,-1,1.6789999999964493,BACKFILL_AUTO
2026-07-12 01:53:36,1783821216,R_75,52719.7358,1,3.5578999999997905,BACKFILL_AUTO
2026-07-12 01:53:38,1783821218,R_75,52711.1803,-1,8.555500000002212,BACKFILL_AUTO
2026-07-12 01:53:40,1783821220,R_75,52719.2359,1,8.055599999999686,BACKFILL_AUTO
2026-07-12 01:53:42,1783821222,R_75,52700.3582,-1,18.877699999997276,BACKFILL_AUTO
2026-07-12 01:53:44,1783821224,R_75,52692.2138,-1,8.14440000000468,BACKFILL_AUTO
2026-07-12 01:53:46,1783821226,R_75,52696.0092,1,3.795400000002701,BACKFILL_AUTO
2026-07-12 01:53:48,1783821228,R_75,52704.5146,1,8.505400000001828,BACKFILL_AUTO
2026-07-12 01:53:50,1783821230,R_75,52696.7064,-1,7.808199999999488,BACKFILL_AUTO
2026-07-12 01:53:52,1783821232,R_75,52698.5721,1,1.8656999999948312,BACKFILL_AUTO
2026-07-12 01:53:54,1783821234,R_75,52717.5444,1,18.97230000000127,BACKFILL_AUTO
2026-07-12 01:53:56,1783821236,R_75,52733.8743,1,16.329900000004272,BACKFILL_AUTO
2026-07-12 01:53:58,1783821238,R_75,52736.4712,1,2.596899999996822,BACKFILL_AUTO
2026-07-12 01:54:00,1783821240,R_75,52757.8315,1,21.36030000000028,BACKFILL_AUTO
2026-07-12 01:54:02,1783821242,R_75,52768.7035,1,10.872000000003027,BACKFILL_AUTO
2026-07-12 01:54:04,1783821244,R_75,52768.1846,-1,0.518900000002759,BACKFILL_AUTO
2026-07-12 01:54:06,1783821246,R_75,52776.4728,1,8.28820000000269,BACKFILL_AUTO
2026-07-12 01:54:08,1783821248,R_75,52776.2707,-1,0.20210000000224682,BACKFILL_AUTO
2026-07-12 01:54:10,1783821250,R_75,52760.0706,-1,16.20010000000184,BACKFILL_AUTO
2026-07-12 01:54:12,1783821252,R_75,52747.424,-1,12.646600000000035,BACKFILL_AUTO
2026-07-12 01:54:14,1783821254,R_75,52755.4042,1,7.980199999998149,BACKFILL_AUTO
2026-07-12 01:54:16,1783821256,R_75,52746.7176,-1,8.686599999993632,BACKFILL_AUTO
2026-07-12 01:54:18,1783821258,R_75,52747.2252,1,0.5075999999971827,BACKFILL_AUTO
2026-07-12 01:54:20,1783821260,R_75,52721.7161,-1,25.509100000002945,BACKFILL_AUTO
2026-07-12 01:54:22,1783821262,R_75,52725.9954,1,4.279300000001967,BACKFILL_AUTO
2026-07-12 01:54:24,1783821264,R_75,52710.1978,-1,15.797599999998056,BACKFILL_AUTO
2026-07-12 01:54:26,1783821266,R_75,52692.8743,-1,17.323499999998603,BACKFILL_AUTO
2026-07-12 01:54:28,1783821268,R_75,52690.4364,-1,2.437900000004447,BACKFILL_AUTO
2026-07-12 01:54:30,1783821270,R_75,52677.2402,-1,13.196199999998498,BACKFILL_AUTO
2026-07-12 01:54:32,1783821272,R_75,52674.9337,-1,2.3064999999987776,BACKFILL_AUTO
2026-07-12 01:54:34,1783821274,R_75,52679.4245,1,4.490799999999581,BACKFILL_AUTO
2026-07-12 01:54:36,1783821276,R_75,52697.1512,1,17.726699999999255,BACKFILL_AUTO
2026-07-12 01:54:38,1783821278,R_75,52708.5108,1,11.359599999996135,BACKFILL_AUTO
2026-07-12 01:54:40,1783821280,R_75,52689.8782,-1,18.632599999997183,BACKFILL_AUTO
2026-07-12 01:54:42,1783821282,R_75,52698.2836,1,8.405400000003283,BACKFILL_AUTO
2026-07-12 01:54:44,1783821284,R_75,52704.2566,1,5.972999999998137,BACKFILL_AUTO
2026-07-12 01:54:46,1783821286,R_75,52708.6008,1,4.344199999999546,BACKFILL_AUTO
2026-07-12 01:54:48,1783821288,R_75,52715.7554,1,7.154600000001665,BACKFILL_AUTO
2026-07-12 01:54:50,1783821290,R_75,52715.9677,1,0.21229999999923166,BACKFILL_AUTO
2026-07-12 01:54:52,1783821292,R_75,52701.9376,-1,14.030100000003586,BACKFILL_AUTO
2026-07-12 01:54:54,1783821294,R_75,52715.2707,1,13.33310000000347,BACKFILL_AUTO
2026-07-12 01:54:56,1783821296,R_75,52725.5537,1,10.282999999995809,BACKFILL_AUTO
2026-07-12 01:54:58,1783821298,R_75,52736.3613,1,10.807600000000093,BACKFILL_AUTO
2026-07-12 01:55:00,1783821300,R_75,52732.4329,-1,3.9283999999970547,BACKFILL_AUTO
2026-07-12 01:55:02,1783821302,R_75,52708.6867,-1,23.74620000000141,BACKFILL_AUTO
2026-07-12 01:55:04,1783821304,R_75,52708.0691,-1,0.6175999999977648,BACKFILL_AUTO
2026-07-12 01:55:06,1783821306,R_75,52702.818,-1,5.2511000000013155,BACKFILL_AUTO
2026-07-12 01:55:08,1783821308,R_75,52713.1578,1,10.33980000000156,BACKFILL_AUTO
2026-07-12 01:55:10,1783821310,R_75,52713.7336,1,0.5757999999987078,BACKFILL_AUTO
2026-07-12 01:55:12,1783821312,R_75,52714.9361,1,1.202499999999418,BACKFILL_AUTO
2026-07-12 01:55:14,1783821314,R_75,52704.7266,-1,10.209499999997206,BACKFILL_AUTO
2026-07-12 01:55:16,1783821316,R_75,52732.4646,1,27.737999999997555,BACKFILL_AUTO
2026-07-12 01:55:18,1783821318,R_75,52714.8544,-1,17.610200000002806,BACKFILL_AUTO
2026-07-12 01:55:20,1783821320,R_75,52703.9623,-1,10.8920999999973,BACKFILL_AUTO
2026-07-12 01:55:22,1783821322,R_75,52708.071,1,4.108700000004319,BACKFILL_AUTO
2026-07-12 01:55:24,1783821324,R_75,52728.8716,1,20.80059999999503,BACKFILL_AUTO
2026-07-12 01:55:26,1783821326,R_75,52729.7699,1,0.8983000000007451,BACKFILL_AUTO
2026-07-12 01:55:28,1783821328,R_75,52728.53,-1,1.239900000000489,BACKFILL_AUTO
2026-07-12 01:55:30,1783821330,R_75,52736.5233,1,7.993300000001909,BACKFILL_AUTO
2026-07-12 01:55:32,1783821332,R_75,52721.8721,-1,14.651200000000244,BACKFILL_AUTO
2026-07-12 01:55:34,1783821334,R_75,52711.4966,-1,10.37550000000192,BACKFILL_AUTO
2026-07-12 01:55:36,1783821336,R_75,52704.7931,-1,6.703499999995984,BACKFILL_AUTO
2026-07-12 01:55:38,1783821338,R_75,52692.4128,-1,12.380300000004354,BACKFILL_AUTO
2026-07-12 01:55:40,1783821340,R_75,52698.1502,1,5.737399999998161,BACKFILL_AUTO
2026-07-12 01:55:42,1783821342,R_75,52698.7305,1,0.5803000000014435,BACKFILL_AUTO
2026-07-12 01:55:44,1783821344,R_75,52704.5316,1,5.801100000004226,BACKFILL_AUTO
2026-07-12 01:55:46,1783821346,R_75,52700.0595,-1,4.472099999999045,BACKFILL_AUTO
2026-07-12 01:55:48,1783821348,R_75,52716.9863,1,16.92679999999382,BACKFILL_AUTO
2026-07-12 01:55:50,1783821350,R_75,52738.3818,1,21.395500000005995,BACKFILL_AUTO
2026-07-12 01:55:52,1783821352,R_75,52741.8755,1,3.4936999999990803,BACKFILL_AUTO
2026-07-12 01:55:54,1783821354,R_75,52744.1657,1,2.2901999999958207,BACKFILL_AUTO
2026-07-12 01:55:56,1783821356,R_75,52717.3807,-1,26.784999999996217,BACKFILL_AUTO
2026-07-12 01:55:58,1783821358,R_75,52720.2974,1,2.9167000000015832,BACKFILL_AUTO
2026-07-12 01:56:00,1783821360,R_75,52718.3849,-1,1.9125000000058208,BACKFILL_AUTO
2026-07-12 01:56:02,1783821362,R_75,52703.7509,-1,14.633999999998196,BACKFILL_AUTO
2026-07-12 01:56:04,1783821364,R_75,52692.6558,-1,11.095099999998638,BACKFILL_AUTO
2026-07-12 01:56:06,1783821366,R_75,52687.4384,-1,5.217400000001362,BACKFILL_AUTO
2026-07-12 01:56:08,1783821368,R_75,52689.9594,1,2.5210000000006403,BACKFILL_AUTO
2026-07-12 01:56:10,1783821370,R_75,52712.4042,1,22.444799999997485,BACKFILL_AUTO
2026-07-12 01:56:12,1783821372,R_75,52712.3508,-1,0.05339999999705469,BACKFILL_AUTO
2026-07-12 01:56:14,1783821374,R_75,52692.8358,-1,19.514999999999418,BACKFILL_AUTO
2026-07-12 01:56:16,1783821376,R_75,52688.6048,-1,4.230999999999767,BACKFILL_AUTO
2026-07-12 01:56:18,1783821378,R_75,52701.3055,1,12.700700000001234,BACKFILL_AUTO
2026-07-12 01:56:20,1783821380,R_75,52696.8996,-1,4.405900000005204,BACKFILL_AUTO
2026-07-12 01:56:22,1783821382,R_75,52699.4521,1,2.5525000000052387,BACKFILL_AUTO
2026-07-12 01:56:24,1783821384,R_75,52710.1856,1,10.73349999999482,BACKFILL_AUTO
2026-07-12 01:56:26,1783821386,R_75,52713.676,1,3.49040000000241,BACKFILL_AUTO
2026-07-12 01:56:28,1783821388,R_75,52719.8487,1,6.172700000002806,BACKFILL_AUTO
2026-07-12 01:56:30,1783821390,R_75,52725.1573,1,5.308599999996659,BACKFILL_AUTO
2026-07-12 01:56:32,1783821392,R_75,52726.9987,1,1.8413999999975204,BACKFILL_AUTO
2026-07-12 01:56:34,1783821394,R_75,52731.526,1,4.52730000000156,BACKFILL_AUTO
2026-07-12 01:56:36,1783821396,R_75,52726.2607,-1,5.265299999999115,BACKFILL_AUTO
2026-07-12 01:56:38,1783821398,R_75,52713.6419,-1,12.618799999996554,BACKFILL_AUTO
2026-07-12 01:56:40,1783821400,R_75,52727.7908,1,14.14890000000014,BACKFILL_AUTO
2026-07-12 01:56:42,1783821402,R_75,52734.7925,1,7.00170000000071,BACKFILL_AUTO
2026-07-12 01:56:44,1783821404,R_75,52714.3293,-1,20.4632000000056,BACKFILL_AUTO
2026-07-12 01:56:46,1783821406,R_75,52718.1869,1,3.8576000000030035,BACKFILL_AUTO
2026-07-12 01:56:48,1783821408,R_75,52717.2757,-1,0.9112000000022817,BACKFILL_AUTO
2026-07-12 01:56:50,1783821410,R_75,52723.5411,1,6.265400000003865,BACKFILL_AUTO
2026-07-12 01:56:52,1783821412,R_75,52721.3998,-1,2.141300000002957,BACKFILL_AUTO
2026-07-12 01:56:54,1783821414,R_75,52714.1599,-1,7.239900000000489,BACKFILL_AUTO
2026-07-12 01:56:56,1783821416,R_75,52719.6503,1,5.49040000000241,BACKFILL_AUTO
2026-07-12 01:56:58,1783821418,R_75,52720.6905,1,1.0401999999958207,BACKFILL_AUTO
2026-07-12 01:57:00,1783821420,R_75,52744.4703,1,23.77980000000389,BACKFILL_AUTO
2026-07-12 01:57:02,1783821422,R_75,52752.4835,1,8.013200000001234,BACKFILL_AUTO
2026-07-12 01:57:04,1783821424,R_75,52741.2698,-1,11.213700000000244,BACKFILL_AUTO
2026-07-12 01:57:06,1783821426,R_75,52750.3661,1,9.096299999997427,BACKFILL_AUTO
2026-07-12 01:57:08,1783821428,R_75,52759.2769,1,8.910799999997835,BACKFILL_AUTO
2026-07-12 01:57:10,1783821430,R_75,52746.5479,-1,12.72899999999936,BACKFILL_AUTO
2026-07-12 01:57:12,1783821432,R_75,52735.2895,-1,11.258399999998801,BACKFILL_AUTO
2026-07-12 01:57:14,1783821434,R_75,52733.6249,-1,1.664599999996426,BACKFILL_AUTO
2026-07-12 01:57:16,1783821436,R_75,52724.6245,-1,9.000400000004447,BACKFILL_AUTO
2026-07-12 01:57:18,1783821438,R_75,52716.514,-1,8.110499999995227,BACKFILL_AUTO
2026-07-12 01:57:20,1783821440,R_75,52708.4394,-1,8.074599999999919,BACKFILL_AUTO
2026-07-12 01:57:22,1783821442,R_75,52700.4086,-1,8.030800000000454,BACKFILL_AUTO
2026-07-12 01:57:24,1783821444,R_75,52688.4401,-1,11.968500000002678,BACKFILL_AUTO
2026-07-12 01:57:26,1783821446,R_75,52678.9369,-1,9.503199999999197,BACKFILL_AUTO
2026-07-12 01:57:28,1783821448,R_75,52680.2197,1,1.2828000000008615,BACKFILL_AUTO
2026-07-12 01:57:30,1783821450,R_75,52674.2326,-1,5.987099999998463,BACKFILL_AUTO
2026-07-12 01:57:32,1783821452,R_75,52681.8086,1,7.575999999993655,BACKFILL_AUTO
2026-07-12 01:57:34,1783821454,R_75,52699.461,1,17.65240000000631,BACKFILL_AUTO
2026-07-12 01:57:36,1783821456,R_75,52696.084,-1,3.3770000000004075,BACKFILL_AUTO
2026-07-12 01:57:38,1783821458,R_75,52701.6399,1,5.555899999999383,BACKFILL_AUTO
2026-07-12 01:57:40,1783821460,R_75,52691.2493,-1,10.390599999998813,BACKFILL_AUTO
2026-07-12 01:57:42,1783821462,R_75,52696.2033,1,4.9539999999979045,BACKFILL_AUTO
2026-07-12 01:57:44,1783821464,R_75,52693.6541,-1,2.549200000001292,BACKFILL_AUTO
2026-07-12 01:57:46,1783821466,R_75,52708.1,1,14.445899999998801,BACKFILL_AUTO
2026-07-12 01:57:48,1783821468,R_75,52709.7357,1,1.6356999999989057,BACKFILL_AUTO
2026-07-12 01:57:50,1783821470,R_75,52732.5379,1,22.80220000000554,BACKFILL_AUTO
2026-07-12 01:57:52,1783821472,R_75,52755.9357,1,23.397799999998824,BACKFILL_AUTO
2026-07-12 01:57:54,1783821474,R_75,52757.0216,1,1.0858999999982188,BACKFILL_AUTO
2026-07-12 01:57:56,1783821476,R_75,52735.6214,-1,21.400199999996403,BACKFILL_AUTO
2026-07-12 01:57:58,1783821478,R_75,52726.5499,-1,9.071500000005472,BACKFILL_AUTO
2026-07-12 01:58:00,1783821480,R_75,52735.295,1,8.745100000000093,BACKFILL_AUTO
2026-07-12 01:58:02,1783821482,R_75,52738.8359,1,3.540899999999965,BACKFILL_AUTO
2026-07-12 01:58:04,1783821484,R_75,52740.8873,1,2.051400000003923,BACKFILL_AUTO
2026-07-12 01:58:06,1783821486,R_75,52756.2524,1,15.365099999995437,BACKFILL_AUTO
2026-07-12 01:58:08,1783821488,R_75,52743.3674,-1,12.884999999994761,BACKFILL_AUTO
2026-07-12 01:58:10,1783821490,R_75,52746.2226,1,2.855199999998149,BACKFILL_AUTO
2026-07-12 01:58:12,1783821492,R_75,52754.2707,1,8.048099999999977,BACKFILL_AUTO
2026-07-12 01:58:14,1783821494,R_75,52735.505,-1,18.765700000003562,BACKFILL_AUTO
2026-07-12 01:58:16,1783821496,R_75,52714.8092,-1,20.69579999999405,BACKFILL_AUTO
2026-07-12 01:58:18,1783821498,R_75,52712.3955,-1,2.41370000000461,BACKFILL_AUTO
2026-07-12 01:58:20,1783821500,R_75,52709.3952,-1,3.0002999999996973,BACKFILL_AUTO
2026-07-12 01:58:22,1783821502,R_75,52708.1609,-1,1.2342999999964377,BACKFILL_AUTO
2026-07-12 01:58:24,1783821504,R_75,52715.3159,1,7.154999999998836,BACKFILL_AUTO
2026-07-12 01:58:26,1783821506,R_75,52701.2313,-1,14.084600000001956,BACKFILL_AUTO
2026-07-12 01:58:28,1783821508,R_75,52699.2241,-1,2.0072000000000116,BACKFILL_AUTO
2026-07-12 01:58:30,1783821510,R_75,52705.9106,1,6.686500000003434,BACKFILL_AUTO
2026-07-12 01:58:32,1783821512,R_75,52705.5895,-1,0.32110000000102445,BACKFILL_AUTO
2026-07-12 01:58:34,1783821514,R_75,52694.6579,-1,10.931600000003527,BACKFILL_AUTO
2026-07-12 01:58:36,1783821516,R_75,52687.3911,-1,7.266799999997602,BACKFILL_AUTO
2026-07-12 01:58:38,1783821518,R_75,52679.7183,-1,7.672800000000279,BACKFILL_AUTO
2026-07-12 01:58:40,1783821520,R_75,52683.9448,1,4.226499999997031,BACKFILL_AUTO
2026-07-12 01:58:42,1783821522,R_75,52674.7902,-1,9.154599999994389,BACKFILL_AUTO
2026-07-12 01:58:44,1783821524,R_75,52671.5927,-1,3.1975000000020373,BACKFILL_AUTO
2026-07-12 01:58:46,1783821526,R_75,52666.8528,-1,4.739900000000489,BACKFILL_AUTO
2026-07-12 01:58:48,1783821528,R_75,52677.1214,1,10.268600000003062,BACKFILL_AUTO
2026-07-12 01:58:50,1783821530,R_75,52687.0057,1,9.884299999997893,BACKFILL_AUTO
2026-07-12 01:58:52,1783821532,R_75,52670.5688,-1,16.436900000000605,BACKFILL_AUTO
2026-07-12 01:58:54,1783821534,R_75,52673.6737,1,3.1048999999984517,BACKFILL_AUTO
2026-07-12 01:58:56,1783821536,R_75,52674.5923,1,0.918599999997241,BACKFILL_AUTO
2026-07-12 01:58:58,1783821538,R_75,52678.048,1,3.4557000000058906,BACKFILL_AUTO
2026-07-12 01:59:00,1783821540,R_75,52666.6968,-1,11.35120000000461,BACKFILL_AUTO
2026-07-12 01:59:02,1783821542,R_75,52680.5404,1,13.843600000000151,BACKFILL_AUTO
2026-07-12 01:59:04,1783821544,R_75,52675.4319,-1,5.1084999999948195,BACKFILL_AUTO
2026-07-12 01:59:06,1783821546,R_75,52689.3521,1,13.920199999993201,BACKFILL_AUTO
2026-07-12 01:59:08,1783821548,R_75,52685.8282,-1,3.5238999999928637,BACKFILL_AUTO
2026-07-12 01:59:10,1783821550,R_75,52663.6342,-1,22.194000000003143,BACKFILL_AUTO
2026-07-12 01:59:12,1783821552,R_75,52664.0603,1,0.4260999999969499,BACKFILL_AUTO
2026-07-12 01:59:14,1783821554,R_75,52650.1565,-1,13.903800000000047,BACKFILL_AUTO
2026-07-12 01:59:16,1783821556,R_75,52653.154,1,2.9975000000049477,BACKFILL_AUTO
2026-07-12 01:59:18,1783821558,R_75,52637.1974,-1,15.956600000004983,BACKFILL_AUTO
2026-07-12 01:59:20,1783821560,R_75,52642.7988,1,5.601399999999558,BACKFILL_AUTO
2026-07-12 01:59:22,1783821562,R_75,52645.3075,1,2.508700000005774,BACKFILL_AUTO
2026-07-12 01:59:24,1783821564,R_75,52648.6996,1,3.392099999997299,BACKFILL_AUTO
2026-07-12 01:59:26,1783821566,R_75,52644.8907,-1,3.808899999996356,BACKFILL_AUTO
2026-07-12 01:59:28,1783821568,R_75,52610.9298,-1,33.960900000005495,BACKFILL_AUTO
2026-07-12 01:59:30,1783821570,R_75,52621.2577,1,10.327900000003865,BACKFILL_AUTO
2026-07-12 01:59:32,1783821572,R_75,52611.071,-1,10.186699999998382,BACKFILL_AUTO
2026-07-12 01:59:34,1783821574,R_75,52619.5618,1,8.490799999999581,BACKFILL_AUTO
2026-07-12 01:59:36,1783821576,R_75,52613.1183,-1,6.443500000001222,BACKFILL_AUTO
2026-07-12 01:59:38,1783821578,R_75,52608.029,-1,5.089299999999639,BACKFILL_AUTO
2026-07-12 01:59:40,1783821580,R_75,52610.3128,1,2.283799999997427,BACKFILL_AUTO
2026-07-12 01:59:42,1783821582,R_75,52603.5898,-1,6.722999999998137,BACKFILL_AUTO
2026-07-12 01:59:44,1783821584,R_75,52602.5608,-1,1.02900000000227,BACKFILL_AUTO
2026-07-12 01:59:46,1783821586,R_75,52594.1862,-1,8.374600000002829,BACKFILL_AUTO
2026-07-12 01:59:48,1783821588,R_75,52590.9213,-1,3.264899999994668,BACKFILL_AUTO
2026-07-12 01:59:50,1783821590,R_75,52596.7092,1,5.787899999995716,BACKFILL_AUTO
2026-07-12 01:59:52,1783821592,R_75,52605.1595,1,8.450300000004063,BACKFILL_AUTO
2026-07-12 01:59:54,1783821594,R_75,52612.1577,1,6.998200000001816,BACKFILL_AUTO
2026-07-12 01:59:56,1783821596,R_75,52625.2805,1,13.122799999997369,BACKFILL_AUTO
2026-07-12 01:59:58,1783821598,R_75,52601.2632,-1,24.017299999999523,BACKFILL_AUTO
2026-07-12 02:00:00,1783821600,R_75,52598.8917,-1,2.371500000001106,BACKFILL_AUTO
2026-07-12 02:00:02,1783821602,R_75,52587.0531,-1,11.83860000000277,BACKFILL_AUTO
2026-07-12 02:00:04,1783821604,R_75,52590.37,1,3.316900000005262,BACKFILL_AUTO
2026-07-12 02:00:06,1783821606,R_75,52597.0649,1,6.694899999994959,BACKFILL_AUTO
2026-07-12 02:00:08,1783821608,R_75,52594.8953,-1,2.1696000000010827,BACKFILL_AUTO
2026-07-12 02:00:10,1783821610,R_75,52597.25,1,2.354700000003504,BACKFILL_AUTO
2026-07-12 02:00:12,1783821612,R_75,52600.9346,1,3.6846000000005006,BACKFILL_AUTO
2026-07-12 02:00:14,1783821614,R_75,52608.1334,1,7.1987999999983,BACKFILL_AUTO
2026-07-12 02:00:16,1783821616,R_75,52626.068,1,17.9346000000005,BACKFILL_AUTO
2026-07-12 02:00:18,1783821618,R_75,52631.6679,1,5.599900000001071,BACKFILL_AUTO
2026-07-12 02:00:20,1783821620,R_75,52634.1826,1,2.5146999999997206,BACKFILL_AUTO
2026-07-12 02:00:22,1783821622,R_75,52630.1148,-1,4.067799999997078,BACKFILL_AUTO
2026-07-12 02:00:24,1783821624,R_75,52635.2589,1,5.144099999997707,BACKFILL_AUTO
2026-07-12 02:00:26,1783821626,R_75,52630.5244,-1,4.734499999998661,BACKFILL_AUTO
2026-07-12 02:00:28,1783821628,R_75,52628.8606,-1,1.6638000000020838,BACKFILL_AUTO
2026-07-12 02:00:30,1783821630,R_75,52631.0926,1,2.232000000003609,BACKFILL_AUTO
2026-07-12 02:00:32,1783821632,R_75,52637.5464,1,6.453799999995681,BACKFILL_AUTO
2026-07-12 02:00:34,1783821634,R_75,52621.0406,-1,16.505799999999,BACKFILL_AUTO
2026-07-12 02:00:36,1783821636,R_75,52606.5642,-1,14.476399999999558,BACKFILL_AUTO
2026-07-12 02:00:38,1783821638,R_75,52614.1973,1,7.633099999999104,BACKFILL_AUTO
2026-07-12 02:00:40,1783821640,R_75,52609.6976,-1,4.499700000000303,BACKFILL_AUTO
2026-07-12 02:00:42,1783821642,R_75,52621.6412,1,11.943599999998696,BACKFILL_AUTO
2026-07-12 02:00:44,1783821644,R_75,52618.5466,-1,3.094599999996717,BACKFILL_AUTO
2026-07-12 02:00:46,1783821646,R_75,52599.7469,-1,18.799700000003213,BACKFILL_AUTO
2026-07-12 02:00:48,1783821648,R_75,52595.2853,-1,4.461599999995087,BACKFILL_AUTO
2026-07-12 02:00:50,1783821650,R_75,52597.1882,1,1.9028999999936786,BACKFILL_AUTO
2026-07-12 02:00:52,1783821652,R_75,52585.9872,-1,11.200999999993655,BACKFILL_AUTO
2026-07-12 02:00:54,1783821654,R_75,52577.0216,-1,8.965600000003178,BACKFILL_AUTO
2026-07-12 02:00:56,1783821656,R_75,52579.1533,1,2.131699999998091,BACKFILL_AUTO
2026-07-12 02:00:58,1783821658,R_75,52571.936,-1,7.217299999996612,BACKFILL_AUTO
2026-07-12 02:01:00,1783821660,R_75,52576.3697,1,4.433700000001409,BACKFILL_AUTO
2026-07-12 02:01:02,1783821662,R_75,52573.7173,-1,2.6524000000063097,BACKFILL_AUTO
2026-07-12 02:01:04,1783821664,R_75,52574.3035,1,0.5862000000051921,BACKFILL_AUTO
2026-07-12 02:01:06,1783821666,R_75,52571.1174,-1,3.186099999998987,BACKFILL_AUTO
2026-07-12 02:01:08,1783821668,R_75,52570.2285,-1,0.8889000000053784,BACKFILL_AUTO
2026-07-12 02:01:10,1783821670,R_75,52572.8975,1,2.669000000001688,BACKFILL_AUTO
2026-07-12 02:01:12,1783821672,R_75,52574.8195,1,1.9219999999986612,BACKFILL_AUTO
2026-07-12 02:01:14,1783821674,R_75,52564.2528,-1,10.566699999995762,BACKFILL_AUTO
2026-07-12 02:01:16,1783821676,R_75,52561.9267,-1,2.326099999998405,BACKFILL_AUTO
2026-07-12 02:01:18,1783821678,R_75,52572.252,1,10.325299999996787,BACKFILL_AUTO
2026-07-12 02:01:20,1783821680,R_75,52581.0771,1,8.82510000000184,BACKFILL_AUTO
2026-07-12 02:01:22,1783821682,R_75,52599.4968,1,18.419699999998556,BACKFILL_AUTO
2026-07-12 02:01:24,1783821684,R_75,52606.2008,1,6.7039999999979045,BACKFILL_AUTO
2026-07-12 02:01:26,1783821686,R_75,52605.9138,-1,0.28699999999662396,BACKFILL_AUTO
2026-07-12 02:01:28,1783821688,R_75,52608.8114,1,2.8975999999966007,BACKFILL_AUTO
2026-07-12 02:01:30,1783821690,R_75,52615.7312,1,6.919800000003306,BACKFILL_AUTO
2026-07-12 02:01:32,1783821692,R_75,52614.0919,-1,1.6393000000025495,BACKFILL_AUTO
2026-07-12 02:01:34,1783821694,R_75,52609.6918,-1,4.400099999998929,BACKFILL_AUTO
2026-07-12 02:01:36,1783821696,R_75,52613.3353,1,3.643499999998312,BACKFILL_AUTO
2026-07-12 02:01:38,1783821698,R_75,52606.8142,-1,6.521099999998114,BACKFILL_AUTO
2026-07-12 02:01:40,1783821700,R_75,52621.7913,1,14.977099999996426,BACKFILL_AUTO
2026-07-12 02:01:42,1783821702,R_75,52639.7087,1,17.917400000005728,BACKFILL_AUTO
2026-07-12 02:01:44,1783821704,R_75,52627.358,-1,12.35070000000269,BACKFILL_AUTO
2026-07-12 02:01:46,1783821706,R_75,52635.3557,1,7.997699999999895,BACKFILL_AUTO
2026-07-12 02:01:48,1783821708,R_75,52627.0408,-1,8.314899999997579,BACKFILL_AUTO
2026-07-12 02:01:50,1783821710,R_75,52618.5343,-1,8.506500000003143,BACKFILL_AUTO
2026-07-12 02:01:52,1783821712,R_75,52607.4742,-1,11.060100000002421,BACKFILL_AUTO
2026-07-12 02:01:54,1783821714,R_75,52594.8402,-1,12.633999999998196,BACKFILL_AUTO
2026-07-12 02:01:56,1783821716,R_75,52599.5506,1,4.710400000003574,BACKFILL_AUTO
2026-07-12 02:01:58,1783821718,R_75,52603.6168,1,4.066200000001118,BACKFILL_AUTO
2026-07-12 02:02:00,1783821720,R_75,52600.9944,-1,2.622400000000198,BACKFILL_AUTO
2026-07-12 02:02:02,1783821722,R_75,52600.8251,-1,0.16930000000138534,BACKFILL_AUTO
2026-07-12 02:02:04,1783821724,R_75,52602.9566,1,2.1314999999958673,BACKFILL_AUTO
2026-07-12 02:02:06,1783821726,R_75,52593.7162,-1,9.240399999995134,BACKFILL_AUTO
2026-07-12 02:02:08,1783821728,R_75,52598.9218,1,5.205599999993865,BACKFILL_AUTO
2026-07-12 02:02:10,1783821730,R_75,52604.6311,1,5.7093000000022585,BACKFILL_AUTO
2026-07-12 02:02:12,1783821732,R_75,52605.7482,1,1.11710000000312,BACKFILL_AUTO
2026-07-12 02:02:14,1783821734,R_75,52607.7427,1,1.9945000000006985,BACKFILL_AUTO
2026-07-12 02:02:16,1783821736,R_75,52607.9974,1,0.25469999999768334,BACKFILL_AUTO
2026-07-12 02:02:18,1783821738,R_75,52598.9272,-1,9.070200000001932,BACKFILL_AUTO
2026-07-12 02:02:20,1783821740,R_75,52597.0967,-1,1.8304999999963911,BACKFILL_AUTO
2026-07-12 02:02:22,1783821742,R_75,52593.8189,-1,3.277800000003481,BACKFILL_AUTO
2026-07-12 02:02:24,1783821744,R_75,52601.7283,1,7.909400000004098,BACKFILL_AUTO
2026-07-12 02:02:26,1783821746,R_75,52616.0517,1,14.32340000000113,BACKFILL_AUTO
2026-07-12 02:02:28,1783821748,R_75,52611.7907,-1,4.261000000005879,BACKFILL_AUTO
2026-07-12 02:02:30,1783821750,R_75,52610.7727,-1,1.0179999999963911,BACKFILL_AUTO
2026-07-12 02:02:32,1783821752,R_75,52615.5998,1,4.827100000002247,BACKFILL_AUTO
2026-07-12 02:02:34,1783821754,R_75,52620.9023,1,5.302499999997963,BACKFILL_AUTO
2026-07-12 02:02:36,1783821756,R_75,52620.9023,0,0.0,BACKFILL_AUTO
2026-07-12 02:02:38,1783821758,R_75,52611.8693,-1,9.033000000003085,BACKFILL_AUTO
2026-07-12 02:02:40,1783821760,R_75,52609.5925,-1,2.276799999999639,BACKFILL_AUTO
2026-07-12 02:02:42,1783821762,R_75,52605.3297,-1,4.262799999996787,BACKFILL_AUTO
2026-07-12 02:02:44,1783821764,R_75,52616.832,1,11.502300000000105,BACKFILL_AUTO
2026-07-12 02:02:46,1783821766,R_75,52601.7576,-1,15.074400000004971,BACKFILL_AUTO
2026-07-12 02:02:48,1783821768,R_75,52595.1079,-1,6.649699999994482,BACKFILL_AUTO
2026-07-12 02:02:50,1783821770,R_75,52603.0823,1,7.97439999999915,BACKFILL_AUTO
2026-07-12 02:02:52,1783821772,R_75,52600.6449,-1,2.437400000002526,BACKFILL_AUTO
2026-07-12 02:02:54,1783821774,R_75,52590.5333,-1,10.111599999996542,BACKFILL_AUTO
2026-07-12 02:02:56,1783821776,R_75,52588.9173,-1,1.6160000000018044,BACKFILL_AUTO
2026-07-12 02:02:58,1783821778,R_75,52587.8582,-1,1.0590999999985797,BACKFILL_AUTO
2026-07-12 02:03:00,1783821780,R_75,52578.5116,-1,9.3466000000044,BACKFILL_AUTO
2026-07-12 02:03:02,1783821782,R_75,52584.3214,1,5.809800000002724,BACKFILL_AUTO
2026-07-12 02:03:04,1783821784,R_75,52592.4451,1,8.123699999996461,BACKFILL_AUTO
2026-07-12 02:03:06,1783821786,R_75,52598.7983,1,6.3532000000050175,BACKFILL_AUTO
2026-07-12 02:03:08,1783821788,R_75,52598.1675,-1,0.6307999999989988,BACKFILL_AUTO
2026-07-12 02:03:10,1783821790,R_75,52592.3839,-1,5.78360000000248,BACKFILL_AUTO
2026-07-12 02:03:12,1783821792,R_75,52581.0103,-1,11.373599999998987,BACKFILL_AUTO
2026-07-12 02:03:14,1783821794,R_75,52581.8774,1,0.867099999995844,BACKFILL_AUTO
2026-07-12 02:03:16,1783821796,R_75,52595.5975,1,13.720100000005914,BACKFILL_AUTO
2026-07-12 02:03:18,1783821798,R_75,52608.7079,1,13.110399999997753,BACKFILL_AUTO
2026-07-12 02:03:20,1783821800,R_75,52613.3983,1,4.690399999999499,BACKFILL_AUTO
2026-07-12 02:03:22,1783821802,R_75,52622.0064,1,8.608099999997648,BACKFILL_AUTO
2026-07-12 02:03:24,1783821804,R_75,52634.4394,1,12.43300000000454,BACKFILL_AUTO
2026-07-12 02:03:26,1783821806,R_75,52649.4836,1,15.044199999996636,BACKFILL_AUTO
2026-07-12 02:03:28,1783821808,R_75,52649.657,1,0.17339999999967404,BACKFILL_AUTO
2026-07-12 02:03:30,1783821810,R_75,52645.9852,-1,3.6717999999964377,BACKFILL_AUTO
2026-07-12 02:03:32,1783821812,R_75,52649.1147,1,3.12949999999546,BACKFILL_AUTO
2026-07-12 02:03:34,1783821814,R_75,52652.4182,1,3.3035000000018044,BACKFILL_AUTO
2026-07-12 02:03:36,1783821816,R_75,52639.8492,-1,12.569000000003143,BACKFILL_AUTO
2026-07-12 02:03:38,1783821818,R_75,52627.2511,-1,12.598099999995611,BACKFILL_AUTO
2026-07-12 02:03:40,1783821820,R_75,52625.4918,-1,1.7592999999978929,BACKFILL_AUTO
2026-07-12 02:03:42,1783821822,R_75,52636.368,1,10.87619999999879,BACKFILL_AUTO
2026-07-12 02:03:44,1783821824,R_75,52636.9809,1,0.6129000000000815,BACKFILL_AUTO
2026-07-12 02:03:46,1783821826,R_75,52637.5135,1,0.5325999999986379,BACKFILL_AUTO
2026-07-12 02:03:48,1783821828,R_75,52633.7103,-1,3.803200000002107,BACKFILL_AUTO
2026-07-12 02:03:50,1783821830,R_75,52624.8622,-1,8.848099999995611,BACKFILL_AUTO
2026-07-12 02:03:52,1783821832,R_75,52606.02,-1,18.842200000006414,BACKFILL_AUTO
2026-07-12 02:03:54,1783821834,R_75,52610.2805,1,4.260500000003958,BACKFILL_AUTO
2026-07-12 02:03:56,1783821836,R_75,52609.3844,-1,0.8960999999981141,BACKFILL_AUTO
2026-07-12 02:03:58,1783821838,R_75,52593.1269,-1,16.25749999999971,BACKFILL_AUTO
2026-07-12 02:04:00,1783821840,R_75,52616.949,1,23.82209999999759,BACKFILL_AUTO
2026-07-12 02:04:02,1783821842,R_75,52609.0059,-1,7.943100000004051,BACKFILL_AUTO
2026-07-12 02:04:04,1783821844,R_75,52627.9243,1,18.918400000002293,BACKFILL_AUTO
2026-07-12 02:04:06,1783821846,R_75,52623.1665,-1,4.757799999999406,BACKFILL_AUTO
2026-07-12 02:04:08,1783821848,R_75,52618.1445,-1,5.021999999997206,BACKFILL_AUTO
2026-07-12 02:04:10,1783821850,R_75,52608.2713,-1,9.873200000001816,BACKFILL_AUTO
2026-07-12 02:04:12,1783821852,R_75,52594.8715,-1,13.399799999999232,BACKFILL_AUTO
2026-07-12 02:04:14,1783821854,R_75,52601.3456,1,6.474099999999453,BACKFILL_AUTO
2026-07-12 02:04:16,1783821856,R_75,52598.7867,-1,2.558900000003632,BACKFILL_AUTO
2026-07-12 02:04:18,1783821858,R_75,52601.9234,1,3.1367000000027474,BACKFILL_AUTO
2026-07-12 02:04:20,1783821860,R_75,52631.2398,1,29.31640000000334,BACKFILL_AUTO
2026-07-12 02:04:22,1783821862,R_75,52605.8506,-1,25.389200000005076,BACKFILL_AUTO
2026-07-12 02:04:24,1783821864,R_75,52614.3456,1,8.49500000000262,BACKFILL_AUTO
2026-07-12 02:04:26,1783821866,R_75,52607.5371,-1,6.808499999999185,BACKFILL_AUTO
2026-07-12 02:04:28,1783821868,R_75,52600.0864,-1,7.450700000001234,BACKFILL_AUTO
2026-07-12 02:04:30,1783821870,R_75,52594.7167,-1,5.369700000002922,BACKFILL_AUTO
2026-07-12 02:04:32,1783821872,R_75,52597.519,1,2.802300000003015,BACKFILL_AUTO
2026-07-12 02:04:34,1783821874,R_75,52602.3592,1,4.840199999998731,BACKFILL_AUTO
2026-07-12 02:04:36,1783821876,R_75,52605.347,1,2.9878000000026077,BACKFILL_AUTO
2026-07-12 02:04:38,1783821878,R_75,52607.1008,1,1.7537999999985914,BACKFILL_AUTO
2026-07-12 02:04:40,1783821880,R_75,52591.6654,-1,15.435400000002119,BACKFILL_AUTO
2026-07-12 02:04:42,1783821882,R_75,52597.5392,1,5.873800000001211,BACKFILL_AUTO
2026-07-12 02:04:44,1783821884,R_75,52591.9107,-1,5.628499999998894,BACKFILL_AUTO
2026-07-12 02:04:46,1783821886,R_75,52587.9805,-1,3.9302000000025146,BACKFILL_AUTO
2026-07-12 02:04:48,1783821888,R_75,52592.951,1,4.970500000003085,BACKFILL_AUTO
2026-07-12 02:04:50,1783821890,R_75,52597.2521,1,4.30109999999695,BACKFILL_AUTO
2026-07-12 02:04:52,1783821892,R_75,52603.3892,1,6.1370999999999185,BACKFILL_AUTO
2026-07-12 02:04:54,1783821894,R_75,52613.5139,1,10.124700000000303,BACKFILL_AUTO
2026-07-12 02:04:56,1783821896,R_75,52598.885,-1,14.628899999996065,BACKFILL_AUTO
2026-07-12 02:04:58,1783821898,R_75,52612.1962,1,13.311199999996461,BACKFILL_AUTO
2026-07-12 02:05:00,1783821900,R_75,52610.4066,-1,1.789599999996426,BACKFILL_AUTO
2026-07-12 02:05:02,1783821902,R_75,52613.7801,1,3.3735000000015134,BACKFILL_AUTO
2026-07-12 02:05:04,1783821904,R_75,52620.641,1,6.860899999999674,BACKFILL_AUTO
2026-07-12 02:05:06,1783821906,R_75,52611.3819,-1,9.259100000002945,BACKFILL_AUTO
2026-07-12 02:05:08,1783821908,R_75,52615.0187,1,3.636800000000221,BACKFILL_AUTO
2026-07-12 02:05:10,1783821910,R_75,52619.6535,1,4.634799999999814,BACKFILL_AUTO
2026-07-12 02:05:12,1783821912,R_75,52622.9647,1,3.311199999996461,BACKFILL_AUTO
2026-07-12 02:05:14,1783821914,R_75,52630.7533,1,7.78859999999986,BACKFILL_AUTO
2026-07-12 02:05:16,1783821916,R_75,52627.4117,-1,3.341599999999744,BACKFILL_AUTO
2026-07-12 02:05:18,1783821918,R_75,52627.7148,1,0.30310000000463333,BACKFILL_AUTO
2026-07-12 02:05:20,1783821920,R_75,52614.2706,-1,13.44419999999809,BACKFILL_AUTO
2026-07-12 02:05:22,1783821922,R_75,52615.2194,1,0.9487999999983003,BACKFILL_AUTO
2026-07-12 02:05:24,1783821924,R_75,52623.6363,1,8.41689999999653,BACKFILL_AUTO
2026-07-12 02:05:26,1783821926,R_75,52626.6445,1,3.0082000000038533,BACKFILL_AUTO
2026-07-12 02:05:28,1783821928,R_75,52608.3444,-1,18.300100000000384,BACKFILL_AUTO
2026-07-12 02:05:30,1783821930,R_75,52600.4573,-1,7.8870999999999185,BACKFILL_AUTO
2026-07-12 02:05:32,1783821932,R_75,52587.2027,-1,13.25460000000021,BACKFILL_AUTO
2026-07-12 02:05:34,1783821934,R_75,52586.3309,-1,0.8718000000008033,BACKFILL_AUTO
2026-07-12 02:05:36,1783821936,R_75,52600.1204,1,13.789499999998952,BACKFILL_AUTO
2026-07-12 02:05:38,1783821938,R_75,52601.0948,1,0.9743999999991502,BACKFILL_AUTO
2026-07-12 02:05:40,1783821940,R_75,52625.6194,1,24.524600000004284,BACKFILL_AUTO
2026-07-12 02:05:42,1783821942,R_75,52631.5378,1,5.918399999995017,BACKFILL_AUTO
2026-07-12 02:05:44,1783821944,R_75,52613.859,-1,17.6788000000015,BACKFILL_AUTO
2026-07-12 02:05:46,1783821946,R_75,52630.592,1,16.733000000000175,BACKFILL_AUTO
2026-07-12 02:05:48,1783821948,R_75,52624.0534,-1,6.53859999999986,BACKFILL_AUTO
2026-07-12 02:05:50,1783821950,R_75,52626.5503,1,2.496900000005553,BACKFILL_AUTO
2026-07-12 02:05:52,1783821952,R_75,52607.721,-1,18.829300000004878,BACKFILL_AUTO
2026-07-12 02:05:54,1783821954,R_75,52621.1518,1,13.43080000000191,BACKFILL_AUTO
2026-07-12 02:05:56,1783821956,R_75,52631.2123,1,10.060499999999593,BACKFILL_AUTO
2026-07-12 02:05:58,1783821958,R_75,52643.9656,1,12.753300000003946,BACKFILL_AUTO
2026-07-12 02:06:00,1783821960,R_75,52631.2639,-1,12.701700000005076,BACKFILL_AUTO
2026-07-12 02:06:02,1783821962,R_75,52633.0528,1,1.7888999999995576,BACKFILL_AUTO
2026-07-12 02:06:04,1783821964,R_75,52648.1974,1,15.144599999999627,BACKFILL_AUTO
2026-07-12 02:06:06,1783821966,R_75,52656.1337,1,7.936300000001211,BACKFILL_AUTO
2026-07-12 02:06:08,1783821968,R_75,52679.7389,1,23.60519999999815,BACKFILL_AUTO
2026-07-12 02:06:10,1783821970,R_75,52672.8321,-1,6.90679999999702,BACKFILL_AUTO
2026-07-12 02:06:12,1783821972,R_75,52667.5416,-1,5.290500000002794,BACKFILL_AUTO
2026-07-12 02:06:14,1783821974,R_75,52650.5167,-1,17.024899999996705,BACKFILL_AUTO
2026-07-12 02:06:16,1783821976,R_75,52649.4729,-1,1.0437999999994645,BACKFILL_AUTO
2026-07-12 02:06:18,1783821978,R_75,52652.5915,1,3.1186000000016065,BACKFILL_AUTO
2026-07-12 02:06:20,1783821980,R_75,52648.7451,-1,3.846400000002177,BACKFILL_AUTO
2026-07-12 02:06:22,1783821982,R_75,52658.9191,1,10.173999999999069,BACKFILL_AUTO
2026-07-12 02:06:24,1783821984,R_75,52648.0102,-1,10.908900000002177,BACKFILL_AUTO
2026-07-12 02:06:26,1783821986,R_75,52651.0631,1,3.05290000000241,BACKFILL_AUTO
2026-07-12 02:06:28,1783821988,R_75,52651.7517,1,0.6886000000013155,BACKFILL_AUTO
2026-07-12 02:06:30,1783821990,R_75,52642.0514,-1,9.700300000004063,BACKFILL_AUTO
2026-07-12 02:06:32,1783821992,R_75,52641.2014,-1,0.8499999999985448,BACKFILL_AUTO
2026-07-12 02:06:34,1783821994,R_75,52647.3168,1,6.11540000000241,BACKFILL_AUTO
2026-07-12 02:06:36,1783821996,R_75,52656.8577,1,9.540899999999965,BACKFILL_AUTO
2026-07-12 02:06:38,1783821998,R_75,52667.233,1,10.375299999999697,BACKFILL_AUTO
2026-07-12 02:06:40,1783822000,R_75,52679.5429,1,12.309900000000198,BACKFILL_AUTO
2026-07-12 02:06:42,1783822002,R_75,52678.8416,-1,0.7013000000006286,BACKFILL_AUTO
2026-07-12 02:06:44,1783822004,R_75,52675.4146,-1,3.427000000003318,BACKFILL_AUTO
2026-07-12 02:06:46,1783822006,R_75,52688.2619,1,12.847300000001269,BACKFILL_AUTO
2026-07-12 02:06:48,1783822008,R_75,52696.4667,1,8.204799999999523,BACKFILL_AUTO
2026-07-12 02:06:50,1783822010,R_75,52696.7833,1,0.31660000000556465,BACKFILL_AUTO
2026-07-12 02:06:52,1783822012,R_75,52692.2455,-1,4.537800000005518,BACKFILL_AUTO
2026-07-12 02:06:54,1783822014,R_75,52680.0717,-1,12.173799999996845,BACKFILL_AUTO
2026-07-12 02:06:56,1783822016,R_75,52705.0954,1,25.023699999997916,BACKFILL_AUTO
2026-07-12 02:06:58,1783822018,R_75,52694.7137,-1,10.38169999999809,BACKFILL_AUTO
2026-07-12 02:07:00,1783822020,R_75,52691.4447,-1,3.269000000000233,BACKFILL_AUTO
2026-07-12 02:07:02,1783822022,R_75,52667.8653,-1,23.57940000000235,BACKFILL_AUTO
2026-07-12 02:07:04,1783822024,R_75,52657.8718,-1,9.993499999996857,BACKFILL_AUTO
2026-07-12 02:07:06,1783822026,R_75,52660.0073,1,2.135499999996682,BACKFILL_AUTO
2026-07-12 02:07:08,1783822028,R_75,52659.5578,-1,0.44949999999516876,BACKFILL_AUTO
2026-07-12 02:07:10,1783822030,R_75,52669.0599,1,9.502099999997881,BACKFILL_AUTO
2026-07-12 02:07:12,1783822032,R_75,52655.1279,-1,13.932000000000698,BACKFILL_AUTO
2026-07-12 02:07:14,1783822034,R_75,52664.9465,1,9.818599999998696,BACKFILL_AUTO
2026-07-12 02:07:16,1783822036,R_75,52669.5605,1,4.614000000001397,BACKFILL_AUTO
2026-07-12 02:07:18,1783822038,R_75,52653.0579,-1,16.502599999999802,BACKFILL_AUTO
2026-07-12 02:07:20,1783822040,R_75,52658.5179,1,5.459999999999127,BACKFILL_AUTO
2026-07-12 02:07:22,1783822042,R_75,52642.4102,-1,16.107700000000477,BACKFILL_AUTO
2026-07-12 02:07:24,1783822044,R_75,52649.0826,1,6.672400000003108,BACKFILL_AUTO
2026-07-12 02:07:26,1783822046,R_75,52648.2773,-1,0.8052999999999884,BACKFILL_AUTO
2026-07-12 02:07:28,1783822048,R_75,52668.4518,1,20.17450000000099,BACKFILL_AUTO
2026-07-12 02:07:30,1783822050,R_75,52641.9963,-1,26.455500000003667,BACKFILL_AUTO
2026-07-12 02:07:32,1783822052,R_75,52653.2355,1,11.23920000000362,BACKFILL_AUTO
2026-07-12 02:07:34,1783822054,R_75,52654.4009,1,1.1653999999980442,BACKFILL_AUTO
2026-07-12 02:07:36,1783822056,R_75,52649.5627,-1,4.838199999998324,BACKFILL_AUTO
2026-07-12 02:07:38,1783822058,R_75,52653.2836,1,3.720900000000256,BACKFILL_AUTO
2026-07-12 02:07:40,1783822060,R_75,52631.0729,-1,22.21070000000327,BACKFILL_AUTO
2026-07-12 02:07:42,1783822062,R_75,52626.2311,-1,4.841800000001967,BACKFILL_AUTO
2026-07-12 02:07:44,1783822064,R_75,52629.6171,1,3.386000000005879,BACKFILL_AUTO
2026-07-12 02:07:46,1783822066,R_75,52635.8695,1,6.252399999997579,BACKFILL_AUTO
2026-07-12 02:07:48,1783822068,R_75,52637.8883,1,2.0187999999980093,BACKFILL_AUTO
2026-07-12 02:07:50,1783822070,R_75,52620.4051,-1,17.483199999995122,BACKFILL_AUTO
2026-07-12 02:07:52,1783822072,R_75,52617.7348,-1,2.670300000005227,BACKFILL_AUTO
2026-07-12 02:07:54,1783822074,R_75,52611.4849,-1,6.24989999999525,BACKFILL_AUTO
2026-07-12 02:07:56,1783822076,R_75,52614.1778,1,2.6928999999945518,BACKFILL_AUTO
2026-07-12 02:07:58,1783822078,R_75,52622.3685,1,8.190699999999197,BACKFILL_AUTO
2026-07-12 02:08:00,1783822080,R_75,52624.6836,1,2.315099999999802,BACKFILL_AUTO
2026-07-12 02:08:02,1783822082,R_75,52631.6815,1,6.997900000002119,BACKFILL_AUTO
2026-07-12 02:08:04,1783822084,R_75,52636.6456,1,4.9641000000046915,BACKFILL_AUTO
2026-07-12 02:08:06,1783822086,R_75,52643.4113,1,6.765699999996286,BACKFILL_AUTO
2026-07-12 02:08:08,1783822088,R_75,52639.2968,-1,4.114500000003318,BACKFILL_AUTO
2026-07-12 02:08:10,1783822090,R_75,52636.0412,-1,3.2555999999967753,BACKFILL_AUTO
2026-07-12 02:08:12,1783822092,R_75,52629.5048,-1,6.536399999997229,BACKFILL_AUTO
2026-07-12 02:08:14,1783822094,R_75,52625.3942,-1,4.110599999999977,BACKFILL_AUTO
2026-07-12 02:08:16,1783822096,R_75,52629.8158,1,4.421599999994214,BACKFILL_AUTO
2026-07-12 02:08:18,1783822098,R_75,52642.3992,1,12.583400000003166,BACKFILL_AUTO
2026-07-12 02:08:20,1783822100,R_75,52627.2101,-1,15.189100000003236,BACKFILL_AUTO
2026-07-12 02:08:22,1783822102,R_75,52639.7104,1,12.500300000006973,BACKFILL_AUTO
2026-07-12 02:08:24,1783822104,R_75,52624.7369,-1,14.973500000000058,BACKFILL_AUTO
2026-07-12 02:08:26,1783822106,R_75,52642.1035,1,17.366599999993923,BACKFILL_AUTO
2026-07-12 02:08:28,1783822108,R_75,52649.0423,1,6.938800000003539,BACKFILL_AUTO
2026-07-12 02:08:30,1783822110,R_75,52643.6735,-1,5.36880000000383,BACKFILL_AUTO
2026-07-12 02:08:32,1783822112,R_75,52638.3275,-1,5.34599999999773,BACKFILL_AUTO
2026-07-12 02:08:34,1783822114,R_75,52643.0725,1,4.745000000002619,BACKFILL_AUTO
2026-07-12 02:08:36,1783822116,R_75,52634.0713,-1,9.00119999999879,BACKFILL_AUTO
2026-07-12 02:08:38,1783822118,R_75,52624.4443,-1,9.627000000000407,BACKFILL_AUTO
2026-07-12 02:08:40,1783822120,R_75,52625.3703,1,0.9259999999994761,BACKFILL_AUTO
2026-07-12 02:08:42,1783822122,R_75,52636.0393,1,10.668999999994412,BACKFILL_AUTO
2026-07-12 02:08:44,1783822124,R_75,52659.1394,1,23.100100000003295,BACKFILL_AUTO
2026-07-12 02:08:46,1783822126,R_75,52640.6706,-1,18.468800000002375,BACKFILL_AUTO
2026-07-12 02:08:48,1783822128,R_75,52642.6068,1,1.936200000003737,BACKFILL_AUTO
2026-07-12 02:08:50,1783822130,R_75,52653.4895,1,10.882700000001932,BACKFILL_AUTO
2026-07-12 02:08:52,1783822132,R_75,52650.9024,-1,2.587100000004284,BACKFILL_AUTO
2026-07-12 02:08:54,1783822134,R_75,52635.3478,-1,15.554599999995844,BACKFILL_AUTO
2026-07-12 02:08:56,1783822136,R_75,52628.1752,-1,7.172600000005332,BACKFILL_AUTO
2026-07-12 02:08:58,1783822138,R_75,52625.0199,-1,3.155299999998533,BACKFILL_AUTO
2026-07-12 02:09:00,1783822140,R_75,52634.8191,1,9.799200000001292,BACKFILL_AUTO
2026-07-12 02:09:02,1783822142,R_75,52621.1795,-1,13.639600000002247,BACKFILL_AUTO
2026-07-12 02:09:04,1783822144,R_75,52619.7524,-1,1.4271000000007916,BACKFILL_AUTO
2026-07-12 02:09:06,1783822146,R_75,52614.2894,-1,5.4629999999961,BACKFILL_AUTO
2026-07-12 02:09:08,1783822148,R_75,52619.717,1,5.4275999999954365,BACKFILL_AUTO
2026-07-12 02:09:10,1783822150,R_75,52602.6658,-1,17.051199999994424,BACKFILL_AUTO
2026-07-12 02:09:12,1783822152,R_75,52594.9051,-1,7.760699999998906,BACKFILL_AUTO
2026-07-12 02:09:14,1783822154,R_75,52584.2982,-1,10.606900000006135,BACKFILL_AUTO
2026-07-12 02:09:16,1783822156,R_75,52576.3357,-1,7.962499999994179,BACKFILL_AUTO
2026-07-12 02:09:18,1783822158,R_75,52584.23,1,7.89429999999993,BACKFILL_AUTO
2026-07-12 02:09:20,1783822160,R_75,52582.427,-1,1.8029999999998836,BACKFILL_AUTO
2026-07-12 02:09:22,1783822162,R_75,52583.7438,1,1.3167999999932363,BACKFILL_AUTO
2026-07-12 02:09:24,1783822164,R_75,52603.0072,1,19.263400000003458,BACKFILL_AUTO
2026-07-12 02:09:26,1783822166,R_75,52622.2055,1,19.19829999999638,BACKFILL_AUTO
2026-07-12 02:09:28,1783822168,R_75,52635.3542,1,13.148700000005192,BACKFILL_AUTO
2026-07-12 02:09:30,1783822170,R_75,52633.8518,-1,1.5024000000048545,BACKFILL_AUTO
2026-07-12 02:09:32,1783822172,R_75,52645.3838,1,11.53200000000652,BACKFILL_AUTO
2026-07-12 02:09:34,1783822174,R_75,52644.269,-1,1.1148000000030152,BACKFILL_AUTO
2026-07-12 02:09:36,1783822176,R_75,52669.8839,1,25.61490000000049,BACKFILL_AUTO
2026-07-12 02:09:38,1783822178,R_75,52668.3112,-1,1.5727000000042608,BACKFILL_AUTO
2026-07-12 02:09:40,1783822180,R_75,52671.7282,1,3.4170000000012806,BACKFILL_AUTO
2026-07-12 02:09:42,1783822182,R_75,52662.2515,-1,9.476699999999255,BACKFILL_AUTO
2026-07-12 02:09:44,1783822184,R_75,52648.4184,-1,13.833099999996193,BACKFILL_AUTO
2026-07-12 02:09:46,1783822186,R_75,52657.7039,1,9.285499999998137,BACKFILL_AUTO
2026-07-12 02:09:48,1783822188,R_75,52656.7002,-1,1.0037000000011176,BACKFILL_AUTO
2026-07-12 02:09:50,1783822190,R_75,52658.6532,1,1.9530000000013388,BACKFILL_AUTO
2026-07-12 02:09:52,1783822192,R_75,52658.1033,-1,0.5498999999981606,BACKFILL_AUTO
2026-07-12 02:09:54,1783822194,R_75,52675.7214,1,17.618099999999686,BACKFILL_AUTO
2026-07-12 02:09:56,1783822196,R_75,52688.7609,1,13.039499999998952,BACKFILL_AUTO
2026-07-12 02:09:58,1783822198,R_75,52681.2389,-1,7.522000000004482,BACKFILL_AUTO
2026-07-12 02:10:00,1783822200,R_75,52679.3586,-1,1.880299999997078,BACKFILL_AUTO
2026-07-12 02:10:02,1783822202,R_75,52669.0924,-1,10.266199999998207,BACKFILL_AUTO
2026-07-12 02:10:04,1783822204,R_75,52658.9335,-1,10.158900000002177,BACKFILL_AUTO
2026-07-12 02:10:06,1783822206,R_75,52656.3031,-1,2.6304000000018277,BACKFILL_AUTO
2026-07-12 02:10:08,1783822208,R_75,52654.5992,-1,1.7039000000004307,BACKFILL_AUTO
2026-07-12 02:10:10,1783822210,R_75,52654.7391,1,0.13990000000194414,BACKFILL_AUTO
2026-07-12 02:10:12,1783822212,R_75,52660.3651,1,5.626000000003842,BACKFILL_AUTO
2026-07-12 02:10:14,1783822214,R_75,52660.5849,1,0.21979999999894062,BACKFILL_AUTO
2026-07-12 02:10:16,1783822216,R_75,52673.0453,1,12.460399999996298,BACKFILL_AUTO
2026-07-12 02:10:18,1783822218,R_75,52680.3549,1,7.309600000000501,BACKFILL_AUTO
2026-07-12 02:10:20,1783822220,R_75,52683.6323,1,3.2773999999990338,BACKFILL_AUTO
2026-07-12 02:10:22,1783822222,R_75,52677.5398,-1,6.092499999998836,BACKFILL_AUTO
2026-07-12 02:10:24,1783822224,R_75,52669.6056,-1,7.9341999999960535,BACKFILL_AUTO
2026-07-12 02:10:26,1783822226,R_75,52660.3514,-1,9.254200000003038,BACKFILL_AUTO
2026-07-12 02:10:28,1783822228,R_75,52671.0438,1,10.692399999999907,BACKFILL_AUTO
2026-07-12 02:10:30,1783822230,R_75,52684.447,1,13.403200000000652,BACKFILL_AUTO
2026-07-12 02:10:32,1783822232,R_75,52692.652,1,8.205000000001746,BACKFILL_AUTO
2026-07-12 02:10:34,1783822234,R_75,52698.2501,1,5.598099999995611,BACKFILL_AUTO
2026-07-12 02:10:36,1783822236,R_75,52692.3206,-1,5.92949999999837,BACKFILL_AUTO
2026-07-12 02:10:38,1783822238,R_75,52691.4112,-1,0.9093999999968219,BACKFILL_AUTO
2026-07-12 02:10:40,1783822240,R_75,52672.6163,-1,18.79490000000078,BACKFILL_AUTO
2026-07-12 02:10:42,1783822242,R_75,52676.8716,1,4.255299999997078,BACKFILL_AUTO
2026-07-12 02:10:44,1783822244,R_75,52671.0432,-1,5.82839999999851,BACKFILL_AUTO
2026-07-12 02:10:46,1783822246,R_75,52672.157,1,1.1137999999991735,BACKFILL_AUTO
2026-07-12 02:10:48,1783822248,R_75,52665.8024,-1,6.354599999998754,BACKFILL_AUTO
2026-07-12 02:10:50,1783822250,R_75,52649.096,-1,16.70640000000276,BACKFILL_AUTO
2026-07-12 02:10:52,1783822252,R_75,52652.9725,1,3.8765000000057626,BACKFILL_AUTO
2026-07-12 02:10:54,1783822254,R_75,52657.4616,1,4.489099999998871,BACKFILL_AUTO
2026-07-12 02:10:56,1783822256,R_75,52680.7777,1,23.316099999996368,BACKFILL_AUTO
2026-07-12 02:10:58,1783822258,R_75,52685.4565,1,4.678800000001502,BACKFILL_AUTO
2026-07-12 02:11:00,1783822260,R_75,52680.8512,-1,4.605300000002899,BACKFILL_AUTO
2026-07-12 02:11:02,1783822262,R_75,52675.6832,-1,5.167999999997846,BACKFILL_AUTO
2026-07-12 02:11:04,1783822264,R_75,52674.2591,-1,1.4240999999965425,BACKFILL_AUTO
2026-07-12 02:11:06,1783822266,R_75,52677.5664,1,3.307300000000396,BACKFILL_AUTO
2026-07-12 02:11:08,1783822268,R_75,52686.2141,1,8.647699999994074,BACKFILL_AUTO
2026-07-12 02:11:10,1783822270,R_75,52676.6445,-1,9.569599999995262,BACKFILL_AUTO
2026-07-12 02:11:12,1783822272,R_75,52675.1108,-1,1.5336999999999534,BACKFILL_AUTO
2026-07-12 02:11:14,1783822274,R_75,52686.0795,1,10.968699999997625,BACKFILL_AUTO
2026-07-12 02:11:16,1783822276,R_75,52686.8255,1,0.7459999999991851,BACKFILL_AUTO
2026-07-12 02:11:18,1783822278,R_75,52681.549,-1,5.276499999999942,BACKFILL_AUTO
2026-07-12 02:11:20,1783822280,R_75,52684.8598,1,3.31079999999929,BACKFILL_AUTO
2026-07-12 02:11:22,1783822282,R_75,52684.7135,-1,0.1463000000003376,BACKFILL_AUTO
2026-07-12 02:11:24,1783822284,R_75,52700.0898,1,15.376300000003539,BACKFILL_AUTO
2026-07-12 02:11:26,1783822286,R_75,52704.0058,1,3.915999999997439,BACKFILL_AUTO
2026-07-12 02:11:28,1783822288,R_75,52703.0303,-1,0.9755000000004657,BACKFILL_AUTO
2026-07-12 02:11:30,1783822290,R_75,52709.6979,1,6.667600000000675,BACKFILL_AUTO
2026-07-12 02:11:32,1783822292,R_75,52715.68,1,5.982100000001083,BACKFILL_AUTO
2026-07-12 02:11:34,1783822294,R_75,52713.2903,-1,2.3896999999997206,BACKFILL_AUTO
2026-07-12 02:11:36,1783822296,R_75,52713.1474,-1,0.14289999999891734,BACKFILL_AUTO
2026-07-12 02:11:38,1783822298,R_75,52704.7095,-1,8.437900000004447,BACKFILL_AUTO
2026-07-12 02:11:40,1783822300,R_75,52706.4429,1,1.7334000000046217,BACKFILL_AUTO
2026-07-12 02:11:42,1783822302,R_75,52705.6021,-1,0.8408000000054017,BACKFILL_AUTO
2026-07-12 02:11:44,1783822304,R_75,52703.4898,-1,2.112299999993411,BACKFILL_AUTO
2026-07-12 02:11:46,1783822306,R_75,52701.0904,-1,2.3994000000020606,BACKFILL_AUTO
2026-07-12 02:11:48,1783822308,R_75,52697.2997,-1,3.7906999999977415,BACKFILL_AUTO
2026-07-12 02:11:50,1783822310,R_75,52713.6635,1,16.363799999999173,BACKFILL_AUTO
2026-07-12 02:11:52,1783822312,R_75,52728.1841,1,14.520599999996193,BACKFILL_AUTO
2026-07-12 02:11:54,1783822314,R_75,52723.9335,-1,4.250599999999395,BACKFILL_AUTO
2026-07-12 02:11:56,1783822316,R_75,52733.1584,1,9.224900000001071,BACKFILL_AUTO
2026-07-12 02:11:58,1783822318,R_75,52732.0203,-1,1.1381000000037602,BACKFILL_AUTO
2026-07-12 02:12:00,1783822320,R_75,52725.7212,-1,6.2990999999965425,BACKFILL_AUTO
2026-07-12 02:12:02,1783822322,R_75,52710.2861,-1,15.435100000002421,BACKFILL_AUTO
2026-07-12 02:12:04,1783822324,R_75,52723.6633,1,13.377200000002631,BACKFILL_AUTO
2026-07-12 02:12:06,1783822326,R_75,52715.4389,-1,8.22439999999915,BACKFILL_AUTO
2026-07-12 02:12:08,1783822328,R_75,52711.4338,-1,4.00510000000213,BACKFILL_AUTO
2026-07-12 02:12:10,1783822330,R_75,52712.3815,1,0.9477000000042608,BACKFILL_AUTO
2026-07-12 02:12:12,1783822332,R_75,52715.7162,1,3.3346999999994296,BACKFILL_AUTO
2026-07-12 02:12:14,1783822334,R_75,52719.9128,1,4.196599999995669,BACKFILL_AUTO
2026-07-12 02:12:16,1783822336,R_75,52716.5338,-1,3.379000000000815,BACKFILL_AUTO
2026-07-12 02:12:18,1783822338,R_75,52707.326,-1,9.207799999996496,BACKFILL_AUTO
2026-07-12 02:12:20,1783822340,R_75,52704.2669,-1,3.0590999999985797,BACKFILL_AUTO
2026-07-12 02:12:22,1783822342,R_75,52712.2462,1,7.979299999999057,BACKFILL_AUTO
2026-07-12 02:12:24,1783822344,R_75,52718.2732,1,6.027000000001863,BACKFILL_AUTO
2026-07-12 02:12:26,1783822346,R_75,52700.6717,-1,17.601500000004307,BACKFILL_AUTO
2026-07-12 02:12:28,1783822348,R_75,52690.6694,-1,10.002300000000105,BACKFILL_AUTO
2026-07-12 02:12:30,1783822350,R_75,52692.6716,1,2.002200000002631,BACKFILL_AUTO
2026-07-12 02:12:32,1783822352,R_75,52682.6093,-1,10.062300000005052,BACKFILL_AUTO
2026-07-12 02:12:34,1783822354,R_75,52686.8849,1,4.27560000000085,BACKFILL_AUTO
2026-07-12 02:12:36,1783822356,R_75,52694.9077,1,8.0228000000061,BACKFILL_AUTO
2026-07-12 02:12:38,1783822358,R_75,52696.2704,1,1.362699999997858,BACKFILL_AUTO
2026-07-12 02:12:40,1783822360,R_75,52682.6349,-1,13.635500000003958,BACKFILL_AUTO
2026-07-12 02:12:42,1783822362,R_75,52671.1848,-1,11.450099999994563,BACKFILL_AUTO
2026-07-12 02:12:44,1783822364,R_75,52674.6573,1,3.4724999999962165,BACKFILL_AUTO
2026-07-12 02:12:46,1783822366,R_75,52669.444,-1,5.213299999995797,BACKFILL_AUTO
2026-07-12 02:12:48,1783822368,R_75,52656.9971,-1,12.446900000002643,BACKFILL_AUTO
2026-07-12 02:12:50,1783822370,R_75,52666.052,1,9.054900000002817,BACKFILL_AUTO
2026-07-12 02:12:52,1783822372,R_75,52664.686,-1,1.3660000000018044,BACKFILL_AUTO
2026-07-12 02:12:54,1783822374,R_75,52672.4388,1,7.752800000002026,BACKFILL_AUTO
2026-07-12 02:12:56,1783822376,R_75,52671.2294,-1,1.2094000000070082,BACKFILL_AUTO
2026-07-12 02:12:58,1783822378,R_75,52686.5087,1,15.279300000001967,BACKFILL_AUTO
2026-07-12 02:13:00,1783822380,R_75,52707.2813,1,20.772600000003877,BACKFILL_AUTO
2026-07-12 02:13:02,1783822382,R_75,52691.9462,-1,15.335100000003877,BACKFILL_AUTO
2026-07-12 02:13:04,1783822384,R_75,52697.6404,1,5.694199999998091,BACKFILL_AUTO
2026-07-12 02:13:06,1783822386,R_75,52709.9023,1,12.261900000004971,BACKFILL_AUTO
2026-07-12 02:13:08,1783822388,R_75,52708.8435,-1,1.0587999999988824,BACKFILL_AUTO
2026-07-12 02:13:10,1783822390,R_75,52704.9359,-1,3.907600000005914,BACKFILL_AUTO
2026-07-12 02:13:12,1783822392,R_75,52716.1617,1,11.225800000000163,BACKFILL_AUTO
2026-07-12 02:13:14,1783822394,R_75,52717.1065,1,0.9448000000047614,BACKFILL_AUTO
2026-07-12 02:13:16,1783822396,R_75,52720.723,1,3.6164999999964493,BACKFILL_AUTO
2026-07-12 02:13:18,1783822398,R_75,52723.8056,1,3.0826000000015483,BACKFILL_AUTO
2026-07-12 02:13:20,1783822400,R_75,52730.9663,1,7.160700000000361,BACKFILL_AUTO
2026-07-12 02:13:22,1783822402,R_75,52720.8489,-1,10.117400000002817,BACKFILL_AUTO
2026-07-12 02:13:24,1783822404,R_75,52724.9782,1,4.129300000000512,BACKFILL_AUTO
2026-07-12 02:13:26,1783822406,R_75,52722.8361,-1,2.142099999997299,BACKFILL_AUTO
2026-07-12 02:13:28,1783822408,R_75,52730.0758,1,7.239699999998265,BACKFILL_AUTO
2026-07-12 02:13:30,1783822410,R_75,52739.8919,1,9.816100000003644,BACKFILL_AUTO
2026-07-12 02:13:32,1783822412,R_75,52753.8536,1,13.961699999999837,BACKFILL_AUTO
2026-07-12 02:13:34,1783822414,R_75,52749.492,-1,4.361600000003818,BACKFILL_AUTO
2026-07-12 02:13:36,1783822416,R_75,52737.6505,-1,11.841499999994994,BACKFILL_AUTO
2026-07-12 02:13:38,1783822418,R_75,52742.2156,1,4.565099999999802,BACKFILL_AUTO
2026-07-12 02:13:40,1783822420,R_75,52745.6954,1,3.479799999993702,BACKFILL_AUTO
2026-07-12 02:13:42,1783822422,R_75,52731.098,-1,14.597399999998743,BACKFILL_AUTO
2026-07-12 02:13:44,1783822424,R_75,52736.4625,1,5.364500000003318,BACKFILL_AUTO
2026-07-12 02:13:46,1783822426,R_75,52729.0992,-1,7.363300000004529,BACKFILL_AUTO
2026-07-12 02:13:48,1783822428,R_75,52738.0712,1,8.972000000001572,BACKFILL_AUTO
2026-07-12 02:13:50,1783822430,R_75,52735.1237,-1,2.9475000000020373,BACKFILL_AUTO
2026-07-12 02:13:52,1783822432,R_75,52745.0373,1,9.913600000007136,BACKFILL_AUTO
2026-07-12 02:13:54,1783822434,R_75,52743.2079,-1,1.8294000000023516,BACKFILL_AUTO
2026-07-12 02:13:56,1783822436,R_75,52743.1419,-1,0.06599999999889405,BACKFILL_AUTO
2026-07-12 02:13:58,1783822438,R_75,52739.3338,-1,3.808100000002014,BACKFILL_AUTO
2026-07-12 02:14:00,1783822440,R_75,52730.5328,-1,8.800999999999476,BACKFILL_AUTO
2026-07-12 02:14:02,1783822442,R_75,52741.4593,1,10.926500000001397,BACKFILL_AUTO
2026-07-12 02:14:04,1783822444,R_75,52741.6424,1,0.18309999999473803,BACKFILL_AUTO
2026-07-12 02:14:06,1783822446,R_75,52735.6597,-1,5.982700000000477,BACKFILL_AUTO
2026-07-12 02:14:08,1783822448,R_75,52733.4331,-1,2.226599999994505,BACKFILL_AUTO
2026-07-12 02:14:10,1783822450,R_75,52738.5405,1,5.10740000000078,BACKFILL_AUTO
2026-07-12 02:14:12,1783822452,R_75,52731.6814,-1,6.85910000000149,BACKFILL_AUTO
2026-07-12 02:14:14,1783822454,R_75,52700.6627,-1,31.018700000000536,BACKFILL_AUTO
2026-07-12 02:14:16,1783822456,R_75,52724.0206,1,23.3579000000027,BACKFILL_AUTO
2026-07-12 02:14:18,1783822458,R_75,52718.757,-1,5.263600000005681,BACKFILL_AUTO
2026-07-12 02:14:20,1783822460,R_75,52735.0157,1,16.258700000005774,BACKFILL_AUTO
2026-07-12 02:14:22,1783822462,R_75,52745.6463,1,10.630599999996775,BACKFILL_AUTO
2026-07-12 02:14:24,1783822464,R_75,52740.9227,-1,4.723599999997532,BACKFILL_AUTO
2026-07-12 02:14:26,1783822466,R_75,52733.7353,-1,7.187400000002526,BACKFILL_AUTO
2026-07-12 02:14:28,1783822468,R_75,52722.0094,-1,11.725899999997637,BACKFILL_AUTO
2026-07-12 02:14:30,1783822470,R_75,52735.6704,1,13.661000000000058,BACKFILL_AUTO
2026-07-12 02:14:32,1783822472,R_75,52722.397,-1,13.273400000005495,BACKFILL_AUTO
2026-07-12 02:14:34,1783822474,R_75,52710.6807,-1,11.716300000000047,BACKFILL_AUTO
2026-07-12 02:14:36,1783822476,R_75,52700.0225,-1,10.658199999998033,BACKFILL_AUTO
2026-07-12 02:14:38,1783822478,R_75,52694.9433,-1,5.079200000000128,BACKFILL_AUTO
2026-07-12 02:14:40,1783822480,R_75,52680.834,-1,14.109299999996438,BACKFILL_AUTO
2026-07-12 02:14:42,1783822482,R_75,52674.6194,-1,6.214599999999336,BACKFILL_AUTO
2026-07-12 02:14:44,1783822484,R_75,52669.1516,-1,5.467800000005809,BACKFILL_AUTO
2026-07-12 02:14:46,1783822486,R_75,52673.995,1,4.843400000005204,BACKFILL_AUTO
2026-07-12 02:14:48,1783822488,R_75,52661.3216,-1,12.673399999999674,BACKFILL_AUTO
2026-07-12 02:14:50,1783822490,R_75,52675.1253,1,13.803699999996752,BACKFILL_AUTO
2026-07-12 02:14:52,1783822492,R_75,52686.5111,1,11.385800000003655,BACKFILL_AUTO
2026-07-12 02:14:54,1783822494,R_75,52677.3983,-1,9.112800000002608,BACKFILL_AUTO
2026-07-12 02:14:56,1783822496,R_75,52683.3399,1,5.941599999998289,BACKFILL_AUTO
2026-07-12 02:14:58,1783822498,R_75,52687.9963,1,4.656399999999849,BACKFILL_AUTO
2026-07-12 02:15:00,1783822500,R_75,52681.9166,-1,6.079700000002049,BACKFILL_AUTO
2026-07-12 02:15:02,1783822502,R_75,52701.9169,1,20.000299999999697,BACKFILL_AUTO
2026-07-12 02:15:04,1783822504,R_75,52703.3466,1,1.4297000000005937,BACKFILL_AUTO
2026-07-12 02:15:06,1783822506,R_75,52711.9986,1,8.652000000001863,BACKFILL_AUTO
2026-07-12 02:15:08,1783822508,R_75,52712.1856,1,0.18699999999807915,BACKFILL_AUTO
2026-07-12 02:15:10,1783822510,R_75,52697.5307,-1,14.654899999994086,BACKFILL_AUTO
2026-07-12 02:15:12,1783822512,R_75,52714.3516,1,16.8208999999988,BACKFILL_AUTO
2026-07-12 02:15:14,1783822514,R_75,52711.4182,-1,2.9334000000017113,BACKFILL_AUTO
2026-07-12 02:15:16,1783822516,R_75,52721.2806,1,9.86239999999816,BACKFILL_AUTO
2026-07-12 02:15:18,1783822518,R_75,52720.8801,-1,0.4004999999961001,BACKFILL_AUTO
2026-07-12 02:15:20,1783822520,R_75,52721.6995,1,0.8194000000003143,BACKFILL_AUTO
2026-07-12 02:15:22,1783822522,R_75,52729.9503,1,8.250799999994342,BACKFILL_AUTO
2026-07-12 02:15:24,1783822524,R_75,52730.5314,1,0.5811000000030617,BACKFILL_AUTO
2026-07-12 02:15:26,1783822526,R_75,52749.1513,1,18.61989999999787,BACKFILL_AUTO
2026-07-12 02:15:28,1783822528,R_75,52762.9132,1,13.761900000004971,BACKFILL_AUTO
2026-07-12 02:15:30,1783822530,R_75,52781.1754,1,18.262199999997392,BACKFILL_AUTO
2026-07-12 02:15:32,1783822532,R_75,52766.5906,-1,14.584799999996903,BACKFILL_AUTO
2026-07-12 02:15:34,1783822534,R_75,52771.9426,1,5.351999999998952,BACKFILL_AUTO
2026-07-12 02:15:36,1783822536,R_75,52765.5128,-1,6.4298000000053435,BACKFILL_AUTO
2026-07-12 02:15:38,1783822538,R_75,52765.6487,1,0.13590000000112923,BACKFILL_AUTO
2026-07-12 02:15:40,1783822540,R_75,52764.9619,-1,0.6867999999958556,BACKFILL_AUTO
2026-07-12 02:15:42,1783822542,R_75,52754.0098,-1,10.952100000002247,BACKFILL_AUTO
2026-07-12 02:15:44,1783822544,R_75,52735.7515,-1,18.258300000001327,BACKFILL_AUTO
2026-07-12 02:15:46,1783822546,R_75,52730.0163,-1,5.73519999999553,BACKFILL_AUTO
2026-07-12 02:15:48,1783822548,R_75,52736.61,1,6.593699999997625,BACKFILL_AUTO
2026-07-12 02:15:50,1783822550,R_75,52732.763,-1,3.8470000000015716,BACKFILL_AUTO
2026-07-12 02:15:52,1783822552,R_75,52737.9157,1,5.152699999998731,BACKFILL_AUTO
2026-07-12 02:15:54,1783822554,R_75,52741.781,1,3.865300000004936,BACKFILL_AUTO
2026-07-12 02:15:56,1783822556,R_75,52743.7839,1,2.0028999999994994,BACKFILL_AUTO
2026-07-12 02:15:58,1783822558,R_75,52758.2905,1,14.506600000000617,BACKFILL_AUTO
2026-07-12 02:16:00,1783822560,R_75,52753.5975,-1,4.6929999999993015,BACKFILL_AUTO
2026-07-12 02:16:02,1783822562,R_75,52749.8317,-1,3.765800000001036,BACKFILL_AUTO
2026-07-12 02:16:04,1783822564,R_75,52745.1094,-1,4.722300000001269,BACKFILL_AUTO
2026-07-12 02:16:06,1783822566,R_75,52750.1097,1,5.000299999999697,BACKFILL_AUTO
2026-07-12 02:16:08,1783822568,R_75,52753.4521,1,3.342400000001362,BACKFILL_AUTO
2026-07-12 02:16:10,1783822570,R_75,52758.1901,1,4.737999999997555,BACKFILL_AUTO
2026-07-12 02:16:12,1783822572,R_75,52753.702,-1,4.488100000002305,BACKFILL_AUTO
2026-07-12 02:16:14,1783822574,R_75,52770.9042,1,17.20219999999972,BACKFILL_AUTO
2026-07-12 02:16:16,1783822576,R_75,52764.868,-1,6.036199999995006,BACKFILL_AUTO
2026-07-12 02:16:18,1783822578,R_75,52778.8898,1,14.021799999994982,BACKFILL_AUTO
2026-07-12 02:16:20,1783822580,R_75,52785.2807,1,6.390900000005786,BACKFILL_AUTO
2026-07-12 02:16:22,1783822582,R_75,52778.2484,-1,7.032300000006217,BACKFILL_AUTO
2026-07-12 02:16:24,1783822584,R_75,52771.2837,-1,6.96469999999681,BACKFILL_AUTO
2026-07-12 02:16:26,1783822586,R_75,52763.1351,-1,8.148600000000442,BACKFILL_AUTO
2026-07-12 02:16:28,1783822588,R_75,52763.0988,-1,0.03629999999975553,BACKFILL_AUTO
2026-07-12 02:16:30,1783822590,R_75,52759.6418,-1,3.4570000000021537,BACKFILL_AUTO
2026-07-12 02:16:32,1783822592,R_75,52770.321,1,10.679200000005949,BACKFILL_AUTO
2026-07-12 02:16:34,1783822594,R_75,52783.5382,1,13.217199999999139,BACKFILL_AUTO
2026-07-12 02:16:36,1783822596,R_75,52788.0374,1,4.499199999998382,BACKFILL_AUTO
2026-07-12 02:16:38,1783822598,R_75,52791.7952,1,3.7577999999994063,BACKFILL_AUTO
2026-07-12 02:16:40,1783822600,R_75,52806.3087,1,14.513500000000931,BACKFILL_AUTO
2026-07-12 02:16:42,1783822602,R_75,52832.1453,1,25.836599999995087,BACKFILL_AUTO
2026-07-12 02:16:44,1783822604,R_75,52818.3389,-1,13.806399999994028,BACKFILL_AUTO
2026-07-12 02:16:46,1783822606,R_75,52834.9964,1,16.657500000001164,BACKFILL_AUTO
2026-07-12 02:16:48,1783822608,R_75,52857.7776,1,22.781199999997625,BACKFILL_AUTO
2026-07-12 02:16:50,1783822610,R_75,52865.4167,1,7.639100000000326,BACKFILL_AUTO
2026-07-12 02:16:52,1783822612,R_75,52872.4211,1,7.004399999997986,BACKFILL_AUTO
2026-07-12 02:16:54,1783822614,R_75,52873.5981,1,1.1770000000033178,BACKFILL_AUTO
2026-07-12 02:16:56,1783822616,R_75,52902.6041,1,29.005999999993946,BACKFILL_AUTO
2026-07-12 02:16:58,1783822618,R_75,52912.973,1,10.368900000001304,BACKFILL_AUTO
2026-07-12 02:17:00,1783822620,R_75,52920.6692,1,7.696199999998498,BACKFILL_AUTO
2026-07-12 02:17:02,1783822622,R_75,52920.5467,-1,0.1224999999976717,BACKFILL_AUTO
2026-07-12 02:17:04,1783822624,R_75,52925.6586,1,5.111900000003516,BACKFILL_AUTO
2026-07-12 02:17:06,1783822626,R_75,52927.6421,1,1.9834999999948195,BACKFILL_AUTO
2026-07-12 02:17:08,1783822628,R_75,52920.3122,-1,7.3298999999969965,BACKFILL_AUTO
2026-07-12 02:17:10,1783822630,R_75,52909.9115,-1,10.400699999998324,BACKFILL_AUTO
2026-07-12 02:17:12,1783822632,R_75,52917.6808,1,7.76929999999993,BACKFILL_AUTO
2026-07-12 02:17:14,1783822634,R_75,52908.012,-1,9.668799999999464,BACKFILL_AUTO
2026-07-12 02:17:16,1783822636,R_75,52907.7284,-1,0.28360000000247965,BACKFILL_AUTO
2026-07-12 02:17:18,1783822638,R_75,52904.3423,-1,3.3861000000033528,BACKFILL_AUTO
2026-07-12 02:17:20,1783822640,R_75,52911.4407,1,7.098400000002584,BACKFILL_AUTO
2026-07-12 02:17:22,1783822642,R_75,52906.5069,-1,4.933799999998882,BACKFILL_AUTO
2026-07-12 02:17:24,1783822644,R_75,52900.1452,-1,6.361700000001292,BACKFILL_AUTO
2026-07-12 02:17:26,1783822646,R_75,52910.2452,1,10.099999999998545,BACKFILL_AUTO
2026-07-12 02:17:28,1783822648,R_75,52904.4816,-1,5.763599999998405,BACKFILL_AUTO
2026-07-12 02:17:30,1783822650,R_75,52923.7889,1,19.307300000000396,BACKFILL_AUTO
2026-07-12 02:17:32,1783822652,R_75,52911.7375,-1,12.051399999996647,BACKFILL_AUTO
2026-07-12 02:17:34,1783822654,R_75,52918.661,1,6.923499999997148,BACKFILL_AUTO
2026-07-12 02:17:36,1783822656,R_75,52939.6755,1,21.014499999997497,BACKFILL_AUTO
2026-07-12 02:17:38,1783822658,R_75,52963.5271,1,23.85160000000178,BACKFILL_AUTO
2026-07-12 02:17:40,1783822660,R_75,52969.818,1,6.290899999999965,BACKFILL_AUTO
2026-07-12 02:17:42,1783822662,R_75,52977.4516,1,7.6336000000010245,BACKFILL_AUTO
2026-07-12 02:17:44,1783822664,R_75,52969.0871,-1,8.364500000003318,BACKFILL_AUTO
2026-07-12 02:17:46,1783822666,R_75,52962.7725,-1,6.314599999997881,BACKFILL_AUTO
2026-07-12 02:17:48,1783822668,R_75,52953.2294,-1,9.543100000002596,BACKFILL_AUTO
2026-07-12 02:17:50,1783822670,R_75,52963.6412,1,10.411800000001676,BACKFILL_AUTO
2026-07-12 02:17:52,1783822672,R_75,52963.1938,-1,0.4473999999972875,BACKFILL_AUTO
2026-07-12 02:17:54,1783822674,R_75,52969.8386,1,6.644800000001851,BACKFILL_AUTO
2026-07-12 02:17:56,1783822676,R_75,52957.9985,-1,11.840100000001257,BACKFILL_AUTO
2026-07-12 02:17:58,1783822678,R_75,52963.1051,1,5.106599999999162,BACKFILL_AUTO
2026-07-12 02:18:00,1783822680,R_75,52971.2321,1,8.127000000000407,BACKFILL_AUTO
2026-07-12 02:18:02,1783822682,R_75,52969.6374,-1,1.5947000000014668,BACKFILL_AUTO
2026-07-12 02:18:04,1783822684,R_75,52970.2666,1,0.6292000000030384,BACKFILL_AUTO
2026-07-12 02:18:06,1783822686,R_75,52971.3024,1,1.0357999999978347,BACKFILL_AUTO
2026-07-12 02:18:08,1783822688,R_75,52966.6076,-1,4.694799999997485,BACKFILL_AUTO
2026-07-12 02:18:10,1783822690,R_75,52974.7512,1,8.143599999995786,BACKFILL_AUTO
2026-07-12 02:18:12,1783822692,R_75,52969.218,-1,5.533199999998033,BACKFILL_AUTO
2026-07-12 02:18:14,1783822694,R_75,52966.886,-1,2.3320000000021537,BACKFILL_AUTO
2026-07-12 02:18:16,1783822696,R_75,52963.3424,-1,3.543599999997241,BACKFILL_AUTO
2026-07-12 02:18:18,1783822698,R_75,52976.8297,1,13.487300000000687,BACKFILL_AUTO
2026-07-12 02:18:20,1783822700,R_75,52972.5079,-1,4.321800000005169,BACKFILL_AUTO
2026-07-12 02:18:22,1783822702,R_75,52971.3486,-1,1.159299999999348,BACKFILL_AUTO
2026-07-12 02:18:24,1783822704,R_75,52988.6013,1,17.252700000004552,BACKFILL_AUTO
2026-07-12 02:18:26,1783822706,R_75,52996.6175,1,8.016199999998207,BACKFILL_AUTO
2026-07-12 02:18:28,1783822708,R_75,52996.9319,1,0.31440000000293367,BACKFILL_AUTO
2026-07-12 02:18:30,1783822710,R_75,52995.2812,-1,1.6507000000055996,BACKFILL_AUTO
2026-07-12 02:18:32,1783822712,R_75,53004.4479,1,9.166700000001583,BACKFILL_AUTO
2026-07-12 02:18:34,1783822714,R_75,53000.8648,-1,3.583099999996193,BACKFILL_AUTO
2026-07-12 02:18:36,1783822716,R_75,53000.0179,-1,0.8469000000040978,BACKFILL_AUTO
2026-07-12 02:18:38,1783822718,R_75,52985.078,-1,14.939899999997579,BACKFILL_AUTO
2026-07-12 02:18:40,1783822720,R_75,52982.0738,-1,3.0042000000030384,BACKFILL_AUTO
2026-07-12 02:18:42,1783822722,R_75,52969.8222,-1,12.25159999999596,BACKFILL_AUTO
2026-07-12 02:18:44,1783822724,R_75,52979.9945,1,10.172299999998359,BACKFILL_AUTO
2026-07-12 02:18:46,1783822726,R_75,52982.3974,1,2.4029000000009546,BACKFILL_AUTO
2026-07-12 02:18:48,1783822728,R_75,52985.4928,1,3.0953999999983353,BACKFILL_AUTO
2026-07-12 02:18:50,1783822730,R_75,53000.2249,1,14.732100000001083,BACKFILL_AUTO
2026-07-12 02:18:52,1783822732,R_75,53007.0762,1,6.851300000002084,BACKFILL_AUTO
2026-07-12 02:18:54,1783822734,R_75,53036.4917,1,29.415499999995518,BACKFILL_AUTO
2026-07-12 02:18:56,1783822736,R_75,53043.3292,1,6.837500000001455,BACKFILL_AUTO
2026-07-12 02:18:58,1783822738,R_75,53045.212,1,1.8827999999994063,BACKFILL_AUTO
2026-07-12 02:19:00,1783822740,R_75,53043.262,-1,1.9499999999970896,BACKFILL_AUTO
2026-07-12 02:19:02,1783822742,R_75,53056.0717,1,12.809699999997974,BACKFILL_AUTO
2026-07-12 02:19:04,1783822744,R_75,53067.7944,1,11.72269999999844,BACKFILL_AUTO
2026-07-12 02:19:06,1783822746,R_75,53064.831,-1,2.963400000000547,BACKFILL_AUTO
2026-07-12 02:19:08,1783822748,R_75,53057.7479,-1,7.083099999996193,BACKFILL_AUTO
2026-07-12 02:19:10,1783822750,R_75,53050.365,-1,7.382900000004156,BACKFILL_AUTO
2026-07-12 02:19:12,1783822752,R_75,53052.5051,1,2.1401000000041677,BACKFILL_AUTO
2026-07-12 02:19:14,1783822754,R_75,53049.7444,-1,2.7606999999989057,BACKFILL_AUTO
2026-07-12 02:19:16,1783822756,R_75,53046.3169,-1,3.4275000000052387,BACKFILL_AUTO
2026-07-12 02:19:18,1783822758,R_75,53052.8286,1,6.511700000002747,BACKFILL_AUTO
2026-07-12 02:19:20,1783822760,R_75,53063.1319,1,10.303299999999581,BACKFILL_AUTO
2026-07-12 02:19:22,1783822762,R_75,53054.0636,-1,9.068299999998999,BACKFILL_AUTO
2026-07-12 02:19:24,1783822764,R_75,53048.6688,-1,5.394800000001851,BACKFILL_AUTO
2026-07-12 02:19:26,1783822766,R_75,53033.9183,-1,14.75050000000192,BACKFILL_AUTO
2026-07-12 02:19:28,1783822768,R_75,53044.0644,1,10.14610000000539,BACKFILL_AUTO
2026-07-12 02:19:30,1783822770,R_75,53033.6332,-1,10.431200000006356,BACKFILL_AUTO
2026-07-12 02:19:32,1783822772,R_75,53055.3534,1,21.720200000003388,BACKFILL_AUTO
2026-07-12 02:19:34,1783822774,R_75,53057.9926,1,2.6391999999977998,BACKFILL_AUTO
2026-07-12 02:19:36,1783822776,R_75,53076.4317,1,18.439100000003236,BACKFILL_AUTO
2026-07-12 02:19:38,1783822778,R_75,53076.1529,-1,0.27880000000004657,BACKFILL_AUTO
2026-07-12 02:19:40,1783822780,R_75,53067.4856,-1,8.667300000000978,BACKFILL_AUTO
2026-07-12 02:19:42,1783822782,R_75,53063.5237,-1,3.9619000000020606,BACKFILL_AUTO
2026-07-12 02:19:44,1783822784,R_75,53064.7696,1,1.2459000000017113,BACKFILL_AUTO
2026-07-12 02:19:46,1783822786,R_75,53067.9726,1,3.2030000000013388,BACKFILL_AUTO
2026-07-12 02:19:48,1783822788,R_75,53081.7972,1,13.824599999999919,BACKFILL_AUTO
2026-07-12 02:19:50,1783822790,R_75,53100.4262,1,18.629000000000815,BACKFILL_AUTO
2026-07-12 02:19:52,1783822792,R_75,53089.2044,-1,11.221799999999348,BACKFILL_AUTO
2026-07-12 02:19:54,1783822794,R_75,53082.2822,-1,6.922200000000885,BACKFILL_AUTO
2026-07-12 02:19:56,1783822796,R_75,53071.7756,-1,10.506600000000617,BACKFILL_AUTO
2026-07-12 02:19:58,1783822798,R_75,53098.4716,1,26.695999999996275,BACKFILL_AUTO
2026-07-12 02:20:00,1783822800,R_75,53099.1059,1,0.6343000000051688,BACKFILL_AUTO
2026-07-12 02:20:02,1783822802,R_75,53090.6808,-1,8.425100000000384,BACKFILL_AUTO
2026-07-12 02:20:04,1783822804,R_75,53082.8772,-1,7.803599999999278,BACKFILL_AUTO
2026-07-12 02:20:06,1783822806,R_75,53077.0786,-1,5.798600000001898,BACKFILL_AUTO
2026-07-12 02:20:08,1783822808,R_75,53071.6758,-1,5.402800000003481,BACKFILL_AUTO
2026-07-12 02:20:10,1783822810,R_75,53072.0318,1,0.35599999999976717,BACKFILL_AUTO
2026-07-12 02:20:12,1783822812,R_75,53076.1197,1,4.087900000005902,BACKFILL_AUTO
2026-07-12 02:20:14,1783822814,R_75,53072.7416,-1,3.378100000001723,BACKFILL_AUTO
2026-07-12 02:20:16,1783822816,R_75,53071.9349,-1,0.8067000000010012,BACKFILL_AUTO
2026-07-12 02:20:18,1783822818,R_75,53058.9017,-1,13.033199999998033,BACKFILL_AUTO
2026-07-12 02:20:20,1783822820,R_75,53068.2391,1,9.337399999996705,BACKFILL_AUTO
2026-07-12 02:20:22,1783822822,R_75,53077.9931,1,9.754000000000815,BACKFILL_AUTO
2026-07-12 02:20:24,1783822824,R_75,53047.0289,-1,30.964200000002165,BACKFILL_AUTO
2026-07-12 02:20:26,1783822826,R_75,53053.3416,1,6.3127000000022235,BACKFILL_AUTO
2026-07-12 02:20:28,1783822828,R_75,53062.9455,1,9.603900000001886,BACKFILL_AUTO
2026-07-12 02:20:30,1783822830,R_75,53076.9445,1,13.998999999996158,BACKFILL_AUTO
2026-07-12 02:20:32,1783822832,R_75,53081.3163,1,4.371800000000803,BACKFILL_AUTO
2026-07-12 02:20:34,1783822834,R_75,53087.083,1,5.766700000000128,BACKFILL_AUTO
2026-07-12 02:20:36,1783822836,R_75,53090.2415,1,3.15849999999773,BACKFILL_AUTO
2026-07-12 02:20:38,1783822838,R_75,53089.2522,-1,0.9892999999938183,BACKFILL_AUTO
2026-07-12 02:20:40,1783822840,R_75,53095.8837,1,6.631499999995867,BACKFILL_AUTO
2026-07-12 02:20:42,1783822842,R_75,53101.7287,1,5.845000000001164,BACKFILL_AUTO
2026-07-12 02:20:44,1783822844,R_75,53085.4167,-1,16.31199999999808,BACKFILL_AUTO
2026-07-12 02:20:46,1783822846,R_75,53083.1921,-1,2.2246000000013737,BACKFILL_AUTO
2026-07-12 02:20:48,1783822848,R_75,53063.5578,-1,19.634299999997893,BACKFILL_AUTO
2026-07-12 02:20:50,1783822850,R_75,53049.4442,-1,14.113600000004226,BACKFILL_AUTO
2026-07-12 02:20:52,1783822852,R_75,53055.5864,1,6.142200000002049,BACKFILL_AUTO
2026-07-12 02:20:54,1783822854,R_75,53044.9668,-1,10.619599999998172,BACKFILL_AUTO
2026-07-12 02:20:56,1783822856,R_75,53036.1893,-1,8.777500000003783,BACKFILL_AUTO
2026-07-12 02:20:58,1783822858,R_75,53035.4921,-1,0.697199999995064,BACKFILL_AUTO
2026-07-12 02:21:00,1783822860,R_75,53043.1468,1,7.6546999999991385,BACKFILL_AUTO
2026-07-12 02:21:02,1783822862,R_75,53041.3441,-1,1.8027000000001863,BACKFILL_AUTO
2026-07-12 02:21:04,1783822864,R_75,53032.7333,-1,8.6108000000022,BACKFILL_AUTO
2026-07-12 02:21:06,1783822866,R_75,53027.9039,-1,4.829400000002352,BACKFILL_AUTO
2026-07-12 02:21:08,1783822868,R_75,53034.7591,1,6.855200000005425,BACKFILL_AUTO
2026-07-12 02:21:10,1783822870,R_75,53028.4469,-1,6.312200000000303,BACKFILL_AUTO
2026-07-12 02:21:12,1783822872,R_75,53030.2491,1,1.8021999999982654,BACKFILL_AUTO
2026-07-12 02:21:14,1783822874,R_75,53034.4801,1,4.230999999999767,BACKFILL_AUTO
2026-07-12 02:21:16,1783822876,R_75,53039.7968,1,5.3166999999957625,BACKFILL_AUTO
2026-07-12 02:21:18,1783822878,R_75,53049.3561,1,9.559300000000803,BACKFILL_AUTO
2026-07-12 02:21:20,1783822880,R_75,53044.8549,-1,4.501199999998789,BACKFILL_AUTO
2026-07-12 02:21:22,1783822882,R_75,53057.5823,1,12.7274000000034,BACKFILL_AUTO
2026-07-12 02:21:24,1783822884,R_75,53049.9056,-1,7.6767000000036205,BACKFILL_AUTO
2026-07-12 02:21:26,1783822886,R_75,53065.2119,1,15.30630000000383,BACKFILL_AUTO
2026-07-12 02:21:28,1783822888,R_75,53069.2953,1,4.0833999999958905,BACKFILL_AUTO
2026-07-12 02:21:30,1783822890,R_75,53073.8415,1,4.546200000004319,BACKFILL_AUTO
2026-07-12 02:21:32,1783822892,R_75,53086.6041,1,12.762599999994563,BACKFILL_AUTO
2026-07-12 02:21:34,1783822894,R_75,53075.2101,-1,11.394000000000233,BACKFILL_AUTO
2026-07-12 02:21:36,1783822896,R_75,53057.4423,-1,17.767799999994168,BACKFILL_AUTO
2026-07-12 02:21:38,1783822898,R_75,53056.3411,-1,1.10120000000461,BACKFILL_AUTO
2026-07-12 02:21:40,1783822900,R_75,53069.0832,1,12.74210000000312,BACKFILL_AUTO
2026-07-12 02:21:42,1783822902,R_75,53068.6313,-1,0.4519000000000233,BACKFILL_AUTO
2026-07-12 02:21:44,1783822904,R_75,53060.466,-1,8.16530000000057,BACKFILL_AUTO
2026-07-12 02:21:46,1783822906,R_75,53056.5232,-1,3.942799999997078,BACKFILL_AUTO
2026-07-12 02:21:48,1783822908,R_75,53063.478,1,6.954799999999523,BACKFILL_AUTO
2026-07-12 02:21:50,1783822910,R_75,53055.8922,-1,7.585800000000745,BACKFILL_AUTO
2026-07-12 02:21:52,1783822912,R_75,53049.3062,-1,6.586000000002969,BACKFILL_AUTO
2026-07-12 02:21:54,1783822914,R_75,53050.4219,1,1.1157000000021071,BACKFILL_AUTO
2026-07-12 02:21:56,1783822916,R_75,53041.8864,-1,8.535499999998137,BACKFILL_AUTO
2026-07-12 02:21:58,1783822918,R_75,53026.0922,-1,15.794200000003912,BACKFILL_AUTO
2026-07-12 02:22:00,1783822920,R_75,53027.9795,1,1.887300000002142,BACKFILL_AUTO
2026-07-12 02:22:02,1783822922,R_75,53037.2907,1,9.311199999996461,BACKFILL_AUTO
2026-07-12 02:22:04,1783822924,R_75,53038.906,1,1.615300000004936,BACKFILL_AUTO
2026-07-12 02:22:06,1783822926,R_75,53038.2103,-1,0.6957000000038533,BACKFILL_AUTO
2026-07-12 02:22:08,1783822928,R_75,53033.7412,-1,4.469100000002072,BACKFILL_AUTO
2026-07-12 02:22:10,1783822930,R_75,53029.617,-1,4.124199999998382,BACKFILL_AUTO
2026-07-12 02:22:12,1783822932,R_75,53018.1709,-1,11.446100000001024,BACKFILL_AUTO
2026-07-12 02:22:14,1783822934,R_75,53011.6841,-1,6.486799999998766,BACKFILL_AUTO
2026-07-12 02:22:16,1783822936,R_75,53006.9691,-1,4.7149999999965075,BACKFILL_AUTO
2026-07-12 02:22:18,1783822938,R_75,53017.2576,1,10.28849999999511,BACKFILL_AUTO
2026-07-12 02:22:20,1783822940,R_75,53008.6456,-1,8.611999999993714,BACKFILL_AUTO
2026-07-12 02:22:22,1783822942,R_75,53016.7581,1,8.112499999995634,BACKFILL_AUTO
2026-07-12 02:22:24,1783822944,R_75,53018.8404,1,2.082300000001851,BACKFILL_AUTO
2026-07-12 02:22:26,1783822946,R_75,53013.006,-1,5.834399999999732,BACKFILL_AUTO
2026-07-12 02:22:28,1783822948,R_75,52994.1352,-1,18.870800000004238,BACKFILL_AUTO
2026-07-12 02:22:30,1783822950,R_75,52998.7877,1,4.6525000000037835,BACKFILL_AUTO
2026-07-12 02:22:32,1783822952,R_75,53003.849,1,5.061300000001211,BACKFILL_AUTO
2026-07-12 02:22:34,1783822954,R_75,53014.974,1,11.125,BACKFILL_AUTO
2026-07-12 02:22:36,1783822956,R_75,53024.7851,1,9.811099999998987,BACKFILL_AUTO
2026-07-12 02:22:38,1783822958,R_75,53027.3574,1,2.5722999999998137,BACKFILL_AUTO
2026-07-12 02:22:40,1783822960,R_75,53033.1675,1,5.810100000002421,BACKFILL_AUTO
2026-07-12 02:22:42,1783822962,R_75,53026.2548,-1,6.912700000000768,BACKFILL_AUTO
2026-07-12 02:22:44,1783822964,R_75,53032.8381,1,6.583299999998417,BACKFILL_AUTO
2026-07-12 02:22:46,1783822966,R_75,53036.211,1,3.3729000000021188,BACKFILL_AUTO
2026-07-12 02:22:48,1783822968,R_75,53026.4219,-1,9.789100000001781,BACKFILL_AUTO
2026-07-12 02:22:50,1783822970,R_75,53028.8391,1,2.417199999996228,BACKFILL_AUTO
2026-07-12 02:22:52,1783822972,R_75,53028.2786,-1,0.5604999999995925,BACKFILL_AUTO
2026-07-12 02:22:54,1783822974,R_75,53018.4574,-1,9.821199999998498,BACKFILL_AUTO
2026-07-12 02:22:56,1783822976,R_75,53035.5902,1,17.132799999999406,BACKFILL_AUTO
2026-07-12 02:22:58,1783822978,R_75,53053.9558,1,18.365600000004633,BACKFILL_AUTO
2026-07-12 02:23:00,1783822980,R_75,53038.0793,-1,15.876500000005763,BACKFILL_AUTO
2026-07-12 02:23:02,1783822982,R_75,53040.7784,1,2.6991000000052736,BACKFILL_AUTO
2026-07-12 02:23:04,1783822984,R_75,53060.6855,1,19.907099999996717,BACKFILL_AUTO
2026-07-12 02:23:06,1783822986,R_75,53058.7578,-1,1.9277000000001863,BACKFILL_AUTO
2026-07-12 02:23:08,1783822988,R_75,53052.8462,-1,5.911599999999453,BACKFILL_AUTO
2026-07-12 02:23:10,1783822990,R_75,53050.0505,-1,2.795700000002398,BACKFILL_AUTO
2026-07-12 02:23:12,1783822992,R_75,53033.1728,-1,16.877699999997276,BACKFILL_AUTO
2026-07-12 02:23:14,1783822994,R_75,53037.8407,1,4.6679000000003725,BACKFILL_AUTO
2026-07-12 02:23:16,1783822996,R_75,53041.2937,1,3.4530000000013388,BACKFILL_AUTO
2026-07-12 02:23:18,1783822998,R_75,53047.2435,1,5.949799999994866,BACKFILL_AUTO
2026-07-12 02:23:20,1783823000,R_75,53058.6636,1,11.420100000003004,BACKFILL_AUTO
2026-07-12 02:23:22,1783823002,R_75,53068.0203,1,9.356699999996636,BACKFILL_AUTO
2026-07-12 02:23:24,1783823004,R_75,53077.0968,1,9.076500000002852,BACKFILL_AUTO
2026-07-12 02:23:26,1783823006,R_75,53079.6927,1,2.595900000000256,BACKFILL_AUTO
2026-07-12 02:23:28,1783823008,R_75,53086.7631,1,7.07039999999688,BACKFILL_AUTO
2026-07-12 02:23:30,1783823010,R_75,53079.8292,-1,6.933899999996356,BACKFILL_AUTO
2026-07-12 02:23:32,1783823012,R_75,53087.0555,1,7.226300000002084,BACKFILL_AUTO
2026-07-12 02:23:34,1783823014,R_75,53067.3355,-1,19.720000000001164,BACKFILL_AUTO
2026-07-12 02:23:36,1783823016,R_75,53057.5207,-1,9.814800000000105,BACKFILL_AUTO
2026-07-12 02:23:38,1783823018,R_75,53065.8991,1,8.37840000000142,BACKFILL_AUTO
2026-07-12 02:23:40,1783823020,R_75,53063.4678,-1,2.43130000000383,BACKFILL_AUTO
2026-07-12 02:23:42,1783823022,R_75,53065.8352,1,2.3674000000028173,BACKFILL_AUTO
2026-07-12 02:23:44,1783823024,R_75,53043.1925,-1,22.64270000000397,BACKFILL_AUTO
2026-07-12 02:23:46,1783823026,R_75,53053.1636,1,9.97110000000248,BACKFILL_AUTO
2026-07-12 02:23:48,1783823028,R_75,53049.9749,-1,3.1886999999987893,BACKFILL_AUTO
2026-07-12 02:23:50,1783823030,R_75,53046.6126,-1,3.362300000000687,BACKFILL_AUTO
2026-07-12 02:23:52,1783823032,R_75,53037.14,-1,9.472600000000966,BACKFILL_AUTO
2026-07-12 02:23:54,1783823034,R_75,53047.1922,1,10.052199999998265,BACKFILL_AUTO
2026-07-12 02:23:56,1783823036,R_75,53042.8236,-1,4.368599999994331,BACKFILL_AUTO
2026-07-12 02:23:58,1783823038,R_75,53035.7767,-1,7.046900000001187,BACKFILL_AUTO
2026-07-12 02:24:00,1783823040,R_75,53004.6662,-1,31.110500000002503,BACKFILL_AUTO
2026-07-12 02:24:02,1783823042,R_75,53008.9655,1,4.299299999998766,BACKFILL_AUTO
2026-07-12 02:24:04,1783823044,R_75,53006.2916,-1,2.673900000001595,BACKFILL_AUTO
2026-07-12 02:24:06,1783823046,R_75,53017.0972,1,10.805599999999686,BACKFILL_AUTO
2026-07-12 02:24:08,1783823048,R_75,53022.7917,1,5.694500000005064,BACKFILL_AUTO
2026-07-12 02:24:10,1783823050,R_75,53044.5836,1,21.79189999999653,BACKFILL_AUTO
2026-07-12 02:24:12,1783823052,R_75,53038.3371,-1,6.246500000001106,BACKFILL_AUTO
2026-07-12 02:24:14,1783823054,R_75,53031.5913,-1,6.745799999996962,BACKFILL_AUTO
2026-07-12 02:24:16,1783823056,R_75,53021.2543,-1,10.336999999999534,BACKFILL_AUTO
2026-07-12 02:24:18,1783823058,R_75,53023.437,1,2.182699999997567,BACKFILL_AUTO
2026-07-12 02:24:20,1783823060,R_75,53024.3355,1,0.8985000000029686,BACKFILL_AUTO
2026-07-12 02:24:22,1783823062,R_75,53026.3883,1,2.05279999999766,BACKFILL_AUTO
2026-07-12 02:24:24,1783823064,R_75,53010.7433,-1,15.644999999996799,BACKFILL_AUTO
2026-07-12 02:24:26,1783823066,R_75,53000.498,-1,10.245300000002317,BACKFILL_AUTO
2026-07-12 02:24:28,1783823068,R_75,52991.3188,-1,9.179199999998673,BACKFILL_AUTO
2026-07-12 02:24:30,1783823070,R_75,52993.264,1,1.9452000000019325,BACKFILL_AUTO
2026-07-12 02:24:32,1783823072,R_75,52991.7443,-1,1.5197000000043772,BACKFILL_AUTO
2026-07-12 02:24:34,1783823074,R_75,52982.287,-1,9.457300000001851,BACKFILL_AUTO
2026-07-12 02:24:36,1783823076,R_75,52980.0697,-1,2.2172999999966123,BACKFILL_AUTO
2026-07-12 02:24:38,1783823078,R_75,52966.4878,-1,13.581899999997404,BACKFILL_AUTO
2026-07-12 02:24:40,1783823080,R_75,52963.3468,-1,3.1410000000032596,BACKFILL_AUTO
2026-07-12 02:24:42,1783823082,R_75,52974.4153,1,11.068500000001222,BACKFILL_AUTO
2026-07-12 02:24:44,1783823084,R_75,52961.8756,-1,12.539700000001176,BACKFILL_AUTO
2026-07-12 02:24:46,1783823086,R_75,52962.4232,1,0.5475999999980559,BACKFILL_AUTO
2026-07-12 02:24:48,1783823088,R_75,52958.2291,-1,4.194100000000617,BACKFILL_AUTO
2026-07-12 02:24:50,1783823090,R_75,52948.0501,-1,10.17899999999645,BACKFILL_AUTO
2026-07-12 02:24:52,1783823092,R_75,52958.0721,1,10.021999999997206,BACKFILL_AUTO
2026-07-12 02:24:54,1783823094,R_75,52955.3862,-1,2.6858999999967637,BACKFILL_AUTO
2026-07-12 02:24:56,1783823096,R_75,52962.4952,1,7.10899999999674,BACKFILL_AUTO
2026-07-12 02:24:58,1783823098,R_75,52972.7058,1,10.210600000005797,BACKFILL_AUTO
2026-07-12 02:25:00,1783823100,R_75,52978.4839,1,5.778099999995902,BACKFILL_AUTO
2026-07-12 02:25:02,1783823102,R_75,52972.0647,-1,6.419199999996636,BACKFILL_AUTO
2026-07-12 02:25:04,1783823104,R_75,52955.4853,-1,16.57940000000235,BACKFILL_AUTO
2026-07-12 02:25:06,1783823106,R_75,52957.4323,1,1.9470000000001164,BACKFILL_AUTO
2026-07-12 02:25:08,1783823108,R_75,52957.954,1,0.5216999999975087,BACKFILL_AUTO
2026-07-12 02:25:10,1783823110,R_75,52968.9623,1,11.008300000001327,BACKFILL_AUTO
2026-07-12 02:25:12,1783823112,R_75,52962.114,-1,6.848299999997835,BACKFILL_AUTO
2026-07-12 02:25:14,1783823114,R_75,52957.0988,-1,5.0152000000016415,BACKFILL_AUTO
2026-07-12 02:25:16,1783823116,R_75,52946.1421,-1,10.956700000002456,BACKFILL_AUTO
2026-07-12 02:25:18,1783823118,R_75,52943.0686,-1,3.073499999998603,BACKFILL_AUTO
2026-07-12 02:25:20,1783823120,R_75,52954.7419,1,11.6733000000022,BACKFILL_AUTO
2026-07-12 02:25:22,1783823122,R_75,52962.3293,1,7.5873999999967054,BACKFILL_AUTO
2026-07-12 02:25:24,1783823124,R_75,52946.4524,-1,15.876899999995658,BACKFILL_AUTO
2026-07-12 02:25:26,1783823126,R_75,52960.1065,1,13.654099999999744,BACKFILL_AUTO
2026-07-12 02:25:28,1783823128,R_75,52968.4878,1,8.38130000000092,BACKFILL_AUTO
2026-07-12 02:25:30,1783823130,R_75,52963.4189,-1,5.068900000005669,BACKFILL_AUTO
2026-07-12 02:25:32,1783823132,R_75,52964.7326,1,1.3137000000060652,BACKFILL_AUTO
2026-07-12 02:25:34,1783823134,R_75,52952.1871,-1,12.545500000000175,BACKFILL_AUTO
2026-07-12 02:25:36,1783823136,R_75,52959.5316,1,7.344499999999243,BACKFILL_AUTO
2026-07-12 02:25:38,1783823138,R_75,52960.1565,1,0.6248999999952503,BACKFILL_AUTO
2026-07-12 02:25:40,1783823140,R_75,52966.9509,1,6.794400000006135,BACKFILL_AUTO
2026-07-12 02:25:42,1783823142,R_75,52958.9426,-1,8.008300000001327,BACKFILL_AUTO
2026-07-12 02:25:44,1783823144,R_75,52964.6742,1,5.731599999999162,BACKFILL_AUTO
2026-07-12 02:25:46,1783823146,R_75,52965.7301,1,1.055899999999383,BACKFILL_AUTO
2026-07-12 02:25:48,1783823148,R_75,52954.9566,-1,10.773500000002969,BACKFILL_AUTO
2026-07-12 02:25:50,1783823150,R_75,52968.0477,1,13.091100000005099,BACKFILL_AUTO
2026-07-12 02:25:52,1783823152,R_75,52974.3734,1,6.325699999993958,BACKFILL_AUTO
2026-07-12 02:25:54,1783823154,R_75,52963.5071,-1,10.866299999994226,BACKFILL_AUTO
2026-07-12 02:25:56,1783823156,R_75,52972.3812,1,8.874100000000908,BACKFILL_AUTO
2026-07-12 02:25:58,1783823158,R_75,52964.8905,-1,7.490700000002107,BACKFILL_AUTO
2026-07-12 02:26:00,1783823160,R_75,52965.2605,1,0.3699999999953434,BACKFILL_AUTO
2026-07-12 02:26:02,1783823162,R_75,52965.5341,1,0.2736000000004424,BACKFILL_AUTO
2026-07-12 02:26:04,1783823164,R_75,52958.4574,-1,7.0766999999978,BACKFILL_AUTO
2026-07-12 02:26:06,1783823166,R_75,52948.119,-1,10.338400000000547,BACKFILL_AUTO
2026-07-12 02:26:08,1783823168,R_75,52943.7103,-1,4.408699999999953,BACKFILL_AUTO
2026-07-12 02:26:10,1783823170,R_75,52934.0343,-1,9.675999999999476,BACKFILL_AUTO
2026-07-12 02:26:12,1783823172,R_75,52941.0366,1,7.002300000000105,BACKFILL_AUTO
2026-07-12 02:26:14,1783823174,R_75,52930.6352,-1,10.401400000002468,BACKFILL_AUTO
2026-07-12 02:26:16,1783823176,R_75,52906.3776,-1,24.257599999997183,BACKFILL_AUTO
2026-07-12 02:26:18,1783823178,R_75,52923.6541,1,17.276499999999942,BACKFILL_AUTO
2026-07-12 02:26:20,1783823180,R_75,52922.8416,-1,0.8125,BACKFILL_AUTO
2026-07-12 02:26:22,1783823182,R_75,52927.8012,1,4.959600000001956,BACKFILL_AUTO
2026-07-12 02:26:24,1783823184,R_75,52939.7519,1,11.950700000001234,BACKFILL_AUTO
2026-07-12 02:26:26,1783823186,R_75,52928.4321,-1,11.319800000004761,BACKFILL_AUTO
2026-07-12 02:26:28,1783823188,R_75,52928.1015,-1,0.33060000000114087,BACKFILL_AUTO
2026-07-12 02:26:30,1783823190,R_75,52927.1038,-1,0.9976999999998952,BACKFILL_AUTO
2026-07-12 02:26:32,1783823192,R_75,52940.6744,1,13.57060000000638,BACKFILL_AUTO
2026-07-12 02:26:34,1783823194,R_75,52953.1469,1,12.472499999996217,BACKFILL_AUTO
2026-07-12 02:26:36,1783823196,R_75,52941.6837,-1,11.463199999998324,BACKFILL_AUTO
2026-07-12 02:26:38,1783823198,R_75,52957.0457,1,15.36200000000099,BACKFILL_AUTO
2026-07-12 02:26:40,1783823200,R_75,52951.5883,-1,5.457399999999325,BACKFILL_AUTO
2026-07-12 02:26:42,1783823202,R_75,52952.6053,1,1.0169999999998254,BACKFILL_AUTO
2026-07-12 02:26:44,1783823204,R_75,52954.8944,1,2.289099999994505,BACKFILL_AUTO
2026-07-12 02:26:46,1783823206,R_75,52958.0405,1,3.14610000000539,BACKFILL_AUTO
2026-07-12 02:26:48,1783823208,R_75,52963.1399,1,5.09939999999915,BACKFILL_AUTO
2026-07-12 02:26:50,1783823210,R_75,52957.9126,-1,5.22729999999865,BACKFILL_AUTO
2026-07-12 02:26:52,1783823212,R_75,52943.8596,-1,14.052999999999884,BACKFILL_AUTO
2026-07-12 02:26:54,1783823214,R_75,52954.641,1,10.781399999999849,BACKFILL_AUTO
2026-07-12 02:26:56,1783823216,R_75,52958.9272,1,4.286199999995006,BACKFILL_AUTO
2026-07-12 02:26:58,1783823218,R_75,52975.8091,1,16.881900000000314,BACKFILL_AUTO
2026-07-12 02:27:00,1783823220,R_75,52963.9713,-1,11.837800000001153,BACKFILL_AUTO
2026-07-12 02:27:02,1783823222,R_75,52973.5102,1,9.538899999999558,BACKFILL_AUTO
2026-07-12 02:27:04,1783823224,R_75,52984.6036,1,11.093400000005204,BACKFILL_AUTO
2026-07-12 02:27:06,1783823226,R_75,52978.3296,-1,6.274000000004889,BACKFILL_AUTO
2026-07-12 02:27:08,1783823228,R_75,52995.6693,1,17.339700000004086,BACKFILL_AUTO
2026-07-12 02:27:10,1783823230,R_75,52998.8179,1,3.1486000000004424,BACKFILL_AUTO
2026-07-12 02:27:12,1783823232,R_75,53004.0268,1,5.208899999997811,BACKFILL_AUTO
2026-07-12 02:27:14,1783823234,R_75,53001.0621,-1,2.96469999999681,BACKFILL_AUTO
2026-07-12 02:27:16,1783823236,R_75,53007.2267,1,6.164599999996426,BACKFILL_AUTO
2026-07-12 02:27:18,1783823238,R_75,52982.0951,-1,25.131600000000617,BACKFILL_AUTO
2026-07-12 02:27:20,1783823240,R_75,53000.4336,1,18.33849999999802,BACKFILL_AUTO
2026-07-12 02:27:22,1783823242,R_75,52999.4061,-1,1.0274999999965075,BACKFILL_AUTO
2026-07-12 02:27:24,1783823244,R_75,53006.9909,1,7.584799999996903,BACKFILL_AUTO
2026-07-12 02:27:26,1783823246,R_75,52989.3041,-1,17.686799999995856,BACKFILL_AUTO
2026-07-12 02:27:28,1783823248,R_75,52976.3592,-1,12.944900000002235,BACKFILL_AUTO
2026-07-12 02:27:30,1783823250,R_75,52987.8088,1,11.449599999999919,BACKFILL_AUTO
2026-07-12 02:27:32,1783823252,R_75,53009.8315,1,22.02270000000135,BACKFILL_AUTO
2026-07-12 02:27:34,1783823254,R_75,53015.9332,1,6.101699999999255,BACKFILL_AUTO
2026-07-12 02:27:36,1783823256,R_75,53013.7834,-1,2.1497999999992317,BACKFILL_AUTO
2026-07-12 02:27:38,1783823258,R_75,53021.2649,1,7.481500000001688,BACKFILL_AUTO
2026-07-12 02:27:40,1783823260,R_75,53040.8939,1,19.629000000000815,BACKFILL_AUTO
2026-07-12 02:27:42,1783823262,R_75,53046.3831,1,5.489199999996345,BACKFILL_AUTO
2026-07-12 02:27:44,1783823264,R_75,53061.0483,1,14.665200000003097,BACKFILL_AUTO
2026-07-12 02:27:46,1783823266,R_75,53052.4905,-1,8.557800000002317,BACKFILL_AUTO
2026-07-12 02:27:48,1783823268,R_75,53032.0621,-1,20.428399999997055,BACKFILL_AUTO
2026-07-12 02:27:50,1783823270,R_75,53012.8329,-1,19.229200000001583,BACKFILL_AUTO
2026-07-12 02:27:52,1783823272,R_75,53026.741,1,13.908100000000559,BACKFILL_AUTO
2026-07-12 02:27:54,1783823274,R_75,53024.0447,-1,2.696300000003248,BACKFILL_AUTO
2026-07-12 02:27:56,1783823276,R_75,53009.5035,-1,14.541199999999662,BACKFILL_AUTO
2026-07-12 02:27:58,1783823278,R_75,53023.1555,1,13.652000000001863,BACKFILL_AUTO
2026-07-12 02:28:00,1783823280,R_75,53028.7635,1,5.608000000000175,BACKFILL_AUTO
2026-07-12 02:28:02,1783823282,R_75,53043.1963,1,14.432800000002317,BACKFILL_AUTO
2026-07-12 02:28:04,1783823284,R_75,53055.2373,1,12.040999999997439,BACKFILL_AUTO
2026-07-12 02:28:06,1783823286,R_75,53059.2975,1,4.060199999999895,BACKFILL_AUTO
2026-07-12 02:28:08,1783823288,R_75,53064.3689,1,5.071400000000722,BACKFILL_AUTO
2026-07-12 02:28:10,1783823290,R_75,53065.4424,1,1.073499999998603,BACKFILL_AUTO
2026-07-12 02:28:12,1783823292,R_75,53066.1533,1,0.7108999999982188,BACKFILL_AUTO
2026-07-12 02:28:14,1783823294,R_75,53070.1008,1,3.9475000000020373,BACKFILL_AUTO
2026-07-12 02:28:16,1783823296,R_75,53079.0072,1,8.906399999999849,BACKFILL_AUTO
2026-07-12 02:28:18,1783823298,R_75,53085.8981,1,6.89089999999851,BACKFILL_AUTO
2026-07-12 02:28:20,1783823300,R_75,53094.0135,1,8.11540000000241,BACKFILL_AUTO
2026-07-12 02:28:22,1783823302,R_75,53089.3323,-1,4.68119999999908,BACKFILL_AUTO
2026-07-12 02:28:24,1783823304,R_75,53088.8974,-1,0.4349000000001979,BACKFILL_AUTO
2026-07-12 02:28:26,1783823306,R_75,53087.7615,-1,1.1359000000011292,BACKFILL_AUTO
2026-07-12 02:28:28,1783823308,R_75,53083.8536,-1,3.9078999999983353,BACKFILL_AUTO
2026-07-12 02:28:30,1783823310,R_75,53086.4427,1,2.5890999999974156,BACKFILL_AUTO
2026-07-12 02:28:32,1783823312,R_75,53093.185,1,6.7422999999980675,BACKFILL_AUTO
2026-07-12 02:28:34,1783823314,R_75,53066.2169,-1,26.96809999999823,BACKFILL_AUTO
2026-07-12 02:28:36,1783823316,R_75,53079.1994,1,12.982499999998254,BACKFILL_AUTO
2026-07-12 02:28:38,1783823318,R_75,53083.1509,1,3.951500000002852,BACKFILL_AUTO
2026-07-12 02:28:40,1783823320,R_75,53074.4901,-1,8.660799999997835,BACKFILL_AUTO
2026-07-12 02:28:42,1783823322,R_75,53082.6366,1,8.146499999995285,BACKFILL_AUTO
2026-07-12 02:28:44,1783823324,R_75,53078.6923,-1,3.9442999999955646,BACKFILL_AUTO
2026-07-12 02:28:46,1783823326,R_75,53064.5476,-1,14.144700000004377,BACKFILL_AUTO
2026-07-12 02:28:48,1783823328,R_75,53076.8503,1,12.302700000000186,BACKFILL_AUTO
2026-07-12 02:28:50,1783823330,R_75,53089.9312,1,13.080900000000838,BACKFILL_AUTO
2026-07-12 02:28:52,1783823332,R_75,53075.1716,-1,14.75959999999759,BACKFILL_AUTO
2026-07-12 02:28:54,1783823334,R_75,53064.7978,-1,10.37380000000121,BACKFILL_AUTO
2026-07-12 02:28:56,1783823336,R_75,53051.3923,-1,13.405500000000757,BACKFILL_AUTO
2026-07-12 02:28:58,1783823338,R_75,53063.7667,1,12.374400000000605,BACKFILL_AUTO
2026-07-12 02:29:00,1783823340,R_75,53065.6888,1,1.922100000003411,BACKFILL_AUTO
2026-07-12 02:29:02,1783823342,R_75,53056.8297,-1,8.85910000000149,BACKFILL_AUTO
2026-07-12 02:29:04,1783823344,R_75,53075.5039,1,18.674200000001292,BACKFILL_AUTO
2026-07-12 02:29:06,1783823346,R_75,53062.0782,-1,13.425699999999779,BACKFILL_AUTO
2026-07-12 02:29:08,1783823348,R_75,53070.8571,1,8.77889999999752,BACKFILL_AUTO
2026-07-12 02:29:10,1783823350,R_75,53056.5534,-1,14.303700000004028,BACKFILL_AUTO
2026-07-12 02:29:12,1783823352,R_75,53064.1068,1,7.553400000004331,BACKFILL_AUTO
2026-07-12 02:29:14,1783823354,R_75,53063.8474,-1,0.25940000000264263,BACKFILL_AUTO
2026-07-12 02:29:16,1783823356,R_75,53080.3508,1,16.50340000000142,BACKFILL_AUTO
2026-07-12 02:29:18,1783823358,R_75,53094.6464,1,14.295599999997648,BACKFILL_AUTO
2026-07-12 02:29:20,1783823360,R_75,53096.2133,1,1.566900000005262,BACKFILL_AUTO
2026-07-12 02:29:22,1783823362,R_75,53096.9905,1,0.7771999999968102,BACKFILL_AUTO
2026-07-12 02:29:24,1783823364,R_75,53089.2367,-1,7.753799999998591,BACKFILL_AUTO
2026-07-12 02:29:26,1783823366,R_75,53087.1541,-1,2.0826000000015483,BACKFILL_AUTO
2026-07-12 02:29:28,1783823368,R_75,53087.4416,1,0.2874999999985448,BACKFILL_AUTO
2026-07-12 02:29:30,1783823370,R_75,53073.5115,-1,13.930099999997765,BACKFILL_AUTO
2026-07-12 02:29:32,1783823372,R_75,53064.1562,-1,9.355300000002899,BACKFILL_AUTO
2026-07-12 02:29:34,1783823374,R_75,53049.0099,-1,15.146300000000338,BACKFILL_AUTO
2026-07-12 02:29:36,1783823376,R_75,53048.3225,-1,0.6873999999952503,BACKFILL_AUTO
2026-07-12 02:29:38,1783823378,R_75,53032.2368,-1,16.08570000000327,BACKFILL_AUTO
2026-07-12 02:29:40,1783823380,R_75,53035.5726,1,3.335800000000745,BACKFILL_AUTO
2026-07-12 02:29:42,1783823382,R_75,53037.716,1,2.143400000000838,BACKFILL_AUTO
2026-07-12 02:29:44,1783823384,R_75,53050.1851,1,12.469100000002072,BACKFILL_AUTO
2026-07-12 02:29:46,1783823386,R_75,53049.972,-1,0.21310000000084983,BACKFILL_AUTO
2026-07-12 02:29:48,1783823388,R_75,53046.9202,-1,3.0518000000010943,BACKFILL_AUTO
2026-07-12 02:29:50,1783823390,R_75,53043.7913,-1,3.128900000003341,BACKFILL_AUTO
2026-07-12 02:29:52,1783823392,R_75,53041.2654,-1,2.525900000000547,BACKFILL_AUTO
2026-07-12 02:29:54,1783823394,R_75,53030.3819,-1,10.883499999996275,BACKFILL_AUTO
2026-07-12 02:29:56,1783823396,R_75,53014.8053,-1,15.576600000000326,BACKFILL_AUTO
2026-07-12 02:29:58,1783823398,R_75,53018.4633,1,3.658000000003085,BACKFILL_AUTO
2026-07-12 02:30:00,1783823400,R_75,53021.2137,1,2.750399999997171,BACKFILL_AUTO
2026-07-12 02:30:02,1783823402,R_75,53004.0537,-1,17.160000000003492,BACKFILL_AUTO
2026-07-12 02:30:04,1783823404,R_75,52998.015,-1,6.038699999997334,BACKFILL_AUTO
2026-07-12 02:30:06,1783823406,R_75,53004.1315,1,6.116500000003725,BACKFILL_AUTO
2026-07-12 02:30:08,1783823408,R_75,53000.233,-1,3.8985000000029686,BACKFILL_AUTO
2026-07-12 02:30:10,1783823410,R_75,52997.0574,-1,3.175600000002305,BACKFILL_AUTO
2026-07-12 02:30:12,1783823412,R_75,52988.3057,-1,8.75170000000071,BACKFILL_AUTO
2026-07-12 02:30:14,1783823414,R_75,52991.2812,1,2.9755000000004657,BACKFILL_AUTO
2026-07-12 02:30:16,1783823416,R_75,52986.1877,-1,5.093499999995402,BACKFILL_AUTO
2026-07-12 02:30:18,1783823418,R_75,52987.5925,1,1.4047999999966123,BACKFILL_AUTO
2026-07-12 02:30:20,1783823420,R_75,52979.2947,-1,8.29780000000028,BACKFILL_AUTO
2026-07-12 02:30:22,1783823422,R_75,52983.4144,1,4.119700000002922,BACKFILL_AUTO
2026-07-12 02:30:24,1783823424,R_75,52992.227,1,8.812599999997474,BACKFILL_AUTO
2026-07-12 02:30:26,1783823426,R_75,52992.3505,1,0.1235000000015134,BACKFILL_AUTO
2026-07-12 02:30:28,1783823428,R_75,52983.8934,-1,8.457099999999627,BACKFILL_AUTO
2026-07-12 02:30:30,1783823430,R_75,52986.6769,1,2.78349999999773,BACKFILL_AUTO
2026-07-12 02:30:32,1783823432,R_75,53002.3286,1,15.651700000002165,BACKFILL_AUTO
2026-07-12 02:30:34,1783823434,R_75,53020.6569,1,18.328300000001036,BACKFILL_AUTO
2026-07-12 02:30:36,1783823436,R_75,53028.5446,1,7.887699999999313,BACKFILL_AUTO
2026-07-12 02:30:38,1783823438,R_75,53044.6826,1,16.13799999999901,BACKFILL_AUTO
2026-07-12 02:30:40,1783823440,R_75,53048.4168,1,3.734199999998964,BACKFILL_AUTO
2026-07-12 02:30:42,1783823442,R_75,53050.4647,1,2.047899999997753,BACKFILL_AUTO
2026-07-12 02:30:44,1783823444,R_75,53053.6307,1,3.166000000004715,BACKFILL_AUTO
2026-07-12 02:30:46,1783823446,R_75,53047.4447,-1,6.186000000001513,BACKFILL_AUTO
2026-07-12 02:30:48,1783823448,R_75,53075.2327,1,27.788000000000466,BACKFILL_AUTO
2026-07-12 02:30:50,1783823450,R_75,53065.6114,-1,9.621299999998882,BACKFILL_AUTO
2026-07-12 02:30:52,1783823452,R_75,53053.9023,-1,11.709100000000035,BACKFILL_AUTO
2026-07-12 02:30:54,1783823454,R_75,53039.9602,-1,13.94210000000021,BACKFILL_AUTO
2026-07-12 02:30:56,1783823456,R_75,53026.2755,-1,13.684699999997974,BACKFILL_AUTO
2026-07-12 02:30:58,1783823458,R_75,53024.8106,-1,1.4649000000063097,BACKFILL_AUTO
2026-07-12 02:31:00,1783823460,R_75,53029.008,1,4.1974000000045635,BACKFILL_AUTO
2026-07-12 02:31:02,1783823462,R_75,53043.8232,1,14.815199999997276,BACKFILL_AUTO
2026-07-12 02:31:04,1783823464,R_75,53048.5396,1,4.71639999999752,BACKFILL_AUTO
2026-07-12 02:31:06,1783823466,R_75,53059.4204,1,10.880800000006275,BACKFILL_AUTO
2026-07-12 02:31:08,1783823468,R_75,53074.9918,1,15.571400000000722,BACKFILL_AUTO
2026-07-12 02:31:10,1783823470,R_75,53088.2049,1,13.213099999993574,BACKFILL_AUTO
2026-07-12 02:31:12,1783823472,R_75,53082.3462,-1,5.858699999997043,BACKFILL_AUTO
2026-07-12 02:31:14,1783823474,R_75,53073.1952,-1,9.150999999998021,BACKFILL_AUTO
2026-07-12 02:31:16,1783823476,R_75,53076.411,1,3.2157999999981257,BACKFILL_AUTO
2026-07-12 02:31:18,1783823478,R_75,53072.607,-1,3.8039999999964493,BACKFILL_AUTO
2026-07-12 02:31:20,1783823480,R_75,53064.2388,-1,8.368200000004435,BACKFILL_AUTO
2026-07-12 02:31:22,1783823482,R_75,53052.3377,-1,11.90110000000277,BACKFILL_AUTO
2026-07-12 02:31:24,1783823484,R_75,53052.9307,1,0.5930000000007567,BACKFILL_AUTO
2026-07-12 02:31:26,1783823486,R_75,53058.3369,1,5.406200000004901,BACKFILL_AUTO
2026-07-12 02:31:28,1783823488,R_75,53081.4552,1,23.118299999994633,BACKFILL_AUTO
2026-07-12 02:31:30,1783823490,R_75,53080.1935,-1,1.2616999999954714,BACKFILL_AUTO
2026-07-12 02:31:32,1783823492,R_75,53101.7117,1,21.518199999998615,BACKFILL_AUTO
2026-07-12 02:31:34,1783823494,R_75,53112.0876,1,10.375899999999092,BACKFILL_AUTO
2026-07-12 02:31:36,1783823496,R_75,53090.8221,-1,21.26550000000134,BACKFILL_AUTO
2026-07-12 02:31:38,1783823498,R_75,53082.6658,-1,8.156299999995099,BACKFILL_AUTO
2026-07-12 02:31:40,1783823500,R_75,53082.7996,1,0.13379999999597203,BACKFILL_AUTO
2026-07-12 02:31:42,1783823502,R_75,53089.9767,1,7.177100000000792,BACKFILL_AUTO
2026-07-12 02:31:44,1783823504,R_75,53097.8449,1,7.8681999999971595,BACKFILL_AUTO
2026-07-12 02:31:46,1783823506,R_75,53093.6022,-1,4.242699999995239,BACKFILL_AUTO
2026-07-12 02:31:48,1783823508,R_75,53109.5919,1,15.989699999998265,BACKFILL_AUTO
2026-07-12 02:31:50,1783823510,R_75,53109.5696,-1,0.022299999996903352,BACKFILL_AUTO
2026-07-12 02:31:52,1783823512,R_75,53084.8153,-1,24.754300000000512,BACKFILL_AUTO
2026-07-12 02:31:54,1783823514,R_75,53080.0036,-1,4.811700000005658,BACKFILL_AUTO
2026-07-12 02:31:56,1783823516,R_75,53078.4764,-1,1.5271999999968102,BACKFILL_AUTO
2026-07-12 02:31:58,1783823518,R_75,53087.2072,1,8.730799999997544,BACKFILL_AUTO
2026-07-12 02:32:00,1783823520,R_75,53089.7174,1,2.510200000004261,BACKFILL_AUTO
2026-07-12 02:32:02,1783823522,R_75,53091.0368,1,1.3194000000003143,BACKFILL_AUTO
2026-07-12 02:32:04,1783823524,R_75,53090.5209,-1,0.5158999999985099,BACKFILL_AUTO
2026-07-12 02:32:06,1783823526,R_75,53095.6787,1,5.1577999999935855,BACKFILL_AUTO
2026-07-12 02:32:08,1783823528,R_75,53085.2673,-1,10.41139999999723,BACKFILL_AUTO
2026-07-12 02:32:10,1783823530,R_75,53109.8259,1,24.558600000003935,BACKFILL_AUTO
2026-07-12 02:32:12,1783823532,R_75,53101.3753,-1,8.45060000000376,BACKFILL_AUTO
2026-07-12 02:32:14,1783823534,R_75,53091.1182,-1,10.257100000002538,BACKFILL_AUTO
2026-07-12 02:32:16,1783823536,R_75,53106.7995,1,15.68130000000383,BACKFILL_AUTO
2026-07-12 02:32:18,1783823538,R_75,53085.6772,-1,21.122300000002724,BACKFILL_AUTO
2026-07-12 02:32:20,1783823540,R_75,53089.6403,1,3.96310000000085,BACKFILL_AUTO
2026-07-12 02:32:22,1783823542,R_75,53081.7976,-1,7.842700000001059,BACKFILL_AUTO
2026-07-12 02:32:24,1783823544,R_75,53071.194,-1,10.603599999994913,BACKFILL_AUTO
2026-07-12 02:32:26,1783823546,R_75,53064.826,-1,6.368000000002212,BACKFILL_AUTO
2026-07-12 02:32:28,1783823548,R_75,53056.731,-1,8.095000000001164,BACKFILL_AUTO
2026-07-12 02:32:30,1783823550,R_75,53049.1678,-1,7.563199999996868,BACKFILL_AUTO
2026-07-12 02:32:32,1783823552,R_75,53049.1076,-1,0.060199999999895226,BACKFILL_AUTO
2026-07-12 02:32:34,1783823554,R_75,53040.4582,-1,8.64940000000206,BACKFILL_AUTO
2026-07-12 02:32:36,1783823556,R_75,53035.0612,-1,5.397000000004482,BACKFILL_AUTO
2026-07-12 02:32:38,1783823558,R_75,53038.5748,1,3.513600000005681,BACKFILL_AUTO
2026-07-12 02:32:40,1783823560,R_75,53015.2693,-1,23.305500000002212,BACKFILL_AUTO
2026-07-12 02:32:42,1783823562,R_75,53015.967,1,0.6976999999969848,BACKFILL_AUTO
2026-07-12 02:32:44,1783823564,R_75,53018.6547,1,2.6877000000022235,BACKFILL_AUTO
2026-07-12 02:32:46,1783823566,R_75,53016.039,-1,2.615700000002107,BACKFILL_AUTO
2026-07-12 02:32:48,1783823568,R_75,53019.2709,1,3.231900000006135,BACKFILL_AUTO
2026-07-12 02:32:50,1783823570,R_75,53037.4549,1,18.18399999999383,BACKFILL_AUTO
2026-07-12 02:32:52,1783823572,R_75,53062.3811,1,24.9262000000017,BACKFILL_AUTO
2026-07-12 02:32:54,1783823574,R_75,53044.4399,-1,17.941200000001118,BACKFILL_AUTO
2026-07-12 02:32:56,1783823576,R_75,53065.8027,1,21.362800000002608,BACKFILL_AUTO
2026-07-12 02:32:58,1783823578,R_75,53047.9811,-1,17.821600000002945,BACKFILL_AUTO
2026-07-12 02:33:00,1783823580,R_75,53054.3888,1,6.407700000003388,BACKFILL_AUTO
2026-07-12 02:33:02,1783823582,R_75,53049.3545,-1,5.034299999999348,BACKFILL_AUTO
2026-07-12 02:33:04,1783823584,R_75,53055.5281,1,6.173600000001898,BACKFILL_AUTO
2026-07-12 02:33:06,1783823586,R_75,53083.1802,1,27.652099999999336,BACKFILL_AUTO
2026-07-12 02:33:08,1783823588,R_75,53094.3399,1,11.15969999999652,BACKFILL_AUTO
2026-07-12 02:33:10,1783823590,R_75,53109.3148,1,14.974900000001071,BACKFILL_AUTO
2026-07-12 02:33:12,1783823592,R_75,53096.9365,-1,12.37829999999667,BACKFILL_AUTO
2026-07-12 02:33:14,1783823594,R_75,53082.9967,-1,13.939800000000105,BACKFILL_AUTO
2026-07-12 02:33:16,1783823596,R_75,53074.0148,-1,8.981900000006135,BACKFILL_AUTO
2026-07-12 02:33:18,1783823598,R_75,53102.288,1,28.27320000000327,BACKFILL_AUTO
2026-07-12 02:33:20,1783823600,R_75,53089.2651,-1,13.022900000003574,BACKFILL_AUTO
2026-07-12 02:33:22,1783823602,R_75,53084.3378,-1,4.927299999995739,BACKFILL_AUTO
2026-07-12 02:33:24,1783823604,R_75,53085.0981,1,0.7603000000017346,BACKFILL_AUTO
2026-07-12 02:33:26,1783823606,R_75,53086.7844,1,1.6862999999939348,BACKFILL_AUTO
2026-07-12 02:33:28,1783823608,R_75,53099.0491,1,12.26469999999972,BACKFILL_AUTO
2026-07-12 02:33:30,1783823610,R_75,53109.2684,1,10.219300000004296,BACKFILL_AUTO
2026-07-12 02:33:32,1783823612,R_75,53116.4929,1,7.224499999996624,BACKFILL_AUTO
2026-07-12 02:33:34,1783823614,R_75,53112.6886,-1,3.8042999999961467,BACKFILL_AUTO
2026-07-12 02:33:36,1783823616,R_75,53107.0278,-1,5.660799999997835,BACKFILL_AUTO
2026-07-12 02:33:38,1783823618,R_75,53126.9096,1,19.881799999995565,BACKFILL_AUTO
2026-07-12 02:33:40,1783823620,R_75,53126.9239,1,0.014300000002549496,BACKFILL_AUTO
2026-07-12 02:33:42,1783823622,R_75,53110.4409,-1,16.483000000000175,BACKFILL_AUTO
2026-07-12 02:33:44,1783823624,R_75,53124.538,1,14.097099999999045,BACKFILL_AUTO
2026-07-12 02:33:46,1783823626,R_75,53128.0228,1,3.4847999999983585,BACKFILL_AUTO
2026-07-12 02:33:48,1783823628,R_75,53134.2997,1,6.276900000004389,BACKFILL_AUTO
2026-07-12 02:33:50,1783823630,R_75,53130.3186,-1,3.981100000004517,BACKFILL_AUTO
2026-07-12 02:33:52,1783823632,R_75,53114.9962,-1,15.322399999997288,BACKFILL_AUTO
2026-07-12 02:33:54,1783823634,R_75,53138.1413,1,23.14510000000155,BACKFILL_AUTO
2026-07-12 02:33:56,1783823636,R_75,53128.0541,-1,10.087200000001758,BACKFILL_AUTO
2026-07-12 02:33:58,1783823638,R_75,53105.56,-1,22.494100000003527,BACKFILL_AUTO
2026-07-12 02:34:00,1783823640,R_75,53097.2383,-1,8.321700000000419,BACKFILL_AUTO
2026-07-12 02:34:02,1783823642,R_75,53090.0061,-1,7.2321999999985565,BACKFILL_AUTO
2026-07-12 02:34:04,1783823644,R_75,53101.4869,1,11.48080000000482,BACKFILL_AUTO
2026-07-12 02:34:06,1783823646,R_75,53118.1011,1,16.614199999996345,BACKFILL_AUTO
2026-07-12 02:34:08,1783823648,R_75,53120.8315,1,2.7304000000003725,BACKFILL_AUTO
2026-07-12 02:34:10,1783823650,R_75,53128.9961,1,8.164599999996426,BACKFILL_AUTO
2026-07-12 02:34:12,1783823652,R_75,53142.3065,1,13.310400000002119,BACKFILL_AUTO
2026-07-12 02:34:14,1783823654,R_75,53132.4564,-1,9.850099999996019,BACKFILL_AUTO
2026-07-12 02:34:16,1783823656,R_75,53148.3476,1,15.891199999998207,BACKFILL_AUTO
2026-07-12 02:34:18,1783823658,R_75,53159.2881,1,10.940499999996973,BACKFILL_AUTO
2026-07-12 02:34:20,1783823660,R_75,53162.9302,1,3.642100000004575,BACKFILL_AUTO
2026-07-12 02:34:22,1783823662,R_75,53164.8888,1,1.958599999998114,BACKFILL_AUTO
2026-07-12 02:34:24,1783823664,R_75,53165.6351,1,0.7462999999988824,BACKFILL_AUTO
2026-07-12 02:34:26,1783823666,R_75,53160.3213,-1,5.313799999996263,BACKFILL_AUTO
2026-07-12 02:34:28,1783823668,R_75,53159.8716,-1,0.44970000000466825,BACKFILL_AUTO
2026-07-12 02:34:30,1783823670,R_75,53161.4301,1,1.558499999999185,BACKFILL_AUTO
2026-07-12 02:34:32,1783823672,R_75,53149.8571,-1,11.572999999996682,BACKFILL_AUTO
2026-07-12 02:34:34,1783823674,R_75,53141.1242,-1,8.7329000000027,BACKFILL_AUTO
2026-07-12 02:34:36,1783823676,R_75,53151.7698,1,10.64560000000347,BACKFILL_AUTO
2026-07-12 02:34:38,1783823678,R_75,53152.1845,1,0.4147000000011758,BACKFILL_AUTO
2026-07-12 02:34:40,1783823680,R_75,53137.8717,-1,14.312799999999697,BACKFILL_AUTO
2026-07-12 02:34:42,1783823682,R_75,53119.3526,-1,18.519100000004983,BACKFILL_AUTO
2026-07-12 02:34:44,1783823684,R_75,53116.1092,-1,3.243399999999383,BACKFILL_AUTO
2026-07-12 02:34:46,1783823686,R_75,53121.6449,1,5.535700000000361,BACKFILL_AUTO
2026-07-12 02:34:48,1783823688,R_75,53119.166,-1,2.478900000001886,BACKFILL_AUTO
2026-07-12 02:34:50,1783823690,R_75,53115.3988,-1,3.767199999994773,BACKFILL_AUTO
2026-07-12 02:34:52,1783823692,R_75,53131.2133,1,15.814500000000407,BACKFILL_AUTO
2026-07-12 02:34:54,1783823694,R_75,53120.887,-1,10.326300000000629,BACKFILL_AUTO
2026-07-12 02:34:56,1783823696,R_75,53118.0663,-1,2.8207000000038533,BACKFILL_AUTO
2026-07-12 02:34:58,1783823698,R_75,53112.3791,-1,5.687200000000303,BACKFILL_AUTO
2026-07-12 02:35:00,1783823700,R_75,53114.1448,1,1.7657000000035623,BACKFILL_AUTO
2026-07-12 02:35:02,1783823702,R_75,53116.9656,1,2.820800000001327,BACKFILL_AUTO
2026-07-12 02:35:04,1783823704,R_75,53110.2529,-1,6.712700000003679,BACKFILL_AUTO
2026-07-12 02:35:06,1783823706,R_75,53117.3775,1,7.124600000002829,BACKFILL_AUTO
2026-07-12 02:35:08,1783823708,R_75,53107.1698,-1,10.207699999999022,BACKFILL_AUTO
2026-07-12 02:35:10,1783823710,R_75,53093.8237,-1,13.34610000000248,BACKFILL_AUTO
2026-07-12 02:35:12,1783823712,R_75,53087.4569,-1,6.366800000003423,BACKFILL_AUTO
2026-07-12 02:35:14,1783823714,R_75,53090.9385,1,3.481599999999162,BACKFILL_AUTO
2026-07-12 02:35:16,1783823716,R_75,53078.7754,-1,12.16309999999794,BACKFILL_AUTO
2026-07-12 02:35:18,1783823718,R_75,53073.4952,-1,5.280200000001059,BACKFILL_AUTO
2026-07-12 02:35:20,1783823720,R_75,53079.407,1,5.911800000001676,BACKFILL_AUTO
2026-07-12 02:35:22,1783823722,R_75,53071.0983,-1,8.308700000001409,BACKFILL_AUTO
2026-07-12 02:35:24,1783823724,R_75,53066.1413,-1,4.956999999994878,BACKFILL_AUTO
2026-07-12 02:35:26,1783823726,R_75,53049.0433,-1,17.098000000005413,BACKFILL_AUTO
2026-07-12 02:35:28,1783823728,R_75,53059.0018,1,9.95850000000064,BACKFILL_AUTO
2026-07-12 02:35:30,1783823730,R_75,53064.1721,1,5.170300000005227,BACKFILL_AUTO
2026-07-12 02:35:32,1783823732,R_75,53074.7399,1,10.567799999997078,BACKFILL_AUTO
2026-07-12 02:35:34,1783823734,R_75,53065.4021,-1,9.337800000001153,BACKFILL_AUTO
2026-07-12 02:35:36,1783823736,R_75,53067.4935,1,2.0913999999975204,BACKFILL_AUTO
2026-07-12 02:35:38,1783823738,R_75,53070.4924,1,2.9989000000059605,BACKFILL_AUTO
2026-07-12 02:35:40,1783823740,R_75,53089.6194,1,19.127000000000407,BACKFILL_AUTO
2026-07-12 02:35:42,1783823742,R_75,53089.2393,-1,0.3801000000021304,BACKFILL_AUTO
2026-07-12 02:35:44,1783823744,R_75,53110.4496,1,21.210299999998824,BACKFILL_AUTO
2026-07-12 02:35:46,1783823746,R_75,53102.2259,-1,8.223700000002282,BACKFILL_AUTO
2026-07-12 02:35:48,1783823748,R_75,53104.0558,1,1.8299000000042724,BACKFILL_AUTO
2026-07-12 02:35:50,1783823750,R_75,53126.3313,1,22.2754999999961,BACKFILL_AUTO
2026-07-12 02:35:52,1783823752,R_75,53111.9802,-1,14.35109999999986,BACKFILL_AUTO
2026-07-12 02:35:54,1783823754,R_75,53118.6553,1,6.675100000000384,BACKFILL_AUTO
2026-07-12 02:35:56,1783823756,R_75,53132.5984,1,13.943100000004051,BACKFILL_AUTO
2026-07-12 02:35:58,1783823758,R_75,53135.7313,1,3.13289999999688,BACKFILL_AUTO
2026-07-12 02:36:00,1783823760,R_75,53132.094,-1,3.637300000002142,BACKFILL_AUTO
2026-07-12 02:36:02,1783823762,R_75,53143.2022,1,11.108200000002398,BACKFILL_AUTO
2026-07-12 02:36:04,1783823764,R_75,53146.3245,1,3.122300000002724,BACKFILL_AUTO
2026-07-12 02:36:06,1783823766,R_75,53136.913,-1,9.411500000001979,BACKFILL_AUTO
2026-07-12 02:36:08,1783823768,R_75,53149.5297,1,12.616699999998673,BACKFILL_AUTO
2026-07-12 02:36:10,1783823770,R_75,53133.9765,-1,15.553200000002107,BACKFILL_AUTO
2026-07-12 02:36:12,1783823772,R_75,53133.2101,-1,0.7664000000004307,BACKFILL_AUTO
2026-07-12 02:36:14,1783823774,R_75,53141.5033,1,8.29320000000007,BACKFILL_AUTO
2026-07-12 02:36:16,1783823776,R_75,53141.0969,-1,0.40639999999984866,BACKFILL_AUTO
2026-07-12 02:36:18,1783823778,R_75,53124.5307,-1,16.56619999999384,BACKFILL_AUTO
2026-07-12 02:36:20,1783823780,R_75,53117.4746,-1,7.0561000000016065,BACKFILL_AUTO
2026-07-12 02:36:22,1783823782,R_75,53127.5766,1,10.101999999998952,BACKFILL_AUTO
2026-07-12 02:36:24,1783823784,R_75,53120.1929,-1,7.383699999998498,BACKFILL_AUTO
2026-07-12 02:36:26,1783823786,R_75,53128.079,1,7.886099999996077,BACKFILL_AUTO
2026-07-12 02:36:28,1783823788,R_75,53125.7314,-1,2.3476000000009662,BACKFILL_AUTO
2026-07-12 02:36:30,1783823790,R_75,53114.79,-1,10.941399999996065,BACKFILL_AUTO
2026-07-12 02:36:32,1783823792,R_75,53118.2407,1,3.450700000001234,BACKFILL_AUTO
2026-07-12 02:36:34,1783823794,R_75,53124.086,1,5.8453000000008615,BACKFILL_AUTO
2026-07-12 02:36:36,1783823796,R_75,53119.9779,-1,4.108100000004924,BACKFILL_AUTO
2026-07-12 02:36:38,1783823798,R_75,53102.2542,-1,17.723699999995006,BACKFILL_AUTO
2026-07-12 02:36:40,1783823800,R_75,53105.0369,1,2.7826999999961117,BACKFILL_AUTO
2026-07-12 02:36:42,1783823802,R_75,53108.1427,1,3.1057999999975436,BACKFILL_AUTO
2026-07-12 02:36:44,1783823804,R_75,53088.8051,-1,19.33759999999893,BACKFILL_AUTO
2026-07-12 02:36:46,1783823806,R_75,53082.8969,-1,5.908199999998033,BACKFILL_AUTO
2026-07-12 02:36:48,1783823808,R_75,53075.0426,-1,7.854299999999057,BACKFILL_AUTO
2026-07-12 02:36:50,1783823810,R_75,53070.3864,-1,4.656199999997625,BACKFILL_AUTO
2026-07-12 02:36:52,1783823812,R_75,53083.8479,1,13.461499999997613,BACKFILL_AUTO
2026-07-12 02:36:54,1783823814,R_75,53088.2384,1,4.390500000001339,BACKFILL_AUTO
2026-07-12 02:36:56,1783823816,R_75,53093.4219,1,5.183499999999185,BACKFILL_AUTO
2026-07-12 02:36:58,1783823818,R_75,53084.045,-1,9.376900000002934,BACKFILL_AUTO
2026-07-12 02:37:00,1783823820,R_75,53085.9653,1,1.920300000005227,BACKFILL_AUTO
2026-07-12 02:37:02,1783823822,R_75,53091.6416,1,5.6762999999991735,BACKFILL_AUTO
2026-07-12 02:37:04,1783823824,R_75,53085.4389,-1,6.2027000000016415,BACKFILL_AUTO
2026-07-12 02:37:06,1783823826,R_75,53095.7821,1,10.343199999995704,BACKFILL_AUTO
2026-07-12 02:37:08,1783823828,R_75,53088.6306,-1,7.151499999999942,BACKFILL_AUTO
2026-07-12 02:37:10,1783823830,R_75,53086.923,-1,1.7075999999942724,BACKFILL_AUTO
2026-07-12 02:37:12,1783823832,R_75,53090.2288,1,3.3057999999946333,BACKFILL_AUTO
2026-07-12 02:37:14,1783823834,R_75,53082.3805,-1,7.848299999997835,BACKFILL_AUTO
2026-07-12 02:37:16,1783823836,R_75,53088.7822,1,6.401700000002165,BACKFILL_AUTO
2026-07-12 02:37:18,1783823838,R_75,53080.9867,-1,7.795500000000175,BACKFILL_AUTO
2026-07-12 02:37:20,1783823840,R_75,53088.0597,1,7.072999999996682,BACKFILL_AUTO
2026-07-12 02:37:22,1783823842,R_75,53087.9065,-1,0.15320000000065193,BACKFILL_AUTO
2026-07-12 02:37:24,1783823844,R_75,53079.9054,-1,8.00109999999404,BACKFILL_AUTO
2026-07-12 02:37:26,1783823846,R_75,53084.0184,1,4.112999999997555,BACKFILL_AUTO
2026-07-12 02:37:28,1783823848,R_75,53071.7131,-1,12.305299999999988,BACKFILL_AUTO
2026-07-12 02:37:30,1783823850,R_75,53066.7882,-1,4.924899999998161,BACKFILL_AUTO
2026-07-12 02:37:32,1783823852,R_75,53054.1773,-1,12.610899999999674,BACKFILL_AUTO
2026-07-12 02:37:34,1783823854,R_75,53037.9165,-1,16.260800000003655,BACKFILL_AUTO
2026-07-12 02:37:36,1783823856,R_75,53048.8984,1,10.98189999999886,BACKFILL_AUTO
2026-07-12 02:37:38,1783823858,R_75,53043.3439,-1,5.55449999999837,BACKFILL_AUTO
2026-07-12 02:37:40,1783823860,R_75,53048.8032,1,5.4593000000022585,BACKFILL_AUTO
2026-07-12 02:37:42,1783823862,R_75,53056.2954,1,7.492200000000594,BACKFILL_AUTO
2026-07-12 02:37:44,1783823864,R_75,53058.1799,1,1.8845000000001164,BACKFILL_AUTO
2026-07-12 02:37:46,1783823866,R_75,53069.9351,1,11.755199999999604,BACKFILL_AUTO
2026-07-12 02:37:48,1783823868,R_75,53064.3767,-1,5.558400000001711,BACKFILL_AUTO
2026-07-12 02:37:50,1783823870,R_75,53063.3281,-1,1.0486000000018976,BACKFILL_AUTO
2026-07-12 02:37:52,1783823872,R_75,53066.0505,1,2.7223999999987427,BACKFILL_AUTO
2026-07-12 02:37:54,1783823874,R_75,53066.0776,1,0.027099999999336433,BACKFILL_AUTO
2026-07-12 02:37:56,1783823876,R_75,53050.4622,-1,15.615399999995134,BACKFILL_AUTO
2026-07-12 02:37:58,1783823878,R_75,53060.9132,1,10.451000000000931,BACKFILL_AUTO
2026-07-12 02:38:00,1783823880,R_75,53046.5112,-1,14.402000000001863,BACKFILL_AUTO
2026-07-12 02:38:02,1783823882,R_75,53050.2741,1,3.7629000000015367,BACKFILL_AUTO
2026-07-12 02:38:04,1783823884,R_75,53047.5175,-1,2.756600000000617,BACKFILL_AUTO
2026-07-12 02:38:06,1783823886,R_75,53044.3898,-1,3.127700000004552,BACKFILL_AUTO
2026-07-12 02:38:08,1783823888,R_75,53055.4463,1,11.056500000006054,BACKFILL_AUTO
2026-07-12 02:38:10,1783823890,R_75,53049.5589,-1,5.887399999999616,BACKFILL_AUTO
2026-07-12 02:38:12,1783823892,R_75,53050.1232,1,0.5642999999981839,BACKFILL_AUTO
2026-07-12 02:38:14,1783823894,R_75,53055.4537,1,5.330499999996391,BACKFILL_AUTO
2026-07-12 02:38:16,1783823896,R_75,53047.0377,-1,8.415999999997439,BACKFILL_AUTO
2026-07-12 02:38:18,1783823898,R_75,53047.2775,1,0.2397999999957392,BACKFILL_AUTO
2026-07-12 02:38:20,1783823900,R_75,53060.0023,1,12.724800000003597,BACKFILL_AUTO
2026-07-12 02:38:22,1783823902,R_75,53049.0895,-1,10.912799999998242,BACKFILL_AUTO
2026-07-12 02:38:24,1783823904,R_75,53032.049,-1,17.040500000002794,BACKFILL_AUTO
2026-07-12 02:38:26,1783823906,R_75,53042.6469,1,10.597900000000664,BACKFILL_AUTO
2026-07-12 02:38:28,1783823908,R_75,53039.2311,-1,3.4158000000024913,BACKFILL_AUTO
2026-07-12 02:38:30,1783823910,R_75,53047.7402,1,8.509100000002945,BACKFILL_AUTO
2026-07-12 02:38:32,1783823912,R_75,53066.2027,1,18.462500000001455,BACKFILL_AUTO
2026-07-12 02:38:34,1783823914,R_75,53083.1854,1,16.982700000000477,BACKFILL_AUTO
2026-07-12 02:38:36,1783823916,R_75,53080.6274,-1,2.55800000000454,BACKFILL_AUTO
2026-07-12 02:38:38,1783823918,R_75,53092.8746,1,12.24720000000525,BACKFILL_AUTO
2026-07-12 02:38:40,1783823920,R_75,53082.9035,-1,9.97110000000248,BACKFILL_AUTO
2026-07-12 02:38:42,1783823922,R_75,53080.9786,-1,1.9248999999981606,BACKFILL_AUTO
2026-07-12 02:38:44,1783823924,R_75,53097.0686,1,16.089999999996508,BACKFILL_AUTO
2026-07-12 02:38:46,1783823926,R_75,53108.7194,1,11.650800000003073,BACKFILL_AUTO
2026-07-12 02:38:48,1783823928,R_75,53102.856,-1,5.863400000002002,BACKFILL_AUTO
2026-07-12 02:38:50,1783823930,R_75,53117.6486,1,14.792600000000675,BACKFILL_AUTO
2026-07-12 02:38:52,1783823932,R_75,53129.5359,1,11.887300000002142,BACKFILL_AUTO
2026-07-12 02:38:54,1783823934,R_75,53150.6057,1,21.069799999997485,BACKFILL_AUTO
2026-07-12 02:38:56,1783823936,R_75,53177.4523,1,26.846599999997125,BACKFILL_AUTO
2026-07-12 02:38:58,1783823938,R_75,53175.1635,-1,2.288799999994808,BACKFILL_AUTO
2026-07-12 02:39:00,1783823940,R_75,53178.1711,1,3.0075999999971827,BACKFILL_AUTO
2026-07-12 02:39:02,1783823942,R_75,53202.9934,1,24.822299999999814,BACKFILL_AUTO
2026-07-12 02:39:04,1783823944,R_75,53200.7797,-1,2.2137000000002445,BACKFILL_AUTO
2026-07-12 02:39:06,1783823946,R_75,53201.8377,1,1.0579999999972642,BACKFILL_AUTO
2026-07-12 02:39:08,1783823948,R_75,53191.4366,-1,10.401099999995495,BACKFILL_AUTO
2026-07-12 02:39:10,1783823950,R_75,53193.7074,1,2.2707999999984168,BACKFILL_AUTO
2026-07-12 02:39:12,1783823952,R_75,53211.9475,1,18.240100000002712,BACKFILL_AUTO
2026-07-12 02:39:14,1783823954,R_75,53213.282,1,1.334499999997206,BACKFILL_AUTO
2026-07-12 02:39:16,1783823956,R_75,53207.8514,-1,5.430599999999686,BACKFILL_AUTO
2026-07-12 02:39:18,1783823958,R_75,53223.6743,1,15.822899999999208,BACKFILL_AUTO
2026-07-12 02:39:20,1783823960,R_75,53228.598,1,4.923699999999371,BACKFILL_AUTO
2026-07-12 02:39:22,1783823962,R_75,53221.2451,-1,7.352899999998044,BACKFILL_AUTO
2026-07-12 02:39:24,1783823964,R_75,53221.8566,1,0.6114999999990687,BACKFILL_AUTO
2026-07-12 02:39:26,1783823966,R_75,53230.1263,1,8.269700000004377,BACKFILL_AUTO
2026-07-12 02:39:28,1783823968,R_75,53214.6986,-1,15.427700000000186,BACKFILL_AUTO
2026-07-12 02:39:30,1783823970,R_75,53227.4204,1,12.721799999999348,BACKFILL_AUTO
2026-07-12 02:39:32,1783823972,R_75,53235.099,1,7.678599999999278,BACKFILL_AUTO
2026-07-12 02:39:34,1783823974,R_75,53233.3625,-1,1.7364999999990687,BACKFILL_AUTO
2026-07-12 02:39:36,1783823976,R_75,53227.7643,-1,5.598200000000361,BACKFILL_AUTO
2026-07-12 02:39:38,1783823978,R_75,53225.3407,-1,2.4236000000018976,BACKFILL_AUTO
2026-07-12 02:39:40,1783823980,R_75,53211.8653,-1,13.475400000002992,BACKFILL_AUTO
2026-07-12 02:39:42,1783823982,R_75,53223.1879,1,11.322599999999511,BACKFILL_AUTO
2026-07-12 02:39:44,1783823984,R_75,53207.9916,-1,15.196299999995972,BACKFILL_AUTO
2026-07-12 02:39:46,1783823986,R_75,53207.0521,-1,0.9395000000004075,BACKFILL_AUTO
2026-07-12 02:39:48,1783823988,R_75,53211.8863,1,4.834199999997509,BACKFILL_AUTO
2026-07-12 02:39:50,1783823990,R_75,53213.5572,1,1.6709000000046217,BACKFILL_AUTO
2026-07-12 02:39:52,1783823992,R_75,53214.1833,1,0.6260999999940395,BACKFILL_AUTO
2026-07-12 02:39:54,1783823994,R_75,53225.7177,1,11.534400000004098,BACKFILL_AUTO
2026-07-12 02:39:56,1783823996,R_75,53236.261,1,10.543299999997544,BACKFILL_AUTO
2026-07-12 02:39:58,1783823998,R_75,53245.5409,1,9.279900000001362,BACKFILL_AUTO
2026-07-12 02:40:00,1783824000,R_75,53250.8999,1,5.35899999999674,BACKFILL_AUTO
2026-07-12 02:40:02,1783824002,R_75,53249.933,-1,0.9668999999994412,BACKFILL_AUTO
2026-07-12 02:40:04,1783824004,R_75,53238.4286,-1,11.504399999997986,BACKFILL_AUTO
2026-07-12 02:40:06,1783824006,R_75,53237.1225,-1,1.3061000000016065,BACKFILL_AUTO
2026-07-12 02:40:08,1783824008,R_75,53213.5935,-1,23.528999999994994,BACKFILL_AUTO
2026-07-12 02:40:10,1783824010,R_75,53226.1575,1,12.563999999998487,BACKFILL_AUTO
2026-07-12 02:40:12,1783824012,R_75,53219.2405,-1,6.917000000001281,BACKFILL_AUTO
2026-07-12 02:40:14,1783824014,R_75,53246.8351,1,27.594599999996717,BACKFILL_AUTO
2026-07-12 02:40:16,1783824016,R_75,53264.429,1,17.59389999999985,BACKFILL_AUTO
2026-07-12 02:40:18,1783824018,R_75,53256.2495,-1,8.17949999999837,BACKFILL_AUTO
2026-07-12 02:40:20,1783824020,R_75,53253.6302,-1,2.619299999998475,BACKFILL_AUTO
2026-07-12 02:40:22,1783824022,R_75,53244.4457,-1,9.184500000003027,BACKFILL_AUTO
2026-07-12 02:40:24,1783824024,R_75,53242.3682,-1,2.077499999999418,BACKFILL_AUTO
2026-07-12 02:40:26,1783824026,R_75,53238.507,-1,3.8611999999993714,BACKFILL_AUTO
2026-07-12 02:40:28,1783824028,R_75,53245.5072,1,7.0002000000022235,BACKFILL_AUTO
2026-07-12 02:40:30,1783824030,R_75,53247.8969,1,2.3896999999997206,BACKFILL_AUTO
2026-07-12 02:40:32,1783824032,R_75,53230.098,-1,17.798900000001595,BACKFILL_AUTO
2026-07-12 02:40:34,1783824034,R_75,53244.2395,1,14.14150000000518,BACKFILL_AUTO
2026-07-12 02:40:36,1783824036,R_75,53236.4307,-1,7.808800000006158,BACKFILL_AUTO
2026-07-12 02:40:38,1783824038,R_75,53225.308,-1,11.122699999999895,BACKFILL_AUTO
2026-07-12 02:40:40,1783824040,R_75,53240.5185,1,15.210500000001048,BACKFILL_AUTO
2026-07-12 02:40:42,1783824042,R_75,53246.6883,1,6.169800000003306,BACKFILL_AUTO
2026-07-12 02:40:44,1783824044,R_75,53254.7346,1,8.046300000001793,BACKFILL_AUTO
2026-07-12 02:40:46,1783824046,R_75,53260.0666,1,5.331999999994878,BACKFILL_AUTO
2026-07-12 02:40:48,1783824048,R_75,53236.3298,-1,23.736799999998766,BACKFILL_AUTO
2026-07-12 02:40:50,1783824050,R_75,53228.1182,-1,8.211600000002363,BACKFILL_AUTO
2026-07-12 02:40:52,1783824052,R_75,53227.164,-1,0.9542000000001281,BACKFILL_AUTO
2026-07-12 02:40:54,1783824054,R_75,53237.8185,1,10.654500000004191,BACKFILL_AUTO
2026-07-12 02:40:56,1783824056,R_75,53232.4754,-1,5.3430999999982305,BACKFILL_AUTO
2026-07-12 02:40:58,1783824058,R_75,53230.5911,-1,1.8843000000051688,BACKFILL_AUTO
2026-07-12 02:41:00,1783824060,R_75,53227.6116,-1,2.9795000000012806,BACKFILL_AUTO
2026-07-12 02:41:02,1783824062,R_75,53215.0799,-1,12.531699999999546,BACKFILL_AUTO
2026-07-12 02:41:04,1783824064,R_75,53207.5168,-1,7.563099999999395,BACKFILL_AUTO
2026-07-12 02:41:06,1783824066,R_75,53197.6892,-1,9.827599999996892,BACKFILL_AUTO
2026-07-12 02:41:08,1783824068,R_75,53203.5404,1,5.851199999997334,BACKFILL_AUTO
2026-07-12 02:41:10,1783824070,R_75,53212.7118,1,9.171399999999267,BACKFILL_AUTO
2026-07-12 02:41:12,1783824072,R_75,53209.0014,-1,3.710399999996298,BACKFILL_AUTO
2026-07-12 02:41:14,1783824074,R_75,53219.3929,1,10.391499999997905,BACKFILL_AUTO
2026-07-12 02:41:16,1783824076,R_75,53214.4658,-1,4.927100000000792,BACKFILL_AUTO
2026-07-12 02:41:18,1783824078,R_75,53229.2844,1,14.818599999998696,BACKFILL_AUTO
2026-07-12 02:41:20,1783824080,R_75,53218.4306,-1,10.853799999997136,BACKFILL_AUTO
2026-07-12 02:41:22,1783824082,R_75,53213.0032,-1,5.427400000000489,BACKFILL_AUTO
2026-07-12 02:41:24,1783824084,R_75,53218.0252,1,5.021999999997206,BACKFILL_AUTO
2026-07-12 02:41:26,1783824086,R_75,53206.2006,-1,11.824599999999919,BACKFILL_AUTO
2026-07-12 02:41:28,1783824088,R_75,53207.1415,1,0.9409000000014203,BACKFILL_AUTO
2026-07-12 02:41:30,1783824090,R_75,53209.2311,1,2.0895999999993364,BACKFILL_AUTO
2026-07-12 02:41:32,1783824092,R_75,53222.6061,1,13.375,BACKFILL_AUTO
2026-07-12 02:41:34,1783824094,R_75,53226.1109,1,3.504800000002433,BACKFILL_AUTO
2026-07-12 02:41:36,1783824096,R_75,53217.9906,-1,8.120300000002317,BACKFILL_AUTO
2026-07-12 02:41:38,1783824098,R_75,53213.3796,-1,4.610999999997148,BACKFILL_AUTO
2026-07-12 02:41:40,1783824100,R_75,53197.3759,-1,16.003700000001118,BACKFILL_AUTO
2026-07-12 02:41:42,1783824102,R_75,53211.3977,1,14.021800000002258,BACKFILL_AUTO
2026-07-12 02:41:44,1783824104,R_75,53185.6898,-1,25.707900000001246,BACKFILL_AUTO
2026-07-12 02:41:46,1783824106,R_75,53188.7606,1,3.070800000001327,BACKFILL_AUTO
2026-07-12 02:41:48,1783824108,R_75,53167.507,-1,21.253600000003644,BACKFILL_AUTO
2026-07-12 02:41:50,1783824110,R_75,53160.6923,-1,6.814699999995355,BACKFILL_AUTO
2026-07-12 02:41:52,1783824112,R_75,53152.5741,-1,8.118200000004435,BACKFILL_AUTO
2026-07-12 02:41:54,1783824114,R_75,53146.6136,-1,5.960500000001048,BACKFILL_AUTO
2026-07-12 02:41:56,1783824116,R_75,53154.0744,1,7.460800000000745,BACKFILL_AUTO
2026-07-12 02:41:58,1783824118,R_75,53145.9594,-1,8.114999999997963,BACKFILL_AUTO
2026-07-12 02:42:00,1783824120,R_75,53155.9386,1,9.979200000001583,BACKFILL_AUTO
2026-07-12 02:42:02,1783824122,R_75,53148.4461,-1,7.492500000000291,BACKFILL_AUTO
2026-07-12 02:42:04,1783824124,R_75,53144.7345,-1,3.7116000000023632,BACKFILL_AUTO
2026-07-12 02:42:06,1783824126,R_75,53141.4323,-1,3.3021999999982654,BACKFILL_AUTO
2026-07-12 02:42:08,1783824128,R_75,53144.2396,1,2.807300000000396,BACKFILL_AUTO
2026-07-12 02:42:10,1783824130,R_75,53141.0697,-1,3.16990000000078,BACKFILL_AUTO
2026-07-12 02:42:12,1783824132,R_75,53135.8779,-1,5.191800000000512,BACKFILL_AUTO
2026-07-12 02:42:14,1783824134,R_75,53139.4132,1,3.53530000000319,BACKFILL_AUTO
2026-07-12 02:42:16,1783824136,R_75,53130.2583,-1,9.154900000001362,BACKFILL_AUTO
2026-07-12 02:42:18,1783824138,R_75,53138.1772,1,7.918899999996938,BACKFILL_AUTO
2026-07-12 02:42:20,1783824140,R_75,53133.4905,-1,4.686699999998382,BACKFILL_AUTO
2026-07-12 02:42:22,1783824142,R_75,53131.3005,-1,2.1900000000023283,BACKFILL_AUTO
2026-07-12 02:42:24,1783824144,R_75,53114.1771,-1,17.123399999996764,BACKFILL_AUTO
2026-07-12 02:42:26,1783824146,R_75,53130.1328,1,15.955699999998615,BACKFILL_AUTO
2026-07-12 02:42:28,1783824148,R_75,53121.6117,-1,8.521099999998114,BACKFILL_AUTO
2026-07-12 02:42:30,1783824150,R_75,53119.865,-1,1.7467000000033295,BACKFILL_AUTO
2026-07-12 02:42:32,1783824152,R_75,53105.6963,-1,14.168699999994715,BACKFILL_AUTO
2026-07-12 02:42:34,1783824154,R_75,53111.5523,1,5.855999999999767,BACKFILL_AUTO
2026-07-12 02:42:36,1783824156,R_75,53103.0119,-1,8.54040000000532,BACKFILL_AUTO
2026-07-12 02:42:38,1783824158,R_75,53101.7617,-1,1.2501999999949476,BACKFILL_AUTO
2026-07-12 02:42:40,1783824160,R_75,53101.7595,-1,0.0022000000026309863,BACKFILL_AUTO
2026-07-12 02:42:42,1783824162,R_75,53088.5219,-1,13.237600000000384,BACKFILL_AUTO
2026-07-12 02:42:44,1783824164,R_75,53092.6474,1,4.125500000001921,BACKFILL_AUTO
2026-07-12 02:42:46,1783824166,R_75,53081.7499,-1,10.897499999999127,BACKFILL_AUTO
2026-07-12 02:42:48,1783824168,R_75,53077.3744,-1,4.375500000001921,BACKFILL_AUTO
2026-07-12 02:42:50,1783824170,R_75,53066.8745,-1,10.499900000002526,BACKFILL_AUTO
2026-07-12 02:42:52,1783824172,R_75,53051.7944,-1,15.08009999999922,BACKFILL_AUTO
2026-07-12 02:42:54,1783824174,R_75,53057.5025,1,5.708100000003469,BACKFILL_AUTO
2026-07-12 02:42:56,1783824176,R_75,53051.0639,-1,6.4386000000013155,BACKFILL_AUTO
2026-07-12 02:42:58,1783824178,R_75,53040.9992,-1,10.064700000002631,BACKFILL_AUTO
2026-07-12 02:43:00,1783824180,R_75,53028.7438,-1,12.255400000001828,BACKFILL_AUTO
2026-07-12 02:43:02,1783824182,R_75,53039.0131,1,10.26929999999993,BACKFILL_AUTO
2026-07-12 02:43:04,1783824184,R_75,53032.5295,-1,6.483599999999569,BACKFILL_AUTO
2026-07-12 02:43:06,1783824186,R_75,53026.322,-1,6.207499999996799,BACKFILL_AUTO
2026-07-12 02:43:08,1783824188,R_75,53039.2822,1,12.96020000000135,BACKFILL_AUTO
2026-07-12 02:43:10,1783824190,R_75,53044.2987,1,5.0164999999979045,BACKFILL_AUTO
2026-07-12 02:43:12,1783824192,R_75,53053.0095,1,8.710800000000745,BACKFILL_AUTO
2026-07-12 02:43:14,1783824194,R_75,53051.6609,-1,1.348599999997532,BACKFILL_AUTO
2026-07-12 02:43:16,1783824196,R_75,53064.06,1,12.399099999995087,BACKFILL_AUTO
2026-07-12 02:43:18,1783824198,R_75,53063.886,-1,0.17399999999906868,BACKFILL_AUTO
2026-07-12 02:43:20,1783824200,R_75,53048.6604,-1,15.22559999999794,BACKFILL_AUTO
2026-07-12 02:43:22,1783824202,R_75,53044.7519,-1,3.90849999999773,BACKFILL_AUTO
2026-07-12 02:43:24,1783824204,R_75,53051.2813,1,6.529399999999441,BACKFILL_AUTO
2026-07-12 02:43:26,1783824206,R_75,53036.6661,-1,14.615200000000186,BACKFILL_AUTO
2026-07-12 02:43:28,1783824208,R_75,53042.5403,1,5.874199999998382,BACKFILL_AUTO
2026-07-12 02:43:30,1783824210,R_75,53045.9726,1,3.432300000000396,BACKFILL_AUTO
2026-07-12 02:43:32,1783824212,R_75,53045.0673,-1,0.9052999999985332,BACKFILL_AUTO
2026-07-12 02:43:34,1783824214,R_75,53028.1891,-1,16.878199999999197,BACKFILL_AUTO
2026-07-12 02:43:36,1783824216,R_75,53022.1691,-1,6.0200000000040745,BACKFILL_AUTO
2026-07-12 02:43:38,1783824218,R_75,53035.5495,1,13.380400000001828,BACKFILL_AUTO
2026-07-12 02:43:40,1783824220,R_75,53030.3697,-1,5.1797999999980675,BACKFILL_AUTO
2026-07-12 02:43:42,1783824222,R_75,53017.2134,-1,13.156300000002375,BACKFILL_AUTO
2026-07-12 02:43:44,1783824224,R_75,53018.4501,1,1.2367000000012922,BACKFILL_AUTO
2026-07-12 02:43:46,1783824226,R_75,53009.8269,-1,8.623200000001816,BACKFILL_AUTO
2026-07-12 02:43:48,1783824228,R_75,52995.7263,-1,14.10059999999794,BACKFILL_AUTO
2026-07-12 02:43:50,1783824230,R_75,53016.9202,1,21.193899999998393,BACKFILL_AUTO
2026-07-12 02:43:52,1783824232,R_75,53017.0581,1,0.13790000000153668,BACKFILL_AUTO
2026-07-12 02:43:54,1783824234,R_75,53007.3603,-1,9.697800000001735,BACKFILL_AUTO
2026-07-12 02:43:56,1783824236,R_75,53022.5889,1,15.228600000002189,BACKFILL_AUTO
2026-07-12 02:43:58,1783824238,R_75,53013.7196,-1,8.869300000005751,BACKFILL_AUTO
2026-07-12 02:44:00,1783824240,R_75,53015.1183,1,1.3987000000051921,BACKFILL_AUTO
2026-07-12 02:44:02,1783824242,R_75,53015.3142,1,0.19589999999880092,BACKFILL_AUTO
2026-07-12 02:44:04,1783824244,R_75,53012.5022,-1,2.811999999998079,BACKFILL_AUTO
2026-07-12 02:44:06,1783824246,R_75,53027.1265,1,14.624299999995856,BACKFILL_AUTO
2026-07-12 02:44:08,1783824248,R_75,53038.4265,1,11.30000000000291,BACKFILL_AUTO
2026-07-12 02:44:10,1783824250,R_75,53035.2389,-1,3.1876000000047497,BACKFILL_AUTO
2026-07-12 02:44:12,1783824252,R_75,53027.7037,-1,7.53519999999844,BACKFILL_AUTO
2026-07-12 02:44:14,1783824254,R_75,53015.3091,-1,12.394599999999627,BACKFILL_AUTO
2026-07-12 02:44:16,1783824256,R_75,53013.0433,-1,2.265800000001036,BACKFILL_AUTO
2026-07-12 02:44:18,1783824258,R_75,53017.5157,1,4.472400000006019,BACKFILL_AUTO
2026-07-12 02:44:20,1783824260,R_75,53010.5694,-1,6.946300000003248,BACKFILL_AUTO
2026-07-12 02:44:22,1783824262,R_75,53005.7471,-1,4.822299999999814,BACKFILL_AUTO
2026-07-12 02:44:24,1783824264,R_75,52991.522,-1,14.225100000003295,BACKFILL_AUTO
2026-07-12 02:44:26,1783824266,R_75,52975.5016,-1,16.02039999999397,BACKFILL_AUTO
2026-07-12 02:44:28,1783824268,R_75,52985.8118,1,10.310199999999895,BACKFILL_AUTO
2026-07-12 02:44:30,1783824270,R_75,52991.9776,1,6.165799999995215,BACKFILL_AUTO
2026-07-12 02:44:32,1783824272,R_75,52980.0086,-1,11.968999999997322,BACKFILL_AUTO
2026-07-12 02:44:34,1783824274,R_75,52987.0516,1,7.042999999997846,BACKFILL_AUTO
2026-07-12 02:44:36,1783824276,R_75,52986.8016,-1,0.25,BACKFILL_AUTO
2026-07-12 02:44:38,1783824278,R_75,52999.7832,1,12.981599999999162,BACKFILL_AUTO
2026-07-12 02:44:40,1783824280,R_75,53000.3623,1,0.5791000000026543,BACKFILL_AUTO
2026-07-12 02:44:42,1783824282,R_75,52986.9471,-1,13.415200000003097,BACKFILL_AUTO
2026-07-12 02:44:44,1783824284,R_75,52981.8775,-1,5.069599999995262,BACKFILL_AUTO
2026-07-12 02:44:46,1783824286,R_75,52967.0454,-1,14.832099999999627,BACKFILL_AUTO
2026-07-12 02:44:48,1783824288,R_75,52969.7057,1,2.660299999995914,BACKFILL_AUTO
2026-07-12 02:44:50,1783824290,R_75,52965.7764,-1,3.9292999999961467,BACKFILL_AUTO
2026-07-12 02:44:52,1783824292,R_75,52973.3387,1,7.5622999999977765,BACKFILL_AUTO
2026-07-12 02:44:54,1783824294,R_75,52960.2229,-1,13.115799999999581,BACKFILL_AUTO
2026-07-12 02:44:56,1783824296,R_75,52958.532,-1,1.6909000000014203,BACKFILL_AUTO
2026-07-12 02:44:58,1783824298,R_75,52977.2541,1,18.722099999999045,BACKFILL_AUTO
2026-07-12 02:45:00,1783824300,R_75,52962.9617,-1,14.292399999998452,BACKFILL_AUTO
2026-07-12 02:45:02,1783824302,R_75,52950.8668,-1,12.094899999996414,BACKFILL_AUTO
2026-07-12 02:45:04,1783824304,R_75,52936.9253,-1,13.941500000000815,BACKFILL_AUTO
2026-07-12 02:45:06,1783824306,R_75,52947.4338,1,10.508499999996275,BACKFILL_AUTO
2026-07-12 02:45:08,1783824308,R_75,52947.2875,-1,0.1463000000003376,BACKFILL_AUTO
2026-07-12 02:45:10,1783824310,R_75,52943.9126,-1,3.3748999999952503,BACKFILL_AUTO
2026-07-12 02:45:12,1783824312,R_75,52939.5086,-1,4.40400000000227,BACKFILL_AUTO
2026-07-12 02:45:14,1783824314,R_75,52940.2156,1,0.7070000000021537,BACKFILL_AUTO
2026-07-12 02:45:16,1783824316,R_75,52936.9302,-1,3.2854000000006636,BACKFILL_AUTO
2026-07-12 02:45:18,1783824318,R_75,52934.2461,-1,2.6841000000058557,BACKFILL_AUTO
2026-07-12 02:45:20,1783824320,R_75,52932.8576,-1,1.3884999999936554,BACKFILL_AUTO
2026-07-12 02:45:22,1783824322,R_75,52930.3762,-1,2.4814000000042142,BACKFILL_AUTO
2026-07-12 02:45:24,1783824324,R_75,52930.7562,1,0.3800000000046566,BACKFILL_AUTO
2026-07-12 02:45:26,1783824326,R_75,52922.1065,-1,8.649700000001758,BACKFILL_AUTO
2026-07-12 02:45:28,1783824328,R_75,52924.8719,1,2.765399999996589,BACKFILL_AUTO
2026-07-12 02:45:30,1783824330,R_75,52931.0768,1,6.204900000004272,BACKFILL_AUTO
2026-07-12 02:45:32,1783824332,R_75,52924.2253,-1,6.851500000004307,BACKFILL_AUTO
2026-07-12 02:45:34,1783824334,R_75,52929.752,1,5.526700000002165,BACKFILL_AUTO
2026-07-12 02:45:36,1783824336,R_75,52945.0035,1,15.251499999998487,BACKFILL_AUTO
2026-07-12 02:45:38,1783824338,R_75,52913.8434,-1,31.160100000000966,BACKFILL_AUTO
2026-07-12 02:45:40,1783824340,R_75,52929.1387,1,15.295300000005227,BACKFILL_AUTO
2026-07-12 02:45:42,1783824342,R_75,52931.0917,1,1.9529999999940628,BACKFILL_AUTO
2026-07-12 02:45:44,1783824344,R_75,52943.6537,1,12.562000000005355,BACKFILL_AUTO
2026-07-12 02:45:46,1783824346,R_75,52950.7456,1,7.091899999999441,BACKFILL_AUTO
2026-07-12 02:45:48,1783824348,R_75,52944.1271,-1,6.618500000004133,BACKFILL_AUTO
2026-07-12 02:45:50,1783824350,R_75,52922.0735,-1,22.05359999999928,BACKFILL_AUTO
2026-07-12 02:45:52,1783824352,R_75,52922.2644,1,0.19090000000142027,BACKFILL_AUTO
2026-07-12 02:45:54,1783824354,R_75,52920.8097,-1,1.454700000002049,BACKFILL_AUTO
2026-07-12 02:45:56,1783824356,R_75,52924.1437,1,3.334000000002561,BACKFILL_AUTO
2026-07-12 02:45:58,1783824358,R_75,52928.79,1,4.646300000000338,BACKFILL_AUTO
2026-07-12 02:46:00,1783824360,R_75,52934.5945,1,5.80449999999837,BACKFILL_AUTO
2026-07-12 02:46:02,1783824362,R_75,52922.0889,-1,12.505599999996775,BACKFILL_AUTO
2026-07-12 02:46:04,1783824364,R_75,52918.2278,-1,3.8611000000018976,BACKFILL_AUTO
2026-07-12 02:46:06,1783824366,R_75,52922.308,1,4.080199999996694,BACKFILL_AUTO
2026-07-12 02:46:08,1783824368,R_75,52925.8857,1,3.5777000000016415,BACKFILL_AUTO
2026-07-12 02:46:10,1783824370,R_75,52926.7208,1,0.8351000000038766,BACKFILL_AUTO
2026-07-12 02:46:12,1783824372,R_75,52918.7487,-1,7.972100000006321,BACKFILL_AUTO
2026-07-12 02:46:14,1783824374,R_75,52920.003,1,1.2543000000005122,BACKFILL_AUTO
2026-07-12 02:46:16,1783824376,R_75,52906.7788,-1,13.224199999996927,BACKFILL_AUTO
2026-07-12 02:46:18,1783824378,R_75,52910.2349,1,3.4561000000030617,BACKFILL_AUTO
2026-07-12 02:46:20,1783824380,R_75,52893.501,-1,16.733900000006543,BACKFILL_AUTO
2026-07-12 02:46:22,1783824382,R_75,52889.3051,-1,4.195899999998801,BACKFILL_AUTO
2026-07-12 02:46:24,1783824384,R_75,52887.8831,-1,1.4219999999986612,BACKFILL_AUTO
2026-07-12 02:46:26,1783824386,R_75,52893.2815,1,5.398399999998219,BACKFILL_AUTO
2026-07-12 02:46:28,1783824388,R_75,52903.5451,1,10.263600000005681,BACKFILL_AUTO
2026-07-12 02:46:30,1783824390,R_75,52905.4811,1,1.9359999999942374,BACKFILL_AUTO
2026-07-12 02:46:32,1783824392,R_75,52905.6217,1,0.14060000000608852,BACKFILL_AUTO
2026-07-12 02:46:34,1783824394,R_75,52897.266,-1,8.35570000000007,BACKFILL_AUTO
2026-07-12 02:46:36,1783824396,R_75,52879.4507,-1,17.815300000002026,BACKFILL_AUTO
2026-07-12 02:46:38,1783824398,R_75,52899.9699,1,20.51919999999518,BACKFILL_AUTO
2026-07-12 02:46:40,1783824400,R_75,52903.4227,1,3.452800000006391,BACKFILL_AUTO
2026-07-12 02:46:42,1783824402,R_75,52911.6221,1,8.199399999997695,BACKFILL_AUTO
2026-07-12 02:46:44,1783824404,R_75,52909.9025,-1,1.719600000003993,BACKFILL_AUTO
2026-07-12 02:46:46,1783824406,R_75,52901.2617,-1,8.64079999999376,BACKFILL_AUTO
2026-07-12 02:46:48,1783824408,R_75,52913.2616,1,11.99989999999525,BACKFILL_AUTO
2026-07-12 02:46:50,1783824410,R_75,52925.8419,1,12.580300000001444,BACKFILL_AUTO
2026-07-12 02:46:52,1783824412,R_75,52918.8214,-1,7.020499999998719,BACKFILL_AUTO
2026-07-12 02:46:54,1783824414,R_75,52906.5705,-1,12.250899999999092,BACKFILL_AUTO
2026-07-12 02:46:56,1783824416,R_75,52919.6799,1,13.109400000001187,BACKFILL_AUTO
2026-07-12 02:46:58,1783824418,R_75,52921.8754,1,2.195499999994354,BACKFILL_AUTO
2026-07-12 02:47:00,1783824420,R_75,52941.577,1,19.701600000000326,BACKFILL_AUTO
2026-07-12 02:47:02,1783824422,R_75,52933.0512,-1,8.525799999995797,BACKFILL_AUTO
2026-07-12 02:47:04,1783824424,R_75,52928.2874,-1,4.763800000000629,BACKFILL_AUTO
2026-07-12 02:47:06,1783824426,R_75,52942.1654,1,13.877999999996973,BACKFILL_AUTO
2026-07-12 02:47:08,1783824428,R_75,52934.6585,-1,7.506900000000314,BACKFILL_AUTO
2026-07-12 02:47:10,1783824430,R_75,52929.8355,-1,4.822999999996682,BACKFILL_AUTO
2026-07-12 02:47:12,1783824432,R_75,52920.5178,-1,9.317699999999604,BACKFILL_AUTO
2026-07-12 02:47:14,1783824434,R_75,52914.109,-1,6.408800000004703,BACKFILL_AUTO
2026-07-12 02:47:16,1783824436,R_75,52903.4279,-1,10.68109999999433,BACKFILL_AUTO
2026-07-12 02:47:18,1783824438,R_75,52903.6015,1,0.1735999999946216,BACKFILL_AUTO
2026-07-12 02:47:20,1783824440,R_75,52927.9698,1,24.36830000000191,BACKFILL_AUTO
2026-07-12 02:47:22,1783824442,R_75,52928.8339,1,0.8640999999988708,BACKFILL_AUTO
2026-07-12 02:47:24,1783824444,R_75,52920.5493,-1,8.284599999999045,BACKFILL_AUTO
2026-07-12 02:47:26,1783824446,R_75,52925.0234,1,4.474099999999453,BACKFILL_AUTO
2026-07-12 02:47:28,1783824448,R_75,52916.3034,-1,8.720000000001164,BACKFILL_AUTO
2026-07-12 02:47:30,1783824450,R_75,52922.384,1,6.080600000001141,BACKFILL_AUTO
2026-07-12 02:47:32,1783824452,R_75,52926.8324,1,4.448400000001129,BACKFILL_AUTO
2026-07-12 02:47:34,1783824454,R_75,52927.2288,1,0.3963999999978114,BACKFILL_AUTO
2026-07-12 02:47:36,1783824456,R_75,52936.594,1,9.365200000000186,BACKFILL_AUTO
2026-07-12 02:47:38,1783824458,R_75,52940.5957,1,4.00170000000071,BACKFILL_AUTO
2026-07-12 02:47:40,1783824460,R_75,52950.0961,1,9.500400000004447,BACKFILL_AUTO
2026-07-12 02:47:42,1783824462,R_75,52954.3281,1,4.231999999996333,BACKFILL_AUTO
2026-07-12 02:47:44,1783824464,R_75,52953.8486,-1,0.47950000000128057,BACKFILL_AUTO
2026-07-12 02:47:46,1783824466,R_75,52946.6834,-1,7.165199999995821,BACKFILL_AUTO
2026-07-12 02:47:48,1783824468,R_75,52942.5925,-1,4.0909000000028755,BACKFILL_AUTO
2026-07-12 02:47:50,1783824470,R_75,52933.0144,-1,9.578099999998813,BACKFILL_AUTO
2026-07-12 02:47:52,1783824472,R_75,52942.4106,1,9.396200000002864,BACKFILL_AUTO
2026-07-12 02:47:54,1783824474,R_75,52943.0226,1,0.6119999999937136,BACKFILL_AUTO
2026-07-12 02:47:56,1783824476,R_75,52945.6431,1,2.62050000000454,BACKFILL_AUTO
2026-07-12 02:47:58,1783824478,R_75,52937.1586,-1,8.484499999998661,BACKFILL_AUTO
2026-07-12 02:48:00,1783824480,R_75,52943.4808,1,6.322199999995064,BACKFILL_AUTO
2026-07-12 02:48:02,1783824482,R_75,52934.9467,-1,8.534099999997125,BACKFILL_AUTO
2026-07-12 02:48:04,1783824484,R_75,52935.9232,1,0.9764999999970314,BACKFILL_AUTO
2026-07-12 02:48:06,1783824486,R_75,52918.2216,-1,17.701600000000326,BACKFILL_AUTO
2026-07-12 02:48:08,1783824488,R_75,52923.8631,1,5.6415000000051805,BACKFILL_AUTO
2026-07-12 02:48:10,1783824490,R_75,52934.7316,1,10.868499999996857,BACKFILL_AUTO
2026-07-12 02:48:12,1783824492,R_75,52934.5723,-1,0.15929999999934807,BACKFILL_AUTO
2026-07-12 02:48:14,1783824494,R_75,52956.5414,1,21.969100000002072,BACKFILL_AUTO
2026-07-12 02:48:16,1783824496,R_75,52966.0239,1,9.482499999998254,BACKFILL_AUTO
2026-07-12 02:48:18,1783824498,R_75,52948.1784,-1,17.845500000003085,BACKFILL_AUTO
2026-07-12 02:48:20,1783824500,R_75,52954.072,1,5.893600000003062,BACKFILL_AUTO
2026-07-12 02:48:22,1783824502,R_75,52943.6893,-1,10.382700000001932,BACKFILL_AUTO
2026-07-12 02:48:24,1783824504,R_75,52959.0952,1,15.405900000005204,BACKFILL_AUTO
2026-07-12 02:48:26,1783824506,R_75,52978.096,1,19.000799999994342,BACKFILL_AUTO
2026-07-12 02:48:28,1783824508,R_75,52982.4964,1,4.400400000005902,BACKFILL_AUTO
2026-07-12 02:48:30,1783824510,R_75,52973.7063,-1,8.790100000005623,BACKFILL_AUTO
2026-07-12 02:48:32,1783824512,R_75,52964.7994,-1,8.906899999994494,BACKFILL_AUTO
2026-07-12 02:48:34,1783824514,R_75,52951.386,-1,13.413400000004913,BACKFILL_AUTO
2026-07-12 02:48:36,1783824516,R_75,52959.0992,1,7.713199999998324,BACKFILL_AUTO
2026-07-12 02:48:38,1783824518,R_75,52974.9777,1,15.87850000000617,BACKFILL_AUTO
2026-07-12 02:48:40,1783824520,R_75,52969.4157,-1,5.562000000005355,BACKFILL_AUTO
2026-07-12 02:48:42,1783824522,R_75,52965.3313,-1,4.084399999999732,BACKFILL_AUTO
2026-07-12 02:48:44,1783824524,R_75,52981.256,1,15.924700000003213,BACKFILL_AUTO
2026-07-12 02:48:46,1783824526,R_75,52976.8239,-1,4.432099999998172,BACKFILL_AUTO
2026-07-12 02:48:48,1783824528,R_75,52979.7024,1,2.878499999998894,BACKFILL_AUTO
2026-07-12 02:48:50,1783824530,R_75,52980.6676,1,0.9651999999987311,BACKFILL_AUTO
2026-07-12 02:48:52,1783824532,R_75,52970.8612,-1,9.806400000001304,BACKFILL_AUTO
2026-07-12 02:48:54,1783824534,R_75,52961.1069,-1,9.754300000000512,BACKFILL_AUTO
2026-07-12 02:48:56,1783824536,R_75,52969.4617,1,8.354800000000978,BACKFILL_AUTO
2026-07-12 02:48:58,1783824538,R_75,52964.2857,-1,5.175999999999476,BACKFILL_AUTO
2026-07-12 02:49:00,1783824540,R_75,52950.1511,-1,14.13459999999759,BACKFILL_AUTO
2026-07-12 02:49:02,1783824542,R_75,52950.6139,1,0.46279999999387655,BACKFILL_AUTO
2026-07-12 02:49:04,1783824544,R_75,52952.5977,1,1.9838000000017928,BACKFILL_AUTO
2026-07-12 02:49:06,1783824546,R_75,52936.9011,-1,15.69659999999567,BACKFILL_AUTO
2026-07-12 02:49:08,1783824548,R_75,52943.2065,1,6.305399999997462,BACKFILL_AUTO
2026-07-12 02:49:10,1783824550,R_75,52953.697,1,10.490499999999884,BACKFILL_AUTO
2026-07-12 02:49:12,1783824552,R_75,52956.3233,1,2.626299999996263,BACKFILL_AUTO
2026-07-12 02:49:14,1783824554,R_75,52959.8308,1,3.507500000006985,BACKFILL_AUTO
2026-07-12 02:49:16,1783824556,R_75,52953.0954,-1,6.735400000005029,BACKFILL_AUTO
2026-07-12 02:49:18,1783824558,R_75,52960.4681,1,7.372699999999895,BACKFILL_AUTO
2026-07-12 02:49:20,1783824560,R_75,52959.6401,-1,0.8280000000013388,BACKFILL_AUTO
2026-07-12 02:49:22,1783824562,R_75,52947.3218,-1,12.318299999998999,BACKFILL_AUTO
2026-07-12 02:49:24,1783824564,R_75,52939.144,-1,8.17779999999766,BACKFILL_AUTO
2026-07-12 02:49:26,1783824566,R_75,52951.7707,1,12.62670000000071,BACKFILL_AUTO
2026-07-12 02:49:28,1783824568,R_75,52953.3906,1,1.6198999999978696,BACKFILL_AUTO
2026-07-12 02:49:30,1783824570,R_75,52949.8338,-1,3.556799999998475,BACKFILL_AUTO
2026-07-12 02:49:32,1783824572,R_75,52952.9451,1,3.111299999996845,BACKFILL_AUTO
2026-07-12 02:49:34,1783824574,R_75,52950.8384,-1,2.1066999999966356,BACKFILL_AUTO
2026-07-12 02:49:36,1783824576,R_75,52946.2431,-1,4.5953000000008615,BACKFILL_AUTO
2026-07-12 02:49:38,1783824578,R_75,52926.8608,-1,19.382299999997485,BACKFILL_AUTO
2026-07-12 02:49:40,1783824580,R_75,52919.6753,-1,7.1854999999995925,BACKFILL_AUTO
2026-07-12 02:49:42,1783824582,R_75,52913.0485,-1,6.62680000000546,BACKFILL_AUTO
2026-07-12 02:49:44,1783824584,R_75,52910.1266,-1,2.9218999999939115,BACKFILL_AUTO
2026-07-12 02:49:46,1783824586,R_75,52913.3301,1,3.2034999999959837,BACKFILL_AUTO
2026-07-12 02:49:48,1783824588,R_75,52890.8269,-1,22.503199999999197,BACKFILL_AUTO
2026-07-12 02:49:50,1783824590,R_75,52889.3757,-1,1.4512000000031549,BACKFILL_AUTO
2026-07-12 02:49:52,1783824592,R_75,52894.8982,1,5.522500000006403,BACKFILL_AUTO
2026-07-12 02:49:54,1783824594,R_75,52899.9467,1,5.048499999997148,BACKFILL_AUTO
2026-07-12 02:49:56,1783824596,R_75,52901.2179,1,1.2712000000028638,BACKFILL_AUTO
2026-07-12 02:49:58,1783824598,R_75,52909.6338,1,8.415899999999965,BACKFILL_AUTO
2026-07-12 02:50:00,1783824600,R_75,52922.255,1,12.621199999994133,BACKFILL_AUTO
2026-07-12 02:50:02,1783824602,R_75,52916.526,-1,5.72899999999936,BACKFILL_AUTO
2026-07-12 02:50:04,1783824604,R_75,52920.6789,1,4.152900000000955,BACKFILL_AUTO
2026-07-12 02:50:06,1783824606,R_75,52913.2512,-1,7.427700000000186,BACKFILL_AUTO
2026-07-12 02:50:08,1783824608,R_75,52900.9347,-1,12.316500000000815,BACKFILL_AUTO
2026-07-12 02:50:10,1783824610,R_75,52916.587,1,15.65230000000156,BACKFILL_AUTO
2026-07-12 02:50:12,1783824612,R_75,52915.3102,-1,1.2767999999996391,BACKFILL_AUTO
2026-07-12 02:50:14,1783824614,R_75,52929.1945,1,13.884299999997893,BACKFILL_AUTO
2026-07-12 02:50:16,1783824616,R_75,52911.8482,-1,17.346299999997427,BACKFILL_AUTO
2026-07-12 02:50:18,1783824618,R_75,52920.6157,1,8.767500000001746,BACKFILL_AUTO
2026-07-12 02:50:20,1783824620,R_75,52921.9382,1,1.3224999999947613,BACKFILL_AUTO
2026-07-12 02:50:22,1783824622,R_75,52934.0897,1,12.151499999999942,BACKFILL_AUTO
2026-07-12 02:50:24,1783824624,R_75,52925.3036,-1,8.786099999997532,BACKFILL_AUTO
2026-07-12 02:50:26,1783824626,R_75,52918.7846,-1,6.519000000000233,BACKFILL_AUTO
2026-07-12 02:50:28,1783824628,R_75,52920.489,1,1.7044000000023516,BACKFILL_AUTO
2026-07-12 02:50:30,1783824630,R_75,52932.7041,1,12.215100000001257,BACKFILL_AUTO
2026-07-12 02:50:32,1783824632,R_75,52923.6166,-1,9.087500000001455,BACKFILL_AUTO
2026-07-12 02:50:34,1783824634,R_75,52914.1265,-1,9.490100000002712,BACKFILL_AUTO
2026-07-12 02:50:36,1783824636,R_75,52911.3145,-1,2.811999999998079,BACKFILL_AUTO
2026-07-12 02:50:38,1783824638,R_75,52905.5343,-1,5.780200000001059,BACKFILL_AUTO
2026-07-12 02:50:40,1783824640,R_75,52896.1905,-1,9.343800000002375,BACKFILL_AUTO
2026-07-12 02:50:42,1783824642,R_75,52903.8754,1,7.684900000000198,BACKFILL_AUTO
2026-07-12 02:50:44,1783824644,R_75,52915.3566,1,11.48120000000199,BACKFILL_AUTO
2026-07-12 02:50:46,1783824646,R_75,52904.3046,-1,11.051999999996042,BACKFILL_AUTO
2026-07-12 02:50:48,1783824648,R_75,52901.2841,-1,3.0205000000059954,BACKFILL_AUTO
2026-07-12 02:50:50,1783824650,R_75,52893.3151,-1,7.9689999999973224,BACKFILL_AUTO
2026-07-12 02:50:52,1783824652,R_75,52900.8897,1,7.5745999999999185,BACKFILL_AUTO
2026-07-12 02:50:54,1783824654,R_75,52910.7697,1,9.87999999999738,BACKFILL_AUTO
2026-07-12 02:50:56,1783824656,R_75,52907.1288,-1,3.64089999999851,BACKFILL_AUTO
2026-07-12 02:50:58,1783824658,R_75,52887.5273,-1,19.60149999999703,BACKFILL_AUTO
2026-07-12 02:51:00,1783824660,R_75,52888.4256,1,0.8983000000007451,BACKFILL_AUTO
2026-07-12 02:51:02,1783824662,R_75,52886.6263,-1,1.799299999998766,BACKFILL_AUTO
2026-07-12 02:51:04,1783824664,R_75,52892.6682,1,6.041899999996531,BACKFILL_AUTO
2026-07-12 02:51:06,1783824666,R_75,52895.2832,1,2.6149999999979627,BACKFILL_AUTO
2026-07-12 02:51:08,1783824668,R_75,52905.0758,1,9.792600000000675,BACKFILL_AUTO
2026-07-12 02:51:10,1783824670,R_75,52908.795,1,3.719199999999546,BACKFILL_AUTO
2026-07-12 02:51:12,1783824672,R_75,52911.3013,1,2.5063000000009197,BACKFILL_AUTO
2026-07-12 02:51:14,1783824674,R_75,52922.7945,1,11.493200000004435,BACKFILL_AUTO
2026-07-12 02:51:16,1783824676,R_75,52904.9761,-1,17.81840000000375,BACKFILL_AUTO
2026-07-12 02:51:18,1783824678,R_75,52891.4608,-1,13.515299999999115,BACKFILL_AUTO
2026-07-12 02:51:20,1783824680,R_75,52893.3843,1,1.9234999999971478,BACKFILL_AUTO
2026-07-12 02:51:22,1783824682,R_75,52903.7843,1,10.400000000001455,BACKFILL_AUTO
2026-07-12 02:51:24,1783824684,R_75,52904.2991,1,0.5147999999971944,BACKFILL_AUTO
2026-07-12 02:51:26,1783824686,R_75,52899.7198,-1,4.579299999997602,BACKFILL_AUTO
2026-07-12 02:51:28,1783824688,R_75,52902.8649,1,3.1451000000015483,BACKFILL_AUTO
2026-07-12 02:51:30,1783824690,R_75,52899.9157,-1,2.9492000000027474,BACKFILL_AUTO
2026-07-12 02:51:32,1783824692,R_75,52898.2916,-1,1.624100000000908,BACKFILL_AUTO
2026-07-12 02:51:34,1783824694,R_75,52891.056,-1,7.235599999999977,BACKFILL_AUTO
2026-07-12 02:51:36,1783824696,R_75,52899.5087,1,8.452700000001641,BACKFILL_AUTO
2026-07-12 02:51:38,1783824698,R_75,52878.5441,-1,20.964599999999336,BACKFILL_AUTO
2026-07-12 02:51:40,1783824700,R_75,52896.2567,1,17.71259999999893,BACKFILL_AUTO
2026-07-12 02:51:42,1783824702,R_75,52897.5822,1,1.3254999999990105,BACKFILL_AUTO
2026-07-12 02:51:44,1783824704,R_75,52900.9885,1,3.406300000002375,BACKFILL_AUTO
2026-07-12 02:51:46,1783824706,R_75,52921.4507,1,20.462200000001758,BACKFILL_AUTO
2026-07-12 02:51:48,1783824708,R_75,52937.167,1,15.716300000000047,BACKFILL_AUTO
2026-07-12 02:51:50,1783824710,R_75,52950.1039,1,12.936900000000605,BACKFILL_AUTO
2026-07-12 02:51:52,1783824712,R_75,52956.7141,1,6.61019999999553,BACKFILL_AUTO
2026-07-12 02:51:54,1783824714,R_75,52953.4288,-1,3.285299999995914,BACKFILL_AUTO
2026-07-12 02:51:56,1783824716,R_75,52950.9384,-1,2.49040000000241,BACKFILL_AUTO
2026-07-12 02:51:58,1783824718,R_75,52964.1675,1,13.22910000000411,BACKFILL_AUTO
2026-07-12 02:52:00,1783824720,R_75,52977.4121,1,13.244599999998172,BACKFILL_AUTO
2026-07-12 02:52:02,1783824722,R_75,52988.2898,1,10.877699999997276,BACKFILL_AUTO
2026-07-12 02:52:04,1783824724,R_75,52978.3256,-1,9.964200000002165,BACKFILL_AUTO
2026-07-12 02:52:06,1783824726,R_75,52950.9598,-1,27.36579999999958,BACKFILL_AUTO
2026-07-12 02:52:08,1783824728,R_75,52973.9146,1,22.954799999999523,BACKFILL_AUTO
2026-07-12 02:52:10,1783824730,R_75,52985.4377,1,11.523100000005797,BACKFILL_AUTO
2026-07-12 02:52:12,1783824732,R_75,52976.7216,-1,8.716100000005099,BACKFILL_AUTO
2026-07-12 02:52:14,1783824734,R_75,52973.1471,-1,3.5744999999951688,BACKFILL_AUTO
2026-07-12 02:52:16,1783824736,R_75,52965.2699,-1,7.877200000002631,BACKFILL_AUTO
2026-07-12 02:52:18,1783824738,R_75,52965.077,-1,0.19290000000182772,BACKFILL_AUTO
2026-07-12 02:52:20,1783824740,R_75,52963.0913,-1,1.9856999999974505,BACKFILL_AUTO
2026-07-12 02:52:22,1783824742,R_75,52960.9574,-1,2.1339000000007218,BACKFILL_AUTO
2026-07-12 02:52:24,1783824744,R_75,52954.5948,-1,6.362600000000384,BACKFILL_AUTO
2026-07-12 02:52:26,1783824746,R_75,52955.077,1,0.48219999999855645,BACKFILL_AUTO
2026-07-12 02:52:28,1783824748,R_75,52958.9106,1,3.83360000000539,BACKFILL_AUTO
2026-07-12 02:52:30,1783824750,R_75,52966.1455,1,7.234899999995832,BACKFILL_AUTO
2026-07-12 02:52:32,1783824752,R_75,52967.3144,1,1.1689000000042142,BACKFILL_AUTO
2026-07-12 02:52:34,1783824754,R_75,52959.6144,-1,7.700000000004366,BACKFILL_AUTO
2026-07-12 02:52:36,1783824756,R_75,52965.5263,1,5.91189999999915,BACKFILL_AUTO
2026-07-12 02:52:38,1783824758,R_75,52962.2309,-1,3.295399999995425,BACKFILL_AUTO
2026-07-12 02:52:40,1783824760,R_75,52965.104,1,2.8730999999970663,BACKFILL_AUTO
2026-07-12 02:52:42,1783824762,R_75,52949.8144,-1,15.289599999996426,BACKFILL_AUTO
2026-07-12 02:52:44,1783824764,R_75,52948.805,-1,1.0094000000026426,BACKFILL_AUTO
2026-07-12 02:52:46,1783824766,R_75,52946.2656,-1,2.5394000000014785,BACKFILL_AUTO
2026-07-12 02:52:48,1783824768,R_75,52935.3625,-1,10.903099999995902,BACKFILL_AUTO
2026-07-12 02:52:50,1783824770,R_75,52937.8175,1,2.4549999999944703,BACKFILL_AUTO
2026-07-12 02:52:52,1783824772,R_75,52957.7817,1,19.964200000002165,BACKFILL_AUTO
2026-07-12 02:52:54,1783824774,R_75,52951.441,-1,6.340700000000652,BACKFILL_AUTO
2026-07-12 02:52:56,1783824776,R_75,52950.7295,-1,0.7114999999976135,BACKFILL_AUTO
2026-07-12 02:52:58,1783824778,R_75,52944.8072,-1,5.9222999999983585,BACKFILL_AUTO
2026-07-12 02:53:00,1783824780,R_75,52949.0477,1,4.240499999999884,BACKFILL_AUTO
2026-07-12 02:53:02,1783824782,R_75,52956.5637,1,7.515999999995984,BACKFILL_AUTO
2026-07-12 02:53:04,1783824784,R_75,52956.8614,1,0.2977000000028056,BACKFILL_AUTO
2026-07-12 02:53:06,1783824786,R_75,52944.7798,-1,12.081600000004983,BACKFILL_AUTO
2026-07-12 02:53:08,1783824788,R_75,52936.556,-1,8.223799999999756,BACKFILL_AUTO
2026-07-12 02:53:10,1783824790,R_75,52918.5764,-1,17.979599999998754,BACKFILL_AUTO
2026-07-12 02:53:12,1783824792,R_75,52920.1638,1,1.5874000000039814,BACKFILL_AUTO
2026-07-12 02:53:14,1783824794,R_75,52944.2505,1,24.086699999999837,BACKFILL_AUTO
2026-07-12 02:53:16,1783824796,R_75,52951.5168,1,7.266299999995681,BACKFILL_AUTO
2026-07-12 02:53:18,1783824798,R_75,52943.1379,-1,8.378899999996065,BACKFILL_AUTO
2026-07-12 02:53:20,1783824800,R_75,52930.6725,-1,12.465400000000955,BACKFILL_AUTO
2026-07-12 02:53:22,1783824802,R_75,52923.8959,-1,6.776599999997416,BACKFILL_AUTO
2026-07-12 02:53:24,1783824804,R_75,52920.0881,-1,3.8078000000023167,BACKFILL_AUTO
2026-07-12 02:53:26,1783824806,R_75,52914.6575,-1,5.430599999999686,BACKFILL_AUTO
2026-07-12 02:53:28,1783824808,R_75,52934.1369,1,19.47939999999653,BACKFILL_AUTO
2026-07-12 02:53:30,1783824810,R_75,52931.1206,-1,3.016299999995681,BACKFILL_AUTO
2026-07-12 02:53:32,1783824812,R_75,52945.7243,1,14.603699999999662,BACKFILL_AUTO
2026-07-12 02:53:34,1783824814,R_75,52950.8842,1,5.159899999998743,BACKFILL_AUTO
2026-07-12 02:53:36,1783824816,R_75,52959.9992,1,9.114999999997963,BACKFILL_AUTO
2026-07-12 02:53:38,1783824818,R_75,52942.7871,-1,17.212099999997008,BACKFILL_AUTO
2026-07-12 02:53:40,1783824820,R_75,52942.9984,1,0.21129999999538995,BACKFILL_AUTO
2026-07-12 02:53:42,1783824822,R_75,52937.704,-1,5.294399999998859,BACKFILL_AUTO
2026-07-12 02:53:44,1783824824,R_75,52941.7937,1,4.089700000004086,BACKFILL_AUTO
2026-07-12 02:53:46,1783824826,R_75,52936.9519,-1,4.841800000001967,BACKFILL_AUTO
2026-07-12 02:53:48,1783824828,R_75,52950.0052,1,13.053299999999581,BACKFILL_AUTO
2026-07-12 02:53:50,1783824830,R_75,52954.8482,1,4.843000000000757,BACKFILL_AUTO
2026-07-12 02:53:52,1783824832,R_75,52971.8152,1,16.966999999996915,BACKFILL_AUTO
2026-07-12 02:53:54,1783824834,R_75,52965.7354,-1,6.079799999999523,BACKFILL_AUTO
2026-07-12 02:53:56,1783824836,R_75,52965.6728,-1,0.06259999999747379,BACKFILL_AUTO
2026-07-12 02:53:58,1783824838,R_75,52965.5838,-1,0.08899999999994179,BACKFILL_AUTO
2026-07-12 02:54:00,1783824840,R_75,52963.019,-1,2.5648000000001048,BACKFILL_AUTO
2026-07-12 02:54:02,1783824842,R_75,52960.4543,-1,2.564700000002631,BACKFILL_AUTO
2026-07-12 02:54:04,1783824844,R_75,52958.9185,-1,1.5357999999978347,BACKFILL_AUTO
2026-07-12 02:54:06,1783824846,R_75,52961.6784,1,2.7598999999972875,BACKFILL_AUTO
2026-07-12 02:54:08,1783824848,R_75,52961.6844,1,0.006000000001222361,BACKFILL_AUTO
2026-07-12 02:54:10,1783824850,R_75,52947.4053,-1,14.279099999999744,BACKFILL_AUTO
2026-07-12 02:54:12,1783824852,R_75,52952.3921,1,4.986799999998766,BACKFILL_AUTO
2026-07-12 02:54:14,1783824854,R_75,52958.6038,1,6.211699999999837,BACKFILL_AUTO
2026-07-12 02:54:16,1783824856,R_75,52957.9687,-1,0.6350999999995111,BACKFILL_AUTO
2026-07-12 02:54:18,1783824858,R_75,52956.1229,-1,1.8457999999955064,BACKFILL_AUTO
2026-07-12 02:54:20,1783824860,R_75,52958.4902,1,2.3672999999980675,BACKFILL_AUTO
2026-07-12 02:54:22,1783824862,R_75,52959.5954,1,1.105199999998149,BACKFILL_AUTO
2026-07-12 02:54:24,1783824864,R_75,52948.7266,-1,10.868799999996554,BACKFILL_AUTO
2026-07-12 02:54:26,1783824866,R_75,52951.16,1,2.4334000000017113,BACKFILL_AUTO
2026-07-12 02:54:28,1783824868,R_75,52947.5179,-1,3.642100000004575,BACKFILL_AUTO
2026-07-12 02:54:30,1783824870,R_75,52961.0355,1,13.51759999999922,BACKFILL_AUTO
2026-07-12 02:54:32,1783824872,R_75,52954.4374,-1,6.598099999995611,BACKFILL_AUTO
2026-07-12 02:54:34,1783824874,R_75,52961.3619,1,6.9245000000009895,BACKFILL_AUTO
2026-07-12 02:54:36,1783824876,R_75,52955.507,-1,5.854900000005728,BACKFILL_AUTO
2026-07-12 02:54:38,1783824878,R_75,52960.0748,1,4.567800000004354,BACKFILL_AUTO
2026-07-12 02:54:40,1783824880,R_75,52956.9998,-1,3.0750000000043656,BACKFILL_AUTO
2026-07-12 02:54:42,1783824882,R_75,52951.4255,-1,5.574300000000221,BACKFILL_AUTO
2026-07-12 02:54:44,1783824884,R_75,52951.8757,1,0.45019999999931315,BACKFILL_AUTO
2026-07-12 02:54:46,1783824886,R_75,52951.4459,-1,0.4297999999980675,BACKFILL_AUTO
2026-07-12 02:54:48,1783824888,R_75,52943.067,-1,8.378899999996065,BACKFILL_AUTO
2026-07-12 02:54:50,1783824890,R_75,52957.0362,1,13.969199999999546,BACKFILL_AUTO
2026-07-12 02:54:52,1783824892,R_75,52960.6978,1,3.661599999999453,BACKFILL_AUTO
2026-07-12 02:54:54,1783824894,R_75,52969.3055,1,8.607700000000477,BACKFILL_AUTO
2026-07-12 02:54:56,1783824896,R_75,52976.1528,1,6.847300000001269,BACKFILL_AUTO
2026-07-12 02:54:58,1783824898,R_75,52968.8157,-1,7.337100000004284,BACKFILL_AUTO
2026-07-12 02:55:00,1783824900,R_75,52959.7627,-1,9.052999999999884,BACKFILL_AUTO
2026-07-12 02:55:02,1783824902,R_75,52956.1235,-1,3.6391999999977998,BACKFILL_AUTO
2026-07-12 02:55:04,1783824904,R_75,52949.8744,-1,6.249100000000908,BACKFILL_AUTO
2026-07-12 02:55:06,1783824906,R_75,52965.8283,1,15.95390000000043,BACKFILL_AUTO
2026-07-12 02:55:08,1783824908,R_75,52953.1506,-1,12.677700000000186,BACKFILL_AUTO
2026-07-12 02:55:10,1783824910,R_75,52965.2502,1,12.099600000001374,BACKFILL_AUTO
2026-07-12 02:55:12,1783824912,R_75,52978.7647,1,13.514499999997497,BACKFILL_AUTO
2026-07-12 02:55:14,1783824914,R_75,53000.2539,1,21.48920000000362,BACKFILL_AUTO
2026-07-12 02:55:16,1783824916,R_75,52999.3164,-1,0.9375,BACKFILL_AUTO
2026-07-12 02:55:18,1783824918,R_75,53010.1484,1,10.831999999994878,BACKFILL_AUTO
2026-07-12 02:55:20,1783824920,R_75,53005.2045,-1,4.9438999999983935,BACKFILL_AUTO
2026-07-12 02:55:22,1783824922,R_75,53001.9386,-1,3.26589999999851,BACKFILL_AUTO
2026-07-12 02:55:24,1783824924,R_75,52994.6087,-1,7.329900000004272,BACKFILL_AUTO
2026-07-12 02:55:26,1783824926,R_75,52994.7671,1,0.1584000000002561,BACKFILL_AUTO
2026-07-12 02:55:28,1783824928,R_75,53014.4544,1,19.687300000005052,BACKFILL_AUTO
2026-07-12 02:55:30,1783824930,R_75,53014.7794,1,0.3249999999970896,BACKFILL_AUTO
2026-07-12 02:55:32,1783824932,R_75,53013.0512,-1,1.7281999999977415,BACKFILL_AUTO
2026-07-12 02:55:34,1783824934,R_75,53012.1575,-1,0.8937000000005355,BACKFILL_AUTO
2026-07-12 02:55:36,1783824936,R_75,53002.7886,-1,9.368900000001304,BACKFILL_AUTO
2026-07-12 02:55:38,1783824938,R_75,53016.8925,1,14.103900000001886,BACKFILL_AUTO
2026-07-12 02:55:40,1783824940,R_75,53026.6768,1,9.784299999999348,BACKFILL_AUTO
2026-07-12 02:55:42,1783824942,R_75,53014.013,-1,12.663800000002084,BACKFILL_AUTO
2026-07-12 02:55:44,1783824944,R_75,53010.5837,-1,3.4292999999961467,BACKFILL_AUTO
2026-07-12 02:55:46,1783824946,R_75,53014.733,1,4.149299999997311,BACKFILL_AUTO
2026-07-12 02:55:48,1783824948,R_75,53020.1103,1,5.377300000000105,BACKFILL_AUTO
2026-07-12 02:55:50,1783824950,R_75,53011.0151,-1,9.095200000003388,BACKFILL_AUTO
2026-07-12 02:55:52,1783824952,R_75,53012.8728,1,1.8577000000004773,BACKFILL_AUTO
2026-07-12 02:55:54,1783824954,R_75,52993.2111,-1,19.661699999996927,BACKFILL_AUTO
2026-07-12 02:55:56,1783824956,R_75,52998.662,1,5.450899999996182,BACKFILL_AUTO
2026-07-12 02:55:58,1783824958,R_75,53004.5112,1,5.849200000004203,BACKFILL_AUTO
2026-07-12 02:56:00,1783824960,R_75,53004.9758,1,0.46459999999933643,BACKFILL_AUTO
2026-07-12 02:56:02,1783824962,R_75,53000.6399,-1,4.335899999998219,BACKFILL_AUTO
2026-07-12 02:56:04,1783824964,R_75,52988.7379,-1,11.902000000001863,BACKFILL_AUTO
2026-07-12 02:56:06,1783824966,R_75,53004.9319,1,16.194000000003143,BACKFILL_AUTO
2026-07-12 02:56:08,1783824968,R_75,53003.2848,-1,1.6471000000019558,BACKFILL_AUTO
2026-07-12 02:56:10,1783824970,R_75,53001.0282,-1,2.256600000000617,BACKFILL_AUTO
2026-07-12 02:56:12,1783824972,R_75,53000.5226,-1,0.5056000000040513,BACKFILL_AUTO
2026-07-12 02:56:14,1783824974,R_75,52980.163,-1,20.359599999996135,BACKFILL_AUTO
2026-07-12 02:56:16,1783824976,R_75,52984.6348,1,4.471799999999348,BACKFILL_AUTO
2026-07-12 02:56:18,1783824978,R_75,52981.8986,-1,2.7361999999993714,BACKFILL_AUTO
2026-07-12 02:56:20,1783824980,R_75,52988.4015,1,6.502899999999499,BACKFILL_AUTO
2026-07-12 02:56:22,1783824982,R_75,52979.0197,-1,9.38180000000284,BACKFILL_AUTO
2026-07-12 02:56:24,1783824984,R_75,52978.676,-1,0.3436999999976251,BACKFILL_AUTO
2026-07-12 02:56:26,1783824986,R_75,52989.3913,1,10.71530000000348,BACKFILL_AUTO
2026-07-12 02:56:28,1783824988,R_75,52998.365,1,8.973699999995006,BACKFILL_AUTO
2026-07-12 02:56:30,1783824990,R_75,53003.7876,1,5.422600000005332,BACKFILL_AUTO
2026-07-12 02:56:32,1783824992,R_75,52993.9786,-1,9.809000000001106,BACKFILL_AUTO
2026-07-12 02:56:34,1783824994,R_75,53005.7361,1,11.757499999999709,BACKFILL_AUTO
2026-07-12 02:56:36,1783824996,R_75,53004.5219,-1,1.2142000000021653,BACKFILL_AUTO
2026-07-12 02:56:38,1783824998,R_75,52980.0109,-1,24.510999999998603,BACKFILL_AUTO
2026-07-12 02:56:40,1783825000,R_75,52960.6395,-1,19.371400000003632,BACKFILL_AUTO
2026-07-12 02:56:42,1783825002,R_75,52967.0975,1,6.458000000005995,BACKFILL_AUTO
2026-07-12 02:56:44,1783825004,R_75,52964.1427,-1,2.9548000000067987,BACKFILL_AUTO
2026-07-12 02:56:46,1783825006,R_75,52969.6887,1,5.5460000000020955,BACKFILL_AUTO
2026-07-12 02:56:48,1783825008,R_75,52963.4926,-1,6.1961000000010245,BACKFILL_AUTO
2026-07-12 02:56:50,1783825010,R_75,52952.275,-1,11.21759999999631,BACKFILL_AUTO
2026-07-12 02:56:52,1783825012,R_75,52948.6846,-1,3.5904000000009546,BACKFILL_AUTO
2026-07-12 02:56:54,1783825014,R_75,52956.4222,1,7.737600000000384,BACKFILL_AUTO
2026-07-12 02:56:56,1783825016,R_75,52944.5528,-1,11.869400000003225,BACKFILL_AUTO
2026-07-12 02:56:58,1783825018,R_75,52941.4873,-1,3.065499999996973,BACKFILL_AUTO
2026-07-12 02:57:00,1783825020,R_75,52947.9165,1,6.429199999998673,BACKFILL_AUTO
2026-07-12 02:57:02,1783825022,R_75,52932.919,-1,14.997499999997672,BACKFILL_AUTO
2026-07-12 02:57:04,1783825024,R_75,52947.1127,1,14.19369999999617,BACKFILL_AUTO
2026-07-12 02:57:06,1783825026,R_75,52937.4153,-1,9.697399999997288,BACKFILL_AUTO
2026-07-12 02:57:08,1783825028,R_75,52947.2226,1,9.807300000000396,BACKFILL_AUTO
2026-07-12 02:57:10,1783825030,R_75,52950.2489,1,3.0262999999977183,BACKFILL_AUTO
2026-07-12 02:57:12,1783825032,R_75,52936.5554,-1,13.693500000001222,BACKFILL_AUTO
2026-07-12 02:57:14,1783825034,R_75,52932.2977,-1,4.2576999999946565,BACKFILL_AUTO
2026-07-12 02:57:16,1783825036,R_75,52934.8499,1,2.5521999999982654,BACKFILL_AUTO
2026-07-12 02:57:18,1783825038,R_75,52908.3411,-1,26.508800000003248,BACKFILL_AUTO
2026-07-12 02:57:20,1783825040,R_75,52902.1609,-1,6.180199999995239,BACKFILL_AUTO
2026-07-12 02:57:22,1783825042,R_75,52884.1402,-1,18.020700000000943,BACKFILL_AUTO
2026-07-12 02:57:24,1783825044,R_75,52897.1463,1,13.006099999998696,BACKFILL_AUTO
2026-07-12 02:57:26,1783825046,R_75,52872.7264,-1,24.41990000000078,BACKFILL_AUTO
2026-07-12 02:57:28,1783825048,R_75,52884.8157,1,12.08929999999964,BACKFILL_AUTO
2026-07-12 02:57:30,1783825050,R_75,52897.9211,1,13.105400000000373,BACKFILL_AUTO
2026-07-12 02:57:32,1783825052,R_75,52913.8507,1,15.92960000000312,BACKFILL_AUTO
2026-07-12 02:57:34,1783825054,R_75,52924.773,1,10.922299999998359,BACKFILL_AUTO
2026-07-12 02:57:36,1783825056,R_75,52914.7947,-1,9.978300000002491,BACKFILL_AUTO
2026-07-12 02:57:38,1783825058,R_75,52907.7487,-1,7.0460000000020955,BACKFILL_AUTO
2026-07-12 02:57:40,1783825060,R_75,52921.6361,1,13.887400000006892,BACKFILL_AUTO
2026-07-12 02:57:42,1783825062,R_75,52910.7924,-1,10.843700000004901,BACKFILL_AUTO
2026-07-12 02:57:44,1783825064,R_75,52900.686,-1,10.106399999996938,BACKFILL_AUTO
2026-07-12 02:57:46,1783825066,R_75,52911.2948,1,10.608800000001793,BACKFILL_AUTO
2026-07-12 02:57:48,1783825068,R_75,52894.47,-1,16.824800000002142,BACKFILL_AUTO
2026-07-12 02:57:50,1783825070,R_75,52908.4667,1,13.996699999996054,BACKFILL_AUTO
2026-07-12 02:57:52,1783825072,R_75,52928.8639,1,20.39719999999943,BACKFILL_AUTO
2026-07-12 02:57:54,1783825074,R_75,52943.9815,1,15.11760000000504,BACKFILL_AUTO
2026-07-12 02:57:56,1783825076,R_75,52951.9808,1,7.999299999995856,BACKFILL_AUTO
2026-07-12 02:57:58,1783825078,R_75,52951.8832,-1,0.09760000000096625,BACKFILL_AUTO
2026-07-12 02:58:00,1783825080,R_75,52947.4359,-1,4.447299999999814,BACKFILL_AUTO
2026-07-12 02:58:02,1783825082,R_75,52937.5052,-1,9.93069999999716,BACKFILL_AUTO
2026-07-12 02:58:04,1783825084,R_75,52939.0288,1,1.5236000000004424,BACKFILL_AUTO
2026-07-12 02:58:06,1783825086,R_75,52921.7941,-1,17.234700000000885,BACKFILL_AUTO
2026-07-12 02:58:08,1783825088,R_75,52913.6782,-1,8.115899999997055,BACKFILL_AUTO
2026-07-12 02:58:10,1783825090,R_75,52917.3885,1,3.710299999998824,BACKFILL_AUTO
2026-07-12 02:58:12,1783825092,R_75,52934.6589,1,17.270400000001246,BACKFILL_AUTO
2026-07-12 02:58:14,1783825094,R_75,52924.1565,-1,10.502400000004855,BACKFILL_AUTO
2026-07-12 02:58:16,1783825096,R_75,52928.4523,1,4.295799999999872,BACKFILL_AUTO
2026-07-12 02:58:18,1783825098,R_75,52920.9214,-1,7.530899999997928,BACKFILL_AUTO
2026-07-12 02:58:20,1783825100,R_75,52921.9146,1,0.9931999999971595,BACKFILL_AUTO
2026-07-12 02:58:22,1783825102,R_75,52929.6781,1,7.763500000000931,BACKFILL_AUTO
2026-07-12 02:58:24,1783825104,R_75,52925.3604,-1,4.317699999999604,BACKFILL_AUTO
2026-07-12 02:58:26,1783825106,R_75,52914.4062,-1,10.954200000000128,BACKFILL_AUTO
2026-07-12 02:58:28,1783825108,R_75,52912.1523,-1,2.253899999996065,BACKFILL_AUTO
2026-07-12 02:58:30,1783825110,R_75,52901.1233,-1,11.02900000000227,BACKFILL_AUTO
2026-07-12 02:58:32,1783825112,R_75,52891.4303,-1,9.692999999999302,BACKFILL_AUTO
2026-07-12 02:58:34,1783825114,R_75,52880.423,-1,11.007299999997485,BACKFILL_AUTO
2026-07-12 02:58:36,1783825116,R_75,52895.1405,1,14.717499999998836,BACKFILL_AUTO
2026-07-12 02:58:38,1783825118,R_75,52895.4137,1,0.2731999999959953,BACKFILL_AUTO
2026-07-12 02:58:40,1783825120,R_75,52898.9394,1,3.5257000000055996,BACKFILL_AUTO
2026-07-12 02:58:42,1783825122,R_75,52871.9479,-1,26.991500000003725,BACKFILL_AUTO
2026-07-12 02:58:44,1783825124,R_75,52852.0754,-1,19.87249999999767,BACKFILL_AUTO
2026-07-12 02:58:46,1783825126,R_75,52849.7019,-1,2.3735000000015134,BACKFILL_AUTO
2026-07-12 02:58:48,1783825128,R_75,52857.1863,1,7.484400000001187,BACKFILL_AUTO
2026-07-12 02:58:50,1783825130,R_75,52843.9562,-1,13.230100000000675,BACKFILL_AUTO
2026-07-12 02:58:52,1783825132,R_75,52857.3714,1,13.415200000003097,BACKFILL_AUTO
2026-07-12 02:58:54,1783825134,R_75,52856.779,-1,0.5924000000013621,BACKFILL_AUTO
2026-07-12 02:58:56,1783825136,R_75,52856.6101,-1,0.16890000000421423,BACKFILL_AUTO
2026-07-12 02:58:58,1783825138,R_75,52855.0121,-1,1.5979999999981374,BACKFILL_AUTO
2026-07-12 02:59:00,1783825140,R_75,52854.1555,-1,0.8565999999991618,BACKFILL_AUTO
2026-07-12 02:59:02,1783825142,R_75,52850.3583,-1,3.7972000000008848,BACKFILL_AUTO
2026-07-12 02:59:04,1783825144,R_75,52841.1689,-1,9.189400000002934,BACKFILL_AUTO
2026-07-12 02:59:06,1783825146,R_75,52836.7959,-1,4.3729999999995925,BACKFILL_AUTO
2026-07-12 02:59:08,1783825148,R_75,52834.1304,-1,2.665499999995518,BACKFILL_AUTO
2026-07-12 02:59:10,1783825150,R_75,52835.1064,1,0.9759999999951106,BACKFILL_AUTO
2026-07-12 02:59:12,1783825152,R_75,52840.3225,1,5.216100000005099,BACKFILL_AUTO
2026-07-12 02:59:14,1783825154,R_75,52847.734,1,7.411499999994703,BACKFILL_AUTO
2026-07-12 02:59:16,1783825156,R_75,52852.338,1,4.604000000006636,BACKFILL_AUTO
2026-07-12 02:59:18,1783825158,R_75,52857.0221,1,4.68409999999858,BACKFILL_AUTO
2026-07-12 02:59:20,1783825160,R_75,52863.5754,1,6.553299999999581,BACKFILL_AUTO
2026-07-12 02:59:22,1783825162,R_75,52857.033,-1,6.542399999998452,BACKFILL_AUTO
2026-07-12 02:59:24,1783825164,R_75,52846.9629,-1,10.070100000004459,BACKFILL_AUTO
2026-07-12 02:59:26,1783825166,R_75,52838.6082,-1,8.354699999996228,BACKFILL_AUTO
2026-07-12 02:59:28,1783825168,R_75,52845.9474,1,7.339199999994889,BACKFILL_AUTO
2026-07-12 02:59:30,1783825170,R_75,52850.923,1,4.975600000005215,BACKFILL_AUTO
2026-07-12 02:59:32,1783825172,R_75,52860.1785,1,9.255499999999302,BACKFILL_AUTO
2026-07-12 02:59:34,1783825174,R_75,52858.2746,-1,1.9039000000047963,BACKFILL_AUTO
2026-07-12 02:59:36,1783825176,R_75,52862.1876,1,3.9130000000004657,BACKFILL_AUTO
2026-07-12 02:59:38,1783825178,R_75,52863.0505,1,0.8629000000000815,BACKFILL_AUTO
2026-07-12 02:59:40,1783825180,R_75,52865.4203,1,2.369800000000396,BACKFILL_AUTO
2026-07-12 02:59:42,1783825182,R_75,52861.0909,-1,4.329399999995076,BACKFILL_AUTO
2026-07-12 02:59:44,1783825184,R_75,52858.4489,-1,2.6419999999998254,BACKFILL_AUTO
2026-07-12 02:59:46,1783825186,R_75,52870.4643,1,12.015399999996589,BACKFILL_AUTO
2026-07-12 02:59:48,1783825188,R_75,52864.6614,-1,5.80290000000241,BACKFILL_AUTO
2026-07-12 02:59:50,1783825190,R_75,52862.5856,-1,2.075799999998708,BACKFILL_AUTO
2026-07-12 02:59:52,1783825192,R_75,52861.5765,-1,1.0090999999956694,BACKFILL_AUTO
2026-07-12 02:59:54,1783825194,R_75,52867.639,1,6.0625,BACKFILL_AUTO
2026-07-12 02:59:56,1783825196,R_75,52859.9085,-1,7.730500000005122,BACKFILL_AUTO
2026-07-12 02:59:58,1783825198,R_75,52859.3479,-1,0.5605999999970663,BACKFILL_AUTO
2026-07-12 03:00:00,1783825200,R_75,52860.7487,1,1.4007999999957974,BACKFILL_AUTO
2026-07-12 03:00:02,1783825202,R_75,52860.1623,-1,0.5863999999928637,BACKFILL_AUTO
2026-07-12 03:00:04,1783825204,R_75,52862.8578,1,2.695499999994354,BACKFILL_AUTO
2026-07-12 03:00:06,1783825206,R_75,52861.0087,-1,1.8490999999994528,BACKFILL_AUTO
2026-07-12 03:00:08,1783825208,R_75,52871.7199,1,10.711199999997916,BACKFILL_AUTO
2026-07-12 03:00:10,1783825210,R_75,52872.6924,1,0.9725000000034925,BACKFILL_AUTO
2026-07-12 03:00:12,1783825212,R_75,52871.8793,-1,0.8130999999993946,BACKFILL_AUTO
2026-07-12 03:00:14,1783825214,R_75,52866.6238,-1,5.2554999999993015,BACKFILL_AUTO
2026-07-12 03:00:16,1783825216,R_75,52879.5967,1,12.972900000000664,BACKFILL_AUTO
2026-07-12 03:00:18,1783825218,R_75,52896.6445,1,17.04780000000028,BACKFILL_AUTO
2026-07-12 03:00:20,1783825220,R_75,52890.0285,-1,6.616000000001804,BACKFILL_AUTO
2026-07-12 03:00:22,1783825222,R_75,52906.3255,1,16.29699999999866,BACKFILL_AUTO
2026-07-12 03:00:24,1783825224,R_75,52919.0388,1,12.713300000003073,BACKFILL_AUTO
2026-07-12 03:00:26,1783825226,R_75,52927.7665,1,8.72769999999582,BACKFILL_AUTO
2026-07-12 03:00:28,1783825228,R_75,52914.9907,-1,12.775799999995797,BACKFILL_AUTO
2026-07-12 03:00:30,1783825230,R_75,52899.7904,-1,15.200300000004063,BACKFILL_AUTO
2026-07-12 03:00:32,1783825232,R_75,52912.5994,1,12.809000000001106,BACKFILL_AUTO
2026-07-12 03:00:34,1783825234,R_75,52928.0074,1,15.408000000003085,BACKFILL_AUTO
2026-07-12 03:00:36,1783825236,R_75,52938.0987,1,10.091300000000047,BACKFILL_AUTO
2026-07-12 03:00:38,1783825238,R_75,52956.162,1,18.063299999994342,BACKFILL_AUTO
2026-07-12 03:00:40,1783825240,R_75,52966.4121,1,10.25010000000475,BACKFILL_AUTO
2026-07-12 03:00:42,1783825242,R_75,52973.2128,1,6.800699999999779,BACKFILL_AUTO
2026-07-12 03:00:44,1783825244,R_75,52983.405,1,10.192199999997683,BACKFILL_AUTO
2026-07-12 03:00:46,1783825246,R_75,52972.5713,-1,10.833699999995588,BACKFILL_AUTO
2026-07-12 03:00:48,1783825248,R_75,52964.1662,-1,8.405100000003586,BACKFILL_AUTO
2026-07-12 03:00:50,1783825250,R_75,52970.4449,1,6.278700000002573,BACKFILL_AUTO
2026-07-12 03:00:52,1783825252,R_75,52969.6006,-1,0.8443000000042957,BACKFILL_AUTO
2026-07-12 03:00:54,1783825254,R_75,52979.8,1,10.199400000004971,BACKFILL_AUTO
2026-07-12 03:00:56,1783825256,R_75,52980.3637,1,0.5636999999987893,BACKFILL_AUTO
2026-07-12 03:00:58,1783825258,R_75,52990.1289,1,9.765200000001641,BACKFILL_AUTO
2026-07-12 03:01:00,1783825260,R_75,52991.423,1,1.2940999999991618,BACKFILL_AUTO
2026-07-12 03:01:02,1783825262,R_75,52980.7907,-1,10.632300000004761,BACKFILL_AUTO
2026-07-12 03:01:04,1783825264,R_75,52982.4421,1,1.651400000002468,BACKFILL_AUTO
2026-07-12 03:01:06,1783825266,R_75,52985.632,1,3.1898999999975786,BACKFILL_AUTO
2026-07-12 03:01:08,1783825268,R_75,52982.2085,-1,3.423499999997148,BACKFILL_AUTO
2026-07-12 03:01:10,1783825270,R_75,53001.6682,1,19.45969999999943,BACKFILL_AUTO
2026-07-12 03:01:12,1783825272,R_75,53010.9156,1,9.247400000000198,BACKFILL_AUTO
2026-07-12 03:01:14,1783825274,R_75,53008.9721,-1,1.9435000000012224,BACKFILL_AUTO
2026-07-12 03:01:16,1783825276,R_75,53004.9447,-1,4.027399999999034,BACKFILL_AUTO
2026-07-12 03:01:18,1783825278,R_75,53009.4882,1,4.543499999999767,BACKFILL_AUTO
2026-07-12 03:01:20,1783825280,R_75,53001.1107,-1,8.377500000002328,BACKFILL_AUTO
2026-07-12 03:01:22,1783825282,R_75,53004.0679,1,2.957200000004377,BACKFILL_AUTO
2026-07-12 03:01:24,1783825284,R_75,53013.2299,1,9.161999999996624,BACKFILL_AUTO
2026-07-12 03:01:26,1783825286,R_75,53027.903,1,14.673099999999977,BACKFILL_AUTO
2026-07-12 03:01:28,1783825288,R_75,53038.5697,1,10.666700000001583,BACKFILL_AUTO
2026-07-12 03:01:30,1783825290,R_75,53041.5271,1,2.957399999999325,BACKFILL_AUTO
2026-07-12 03:01:32,1783825292,R_75,53046.4173,1,4.8902000000016415,BACKFILL_AUTO
2026-07-12 03:01:34,1783825294,R_75,53051.7811,1,5.3637999999991735,BACKFILL_AUTO
2026-07-12 03:01:36,1783825296,R_75,53049.0923,-1,2.688800000003539,BACKFILL_AUTO
2026-07-12 03:01:38,1783825298,R_75,53039.9607,-1,9.131599999993341,BACKFILL_AUTO
2026-07-12 03:01:40,1783825300,R_75,53043.4519,1,3.491199999996752,BACKFILL_AUTO
2026-07-12 03:01:42,1783825302,R_75,53036.3228,-1,7.129099999998289,BACKFILL_AUTO
2026-07-12 03:01:44,1783825304,R_75,53026.7821,-1,9.540700000005018,BACKFILL_AUTO
2026-07-12 03:01:46,1783825306,R_75,53021.2939,-1,5.488199999999779,BACKFILL_AUTO
2026-07-12 03:01:48,1783825308,R_75,53028.2609,1,6.967000000004191,BACKFILL_AUTO
2026-07-12 03:01:50,1783825310,R_75,53044.1318,1,15.870900000001711,BACKFILL_AUTO
2026-07-12 03:01:52,1783825312,R_75,53025.1549,-1,18.97690000000148,BACKFILL_AUTO
2026-07-12 03:01:54,1783825314,R_75,53026.037,1,0.8820999999952619,BACKFILL_AUTO
2026-07-12 03:01:56,1783825316,R_75,53013.8604,-1,12.17659999999887,BACKFILL_AUTO
2026-07-12 03:01:58,1783825318,R_75,53016.6315,1,2.77110000000539,BACKFILL_AUTO
2026-07-12 03:02:00,1783825320,R_75,53029.8577,1,13.226199999997334,BACKFILL_AUTO
2026-07-12 03:02:02,1783825322,R_75,53027.4672,-1,2.3905000000013388,BACKFILL_AUTO
2026-07-12 03:02:04,1783825324,R_75,53012.7599,-1,14.707300000001851,BACKFILL_AUTO
2026-07-12 03:02:06,1783825326,R_75,53018.1834,1,5.423500000004424,BACKFILL_AUTO
2026-07-12 03:02:08,1783825328,R_75,53020.3774,1,2.1939999999958673,BACKFILL_AUTO
2026-07-12 03:02:10,1783825330,R_75,53010.7001,-1,9.67729999999574,BACKFILL_AUTO
2026-07-12 03:02:12,1783825332,R_75,52998.2354,-1,12.464700000004086,BACKFILL_AUTO
2026-07-12 03:02:14,1783825334,R_75,53000.8682,1,2.6327999999994063,BACKFILL_AUTO
2026-07-12 03:02:16,1783825336,R_75,53005.6858,1,4.81760000000213,BACKFILL_AUTO
2026-07-12 03:02:18,1783825338,R_75,53008.6692,1,2.9833999999973457,BACKFILL_AUTO
2026-07-12 03:02:20,1783825340,R_75,53015.5004,1,6.8312000000005355,BACKFILL_AUTO
2026-07-12 03:02:22,1783825342,R_75,52999.0906,-1,16.409799999993993,BACKFILL_AUTO
2026-07-12 03:02:24,1783825344,R_75,53006.2156,1,7.125,BACKFILL_AUTO
2026-07-12 03:02:26,1783825346,R_75,52997.8021,-1,8.413500000002387,BACKFILL_AUTO
2026-07-12 03:02:28,1783825348,R_75,53000.9917,1,3.1895999999978812,BACKFILL_AUTO
2026-07-12 03:02:30,1783825350,R_75,53017.6526,1,16.660900000002584,BACKFILL_AUTO
2026-07-12 03:02:32,1783825352,R_75,53018.1057,1,0.45309999999881256,BACKFILL_AUTO
2026-07-12 03:02:34,1783825354,R_75,53018.3669,1,0.26120000000082655,BACKFILL_AUTO
2026-07-12 03:02:36,1783825356,R_75,53019.5942,1,1.2272999999986496,BACKFILL_AUTO
2026-07-12 03:02:38,1783825358,R_75,53018.2913,-1,1.3029000000024098,BACKFILL_AUTO
2026-07-12 03:02:40,1783825360,R_75,53005.6361,-1,12.655199999993783,BACKFILL_AUTO
2026-07-12 03:02:42,1783825362,R_75,52995.5305,-1,10.105600000002596,BACKFILL_AUTO
2026-07-12 03:02:44,1783825364,R_75,52992.1396,-1,3.39089999999851,BACKFILL_AUTO
2026-07-12 03:02:46,1783825366,R_75,53018.4751,1,26.335500000001048,BACKFILL_AUTO
2026-07-12 03:02:48,1783825368,R_75,53023.7716,1,5.29649999999674,BACKFILL_AUTO
2026-07-12 03:02:50,1783825370,R_75,53025.0275,1,1.2558999999964726,BACKFILL_AUTO
2026-07-12 03:02:52,1783825372,R_75,53041.1569,1,16.129400000005262,BACKFILL_AUTO
2026-07-12 03:02:54,1783825374,R_75,53034.5036,-1,6.653300000005402,BACKFILL_AUTO
2026-07-12 03:02:56,1783825376,R_75,53037.9023,1,3.398700000005192,BACKFILL_AUTO
2026-07-12 03:02:58,1783825378,R_75,53056.4627,1,18.560399999994843,BACKFILL_AUTO
2026-07-12 03:03:00,1783825380,R_75,53058.6556,1,2.1929000000018277,BACKFILL_AUTO
2026-07-12 03:03:02,1783825382,R_75,53061.5765,1,2.9209000000046217,BACKFILL_AUTO
2026-07-12 03:03:04,1783825384,R_75,53072.2792,1,10.702699999994365,BACKFILL_AUTO
2026-07-12 03:03:06,1783825386,R_75,53072.1264,-1,0.15279999999620486,BACKFILL_AUTO
2026-07-12 03:03:08,1783825388,R_75,53058.8708,-1,13.255600000004051,BACKFILL_AUTO
2026-07-12 03:03:10,1783825390,R_75,53051.7011,-1,7.1696999999985565,BACKFILL_AUTO
2026-07-12 03:03:12,1783825392,R_75,53050.7455,-1,0.9556000000011409,BACKFILL_AUTO
2026-07-12 03:03:14,1783825394,R_75,53055.788,1,5.042500000003201,BACKFILL_AUTO
2026-07-12 03:03:16,1783825396,R_75,53063.6264,1,7.838400000000547,BACKFILL_AUTO
2026-07-12 03:03:18,1783825398,R_75,53078.9024,1,15.275999999998021,BACKFILL_AUTO
2026-07-12 03:03:20,1783825400,R_75,53065.9059,-1,12.996500000001106,BACKFILL_AUTO
2026-07-12 03:03:22,1783825402,R_75,53072.5647,1,6.658800000004703,BACKFILL_AUTO
2026-07-12 03:03:24,1783825404,R_75,53069.5185,-1,3.046200000004319,BACKFILL_AUTO
2026-07-12 03:03:26,1783825406,R_75,53072.6851,1,3.1666000000041095,BACKFILL_AUTO
2026-07-12 03:03:28,1783825408,R_75,53078.6491,1,5.963999999999942,BACKFILL_AUTO
2026-07-12 03:03:30,1783825410,R_75,53076.6977,-1,1.9514000000053784,BACKFILL_AUTO
2026-07-12 03:03:32,1783825412,R_75,53088.6865,1,11.98880000000645,BACKFILL_AUTO
2026-07-12 03:03:34,1783825414,R_75,53101.0551,1,12.36859999999433,BACKFILL_AUTO
2026-07-12 03:03:36,1783825416,R_75,53111.8451,1,10.790000000000873,BACKFILL_AUTO
2026-07-12 03:03:38,1783825418,R_75,53097.9877,-1,13.85740000000078,BACKFILL_AUTO
2026-07-12 03:03:40,1783825420,R_75,53092.9276,-1,5.0600999999951455,BACKFILL_AUTO
2026-07-12 03:03:42,1783825422,R_75,53072.5144,-1,20.41320000000269,BACKFILL_AUTO
2026-07-12 03:03:44,1783825424,R_75,53046.1458,-1,26.368600000001607,BACKFILL_AUTO
2026-07-12 03:03:46,1783825426,R_75,53039.0196,-1,7.126199999998789,BACKFILL_AUTO
2026-07-12 03:03:48,1783825428,R_75,53046.2098,1,7.190199999997276,BACKFILL_AUTO
2026-07-12 03:03:50,1783825430,R_75,53050.7891,1,4.579300000004878,BACKFILL_AUTO
2026-07-12 03:03:52,1783825432,R_75,53055.153,1,4.363899999996647,BACKFILL_AUTO
2026-07-12 03:03:54,1783825434,R_75,53061.311,1,6.158000000003085,BACKFILL_AUTO
2026-07-12 03:03:56,1783825436,R_75,53066.6815,1,5.370499999997264,BACKFILL_AUTO
2026-07-12 03:03:58,1783825438,R_75,53053.9848,-1,12.696700000000419,BACKFILL_AUTO
2026-07-12 03:04:00,1783825440,R_75,53032.2762,-1,21.708599999998114,BACKFILL_AUTO
2026-07-12 03:04:02,1783825442,R_75,53030.715,-1,1.561200000003737,BACKFILL_AUTO
2026-07-12 03:04:04,1783825444,R_75,53027.3087,-1,3.406299999995099,BACKFILL_AUTO
2026-07-12 03:04:06,1783825446,R_75,53034.3335,1,7.024799999999232,BACKFILL_AUTO
2026-07-12 03:04:08,1783825448,R_75,53034.2736,-1,0.059900000000197906,BACKFILL_AUTO
2026-07-12 03:04:10,1783825450,R_75,53034.3534,1,0.0797999999995227,BACKFILL_AUTO
2026-07-12 03:04:12,1783825452,R_75,53008.3463,-1,26.007100000002538,BACKFILL_AUTO
2026-07-12 03:04:14,1783825454,R_75,53010.8103,1,2.463999999999942,BACKFILL_AUTO
2026-07-12 03:04:16,1783825456,R_75,52995.4695,-1,15.340799999998126,BACKFILL_AUTO
2026-07-12 03:04:18,1783825458,R_75,53003.2676,1,7.798099999999977,BACKFILL_AUTO
2026-07-12 03:04:20,1783825460,R_75,52992.8222,-1,10.44539999999688,BACKFILL_AUTO
2026-07-12 03:04:22,1783825462,R_75,53009.668,1,16.845799999995506,BACKFILL_AUTO
2026-07-12 03:04:24,1783825464,R_75,53014.002,1,4.334000000002561,BACKFILL_AUTO
2026-07-12 03:04:26,1783825466,R_75,53009.3767,-1,4.625299999999697,BACKFILL_AUTO
2026-07-12 03:04:28,1783825468,R_75,53005.9758,-1,3.400900000000547,BACKFILL_AUTO
2026-07-12 03:04:30,1783825470,R_75,52993.4768,-1,12.499000000003434,BACKFILL_AUTO
2026-07-12 03:04:32,1783825472,R_75,52990.5219,-1,2.9548999999969965,BACKFILL_AUTO
2026-07-12 03:04:34,1783825474,R_75,52989.032,-1,1.489900000000489,BACKFILL_AUTO
2026-07-12 03:04:36,1783825476,R_75,52997.8013,1,8.76929999999993,BACKFILL_AUTO
2026-07-12 03:04:38,1783825478,R_75,52997.8177,1,0.016400000000430737,BACKFILL_AUTO
2026-07-12 03:04:40,1783825480,R_75,53011.1138,1,13.29609999999957,BACKFILL_AUTO
2026-07-12 03:04:42,1783825482,R_75,53009.853,-1,1.2607999999963795,BACKFILL_AUTO
2026-07-12 03:04:44,1783825484,R_75,52997.1661,-1,12.686900000000605,BACKFILL_AUTO
2026-07-12 03:04:46,1783825486,R_75,53017.0742,1,19.90810000000056,BACKFILL_AUTO
2026-07-12 03:04:48,1783825488,R_75,53016.4155,-1,0.6586999999999534,BACKFILL_AUTO
2026-07-12 03:04:50,1783825490,R_75,53015.2745,-1,1.1410000000032596,BACKFILL_AUTO
2026-07-12 03:04:52,1783825492,R_75,53016.8915,1,1.6169999999983702,BACKFILL_AUTO
2026-07-12 03:04:54,1783825494,R_75,53021.1231,1,4.231599999999162,BACKFILL_AUTO
2026-07-12 03:04:56,1783825496,R_75,53011.626,-1,9.4971000000005,BACKFILL_AUTO
2026-07-12 03:04:58,1783825498,R_75,52998.029,-1,13.596999999994296,BACKFILL_AUTO
2026-07-12 03:05:00,1783825500,R_75,52997.9676,-1,0.06139999999868451,BACKFILL_AUTO
2026-07-12 03:05:02,1783825502,R_75,52991.7254,-1,6.242200000000594,BACKFILL_AUTO
2026-07-12 03:05:04,1783825504,R_75,52967.2213,-1,24.504100000005565,BACKFILL_AUTO
2026-07-12 03:05:06,1783825506,R_75,52956.4355,-1,10.785799999997835,BACKFILL_AUTO
2026-07-12 03:05:08,1783825508,R_75,52952.7089,-1,3.726600000001781,BACKFILL_AUTO
2026-07-12 03:05:10,1783825510,R_75,52946.0114,-1,6.697499999994761,BACKFILL_AUTO
2026-07-12 03:05:12,1783825512,R_75,52932.484,-1,13.52740000000631,BACKFILL_AUTO
2026-07-12 03:05:14,1783825514,R_75,52920.1589,-1,12.325099999994563,BACKFILL_AUTO
2026-07-12 03:05:16,1783825516,R_75,52920.0864,-1,0.07250000000203727,BACKFILL_AUTO
2026-07-12 03:05:18,1783825518,R_75,52933.1853,1,13.09889999999723,BACKFILL_AUTO
2026-07-12 03:05:20,1783825520,R_75,52916.3884,-1,16.79689999999391,BACKFILL_AUTO
2026-07-12 03:05:22,1783825522,R_75,52904.0264,-1,12.36200000000099,BACKFILL_AUTO
2026-07-12 03:05:24,1783825524,R_75,52905.1552,1,1.1287999999985914,BACKFILL_AUTO
2026-07-12 03:05:26,1783825526,R_75,52905.552,1,0.39680000000225846,BACKFILL_AUTO
2026-07-12 03:05:28,1783825528,R_75,52898.8157,-1,6.736300000004121,BACKFILL_AUTO
2026-07-12 03:05:30,1783825530,R_75,52883.501,-1,15.314700000002631,BACKFILL_AUTO
2026-07-12 03:05:32,1783825532,R_75,52888.1473,1,4.646300000000338,BACKFILL_AUTO
2026-07-12 03:05:34,1783825534,R_75,52882.9701,-1,5.177199999998265,BACKFILL_AUTO
2026-07-12 03:05:36,1783825536,R_75,52892.8885,1,9.918400000002293,BACKFILL_AUTO
2026-07-12 03:05:38,1783825538,R_75,52896.0768,1,3.188300000001618,BACKFILL_AUTO
2026-07-12 03:05:40,1783825540,R_75,52895.0918,-1,0.9850000000005821,BACKFILL_AUTO
2026-07-12 03:05:42,1783825542,R_75,52892.7475,-1,2.3443000000042957,BACKFILL_AUTO
2026-07-12 03:05:44,1783825544,R_75,52906.9945,1,14.247000000003027,BACKFILL_AUTO
2026-07-12 03:05:46,1783825546,R_75,52904.7324,-1,2.2620999999999185,BACKFILL_AUTO
2026-07-12 03:05:48,1783825548,R_75,52905.7386,1,1.00619999999617,BACKFILL_AUTO
2026-07-12 03:05:50,1783825550,R_75,52913.5615,1,7.822900000006484,BACKFILL_AUTO
2026-07-12 03:05:52,1783825552,R_75,52919.5455,1,5.98399999999674,BACKFILL_AUTO
2026-07-12 03:05:54,1783825554,R_75,52907.2835,-1,12.262000000002445,BACKFILL_AUTO
2026-07-12 03:05:56,1783825556,R_75,52897.2261,-1,10.05739999999787,BACKFILL_AUTO
2026-07-12 03:05:58,1783825558,R_75,52906.6381,1,9.411999999996624,BACKFILL_AUTO
2026-07-12 03:06:00,1783825560,R_75,52911.1739,1,4.535800000005111,BACKFILL_AUTO
2026-07-12 03:06:02,1783825562,R_75,52922.0016,1,10.827700000001641,BACKFILL_AUTO
2026-07-12 03:06:04,1783825564,R_75,52930.181,1,8.17939999999362,BACKFILL_AUTO
2026-07-12 03:06:06,1783825566,R_75,52931.8332,1,1.6522000000040862,BACKFILL_AUTO
2026-07-12 03:06:08,1783825568,R_75,52928.6106,-1,3.2226000000009662,BACKFILL_AUTO
2026-07-12 03:06:10,1783825570,R_75,52952.4289,1,23.818299999999,BACKFILL_AUTO
2026-07-12 03:06:12,1783825572,R_75,52968.0821,1,15.653200000000652,BACKFILL_AUTO
2026-07-12 03:06:14,1783825574,R_75,52965.0672,-1,3.014900000001944,BACKFILL_AUTO
2026-07-12 03:06:16,1783825576,R_75,52953.3832,-1,11.684000000001106,BACKFILL_AUTO
2026-07-12 03:06:18,1783825578,R_75,52967.9253,1,14.54210000000603,BACKFILL_AUTO
2026-07-12 03:06:20,1783825580,R_75,52969.7402,1,1.8148999999975786,BACKFILL_AUTO
2026-07-12 03:06:22,1783825582,R_75,52971.9912,1,2.2509999999965657,BACKFILL_AUTO
2026-07-12 03:06:24,1783825584,R_75,52970.5915,-1,1.399699999994482,BACKFILL_AUTO
2026-07-12 03:06:26,1783825586,R_75,52978.286,1,7.694499999997788,BACKFILL_AUTO
2026-07-12 03:06:28,1783825588,R_75,52972.4446,-1,5.84139999999752,BACKFILL_AUTO
2026-07-12 03:06:30,1783825590,R_75,52960.8021,-1,11.642500000001746,BACKFILL_AUTO
2026-07-12 03:06:32,1783825592,R_75,52975.1764,1,14.374299999995856,BACKFILL_AUTO
2026-07-12 03:06:34,1783825594,R_75,52959.865,-1,15.311399999998685,BACKFILL_AUTO
2026-07-12 03:06:36,1783825596,R_75,52947.4664,-1,12.398600000000442,BACKFILL_AUTO
2026-07-12 03:06:38,1783825598,R_75,52956.3841,1,8.917700000005425,BACKFILL_AUTO
2026-07-12 03:06:40,1783825600,R_75,52972.3868,1,16.002699999997276,BACKFILL_AUTO
2026-07-12 03:06:42,1783825602,R_75,52975.0425,1,2.6557000000029802,BACKFILL_AUTO
2026-07-12 03:06:44,1783825604,R_75,52977.8017,1,2.759200000000419,BACKFILL_AUTO
2026-07-12 03:06:46,1783825606,R_75,52983.8641,1,6.06239999999525,BACKFILL_AUTO
2026-07-12 03:06:48,1783825608,R_75,52988.6867,1,4.822599999999511,BACKFILL_AUTO
2026-07-12 03:06:50,1783825610,R_75,52989.6312,1,0.9445000000050641,BACKFILL_AUTO
2026-07-12 03:06:52,1783825612,R_75,52982.7324,-1,6.898800000002666,BACKFILL_AUTO
2026-07-12 03:06:54,1783825614,R_75,52979.887,-1,2.8453999999983353,BACKFILL_AUTO
2026-07-12 03:06:56,1783825616,R_75,52968.9637,-1,10.9233000000022,BACKFILL_AUTO
2026-07-12 03:06:58,1783825618,R_75,52969.0406,1,0.07690000000002328,BACKFILL_AUTO
2026-07-12 03:07:00,1783825620,R_75,52965.3263,-1,3.714299999999639,BACKFILL_AUTO
2026-07-12 03:07:02,1783825622,R_75,52966.184,1,0.8577000000004773,BACKFILL_AUTO
2026-07-12 03:07:04,1783825624,R_75,52947.499,-1,18.68499999999767,BACKFILL_AUTO
2026-07-12 03:07:06,1783825626,R_75,52950.4759,1,2.9768999999942025,BACKFILL_AUTO
2026-07-12 03:07:08,1783825628,R_75,52957.495,1,7.019100000004983,BACKFILL_AUTO
2026-07-12 03:07:10,1783825630,R_75,52957.5642,1,0.06919999999809079,BACKFILL_AUTO
2026-07-12 03:07:12,1783825632,R_75,52964.1642,1,6.599999999998545,BACKFILL_AUTO
2026-07-12 03:07:14,1783825634,R_75,52937.609,-1,26.555200000002515,BACKFILL_AUTO
2026-07-12 03:07:16,1783825636,R_75,52942.6329,1,5.02390000000014,BACKFILL_AUTO
2026-07-12 03:07:18,1783825638,R_75,52944.1546,1,1.5217000000047847,BACKFILL_AUTO
2026-07-12 03:07:20,1783825640,R_75,52944.6667,1,0.5120999999999185,BACKFILL_AUTO
2026-07-12 03:07:22,1783825642,R_75,52940.8081,-1,3.8585999999995693,BACKFILL_AUTO
2026-07-12 03:07:24,1783825644,R_75,52944.1129,1,3.3047999999980675,BACKFILL_AUTO
2026-07-12 03:07:26,1783825646,R_75,52942.9654,-1,1.1474999999991269,BACKFILL_AUTO
2026-07-12 03:07:28,1783825648,R_75,52955.3584,1,12.392999999996391,BACKFILL_AUTO
2026-07-12 03:07:30,1783825650,R_75,52952.3201,-1,3.038300000000163,BACKFILL_AUTO
2026-07-12 03:07:32,1783825652,R_75,52955.031,1,2.710900000005495,BACKFILL_AUTO
2026-07-12 03:07:34,1783825654,R_75,52958.839,1,3.8079999999972642,BACKFILL_AUTO
2026-07-12 03:07:36,1783825656,R_75,52953.3708,-1,5.46820000000298,BACKFILL_AUTO
2026-07-12 03:07:38,1783825658,R_75,52961.9591,1,8.588300000003073,BACKFILL_AUTO
2026-07-12 03:07:40,1783825660,R_75,52958.497,-1,3.462099999997008,BACKFILL_AUTO
2026-07-12 03:07:42,1783825662,R_75,52960.3598,1,1.8627999999953317,BACKFILL_AUTO
2026-07-12 03:07:44,1783825664,R_75,52950.7446,-1,9.615200000000186,BACKFILL_AUTO
2026-07-12 03:07:46,1783825666,R_75,52937.5714,-1,13.17319999999745,BACKFILL_AUTO
2026-07-12 03:07:48,1783825668,R_75,52954.8813,1,17.309900000000198,BACKFILL_AUTO
2026-07-12 03:07:50,1783825670,R_75,52973.2249,1,18.34360000000015,BACKFILL_AUTO
2026-07-12 03:07:52,1783825672,R_75,52971.5622,-1,1.6627000000007683,BACKFILL_AUTO
2026-07-12 03:07:54,1783825674,R_75,52981.7382,1,10.175999999999476,BACKFILL_AUTO
2026-07-12 03:07:56,1783825676,R_75,52994.651,1,12.912799999998242,BACKFILL_AUTO
2026-07-12 03:07:58,1783825678,R_75,52998.6497,1,3.998700000003737,BACKFILL_AUTO
2026-07-12 03:08:00,1783825680,R_75,53003.5923,1,4.942599999994854,BACKFILL_AUTO
2026-07-12 03:08:02,1783825682,R_75,53015.189,1,11.596700000001874,BACKFILL_AUTO
2026-07-12 03:08:04,1783825684,R_75,53020.9501,1,5.761100000003353,BACKFILL_AUTO
2026-07-12 03:08:06,1783825686,R_75,53012.6691,-1,8.281000000002678,BACKFILL_AUTO
2026-07-12 03:08:08,1783825688,R_75,53018.4325,1,5.7634000000034575,BACKFILL_AUTO
2026-07-12 03:08:10,1783825690,R_75,53012.8322,-1,5.600300000005518,BACKFILL_AUTO
2026-07-12 03:08:12,1783825692,R_75,53004.8078,-1,8.024399999994785,BACKFILL_AUTO
2026-07-12 03:08:14,1783825694,R_75,53005.4981,1,0.6902999999947497,BACKFILL_AUTO
2026-07-12 03:08:16,1783825696,R_75,52992.1126,-1,13.385499999996682,BACKFILL_AUTO
2026-07-12 03:08:18,1783825698,R_75,53006.7506,1,14.63799999999901,BACKFILL_AUTO
2026-07-12 03:08:20,1783825700,R_75,53011.6775,1,4.926899999998568,BACKFILL_AUTO
2026-07-12 03:08:22,1783825702,R_75,53020.3188,1,8.641300000002957,BACKFILL_AUTO
2026-07-12 03:08:24,1783825704,R_75,53013.5014,-1,6.817399999999907,BACKFILL_AUTO
2026-07-12 03:08:26,1783825706,R_75,53008.2474,-1,5.254000000000815,BACKFILL_AUTO
2026-07-12 03:08:28,1783825708,R_75,53006.3196,-1,1.92779999999766,BACKFILL_AUTO
2026-07-12 03:08:30,1783825710,R_75,53019.4519,1,13.132299999997485,BACKFILL_AUTO
2026-07-12 03:08:32,1783825712,R_75,53035.3697,1,15.917800000002899,BACKFILL_AUTO
2026-07-12 03:08:34,1783825714,R_75,53043.8352,1,8.465499999998428,BACKFILL_AUTO
2026-07-12 03:08:36,1783825716,R_75,53045.6415,1,1.806299999996554,BACKFILL_AUTO
2026-07-12 03:08:38,1783825718,R_75,53044.5695,-1,1.0720000000001164,BACKFILL_AUTO
2026-07-12 03:08:40,1783825720,R_75,53051.8692,1,7.299700000003213,BACKFILL_AUTO
2026-07-12 03:08:42,1783825722,R_75,53047.5542,-1,4.315000000002328,BACKFILL_AUTO
2026-07-12 03:08:44,1783825724,R_75,53048.8459,1,1.2917000000015832,BACKFILL_AUTO
2026-07-12 03:08:46,1783825726,R_75,53054.2548,1,5.408900000002177,BACKFILL_AUTO
2026-07-12 03:08:48,1783825728,R_75,53024.7679,-1,29.486900000003516,BACKFILL_AUTO
2026-07-12 03:08:50,1783825730,R_75,53022.273,-1,2.4948999999978696,BACKFILL_AUTO
2026-07-12 03:08:52,1783825732,R_75,53017.172,-1,5.1010000000023865,BACKFILL_AUTO
2026-07-12 03:08:54,1783825734,R_75,53019.0313,1,1.8593000000037136,BACKFILL_AUTO
2026-07-12 03:08:56,1783825736,R_75,53019.6409,1,0.609599999996135,BACKFILL_AUTO
2026-07-12 03:08:58,1783825738,R_75,53031.1402,1,11.499300000003132,BACKFILL_AUTO
2026-07-12 03:09:00,1783825740,R_75,53039.9336,1,8.793399999995017,BACKFILL_AUTO
2026-07-12 03:09:02,1783825742,R_75,53025.3062,-1,14.627399999997579,BACKFILL_AUTO
2026-07-12 03:09:04,1783825744,R_75,53035.4671,1,10.160900000002584,BACKFILL_AUTO
2026-07-12 03:09:06,1783825746,R_75,53041.6574,1,6.19029999999475,BACKFILL_AUTO
2026-07-12 03:09:08,1783825748,R_75,53028.7382,-1,12.919199999996636,BACKFILL_AUTO
2026-07-12 03:09:10,1783825750,R_75,53028.1027,-1,0.6354999999966822,BACKFILL_AUTO
2026-07-12 03:09:12,1783825752,R_75,53044.9799,1,16.877199999995355,BACKFILL_AUTO
2026-07-12 03:09:14,1783825754,R_75,53052.712,1,7.732100000001083,BACKFILL_AUTO
2026-07-12 03:09:16,1783825756,R_75,53048.9171,-1,3.79490000000078,BACKFILL_AUTO
2026-07-12 03:09:18,1783825758,R_75,53030.5477,-1,18.36939999999595,BACKFILL_AUTO
2026-07-12 03:09:20,1783825760,R_75,53023.7474,-1,6.800300000002608,BACKFILL_AUTO
2026-07-12 03:09:22,1783825762,R_75,53040.6098,1,16.86239999999816,BACKFILL_AUTO
2026-07-12 03:09:24,1783825764,R_75,53044.0091,1,3.3993000000045868,BACKFILL_AUTO
2026-07-12 03:09:26,1783825766,R_75,53033.537,-1,10.472100000006321,BACKFILL_AUTO
2026-07-12 03:09:28,1783825768,R_75,53027.957,-1,5.57999999999447,BACKFILL_AUTO
2026-07-12 03:09:30,1783825770,R_75,53011.9183,-1,16.03870000000461,BACKFILL_AUTO
2026-07-12 03:09:32,1783825772,R_75,53001.3199,-1,10.598399999995308,BACKFILL_AUTO
2026-07-12 03:09:34,1783825774,R_75,52989.7949,-1,11.525000000001455,BACKFILL_AUTO
2026-07-12 03:09:36,1783825776,R_75,52995.1895,1,5.3945999999996275,BACKFILL_AUTO
2026-07-12 03:09:38,1783825778,R_75,52987.4153,-1,7.774199999999837,BACKFILL_AUTO
2026-07-12 03:09:40,1783825780,R_75,52992.8181,1,5.402799999996205,BACKFILL_AUTO
2026-07-12 03:09:42,1783825782,R_75,52998.3071,1,5.489000000001397,BACKFILL_AUTO
2026-07-12 03:09:44,1783825784,R_75,53010.0055,1,11.69840000000113,BACKFILL_AUTO
2026-07-12 03:09:46,1783825786,R_75,53010.3175,1,0.31199999999807915,BACKFILL_AUTO
2026-07-12 03:09:48,1783825788,R_75,53000.9467,-1,9.370799999996962,BACKFILL_AUTO
2026-07-12 03:09:50,1783825790,R_75,53020.0874,1,19.140699999996286,BACKFILL_AUTO
2026-07-12 03:09:52,1783825792,R_75,53038.625,1,18.537600000003295,BACKFILL_AUTO
2026-07-12 03:09:54,1783825794,R_75,53042.6466,1,4.021600000000035,BACKFILL_AUTO
2026-07-12 03:09:56,1783825796,R_75,53040.173,-1,2.473599999997532,BACKFILL_AUTO
2026-07-12 03:09:58,1783825798,R_75,53043.522,1,3.348999999994703,BACKFILL_AUTO
2026-07-12 03:10:00,1783825800,R_75,53038.3304,-1,5.191599999998289,BACKFILL_AUTO
2026-07-12 03:10:02,1783825802,R_75,53045.8491,1,7.5187000000005355,BACKFILL_AUTO
2026-07-12 03:10:04,1783825804,R_75,53042.7921,-1,3.0570000000006985,BACKFILL_AUTO
2026-07-12 03:10:06,1783825806,R_75,53056.4743,1,13.682200000002922,BACKFILL_AUTO
2026-07-12 03:10:08,1783825808,R_75,53050.6153,-1,5.859000000004016,BACKFILL_AUTO
2026-07-12 03:10:10,1783825810,R_75,53043.8739,-1,6.7413999999989755,BACKFILL_AUTO
2026-07-12 03:10:12,1783825812,R_75,53049.4261,1,5.552199999998265,BACKFILL_AUTO
2026-07-12 03:10:14,1783825814,R_75,53055.9365,1,6.510400000006484,BACKFILL_AUTO
2026-07-12 03:10:16,1783825816,R_75,53060.9644,1,5.027899999993679,BACKFILL_AUTO
2026-07-12 03:10:18,1783825818,R_75,53062.0741,1,1.1097000000008848,BACKFILL_AUTO
2026-07-12 03:10:20,1783825820,R_75,53061.7543,-1,0.31979999999748543,BACKFILL_AUTO
2026-07-12 03:10:22,1783825822,R_75,53043.4265,-1,18.327799999999115,BACKFILL_AUTO
2026-07-12 03:10:24,1783825824,R_75,53051.9291,1,8.502599999999802,BACKFILL_AUTO
2026-07-12 03:10:26,1783825826,R_75,53072.4206,1,20.49149999999645,BACKFILL_AUTO
2026-07-12 03:10:28,1783825828,R_75,53078.1794,1,5.758800000003248,BACKFILL_AUTO
2026-07-12 03:10:30,1783825830,R_75,53080.489,1,2.3096000000005006,BACKFILL_AUTO
2026-07-12 03:10:32,1783825832,R_75,53091.4966,1,11.007599999997183,BACKFILL_AUTO
2026-07-12 03:10:34,1783825834,R_75,53073.8551,-1,17.641499999997905,BACKFILL_AUTO
2026-07-12 03:10:36,1783825836,R_75,53073.9539,1,0.09879999999975553,BACKFILL_AUTO
2026-07-12 03:10:38,1783825838,R_75,53077.9155,1,3.9616000000023632,BACKFILL_AUTO
2026-07-12 03:10:40,1783825840,R_75,53059.7687,-1,18.14680000000226,BACKFILL_AUTO
2026-07-12 03:10:42,1783825842,R_75,53046.8749,-1,12.89379999999801,BACKFILL_AUTO
2026-07-12 03:10:44,1783825844,R_75,53049.519,1,2.6440999999977066,BACKFILL_AUTO
2026-07-12 03:10:46,1783825846,R_75,53042.5787,-1,6.940300000002026,BACKFILL_AUTO
2026-07-12 03:10:48,1783825848,R_75,53034.4575,-1,8.121200000001409,BACKFILL_AUTO
2026-07-12 03:10:50,1783825850,R_75,53035.5238,1,1.0663000000058673,BACKFILL_AUTO
2026-07-12 03:10:52,1783825852,R_75,53040.8952,1,5.371399999996356,BACKFILL_AUTO
2026-07-12 03:10:54,1783825854,R_75,53035.2491,-1,5.646099999998114,BACKFILL_AUTO
2026-07-12 03:10:56,1783825856,R_75,53047.8272,1,12.578099999998813,BACKFILL_AUTO
2026-07-12 03:10:58,1783825858,R_75,53051.0419,1,3.21469999999681,BACKFILL_AUTO
2026-07-12 03:11:00,1783825860,R_75,53039.3491,-1,11.692799999997078,BACKFILL_AUTO
2026-07-12 03:11:02,1783825862,R_75,53018.6334,-1,20.715700000000652,BACKFILL_AUTO
2026-07-12 03:11:04,1783825864,R_75,53021.3798,1,2.746400000003632,BACKFILL_AUTO
2026-07-12 03:11:06,1783825866,R_75,53018.0963,-1,3.283500000005006,BACKFILL_AUTO
2026-07-12 03:11:08,1783825868,R_75,53020.71,1,2.6137000000016997,BACKFILL_AUTO
2026-07-12 03:11:10,1783825870,R_75,53021.1734,1,0.46340000000054715,BACKFILL_AUTO
2026-07-12 03:11:12,1783825872,R_75,53014.4236,-1,6.7497999999977765,BACKFILL_AUTO
2026-07-12 03:11:14,1783825874,R_75,53019.1067,1,4.683099999994738,BACKFILL_AUTO
2026-07-12 03:11:16,1783825876,R_75,53015.4359,-1,3.670799999999872,BACKFILL_AUTO
2026-07-12 03:11:18,1783825878,R_75,53013.7317,-1,1.704200000000128,BACKFILL_AUTO
2026-07-12 03:11:20,1783825880,R_75,53002.7134,-1,11.018299999996088,BACKFILL_AUTO
2026-07-12 03:11:22,1783825882,R_75,53022.1202,1,19.40679999999702,BACKFILL_AUTO
2026-07-12 03:11:24,1783825884,R_75,53032.2589,1,10.138700000003155,BACKFILL_AUTO
2026-07-12 03:11:26,1783825886,R_75,53029.2974,-1,2.9614999999976135,BACKFILL_AUTO
2026-07-12 03:11:28,1783825888,R_75,53026.8132,-1,2.48420000000624,BACKFILL_AUTO
2026-07-12 03:11:30,1783825890,R_75,53022.8618,-1,3.9513999999981024,BACKFILL_AUTO
2026-07-12 03:11:32,1783825892,R_75,53027.8604,1,4.998599999998987,BACKFILL_AUTO
2026-07-12 03:11:34,1783825894,R_75,53031.531,1,3.6706000000049244,BACKFILL_AUTO
2026-07-12 03:11:36,1783825896,R_75,53030.1809,-1,1.3501000000032946,BACKFILL_AUTO
2026-07-12 03:11:38,1783825898,R_75,53027.5711,-1,2.6097999999983585,BACKFILL_AUTO
2026-07-12 03:11:40,1783825900,R_75,53030.3951,1,2.824000000000524,BACKFILL_AUTO
2026-07-12 03:11:42,1783825902,R_75,53041.767,1,11.371899999998277,BACKFILL_AUTO
2026-07-12 03:11:44,1783825904,R_75,53054.0241,1,12.257100000002538,BACKFILL_AUTO
2026-07-12 03:11:46,1783825906,R_75,53067.4575,1,13.433399999994435,BACKFILL_AUTO
2026-07-12 03:11:48,1783825908,R_75,53072.463,1,5.0055000000065775,BACKFILL_AUTO
2026-07-12 03:11:50,1783825910,R_75,53091.9747,1,19.51169999999547,BACKFILL_AUTO
2026-07-12 03:11:52,1783825912,R_75,53088.0522,-1,3.922500000000582,BACKFILL_AUTO
2026-07-12 03:11:54,1783825914,R_75,53091.0038,1,2.951600000000326,BACKFILL_AUTO
2026-07-12 03:11:56,1783825916,R_75,53094.2119,1,3.208100000003469,BACKFILL_AUTO
2026-07-12 03:11:58,1783825918,R_75,53114.1738,1,19.961899999994785,BACKFILL_AUTO
2026-07-12 03:12:00,1783825920,R_75,53119.0101,1,4.836300000002666,BACKFILL_AUTO
2026-07-12 03:12:02,1783825922,R_75,53121.378,1,2.367899999997462,BACKFILL_AUTO
2026-07-12 03:12:04,1783825924,R_75,53131.0445,1,9.666500000006636,BACKFILL_AUTO
2026-07-12 03:12:06,1783825926,R_75,53128.6474,-1,2.3971000000019558,BACKFILL_AUTO
2026-07-12 03:12:08,1783825928,R_75,53126.1101,-1,2.5373000000035972,BACKFILL_AUTO
2026-07-12 03:12:10,1783825930,R_75,53125.0142,-1,1.0959000000002561,BACKFILL_AUTO
2026-07-12 03:12:12,1783825932,R_75,53127.5397,1,2.525500000003376,BACKFILL_AUTO
2026-07-12 03:12:14,1783825934,R_75,53111.1055,-1,16.43420000000333,BACKFILL_AUTO
2026-07-12 03:12:16,1783825936,R_75,53100.5455,-1,10.559999999997672,BACKFILL_AUTO
2026-07-12 03:12:18,1783825938,R_75,53093.1958,-1,7.3496999999988475,BACKFILL_AUTO
2026-07-12 03:12:20,1783825940,R_75,53098.3637,1,5.1679000000003725,BACKFILL_AUTO
2026-07-12 03:12:22,1783825942,R_75,53096.2993,-1,2.0644000000029337,BACKFILL_AUTO
2026-07-12 03:12:24,1783825944,R_75,53104.0404,1,7.741099999999278,BACKFILL_AUTO
2026-07-12 03:12:26,1783825946,R_75,53110.4686,1,6.428200000002107,BACKFILL_AUTO
2026-07-12 03:12:28,1783825948,R_75,53103.3531,-1,7.115499999999884,BACKFILL_AUTO
2026-07-12 03:12:30,1783825950,R_75,53099.5006,-1,3.852500000000873,BACKFILL_AUTO
2026-07-12 03:12:32,1783825952,R_75,53098.7022,-1,0.798399999999674,BACKFILL_AUTO
2026-07-12 03:12:34,1783825954,R_75,53088.4826,-1,10.219599999996717,BACKFILL_AUTO
2026-07-12 03:12:36,1783825956,R_75,53088.9424,1,0.45979999999690335,BACKFILL_AUTO
2026-07-12 03:12:38,1783825958,R_75,53095.3864,1,6.444000000003143,BACKFILL_AUTO
2026-07-12 03:12:40,1783825960,R_75,53100.0419,1,4.655499999993481,BACKFILL_AUTO
2026-07-12 03:12:42,1783825962,R_75,53111.3039,1,11.262000000002445,BACKFILL_AUTO
2026-07-12 03:12:44,1783825964,R_75,53106.4348,-1,4.869099999996251,BACKFILL_AUTO
2026-07-12 03:12:46,1783825966,R_75,53101.3117,-1,5.123100000004342,BACKFILL_AUTO
2026-07-12 03:12:48,1783825968,R_75,53081.3363,-1,19.975399999995716,BACKFILL_AUTO
2026-07-12 03:12:50,1783825970,R_75,53077.1897,-1,4.146600000000035,BACKFILL_AUTO
2026-07-12 03:12:52,1783825972,R_75,53082.2767,1,5.086999999999534,BACKFILL_AUTO
2026-07-12 03:12:54,1783825974,R_75,53089.7687,1,7.49199999999837,BACKFILL_AUTO
2026-07-12 03:12:56,1783825976,R_75,53078.1716,-1,11.597099999999045,BACKFILL_AUTO
2026-07-12 03:12:58,1783825978,R_75,53076.089,-1,2.0826000000015483,BACKFILL_AUTO
2026-07-12 03:13:00,1783825980,R_75,53069.55,-1,6.538999999997031,BACKFILL_AUTO
2026-07-12 03:13:02,1783825982,R_75,53074.3764,1,4.826399999998102,BACKFILL_AUTO
2026-07-12 03:13:04,1783825984,R_75,53069.4533,-1,4.923099999999977,BACKFILL_AUTO
2026-07-12 03:13:06,1783825986,R_75,53069.4411,-1,0.012200000004668254,BACKFILL_AUTO
2026-07-12 03:13:08,1783825988,R_75,53062.9398,-1,6.501299999996263,BACKFILL_AUTO
2026-07-12 03:13:10,1783825990,R_75,53068.1071,1,5.167300000000978,BACKFILL_AUTO
2026-07-12 03:13:12,1783825992,R_75,53065.1436,-1,2.963499999998021,BACKFILL_AUTO
2026-07-12 03:13:14,1783825994,R_75,53073.4881,1,8.344499999999243,BACKFILL_AUTO
2026-07-12 03:13:16,1783825996,R_75,53080.8069,1,7.31880000000092,BACKFILL_AUTO
2026-07-12 03:13:18,1783825998,R_75,53078.3952,-1,2.4117000000042026,BACKFILL_AUTO
2026-07-12 03:13:20,1783826000,R_75,53079.8865,1,1.4913000000015018,BACKFILL_AUTO
2026-07-12 03:13:22,1783826002,R_75,53066.4537,-1,13.432800000002317,BACKFILL_AUTO
2026-07-12 03:13:24,1783826004,R_75,53084.1541,1,17.700400000001537,BACKFILL_AUTO
2026-07-12 03:13:26,1783826006,R_75,53083.6857,-1,0.4683999999979278,BACKFILL_AUTO
2026-07-12 03:13:28,1783826008,R_75,53075.5074,-1,8.178299999999581,BACKFILL_AUTO
2026-07-12 03:13:30,1783826010,R_75,53093.2914,1,17.78399999999965,BACKFILL_AUTO
2026-07-12 03:13:32,1783826012,R_75,53091.988,-1,1.3034000000043306,BACKFILL_AUTO
2026-07-12 03:13:34,1783826014,R_75,53095.5194,1,3.5313999999998487,BACKFILL_AUTO
2026-07-12 03:13:36,1783826016,R_75,53083.5794,-1,11.939999999995052,BACKFILL_AUTO
2026-07-12 03:13:38,1783826018,R_75,53100.2803,1,16.70089999999618,BACKFILL_AUTO
2026-07-12 03:13:40,1783826020,R_75,53086.211,-1,14.069299999995565,BACKFILL_AUTO
2026-07-12 03:13:42,1783826022,R_75,53091.2684,1,5.05739999999787,BACKFILL_AUTO
2026-07-12 03:13:44,1783826024,R_75,53077.499,-1,13.769399999997404,BACKFILL_AUTO
2026-07-12 03:13:46,1783826026,R_75,53090.4651,1,12.966099999997823,BACKFILL_AUTO
2026-07-12 03:13:48,1783826028,R_75,53091.8887,1,1.4236000000018976,BACKFILL_AUTO
2026-07-12 03:13:50,1783826030,R_75,53091.4315,-1,0.4572000000043772,BACKFILL_AUTO
2026-07-12 03:13:52,1783826032,R_75,53083.7892,-1,7.642299999999523,BACKFILL_AUTO
2026-07-12 03:13:54,1783826034,R_75,53081.7227,-1,2.066500000000815,BACKFILL_AUTO
2026-07-12 03:13:56,1783826036,R_75,53081.8601,1,0.13739999999961583,BACKFILL_AUTO
2026-07-12 03:13:58,1783826038,R_75,53081.542,-1,0.3180999999967753,BACKFILL_AUTO
2026-07-12 03:14:00,1783826040,R_75,53080.4076,-1,1.1344000000026426,BACKFILL_AUTO
2026-07-12 03:14:02,1783826042,R_75,53070.1352,-1,10.272400000001653,BACKFILL_AUTO
2026-07-12 03:14:04,1783826044,R_75,53076.4786,1,6.343400000005204,BACKFILL_AUTO
2026-07-12 03:14:06,1783826046,R_75,53063.4191,-1,13.059500000003027,BACKFILL_AUTO
2026-07-12 03:14:08,1783826048,R_75,53078.3275,1,14.908400000000256,BACKFILL_AUTO
2026-07-12 03:14:10,1783826050,R_75,53093.1984,1,14.870900000001711,BACKFILL_AUTO
2026-07-12 03:14:12,1783826052,R_75,53098.7937,1,5.5953000000008615,BACKFILL_AUTO
2026-07-12 03:14:14,1783826054,R_75,53098.6967,-1,0.0970000000015716,BACKFILL_AUTO
2026-07-12 03:14:16,1783826056,R_75,53096.6591,-1,2.0376000000032946,BACKFILL_AUTO
2026-07-12 03:14:18,1783826058,R_75,53087.7539,-1,8.905199999993783,BACKFILL_AUTO
2026-07-12 03:14:20,1783826060,R_75,53086.1294,-1,1.624500000005355,BACKFILL_AUTO
2026-07-12 03:14:22,1783826062,R_75,53085.3059,-1,0.823499999998603,BACKFILL_AUTO
2026-07-12 03:14:24,1783826064,R_75,53101.6792,1,16.37329999999929,BACKFILL_AUTO
2026-07-12 03:14:26,1783826066,R_75,53102.5329,1,0.8536999999996624,BACKFILL_AUTO
2026-07-12 03:14:28,1783826068,R_75,53113.2887,1,10.755799999998999,BACKFILL_AUTO
2026-07-12 03:14:30,1783826070,R_75,53092.9603,-1,20.32839999999851,BACKFILL_AUTO
2026-07-12 03:14:32,1783826072,R_75,53074.9192,-1,18.04110000000219,BACKFILL_AUTO
2026-07-12 03:14:34,1783826074,R_75,53072.4398,-1,2.479399999996531,BACKFILL_AUTO
2026-07-12 03:14:36,1783826076,R_75,53086.1708,1,13.730999999999767,BACKFILL_AUTO
2026-07-12 03:14:38,1783826078,R_75,53099.5794,1,13.40860000000248,BACKFILL_AUTO
2026-07-12 03:14:40,1783826080,R_75,53099.2712,-1,0.3081999999994878,BACKFILL_AUTO
2026-07-12 03:14:42,1783826082,R_75,53078.8917,-1,20.379500000002736,BACKFILL_AUTO
2026-07-12 03:14:44,1783826084,R_75,53091.1122,1,12.220500000003085,BACKFILL_AUTO
2026-07-12 03:14:46,1783826086,R_75,53105.3167,1,14.204499999999825,BACKFILL_AUTO
2026-07-12 03:14:48,1783826088,R_75,53119.38,1,14.063299999994342,BACKFILL_AUTO
2026-07-12 03:14:50,1783826090,R_75,53096.0533,-1,23.3266999999978,BACKFILL_AUTO
2026-07-12 03:14:52,1783826092,R_75,53089.3426,-1,6.710699999995995,BACKFILL_AUTO
2026-07-12 03:14:54,1783826094,R_75,53079.7997,-1,9.542900000000373,BACKFILL_AUTO
2026-07-12 03:14:56,1783826096,R_75,53075.654,-1,4.145700000000943,BACKFILL_AUTO
2026-07-12 03:14:58,1783826098,R_75,53088.0151,1,12.361099999994622,BACKFILL_AUTO
2026-07-12 03:15:00,1783826100,R_75,53058.1678,-1,29.847299999993993,BACKFILL_AUTO
2026-07-12 03:15:02,1783826102,R_75,53048.5186,-1,9.649199999999837,BACKFILL_AUTO
2026-07-12 03:15:04,1783826104,R_75,53046.8379,-1,1.6807000000044354,BACKFILL_AUTO
2026-07-12 03:15:06,1783826106,R_75,53062.9731,1,16.13520000000426,BACKFILL_AUTO
2026-07-12 03:15:08,1783826108,R_75,53069.42,1,6.446899999995367,BACKFILL_AUTO
2026-07-12 03:15:10,1783826110,R_75,53078.7425,1,9.322500000002037,BACKFILL_AUTO
2026-07-12 03:15:12,1783826112,R_75,53071.105,-1,7.63749999999709,BACKFILL_AUTO
2026-07-12 03:15:14,1783826114,R_75,53080.9481,1,9.84309999999823,BACKFILL_AUTO
2026-07-12 03:15:16,1783826116,R_75,53085.9528,1,5.004699999997683,BACKFILL_AUTO
2026-07-12 03:15:18,1783826118,R_75,53097.8975,1,11.944700000000012,BACKFILL_AUTO
2026-07-12 03:15:20,1783826120,R_75,53094.1563,-1,3.741199999996752,BACKFILL_AUTO
2026-07-12 03:15:22,1783826122,R_75,53102.7539,1,8.597600000000966,BACKFILL_AUTO
2026-07-12 03:15:24,1783826124,R_75,53106.0658,1,3.3118999999933294,BACKFILL_AUTO
2026-07-12 03:15:26,1783826126,R_75,53108.457,1,2.391200000005483,BACKFILL_AUTO
2026-07-12 03:15:28,1783826128,R_75,53114.1566,1,5.6995999999999185,BACKFILL_AUTO
2026-07-12 03:15:30,1783826130,R_75,53108.8434,-1,5.313200000004144,BACKFILL_AUTO
2026-07-12 03:15:32,1783826132,R_75,53121.7041,1,12.860700000004726,BACKFILL_AUTO
2026-07-12 03:15:34,1783826134,R_75,53115.5634,-1,6.140700000003562,BACKFILL_AUTO
2026-07-12 03:15:36,1783826136,R_75,53105.6876,-1,9.875800000001618,BACKFILL_AUTO
2026-07-12 03:15:38,1783826138,R_75,53095.6222,-1,10.0653999999995,BACKFILL_AUTO
2026-07-12 03:15:40,1783826140,R_75,53082.1517,-1,13.470499999995809,BACKFILL_AUTO
2026-07-12 03:15:42,1783826142,R_75,53103.6723,1,21.520599999996193,BACKFILL_AUTO
2026-07-12 03:15:44,1783826144,R_75,53100.764,-1,2.9082999999955064,BACKFILL_AUTO
2026-07-12 03:15:46,1783826146,R_75,53111.9288,1,11.16479999999865,BACKFILL_AUTO
2026-07-12 03:15:48,1783826148,R_75,53108.9792,-1,2.9495999999999185,BACKFILL_AUTO
2026-07-12 03:15:50,1783826150,R_75,53115.8737,1,6.894499999994878,BACKFILL_AUTO
2026-07-12 03:15:52,1783826152,R_75,53100.3406,-1,15.533099999993283,BACKFILL_AUTO
2026-07-12 03:15:54,1783826154,R_75,53090.2187,-1,10.121900000005553,BACKFILL_AUTO
2026-07-12 03:15:56,1783826156,R_75,53084.9208,-1,5.297899999997753,BACKFILL_AUTO
2026-07-12 03:15:58,1783826158,R_75,53080.0012,-1,4.919600000001083,BACKFILL_AUTO
2026-07-12 03:16:00,1783826160,R_75,53077.2494,-1,2.751799999998184,BACKFILL_AUTO
2026-07-12 03:16:02,1783826162,R_75,53074.9568,-1,2.292600000000675,BACKFILL_AUTO
2026-07-12 03:16:04,1783826164,R_75,53079.2671,1,4.310299999997369,BACKFILL_AUTO
2026-07-12 03:16:06,1783826166,R_75,53079.8192,1,0.5521000000007916,BACKFILL_AUTO
2026-07-12 03:16:08,1783826168,R_75,53068.4798,-1,11.339399999997113,BACKFILL_AUTO
2026-07-12 03:16:10,1783826170,R_75,53067.4683,-1,1.0115000000005239,BACKFILL_AUTO
2026-07-12 03:16:12,1783826172,R_75,53050.6393,-1,16.828999999997905,BACKFILL_AUTO
2026-07-12 03:16:14,1783826174,R_75,53052.0518,1,1.4124999999985448,BACKFILL_AUTO
2026-07-12 03:16:16,1783826176,R_75,53045.9984,-1,6.053400000004331,BACKFILL_AUTO
2026-07-12 03:16:18,1783826178,R_75,53029.0593,-1,16.93909999999596,BACKFILL_AUTO
2026-07-12 03:16:20,1783826180,R_75,53027.0494,-1,2.0098999999972875,BACKFILL_AUTO
2026-07-12 03:16:22,1783826182,R_75,53025.9148,-1,1.1346000000048662,BACKFILL_AUTO
2026-07-12 03:16:24,1783826184,R_75,53023.2811,-1,2.6336999999984982,BACKFILL_AUTO
2026-07-12 03:16:26,1783826186,R_75,53025.4222,1,2.1411000000007334,BACKFILL_AUTO
2026-07-12 03:16:28,1783826188,R_75,53034.808,1,9.38579999999638,BACKFILL_AUTO
2026-07-12 03:16:30,1783826190,R_75,53044.8521,1,10.044099999999162,BACKFILL_AUTO
2026-07-12 03:16:32,1783826192,R_75,53047.8915,1,3.0394000000014785,BACKFILL_AUTO
2026-07-12 03:16:34,1783826194,R_75,53052.1759,1,4.284400000004098,BACKFILL_AUTO
2026-07-12 03:16:36,1783826196,R_75,53055.5414,1,3.3654999999998836,BACKFILL_AUTO
2026-07-12 03:16:38,1783826198,R_75,53071.396,1,15.854599999998754,BACKFILL_AUTO
2026-07-12 03:16:40,1783826200,R_75,53068.335,-1,3.0610000000015134,BACKFILL_AUTO
2026-07-12 03:16:42,1783826202,R_75,53048.0536,-1,20.28139999999985,BACKFILL_AUTO
2026-07-12 03:16:44,1783826204,R_75,53052.3576,1,4.304000000003725,BACKFILL_AUTO
2026-07-12 03:16:46,1783826206,R_75,53036.2145,-1,16.14310000000114,BACKFILL_AUTO
2026-07-12 03:16:48,1783826208,R_75,53031.6372,-1,4.57730000000447,BACKFILL_AUTO
2026-07-12 03:16:50,1783826210,R_75,53025.6592,-1,5.977999999995518,BACKFILL_AUTO
2026-07-12 03:16:52,1783826212,R_75,53006.9097,-1,18.749500000005355,BACKFILL_AUTO
2026-07-12 03:16:54,1783826214,R_75,53012.0297,1,5.120000000002619,BACKFILL_AUTO
2026-07-12 03:16:56,1783826216,R_75,53015.1668,1,3.1370999999999185,BACKFILL_AUTO
2026-07-12 03:16:58,1783826218,R_75,53024.7704,1,9.603600000002189,BACKFILL_AUTO
2026-07-12 03:17:00,1783826220,R_75,53023.5612,-1,1.2092000000047847,BACKFILL_AUTO
2026-07-12 03:17:02,1783826222,R_75,53035.0598,1,11.498600000006263,BACKFILL_AUTO
2026-07-12 03:17:04,1783826224,R_75,53061.8687,1,26.808899999996356,BACKFILL_AUTO
2026-07-12 03:17:06,1783826226,R_75,53065.1304,1,3.2617000000027474,BACKFILL_AUTO
2026-07-12 03:17:08,1783826228,R_75,53068.5774,1,3.4470000000001164,BACKFILL_AUTO
2026-07-12 03:17:10,1783826230,R_75,53060.4145,-1,8.162900000002992,BACKFILL_AUTO
2026-07-12 03:17:12,1783826232,R_75,53069.3647,1,8.950199999999313,BACKFILL_AUTO
2026-07-12 03:17:14,1783826234,R_75,53073.3373,1,3.9726000000009662,BACKFILL_AUTO
2026-07-12 03:17:16,1783826236,R_75,53075.1631,1,1.8257999999987078,BACKFILL_AUTO
2026-07-12 03:17:18,1783826238,R_75,53080.8564,1,5.693299999998999,BACKFILL_AUTO
2026-07-12 03:17:20,1783826240,R_75,53113.0651,1,32.208700000002864,BACKFILL_AUTO
2026-07-12 03:17:22,1783826242,R_75,53104.8918,-1,8.1733000000022,BACKFILL_AUTO
2026-07-12 03:17:24,1783826244,R_75,53120.3198,1,15.427999999999884,BACKFILL_AUTO
2026-07-12 03:17:26,1783826246,R_75,53121.815,1,1.4952000000048429,BACKFILL_AUTO
2026-07-12 03:17:28,1783826248,R_75,53135.6134,1,13.798399999999674,BACKFILL_AUTO
2026-07-12 03:17:30,1783826250,R_75,53139.3836,1,3.770199999999022,BACKFILL_AUTO
2026-07-12 03:17:32,1783826252,R_75,53129.0514,-1,10.332200000004377,BACKFILL_AUTO
2026-07-12 03:17:34,1783826254,R_75,53136.0161,1,6.964700000004086,BACKFILL_AUTO
2026-07-12 03:17:36,1783826256,R_75,53145.5373,1,9.521200000002864,BACKFILL_AUTO
2026-07-12 03:17:38,1783826258,R_75,53154.1399,1,8.602599999998347,BACKFILL_AUTO
2026-07-12 03:17:40,1783826260,R_75,53155.4694,1,1.3294999999998254,BACKFILL_AUTO
2026-07-12 03:17:42,1783826262,R_75,53142.654,-1,12.8153999999995,BACKFILL_AUTO
2026-07-12 03:17:44,1783826264,R_75,53159.008,1,16.35399999999936,BACKFILL_AUTO
2026-07-12 03:17:46,1783826266,R_75,53150.0027,-1,9.005300000004354,BACKFILL_AUTO
2026-07-12 03:17:48,1783826268,R_75,53141.4838,-1,8.518899999995483,BACKFILL_AUTO
2026-07-12 03:17:50,1783826270,R_75,53124.6701,-1,16.81369999999879,BACKFILL_AUTO
2026-07-12 03:17:52,1783826272,R_75,53123.4767,-1,1.1934000000037486,BACKFILL_AUTO
2026-07-12 03:17:54,1783826274,R_75,53112.2408,-1,11.235899999999674,BACKFILL_AUTO
2026-07-12 03:17:56,1783826276,R_75,53113.0907,1,0.849900000001071,BACKFILL_AUTO
2026-07-12 03:17:58,1783826278,R_75,53138.2263,1,25.135600000001432,BACKFILL_AUTO
2026-07-12 03:18:00,1783826280,R_75,53135.48,-1,2.7462999999988824,BACKFILL_AUTO
2026-07-12 03:18:02,1783826282,R_75,53144.5732,1,9.093199999995704,BACKFILL_AUTO
2026-07-12 03:18:04,1783826284,R_75,53124.8254,-1,19.74779999999737,BACKFILL_AUTO
2026-07-12 03:18:06,1783826286,R_75,53111.2252,-1,13.600200000000768,BACKFILL_AUTO
2026-07-12 03:18:08,1783826288,R_75,53108.8284,-1,2.3968000000022585,BACKFILL_AUTO
2026-07-12 03:18:10,1783826290,R_75,53090.7389,-1,18.089500000001863,BACKFILL_AUTO
2026-07-12 03:18:12,1783826292,R_75,53098.1481,1,7.409200000001874,BACKFILL_AUTO
2026-07-12 03:18:14,1783826294,R_75,53080.4993,-1,17.64879999999539,BACKFILL_AUTO
2026-07-12 03:18:16,1783826296,R_75,53067.5108,-1,12.988500000006752,BACKFILL_AUTO
2026-07-12 03:18:18,1783826298,R_75,53074.3892,1,6.87840000000142,BACKFILL_AUTO
2026-07-12 03:18:20,1783826300,R_75,53071.9846,-1,2.404599999994389,BACKFILL_AUTO
2026-07-12 03:18:22,1783826302,R_75,53074.3801,1,2.3954999999987194,BACKFILL_AUTO
2026-07-12 03:18:24,1783826304,R_75,53070.7035,-1,3.6765999999988708,BACKFILL_AUTO
2026-07-12 03:18:26,1783826306,R_75,53068.3091,-1,2.39440000000468,BACKFILL_AUTO
2026-07-12 03:18:28,1783826308,R_75,53056.0938,-1,12.215299999996205,BACKFILL_AUTO
2026-07-12 03:18:30,1783826310,R_75,53041.1395,-1,14.954300000004878,BACKFILL_AUTO
2026-07-12 03:18:32,1783826312,R_75,53041.7473,1,0.607800000005227,BACKFILL_AUTO
2026-07-12 03:18:34,1783826314,R_75,53037.6996,-1,4.047700000002806,BACKFILL_AUTO
2026-07-12 03:18:36,1783826316,R_75,53021.8194,-1,15.880199999999604,BACKFILL_AUTO
2026-07-12 03:18:38,1783826318,R_75,53045.5495,1,23.730100000000675,BACKFILL_AUTO
2026-07-12 03:18:40,1783826320,R_75,53030.9253,-1,14.624199999998382,BACKFILL_AUTO
2026-07-12 03:18:42,1783826322,R_75,53018.9896,-1,11.935700000001816,BACKFILL_AUTO
2026-07-12 03:18:44,1783826324,R_75,53004.7297,-1,14.259899999997288,BACKFILL_AUTO
2026-07-12 03:18:46,1783826326,R_75,52999.0065,-1,5.723200000000361,BACKFILL_AUTO
2026-07-12 03:18:48,1783826328,R_75,52984.9166,-1,14.08990000000631,BACKFILL_AUTO
2026-07-12 03:18:50,1783826330,R_75,52995.8088,1,10.892200000002049,BACKFILL_AUTO
2026-07-12 03:18:52,1783826332,R_75,52987.9548,-1,7.85399999999936,BACKFILL_AUTO
2026-07-12 03:18:54,1783826334,R_75,52995.8139,1,7.85910000000149,BACKFILL_AUTO
2026-07-12 03:18:56,1783826336,R_75,52979.4541,-1,16.35979999999836,BACKFILL_AUTO
2026-07-12 03:18:58,1783826338,R_75,52988.1239,1,8.66979999999603,BACKFILL_AUTO
2026-07-12 03:19:00,1783826340,R_75,52965.5365,-1,22.587399999996705,BACKFILL_AUTO
2026-07-12 03:19:02,1783826342,R_75,52977.5711,1,12.034599999999045,BACKFILL_AUTO
2026-07-12 03:19:04,1783826344,R_75,52977.1897,-1,0.38139999999839347,BACKFILL_AUTO
2026-07-12 03:19:06,1783826346,R_75,52968.6399,-1,8.549800000000687,BACKFILL_AUTO
2026-07-12 03:19:08,1783826348,R_75,52970.4434,1,1.8034999999945285,BACKFILL_AUTO
2026-07-12 03:19:10,1783826350,R_75,52959.8447,-1,10.598699999995006,BACKFILL_AUTO
2026-07-12 03:19:12,1783826352,R_75,52955.7829,-1,4.061800000003132,BACKFILL_AUTO
2026-07-12 03:19:14,1783826354,R_75,52948.3438,-1,7.43909999999596,BACKFILL_AUTO
2026-07-12 03:19:16,1783826356,R_75,52940.4696,-1,7.874200000005658,BACKFILL_AUTO
2026-07-12 03:19:18,1783826358,R_75,52954.9954,1,14.525800000003073,BACKFILL_AUTO
2026-07-12 03:19:20,1783826360,R_75,52941.8535,-1,13.141900000002352,BACKFILL_AUTO
2026-07-12 03:19:22,1783826362,R_75,52934.994,-1,6.859499999998661,BACKFILL_AUTO
2026-07-12 03:19:24,1783826364,R_75,52950.4398,1,15.445800000001327,BACKFILL_AUTO
2026-07-12 03:19:26,1783826366,R_75,52945.1426,-1,5.297200000000885,BACKFILL_AUTO
2026-07-12 03:19:28,1783826368,R_75,52968.7802,1,23.63760000000184,BACKFILL_AUTO
2026-07-12 03:19:30,1783826370,R_75,52956.2703,-1,12.509900000004563,BACKFILL_AUTO
2026-07-12 03:19:32,1783826372,R_75,52954.0661,-1,2.204200000000128,BACKFILL_AUTO
2026-07-12 03:19:34,1783826374,R_75,52964.5951,1,10.52900000000227,BACKFILL_AUTO
2026-07-12 03:19:36,1783826376,R_75,52952.2876,-1,12.307499999995343,BACKFILL_AUTO
2026-07-12 03:19:38,1783826378,R_75,52979.3396,1,27.051999999996042,BACKFILL_AUTO
2026-07-12 03:19:40,1783826380,R_75,52965.446,-1,13.893599999995786,BACKFILL_AUTO
2026-07-12 03:19:42,1783826382,R_75,52944.2183,-1,21.227700000003097,BACKFILL_AUTO
2026-07-12 03:19:44,1783826384,R_75,52957.9705,1,13.752200000002631,BACKFILL_AUTO
2026-07-12 03:19:46,1783826386,R_75,52952.7524,-1,5.2181000000055064,BACKFILL_AUTO
2026-07-12 03:19:48,1783826388,R_75,52935.6082,-1,17.14419999999518,BACKFILL_AUTO
2026-07-12 03:19:50,1783826390,R_75,52945.229,1,9.620799999996962,BACKFILL_AUTO
2026-07-12 03:19:52,1783826392,R_75,52934.9577,-1,10.271300000000338,BACKFILL_AUTO
2026-07-12 03:19:54,1783826394,R_75,52916.8918,-1,18.06590000000142,BACKFILL_AUTO
2026-07-12 03:19:56,1783826396,R_75,52911.06,-1,5.83179999999993,BACKFILL_AUTO
2026-07-12 03:19:58,1783826398,R_75,52910.9313,-1,0.1287000000011176,BACKFILL_AUTO
2026-07-12 03:20:00,1783826400,R_75,52927.2609,1,16.329600000004575,BACKFILL_AUTO
2026-07-12 03:20:02,1783826402,R_75,52932.5071,1,5.246200000001409,BACKFILL_AUTO
2026-07-12 03:20:04,1783826404,R_75,52920.7415,-1,11.765600000006089,BACKFILL_AUTO
2026-07-12 03:20:06,1783826406,R_75,52932.6107,1,11.869200000001001,BACKFILL_AUTO
2026-07-12 03:20:08,1783826408,R_75,52928.4651,-1,4.145599999996193,BACKFILL_AUTO
2026-07-12 03:20:10,1783826410,R_75,52938.1423,1,9.677199999998265,BACKFILL_AUTO
2026-07-12 03:20:12,1783826412,R_75,52937.9158,-1,0.2264999999970314,BACKFILL_AUTO
2026-07-12 03:20:14,1783826414,R_75,52931.2917,-1,6.624100000000908,BACKFILL_AUTO
2026-07-12 03:20:16,1783826416,R_75,52921.1531,-1,10.138599999998405,BACKFILL_AUTO
2026-07-12 03:20:18,1783826418,R_75,52915.2608,-1,5.892300000006799,BACKFILL_AUTO
2026-07-12 03:20:20,1783826420,R_75,52932.0965,1,16.83570000000327,BACKFILL_AUTO
2026-07-12 03:20:22,1783826422,R_75,52935.5627,1,3.466200000002573,BACKFILL_AUTO
2026-07-12 03:20:24,1783826424,R_75,52945.2786,1,9.7158999999956,BACKFILL_AUTO
2026-07-12 03:20:26,1783826426,R_75,52956.244,1,10.965400000000955,BACKFILL_AUTO
2026-07-12 03:20:28,1783826428,R_75,52956.1384,-1,0.1055999999953201,BACKFILL_AUTO
2026-07-12 03:20:30,1783826430,R_75,52939.081,-1,17.057400000005146,BACKFILL_AUTO
2026-07-12 03:20:32,1783826432,R_75,52943.2132,1,4.132200000000012,BACKFILL_AUTO
2026-07-12 03:20:34,1783826434,R_75,52939.8288,-1,3.3843999999953667,BACKFILL_AUTO
2026-07-12 03:20:36,1783826436,R_75,52944.8903,1,5.061499999996158,BACKFILL_AUTO
2026-07-12 03:20:38,1783826438,R_75,52943.9028,-1,0.9874999999956344,BACKFILL_AUTO
2026-07-12 03:20:40,1783826440,R_75,52958.9335,1,15.030699999995704,BACKFILL_AUTO
2026-07-12 03:20:42,1783826442,R_75,52976.2755,1,17.34200000000419,BACKFILL_AUTO
2026-07-12 03:20:44,1783826444,R_75,52975.2652,-1,1.0103000000017346,BACKFILL_AUTO
2026-07-12 03:20:46,1783826446,R_75,52994.3384,1,19.073199999998906,BACKFILL_AUTO
2026-07-12 03:20:48,1783826448,R_75,52982.3539,-1,11.984499999998661,BACKFILL_AUTO
2026-07-12 03:20:50,1783826450,R_75,52998.0541,1,15.700199999999313,BACKFILL_AUTO
2026-07-12 03:20:52,1783826452,R_75,52999.2808,1,1.226699999999255,BACKFILL_AUTO
2026-07-12 03:20:54,1783826454,R_75,52990.1975,-1,9.083299999998417,BACKFILL_AUTO
2026-07-12 03:20:56,1783826456,R_75,53007.9104,1,17.712899999998626,BACKFILL_AUTO
2026-07-12 03:20:58,1783826458,R_75,53008.1209,1,0.21050000000104774,BACKFILL_AUTO
2026-07-12 03:21:00,1783826460,R_75,53018.0901,1,9.969199999999546,BACKFILL_AUTO
2026-07-12 03:21:02,1783826462,R_75,53008.5015,-1,9.58860000000277,BACKFILL_AUTO
2026-07-12 03:21:04,1783826464,R_75,53017.5308,1,9.029300000001967,BACKFILL_AUTO
2026-07-12 03:21:06,1783826466,R_75,53011.3758,-1,6.154999999998836,BACKFILL_AUTO
2026-07-12 03:21:08,1783826468,R_75,53012.2059,1,0.83009999999922,BACKFILL_AUTO
2026-07-12 03:21:10,1783826470,R_75,53010.0491,-1,2.1568000000042957,BACKFILL_AUTO
2026-07-12 03:21:12,1783826472,R_75,53020.7337,1,10.6846000000005,BACKFILL_AUTO
2026-07-12 03:21:14,1783826474,R_75,53013.8503,-1,6.883399999998801,BACKFILL_AUTO
2026-07-12 03:21:16,1783826476,R_75,53021.3981,1,7.547800000000279,BACKFILL_AUTO
2026-07-12 03:21:18,1783826478,R_75,53008.475,-1,12.923099999999977,BACKFILL_AUTO
2026-07-12 03:21:20,1783826480,R_75,52976.0558,-1,32.419199999996636,BACKFILL_AUTO
2026-07-12 03:21:22,1783826482,R_75,52978.7179,1,2.6621000000013737,BACKFILL_AUTO
2026-07-12 03:21:24,1783826484,R_75,52991.0001,1,12.28219999999419,BACKFILL_AUTO
2026-07-12 03:21:26,1783826486,R_75,52983.075,-1,7.925100000000384,BACKFILL_AUTO
2026-07-12 03:21:28,1783826488,R_75,52998.5254,1,15.450400000001537,BACKFILL_AUTO
2026-07-12 03:21:30,1783826490,R_75,53008.8082,1,10.282800000000861,BACKFILL_AUTO
2026-07-12 03:21:32,1783826492,R_75,53013.8706,1,5.062400000002526,BACKFILL_AUTO
2026-07-12 03:21:34,1783826494,R_75,53036.6884,1,22.817799999997078,BACKFILL_AUTO
2026-07-12 03:21:36,1783826496,R_75,53035.5241,-1,1.1642999999967287,BACKFILL_AUTO
2026-07-12 03:21:38,1783826498,R_75,53030.05,-1,5.474099999999453,BACKFILL_AUTO
2026-07-12 03:21:40,1783826500,R_75,53021.2218,-1,8.828200000003562,BACKFILL_AUTO
2026-07-12 03:21:42,1783826502,R_75,53027.071,1,5.849200000004203,BACKFILL_AUTO
2026-07-12 03:21:44,1783826504,R_75,53027.3607,1,0.28969999999389984,BACKFILL_AUTO
2026-07-12 03:21:46,1783826506,R_75,53019.6002,-1,7.760499999996682,BACKFILL_AUTO
2026-07-12 03:21:48,1783826508,R_75,53026.8488,1,7.248599999998987,BACKFILL_AUTO
2026-07-12 03:21:50,1783826510,R_75,53037.169,1,10.320200000001932,BACKFILL_AUTO
2026-07-12 03:21:52,1783826512,R_75,53039.0732,1,1.9041999999972177,BACKFILL_AUTO
2026-07-12 03:21:54,1783826514,R_75,53032.8353,-1,6.2379000000000815,BACKFILL_AUTO
2026-07-12 03:21:56,1783826516,R_75,53034.7273,1,1.8919999999998254,BACKFILL_AUTO
2026-07-12 03:21:58,1783826518,R_75,53031.7624,-1,2.9648999999990338,BACKFILL_AUTO
2026-07-12 03:22:00,1783826520,R_75,53045.0824,1,13.319999999999709,BACKFILL_AUTO
2026-07-12 03:22:02,1783826522,R_75,53033.1427,-1,11.939700000002631,BACKFILL_AUTO
2026-07-12 03:22:04,1783826524,R_75,53029.2335,-1,3.9091999999945983,BACKFILL_AUTO
2026-07-12 03:22:06,1783826526,R_75,53023.1434,-1,6.090100000001257,BACKFILL_AUTO
2026-07-12 03:22:08,1783826528,R_75,53010.5975,-1,12.545899999997346,BACKFILL_AUTO
2026-07-12 03:22:10,1783826530,R_75,53009.7955,-1,0.8020000000033178,BACKFILL_AUTO
2026-07-12 03:22:12,1783826532,R_75,53011.3217,1,1.5262000000002445,BACKFILL_AUTO
2026-07-12 03:22:14,1783826534,R_75,53015.0252,1,3.7034999999959837,BACKFILL_AUTO
2026-07-12 03:22:16,1783826536,R_75,53037.7255,1,22.700300000004063,BACKFILL_AUTO
2026-07-12 03:22:18,1783826538,R_75,53037.0799,-1,0.6456000000034692,BACKFILL_AUTO
2026-07-12 03:22:20,1783826540,R_75,53051.0476,1,13.96770000000106,BACKFILL_AUTO
2026-07-12 03:22:22,1783826542,R_75,53045.9002,-1,5.147400000001653,BACKFILL_AUTO
2026-07-12 03:22:24,1783826544,R_75,53021.7075,-1,24.192699999999604,BACKFILL_AUTO
2026-07-12 03:22:26,1783826546,R_75,53040.3357,1,18.628200000006473,BACKFILL_AUTO
2026-07-12 03:22:28,1783826548,R_75,53054.1532,1,13.81749999999738,BACKFILL_AUTO
2026-07-12 03:22:30,1783826550,R_75,53056.5304,1,2.377200000002631,BACKFILL_AUTO
2026-07-12 03:22:32,1783826552,R_75,53053.3888,-1,3.1416000000026543,BACKFILL_AUTO
2026-07-12 03:22:34,1783826554,R_75,53055.4666,1,2.0777999999991152,BACKFILL_AUTO
2026-07-12 03:22:36,1783826556,R_75,53051.218,-1,4.248599999998987,BACKFILL_AUTO
2026-07-12 03:22:38,1783826558,R_75,53042.4804,-1,8.737600000000384,BACKFILL_AUTO
2026-07-12 03:22:40,1783826560,R_75,53054.4561,1,11.97570000000269,BACKFILL_AUTO
2026-07-12 03:22:42,1783826562,R_75,53073.9298,1,19.473699999995006,BACKFILL_AUTO
2026-07-12 03:22:44,1783826564,R_75,53074.376,1,0.44619999999849824,BACKFILL_AUTO
2026-07-12 03:22:46,1783826566,R_75,53073.0525,-1,1.323499999998603,BACKFILL_AUTO
2026-07-12 03:22:48,1783826568,R_75,53073.0811,1,0.02860000000509899,BACKFILL_AUTO
2026-07-12 03:22:50,1783826570,R_75,53078.4065,1,5.325399999994261,BACKFILL_AUTO
2026-07-12 03:22:52,1783826572,R_75,53094.8534,1,16.446900000002643,BACKFILL_AUTO
2026-07-12 03:22:54,1783826574,R_75,53080.9816,-1,13.871800000000803,BACKFILL_AUTO
2026-07-12 03:22:56,1783826576,R_75,53070.5133,-1,10.468300000000454,BACKFILL_AUTO
2026-07-12 03:22:58,1783826578,R_75,53067.9944,-1,2.518899999995483,BACKFILL_AUTO
2026-07-12 03:23:00,1783826580,R_75,53067.6969,-1,0.2975000000005821,BACKFILL_AUTO
2026-07-12 03:23:02,1783826582,R_75,53074.0234,1,6.326499999995576,BACKFILL_AUTO
2026-07-12 03:23:04,1783826584,R_75,53090.8237,1,16.800300000002608,BACKFILL_AUTO
2026-07-12 03:23:06,1783826586,R_75,53085.6996,-1,5.124100000000908,BACKFILL_AUTO
2026-07-12 03:23:08,1783826588,R_75,53070.7908,-1,14.908799999997427,BACKFILL_AUTO
2026-07-12 03:23:10,1783826590,R_75,53076.1108,1,5.319999999999709,BACKFILL_AUTO
2026-07-12 03:23:12,1783826592,R_75,53070.3055,-1,5.805299999999988,BACKFILL_AUTO
2026-07-12 03:23:14,1783826594,R_75,53060.0235,-1,10.281999999999243,BACKFILL_AUTO
2026-07-12 03:23:16,1783826596,R_75,53080.0858,1,20.062299999997776,BACKFILL_AUTO
2026-07-12 03:23:18,1783826598,R_75,53114.4215,1,34.335699999995995,BACKFILL_AUTO
2026-07-12 03:23:20,1783826600,R_75,53127.9984,1,13.576900000000023,BACKFILL_AUTO
2026-07-12 03:23:22,1783826602,R_75,53141.603,1,13.60460000000603,BACKFILL_AUTO
2026-07-12 03:23:24,1783826604,R_75,53146.1683,1,4.56529999999475,BACKFILL_AUTO
2026-07-12 03:23:26,1783826606,R_75,53144.6357,-1,1.532599999998638,BACKFILL_AUTO
2026-07-12 03:23:28,1783826608,R_75,53165.1932,1,20.55750000000262,BACKFILL_AUTO
2026-07-12 03:23:30,1783826610,R_75,53172.266,1,7.072800000001735,BACKFILL_AUTO
2026-07-12 03:23:32,1783826612,R_75,53166.6187,-1,5.647300000004179,BACKFILL_AUTO
2026-07-12 03:23:34,1783826614,R_75,53167.7962,1,1.1774999999979627,BACKFILL_AUTO
2026-07-12 03:23:36,1783826616,R_75,53181.3393,1,13.543100000002596,BACKFILL_AUTO
2026-07-12 03:23:38,1783826618,R_75,53181.6256,1,0.28629999999975553,BACKFILL_AUTO
2026-07-12 03:23:40,1783826620,R_75,53185.8188,1,4.193200000001525,BACKFILL_AUTO
2026-07-12 03:23:42,1783826622,R_75,53200.8027,1,14.983899999999267,BACKFILL_AUTO
2026-07-12 03:23:44,1783826624,R_75,53221.0193,1,20.216599999999744,BACKFILL_AUTO
2026-07-12 03:23:46,1783826626,R_75,53196.8226,-1,24.19670000000042,BACKFILL_AUTO
2026-07-12 03:23:48,1783826628,R_75,53195.8811,-1,0.9415000000008149,BACKFILL_AUTO
2026-07-12 03:23:50,1783826630,R_75,53190.3511,-1,5.529999999998836,BACKFILL_AUTO
2026-07-12 03:23:52,1783826632,R_75,53207.482,1,17.13090000000375,BACKFILL_AUTO
2026-07-12 03:23:54,1783826634,R_75,53212.4051,1,4.923099999999977,BACKFILL_AUTO
2026-07-12 03:23:56,1783826636,R_75,53223.996,1,11.5908999999956,BACKFILL_AUTO
2026-07-12 03:23:58,1783826638,R_75,53227.9383,1,3.942300000002433,BACKFILL_AUTO
2026-07-12 03:24:00,1783826640,R_75,53226.4078,-1,1.5305000000007567,BACKFILL_AUTO
2026-07-12 03:24:02,1783826642,R_75,53218.6042,-1,7.803599999999278,BACKFILL_AUTO
2026-07-12 03:24:04,1783826644,R_75,53210.6583,-1,7.945899999998801,BACKFILL_AUTO
2026-07-12 03:24:06,1783826646,R_75,53215.3885,1,4.730199999998149,BACKFILL_AUTO
2026-07-12 03:24:08,1783826648,R_75,53201.499,-1,13.889499999997497,BACKFILL_AUTO
2026-07-12 03:24:10,1783826650,R_75,53181.4035,-1,20.095500000003085,BACKFILL_AUTO
2026-07-12 03:24:12,1783826652,R_75,53176.4853,-1,4.91820000000007,BACKFILL_AUTO
2026-07-12 03:24:14,1783826654,R_75,53175.7572,-1,0.7281000000002678,BACKFILL_AUTO
2026-07-12 03:24:16,1783826656,R_75,53172.0373,-1,3.7198999999964144,BACKFILL_AUTO
2026-07-12 03:24:18,1783826658,R_75,53168.6063,-1,3.4310000000041327,BACKFILL_AUTO
2026-07-12 03:24:20,1783826660,R_75,53181.7323,1,13.126000000003842,BACKFILL_AUTO
2026-07-12 03:24:22,1783826662,R_75,53181.158,-1,0.5743000000002212,BACKFILL_AUTO
2026-07-12 03:24:24,1783826664,R_75,53182.5886,1,1.4305999999996857,BACKFILL_AUTO
2026-07-12 03:24:26,1783826666,R_75,53190.6481,1,8.05949999999575,BACKFILL_AUTO
2026-07-12 03:24:28,1783826668,R_75,53180.4615,-1,10.186600000000908,BACKFILL_AUTO
2026-07-12 03:24:30,1783826670,R_75,53166.7387,-1,13.722799999995914,BACKFILL_AUTO
2026-07-12 03:24:32,1783826672,R_75,53152.7787,-1,13.959999999999127,BACKFILL_AUTO
2026-07-12 03:24:34,1783826674,R_75,53145.3419,-1,7.436800000003132,BACKFILL_AUTO
2026-07-12 03:24:36,1783826676,R_75,53140.7667,-1,4.575199999999313,BACKFILL_AUTO
2026-07-12 03:24:38,1783826678,R_75,53120.3536,-1,20.41309999999794,BACKFILL_AUTO
2026-07-12 03:24:40,1783826680,R_75,53134.7374,1,14.383799999995972,BACKFILL_AUTO
2026-07-12 03:24:42,1783826682,R_75,53141.8162,1,7.078800000002957,BACKFILL_AUTO
2026-07-12 03:24:44,1783826684,R_75,53159.1527,1,17.336499999997613,BACKFILL_AUTO
2026-07-12 03:24:46,1783826686,R_75,53155.7016,-1,3.451099999998405,BACKFILL_AUTO
2026-07-12 03:24:48,1783826688,R_75,53154.3561,-1,1.345500000003085,BACKFILL_AUTO
2026-07-12 03:24:50,1783826690,R_75,53156.7549,1,2.398800000002666,BACKFILL_AUTO
2026-07-12 03:24:52,1783826692,R_75,53152.345,-1,4.409899999998743,BACKFILL_AUTO
2026-07-12 03:24:54,1783826694,R_75,53148.642,-1,3.7030000000013388,BACKFILL_AUTO
2026-07-12 03:24:56,1783826696,R_75,53139.3731,-1,9.268900000002759,BACKFILL_AUTO
2026-07-12 03:24:58,1783826698,R_75,53125.9687,-1,13.404399999999441,BACKFILL_AUTO
2026-07-12 03:25:00,1783826700,R_75,53100.3862,-1,25.5824999999968,BACKFILL_AUTO
2026-07-12 03:25:02,1783826702,R_75,53102.4046,1,2.018400000000838,BACKFILL_AUTO
2026-07-12 03:25:04,1783826704,R_75,53108.0766,1,5.671999999998661,BACKFILL_AUTO
2026-07-12 03:25:06,1783826706,R_75,53107.3394,-1,0.7372000000032131,BACKFILL_AUTO
2026-07-12 03:25:08,1783826708,R_75,53107.9383,1,0.5989000000045053,BACKFILL_AUTO
2026-07-12 03:25:10,1783826710,R_75,53115.1127,1,7.17439999999624,BACKFILL_AUTO
2026-07-12 03:25:12,1783826712,R_75,53126.4636,1,11.350900000004913,BACKFILL_AUTO
2026-07-12 03:25:14,1783826714,R_75,53122.0289,-1,4.43470000000525,BACKFILL_AUTO
2026-07-12 03:25:16,1783826716,R_75,53123.9729,1,1.9440000000031432,BACKFILL_AUTO
2026-07-12 03:25:18,1783826718,R_75,53125.2603,1,1.287400000001071,BACKFILL_AUTO
2026-07-12 03:25:20,1783826720,R_75,53127.7417,1,2.4813999999969383,BACKFILL_AUTO
2026-07-12 03:25:22,1783826722,R_75,53133.3788,1,5.6370999999999185,BACKFILL_AUTO
2026-07-12 03:25:24,1783826724,R_75,53142.1676,1,8.788800000002084,BACKFILL_AUTO
2026-07-12 03:25:26,1783826726,R_75,53145.6456,1,3.478000000002794,BACKFILL_AUTO
2026-07-12 03:25:28,1783826728,R_75,53117.0429,-1,28.602700000003097,BACKFILL_AUTO
2026-07-12 03:25:30,1783826730,R_75,53134.7543,1,17.71140000000014,BACKFILL_AUTO
2026-07-12 03:25:32,1783826732,R_75,53114.2408,-1,20.51350000000093,BACKFILL_AUTO
2026-07-12 03:25:34,1783826734,R_75,53125.9772,1,11.736400000001595,BACKFILL_AUTO
2026-07-12 03:25:36,1783826736,R_75,53134.1375,1,8.160299999995914,BACKFILL_AUTO
2026-07-12 03:25:38,1783826738,R_75,53144.2325,1,10.095000000001164,BACKFILL_AUTO
2026-07-12 03:25:40,1783826740,R_75,53141.2805,-1,2.951999999997497,BACKFILL_AUTO
2026-07-12 03:25:42,1783826742,R_75,53137.7316,-1,3.548900000001595,BACKFILL_AUTO
2026-07-12 03:25:44,1783826744,R_75,53125.2559,-1,12.47570000000269,BACKFILL_AUTO
2026-07-12 03:25:46,1783826746,R_75,53119.7749,-1,5.480999999999767,BACKFILL_AUTO
2026-07-12 03:25:48,1783826748,R_75,53116.5309,-1,3.2439999999987776,BACKFILL_AUTO
2026-07-12 03:25:50,1783826750,R_75,53114.7041,-1,1.8267999999952735,BACKFILL_AUTO
2026-07-12 03:25:52,1783826752,R_75,53120.945,1,6.240899999997055,BACKFILL_AUTO
2026-07-12 03:25:54,1783826754,R_75,53123.9194,1,2.97439999999915,BACKFILL_AUTO
2026-07-12 03:25:56,1783826756,R_75,53128.4591,1,4.539700000001176,BACKFILL_AUTO
2026-07-12 03:25:58,1783826758,R_75,53118.5376,-1,9.92149999999674,BACKFILL_AUTO
2026-07-12 03:26:00,1783826760,R_75,53124.6134,1,6.075799999998708,BACKFILL_AUTO
2026-07-12 03:26:02,1783826762,R_75,53111.9787,-1,12.63470000000234,BACKFILL_AUTO
2026-07-12 03:26:04,1783826764,R_75,53123.3178,1,11.339099999997416,BACKFILL_AUTO
2026-07-12 03:26:06,1783826766,R_75,53115.9852,-1,7.332599999994272,BACKFILL_AUTO
2026-07-12 03:26:08,1783826768,R_75,53118.1978,1,2.212599999998929,BACKFILL_AUTO
2026-07-12 03:26:10,1783826770,R_75,53116.3457,-1,1.852100000003702,BACKFILL_AUTO
2026-07-12 03:26:12,1783826772,R_75,53125.8525,1,9.50680000000284,BACKFILL_AUTO
2026-07-12 03:26:14,1783826774,R_75,53123.8881,-1,1.9644000000043889,BACKFILL_AUTO
2026-07-12 03:26:16,1783826776,R_75,53133.1026,1,9.214500000001863,BACKFILL_AUTO
2026-07-12 03:26:18,1783826778,R_75,53114.3985,-1,18.70409999999538,BACKFILL_AUTO
2026-07-12 03:26:20,1783826780,R_75,53117.9918,1,3.593300000000454,BACKFILL_AUTO
2026-07-12 03:26:22,1783826782,R_75,53110.1648,-1,7.827000000004773,BACKFILL_AUTO
2026-07-12 03:26:24,1783826784,R_75,53115.2106,1,5.045799999999872,BACKFILL_AUTO
2026-07-12 03:26:26,1783826786,R_75,53116.6809,1,1.4703000000008615,BACKFILL_AUTO
2026-07-12 03:26:28,1783826788,R_75,53136.562,1,19.881099999998696,BACKFILL_AUTO
2026-07-12 03:26:30,1783826790,R_75,53133.8668,-1,2.6951999999946565,BACKFILL_AUTO
2026-07-12 03:26:32,1783826792,R_75,53124.4903,-1,9.376500000005763,BACKFILL_AUTO
2026-07-12 03:26:34,1783826794,R_75,53103.4741,-1,21.016199999998207,BACKFILL_AUTO
2026-07-12 03:26:36,1783826796,R_75,53105.3373,1,1.8631999999997788,BACKFILL_AUTO
2026-07-12 03:26:38,1783826798,R_75,53094.815,-1,10.522299999996903,BACKFILL_AUTO
2026-07-12 03:26:40,1783826800,R_75,53100.6098,1,5.79479999999603,BACKFILL_AUTO
2026-07-12 03:26:42,1783826802,R_75,53102.1162,1,1.5063999999983935,BACKFILL_AUTO
2026-07-12 03:26:44,1783826804,R_75,53092.8129,-1,9.303299999999581,BACKFILL_AUTO
2026-07-12 03:26:46,1783826806,R_75,53095.8673,1,3.0544000000008964,BACKFILL_AUTO
2026-07-12 03:26:48,1783826808,R_75,53098.1055,1,2.238199999999779,BACKFILL_AUTO
2026-07-12 03:26:50,1783826810,R_75,53091.7927,-1,6.312799999999697,BACKFILL_AUTO
2026-07-12 03:26:52,1783826812,R_75,53086.7546,-1,5.0380999999979394,BACKFILL_AUTO
2026-07-12 03:26:54,1783826814,R_75,53091.9861,1,5.231500000001688,BACKFILL_AUTO
2026-07-12 03:26:56,1783826816,R_75,53097.1108,1,5.124700000000303,BACKFILL_AUTO
2026-07-12 03:26:58,1783826818,R_75,53102.0639,1,4.953099999998813,BACKFILL_AUTO
2026-07-12 03:27:00,1783826820,R_75,53102.6178,1,0.5538999999989755,BACKFILL_AUTO
2026-07-12 03:27:02,1783826822,R_75,53110.9491,1,8.33129999999801,BACKFILL_AUTO
2026-07-12 03:27:04,1783826824,R_75,53097.7637,-1,13.185399999994843,BACKFILL_AUTO
2026-07-12 03:27:06,1783826826,R_75,53091.9435,-1,5.8202000000019325,BACKFILL_AUTO
2026-07-12 03:27:08,1783826828,R_75,53086.8451,-1,5.098400000002584,BACKFILL_AUTO
2026-07-12 03:27:10,1783826830,R_75,53088.6476,1,1.8024999999979627,BACKFILL_AUTO
2026-07-12 03:27:12,1783826832,R_75,53079.258,-1,9.38959999999497,BACKFILL_AUTO
2026-07-12 03:27:14,1783826834,R_75,53086.6236,1,7.365599999997357,BACKFILL_AUTO
2026-07-12 03:27:16,1783826836,R_75,53078.524,-1,8.099600000001374,BACKFILL_AUTO
2026-07-12 03:27:18,1783826838,R_75,53076.6934,-1,1.8306000000011409,BACKFILL_AUTO
2026-07-12 03:27:20,1783826840,R_75,53089.3982,1,12.704800000006799,BACKFILL_AUTO
2026-07-12 03:27:22,1783826842,R_75,53111.6637,1,22.265499999994063,BACKFILL_AUTO
2026-07-12 03:27:24,1783826844,R_75,53109.842,-1,1.821700000000419,BACKFILL_AUTO
2026-07-12 03:27:26,1783826846,R_75,53124.1508,1,14.308800000006158,BACKFILL_AUTO
2026-07-12 03:27:28,1783826848,R_75,53113.2675,-1,10.883300000001327,BACKFILL_AUTO
2026-07-12 03:27:30,1783826850,R_75,53100.5086,-1,12.758900000000722,BACKFILL_AUTO
2026-07-12 03:27:32,1783826852,R_75,53106.4859,1,5.97729999999865,BACKFILL_AUTO
2026-07-12 03:27:34,1783826854,R_75,53109.428,1,2.9421000000002095,BACKFILL_AUTO
2026-07-12 03:27:36,1783826856,R_75,53106.5176,-1,2.9104000000006636,BACKFILL_AUTO
2026-07-12 03:27:38,1783826858,R_75,53115.9201,1,9.402500000003783,BACKFILL_AUTO
2026-07-12 03:27:40,1783826860,R_75,53136.1488,1,20.228699999999662,BACKFILL_AUTO
2026-07-12 03:27:42,1783826862,R_75,53121.6049,-1,14.543900000004214,BACKFILL_AUTO
2026-07-12 03:27:44,1783826864,R_75,53107.4214,-1,14.183499999999185,BACKFILL_AUTO
2026-07-12 03:27:46,1783826866,R_75,53100.9398,-1,6.481599999999162,BACKFILL_AUTO
2026-07-12 03:27:48,1783826868,R_75,53095.408,-1,5.53179999999702,BACKFILL_AUTO
2026-07-12 03:27:50,1783826870,R_75,53096.6059,1,1.1978999999992084,BACKFILL_AUTO
2026-07-12 03:27:52,1783826872,R_75,53087.9372,-1,8.66870000000199,BACKFILL_AUTO
2026-07-12 03:27:54,1783826874,R_75,53071.7135,-1,16.22370000000228,BACKFILL_AUTO
2026-07-12 03:27:56,1783826876,R_75,53070.1145,-1,1.598999999994703,BACKFILL_AUTO
2026-07-12 03:27:58,1783826878,R_75,53066.1128,-1,4.00170000000071,BACKFILL_AUTO
2026-07-12 03:28:00,1783826880,R_75,53067.4517,1,1.338899999995192,BACKFILL_AUTO
2026-07-12 03:28:02,1783826882,R_75,53060.6058,-1,6.845900000000256,BACKFILL_AUTO
2026-07-12 03:28:04,1783826884,R_75,53048.0019,-1,12.60389999999461,BACKFILL_AUTO
2026-07-12 03:28:06,1783826886,R_75,53051.809,1,3.8070999999981723,BACKFILL_AUTO
2026-07-12 03:28:08,1783826888,R_75,53049.1909,-1,2.6180999999996857,BACKFILL_AUTO
2026-07-12 03:28:10,1783826890,R_75,53039.8969,-1,9.294000000001688,BACKFILL_AUTO
2026-07-12 03:28:12,1783826892,R_75,53048.0128,1,8.115899999997055,BACKFILL_AUTO
2026-07-12 03:28:14,1783826894,R_75,53037.8656,-1,10.14719999999943,BACKFILL_AUTO
2026-07-12 03:28:16,1783826896,R_75,53033.5239,-1,4.341699999997218,BACKFILL_AUTO
2026-07-12 03:28:18,1783826898,R_75,53035.2687,1,1.7448000000003958,BACKFILL_AUTO
2026-07-12 03:28:20,1783826900,R_75,53042.5015,1,7.232799999997951,BACKFILL_AUTO
2026-07-12 03:28:22,1783826902,R_75,53059.8703,1,17.36880000000383,BACKFILL_AUTO
2026-07-12 03:28:24,1783826904,R_75,53066.2926,1,6.4222999999983585,BACKFILL_AUTO
2026-07-12 03:28:26,1783826906,R_75,53063.4092,-1,2.883399999998801,BACKFILL_AUTO
2026-07-12 03:28:28,1783826908,R_75,53071.4484,1,8.039199999999255,BACKFILL_AUTO
2026-07-12 03:28:30,1783826910,R_75,53090.0755,1,18.62709999999788,BACKFILL_AUTO
2026-07-12 03:28:32,1783826912,R_75,53076.4589,-1,13.616600000001199,BACKFILL_AUTO
2026-07-12 03:28:34,1783826914,R_75,53076.7536,1,0.29469999999855645,BACKFILL_AUTO
2026-07-12 03:28:36,1783826916,R_75,53071.4859,-1,5.267699999996694,BACKFILL_AUTO
2026-07-12 03:28:38,1783826918,R_75,53078.1662,1,6.680299999999988,BACKFILL_AUTO
2026-07-12 03:28:40,1783826920,R_75,53072.7284,-1,5.437799999999697,BACKFILL_AUTO
2026-07-12 03:28:42,1783826922,R_75,53083.2259,1,10.497499999997672,BACKFILL_AUTO
2026-07-12 03:28:44,1783826924,R_75,53084.2677,1,1.041799999999057,BACKFILL_AUTO
2026-07-12 03:28:46,1783826926,R_75,53082.5818,-1,1.6858999999967637,BACKFILL_AUTO
2026-07-12 03:28:48,1783826928,R_75,53085.7727,1,3.1909000000014203,BACKFILL_AUTO
2026-07-12 03:28:50,1783826930,R_75,53084.4489,-1,1.3237999999983003,BACKFILL_AUTO
2026-07-12 03:28:52,1783826932,R_75,53090.3225,1,5.873599999998987,BACKFILL_AUTO
2026-07-12 03:28:54,1783826934,R_75,53079.0915,-1,11.230999999999767,BACKFILL_AUTO
2026-07-12 03:28:56,1783826936,R_75,53100.2445,1,21.15299999999843,BACKFILL_AUTO
2026-07-12 03:28:58,1783826938,R_75,53102.6857,1,2.4412000000011176,BACKFILL_AUTO
2026-07-12 03:29:00,1783826940,R_75,53098.974,-1,3.711699999999837,BACKFILL_AUTO
2026-07-12 03:29:02,1783826942,R_75,53098.447,-1,0.5270000000018626,BACKFILL_AUTO
2026-07-12 03:29:04,1783826944,R_75,53100.4509,1,2.003900000003341,BACKFILL_AUTO
2026-07-12 03:29:06,1783826946,R_75,53113.7893,1,13.338399999993271,BACKFILL_AUTO
2026-07-12 03:29:08,1783826948,R_75,53113.5035,-1,0.2857999999978347,BACKFILL_AUTO
2026-07-12 03:29:10,1783826950,R_75,53116.1116,1,2.6080999999976484,BACKFILL_AUTO
2026-07-12 03:29:12,1783826952,R_75,53131.0975,1,14.98590000000695,BACKFILL_AUTO
2026-07-12 03:29:14,1783826954,R_75,53126.6726,-1,4.424900000005437,BACKFILL_AUTO
2026-07-12 03:29:16,1783826956,R_75,53136.5829,1,9.91030000000319,BACKFILL_AUTO
2026-07-12 03:29:18,1783826958,R_75,53141.5492,1,4.966300000000047,BACKFILL_AUTO
2026-07-12 03:29:20,1783826960,R_75,53142.1569,1,0.6077000000004773,BACKFILL_AUTO
2026-07-12 03:29:22,1783826962,R_75,53140.9425,-1,1.2144000000043889,BACKFILL_AUTO
2026-07-12 03:29:24,1783826964,R_75,53128.0335,-1,12.90899999999965,BACKFILL_AUTO
2026-07-12 03:29:26,1783826966,R_75,53129.3217,1,1.2882000000026892,BACKFILL_AUTO
2026-07-12 03:29:28,1783826968,R_75,53117.6226,-1,11.699099999997998,BACKFILL_AUTO
2026-07-12 03:29:30,1783826970,R_75,53115.923,-1,1.6995999999999185,BACKFILL_AUTO
2026-07-12 03:29:32,1783826972,R_75,53133.5107,1,17.587699999996403,BACKFILL_AUTO
2026-07-12 03:29:34,1783826974,R_75,53146.5797,1,13.069000000003143,BACKFILL_AUTO
2026-07-12 03:29:36,1783826976,R_75,53139.5596,-1,7.020100000001548,BACKFILL_AUTO
2026-07-12 03:29:38,1783826978,R_75,53132.8094,-1,6.7502000000022235,BACKFILL_AUTO
2026-07-12 03:29:40,1783826980,R_75,53131.1605,-1,1.6489000000001397,BACKFILL_AUTO
2026-07-12 03:29:42,1783826982,R_75,53132.7757,1,1.6152000000001863,BACKFILL_AUTO
2026-07-12 03:29:44,1783826984,R_75,53124.8652,-1,7.910499999998137,BACKFILL_AUTO
2026-07-12 03:29:46,1783826986,R_75,53140.308,1,15.442799999997078,BACKFILL_AUTO
2026-07-12 03:29:48,1783826988,R_75,53136.3021,-1,4.005899999996473,BACKFILL_AUTO
2026-07-12 03:29:50,1783826990,R_75,53134.3759,-1,1.9262000000016997,BACKFILL_AUTO
2026-07-12 03:29:52,1783826992,R_75,53126.4592,-1,7.916700000001583,BACKFILL_AUTO
2026-07-12 03:29:54,1783826994,R_75,53121.2482,-1,5.210999999995693,BACKFILL_AUTO
2026-07-12 03:29:56,1783826996,R_75,53109.0597,-1,12.188500000003842,BACKFILL_AUTO
2026-07-12 03:29:58,1783826998,R_75,53106.2818,-1,2.7779000000009546,BACKFILL_AUTO
2026-07-12 03:30:00,1783827000,R_75,53099.4221,-1,6.859699999993609,BACKFILL_AUTO
2026-07-12 03:30:02,1783827002,R_75,53089.6362,-1,9.785900000002584,BACKFILL_AUTO
2026-07-12 03:30:04,1783827004,R_75,53082.268,-1,7.368200000004435,BACKFILL_AUTO
2026-07-12 03:30:06,1783827006,R_75,53087.3829,1,5.114900000000489,BACKFILL_AUTO
2026-07-12 03:30:08,1783827008,R_75,53084.9145,-1,2.468399999997928,BACKFILL_AUTO
2026-07-12 03:30:10,1783827010,R_75,53081.93,-1,2.9844999999986612,BACKFILL_AUTO
2026-07-12 03:30:12,1783827012,R_75,53088.7779,1,6.847900000000664,BACKFILL_AUTO
2026-07-12 03:30:14,1783827014,R_75,53103.6521,1,14.874199999998382,BACKFILL_AUTO
2026-07-12 03:30:16,1783827016,R_75,53113.0472,1,9.395100000001548,BACKFILL_AUTO
2026-07-12 03:30:18,1783827018,R_75,53116.3837,1,3.3364999999976135,BACKFILL_AUTO
2026-07-12 03:30:20,1783827020,R_75,53109.0529,-1,7.3307999999960884,BACKFILL_AUTO
2026-07-12 03:30:22,1783827022,R_75,53102.6497,-1,6.403200000000652,BACKFILL_AUTO
2026-07-12 03:30:24,1783827024,R_75,53092.5313,-1,10.118399999999383,BACKFILL_AUTO
2026-07-12 03:30:26,1783827026,R_75,53089.0631,-1,3.4682000000029802,BACKFILL_AUTO
2026-07-12 03:30:28,1783827028,R_75,53090.2908,1,1.2277000000030966,BACKFILL_AUTO
2026-07-12 03:30:30,1783827030,R_75,53105.8338,1,15.542999999997846,BACKFILL_AUTO
2026-07-12 03:30:32,1783827032,R_75,53112.8324,1,6.998599999998987,BACKFILL_AUTO
2026-07-12 03:30:34,1783827034,R_75,53104.6358,-1,8.196600000002945,BACKFILL_AUTO
2026-07-12 03:30:36,1783827036,R_75,53113.3353,1,8.699500000002445,BACKFILL_AUTO
2026-07-12 03:30:38,1783827038,R_75,53110.595,-1,2.74029999999766,BACKFILL_AUTO
2026-07-12 03:30:40,1783827040,R_75,53110.7432,1,0.1481999999959953,BACKFILL_AUTO
2026-07-12 03:30:42,1783827042,R_75,53118.7209,1,7.977700000003097,BACKFILL_AUTO
2026-07-12 03:30:44,1783827044,R_75,53107.79,-1,10.930899999999383,BACKFILL_AUTO
2026-07-12 03:30:46,1783827046,R_75,53093.204,-1,14.586000000002969,BACKFILL_AUTO
2026-07-12 03:30:48,1783827048,R_75,53085.5811,-1,7.622899999994843,BACKFILL_AUTO
2026-07-12 03:30:50,1783827050,R_75,53090.9353,1,5.354199999994307,BACKFILL_AUTO
2026-07-12 03:30:52,1783827052,R_75,53104.3383,1,13.403000000005704,BACKFILL_AUTO
2026-07-12 03:30:54,1783827054,R_75,53090.2621,-1,14.076200000003155,BACKFILL_AUTO
2026-07-12 03:30:56,1783827056,R_75,53072.1038,-1,18.158300000002782,BACKFILL_AUTO
2026-07-12 03:30:58,1783827058,R_75,53060.3781,-1,11.725699999995413,BACKFILL_AUTO
2026-07-12 03:31:00,1783827060,R_75,53060.1767,-1,0.20139999999810243,BACKFILL_AUTO
2026-07-12 03:31:02,1783827062,R_75,53051.0178,-1,9.158900000002177,BACKFILL_AUTO
2026-07-12 03:31:04,1783827064,R_75,53044.3316,-1,6.686200000003737,BACKFILL_AUTO
2026-07-12 03:31:06,1783827066,R_75,53052.3671,1,8.035500000005413,BACKFILL_AUTO
2026-07-12 03:31:08,1783827068,R_75,53077.4332,1,25.066099999996368,BACKFILL_AUTO
2026-07-12 03:31:10,1783827070,R_75,53091.8141,1,14.380900000003749,BACKFILL_AUTO
2026-07-12 03:31:12,1783827072,R_75,53099.5599,1,7.745799999996962,BACKFILL_AUTO
2026-07-12 03:31:14,1783827074,R_75,53108.7082,1,9.148300000000745,BACKFILL_AUTO
2026-07-12 03:31:16,1783827076,R_75,53094.6716,-1,14.036599999999453,BACKFILL_AUTO
2026-07-12 03:31:18,1783827078,R_75,53096.0354,1,1.3637999999991735,BACKFILL_AUTO
2026-07-12 03:31:20,1783827080,R_75,53093.4132,-1,2.6221999999979744,BACKFILL_AUTO
2026-07-12 03:31:22,1783827082,R_75,53072.3419,-1,21.071300000003248,BACKFILL_AUTO
2026-07-12 03:31:24,1783827084,R_75,53073.182,1,0.8401000000012573,BACKFILL_AUTO
2026-07-12 03:31:26,1783827086,R_75,53049.6098,-1,23.57220000000234,BACKFILL_AUTO
2026-07-12 03:31:28,1783827088,R_75,53055.965,1,6.355199999998149,BACKFILL_AUTO
2026-07-12 03:31:30,1783827090,R_75,53045.8561,-1,10.108899999999267,BACKFILL_AUTO
2026-07-12 03:31:32,1783827092,R_75,53043.3823,-1,2.4737999999997555,BACKFILL_AUTO
2026-07-12 03:31:34,1783827094,R_75,53046.6088,1,3.2265000000043074,BACKFILL_AUTO
2026-07-12 03:31:36,1783827096,R_75,53056.4285,1,9.819700000000012,BACKFILL_AUTO
2026-07-12 03:31:38,1783827098,R_75,53040.3848,-1,16.04370000000199,BACKFILL_AUTO
2026-07-12 03:31:40,1783827100,R_75,53042.5264,1,2.1416000000026543,BACKFILL_AUTO
2026-07-12 03:31:42,1783827102,R_75,53034.6113,-1,7.915100000005623,BACKFILL_AUTO
2026-07-12 03:31:44,1783827104,R_75,53039.1916,1,4.5803000000014435,BACKFILL_AUTO
2026-07-12 03:31:46,1783827106,R_75,53036.3689,-1,2.822699999996985,BACKFILL_AUTO
2026-07-12 03:31:48,1783827108,R_75,53018.1106,-1,18.258300000001327,BACKFILL_AUTO
2026-07-12 03:31:50,1783827110,R_75,53031.854,1,13.743399999999383,BACKFILL_AUTO
2026-07-12 03:31:52,1783827112,R_75,53031.9222,1,0.06820000000152504,BACKFILL_AUTO
2026-07-12 03:31:54,1783827114,R_75,53035.4367,1,3.514499999997497,BACKFILL_AUTO
2026-07-12 03:31:56,1783827116,R_75,53042.2068,1,6.770100000001548,BACKFILL_AUTO
2026-07-12 03:31:58,1783827118,R_75,53038.0406,-1,4.166199999999662,BACKFILL_AUTO
2026-07-12 03:32:00,1783827120,R_75,53004.57,-1,33.47060000000056,BACKFILL_AUTO
2026-07-12 03:32:02,1783827122,R_75,52995.8613,-1,8.708700000002864,BACKFILL_AUTO
2026-07-12 03:32:04,1783827124,R_75,52997.3353,1,1.474000000001979,BACKFILL_AUTO
2026-07-12 03:32:06,1783827126,R_75,52997.1013,-1,0.23399999999674037,BACKFILL_AUTO
2026-07-12 03:32:08,1783827128,R_75,53002.0268,1,4.925499999997555,BACKFILL_AUTO
2026-07-12 03:32:10,1783827130,R_75,53003.0994,1,1.072599999999511,BACKFILL_AUTO
2026-07-12 03:32:12,1783827132,R_75,53022.3709,1,19.27150000000256,BACKFILL_AUTO
2026-07-12 03:32:14,1783827134,R_75,53037.4586,1,15.087699999996403,BACKFILL_AUTO
2026-07-12 03:32:16,1783827136,R_75,53035.6863,-1,1.7722999999969034,BACKFILL_AUTO
2026-07-12 03:32:18,1783827138,R_75,53011.8651,-1,23.8211999999985,BACKFILL_AUTO
2026-07-12 03:32:20,1783827140,R_75,53021.7687,1,9.903599999997823,BACKFILL_AUTO
2026-07-12 03:32:22,1783827142,R_75,53025.814,1,4.045299999997951,BACKFILL_AUTO
2026-07-12 03:32:24,1783827144,R_75,53039.797,1,13.983000000000175,BACKFILL_AUTO
2026-07-12 03:32:26,1783827146,R_75,53046.0411,1,6.244100000003527,BACKFILL_AUTO
2026-07-12 03:32:28,1783827148,R_75,53045.8538,-1,0.18730000000505242,BACKFILL_AUTO
2026-07-12 03:32:30,1783827150,R_75,53032.2726,-1,13.581200000000536,BACKFILL_AUTO
2026-07-12 03:32:32,1783827152,R_75,53042.9718,1,10.699200000002747,BACKFILL_AUTO
2026-07-12 03:32:34,1783827154,R_75,53032.6944,-1,10.277399999999034,BACKFILL_AUTO
2026-07-12 03:32:36,1783827156,R_75,53008.0346,-1,24.65980000000127,BACKFILL_AUTO
2026-07-12 03:32:38,1783827158,R_75,52982.7188,-1,25.31579999999667,BACKFILL_AUTO
2026-07-12 03:32:40,1783827160,R_75,52990.777,1,8.058199999999488,BACKFILL_AUTO
2026-07-12 03:32:42,1783827162,R_75,53001.3946,1,10.617599999997765,BACKFILL_AUTO
2026-07-12 03:32:44,1783827164,R_75,52985.1551,-1,16.239499999996042,BACKFILL_AUTO
2026-07-12 03:32:46,1783827166,R_75,52992.4932,1,7.338099999993574,BACKFILL_AUTO
2026-07-12 03:32:48,1783827168,R_75,52991.2737,-1,1.2194999999992433,BACKFILL_AUTO
2026-07-12 03:32:50,1783827170,R_75,52970.3836,-1,20.89009999999689,BACKFILL_AUTO
2026-07-12 03:32:52,1783827172,R_75,52977.5197,1,7.136099999996077,BACKFILL_AUTO
2026-07-12 03:32:54,1783827174,R_75,52976.0138,-1,1.5058999999964726,BACKFILL_AUTO
2026-07-12 03:32:56,1783827176,R_75,52956.3726,-1,19.641199999998207,BACKFILL_AUTO
2026-07-12 03:32:58,1783827178,R_75,52965.0067,1,8.63409999999567,BACKFILL_AUTO
2026-07-12 03:33:00,1783827180,R_75,52966.4259,1,1.4192000000039116,BACKFILL_AUTO
2026-07-12 03:33:02,1783827182,R_75,52956.2997,-1,10.12619999999879,BACKFILL_AUTO
2026-07-12 03:33:04,1783827184,R_75,52950.8438,-1,5.455900000000838,BACKFILL_AUTO
2026-07-12 03:33:06,1783827186,R_75,52948.432,-1,2.4118000000016764,BACKFILL_AUTO
2026-07-12 03:33:08,1783827188,R_75,52939.2712,-1,9.160799999997835,BACKFILL_AUTO
2026-07-12 03:33:10,1783827190,R_75,52912.7236,-1,26.547600000005332,BACKFILL_AUTO
2026-07-12 03:33:12,1783827192,R_75,52913.8084,1,1.0848000000041793,BACKFILL_AUTO
2026-07-12 03:33:14,1783827194,R_75,52913.694,-1,0.11439999999856809,BACKFILL_AUTO
2026-07-12 03:33:16,1783827196,R_75,52911.9458,-1,1.748200000001816,BACKFILL_AUTO
2026-07-12 03:33:18,1783827198,R_75,52909.1062,-1,2.8395999999993364,BACKFILL_AUTO
2026-07-12 03:33:20,1783827200,R_75,52909.3005,1,0.19429999999556458,BACKFILL_AUTO
2026-07-12 03:33:22,1783827202,R_75,52919.2915,1,9.991000000001804,BACKFILL_AUTO
2026-07-12 03:33:24,1783827204,R_75,52915.154,-1,4.13749999999709,BACKFILL_AUTO
2026-07-12 03:33:26,1783827206,R_75,52924.5983,1,9.444299999995565,BACKFILL_AUTO
2026-07-12 03:33:28,1783827208,R_75,52923.9125,-1,0.6857999999992899,BACKFILL_AUTO
2026-07-12 03:33:30,1783827210,R_75,52920.7167,-1,3.195800000001327,BACKFILL_AUTO
2026-07-12 03:33:32,1783827212,R_75,52924.4906,1,3.7739000000001397,BACKFILL_AUTO
2026-07-12 03:33:34,1783827214,R_75,52939.2804,1,14.789800000005926,BACKFILL_AUTO
2026-07-12 03:33:36,1783827216,R_75,52944.1979,1,4.9174999999959255,BACKFILL_AUTO
2026-07-12 03:33:38,1783827218,R_75,52931.1806,-1,13.017299999999523,BACKFILL_AUTO
2026-07-12 03:33:40,1783827220,R_75,52914.6121,-1,16.568500000001222,BACKFILL_AUTO
2026-07-12 03:33:42,1783827222,R_75,52913.1011,-1,1.510999999998603,BACKFILL_AUTO
2026-07-12 03:33:44,1783827224,R_75,52908.9399,-1,4.161200000002282,BACKFILL_AUTO
2026-07-12 03:33:46,1783827226,R_75,52903.7192,-1,5.220699999998033,BACKFILL_AUTO
2026-07-12 03:33:48,1783827228,R_75,52895.6284,-1,8.090799999998126,BACKFILL_AUTO
2026-07-12 03:33:50,1783827230,R_75,52877.8292,-1,17.799200000001292,BACKFILL_AUTO
2026-07-12 03:33:52,1783827232,R_75,52869.9275,-1,7.901700000002165,BACKFILL_AUTO
2026-07-12 03:33:54,1783827234,R_75,52875.3692,1,5.441700000003038,BACKFILL_AUTO
2026-07-12 03:33:56,1783827236,R_75,52876.5082,1,1.1389999999955762,BACKFILL_AUTO
2026-07-12 03:33:58,1783827238,R_75,52861.1721,-1,15.336099999993166,BACKFILL_AUTO
2026-07-12 03:34:00,1783827240,R_75,52873.4613,1,12.289199999999255,BACKFILL_AUTO
2026-07-12 03:34:02,1783827242,R_75,52874.5116,1,1.0502999999953317,BACKFILL_AUTO
2026-07-12 03:34:04,1783827244,R_75,52881.3545,1,6.842900000003283,BACKFILL_AUTO
2026-07-12 03:34:06,1783827246,R_75,52872.6472,-1,8.707300000001851,BACKFILL_AUTO
2026-07-12 03:34:08,1783827248,R_75,52882.8811,1,10.233899999999267,BACKFILL_AUTO
2026-07-12 03:34:10,1783827250,R_75,52887.4423,1,4.561200000003737,BACKFILL_AUTO
2026-07-12 03:34:12,1783827252,R_75,52882.3827,-1,5.059600000000501,BACKFILL_AUTO
2026-07-12 03:34:14,1783827254,R_75,52883.64,1,1.2572999999974854,BACKFILL_AUTO
2026-07-12 03:34:16,1783827256,R_75,52883.2085,-1,0.43149999999877764,BACKFILL_AUTO
2026-07-12 03:34:18,1783827258,R_75,52875.4798,-1,7.728699999999662,BACKFILL_AUTO
2026-07-12 03:34:20,1783827260,R_75,52862.1585,-1,13.321300000003248,BACKFILL_AUTO
2026-07-12 03:34:22,1783827262,R_75,52851.9781,-1,10.180399999997462,BACKFILL_AUTO
2026-07-12 03:34:24,1783827264,R_75,52849.5299,-1,2.4481999999989057,BACKFILL_AUTO
2026-07-12 03:34:26,1783827266,R_75,52858.7903,1,9.260399999999208,BACKFILL_AUTO
2026-07-12 03:34:28,1783827268,R_75,52857.8942,-1,0.8960999999981141,BACKFILL_AUTO
2026-07-12 03:34:30,1783827270,R_75,52856.9072,-1,0.9870000000009895,BACKFILL_AUTO
2026-07-12 03:34:32,1783827272,R_75,52859.7077,1,2.8004999999975553,BACKFILL_AUTO
2026-07-12 03:34:34,1783827274,R_75,52853.3541,-1,6.353600000002189,BACKFILL_AUTO
2026-07-12 03:34:36,1783827276,R_75,52845.1168,-1,8.237299999993411,BACKFILL_AUTO
2026-07-12 03:34:38,1783827278,R_75,52858.0178,1,12.900999999998021,BACKFILL_AUTO
2026-07-12 03:34:40,1783827280,R_75,52843.1922,-1,14.82560000000376,BACKFILL_AUTO
2026-07-12 03:34:42,1783827282,R_75,52853.3663,1,10.174100000003818,BACKFILL_AUTO
2026-07-12 03:34:44,1783827284,R_75,52856.9938,1,3.6274999999950523,BACKFILL_AUTO
2026-07-12 03:34:46,1783827286,R_75,52854.9383,-1,2.055499999994936,BACKFILL_AUTO
2026-07-12 03:34:48,1783827288,R_75,52865.4052,1,10.466899999999441,BACKFILL_AUTO
2026-07-12 03:34:50,1783827290,R_75,52861.483,-1,3.9222000000008848,BACKFILL_AUTO
2026-07-12 03:34:52,1783827292,R_75,52856.3396,-1,5.143400000000838,BACKFILL_AUTO
2026-07-12 03:34:54,1783827294,R_75,52868.4451,1,12.105499999997846,BACKFILL_AUTO
2026-07-12 03:34:56,1783827296,R_75,52876.0733,1,7.628199999999197,BACKFILL_AUTO
2026-07-12 03:34:58,1783827298,R_75,52880.8008,1,4.727500000000873,BACKFILL_AUTO
2026-07-12 03:35:00,1783827300,R_75,52870.562,-1,10.238799999999173,BACKFILL_AUTO
2026-07-12 03:35:02,1783827302,R_75,52883.417,1,12.855000000003201,BACKFILL_AUTO
2026-07-12 03:35:04,1783827304,R_75,52895.1093,1,11.692299999995157,BACKFILL_AUTO
2026-07-12 03:35:06,1783827306,R_75,52895.0945,-1,0.01479999999719439,BACKFILL_AUTO
2026-07-12 03:35:08,1783827308,R_75,52910.9155,1,15.82100000000355,BACKFILL_AUTO
2026-07-12 03:35:10,1783827310,R_75,52922.3364,1,11.420899999997346,BACKFILL_AUTO
2026-07-12 03:35:12,1783827312,R_75,52925.4107,1,3.074300000000221,BACKFILL_AUTO
2026-07-12 03:35:14,1783827314,R_75,52921.9965,-1,3.414199999999255,BACKFILL_AUTO
2026-07-12 03:35:16,1783827316,R_75,52918.764,-1,3.2324999999982538,BACKFILL_AUTO
2026-07-12 03:35:18,1783827318,R_75,52908.3018,-1,10.462200000001758,BACKFILL_AUTO
2026-07-12 03:35:20,1783827320,R_75,52894.1395,-1,14.162300000003597,BACKFILL_AUTO
2026-07-12 03:35:22,1783827322,R_75,52889.4504,-1,4.68909999999596,BACKFILL_AUTO
2026-07-12 03:35:24,1783827324,R_75,52895.6817,1,6.2312999999994645,BACKFILL_AUTO
2026-07-12 03:35:26,1783827326,R_75,52891.3972,-1,4.284500000001572,BACKFILL_AUTO
2026-07-12 03:35:28,1783827328,R_75,52892.5414,1,1.1442000000024564,BACKFILL_AUTO
2026-07-12 03:35:30,1783827330,R_75,52890.1821,-1,2.3593000000037136,BACKFILL_AUTO
2026-07-12 03:35:32,1783827332,R_75,52892.7315,1,2.5494000000035157,BACKFILL_AUTO
2026-07-12 03:35:34,1783827334,R_75,52898.906,1,6.1745000000009895,BACKFILL_AUTO
2026-07-12 03:35:36,1783827336,R_75,52906.7257,1,7.819700000000012,BACKFILL_AUTO
2026-07-12 03:35:38,1783827338,R_75,52889.9657,-1,16.760000000002037,BACKFILL_AUTO
2026-07-12 03:35:40,1783827340,R_75,52880.6949,-1,9.270799999998417,BACKFILL_AUTO
2026-07-12 03:35:42,1783827342,R_75,52895.5326,1,14.837699999996403,BACKFILL_AUTO
2026-07-12 03:35:44,1783827344,R_75,52904.4806,1,8.948000000003958,BACKFILL_AUTO
2026-07-12 03:35:46,1783827346,R_75,52909.0614,1,4.5807999999960884,BACKFILL_AUTO
2026-07-12 03:35:48,1783827348,R_75,52898.5412,-1,10.520199999999022,BACKFILL_AUTO
2026-07-12 03:35:50,1783827350,R_75,52891.0553,-1,7.485899999999674,BACKFILL_AUTO
2026-07-12 03:35:52,1783827352,R_75,52901.7311,1,10.675799999997253,BACKFILL_AUTO
2026-07-12 03:35:54,1783827354,R_75,52897.0907,-1,4.640399999996589,BACKFILL_AUTO
2026-07-12 03:35:56,1783827356,R_75,52882.1035,-1,14.987200000003213,BACKFILL_AUTO
2026-07-12 03:35:58,1783827358,R_75,52881.7832,-1,0.3202999999994063,BACKFILL_AUTO
2026-07-12 03:36:00,1783827360,R_75,52881.9664,1,0.18319999999948777,BACKFILL_AUTO
2026-07-12 03:36:02,1783827362,R_75,52885.1136,1,3.1471999999994296,BACKFILL_AUTO
2026-07-12 03:36:04,1783827364,R_75,52871.8417,-1,13.271899999999732,BACKFILL_AUTO
2026-07-12 03:36:06,1783827366,R_75,52876.6653,1,4.823600000003353,BACKFILL_AUTO
2026-07-12 03:36:08,1783827368,R_75,52864.7581,-1,11.907200000001467,BACKFILL_AUTO
2026-07-12 03:36:10,1783827370,R_75,52862.5834,-1,2.174699999995937,BACKFILL_AUTO
2026-07-12 03:36:12,1783827372,R_75,52871.3132,1,8.729799999993702,BACKFILL_AUTO
2026-07-12 03:36:14,1783827374,R_75,52869.4198,-1,1.8933999999935622,BACKFILL_AUTO
2026-07-12 03:36:16,1783827376,R_75,52883.3256,1,13.905799999993178,BACKFILL_AUTO
2026-07-12 03:36:18,1783827378,R_75,52883.5687,1,0.24310000000696164,BACKFILL_AUTO
2026-07-12 03:36:20,1783827380,R_75,52878.2773,-1,5.291400000001886,BACKFILL_AUTO
2026-07-12 03:36:22,1783827382,R_75,52886.8293,1,8.551999999996042,BACKFILL_AUTO
2026-07-12 03:36:24,1783827384,R_75,52887.4582,1,0.6289000000033411,BACKFILL_AUTO
2026-07-12 03:36:26,1783827386,R_75,52886.6825,-1,0.7756999999983236,BACKFILL_AUTO
2026-07-12 03:36:28,1783827388,R_75,52881.2919,-1,5.3906000000060885,BACKFILL_AUTO
2026-07-12 03:36:30,1783827390,R_75,52865.4273,-1,15.864599999993516,BACKFILL_AUTO
2026-07-12 03:36:32,1783827392,R_75,52874.6465,1,9.219199999999546,BACKFILL_AUTO
2026-07-12 03:36:34,1783827394,R_75,52875.4859,1,0.8393999999971129,BACKFILL_AUTO
2026-07-12 03:36:36,1783827396,R_75,52876.4376,1,0.9516999999977998,BACKFILL_AUTO
2026-07-12 03:36:38,1783827398,R_75,52886.3462,1,9.90860000000248,BACKFILL_AUTO
2026-07-12 03:36:40,1783827400,R_75,52897.5661,1,11.219899999996414,BACKFILL_AUTO
2026-07-12 03:36:42,1783827402,R_75,52914.039,1,16.472900000000664,BACKFILL_AUTO
2026-07-12 03:36:44,1783827404,R_75,52913.7836,-1,0.25539999999455176,BACKFILL_AUTO
2026-07-12 03:36:46,1783827406,R_75,52907.9498,-1,5.833800000000338,BACKFILL_AUTO
2026-07-12 03:36:48,1783827408,R_75,52908.156,1,0.2062000000005355,BACKFILL_AUTO
2026-07-12 03:36:50,1783827410,R_75,52911.8873,1,3.7312999999994645,BACKFILL_AUTO
2026-07-12 03:36:52,1783827412,R_75,52910.334,-1,1.553299999999581,BACKFILL_AUTO
2026-07-12 03:36:54,1783827414,R_75,52893.2165,-1,17.11750000000029,BACKFILL_AUTO
2026-07-12 03:36:56,1783827416,R_75,52898.8045,1,5.5879999999961,BACKFILL_AUTO
2026-07-12 03:36:58,1783827418,R_75,52925.8903,1,27.085800000000745,BACKFILL_AUTO
2026-07-12 03:37:00,1783827420,R_75,52923.4258,-1,2.4645000000018626,BACKFILL_AUTO
2026-07-12 03:37:02,1783827422,R_75,52931.0506,1,7.624800000005052,BACKFILL_AUTO
2026-07-12 03:37:04,1783827424,R_75,52933.4384,1,2.387799999996787,BACKFILL_AUTO
2026-07-12 03:37:06,1783827426,R_75,52934.6219,1,1.183499999999185,BACKFILL_AUTO
2026-07-12 03:37:08,1783827428,R_75,52924.6775,-1,9.944400000000314,BACKFILL_AUTO
2026-07-12 03:37:10,1783827430,R_75,52926.0601,1,1.3826000000044587,BACKFILL_AUTO
2026-07-12 03:37:12,1783827432,R_75,52932.6627,1,6.602599999998347,BACKFILL_AUTO
2026-07-12 03:37:14,1783827434,R_75,52938.5963,1,5.933599999996659,BACKFILL_AUTO
2026-07-12 03:37:16,1783827436,R_75,52919.79,-1,18.806299999996554,BACKFILL_AUTO
2026-07-12 03:37:18,1783827438,R_75,52913.9726,-1,5.817399999999907,BACKFILL_AUTO
2026-07-12 03:37:20,1783827440,R_75,52933.3508,1,19.378199999999197,BACKFILL_AUTO
2026-07-12 03:37:22,1783827442,R_75,52935.1811,1,1.8303000000014435,BACKFILL_AUTO
2026-07-12 03:37:24,1783827444,R_75,52931.6915,-1,3.4896000000007916,BACKFILL_AUTO
2026-07-12 03:37:26,1783827446,R_75,52943.7626,1,12.071100000001024,BACKFILL_AUTO
2026-07-12 03:37:28,1783827448,R_75,52945.7903,1,2.027699999998731,BACKFILL_AUTO
2026-07-12 03:37:30,1783827450,R_75,52945.6449,-1,0.14540000000124564,BACKFILL_AUTO
2026-07-12 03:37:32,1783827452,R_75,52934.7242,-1,10.920700000002398,BACKFILL_AUTO
2026-07-12 03:37:34,1783827454,R_75,52957.8022,1,23.07800000000134,BACKFILL_AUTO
2026-07-12 03:37:36,1783827456,R_75,52939.4874,-1,18.314800000000105,BACKFILL_AUTO
2026-07-12 03:37:38,1783827458,R_75,52934.3315,-1,5.155899999997928,BACKFILL_AUTO
2026-07-12 03:37:40,1783827460,R_75,52944.043,1,9.711499999997613,BACKFILL_AUTO
2026-07-12 03:37:42,1783827462,R_75,52951.0029,1,6.959900000001653,BACKFILL_AUTO
2026-07-12 03:37:44,1783827464,R_75,52963.1748,1,12.171900000001187,BACKFILL_AUTO
2026-07-12 03:37:46,1783827466,R_75,52951.0941,-1,12.080699999998615,BACKFILL_AUTO
2026-07-12 03:37:48,1783827468,R_75,52943.09,-1,8.004100000005565,BACKFILL_AUTO
2026-07-12 03:37:50,1783827470,R_75,52946.1827,1,3.0927000000010594,BACKFILL_AUTO
2026-07-12 03:37:52,1783827472,R_75,52942.6512,-1,3.5314999999973224,BACKFILL_AUTO
2026-07-12 03:37:54,1783827474,R_75,52929.3183,-1,13.332900000001246,BACKFILL_AUTO
2026-07-12 03:37:56,1783827476,R_75,52927.3794,-1,1.9389000000010128,BACKFILL_AUTO
2026-07-12 03:37:58,1783827478,R_75,52937.126,1,9.74659999999858,BACKFILL_AUTO
2026-07-12 03:38:00,1783827480,R_75,52937.5738,1,0.4478000000017346,BACKFILL_AUTO
2026-07-12 03:38:02,1783827482,R_75,52937.8027,1,0.22890000000188593,BACKFILL_AUTO
2026-07-12 03:38:04,1783827484,R_75,52939.5362,1,1.7335000000020955,BACKFILL_AUTO
2026-07-12 03:38:06,1783827486,R_75,52950.9335,1,11.397299999996903,BACKFILL_AUTO
2026-07-12 03:38:08,1783827488,R_75,52944.1854,-1,6.748099999997066,BACKFILL_AUTO
2026-07-12 03:38:10,1783827490,R_75,52952.8096,1,8.624199999998382,BACKFILL_AUTO
2026-07-12 03:38:12,1783827492,R_75,52954.5273,1,1.7177000000010594,BACKFILL_AUTO
2026-07-12 03:38:14,1783827494,R_75,52951.789,-1,2.7383000000045286,BACKFILL_AUTO
2026-07-12 03:38:16,1783827496,R_75,52949.8221,-1,1.9668999999994412,BACKFILL_AUTO
2026-07-12 03:38:18,1783827498,R_75,52940.0037,-1,9.818399999996473,BACKFILL_AUTO
2026-07-12 03:38:20,1783827500,R_75,52950.9789,1,10.975200000000768,BACKFILL_AUTO
2026-07-12 03:38:22,1783827502,R_75,52958.4081,1,7.429199999998673,BACKFILL_AUTO
2026-07-12 03:38:24,1783827504,R_75,52950.8627,-1,7.545400000002701,BACKFILL_AUTO
2026-07-12 03:38:26,1783827506,R_75,52944.3386,-1,6.524099999995087,BACKFILL_AUTO
2026-07-12 03:38:28,1783827508,R_75,52960.2062,1,15.867599999997765,BACKFILL_AUTO
2026-07-12 03:38:30,1783827510,R_75,52950.4854,-1,9.720800000002782,BACKFILL_AUTO
2026-07-12 03:38:32,1783827512,R_75,52944.4316,-1,6.053799999994226,BACKFILL_AUTO
2026-07-12 03:38:34,1783827514,R_75,52955.2465,1,10.814899999997579,BACKFILL_AUTO
2026-07-12 03:38:36,1783827516,R_75,52963.3722,1,8.125699999996868,BACKFILL_AUTO
2026-07-12 03:38:38,1783827518,R_75,52962.0369,-1,1.3352999999988242,BACKFILL_AUTO
2026-07-12 03:38:40,1783827520,R_75,52948.9566,-1,13.080300000001444,BACKFILL_AUTO
2026-07-12 03:38:42,1783827522,R_75,52940.4171,-1,8.539499999998952,BACKFILL_AUTO
2026-07-12 03:38:44,1783827524,R_75,52927.5438,-1,12.87329999999929,BACKFILL_AUTO
2026-07-12 03:38:46,1783827526,R_75,52948.8782,1,21.334399999999732,BACKFILL_AUTO
2026-07-12 03:38:48,1783827528,R_75,52950.8092,1,1.9310000000041327,BACKFILL_AUTO
2026-07-12 03:38:50,1783827530,R_75,52938.6077,-1,12.201500000002852,BACKFILL_AUTO
2026-07-12 03:38:52,1783827532,R_75,52939.9027,1,1.2949999999982538,BACKFILL_AUTO
2026-07-12 03:38:54,1783827534,R_75,52936.2348,-1,3.6679000000003725,BACKFILL_AUTO
2026-07-12 03:38:56,1783827536,R_75,52942.1703,1,5.9354999999995925,BACKFILL_AUTO
2026-07-12 03:38:58,1783827538,R_75,52939.2476,-1,2.9226999999955297,BACKFILL_AUTO
2026-07-12 03:39:00,1783827540,R_75,52934.0509,-1,5.196700000000419,BACKFILL_AUTO
2026-07-12 03:39:02,1783827542,R_75,52925.616,-1,8.434900000000198,BACKFILL_AUTO
2026-07-12 03:39:04,1783827544,R_75,52935.0146,1,9.398600000000442,BACKFILL_AUTO
2026-07-12 03:39:06,1783827546,R_75,52941.9492,1,6.934600000000501,BACKFILL_AUTO
2026-07-12 03:39:08,1783827548,R_75,52949.8983,1,7.949099999997998,BACKFILL_AUTO
2026-07-12 03:39:10,1783827550,R_75,52941.2774,-1,8.620900000001711,BACKFILL_AUTO
2026-07-12 03:39:12,1783827552,R_75,52945.2037,1,3.9262999999991735,BACKFILL_AUTO
2026-07-12 03:39:14,1783827554,R_75,52951.6312,1,6.427500000005239,BACKFILL_AUTO
2026-07-12 03:39:16,1783827556,R_75,52938.2025,-1,13.428700000004028,BACKFILL_AUTO
2026-07-12 03:39:18,1783827558,R_75,52922.2959,-1,15.906600000002072,BACKFILL_AUTO
2026-07-12 03:39:20,1783827560,R_75,52920.4391,-1,1.8567999999941094,BACKFILL_AUTO
2026-07-12 03:39:22,1783827562,R_75,52921.5914,1,1.152299999994284,BACKFILL_AUTO
2026-07-12 03:39:24,1783827564,R_75,52923.0141,1,1.4227000000028056,BACKFILL_AUTO
2026-07-12 03:39:26,1783827566,R_75,52928.1763,1,5.1621999999988475,BACKFILL_AUTO
2026-07-12 03:39:28,1783827568,R_75,52929.3364,1,1.1601000000009662,BACKFILL_AUTO
2026-07-12 03:39:30,1783827570,R_75,52926.7833,-1,2.5530999999973574,BACKFILL_AUTO
2026-07-12 03:39:32,1783827572,R_75,52928.2205,1,1.4372000000003027,BACKFILL_AUTO
2026-07-12 03:39:34,1783827574,R_75,52932.583,1,4.362499999995634,BACKFILL_AUTO
2026-07-12 03:39:36,1783827576,R_75,52933.0695,1,0.4864999999990687,BACKFILL_AUTO
2026-07-12 03:39:38,1783827578,R_75,52936.38,1,3.3104999999995925,BACKFILL_AUTO
2026-07-12 03:39:40,1783827580,R_75,52929.5119,-1,6.868099999999686,BACKFILL_AUTO
2026-07-12 03:39:42,1783827582,R_75,52932.4875,1,2.9756000000052154,BACKFILL_AUTO
2026-07-12 03:39:44,1783827584,R_75,52936.6626,1,4.175100000000384,BACKFILL_AUTO
2026-07-12 03:39:46,1783827586,R_75,52937.7565,1,1.0938999999998487,BACKFILL_AUTO
2026-07-12 03:39:48,1783827588,R_75,52951.7565,1,14.0,BACKFILL_AUTO
2026-07-12 03:39:50,1783827590,R_75,52939.6744,-1,12.082099999999627,BACKFILL_AUTO
2026-07-12 03:39:52,1783827592,R_75,52947.634,1,7.95959999999468,BACKFILL_AUTO
2026-07-12 03:39:54,1783827594,R_75,52945.2027,-1,2.431299999996554,BACKFILL_AUTO
2026-07-12 03:39:56,1783827596,R_75,52940.6435,-1,4.5592000000033295,BACKFILL_AUTO
2026-07-12 03:39:58,1783827598,R_75,52942.1602,1,1.516700000000128,BACKFILL_AUTO
2026-07-12 03:40:00,1783827600,R_75,52928.9026,-1,13.257599999997183,BACKFILL_AUTO
2026-07-12 03:40:02,1783827602,R_75,52918.9632,-1,9.939400000002934,BACKFILL_AUTO
2026-07-12 03:40:04,1783827604,R_75,52923.0721,1,4.108899999999267,BACKFILL_AUTO
2026-07-12 03:40:06,1783827606,R_75,52926.3703,1,3.2982000000047265,BACKFILL_AUTO
2026-07-12 03:40:08,1783827608,R_75,52919.3437,-1,7.0266000000046915,BACKFILL_AUTO
2026-07-12 03:40:10,1783827610,R_75,52923.2215,1,3.8778000000020256,BACKFILL_AUTO
2026-07-12 03:40:12,1783827612,R_75,52937.4452,1,14.223700000002282,BACKFILL_AUTO
2026-07-12 03:40:14,1783827614,R_75,52930.5488,-1,6.896400000005087,BACKFILL_AUTO
2026-07-12 03:40:16,1783827616,R_75,52915.5477,-1,15.00109999999404,BACKFILL_AUTO
2026-07-12 03:40:18,1783827618,R_75,52915.5178,-1,0.02990000000136206,BACKFILL_AUTO
2026-07-12 03:40:20,1783827620,R_75,52914.1314,-1,1.38640000000305,BACKFILL_AUTO
2026-07-12 03:40:22,1783827622,R_75,52904.5829,-1,9.548499999997148,BACKFILL_AUTO
2026-07-12 03:40:24,1783827624,R_75,52899.8849,-1,4.698000000003958,BACKFILL_AUTO
2026-07-12 03:40:26,1783827626,R_75,52915.0815,1,15.196600000002945,BACKFILL_AUTO
2026-07-12 03:40:28,1783827628,R_75,52917.4219,1,2.3404000000009546,BACKFILL_AUTO
2026-07-12 03:40:30,1783827630,R_75,52917.5521,1,0.1301999999996042,BACKFILL_AUTO
2026-07-12 03:40:32,1783827632,R_75,52911.7649,-1,5.7871999999988475,BACKFILL_AUTO
2026-07-12 03:40:34,1783827634,R_75,52906.0783,-1,5.686600000000908,BACKFILL_AUTO
2026-07-12 03:40:36,1783827636,R_75,52893.1916,-1,12.886700000002747,BACKFILL_AUTO
2026-07-12 03:40:38,1783827638,R_75,52882.4575,-1,10.73410000000149,BACKFILL_AUTO
2026-07-12 03:40:40,1783827640,R_75,52874.2893,-1,8.16820000000007,BACKFILL_AUTO
2026-07-12 03:40:42,1783827642,R_75,52886.2517,1,11.962400000003981,BACKFILL_AUTO
2026-07-12 03:40:44,1783827644,R_75,52890.0013,1,3.749600000002829,BACKFILL_AUTO
2026-07-12 03:40:46,1783827646,R_75,52877.885,-1,12.116300000001502,BACKFILL_AUTO
2026-07-12 03:40:48,1783827648,R_75,52885.4285,1,7.543499999999767,BACKFILL_AUTO
2026-07-12 03:40:50,1783827650,R_75,52877.0525,-1,8.376000000003842,BACKFILL_AUTO
2026-07-12 03:40:52,1783827652,R_75,52888.3205,1,11.268000000003667,BACKFILL_AUTO
2026-07-12 03:40:54,1783827654,R_75,52900.2225,1,11.902000000001863,BACKFILL_AUTO
2026-07-12 03:40:56,1783827656,R_75,52898.2359,-1,1.9866000000038184,BACKFILL_AUTO
2026-07-12 03:40:58,1783827658,R_75,52900.8199,1,2.584000000002561,BACKFILL_AUTO
2026-07-12 03:41:00,1783827660,R_75,52892.2396,-1,8.580300000001444,BACKFILL_AUTO
2026-07-12 03:41:02,1783827662,R_75,52911.2094,1,18.96979999999894,BACKFILL_AUTO
2026-07-12 03:41:04,1783827664,R_75,52902.7439,-1,8.465499999998428,BACKFILL_AUTO
2026-07-12 03:41:06,1783827666,R_75,52912.127,1,9.383099999999104,BACKFILL_AUTO
2026-07-12 03:41:08,1783827668,R_75,52891.6667,-1,20.460299999998824,BACKFILL_AUTO
2026-07-12 03:41:10,1783827670,R_75,52903.0697,1,11.402999999998428,BACKFILL_AUTO
2026-07-12 03:41:12,1783827672,R_75,52909.748,1,6.678299999999581,BACKFILL_AUTO
2026-07-12 03:41:14,1783827674,R_75,52894.8335,-1,14.914499999998952,BACKFILL_AUTO
2026-07-12 03:41:16,1783827676,R_75,52898.6021,1,3.7685999999957858,BACKFILL_AUTO
2026-07-12 03:41:18,1783827678,R_75,52878.3823,-1,20.21979999999894,BACKFILL_AUTO
2026-07-12 03:41:20,1783827680,R_75,52873.3965,-1,4.985799999994924,BACKFILL_AUTO
2026-07-12 03:41:22,1783827682,R_75,52875.6286,1,2.2320999999938067,BACKFILL_AUTO
2026-07-12 03:41:24,1783827684,R_75,52873.7995,-1,1.8290999999953783,BACKFILL_AUTO
2026-07-12 03:41:26,1783827686,R_75,52851.6522,-1,22.14730000000418,BACKFILL_AUTO
2026-07-12 03:41:28,1783827688,R_75,52855.0157,1,3.363500000006752,BACKFILL_AUTO
2026-07-12 03:41:30,1783827690,R_75,52845.7924,-1,9.22330000000511,BACKFILL_AUTO
2026-07-12 03:41:32,1783827692,R_75,52853.2409,1,7.448499999998603,BACKFILL_AUTO
2026-07-12 03:41:34,1783827694,R_75,52864.2944,1,11.053500000001804,BACKFILL_AUTO
2026-07-12 03:41:36,1783827696,R_75,52858.3113,-1,5.983099999997648,BACKFILL_AUTO
2026-07-12 03:41:38,1783827698,R_75,52853.0835,-1,5.22780000000057,BACKFILL_AUTO
2026-07-12 03:41:40,1783827700,R_75,52847.492,-1,5.59150000000227,BACKFILL_AUTO
2026-07-12 03:41:42,1783827702,R_75,52836.9838,-1,10.508199999996577,BACKFILL_AUTO
2026-07-12 03:41:44,1783827704,R_75,52849.058,1,12.074199999995471,BACKFILL_AUTO
2026-07-12 03:41:46,1783827706,R_75,52850.297,1,1.239000000001397,BACKFILL_AUTO
2026-07-12 03:41:48,1783827708,R_75,52852.9734,1,2.676400000003923,BACKFILL_AUTO
2026-07-12 03:41:50,1783827710,R_75,52856.0786,1,3.105199999998149,BACKFILL_AUTO
2026-07-12 03:41:52,1783827712,R_75,52855.2909,-1,0.7877000000007683,BACKFILL_AUTO
2026-07-12 03:41:54,1783827714,R_75,52845.2281,-1,10.062799999999697,BACKFILL_AUTO
2026-07-12 03:41:56,1783827716,R_75,52845.2992,1,0.07110000000102445,BACKFILL_AUTO
2026-07-12 03:41:58,1783827718,R_75,52837.1476,-1,8.151600000004692,BACKFILL_AUTO
2026-07-12 03:42:00,1783827720,R_75,52827.431,-1,9.716599999999744,BACKFILL_AUTO
2026-07-12 03:42:02,1783827722,R_75,52829.1528,1,1.721800000006624,BACKFILL_AUTO
2026-07-12 03:42:04,1783827724,R_75,52827.8537,-1,1.2991000000038184,BACKFILL_AUTO
2026-07-12 03:42:06,1783827726,R_75,52830.8207,1,2.966999999996915,BACKFILL_AUTO
2026-07-12 03:42:08,1783827728,R_75,52819.8577,-1,10.9629999999961,BACKFILL_AUTO
2026-07-12 03:42:10,1783827730,R_75,52809.61,-1,10.247699999999895,BACKFILL_AUTO
2026-07-12 03:42:12,1783827732,R_75,52833.6971,1,24.087099999997008,BACKFILL_AUTO
2026-07-12 03:42:14,1783827734,R_75,52842.3555,1,8.658400000000256,BACKFILL_AUTO
2026-07-12 03:42:16,1783827736,R_75,52841.4177,-1,0.9377999999996973,BACKFILL_AUTO
2026-07-12 03:42:18,1783827738,R_75,52844.2193,1,2.8015999999988708,BACKFILL_AUTO
2026-07-12 03:42:20,1783827740,R_75,52844.9971,1,0.7778000000034808,BACKFILL_AUTO
2026-07-12 03:42:22,1783827742,R_75,52851.4679,1,6.470800000002782,BACKFILL_AUTO
2026-07-12 03:42:24,1783827744,R_75,52850.4981,-1,0.9698000000062166,BACKFILL_AUTO
2026-07-12 03:42:26,1783827746,R_75,52859.2708,1,8.77270000000135,BACKFILL_AUTO
2026-07-12 03:42:28,1783827748,R_75,52874.8995,1,15.628700000001118,BACKFILL_AUTO
2026-07-12 03:42:30,1783827750,R_75,52869.7136,-1,5.185899999996764,BACKFILL_AUTO
2026-07-12 03:42:32,1783827752,R_75,52867.1763,-1,2.5373000000035972,BACKFILL_AUTO
2026-07-12 03:42:34,1783827754,R_75,52880.0505,1,12.874199999998382,BACKFILL_AUTO
2026-07-12 03:42:36,1783827756,R_75,52887.8237,1,7.773200000003271,BACKFILL_AUTO
2026-07-12 03:42:38,1783827758,R_75,52892.0699,1,4.246200000001409,BACKFILL_AUTO
2026-07-12 03:42:40,1783827760,R_75,52885.4577,-1,6.612200000003213,BACKFILL_AUTO
2026-07-12 03:42:42,1783827762,R_75,52881.1853,-1,4.272400000001653,BACKFILL_AUTO
2026-07-12 03:42:44,1783827764,R_75,52906.1546,1,24.969300000004296,BACKFILL_AUTO
2026-07-12 03:42:46,1783827766,R_75,52902.803,-1,3.351600000001781,BACKFILL_AUTO
2026-07-12 03:42:48,1783827768,R_75,52914.5955,1,11.792500000003201,BACKFILL_AUTO
2026-07-12 03:42:50,1783827770,R_75,52937.0749,1,22.47939999999653,BACKFILL_AUTO
2026-07-12 03:42:52,1783827772,R_75,52953.4146,1,16.33969999999681,BACKFILL_AUTO
2026-07-12 03:42:54,1783827774,R_75,52965.2429,1,11.828300000001036,BACKFILL_AUTO
2026-07-12 03:42:56,1783827776,R_75,52969.5341,1,4.291199999999662,BACKFILL_AUTO
2026-07-12 03:42:58,1783827778,R_75,52972.5103,1,2.97620000000461,BACKFILL_AUTO
2026-07-12 03:43:00,1783827780,R_75,52969.8851,-1,2.6252000000022235,BACKFILL_AUTO
2026-07-12 03:43:02,1783827782,R_75,52953.7863,-1,16.098799999999756,BACKFILL_AUTO
2026-07-12 03:43:04,1783827784,R_75,52928.5549,-1,25.23139999999694,BACKFILL_AUTO
2026-07-12 03:43:06,1783827786,R_75,52918.0364,-1,10.518500000005588,BACKFILL_AUTO
2026-07-12 03:43:08,1783827788,R_75,52918.7358,1,0.6994000000049709,BACKFILL_AUTO
2026-07-12 03:43:10,1783827790,R_75,52912.3737,-1,6.362100000005739,BACKFILL_AUTO
2026-07-12 03:43:12,1783827792,R_75,52909.9066,-1,2.467099999994389,BACKFILL_AUTO
2026-07-12 03:43:14,1783827794,R_75,52929.2545,1,19.347900000000664,BACKFILL_AUTO
2026-07-12 03:43:16,1783827796,R_75,52926.5722,-1,2.682300000000396,BACKFILL_AUTO
2026-07-12 03:43:18,1783827798,R_75,52935.4301,1,8.857899999995425,BACKFILL_AUTO
2026-07-12 03:43:20,1783827800,R_75,52941.2582,1,5.828099999998813,BACKFILL_AUTO
2026-07-12 03:43:22,1783827802,R_75,52955.3259,1,14.06770000000688,BACKFILL_AUTO
2026-07-12 03:43:24,1783827804,R_75,52951.3531,-1,3.97280000000319,BACKFILL_AUTO
2026-07-12 03:43:26,1783827806,R_75,52963.7508,1,12.39770000000135,BACKFILL_AUTO
2026-07-12 03:43:28,1783827808,R_75,52952.7002,-1,11.050600000002305,BACKFILL_AUTO
2026-07-12 03:43:30,1783827810,R_75,52948.9309,-1,3.76929999999993,BACKFILL_AUTO
2026-07-12 03:43:32,1783827812,R_75,52960.4801,1,11.549200000001292,BACKFILL_AUTO
2026-07-12 03:43:34,1783827814,R_75,52962.3588,1,1.8787000000011176,BACKFILL_AUTO
2026-07-12 03:43:36,1783827816,R_75,52971.937,1,9.578199999996286,BACKFILL_AUTO
2026-07-12 03:43:38,1783827818,R_75,52971.9991,1,0.06210000000282889,BACKFILL_AUTO
2026-07-12 03:43:40,1783827820,R_75,52976.1913,1,4.192199999997683,BACKFILL_AUTO
2026-07-12 03:43:42,1783827822,R_75,52989.1131,1,12.921800000003714,BACKFILL_AUTO
2026-07-12 03:43:44,1783827824,R_75,52999.2336,1,10.120499999997264,BACKFILL_AUTO
2026-07-12 03:43:46,1783827826,R_75,52991.0181,-1,8.215499999998428,BACKFILL_AUTO
2026-07-12 03:43:48,1783827828,R_75,52981.2258,-1,9.792300000000978,BACKFILL_AUTO
2026-07-12 03:43:50,1783827830,R_75,52967.7326,-1,13.49319999999716,BACKFILL_AUTO
2026-07-12 03:43:52,1783827832,R_75,52961.3881,-1,6.344500000006519,BACKFILL_AUTO
2026-07-12 03:43:54,1783827834,R_75,52970.759,1,9.370900000001711,BACKFILL_AUTO
2026-07-12 03:43:56,1783827836,R_75,52959.5354,-1,11.223599999997532,BACKFILL_AUTO
2026-07-12 03:43:58,1783827838,R_75,52964.9836,1,5.448199999998906,BACKFILL_AUTO
2026-07-12 03:44:00,1783827840,R_75,52951.6461,-1,13.337500000001455,BACKFILL_AUTO
2026-07-12 03:44:02,1783827842,R_75,52948.7544,-1,2.891700000000128,BACKFILL_AUTO
2026-07-12 03:44:04,1783827844,R_75,52950.2672,1,1.512800000004063,BACKFILL_AUTO
2026-07-12 03:44:06,1783827846,R_75,52934.9554,-1,15.311800000003132,BACKFILL_AUTO
2026-07-12 03:44:08,1783827848,R_75,52936.7757,1,1.8202999999994063,BACKFILL_AUTO
2026-07-12 03:44:10,1783827850,R_75,52913.2912,-1,23.48449999999866,BACKFILL_AUTO
2026-07-12 03:44:12,1783827852,R_75,52905.6397,-1,7.651499999999942,BACKFILL_AUTO
2026-07-12 03:44:14,1783827854,R_75,52923.6245,1,17.98479999999836,BACKFILL_AUTO
2026-07-12 03:44:16,1783827856,R_75,52909.217,-1,14.407500000001164,BACKFILL_AUTO
2026-07-12 03:44:18,1783827858,R_75,52908.6796,-1,0.5373999999937951,BACKFILL_AUTO
2026-07-12 03:44:20,1783827860,R_75,52900.7275,-1,7.952100000002247,BACKFILL_AUTO
2026-07-12 03:44:22,1783827862,R_75,52901.0466,1,0.319100000000617,BACKFILL_AUTO
2026-07-12 03:44:24,1783827864,R_75,52889.2453,-1,11.801299999999173,BACKFILL_AUTO
2026-07-12 03:44:26,1783827866,R_75,52878.3046,-1,10.940699999999197,BACKFILL_AUTO
2026-07-12 03:44:28,1783827868,R_75,52886.1187,1,7.81409999999596,BACKFILL_AUTO
2026-07-12 03:44:30,1783827870,R_75,52869.5678,-1,16.550900000002002,BACKFILL_AUTO
2026-07-12 03:44:32,1783827872,R_75,52871.1109,1,1.543100000002596,BACKFILL_AUTO
2026-07-12 03:44:34,1783827874,R_75,52885.534,1,14.423099999999977,BACKFILL_AUTO
2026-07-12 03:44:36,1783827876,R_75,52901.7389,1,16.204899999996996,BACKFILL_AUTO
2026-07-12 03:44:38,1783827878,R_75,52919.4641,1,17.72520000000077,BACKFILL_AUTO
2026-07-12 03:44:40,1783827880,R_75,52916.8871,-1,2.576999999997497,BACKFILL_AUTO
2026-07-12 03:44:42,1783827882,R_75,52932.2191,1,15.332000000002154,BACKFILL_AUTO
2026-07-12 03:44:44,1783827884,R_75,52923.6074,-1,8.611700000001292,BACKFILL_AUTO
2026-07-12 03:44:46,1783827886,R_75,52928.3892,1,4.78179999999702,BACKFILL_AUTO
2026-07-12 03:44:48,1783827888,R_75,52931.5895,1,3.200300000004063,BACKFILL_AUTO
2026-07-12 03:44:50,1783827890,R_75,52929.5966,-1,1.992900000004738,BACKFILL_AUTO
2026-07-12 03:44:52,1783827892,R_75,52948.7748,1,19.178200000002107,BACKFILL_AUTO
2026-07-12 03:44:54,1783827894,R_75,52959.3666,1,10.591800000001967,BACKFILL_AUTO
2026-07-12 03:44:56,1783827896,R_75,52956.2174,-1,3.149199999999837,BACKFILL_AUTO
2026-07-12 03:44:58,1783827898,R_75,52953.6683,-1,2.5491000000038184,BACKFILL_AUTO
2026-07-12 03:45:00,1783827900,R_75,52959.9307,1,6.262399999999616,BACKFILL_AUTO
2026-07-12 03:45:02,1783827902,R_75,52955.6611,-1,4.2695999999996275,BACKFILL_AUTO
2026-07-12 03:45:04,1783827904,R_75,52953.5243,-1,2.136800000000221,BACKFILL_AUTO
2026-07-12 03:45:06,1783827906,R_75,52952.7183,-1,0.8059999999968568,BACKFILL_AUTO
2026-07-12 03:45:08,1783827908,R_75,52977.4673,1,24.74899999999616,BACKFILL_AUTO
2026-07-12 03:45:10,1783827910,R_75,52975.6597,-1,1.8076000000000931,BACKFILL_AUTO
2026-07-12 03:45:12,1783827912,R_75,52985.0963,1,9.436600000000908,BACKFILL_AUTO
2026-07-12 03:45:14,1783827914,R_75,52992.7332,1,7.636900000004971,BACKFILL_AUTO
2026-07-12 03:45:16,1783827916,R_75,53009.1283,1,16.395099999994272,BACKFILL_AUTO
2026-07-12 03:45:18,1783827918,R_75,52998.8029,-1,10.32539999999426,BACKFILL_AUTO
2026-07-12 03:45:20,1783827920,R_75,53001.0803,1,2.2773999999990338,BACKFILL_AUTO
2026-07-12 03:45:22,1783827922,R_75,52999.0008,-1,2.0794999999998254,BACKFILL_AUTO
2026-07-12 03:45:24,1783827924,R_75,53007.3695,1,8.36869999999908,BACKFILL_AUTO
2026-07-12 03:45:26,1783827926,R_75,53019.7979,1,12.428399999997055,BACKFILL_AUTO
2026-07-12 03:45:28,1783827928,R_75,53025.5956,1,5.797700000002806,BACKFILL_AUTO
2026-07-12 03:45:30,1783827930,R_75,53019.9568,-1,5.638800000000629,BACKFILL_AUTO
2026-07-12 03:45:32,1783827932,R_75,53008.5582,-1,11.398600000000442,BACKFILL_AUTO
2026-07-12 03:45:34,1783827934,R_75,53002.6591,-1,5.899100000002363,BACKFILL_AUTO
2026-07-12 03:45:36,1783827936,R_75,53001.2835,-1,1.3755999999993946,BACKFILL_AUTO
2026-07-12 03:45:38,1783827938,R_75,53013.3308,1,12.047300000005635,BACKFILL_AUTO
2026-07-12 03:45:40,1783827940,R_75,53012.9963,-1,0.334500000004482,BACKFILL_AUTO
2026-07-12 03:45:42,1783827942,R_75,53017.9327,1,4.9363999999986845,BACKFILL_AUTO
2026-07-12 03:45:44,1783827944,R_75,53021.1998,1,3.267100000004575,BACKFILL_AUTO
2026-07-12 03:45:46,1783827946,R_75,53029.9331,1,8.733299999999872,BACKFILL_AUTO
2026-07-12 03:45:48,1783827948,R_75,53030.4615,1,0.5283999999955995,BACKFILL_AUTO
2026-07-12 03:45:50,1783827950,R_75,53054.2706,1,23.809100000005856,BACKFILL_AUTO
2026-07-12 03:45:52,1783827952,R_75,53048.3033,-1,5.967300000003888,BACKFILL_AUTO
2026-07-12 03:45:54,1783827954,R_75,53028.9537,-1,19.349600000001374,BACKFILL_AUTO
2026-07-12 03:45:56,1783827956,R_75,53033.9893,1,5.035600000002887,BACKFILL_AUTO
2026-07-12 03:45:58,1783827958,R_75,53043.0591,1,9.069799999997485,BACKFILL_AUTO
2026-07-12 03:46:00,1783827960,R_75,53058.3823,1,15.323199999998906,BACKFILL_AUTO
2026-07-12 03:46:02,1783827962,R_75,53042.3306,-1,16.051699999996345,BACKFILL_AUTO
2026-07-12 03:46:04,1783827964,R_75,53030.5807,-1,11.749900000002526,BACKFILL_AUTO
2026-07-12 03:46:06,1783827966,R_75,53030.0683,-1,0.5123999999996158,BACKFILL_AUTO
2026-07-12 03:46:08,1783827968,R_75,53048.5645,1,18.49620000000141,BACKFILL_AUTO
2026-07-12 03:46:10,1783827970,R_75,53052.0509,1,3.486400000001595,BACKFILL_AUTO
2026-07-12 03:46:12,1783827972,R_75,53057.3876,1,5.336699999999837,BACKFILL_AUTO
2026-07-12 03:46:14,1783827974,R_75,53051.1147,-1,6.272900000003574,BACKFILL_AUTO
2026-07-12 03:46:16,1783827976,R_75,53036.0873,-1,15.027399999999034,BACKFILL_AUTO
2026-07-12 03:46:18,1783827978,R_75,53029.9789,-1,6.108399999997346,BACKFILL_AUTO
2026-07-12 03:46:20,1783827980,R_75,53035.2493,1,5.270400000001246,BACKFILL_AUTO
2026-07-12 03:46:22,1783827982,R_75,53034.5491,-1,0.7002000000065891,BACKFILL_AUTO
2026-07-12 03:46:24,1783827984,R_75,53033.667,-1,0.8820999999952619,BACKFILL_AUTO
2026-07-12 03:46:26,1783827986,R_75,53050.6501,1,16.98309999999765,BACKFILL_AUTO
2026-07-12 03:46:28,1783827988,R_75,53051.4593,1,0.8092000000033295,BACKFILL_AUTO
2026-07-12 03:46:30,1783827990,R_75,53054.732,1,3.2727000000013504,BACKFILL_AUTO
2026-07-12 03:46:32,1783827992,R_75,53057.8231,1,3.091099999997823,BACKFILL_AUTO
2026-07-12 03:46:34,1783827994,R_75,53056.677,-1,1.146099999998114,BACKFILL_AUTO
2026-07-12 03:46:36,1783827996,R_75,53063.8371,1,7.16009999999369,BACKFILL_AUTO
2026-07-12 03:46:38,1783827998,R_75,53061.767,-1,2.0700999999971827,BACKFILL_AUTO
2026-07-12 03:46:40,1783828000,R_75,53046.1261,-1,15.64089999999851,BACKFILL_AUTO
2026-07-12 03:46:42,1783828002,R_75,53056.0575,1,9.931400000001304,BACKFILL_AUTO
2026-07-12 03:46:44,1783828004,R_75,53054.8163,-1,1.241200000004028,BACKFILL_AUTO
2026-07-12 03:46:46,1783828006,R_75,53035.2413,-1,19.57499999999709,BACKFILL_AUTO
2026-07-12 03:46:48,1783828008,R_75,53045.1178,1,9.876499999998487,BACKFILL_AUTO
2026-07-12 03:46:50,1783828010,R_75,53043.4614,-1,1.6563999999998487,BACKFILL_AUTO
2026-07-12 03:46:52,1783828012,R_75,53046.7248,1,3.2634000000034575,BACKFILL_AUTO
2026-07-12 03:46:54,1783828014,R_75,53055.6658,1,8.940999999998894,BACKFILL_AUTO
2026-07-12 03:46:56,1783828016,R_75,53059.8426,1,4.176800000001094,BACKFILL_AUTO
2026-07-12 03:46:58,1783828018,R_75,53068.9434,1,9.100799999992887,BACKFILL_AUTO
2026-07-12 03:47:00,1783828020,R_75,53065.6682,-1,3.2751999999964028,BACKFILL_AUTO
2026-07-12 03:47:02,1783828022,R_75,53078.4126,1,12.744400000003225,BACKFILL_AUTO
2026-07-12 03:47:04,1783828024,R_75,53042.9812,-1,35.431400000001304,BACKFILL_AUTO
2026-07-12 03:47:06,1783828026,R_75,53036.6477,-1,6.33350000000064,BACKFILL_AUTO
2026-07-12 03:47:08,1783828028,R_75,53034.1488,-1,2.4988999999986845,BACKFILL_AUTO
2026-07-12 03:47:10,1783828030,R_75,53026.478,-1,7.670799999999872,BACKFILL_AUTO
2026-07-12 03:47:12,1783828032,R_75,53032.2618,1,5.783799999997427,BACKFILL_AUTO
2026-07-12 03:47:14,1783828034,R_75,53015.2479,-1,17.013899999998102,BACKFILL_AUTO
2026-07-12 03:47:16,1783828036,R_75,52989.5137,-1,25.734199999998964,BACKFILL_AUTO
2026-07-12 03:47:18,1783828038,R_75,52992.0057,1,2.49199999999837,BACKFILL_AUTO
2026-07-12 03:47:20,1783828040,R_75,52997.753,1,5.747299999995448,BACKFILL_AUTO
2026-07-12 03:47:22,1783828042,R_75,52979.7661,-1,17.98689999999624,BACKFILL_AUTO
2026-07-12 03:47:24,1783828044,R_75,52988.9184,1,9.15230000000156,BACKFILL_AUTO
2026-07-12 03:47:26,1783828046,R_75,52991.1329,1,2.2144999999945867,BACKFILL_AUTO
2026-07-12 03:47:28,1783828048,R_75,52990.5997,-1,0.5331999999980326,BACKFILL_AUTO
2026-07-12 03:47:30,1783828050,R_75,52994.965,1,4.36529999999766,BACKFILL_AUTO
2026-07-12 03:47:32,1783828052,R_75,52974.7393,-1,20.225699999995413,BACKFILL_AUTO
2026-07-12 03:47:34,1783828054,R_75,52970.937,-1,3.802300000003015,BACKFILL_AUTO
2026-07-12 03:47:36,1783828056,R_75,52970.8925,-1,0.04449999999633292,BACKFILL_AUTO
2026-07-12 03:47:38,1783828058,R_75,52970.2742,-1,0.6183000000019092,BACKFILL_AUTO
2026-07-12 03:47:40,1783828060,R_75,52941.7994,-1,28.47479999999632,BACKFILL_AUTO
2026-07-12 03:47:42,1783828062,R_75,52918.194,-1,23.605400000000373,BACKFILL_AUTO
2026-07-12 03:47:44,1783828064,R_75,52926.9771,1,8.783099999993283,BACKFILL_AUTO
2026-07-12 03:47:46,1783828066,R_75,52915.9217,-1,11.055399999997462,BACKFILL_AUTO
2026-07-12 03:47:48,1783828068,R_75,52921.6483,1,5.726600000001781,BACKFILL_AUTO
2026-07-12 03:47:50,1783828070,R_75,52919.796,-1,1.8522999999986496,BACKFILL_AUTO
2026-07-12 03:47:52,1783828072,R_75,52916.2737,-1,3.5223000000041793,BACKFILL_AUTO
2026-07-12 03:47:54,1783828074,R_75,52920.2137,1,3.9400000000023283,BACKFILL_AUTO
2026-07-12 03:47:56,1783828076,R_75,52917.9326,-1,2.2811000000001513,BACKFILL_AUTO
2026-07-12 03:47:58,1783828078,R_75,52912.2997,-1,5.63289999999688,BACKFILL_AUTO
2026-07-12 03:48:00,1783828080,R_75,52902.2338,-1,10.06590000000142,BACKFILL_AUTO
2026-07-12 03:48:02,1783828082,R_75,52895.29,-1,6.94380000000092,BACKFILL_AUTO
2026-07-12 03:48:04,1783828084,R_75,52900.047,1,4.756999999997788,BACKFILL_AUTO
2026-07-12 03:48:06,1783828086,R_75,52899.4419,-1,0.6051000000006752,BACKFILL_AUTO
2026-07-12 03:48:08,1783828088,R_75,52903.1607,1,3.718800000002375,BACKFILL_AUTO
2026-07-12 03:48:10,1783828090,R_75,52899.8318,-1,3.3289000000004307,BACKFILL_AUTO
2026-07-12 03:48:12,1783828092,R_75,52896.2012,-1,3.6305999999967753,BACKFILL_AUTO
2026-07-12 03:48:14,1783828094,R_75,52911.9218,1,15.720599999993283,BACKFILL_AUTO
2026-07-12 03:48:16,1783828096,R_75,52910.5235,-1,1.398299999993469,BACKFILL_AUTO
2026-07-12 03:48:18,1783828098,R_75,52928.5869,1,18.063399999999092,BACKFILL_AUTO
2026-07-12 03:48:20,1783828100,R_75,52920.0663,-1,8.52060000000347,BACKFILL_AUTO
2026-07-12 03:48:22,1783828102,R_75,52934.1783,1,14.11200000000099,BACKFILL_AUTO
2026-07-12 03:48:24,1783828104,R_75,52927.681,-1,6.497300000002724,BACKFILL_AUTO
2026-07-12 03:48:26,1783828106,R_75,52918.1325,-1,9.548499999997148,BACKFILL_AUTO
2026-07-12 03:48:28,1783828108,R_75,52903.1975,-1,14.934999999997672,BACKFILL_AUTO
2026-07-12 03:48:30,1783828110,R_75,52912.6971,1,9.499599999995553,BACKFILL_AUTO
2026-07-12 03:48:32,1783828112,R_75,52911.1292,-1,1.5678999999945518,BACKFILL_AUTO
2026-07-12 03:48:34,1783828114,R_75,52917.3129,1,6.183699999994133,BACKFILL_AUTO
2026-07-12 03:48:36,1783828116,R_75,52929.0616,1,11.748700000003737,BACKFILL_AUTO
2026-07-12 03:48:38,1783828118,R_75,52925.4416,-1,3.6200000000026193,BACKFILL_AUTO
2026-07-12 03:48:40,1783828120,R_75,52937.1847,1,11.743099999999686,BACKFILL_AUTO
2026-07-12 03:48:42,1783828122,R_75,52935.7204,-1,1.4642999999996391,BACKFILL_AUTO
2026-07-12 03:48:44,1783828124,R_75,52932.8707,-1,2.8496999999988475,BACKFILL_AUTO
2026-07-12 03:48:46,1783828126,R_75,52963.0248,1,30.154099999999744,BACKFILL_AUTO
2026-07-12 03:48:48,1783828128,R_75,52972.5448,1,9.520000000004075,BACKFILL_AUTO
2026-07-12 03:48:50,1783828130,R_75,52969.9765,-1,2.568300000006275,BACKFILL_AUTO
2026-07-12 03:48:52,1783828132,R_75,52972.4445,1,2.4680000000007567,BACKFILL_AUTO
2026-07-12 03:48:54,1783828134,R_75,52977.5798,1,5.135300000001735,BACKFILL_AUTO
2026-07-12 03:48:56,1783828136,R_75,52967.936,-1,9.64379999999801,BACKFILL_AUTO
2026-07-12 03:48:58,1783828138,R_75,52978.567,1,10.631000000001222,BACKFILL_AUTO
2026-07-12 03:49:00,1783828140,R_75,52992.0472,1,13.480199999998149,BACKFILL_AUTO
2026-07-12 03:49:02,1783828142,R_75,53004.6896,1,12.642399999996996,BACKFILL_AUTO
2026-07-12 03:49:04,1783828144,R_75,53013.1086,1,8.419000000001688,BACKFILL_AUTO
2026-07-12 03:49:06,1783828146,R_75,53004.311,-1,8.797599999998056,BACKFILL_AUTO
2026-07-12 03:49:08,1783828148,R_75,53022.2663,1,17.955300000001444,BACKFILL_AUTO
2026-07-12 03:49:10,1783828150,R_75,53051.6556,1,29.389299999995274,BACKFILL_AUTO
2026-07-12 03:49:12,1783828152,R_75,53050.6039,-1,1.0516999999963446,BACKFILL_AUTO
2026-07-12 03:49:14,1783828154,R_75,53045.0228,-1,5.581100000003062,BACKFILL_AUTO
2026-07-12 03:49:16,1783828156,R_75,53043.1093,-1,1.9135000000023865,BACKFILL_AUTO
2026-07-12 03:49:18,1783828158,R_75,53024.7184,-1,18.39089999999851,BACKFILL_AUTO
2026-07-12 03:49:20,1783828160,R_75,53033.7071,1,8.9887000000017,BACKFILL_AUTO
2026-07-12 03:49:22,1783828162,R_75,53046.9309,1,13.223799999999756,BACKFILL_AUTO
2026-07-12 03:49:24,1783828164,R_75,53029.5361,-1,17.39480000000185,BACKFILL_AUTO
2026-07-12 03:49:26,1783828166,R_75,53020.1847,-1,9.351399999999558,BACKFILL_AUTO
2026-07-12 03:49:28,1783828168,R_75,53014.9307,-1,5.254000000000815,BACKFILL_AUTO
2026-07-12 03:49:30,1783828170,R_75,52997.3844,-1,17.546299999994517,BACKFILL_AUTO
2026-07-12 03:49:32,1783828172,R_75,52989.0023,-1,8.382100000002538,BACKFILL_AUTO
2026-07-12 03:49:34,1783828174,R_75,52984.3532,-1,4.649100000002363,BACKFILL_AUTO
2026-07-12 03:49:36,1783828176,R_75,52977.051,-1,7.302199999998265,BACKFILL_AUTO
2026-07-12 03:49:38,1783828178,R_75,52983.4938,1,6.442799999997078,BACKFILL_AUTO
2026-07-12 03:49:40,1783828180,R_75,52986.9041,1,3.41030000000319,BACKFILL_AUTO
2026-07-12 03:49:42,1783828182,R_75,52983.132,-1,3.7721000000019558,BACKFILL_AUTO
2026-07-12 03:49:44,1783828184,R_75,52977.4596,-1,5.672399999995832,BACKFILL_AUTO
2026-07-12 03:49:46,1783828186,R_75,52991.883,1,14.423399999999674,BACKFILL_AUTO
2026-07-12 03:49:48,1783828188,R_75,52996.4667,1,4.583699999995588,BACKFILL_AUTO
2026-07-12 03:49:50,1783828190,R_75,52987.3439,-1,9.122799999997369,BACKFILL_AUTO
2026-07-12 03:49:52,1783828192,R_75,52995.5775,1,8.23359999999957,BACKFILL_AUTO
2026-07-12 03:49:54,1783828194,R_75,52998.2717,1,2.694199999998091,BACKFILL_AUTO
2026-07-12 03:49:56,1783828196,R_75,53005.5662,1,7.294500000003609,BACKFILL_AUTO
2026-07-12 03:49:58,1783828198,R_75,53016.7234,1,11.157200000001467,BACKFILL_AUTO
2026-07-12 03:50:00,1783828200,R_75,53028.9395,1,12.216099999997823,BACKFILL_AUTO
2026-07-12 03:50:02,1783828202,R_75,53038.6084,1,9.668899999996938,BACKFILL_AUTO
2026-07-12 03:50:04,1783828204,R_75,53042.0654,1,3.4570000000021537,BACKFILL_AUTO
2026-07-12 03:50:06,1783828206,R_75,53035.7535,-1,6.311900000000605,BACKFILL_AUTO
2026-07-12 03:50:08,1783828208,R_75,53035.8181,1,0.06459999999788124,BACKFILL_AUTO
2026-07-12 03:50:10,1783828210,R_75,53047.382,1,11.563900000001013,BACKFILL_AUTO
2026-07-12 03:50:12,1783828212,R_75,53030.8152,-1,16.566800000000512,BACKFILL_AUTO
2026-07-12 03:50:14,1783828214,R_75,53037.069,1,6.253800000005867,BACKFILL_AUTO
2026-07-12 03:50:16,1783828216,R_75,53031.1944,-1,5.874600000002829,BACKFILL_AUTO
2026-07-12 03:50:18,1783828218,R_75,53033.2277,1,2.0333000000027823,BACKFILL_AUTO
2026-07-12 03:50:20,1783828220,R_75,53044.7593,1,11.531599999994796,BACKFILL_AUTO
2026-07-12 03:50:22,1783828222,R_75,53049.0775,1,4.318200000001525,BACKFILL_AUTO
2026-07-12 03:50:24,1783828224,R_75,53059.75,1,10.672500000000582,BACKFILL_AUTO
2026-07-12 03:50:26,1783828226,R_75,53070.5618,1,10.811800000003132,BACKFILL_AUTO
2026-07-12 03:50:28,1783828228,R_75,53081.4568,1,10.894999999996799,BACKFILL_AUTO
2026-07-12 03:50:30,1783828230,R_75,53079.4579,-1,1.9988999999986845,BACKFILL_AUTO
2026-07-12 03:50:32,1783828232,R_75,53085.4158,1,5.957900000001246,BACKFILL_AUTO
2026-07-12 03:50:34,1783828234,R_75,53093.9396,1,8.52379999999539,BACKFILL_AUTO
2026-07-12 03:50:36,1783828236,R_75,53093.8799,-1,0.05969999999797437,BACKFILL_AUTO
2026-07-12 03:50:38,1783828238,R_75,53078.4658,-1,15.414100000001781,BACKFILL_AUTO
2026-07-12 03:50:40,1783828240,R_75,53067.0704,-1,11.395400000001246,BACKFILL_AUTO
2026-07-12 03:50:42,1783828242,R_75,53079.835,1,12.764600000002247,BACKFILL_AUTO
2026-07-12 03:50:44,1783828244,R_75,53077.5302,-1,2.3047999999980675,BACKFILL_AUTO
2026-07-12 03:50:46,1783828246,R_75,53096.2415,1,18.71129999999539,BACKFILL_AUTO
2026-07-12 03:50:48,1783828248,R_75,53080.7352,-1,15.506299999993644,BACKFILL_AUTO
2026-07-12 03:50:50,1783828250,R_75,53082.8097,1,2.0744999999951688,BACKFILL_AUTO
2026-07-12 03:50:52,1783828252,R_75,53072.0367,-1,10.773000000001048,BACKFILL_AUTO
2026-07-12 03:50:54,1783828254,R_75,53091.6879,1,19.651200000000244,BACKFILL_AUTO
2026-07-12 03:50:56,1783828256,R_75,53090.4312,-1,1.2566999999980908,BACKFILL_AUTO
2026-07-12 03:50:58,1783828258,R_75,53086.8467,-1,3.584499999997206,BACKFILL_AUTO
2026-07-12 03:51:00,1783828260,R_75,53092.1025,1,5.255799999998999,BACKFILL_AUTO
2026-07-12 03:51:02,1783828262,R_75,53099.9857,1,7.883199999996577,BACKFILL_AUTO
2026-07-12 03:51:04,1783828264,R_75,53101.8315,1,1.8458000000027823,BACKFILL_AUTO
2026-07-12 03:51:06,1783828266,R_75,53089.6608,-1,12.170700000002398,BACKFILL_AUTO
2026-07-12 03:51:08,1783828268,R_75,53078.7521,-1,10.908699999999953,BACKFILL_AUTO
2026-07-12 03:51:10,1783828270,R_75,53071.7303,-1,7.0217999999949825,BACKFILL_AUTO
2026-07-12 03:51:12,1783828272,R_75,53070.4361,-1,1.2942000000039116,BACKFILL_AUTO
2026-07-12 03:51:14,1783828274,R_75,53055.3847,-1,15.051399999996647,BACKFILL_AUTO
2026-07-12 03:51:16,1783828276,R_75,53056.8578,1,1.4730999999956111,BACKFILL_AUTO
2026-07-12 03:51:18,1783828278,R_75,53058.8754,1,2.01759999999922,BACKFILL_AUTO
2026-07-12 03:51:20,1783828280,R_75,53038.1606,-1,20.714799999994284,BACKFILL_AUTO
2026-07-12 03:51:22,1783828282,R_75,53034.317,-1,3.8436000000001513,BACKFILL_AUTO
2026-07-12 03:51:24,1783828284,R_75,53019.7682,-1,14.548800000004121,BACKFILL_AUTO
2026-07-12 03:51:26,1783828286,R_75,53009.8123,-1,9.955900000000838,BACKFILL_AUTO
2026-07-12 03:51:28,1783828288,R_75,53010.5148,1,0.7024999999994179,BACKFILL_AUTO
2026-07-12 03:51:30,1783828290,R_75,53012.3435,1,1.8287000000054832,BACKFILL_AUTO
2026-07-12 03:51:32,1783828292,R_75,53018.347,1,6.003499999998894,BACKFILL_AUTO
2026-07-12 03:51:34,1783828294,R_75,53041.5712,1,23.224199999996927,BACKFILL_AUTO
2026-07-12 03:51:36,1783828296,R_75,53048.3859,1,6.814700000002631,BACKFILL_AUTO
2026-07-12 03:51:38,1783828298,R_75,53059.0748,1,10.688900000001013,BACKFILL_AUTO
2026-07-12 03:51:40,1783828300,R_75,53073.3586,1,14.283799999997427,BACKFILL_AUTO
2026-07-12 03:51:42,1783828302,R_75,53067.1869,-1,6.171699999998964,BACKFILL_AUTO
2026-07-12 03:51:44,1783828304,R_75,53075.9632,1,8.776299999997718,BACKFILL_AUTO
2026-07-12 03:51:46,1783828306,R_75,53072.3507,-1,3.6124999999956344,BACKFILL_AUTO
2026-07-12 03:51:48,1783828308,R_75,53065.599,-1,6.75170000000071,BACKFILL_AUTO
2026-07-12 03:51:50,1783828310,R_75,53070.8062,1,5.207199999997101,BACKFILL_AUTO
2026-07-12 03:51:52,1783828312,R_75,53061.1013,-1,9.704899999996996,BACKFILL_AUTO
2026-07-12 03:51:54,1783828314,R_75,53067.7278,1,6.626499999998487,BACKFILL_AUTO
2026-07-12 03:51:56,1783828316,R_75,53071.7189,1,3.9910999999992782,BACKFILL_AUTO
2026-07-12 03:51:58,1783828318,R_75,53079.0145,1,7.295599999997648,BACKFILL_AUTO
2026-07-12 03:52:00,1783828320,R_75,53087.7903,1,8.775800000003073,BACKFILL_AUTO
2026-07-12 03:52:02,1783828322,R_75,53071.2095,-1,16.580800000003364,BACKFILL_AUTO
2026-07-12 03:52:04,1783828324,R_75,53069.7644,-1,1.4450999999971827,BACKFILL_AUTO
2026-07-12 03:52:06,1783828326,R_75,53071.5141,1,1.7497000000003027,BACKFILL_AUTO
2026-07-12 03:52:08,1783828328,R_75,53068.1209,-1,3.3931999999986147,BACKFILL_AUTO
2026-07-12 03:52:10,1783828330,R_75,53106.2578,1,38.136899999997695,BACKFILL_AUTO
2026-07-12 03:52:12,1783828332,R_75,53094.5377,-1,11.720099999998638,BACKFILL_AUTO
2026-07-12 03:52:14,1783828334,R_75,53099.0865,1,4.548799999996845,BACKFILL_AUTO
2026-07-12 03:52:16,1783828336,R_75,53087.7245,-1,11.36200000000099,BACKFILL_AUTO
2026-07-12 03:52:18,1783828338,R_75,53087.3853,-1,0.33919999999488937,BACKFILL_AUTO
2026-07-12 03:52:20,1783828340,R_75,53078.5119,-1,8.87340000000404,BACKFILL_AUTO
2026-07-12 03:52:22,1783828342,R_75,53076.4544,-1,2.0574999999953434,BACKFILL_AUTO
2026-07-12 03:52:24,1783828344,R_75,53077.9081,1,1.4536999999982072,BACKFILL_AUTO
2026-07-12 03:52:26,1783828346,R_75,53081.674,1,3.76589999999851,BACKFILL_AUTO
2026-07-12 03:52:28,1783828348,R_75,53097.6578,1,15.983800000001793,BACKFILL_AUTO
2026-07-12 03:52:30,1783828350,R_75,53095.1748,-1,2.4830000000001746,BACKFILL_AUTO
2026-07-12 03:52:32,1783828352,R_75,53092.6964,-1,2.478399999999965,BACKFILL_AUTO
2026-07-12 03:52:34,1783828354,R_75,53076.6982,-1,15.998200000001816,BACKFILL_AUTO
2026-07-12 03:52:36,1783828356,R_75,53069.0126,-1,7.685599999997066,BACKFILL_AUTO
2026-07-12 03:52:38,1783828358,R_75,53065.9238,-1,3.088800000004994,BACKFILL_AUTO
2026-07-12 03:52:40,1783828360,R_75,53053.0675,-1,12.856299999999464,BACKFILL_AUTO
2026-07-12 03:52:42,1783828362,R_75,53053.4956,1,0.42810000000463333,BACKFILL_AUTO
2026-07-12 03:52:44,1783828364,R_75,53037.548,-1,15.947599999999511,BACKFILL_AUTO
2026-07-12 03:52:46,1783828366,R_75,53058.6427,1,21.09469999999419,BACKFILL_AUTO
2026-07-12 03:52:48,1783828368,R_75,53067.3519,1,8.709200000004785,BACKFILL_AUTO
2026-07-12 03:52:50,1783828370,R_75,53075.18,1,7.828099999998813,BACKFILL_AUTO
2026-07-12 03:52:52,1783828372,R_75,53075.8915,1,0.7114999999976135,BACKFILL_AUTO
2026-07-12 03:52:54,1783828374,R_75,53082.2826,1,6.391100000000733,BACKFILL_AUTO
2026-07-12 03:52:56,1783828376,R_75,53089.9093,1,7.62670000000071,BACKFILL_AUTO
2026-07-12 03:52:58,1783828378,R_75,53088.345,-1,1.564299999998184,BACKFILL_AUTO
2026-07-12 03:53:00,1783828380,R_75,53083.2749,-1,5.070100000004459,BACKFILL_AUTO
2026-07-12 03:53:02,1783828382,R_75,53067.6754,-1,15.599499999996624,BACKFILL_AUTO
2026-07-12 03:53:04,1783828384,R_75,53060.0238,-1,7.651599999997416,BACKFILL_AUTO
2026-07-12 03:53:06,1783828386,R_75,53052.1876,-1,7.836200000005192,BACKFILL_AUTO
2026-07-12 03:53:08,1783828388,R_75,53056.7268,1,4.539199999999255,BACKFILL_AUTO
2026-07-12 03:53:10,1783828390,R_75,53045.3644,-1,11.36239999999816,BACKFILL_AUTO
2026-07-12 03:53:12,1783828392,R_75,53057.9132,1,12.548800000004121,BACKFILL_AUTO
2026-07-12 03:53:14,1783828394,R_75,53047.8653,-1,10.04790000000503,BACKFILL_AUTO
2026-07-12 03:53:16,1783828396,R_75,53050.9087,1,3.0434000000022934,BACKFILL_AUTO
2026-07-12 03:53:18,1783828398,R_75,53053.2279,1,2.319199999998091,BACKFILL_AUTO
2026-07-12 03:53:20,1783828400,R_75,53047.8701,-1,5.357799999997951,BACKFILL_AUTO
2026-07-12 03:53:22,1783828402,R_75,53054.8914,1,7.021300000000338,BACKFILL_AUTO
2026-07-12 03:53:24,1783828404,R_75,53062.8169,1,7.925499999997555,BACKFILL_AUTO
2026-07-12 03:53:26,1783828406,R_75,53060.0268,-1,2.790099999998347,BACKFILL_AUTO
2026-07-12 03:53:28,1783828408,R_75,53043.5398,-1,16.48700000000099,BACKFILL_AUTO
2026-07-12 03:53:30,1783828410,R_75,53039.6169,-1,3.922899999997753,BACKFILL_AUTO
2026-07-12 03:53:32,1783828412,R_75,53045.2479,1,5.631000000001222,BACKFILL_AUTO
2026-07-12 03:53:34,1783828414,R_75,53025.1435,-1,20.104400000003807,BACKFILL_AUTO
2026-07-12 03:53:36,1783828416,R_75,53025.1253,-1,0.018199999998614658,BACKFILL_AUTO
2026-07-12 03:53:38,1783828418,R_75,53020.4179,-1,4.707399999999325,BACKFILL_AUTO
2026-07-12 03:53:40,1783828420,R_75,53025.8531,1,5.435199999999895,BACKFILL_AUTO
2026-07-12 03:53:42,1783828422,R_75,53035.7154,1,9.862300000000687,BACKFILL_AUTO
2026-07-12 03:53:44,1783828424,R_75,53041.3474,1,5.631999999997788,BACKFILL_AUTO
2026-07-12 03:53:46,1783828426,R_75,53012.9986,-1,28.348799999999756,BACKFILL_AUTO
2026-07-12 03:53:48,1783828428,R_75,53013.59,1,0.5913999999975204,BACKFILL_AUTO
2026-07-12 03:53:50,1783828430,R_75,53018.2708,1,4.680800000001909,BACKFILL_AUTO
2026-07-12 03:53:52,1783828432,R_75,53015.702,-1,2.5688000000009197,BACKFILL_AUTO
2026-07-12 03:53:54,1783828434,R_75,53026.8133,1,11.111300000004121,BACKFILL_AUTO
2026-07-12 03:53:56,1783828436,R_75,53021.3271,-1,5.486199999999371,BACKFILL_AUTO
2026-07-12 03:53:58,1783828438,R_75,53029.5283,1,8.201199999995879,BACKFILL_AUTO
2026-07-12 03:54:00,1783828440,R_75,53023.7447,-1,5.783599999995204,BACKFILL_AUTO
2026-07-12 03:54:02,1783828442,R_75,53025.7268,1,1.9820999999938067,BACKFILL_AUTO
2026-07-12 03:54:04,1783828444,R_75,53033.207,1,7.480200000005425,BACKFILL_AUTO
2026-07-12 03:54:06,1783828446,R_75,53029.3569,-1,3.8501000000032946,BACKFILL_AUTO
2026-07-12 03:54:08,1783828448,R_75,53018.1581,-1,11.1987999999983,BACKFILL_AUTO
2026-07-12 03:54:10,1783828450,R_75,53026.0782,1,7.9201000000030035,BACKFILL_AUTO
2026-07-12 03:54:12,1783828452,R_75,53028.7345,1,2.656299999995099,BACKFILL_AUTO
2026-07-12 03:54:14,1783828454,R_75,53039.604,1,10.869500000000698,BACKFILL_AUTO
2026-07-12 03:54:16,1783828456,R_75,53038.4147,-1,1.189299999998184,BACKFILL_AUTO
2026-07-12 03:54:18,1783828458,R_75,53051.1075,1,12.692799999997078,BACKFILL_AUTO
2026-07-12 03:54:20,1783828460,R_75,53054.1263,1,3.0188000000052853,BACKFILL_AUTO
2026-07-12 03:54:22,1783828462,R_75,53053.9981,-1,0.1282000000064727,BACKFILL_AUTO
2026-07-12 03:54:24,1783828464,R_75,53071.6326,1,17.634500000000116,BACKFILL_AUTO
2026-07-12 03:54:26,1783828466,R_75,53066.1601,-1,5.4724999999962165,BACKFILL_AUTO
2026-07-12 03:54:28,1783828468,R_75,53082.0072,1,15.847099999999045,BACKFILL_AUTO
2026-07-12 03:54:30,1783828470,R_75,53080.7978,-1,1.2093999999997322,BACKFILL_AUTO
2026-07-12 03:54:32,1783828472,R_75,53085.4705,1,4.672700000002806,BACKFILL_AUTO
2026-07-12 03:54:34,1783828474,R_75,53068.4597,-1,17.010800000003655,BACKFILL_AUTO
2026-07-12 03:54:36,1783828476,R_75,53062.6897,-1,5.769999999996799,BACKFILL_AUTO
2026-07-12 03:54:38,1783828478,R_75,53080.8322,1,18.14249999999447,BACKFILL_AUTO
2026-07-12 03:54:40,1783828480,R_75,53077.0009,-1,3.8312999999980093,BACKFILL_AUTO
2026-07-12 03:54:42,1783828482,R_75,53060.8267,-1,16.174200000001292,BACKFILL_AUTO
2026-07-12 03:54:44,1783828484,R_75,53065.9639,1,5.137200000004668,BACKFILL_AUTO
2026-07-12 03:54:46,1783828486,R_75,53067.1611,1,1.197199999995064,BACKFILL_AUTO
2026-07-12 03:54:48,1783828488,R_75,53067.1504,-1,0.010699999998905696,BACKFILL_AUTO
2026-07-12 03:54:50,1783828490,R_75,53069.9816,1,2.8312000000005355,BACKFILL_AUTO
2026-07-12 03:54:52,1783828492,R_75,53064.2481,-1,5.7335000000020955,BACKFILL_AUTO
2026-07-12 03:54:54,1783828494,R_75,53076.6716,1,12.423500000004424,BACKFILL_AUTO
2026-07-12 03:54:56,1783828496,R_75,53076.7201,1,0.048499999997147825,BACKFILL_AUTO
2026-07-12 03:54:58,1783828498,R_75,53080.1305,1,3.4104000000006636,BACKFILL_AUTO
2026-07-12 03:55:00,1783828500,R_75,53062.6862,-1,17.44430000000284,BACKFILL_AUTO
2026-07-12 03:55:02,1783828502,R_75,53056.3637,-1,6.322499999994761,BACKFILL_AUTO
2026-07-12 03:55:04,1783828504,R_75,53065.3051,1,8.941399999996065,BACKFILL_AUTO
2026-07-12 03:55:06,1783828506,R_75,53075.9044,1,10.599300000001676,BACKFILL_AUTO
2026-07-12 03:55:08,1783828508,R_75,53076.5463,1,0.6419000000023516,BACKFILL_AUTO
2026-07-12 03:55:10,1783828510,R_75,53094.1054,1,17.55909999999858,BACKFILL_AUTO
2026-07-12 03:55:12,1783828512,R_75,53092.446,-1,1.6593999999968219,BACKFILL_AUTO
2026-07-12 03:55:14,1783828514,R_75,53102.0173,1,9.571299999995972,BACKFILL_AUTO
2026-07-12 03:55:16,1783828516,R_75,53105.0839,1,3.0665999999982887,BACKFILL_AUTO
2026-07-12 03:55:18,1783828518,R_75,53103.0871,-1,1.9968000000008033,BACKFILL_AUTO
2026-07-12 03:55:20,1783828520,R_75,53090.2549,-1,12.832199999997101,BACKFILL_AUTO
2026-07-12 03:55:22,1783828522,R_75,53079.7809,-1,10.474000000001979,BACKFILL_AUTO
2026-07-12 03:55:24,1783828524,R_75,53083.4694,1,3.6885000000038417,BACKFILL_AUTO
2026-07-12 03:55:26,1783828526,R_75,53082.468,-1,1.0014000000010128,BACKFILL_AUTO
2026-07-12 03:55:28,1783828528,R_75,53091.2809,1,8.812899999997171,BACKFILL_AUTO
2026-07-12 03:55:30,1783828530,R_75,53098.8302,1,7.549299999998766,BACKFILL_AUTO
2026-07-12 03:55:32,1783828532,R_75,53108.3979,1,9.56770000000688,BACKFILL_AUTO
2026-07-12 03:55:34,1783828534,R_75,53125.0314,1,16.633499999996275,BACKFILL_AUTO
2026-07-12 03:55:36,1783828536,R_75,53118.6437,-1,6.387699999999313,BACKFILL_AUTO
2026-07-12 03:55:38,1783828538,R_75,53123.5663,1,4.922599999998056,BACKFILL_AUTO
2026-07-12 03:55:40,1783828540,R_75,53117.1542,-1,6.412100000001374,BACKFILL_AUTO
2026-07-12 03:55:42,1783828542,R_75,53090.8036,-1,26.35059999999794,BACKFILL_AUTO
2026-07-12 03:55:44,1783828544,R_75,53083.1339,-1,7.6696999999985565,BACKFILL_AUTO
2026-07-12 03:55:46,1783828546,R_75,53070.8168,-1,12.31710000000021,BACKFILL_AUTO
2026-07-12 03:55:48,1783828548,R_75,53068.012,-1,2.8047999999980675,BACKFILL_AUTO
2026-07-12 03:55:50,1783828550,R_75,53068.6193,1,0.6072999999960302,BACKFILL_AUTO
2026-07-12 03:55:52,1783828552,R_75,53066.0802,-1,2.539100000001781,BACKFILL_AUTO
2026-07-12 03:55:54,1783828554,R_75,53059.8001,-1,6.28009999999631,BACKFILL_AUTO
2026-07-12 03:55:56,1783828556,R_75,53070.8234,1,11.023300000000745,BACKFILL_AUTO
2026-07-12 03:55:58,1783828558,R_75,53069.3033,-1,1.5201000000015483,BACKFILL_AUTO
2026-07-12 03:56:00,1783828560,R_75,53064.4872,-1,4.816099999996368,BACKFILL_AUTO
2026-07-12 03:56:02,1783828562,R_75,53045.4044,-1,19.082800000003772,BACKFILL_AUTO
2026-07-12 03:56:04,1783828564,R_75,53039.6144,-1,5.790000000000873,BACKFILL_AUTO
2026-07-12 03:56:06,1783828566,R_75,53059.5146,1,19.90020000000368,BACKFILL_AUTO
2026-07-12 03:56:08,1783828568,R_75,53058.1233,-1,1.391300000002957,BACKFILL_AUTO
2026-07-12 03:56:10,1783828570,R_75,53074.6193,1,16.495999999999185,BACKFILL_AUTO
2026-07-12 03:56:12,1783828572,R_75,53070.0265,-1,4.592799999998533,BACKFILL_AUTO
2026-07-12 03:56:14,1783828574,R_75,53054.4739,-1,15.552600000002712,BACKFILL_AUTO
2026-07-12 03:56:16,1783828576,R_75,53045.4762,-1,8.997699999999895,BACKFILL_AUTO
2026-07-12 03:56:18,1783828578,R_75,53043.2615,-1,2.21469999999681,BACKFILL_AUTO
2026-07-12 03:56:20,1783828580,R_75,53021.5119,-1,21.74960000000283,BACKFILL_AUTO
2026-07-12 03:56:22,1783828582,R_75,53033.6533,1,12.14140000000043,BACKFILL_AUTO
2026-07-12 03:56:24,1783828584,R_75,53012.965,-1,20.688300000001618,BACKFILL_AUTO
2026-07-12 03:56:26,1783828586,R_75,53017.7795,1,4.8145000000004075,BACKFILL_AUTO
2026-07-12 03:56:28,1783828588,R_75,53029.2167,1,11.437200000000303,BACKFILL_AUTO
2026-07-12 03:56:30,1783828590,R_75,53029.2862,1,0.06950000000506407,BACKFILL_AUTO
2026-07-12 03:56:32,1783828592,R_75,53036.9498,1,7.66359999999986,BACKFILL_AUTO
2026-07-12 03:56:34,1783828594,R_75,53059.649,1,22.69919999999547,BACKFILL_AUTO
2026-07-12 03:56:36,1783828596,R_75,53052.681,-1,6.968000000000757,BACKFILL_AUTO
2026-07-12 03:56:38,1783828598,R_75,53064.975,1,12.294000000001688,BACKFILL_AUTO
2026-07-12 03:56:40,1783828600,R_75,53064.8649,-1,0.11009999999805586,BACKFILL_AUTO
2026-07-12 03:56:42,1783828602,R_75,53062.7852,-1,2.079700000002049,BACKFILL_AUTO
2026-07-12 03:56:44,1783828604,R_75,53064.096,1,1.3107999999992899,BACKFILL_AUTO
2026-07-12 03:56:46,1783828606,R_75,53065.7952,1,1.6992000000027474,BACKFILL_AUTO
2026-07-12 03:56:48,1783828608,R_75,53060.6717,-1,5.123500000001513,BACKFILL_AUTO
2026-07-12 03:56:50,1783828610,R_75,53057.0352,-1,3.636500000000524,BACKFILL_AUTO
2026-07-12 03:56:52,1783828612,R_75,53077.7732,1,20.73800000000483,BACKFILL_AUTO
2026-07-12 03:56:54,1783828614,R_75,53089.6279,1,11.854699999996228,BACKFILL_AUTO
2026-07-12 03:56:56,1783828616,R_75,53065.2424,-1,24.385499999996682,BACKFILL_AUTO
2026-07-12 03:56:58,1783828618,R_75,53067.66,1,2.417600000000675,BACKFILL_AUTO
2026-07-12 03:57:00,1783828620,R_75,53067.6203,-1,0.039700000001175795,BACKFILL_AUTO
2026-07-12 03:57:02,1783828622,R_75,53066.5345,-1,1.085800000000745,BACKFILL_AUTO
2026-07-12 03:57:04,1783828624,R_75,53059.9205,-1,6.614000000001397,BACKFILL_AUTO
2026-07-12 03:57:06,1783828626,R_75,53059.3675,-1,0.5529999999998836,BACKFILL_AUTO
2026-07-12 03:57:08,1783828628,R_75,53057.9648,-1,1.402699999998731,BACKFILL_AUTO
2026-07-12 03:57:10,1783828630,R_75,53051.011,-1,6.953800000002957,BACKFILL_AUTO
2026-07-12 03:57:12,1783828632,R_75,53045.6667,-1,5.34429999999702,BACKFILL_AUTO
2026-07-12 03:57:14,1783828634,R_75,53037.7209,-1,7.945800000001327,BACKFILL_AUTO
2026-07-12 03:57:16,1783828636,R_75,53048.0033,1,10.282399999996414,BACKFILL_AUTO
2026-07-12 03:57:18,1783828638,R_75,53051.4055,1,3.402200000004086,BACKFILL_AUTO
2026-07-12 03:57:20,1783828640,R_75,53063.3798,1,11.974300000001676,BACKFILL_AUTO
2026-07-12 03:57:22,1783828642,R_75,53070.2316,1,6.851799999996729,BACKFILL_AUTO
2026-07-12 03:57:24,1783828644,R_75,53078.7466,1,8.514999999999418,BACKFILL_AUTO
2026-07-12 03:57:26,1783828646,R_75,53068.9481,-1,9.798499999997148,BACKFILL_AUTO
2026-07-12 03:57:28,1783828648,R_75,53077.4112,1,8.46310000000085,BACKFILL_AUTO
2026-07-12 03:57:30,1783828650,R_75,53060.2911,-1,17.120100000000093,BACKFILL_AUTO
2026-07-12 03:57:32,1783828652,R_75,53075.29,1,14.998899999998685,BACKFILL_AUTO
2026-07-12 03:57:34,1783828654,R_75,53089.6152,1,14.325199999999313,BACKFILL_AUTO
2026-07-12 03:57:36,1783828656,R_75,53105.2385,1,15.62329999999929,BACKFILL_AUTO
2026-07-12 03:57:38,1783828658,R_75,53095.9886,-1,9.249900000002526,BACKFILL_AUTO
2026-07-12 03:57:40,1783828660,R_75,53104.2649,1,8.276300000004994,BACKFILL_AUTO
2026-07-12 03:57:42,1783828662,R_75,53097.008,-1,7.256900000000314,BACKFILL_AUTO
2026-07-12 03:57:44,1783828664,R_75,53095.1568,-1,1.85120000000461,BACKFILL_AUTO
2026-07-12 03:57:46,1783828666,R_75,53110.897,1,15.740200000000186,BACKFILL_AUTO
2026-07-12 03:57:48,1783828668,R_75,53096.0184,-1,14.878599999996368,BACKFILL_AUTO
2026-07-12 03:57:50,1783828670,R_75,53096.2793,1,0.26090000000112923,BACKFILL_AUTO
2026-07-12 03:57:52,1783828672,R_75,53112.1044,1,15.825099999994563,BACKFILL_AUTO
2026-07-12 03:57:54,1783828674,R_75,53108.8149,-1,3.2894999999989523,BACKFILL_AUTO
2026-07-12 03:57:56,1783828676,R_75,53101.8116,-1,7.0032999999966705,BACKFILL_AUTO
2026-07-12 03:57:58,1783828678,R_75,53098.3217,-1,3.489900000000489,BACKFILL_AUTO
2026-07-12 03:58:00,1783828680,R_75,53103.857,1,5.53530000000319,BACKFILL_AUTO
2026-07-12 03:58:02,1783828682,R_75,53109.0661,1,5.209099999992759,BACKFILL_AUTO
2026-07-12 03:58:04,1783828684,R_75,53084.7171,-1,24.348999999994703,BACKFILL_AUTO
2026-07-12 03:58:06,1783828686,R_75,53100.6941,1,15.976999999998952,BACKFILL_AUTO
2026-07-12 03:58:08,1783828688,R_75,53093.8614,-1,6.832699999999022,BACKFILL_AUTO
2026-07-12 03:58:10,1783828690,R_75,53083.6338,-1,10.227599999998347,BACKFILL_AUTO
2026-07-12 03:58:12,1783828692,R_75,53080.0416,-1,3.5922000000064145,BACKFILL_AUTO
2026-07-12 03:58:14,1783828694,R_75,53085.988,1,5.946400000000722,BACKFILL_AUTO
2026-07-12 03:58:16,1783828696,R_75,53085.2153,-1,0.7726999999940745,BACKFILL_AUTO
2026-07-12 03:58:18,1783828698,R_75,53082.8237,-1,2.3916000000026543,BACKFILL_AUTO
2026-07-12 03:58:20,1783828700,R_75,53086.1227,1,3.2989999999990687,BACKFILL_AUTO
2026-07-12 03:58:22,1783828702,R_75,53087.6683,1,1.5455999999976484,BACKFILL_AUTO
2026-07-12 03:58:24,1783828704,R_75,53089.3427,1,1.6744000000035157,BACKFILL_AUTO
2026-07-12 03:58:26,1783828706,R_75,53097.3658,1,8.023099999998522,BACKFILL_AUTO
2026-07-12 03:58:28,1783828708,R_75,53088.6274,-1,8.738400000002002,BACKFILL_AUTO
2026-07-12 03:58:30,1783828710,R_75,53089.8653,1,1.2379000000000815,BACKFILL_AUTO
2026-07-12 03:58:32,1783828712,R_75,53091.3319,1,1.4665999999997439,BACKFILL_AUTO
2026-07-12 03:58:34,1783828714,R_75,53104.644,1,13.312100000002829,BACKFILL_AUTO
2026-07-12 03:58:36,1783828716,R_75,53129.1519,1,24.50789999999688,BACKFILL_AUTO
2026-07-12 03:58:38,1783828718,R_75,53120.5007,-1,8.651200000000244,BACKFILL_AUTO
2026-07-12 03:58:40,1783828720,R_75,53119.2473,-1,1.2533999999941443,BACKFILL_AUTO
2026-07-12 03:58:42,1783828722,R_75,53116.1579,-1,3.089400000004389,BACKFILL_AUTO
2026-07-12 03:58:44,1783828724,R_75,53103.7319,-1,12.425999999999476,BACKFILL_AUTO
2026-07-12 03:58:46,1783828726,R_75,53106.656,1,2.9241000000038184,BACKFILL_AUTO
2026-07-12 03:58:48,1783828728,R_75,53108.839,1,2.1829999999972642,BACKFILL_AUTO
2026-07-12 03:58:50,1783828730,R_75,53112.5477,1,3.708700000002864,BACKFILL_AUTO
2026-07-12 03:58:52,1783828732,R_75,53096.0995,-1,16.44820000000618,BACKFILL_AUTO
2026-07-12 03:58:54,1783828734,R_75,53093.3906,-1,2.7088999999978114,BACKFILL_AUTO
2026-07-12 03:58:56,1783828736,R_75,53082.7641,-1,10.626499999998487,BACKFILL_AUTO
2026-07-12 03:58:58,1783828738,R_75,53095.7129,1,12.9487999999983,BACKFILL_AUTO
2026-07-12 03:59:00,1783828740,R_75,53099.1633,1,3.4504000000015367,BACKFILL_AUTO
2026-07-12 03:59:02,1783828742,R_75,53080.9311,-1,18.232199999998556,BACKFILL_AUTO
2026-07-12 03:59:04,1783828744,R_75,53080.6097,-1,0.3214000000007218,BACKFILL_AUTO
2026-07-12 03:59:06,1783828746,R_75,53089.8712,1,9.261500000000524,BACKFILL_AUTO
2026-07-12 03:59:08,1783828748,R_75,53094.8471,1,4.975899999997637,BACKFILL_AUTO
2026-07-12 03:59:10,1783828750,R_75,53097.8283,1,2.9812000000019907,BACKFILL_AUTO
2026-07-12 03:59:12,1783828752,R_75,53101.2435,1,3.4151999999958207,BACKFILL_AUTO
2026-07-12 03:59:14,1783828754,R_75,53094.4586,-1,6.784899999998743,BACKFILL_AUTO
2026-07-12 03:59:16,1783828756,R_75,53086.6519,-1,7.806700000001001,BACKFILL_AUTO
2026-07-12 03:59:18,1783828758,R_75,53078.9153,-1,7.7365999999965425,BACKFILL_AUTO
2026-07-12 03:59:20,1783828760,R_75,53079.7713,1,0.8559999999997672,BACKFILL_AUTO
2026-07-12 03:59:22,1783828762,R_75,53076.3653,-1,3.4060000000026776,BACKFILL_AUTO
2026-07-12 03:59:24,1783828764,R_75,53069.0451,-1,7.3201999999946565,BACKFILL_AUTO
2026-07-12 03:59:26,1783828766,R_75,53064.8785,-1,4.1666000000041095,BACKFILL_AUTO
2026-07-12 03:59:28,1783828768,R_75,53070.1083,1,5.229800000000978,BACKFILL_AUTO
2026-07-12 03:59:30,1783828770,R_75,53075.0107,1,4.902399999999034,BACKFILL_AUTO
2026-07-12 03:59:32,1783828772,R_75,53068.9824,-1,6.028299999998126,BACKFILL_AUTO
2026-07-12 03:59:34,1783828774,R_75,53044.4767,-1,24.505700000001525,BACKFILL_AUTO
2026-07-12 03:59:36,1783828776,R_75,53043.4892,-1,0.9874999999956344,BACKFILL_AUTO
2026-07-12 03:59:38,1783828778,R_75,53043.7439,1,0.25469999999768334,BACKFILL_AUTO
2026-07-12 03:59:40,1783828780,R_75,53044.3549,1,0.6109999999971478,BACKFILL_AUTO
2026-07-12 03:59:42,1783828782,R_75,53053.1721,1,8.81720000000496,BACKFILL_AUTO
2026-07-12 03:59:44,1783828784,R_75,53054.8261,1,1.6539999999949941,BACKFILL_AUTO
2026-07-12 03:59:46,1783828786,R_75,53045.573,-1,9.253100000001723,BACKFILL_AUTO
2026-07-12 03:59:48,1783828788,R_75,53073.9414,1,28.36840000000666,BACKFILL_AUTO
2026-07-12 03:59:50,1783828790,R_75,53072.4387,-1,1.5027000000045518,BACKFILL_AUTO
2026-07-12 03:59:52,1783828792,R_75,53094.2573,1,21.818599999998696,BACKFILL_AUTO
2026-07-12 03:59:54,1783828794,R_75,53099.5326,1,5.2753000000011525,BACKFILL_AUTO
2026-07-12 03:59:56,1783828796,R_75,53100.1512,1,0.6186000000016065,BACKFILL_AUTO
2026-07-12 03:59:58,1783828798,R_75,53103.7703,1,3.6190999999962514,BACKFILL_AUTO
2026-07-12 04:00:00,1783828800,R_75,53119.0965,1,15.326200000003155,BACKFILL_AUTO
2026-07-12 04:00:02,1783828802,R_75,53119.7244,1,0.6278999999994994,BACKFILL_AUTO
2026-07-12 04:00:04,1783828804,R_75,53111.1698,-1,8.554599999995844,BACKFILL_AUTO
2026-07-12 04:00:06,1783828806,R_75,53116.5817,1,5.41189999999915,BACKFILL_AUTO
2026-07-12 04:00:08,1783828808,R_75,53118.4046,1,1.8228999999992084,BACKFILL_AUTO
2026-07-12 04:00:10,1783828810,R_75,53115.7946,-1,2.610000000000582,BACKFILL_AUTO
2026-07-12 04:00:12,1783828812,R_75,53127.0334,1,11.238799999999173,BACKFILL_AUTO
2026-07-12 04:00:14,1783828814,R_75,53122.1803,-1,4.853100000000268,BACKFILL_AUTO
2026-07-12 04:00:16,1783828816,R_75,53145.1574,1,22.977099999996426,BACKFILL_AUTO
2026-07-12 04:00:18,1783828818,R_75,53152.3509,1,7.193500000001222,BACKFILL_AUTO
2026-07-12 04:00:20,1783828820,R_75,53162.994,1,10.64310000000114,BACKFILL_AUTO
2026-07-12 04:00:22,1783828822,R_75,53153.2467,-1,9.747299999995448,BACKFILL_AUTO
2026-07-12 04:00:24,1783828824,R_75,53159.3191,1,6.0723999999972875,BACKFILL_AUTO
2026-07-12 04:00:26,1783828826,R_75,53150.365,-1,8.954100000002654,BACKFILL_AUTO
2026-07-12 04:00:28,1783828828,R_75,53149.8849,-1,0.4801000000006752,BACKFILL_AUTO
2026-07-12 04:00:30,1783828830,R_75,53137.0432,-1,12.841699999997218,BACKFILL_AUTO
2026-07-12 04:00:32,1783828832,R_75,53146.6174,1,9.574200000002747,BACKFILL_AUTO
2026-07-12 04:00:34,1783828834,R_75,53115.0921,-1,31.525300000001153,BACKFILL_AUTO
2026-07-12 04:00:36,1783828836,R_75,53118.3985,1,3.306400000001304,BACKFILL_AUTO
2026-07-12 04:00:38,1783828838,R_75,53120.2109,1,1.8123999999952503,BACKFILL_AUTO
2026-07-12 04:00:40,1783828840,R_75,53121.9732,1,1.762300000002142,BACKFILL_AUTO
2026-07-12 04:00:42,1783828842,R_75,53128.5567,1,6.58350000000064,BACKFILL_AUTO
2026-07-12 04:00:44,1783828844,R_75,53125.3435,-1,3.2131999999983236,BACKFILL_AUTO
2026-07-12 04:00:46,1783828846,R_75,53124.3272,-1,1.016300000002957,BACKFILL_AUTO
2026-07-12 04:00:48,1783828848,R_75,53131.2923,1,6.965100000001257,BACKFILL_AUTO
2026-07-12 04:00:50,1783828850,R_75,53166.0758,1,34.78349999999773,BACKFILL_AUTO
2026-07-12 04:00:52,1783828852,R_75,53179.7484,1,13.672599999998056,BACKFILL_AUTO
2026-07-12 04:00:54,1783828854,R_75,53196.97,1,17.2216000000044,BACKFILL_AUTO
2026-07-12 04:00:56,1783828856,R_75,53182.6478,-1,14.32220000000234,BACKFILL_AUTO
2026-07-12 04:00:58,1783828858,R_75,53192.3052,1,9.65740000000369,BACKFILL_AUTO
2026-07-12 04:01:00,1783828860,R_75,53188.8002,-1,3.5050000000046566,BACKFILL_AUTO
2026-07-12 04:01:02,1783828862,R_75,53192.9116,1,4.111400000001595,BACKFILL_AUTO
2026-07-12 04:01:04,1783828864,R_75,53191.2604,-1,1.6512000000002445,BACKFILL_AUTO
2026-07-12 04:01:06,1783828866,R_75,53177.3064,-1,13.953999999997905,BACKFILL_AUTO
2026-07-12 04:01:08,1783828868,R_75,53186.3664,1,9.059999999997672,BACKFILL_AUTO
2026-07-12 04:01:10,1783828870,R_75,53190.4802,1,4.1137999999991735,BACKFILL_AUTO
2026-07-12 04:01:12,1783828872,R_75,53187.2827,-1,3.1974999999947613,BACKFILL_AUTO
2026-07-12 04:01:14,1783828874,R_75,53196.1673,1,8.88459999999759,BACKFILL_AUTO
2026-07-12 04:01:16,1783828876,R_75,53212.1127,1,15.94539999999688,BACKFILL_AUTO
2026-07-12 04:01:18,1783828878,R_75,53210.5392,-1,1.573499999998603,BACKFILL_AUTO
2026-07-12 04:01:20,1783828880,R_75,53217.2014,1,6.6621999999988475,BACKFILL_AUTO
2026-07-12 04:01:22,1783828882,R_75,53210.8674,-1,6.333999999995285,BACKFILL_AUTO
2026-07-12 04:01:24,1783828884,R_75,53200.0038,-1,10.863600000004226,BACKFILL_AUTO
2026-07-12 04:01:26,1783828886,R_75,53211.012,1,11.008200000003853,BACKFILL_AUTO
2026-07-12 04:01:28,1783828888,R_75,53206.8379,-1,4.174100000003818,BACKFILL_AUTO
2026-07-12 04:01:30,1783828890,R_75,53208.5835,1,1.745600000002014,BACKFILL_AUTO
2026-07-12 04:01:32,1783828892,R_75,53208.7455,1,0.16199999999662396,BACKFILL_AUTO
2026-07-12 04:01:34,1783828894,R_75,53213.2004,1,4.454900000004272,BACKFILL_AUTO
2026-07-12 04:01:36,1783828896,R_75,53214.7794,1,1.5789999999979045,BACKFILL_AUTO
2026-07-12 04:01:38,1783828898,R_75,53203.4341,-1,11.345300000000861,BACKFILL_AUTO
2026-07-12 04:01:40,1783828900,R_75,53211.0797,1,7.645600000003469,BACKFILL_AUTO
2026-07-12 04:01:42,1783828902,R_75,53216.9027,1,5.822999999996682,BACKFILL_AUTO
2026-07-12 04:01:44,1783828904,R_75,53221.7159,1,4.813200000004144,BACKFILL_AUTO
2026-07-12 04:01:46,1783828906,R_75,53227.7866,1,6.070699999996577,BACKFILL_AUTO
2026-07-12 04:01:48,1783828908,R_75,53242.0312,1,14.244599999998172,BACKFILL_AUTO
2026-07-12 04:01:50,1783828910,R_75,53224.4778,-1,17.553399999997055,BACKFILL_AUTO
2026-07-12 04:01:52,1783828912,R_75,53228.5221,1,4.044300000001385,BACKFILL_AUTO
2026-07-12 04:01:54,1783828914,R_75,53212.0829,-1,16.43920000000071,BACKFILL_AUTO
2026-07-12 04:01:56,1783828916,R_75,53208.9385,-1,3.14440000000468,BACKFILL_AUTO
2026-07-12 04:01:58,1783828918,R_75,53200.5674,-1,8.371099999996659,BACKFILL_AUTO
2026-07-12 04:02:00,1783828920,R_75,53213.9809,1,13.413500000002387,BACKFILL_AUTO
2026-07-12 04:02:02,1783828922,R_75,53205.8309,-1,8.150000000001455,BACKFILL_AUTO
2026-07-12 04:02:04,1783828924,R_75,53178.2271,-1,27.603800000004412,BACKFILL_AUTO
2026-07-12 04:02:06,1783828926,R_75,53190.9432,1,12.716100000005099,BACKFILL_AUTO
2026-07-12 04:02:08,1783828928,R_75,53175.4559,-1,15.487300000000687,BACKFILL_AUTO
2026-07-12 04:02:10,1783828930,R_75,53177.066,1,1.6100999999980559,BACKFILL_AUTO
2026-07-12 04:02:12,1783828932,R_75,53171.3738,-1,5.692199999997683,BACKFILL_AUTO
2026-07-12 04:02:14,1783828934,R_75,53169.1956,-1,2.178200000002107,BACKFILL_AUTO
2026-07-12 04:02:16,1783828936,R_75,53191.6659,1,22.47030000000086,BACKFILL_AUTO
2026-07-12 04:02:18,1783828938,R_75,53191.6096,-1,0.056299999996554106,BACKFILL_AUTO
2026-07-12 04:02:20,1783828940,R_75,53198.3288,1,6.719199999999546,BACKFILL_AUTO
2026-07-12 04:02:22,1783828942,R_75,53206.2211,1,7.892299999999523,BACKFILL_AUTO
2026-07-12 04:02:24,1783828944,R_75,53204.1257,-1,2.095400000005611,BACKFILL_AUTO
2026-07-12 04:02:26,1783828946,R_75,53212.6292,1,8.50350000000617,BACKFILL_AUTO
2026-07-12 04:02:28,1783828948,R_75,53214.0647,1,1.4354999999995925,BACKFILL_AUTO
2026-07-12 04:02:30,1783828950,R_75,53210.1378,-1,3.926900000005844,BACKFILL_AUTO
2026-07-12 04:02:32,1783828952,R_75,53213.5881,1,3.450300000004063,BACKFILL_AUTO
2026-07-12 04:02:34,1783828954,R_75,53220.788,1,7.199899999999616,BACKFILL_AUTO
2026-07-12 04:02:36,1783828956,R_75,53220.2267,-1,0.5613000000012107,BACKFILL_AUTO
2026-07-12 04:02:38,1783828958,R_75,53227.3453,1,7.1186000000016065,BACKFILL_AUTO
2026-07-12 04:02:40,1783828960,R_75,53214.4664,-1,12.878900000003341,BACKFILL_AUTO
2026-07-12 04:02:42,1783828962,R_75,53227.1188,1,12.652399999999034,BACKFILL_AUTO
2026-07-12 04:02:44,1783828964,R_75,53246.5093,1,19.39050000000134,BACKFILL_AUTO
2026-07-12 04:02:46,1783828966,R_75,53250.83,1,4.320700000003853,BACKFILL_AUTO
2026-07-12 04:02:48,1783828968,R_75,53235.9484,-1,14.881600000000617,BACKFILL_AUTO
2026-07-12 04:02:50,1783828970,R_75,53245.8245,1,9.876100000001315,BACKFILL_AUTO
2026-07-12 04:02:52,1783828972,R_75,53253.246,1,7.42149999999674,BACKFILL_AUTO
2026-07-12 04:02:54,1783828974,R_75,53249.3663,-1,3.8796999999976833,BACKFILL_AUTO
2026-07-12 04:02:56,1783828976,R_75,53259.6478,1,10.281499999997322,BACKFILL_AUTO
2026-07-12 04:02:58,1783828978,R_75,53244.6658,-1,14.981999999996333,BACKFILL_AUTO
2026-07-12 04:03:00,1783828980,R_75,53264.206,1,19.54019999999582,BACKFILL_AUTO
2026-07-12 04:03:02,1783828982,R_75,53269.347,1,5.14100000000326,BACKFILL_AUTO
2026-07-12 04:03:04,1783828984,R_75,53269.058,-1,0.28900000000430737,BACKFILL_AUTO
2026-07-12 04:03:06,1783828986,R_75,53264.4573,-1,4.600699999995413,BACKFILL_AUTO
2026-07-12 04:03:08,1783828988,R_75,53263.3106,-1,1.1467000000047847,BACKFILL_AUTO
2026-07-12 04:03:10,1783828990,R_75,53258.7337,-1,4.576900000000023,BACKFILL_AUTO
2026-07-12 04:03:12,1783828992,R_75,53250.5202,-1,8.213499999998021,BACKFILL_AUTO
2026-07-12 04:03:14,1783828994,R_75,53246.9515,-1,3.56869999999617,BACKFILL_AUTO
2026-07-12 04:03:16,1783828996,R_75,53254.5034,1,7.551899999998568,BACKFILL_AUTO
2026-07-12 04:03:18,1783828998,R_75,53262.188,1,7.684600000000501,BACKFILL_AUTO
2026-07-12 04:03:20,1783829000,R_75,53247.0854,-1,15.102599999998347,BACKFILL_AUTO
2026-07-12 04:03:22,1783829002,R_75,53254.3516,1,7.266199999998207,BACKFILL_AUTO
2026-07-12 04:03:24,1783829004,R_75,53253.2767,-1,1.0748999999996158,BACKFILL_AUTO
2026-07-12 04:03:26,1783829006,R_75,53251.2374,-1,2.0393000000040047,BACKFILL_AUTO
2026-07-12 04:03:28,1783829008,R_75,53240.1653,-1,11.07209999999759,BACKFILL_AUTO
2026-07-12 04:03:30,1783829010,R_75,53252.2694,1,12.104099999996834,BACKFILL_AUTO
2026-07-12 04:03:32,1783829012,R_75,53261.5475,1,9.278100000003178,BACKFILL_AUTO
2026-07-12 04:03:34,1783829014,R_75,53245.9418,-1,15.60570000000007,BACKFILL_AUTO
2026-07-12 04:03:36,1783829016,R_75,53250.7464,1,4.80460000000312,BACKFILL_AUTO
2026-07-12 04:03:38,1783829018,R_75,53262.4862,1,11.73979999999574,BACKFILL_AUTO
2026-07-12 04:03:40,1783829020,R_75,53263.3554,1,0.8692000000010012,BACKFILL_AUTO
2026-07-12 04:03:42,1783829022,R_75,53266.3201,1,2.96469999999681,BACKFILL_AUTO
2026-07-12 04:03:44,1783829024,R_75,53269.7082,1,3.38810000000376,BACKFILL_AUTO
2026-07-12 04:03:46,1783829026,R_75,53267.9027,-1,1.805500000002212,BACKFILL_AUTO
2026-07-12 04:03:48,1783829028,R_75,53241.6943,-1,26.20839999999589,BACKFILL_AUTO
2026-07-12 04:03:50,1783829030,R_75,53250.72,1,9.025699999998324,BACKFILL_AUTO
2026-07-12 04:03:52,1783829032,R_75,53248.9547,-1,1.7652999999991152,BACKFILL_AUTO
2026-07-12 04:03:54,1783829034,R_75,53239.29,-1,9.664700000001176,BACKFILL_AUTO
2026-07-12 04:03:56,1783829036,R_75,53237.4834,-1,1.8066000000035274,BACKFILL_AUTO
2026-07-12 04:03:58,1783829038,R_75,53251.3626,1,13.879200000003038,BACKFILL_AUTO
2026-07-12 04:04:00,1783829040,R_75,53241.8905,-1,9.472099999999045,BACKFILL_AUTO
2026-07-12 04:04:02,1783829042,R_75,53261.03,1,19.139499999997497,BACKFILL_AUTO
2026-07-12 04:04:04,1783829044,R_75,53263.5644,1,2.534400000004098,BACKFILL_AUTO
2026-07-12 04:04:06,1783829046,R_75,53267.4264,1,3.8619999999937136,BACKFILL_AUTO
2026-07-12 04:04:08,1783829048,R_75,53258.9795,-1,8.446899999995367,BACKFILL_AUTO
2026-07-12 04:04:10,1783829050,R_75,53254.5426,-1,4.436900000000605,BACKFILL_AUTO
2026-07-12 04:04:12,1783829052,R_75,53266.9969,1,12.454299999997602,BACKFILL_AUTO
2026-07-12 04:04:14,1783829054,R_75,53269.1819,1,2.1850000000049477,BACKFILL_AUTO
2026-07-12 04:04:16,1783829056,R_75,53265.0405,-1,4.141400000000431,BACKFILL_AUTO
2026-07-12 04:04:18,1783829058,R_75,53277.153,1,12.112499999995634,BACKFILL_AUTO
2026-07-12 04:04:20,1783829060,R_75,53296.1075,1,18.954499999999825,BACKFILL_AUTO
2026-07-12 04:04:22,1783829062,R_75,53304.8816,1,8.774100000002363,BACKFILL_AUTO
2026-07-12 04:04:24,1783829064,R_75,53314.1187,1,9.237099999998463,BACKFILL_AUTO
2026-07-12 04:04:26,1783829066,R_75,53299.2307,-1,14.88799999999901,BACKFILL_AUTO
2026-07-12 04:04:28,1783829068,R_75,53282.4835,-1,16.747199999997974,BACKFILL_AUTO
2026-07-12 04:04:30,1783829070,R_75,53276.0697,-1,6.413800000002084,BACKFILL_AUTO
2026-07-12 04:04:32,1783829072,R_75,53269.5212,-1,6.548499999997148,BACKFILL_AUTO
2026-07-12 04:04:34,1783829074,R_75,53280.8459,1,11.324699999997392,BACKFILL_AUTO
2026-07-12 04:04:36,1783829076,R_75,53292.1669,1,11.320999999996275,BACKFILL_AUTO
2026-07-12 04:04:38,1783829078,R_75,53287.1906,-1,4.976299999994808,BACKFILL_AUTO
2026-07-12 04:04:40,1783829080,R_75,53275.3861,-1,11.80449999999837,BACKFILL_AUTO
2026-07-12 04:04:42,1783829082,R_75,53275.5645,1,0.1783999999970547,BACKFILL_AUTO
2026-07-12 04:04:44,1783829084,R_75,53271.4798,-1,4.08469999999943,BACKFILL_AUTO
2026-07-12 04:04:46,1783829086,R_75,53263.2398,-1,8.239999999997963,BACKFILL_AUTO
2026-07-12 04:04:48,1783829088,R_75,53265.4119,1,2.172099999996135,BACKFILL_AUTO
2026-07-12 04:04:50,1783829090,R_75,53268.9217,1,3.5097999999998137,BACKFILL_AUTO
2026-07-12 04:04:52,1783829092,R_75,53263.9293,-1,4.992399999995541,BACKFILL_AUTO
2026-07-12 04:04:54,1783829094,R_75,53264.9852,1,1.055899999999383,BACKFILL_AUTO
2026-07-12 04:04:56,1783829096,R_75,53279.7928,1,14.807600000000093,BACKFILL_AUTO
2026-07-12 04:04:58,1783829098,R_75,53264.2832,-1,15.509600000004866,BACKFILL_AUTO
2026-07-12 04:05:00,1783829100,R_75,53252.0724,-1,12.210800000000745,BACKFILL_AUTO
2026-07-12 04:05:02,1783829102,R_75,53253.0992,1,1.0267999999996391,BACKFILL_AUTO
2026-07-12 04:05:04,1783829104,R_75,53257.525,1,4.425800000004529,BACKFILL_AUTO
2026-07-12 04:05:06,1783829106,R_75,53251.8636,-1,5.661400000004505,BACKFILL_AUTO
2026-07-12 04:05:08,1783829108,R_75,53238.0803,-1,13.783299999995506,BACKFILL_AUTO
2026-07-12 04:05:10,1783829110,R_75,53231.1627,-1,6.917600000000675,BACKFILL_AUTO
2026-07-12 04:05:12,1783829112,R_75,53240.1519,1,8.989199999996345,BACKFILL_AUTO
2026-07-12 04:05:14,1783829114,R_75,53237.9177,-1,2.234199999998964,BACKFILL_AUTO
2026-07-12 04:05:16,1783829116,R_75,53233.046,-1,4.8716999999960535,BACKFILL_AUTO
2026-07-12 04:05:18,1783829118,R_75,53248.1848,1,15.138800000000629,BACKFILL_AUTO
2026-07-12 04:05:20,1783829120,R_75,53236.4912,-1,11.693600000005972,BACKFILL_AUTO
2026-07-12 04:05:22,1783829122,R_75,53232.8559,-1,3.6352999999944586,BACKFILL_AUTO
2026-07-12 04:05:24,1783829124,R_75,53223.8512,-1,9.00470000000496,BACKFILL_AUTO
2026-07-12 04:05:26,1783829126,R_75,53212.8619,-1,10.989299999993818,BACKFILL_AUTO
2026-07-12 04:05:28,1783829128,R_75,53211.4594,-1,1.4025000000037835,BACKFILL_AUTO
2026-07-12 04:05:30,1783829130,R_75,53219.2589,1,7.7995000000009895,BACKFILL_AUTO
2026-07-12 04:05:32,1783829132,R_75,53219.7881,1,0.5291999999972177,BACKFILL_AUTO
2026-07-12 04:05:34,1783829134,R_75,53193.9295,-1,25.85859999999957,BACKFILL_AUTO
2026-07-12 04:05:36,1783829136,R_75,53197.7668,1,3.8372999999992317,BACKFILL_AUTO
2026-07-12 04:05:38,1783829138,R_75,53190.5245,-1,7.2422999999980675,BACKFILL_AUTO
2026-07-12 04:05:40,1783829140,R_75,53192.934,1,2.4095000000015716,BACKFILL_AUTO
2026-07-12 04:05:42,1783829142,R_75,53177.4831,-1,15.450900000003458,BACKFILL_AUTO
2026-07-12 04:05:44,1783829144,R_75,53156.9378,-1,20.54529999999795,BACKFILL_AUTO
2026-07-12 04:05:46,1783829146,R_75,53158.4015,1,1.4637000000002445,BACKFILL_AUTO
2026-07-12 04:05:48,1783829148,R_75,53174.6932,1,16.291700000001583,BACKFILL_AUTO
2026-07-12 04:05:50,1783829150,R_75,53172.4918,-1,2.2013999999981024,BACKFILL_AUTO
2026-07-12 04:05:52,1783829152,R_75,53174.7009,1,2.209100000000035,BACKFILL_AUTO
2026-07-12 04:05:54,1783829154,R_75,53183.4048,1,8.703899999993155,BACKFILL_AUTO
2026-07-12 04:05:56,1783829156,R_75,53195.1794,1,11.774600000004284,BACKFILL_AUTO
2026-07-12 04:05:58,1783829158,R_75,53202.4985,1,7.319100000000617,BACKFILL_AUTO
2026-07-12 04:06:00,1783829160,R_75,53195.0982,-1,7.4003000000011525,BACKFILL_AUTO
2026-07-12 04:06:02,1783829162,R_75,53193.9038,-1,1.1944000000003143,BACKFILL_AUTO
2026-07-12 04:06:04,1783829164,R_75,53192.7995,-1,1.104299999999057,BACKFILL_AUTO
2026-07-12 04:06:06,1783829166,R_75,53180.1548,-1,12.644700000004377,BACKFILL_AUTO
2026-07-12 04:06:08,1783829168,R_75,53186.184,1,6.029200000004494,BACKFILL_AUTO
2026-07-12 04:06:10,1783829170,R_75,53191.1341,1,4.950100000001839,BACKFILL_AUTO
2026-07-12 04:06:12,1783829172,R_75,53207.0639,1,15.929799999998068,BACKFILL_AUTO
2026-07-12 04:06:14,1783829174,R_75,53202.9006,-1,4.163300000000163,BACKFILL_AUTO
2026-07-12 04:06:16,1783829176,R_75,53210.6784,1,7.777799999996205,BACKFILL_AUTO
2026-07-12 04:06:18,1783829178,R_75,53196.5181,-1,14.160299999995914,BACKFILL_AUTO
2026-07-12 04:06:20,1783829180,R_75,53189.445,-1,7.073100000001432,BACKFILL_AUTO
2026-07-12 04:06:22,1783829182,R_75,53199.9643,1,10.51929999999993,BACKFILL_AUTO
2026-07-12 04:06:24,1783829184,R_75,53213.5075,1,13.54320000000007,BACKFILL_AUTO
2026-07-12 04:06:26,1783829186,R_75,53208.3414,-1,5.166100000002189,BACKFILL_AUTO
2026-07-12 04:06:28,1783829188,R_75,53191.4116,-1,16.929799999998068,BACKFILL_AUTO
2026-07-12 04:06:30,1783829190,R_75,53184.8137,-1,6.597900000000664,BACKFILL_AUTO
2026-07-12 04:06:32,1783829192,R_75,53176.4308,-1,8.38289999999688,BACKFILL_AUTO
2026-07-12 04:06:34,1783829194,R_75,53186.1315,1,9.700700000001234,BACKFILL_AUTO
2026-07-12 04:06:36,1783829196,R_75,53177.061,-1,9.07050000000163,BACKFILL_AUTO
2026-07-12 04:06:38,1783829198,R_75,53173.3125,-1,3.7485000000015134,BACKFILL_AUTO
2026-07-12 04:06:40,1783829200,R_75,53172.205,-1,1.1074999999982538,BACKFILL_AUTO
2026-07-12 04:06:42,1783829202,R_75,53165.0107,-1,7.1943000000028405,BACKFILL_AUTO
2026-07-12 04:06:44,1783829204,R_75,53173.7272,1,8.71650000000227,BACKFILL_AUTO
2026-07-12 04:06:46,1783829206,R_75,53181.0645,1,7.337299999999232,BACKFILL_AUTO
2026-07-12 04:06:48,1783829208,R_75,53165.8094,-1,15.25510000000213,BACKFILL_AUTO
2026-07-12 04:06:50,1783829210,R_75,53163.7223,-1,2.087099999997008,BACKFILL_AUTO
2026-07-12 04:06:52,1783829212,R_75,53176.646,1,12.923699999999371,BACKFILL_AUTO
2026-07-12 04:06:54,1783829214,R_75,53163.71,-1,12.936000000001513,BACKFILL_AUTO
2026-07-12 04:06:56,1783829216,R_75,53171.228,1,7.518000000003667,BACKFILL_AUTO
2026-07-12 04:06:58,1783829218,R_75,53163.1898,-1,8.03820000000269,BACKFILL_AUTO
2026-07-12 04:07:00,1783829220,R_75,53171.1761,1,7.986299999996845,BACKFILL_AUTO
2026-07-12 04:07:02,1783829222,R_75,53180.0696,1,8.893500000005588,BACKFILL_AUTO
2026-07-12 04:07:04,1783829224,R_75,53161.9024,-1,18.167200000003504,BACKFILL_AUTO
2026-07-12 04:07:06,1783829226,R_75,53172.6053,1,10.702900000003865,BACKFILL_AUTO
2026-07-12 04:07:08,1783829228,R_75,53173.6736,1,1.0682999999989988,BACKFILL_AUTO
2026-07-12 04:07:10,1783829230,R_75,53188.8221,1,15.148499999995693,BACKFILL_AUTO
2026-07-12 04:07:12,1783829232,R_75,53188.3083,-1,0.5138000000006286,BACKFILL_AUTO
2026-07-12 04:07:14,1783829234,R_75,53198.4362,1,10.1278999999995,BACKFILL_AUTO
2026-07-12 04:07:16,1783829236,R_75,53213.2208,1,14.784600000006321,BACKFILL_AUTO
2026-07-12 04:07:18,1783829238,R_75,53222.5464,1,9.325599999996484,BACKFILL_AUTO
2026-07-12 04:07:20,1783829240,R_75,53216.4329,-1,6.113499999999476,BACKFILL_AUTO
2026-07-12 04:07:22,1783829242,R_75,53214.2359,-1,2.1970000000001164,BACKFILL_AUTO
2026-07-12 04:07:24,1783829244,R_75,53217.4085,1,3.172599999998056,BACKFILL_AUTO
2026-07-12 04:07:26,1783829246,R_75,53224.5086,1,7.1001000000032946,BACKFILL_AUTO
2026-07-12 04:07:28,1783829248,R_75,53231.3957,1,6.8870999999999185,BACKFILL_AUTO
2026-07-12 04:07:30,1783829250,R_75,53228.6356,-1,2.760099999999511,BACKFILL_AUTO
2026-07-12 04:07:32,1783829252,R_75,53235.1626,1,6.527000000001863,BACKFILL_AUTO
2026-07-12 04:07:34,1783829254,R_75,53234.7384,-1,0.4242000000012922,BACKFILL_AUTO
2026-07-12 04:07:36,1783829256,R_75,53218.2702,-1,16.46820000000298,BACKFILL_AUTO
2026-07-12 04:07:38,1783829258,R_75,53242.5324,1,24.262199999997392,BACKFILL_AUTO
2026-07-12 04:07:40,1783829260,R_75,53254.6596,1,12.127200000002631,BACKFILL_AUTO
2026-07-12 04:07:42,1783829262,R_75,53247.6922,-1,6.967400000001362,BACKFILL_AUTO
2026-07-12 04:07:44,1783829264,R_75,53233.5651,-1,14.127099999997881,BACKFILL_AUTO
2026-07-12 04:07:46,1783829266,R_75,53233.0348,-1,0.5302999999985332,BACKFILL_AUTO
2026-07-12 04:07:48,1783829268,R_75,53227.1978,-1,5.836999999999534,BACKFILL_AUTO
2026-07-12 04:07:50,1783829270,R_75,53213.6379,-1,13.559900000000198,BACKFILL_AUTO
2026-07-12 04:07:52,1783829272,R_75,53217.0846,1,3.446700000000419,BACKFILL_AUTO
2026-07-12 04:07:54,1783829274,R_75,53232.1599,1,15.075299999996787,BACKFILL_AUTO
2026-07-12 04:07:56,1783829276,R_75,53248.5208,1,16.360899999999674,BACKFILL_AUTO
2026-07-12 04:07:58,1783829278,R_75,53252.1375,1,3.616699999998673,BACKFILL_AUTO
2026-07-12 04:08:00,1783829280,R_75,53266.471,1,14.33350000000064,BACKFILL_AUTO
2026-07-12 04:08:02,1783829282,R_75,53276.3346,1,9.863600000004226,BACKFILL_AUTO
2026-07-12 04:08:04,1783829284,R_75,53294.4208,1,18.086199999997916,BACKFILL_AUTO
2026-07-12 04:08:06,1783829286,R_75,53295.6522,1,1.2313999999969383,BACKFILL_AUTO
2026-07-12 04:08:08,1783829288,R_75,53316.5497,1,20.897500000006403,BACKFILL_AUTO
2026-07-12 04:08:10,1783829290,R_75,53330.1625,1,13.612799999995332,BACKFILL_AUTO
2026-07-12 04:08:12,1783829292,R_75,53320.7004,-1,9.462099999997008,BACKFILL_AUTO
2026-07-12 04:08:14,1783829294,R_75,53320.2982,-1,0.4022000000040862,BACKFILL_AUTO
2026-07-12 04:08:16,1783829296,R_75,53321.9816,1,1.6834000000017113,BACKFILL_AUTO
2026-07-12 04:08:18,1783829298,R_75,53313.1989,-1,8.782699999996112,BACKFILL_AUTO
2026-07-12 04:08:20,1783829300,R_75,53303.0706,-1,10.128300000003946,BACKFILL_AUTO
2026-07-12 04:08:22,1783829302,R_75,53309.4127,1,6.342100000001665,BACKFILL_AUTO
2026-07-12 04:08:24,1783829304,R_75,53304.7562,-1,4.6564999999973224,BACKFILL_AUTO
2026-07-12 04:08:26,1783829306,R_75,53307.6739,1,2.917699999998149,BACKFILL_AUTO
2026-07-12 04:08:28,1783829308,R_75,53307.3588,-1,0.3150999999998021,BACKFILL_AUTO
2026-07-12 04:08:30,1783829310,R_75,53297.8337,-1,9.525099999998929,BACKFILL_AUTO
2026-07-12 04:08:32,1783829312,R_75,53299.0014,1,1.167699999998149,BACKFILL_AUTO
2026-07-12 04:08:34,1783829314,R_75,53299.5371,1,0.5357000000003609,BACKFILL_AUTO
2026-07-12 04:08:36,1783829316,R_75,53295.2756,-1,4.261500000000524,BACKFILL_AUTO
2026-07-12 04:08:38,1783829318,R_75,53304.3384,1,9.062799999999697,BACKFILL_AUTO
2026-07-12 04:08:40,1783829320,R_75,53310.8383,1,6.499900000002526,BACKFILL_AUTO
2026-07-12 04:08:42,1783829322,R_75,53298.53,-1,12.308300000004238,BACKFILL_AUTO
2026-07-12 04:08:44,1783829324,R_75,53301.0145,1,2.4844999999986612,BACKFILL_AUTO
2026-07-12 04:08:46,1783829326,R_75,53303.3959,1,2.3814000000056694,BACKFILL_AUTO
2026-07-12 04:08:48,1783829328,R_75,53293.7521,-1,9.643800000005285,BACKFILL_AUTO
2026-07-12 04:08:50,1783829330,R_75,53297.2694,1,3.5172999999995227,BACKFILL_AUTO
2026-07-12 04:08:52,1783829332,R_75,53298.5646,1,1.2952000000004773,BACKFILL_AUTO
2026-07-12 04:08:54,1783829334,R_75,53290.1382,-1,8.426399999996647,BACKFILL_AUTO
2026-07-12 04:08:56,1783829336,R_75,53300.893,1,10.754799999995157,BACKFILL_AUTO
2026-07-12 04:08:58,1783829338,R_75,53303.9157,1,3.0227000000013504,BACKFILL_AUTO
2026-07-12 04:09:00,1783829340,R_75,53335.3213,1,31.405600000005506,BACKFILL_AUTO
2026-07-12 04:09:02,1783829342,R_75,53343.4438,1,8.122499999997672,BACKFILL_AUTO
2026-07-12 04:09:04,1783829344,R_75,53324.2128,-1,19.230999999999767,BACKFILL_AUTO
2026-07-12 04:09:06,1783829346,R_75,53319.8,-1,4.412799999998242,BACKFILL_AUTO
2026-07-12 04:09:08,1783829348,R_75,53329.923,1,10.122999999999593,BACKFILL_AUTO
2026-07-12 04:09:10,1783829350,R_75,53310.9864,-1,18.936600000000908,BACKFILL_AUTO
2026-07-12 04:09:12,1783829352,R_75,53332.8042,1,21.817799999997078,BACKFILL_AUTO
2026-07-12 04:09:14,1783829354,R_75,53333.7599,1,0.9556999999986147,BACKFILL_AUTO
2026-07-12 04:09:16,1783829356,R_75,53323.7526,-1,10.007299999997485,BACKFILL_AUTO
2026-07-12 04:09:18,1783829358,R_75,53330.8623,1,7.109700000000885,BACKFILL_AUTO
2026-07-12 04:09:20,1783829360,R_75,53345.2421,1,14.379800000002433,BACKFILL_AUTO
2026-07-12 04:09:22,1783829362,R_75,53331.6683,-1,13.573800000005576,BACKFILL_AUTO
2026-07-12 04:09:24,1783829364,R_75,53318.9876,-1,12.68069999999716,BACKFILL_AUTO
2026-07-12 04:09:26,1783829366,R_75,53319.8879,1,0.9003000000011525,BACKFILL_AUTO
2026-07-12 04:09:28,1783829368,R_75,53310.2876,-1,9.600299999998242,BACKFILL_AUTO
2026-07-12 04:09:30,1783829370,R_75,53303.7098,-1,6.577800000006391,BACKFILL_AUTO
2026-07-12 04:09:32,1783829372,R_75,53308.188,1,4.4782000000050175,BACKFILL_AUTO
2026-07-12 04:09:34,1783829374,R_75,53313.7933,1,5.605299999995623,BACKFILL_AUTO
2026-07-12 04:09:36,1783829376,R_75,53314.9489,1,1.1556000000055064,BACKFILL_AUTO
2026-07-12 04:09:38,1783829378,R_75,53319.696,1,4.747100000000501,BACKFILL_AUTO
2026-07-12 04:09:40,1783829380,R_75,53313.7061,-1,5.989900000000489,BACKFILL_AUTO
2026-07-12 04:09:42,1783829382,R_75,53293.1489,-1,20.557200000002922,BACKFILL_AUTO
2026-07-12 04:09:44,1783829384,R_75,53293.0675,-1,0.08140000000275904,BACKFILL_AUTO
2026-07-12 04:09:46,1783829386,R_75,53287.4109,-1,5.656599999994796,BACKFILL_AUTO
2026-07-12 04:09:48,1783829388,R_75,53298.3102,1,10.89929999999731,BACKFILL_AUTO
2026-07-12 04:09:50,1783829390,R_75,53297.2835,-1,1.0267000000021653,BACKFILL_AUTO
2026-07-12 04:09:52,1783829392,R_75,53288.8401,-1,8.443399999996473,BACKFILL_AUTO
2026-07-12 04:09:54,1783829394,R_75,53293.6045,1,4.764400000000023,BACKFILL_AUTO
2026-07-12 04:09:56,1783829396,R_75,53296.5989,1,2.9943999999959487,BACKFILL_AUTO
2026-07-12 04:09:58,1783829398,R_75,53295.4825,-1,1.1163999999989755,BACKFILL_AUTO
2026-07-12 04:10:00,1783829400,R_75,53305.4045,1,9.921999999998661,BACKFILL_AUTO
2026-07-12 04:10:02,1783829402,R_75,53314.954,1,9.54950000000099,BACKFILL_AUTO
2026-07-12 04:10:04,1783829404,R_75,53317.8728,1,2.9187999999994645,BACKFILL_AUTO
2026-07-12 04:10:06,1783829406,R_75,53334.0777,1,16.204900000004272,BACKFILL_AUTO
2026-07-12 04:10:08,1783829408,R_75,53339.7526,1,5.674899999998161,BACKFILL_AUTO
2026-07-12 04:10:10,1783829410,R_75,53335.4478,-1,4.3047999999980675,BACKFILL_AUTO
2026-07-12 04:10:12,1783829412,R_75,53320.7602,-1,14.68760000000475,BACKFILL_AUTO
2026-07-12 04:10:14,1783829414,R_75,53315.2346,-1,5.525599999993574,BACKFILL_AUTO
2026-07-12 04:10:16,1783829416,R_75,53326.1189,1,10.884299999997893,BACKFILL_AUTO
2026-07-12 04:10:18,1783829418,R_75,53334.8059,1,8.68699999999808,BACKFILL_AUTO
2026-07-12 04:10:20,1783829420,R_75,53342.1168,1,7.31090000000404,BACKFILL_AUTO
2026-07-12 04:10:22,1783829422,R_75,53342.6465,1,0.5296999999991385,BACKFILL_AUTO
2026-07-12 04:10:24,1783829424,R_75,53335.6835,-1,6.963000000003376,BACKFILL_AUTO
2026-07-12 04:10:26,1783829426,R_75,53345.1974,1,9.513899999998102,BACKFILL_AUTO
2026-07-12 04:10:28,1783829428,R_75,53347.2257,1,2.0283000000054017,BACKFILL_AUTO
2026-07-12 04:10:30,1783829430,R_75,53340.9588,-1,6.266900000002352,BACKFILL_AUTO
2026-07-12 04:10:32,1783829432,R_75,53335.7417,-1,5.217100000001665,BACKFILL_AUTO
2026-07-12 04:10:34,1783829434,R_75,53333.7777,-1,1.9639999999999418,BACKFILL_AUTO
2026-07-12 04:10:36,1783829436,R_75,53339.359,1,5.581299999998009,BACKFILL_AUTO
2026-07-12 04:10:38,1783829438,R_75,53332.7724,-1,6.586599999995087,BACKFILL_AUTO
2026-07-12 04:10:40,1783829440,R_75,53349.946,1,17.173600000001898,BACKFILL_AUTO
2026-07-12 04:10:42,1783829442,R_75,53367.3123,1,17.366299999994226,BACKFILL_AUTO
2026-07-12 04:10:44,1783829444,R_75,53365.2694,-1,2.0429000000003725,BACKFILL_AUTO
2026-07-12 04:10:46,1783829446,R_75,53350.3321,-1,14.937299999997776,BACKFILL_AUTO
2026-07-12 04:10:48,1783829448,R_75,53350.183,-1,0.14910000000236323,BACKFILL_AUTO
2026-07-12 04:10:50,1783829450,R_75,53323.7544,-1,26.42859999999928,BACKFILL_AUTO
2026-07-12 04:10:52,1783829452,R_75,53334.4026,1,10.648200000003271,BACKFILL_AUTO
2026-07-12 04:10:54,1783829454,R_75,53342.3583,1,7.955699999998615,BACKFILL_AUTO
2026-07-12 04:10:56,1783829456,R_75,53358.562,1,16.203699999998207,BACKFILL_AUTO
2026-07-12 04:10:58,1783829458,R_75,53363.2218,1,4.659800000001269,BACKFILL_AUTO
2026-07-12 04:11:00,1783829460,R_75,53357.185,-1,6.036800000001676,BACKFILL_AUTO
2026-07-12 04:11:02,1783829462,R_75,53356.6412,-1,0.5437999999994645,BACKFILL_AUTO
2026-07-12 04:11:04,1783829464,R_75,53366.2083,1,9.56710000000021,BACKFILL_AUTO
2026-07-12 04:11:06,1783829466,R_75,53362.9497,-1,3.2586000000010245,BACKFILL_AUTO
2026-07-12 04:11:08,1783829468,R_75,53367.6215,1,4.671800000003714,BACKFILL_AUTO
2026-07-12 04:11:10,1783829470,R_75,53373.9289,1,6.30739999999787,BACKFILL_AUTO
2026-07-12 04:11:12,1783829472,R_75,53387.7854,1,13.856500000001688,BACKFILL_AUTO
2026-07-12 04:11:14,1783829474,R_75,53412.0468,1,24.261399999995774,BACKFILL_AUTO
2026-07-12 04:11:16,1783829476,R_75,53430.6704,1,18.623600000006263,BACKFILL_AUTO
2026-07-12 04:11:18,1783829478,R_75,53426.7494,-1,3.9210000000020955,BACKFILL_AUTO
2026-07-12 04:11:20,1783829480,R_75,53432.0941,1,5.344700000001467,BACKFILL_AUTO
2026-07-12 04:11:22,1783829482,R_75,53444.7229,1,12.628799999998591,BACKFILL_AUTO
2026-07-12 04:11:24,1783829484,R_75,53447.4155,1,2.6926000000021304,BACKFILL_AUTO
2026-07-12 04:11:26,1783829486,R_75,53447.853,1,0.4375,BACKFILL_AUTO
2026-07-12 04:11:28,1783829488,R_75,53448.1904,1,0.33739999999670545,BACKFILL_AUTO
2026-07-12 04:11:30,1783829490,R_75,53453.3732,1,5.182800000002317,BACKFILL_AUTO
2026-07-12 04:11:32,1783829492,R_75,53446.6994,-1,6.673800000004121,BACKFILL_AUTO
2026-07-12 04:11:34,1783829494,R_75,53444.9205,-1,1.7788999999975204,BACKFILL_AUTO
2026-07-12 04:11:36,1783829496,R_75,53443.9478,-1,0.97269999999844,BACKFILL_AUTO
2026-07-12 04:11:38,1783829498,R_75,53448.3843,1,4.436499999996158,BACKFILL_AUTO
2026-07-12 04:11:40,1783829500,R_75,53452.1487,1,3.7644000000000233,BACKFILL_AUTO
2026-07-12 04:11:42,1783829502,R_75,53461.4931,1,9.34440000000177,BACKFILL_AUTO
2026-07-12 04:11:44,1783829504,R_75,53468.8599,1,7.366800000003423,BACKFILL_AUTO
2026-07-12 04:11:46,1783829506,R_75,53486.5665,1,17.706599999997707,BACKFILL_AUTO
2026-07-12 04:11:48,1783829508,R_75,53506.3961,1,19.8295999999973,BACKFILL_AUTO
2026-07-12 04:11:50,1783829510,R_75,53497.5458,-1,8.850299999998242,BACKFILL_AUTO
2026-07-12 04:11:52,1783829512,R_75,53488.1707,-1,9.375099999997474,BACKFILL_AUTO
2026-07-12 04:11:54,1783829514,R_75,53504.9381,1,16.767399999996996,BACKFILL_AUTO
2026-07-12 04:11:56,1783829516,R_75,53495.4557,-1,9.48240000000078,BACKFILL_AUTO
2026-07-12 04:11:58,1783829518,R_75,53494.0192,-1,1.4364999999961583,BACKFILL_AUTO
2026-07-12 04:12:00,1783829520,R_75,53494.895,1,0.8757999999943422,BACKFILL_AUTO
2026-07-12 04:12:02,1783829522,R_75,53494.5029,-1,0.39209999999729916,BACKFILL_AUTO
2026-07-12 04:12:04,1783829524,R_75,53491.6035,-1,2.8994000000020606,BACKFILL_AUTO
2026-07-12 04:12:06,1783829526,R_75,53473.1449,-1,18.458599999998114,BACKFILL_AUTO
2026-07-12 04:12:08,1783829528,R_75,53470.4269,-1,2.7180000000007567,BACKFILL_AUTO
2026-07-12 04:12:10,1783829530,R_75,53454.6582,-1,15.768700000000536,BACKFILL_AUTO
2026-07-12 04:12:12,1783829532,R_75,53439.5974,-1,15.06079999999929,BACKFILL_AUTO
2026-07-12 04:12:14,1783829534,R_75,53430.2034,-1,9.394000000000233,BACKFILL_AUTO
2026-07-12 04:12:16,1783829536,R_75,53448.1004,1,17.897000000004482,BACKFILL_AUTO
2026-07-12 04:12:18,1783829538,R_75,53459.6293,1,11.52889999999752,BACKFILL_AUTO
2026-07-12 04:12:20,1783829540,R_75,53462.2518,1,2.6224999999976717,BACKFILL_AUTO
2026-07-12 04:12:22,1783829542,R_75,53453.6752,-1,8.576600000000326,BACKFILL_AUTO
2026-07-12 04:12:24,1783829544,R_75,53449.6294,-1,4.045799999999872,BACKFILL_AUTO
2026-07-12 04:12:26,1783829546,R_75,53425.5045,-1,24.12489999999525,BACKFILL_AUTO
2026-07-12 04:12:28,1783829548,R_75,53417.4959,-1,8.008600000001024,BACKFILL_AUTO
2026-07-12 04:12:30,1783829550,R_75,53408.6164,-1,8.879500000002736,BACKFILL_AUTO
2026-07-12 04:12:32,1783829552,R_75,53406.4689,-1,2.147499999999127,BACKFILL_AUTO
2026-07-12 04:12:34,1783829554,R_75,53388.6818,-1,17.787100000001374,BACKFILL_AUTO
2026-07-12 04:12:36,1783829556,R_75,53400.3802,1,11.69840000000113,BACKFILL_AUTO
2026-07-12 04:12:38,1783829558,R_75,53410.5115,1,10.13130000000092,BACKFILL_AUTO
2026-07-12 04:12:40,1783829560,R_75,53419.4212,1,8.90969999999652,BACKFILL_AUTO
2026-07-12 04:12:42,1783829562,R_75,53401.3423,-1,18.07890000000043,BACKFILL_AUTO
2026-07-12 04:12:44,1783829564,R_75,53400.1623,-1,1.179999999993015,BACKFILL_AUTO
2026-07-12 04:12:46,1783829566,R_75,53402.423,1,2.2606999999989057,BACKFILL_AUTO
2026-07-12 04:12:48,1783829568,R_75,53407.4943,1,5.071299999995972,BACKFILL_AUTO
2026-07-12 04:12:50,1783829570,R_75,53401.002,-1,6.4922999999980675,BACKFILL_AUTO
2026-07-12 04:12:52,1783829572,R_75,53384.7724,-1,16.229599999998754,BACKFILL_AUTO
2026-07-12 04:12:54,1783829574,R_75,53383.8772,-1,0.8951999999990221,BACKFILL_AUTO
2026-07-12 04:12:56,1783829576,R_75,53395.2804,1,11.403200000000652,BACKFILL_AUTO
2026-07-12 04:12:58,1783829578,R_75,53383.3713,-1,11.9091000000044,BACKFILL_AUTO
2026-07-12 04:13:00,1783829580,R_75,53390.6986,1,7.32730000000447,BACKFILL_AUTO
2026-07-12 04:13:02,1783829582,R_75,53382.0616,-1,8.637000000002445,BACKFILL_AUTO
2026-07-12 04:13:04,1783829584,R_75,53390.0588,1,7.997199999997974,BACKFILL_AUTO
2026-07-12 04:13:06,1783829586,R_75,53363.5961,-1,26.462699999996403,BACKFILL_AUTO
2026-07-12 04:13:08,1783829588,R_75,53354.0578,-1,9.538300000000163,BACKFILL_AUTO
2026-07-12 04:13:10,1783829590,R_75,53362.6524,1,8.594599999996717,BACKFILL_AUTO
2026-07-12 04:13:12,1783829592,R_75,53358.5993,-1,4.053099999997357,BACKFILL_AUTO
2026-07-12 04:13:14,1783829594,R_75,53365.2575,1,6.658199999998033,BACKFILL_AUTO
2026-07-12 04:13:16,1783829596,R_75,53352.4934,-1,12.764100000000326,BACKFILL_AUTO
2026-07-12 04:13:18,1783829598,R_75,53369.2809,1,16.787499999998545,BACKFILL_AUTO
2026-07-12 04:13:20,1783829600,R_75,53347.2437,-1,22.037199999998847,BACKFILL_AUTO
2026-07-12 04:13:22,1783829602,R_75,53357.7214,1,10.477700000003097,BACKFILL_AUTO
2026-07-12 04:13:24,1783829604,R_75,53360.0758,1,2.354399999996531,BACKFILL_AUTO
2026-07-12 04:13:26,1783829606,R_75,53368.5842,1,8.508399999998801,BACKFILL_AUTO
2026-07-12 04:13:28,1783829608,R_75,53355.9601,-1,12.624100000000908,BACKFILL_AUTO
2026-07-12 04:13:30,1783829610,R_75,53351.3418,-1,4.618299999994633,BACKFILL_AUTO
2026-07-12 04:13:32,1783829612,R_75,53343.1859,-1,8.155900000005204,BACKFILL_AUTO
2026-07-12 04:13:34,1783829614,R_75,53336.2156,-1,6.9702999999935855,BACKFILL_AUTO
2026-07-12 04:13:36,1783829616,R_75,53338.0032,1,1.7875999999960186,BACKFILL_AUTO
2026-07-12 04:13:38,1783829618,R_75,53322.273,-1,15.730199999998149,BACKFILL_AUTO
2026-07-12 04:13:40,1783829620,R_75,53318.0235,-1,4.249499999998079,BACKFILL_AUTO
2026-07-12 04:13:42,1783829622,R_75,53313.6999,-1,4.323600000003353,BACKFILL_AUTO
2026-07-12 04:13:44,1783829624,R_75,53332.2622,1,18.562299999997776,BACKFILL_AUTO
2026-07-12 04:13:46,1783829626,R_75,53323.9998,-1,8.262399999999616,BACKFILL_AUTO
2026-07-12 04:13:48,1783829628,R_75,53321.3005,-1,2.699300000000221,BACKFILL_AUTO
2026-07-12 04:13:50,1783829630,R_75,53289.9688,-1,31.33169999999518,BACKFILL_AUTO
2026-07-12 04:13:52,1783829632,R_75,53298.4362,1,8.467399999994086,BACKFILL_AUTO
2026-07-12 04:13:54,1783829634,R_75,53310.9887,1,12.552500000005239,BACKFILL_AUTO
2026-07-12 04:13:56,1783829636,R_75,53310.1373,-1,0.8513999999995576,BACKFILL_AUTO
2026-07-12 04:13:58,1783829638,R_75,53309.5827,-1,0.5546000000031199,BACKFILL_AUTO
2026-07-12 04:14:00,1783829640,R_75,53309.7144,1,0.1316999999980908,BACKFILL_AUTO
2026-07-12 04:14:02,1783829642,R_75,53312.2634,1,2.5490000000063446,BACKFILL_AUTO
2026-07-12 04:14:04,1783829644,R_75,53328.3333,1,16.06989999999496,BACKFILL_AUTO
2026-07-12 04:14:06,1783829646,R_75,53338.079,1,9.745699999999488,BACKFILL_AUTO
2026-07-12 04:14:08,1783829648,R_75,53331.3112,-1,6.7678000000014435,BACKFILL_AUTO
2026-07-12 04:14:10,1783829650,R_75,53337.8839,1,6.572700000004261,BACKFILL_AUTO
2026-07-12 04:14:12,1783829652,R_75,53341.633,1,3.749100000000908,BACKFILL_AUTO
2026-07-12 04:14:14,1783829654,R_75,53350.4059,1,8.772899999996298,BACKFILL_AUTO
2026-07-12 04:14:16,1783829656,R_75,53344.4463,-1,5.95959999999468,BACKFILL_AUTO
2026-07-12 04:14:18,1783829658,R_75,53343.8022,-1,0.6441000000049826,BACKFILL_AUTO
2026-07-12 04:14:20,1783829660,R_75,53355.0988,1,11.29660000000149,BACKFILL_AUTO
2026-07-12 04:14:22,1783829662,R_75,53345.7885,-1,9.310299999997369,BACKFILL_AUTO
2026-07-12 04:14:24,1783829664,R_75,53356.3255,1,10.536999999996624,BACKFILL_AUTO
2026-07-12 04:14:26,1783829666,R_75,53356.8088,1,0.48329999999987194,BACKFILL_AUTO
2026-07-12 04:14:28,1783829668,R_75,53358.3492,1,1.5403999999980442,BACKFILL_AUTO
2026-07-12 04:14:30,1783829670,R_75,53372.2157,1,13.866500000003725,BACKFILL_AUTO
2026-07-12 04:14:32,1783829672,R_75,53366.7005,-1,5.5152000000016415,BACKFILL_AUTO
2026-07-12 04:14:34,1783829674,R_75,53368.764,1,2.0635000000038417,BACKFILL_AUTO
2026-07-12 04:14:36,1783829676,R_75,53371.6813,1,2.917299999993702,BACKFILL_AUTO
2026-07-12 04:14:38,1783829678,R_75,53383.079,1,11.39770000000135,BACKFILL_AUTO
2026-07-12 04:14:40,1783829680,R_75,53376.9477,-1,6.13130000000092,BACKFILL_AUTO
2026-07-12 04:14:42,1783829682,R_75,53381.3804,1,4.432700000004843,BACKFILL_AUTO
2026-07-12 04:14:44,1783829684,R_75,53387.7522,1,6.371800000000803,BACKFILL_AUTO
2026-07-12 04:14:46,1783829686,R_75,53392.6547,1,4.9024999999965075,BACKFILL_AUTO
2026-07-12 04:14:48,1783829688,R_75,53392.7988,1,0.14409999999770662,BACKFILL_AUTO
2026-07-12 04:14:50,1783829690,R_75,53405.9204,1,13.121600000005856,BACKFILL_AUTO
2026-07-12 04:14:52,1783829692,R_75,53413.9753,1,8.054899999995541,BACKFILL_AUTO
2026-07-12 04:14:54,1783829694,R_75,53411.7031,-1,2.2721999999994296,BACKFILL_AUTO
2026-07-12 04:14:56,1783829696,R_75,53428.7347,1,17.031600000002072,BACKFILL_AUTO
2026-07-12 04:14:58,1783829698,R_75,53425.6634,-1,3.071300000003248,BACKFILL_AUTO
2026-07-12 04:15:00,1783829700,R_75,53407.8814,-1,17.781999999999243,BACKFILL_AUTO
2026-07-12 04:15:02,1783829702,R_75,53411.5606,1,3.679199999998673,BACKFILL_AUTO
2026-07-12 04:15:04,1783829704,R_75,53395.8348,-1,15.725800000000163,BACKFILL_AUTO
2026-07-12 04:15:06,1783829706,R_75,53387.6166,-1,8.218199999995704,BACKFILL_AUTO
2026-07-12 04:15:08,1783829708,R_75,53393.0151,1,5.398499999995693,BACKFILL_AUTO
2026-07-12 04:15:10,1783829710,R_75,53381.8634,-1,11.15169999999489,BACKFILL_AUTO
2026-07-12 04:15:12,1783829712,R_75,53381.6942,-1,0.16920000000391155,BACKFILL_AUTO
2026-07-12 04:15:14,1783829714,R_75,53390.7503,1,9.056100000001607,BACKFILL_AUTO
2026-07-12 04:15:16,1783829716,R_75,53376.9951,-1,13.755199999999604,BACKFILL_AUTO
2026-07-12 04:15:18,1783829718,R_75,53392.3526,1,15.357499999998254,BACKFILL_AUTO
2026-07-12 04:15:20,1783829720,R_75,53391.7973,-1,0.5552999999999884,BACKFILL_AUTO
2026-07-12 04:15:22,1783829722,R_75,53391.2652,-1,0.5320999999967171,BACKFILL_AUTO
2026-07-12 04:15:24,1783829724,R_75,53400.6973,1,9.432099999998172,BACKFILL_AUTO
2026-07-12 04:15:26,1783829726,R_75,53400.7542,1,0.056900000003224704,BACKFILL_AUTO
2026-07-12 04:15:28,1783829728,R_75,53408.147,1,7.392799999994168,BACKFILL_AUTO
2026-07-12 04:15:30,1783829730,R_75,53409.0148,1,0.8677999999999884,BACKFILL_AUTO
2026-07-12 04:15:32,1783829732,R_75,53392.6425,-1,16.372299999995448,BACKFILL_AUTO
2026-07-12 04:15:34,1783829734,R_75,53392.4474,-1,0.1951000000044587,BACKFILL_AUTO
2026-07-12 04:15:36,1783829736,R_75,53384.413,-1,8.034399999996822,BACKFILL_AUTO
2026-07-12 04:15:38,1783829738,R_75,53383.1348,-1,1.278200000000652,BACKFILL_AUTO
2026-07-12 04:15:40,1783829740,R_75,53353.7602,-1,29.37460000000283,BACKFILL_AUTO
2026-07-12 04:15:42,1783829742,R_75,53364.6614,1,10.901200000000244,BACKFILL_AUTO
2026-07-12 04:15:44,1783829744,R_75,53372.0861,1,7.424700000003213,BACKFILL_AUTO
2026-07-12 04:15:46,1783829746,R_75,53359.1309,-1,12.95520000000397,BACKFILL_AUTO
2026-07-12 04:15:48,1783829748,R_75,53389.2243,1,30.093400000005204,BACKFILL_AUTO
2026-07-12 04:15:50,1783829750,R_75,53374.0922,-1,15.132100000002538,BACKFILL_AUTO
2026-07-12 04:15:52,1783829752,R_75,53389.4366,1,15.34440000000177,BACKFILL_AUTO
2026-07-12 04:15:54,1783829754,R_75,53407.0918,1,17.65520000000106,BACKFILL_AUTO
2026-07-12 04:15:56,1783829756,R_75,53404.8534,-1,2.2384000000020023,BACKFILL_AUTO
2026-07-12 04:15:58,1783829758,R_75,53413.1752,1,8.321799999997893,BACKFILL_AUTO
2026-07-12 04:16:00,1783829760,R_75,53404.8083,-1,8.366900000000896,BACKFILL_AUTO
2026-07-12 04:16:02,1783829762,R_75,53405.4363,1,0.6280000000042492,BACKFILL_AUTO
2026-07-12 04:16:04,1783829764,R_75,53418.411,1,12.974699999998847,BACKFILL_AUTO
2026-07-12 04:16:06,1783829766,R_75,53421.4251,1,3.014100000000326,BACKFILL_AUTO
2026-07-12 04:16:08,1783829768,R_75,53401.6122,-1,19.81289999999717,BACKFILL_AUTO
2026-07-12 04:16:10,1783829770,R_75,53397.1046,-1,4.507600000004459,BACKFILL_AUTO
2026-07-12 04:16:12,1783829772,R_75,53386.6578,-1,10.446799999997893,BACKFILL_AUTO
2026-07-12 04:16:14,1783829774,R_75,53392.081,1,5.4231999999974505,BACKFILL_AUTO
2026-07-12 04:16:16,1783829776,R_75,53370.5973,-1,21.483699999997043,BACKFILL_AUTO
2026-07-12 04:16:18,1783829778,R_75,53355.3725,-1,15.224800000003597,BACKFILL_AUTO
2026-07-12 04:16:20,1783829780,R_75,53343.7234,-1,11.649099999995087,BACKFILL_AUTO
2026-07-12 04:16:22,1783829782,R_75,53348.4561,1,4.732700000000477,BACKFILL_AUTO
2026-07-12 04:16:24,1783829784,R_75,53347.3337,-1,1.122400000000198,BACKFILL_AUTO
2026-07-12 04:16:26,1783829786,R_75,53359.9119,1,12.578199999996286,BACKFILL_AUTO
2026-07-12 04:16:28,1783829788,R_75,53361.4489,1,1.5370000000039,BACKFILL_AUTO
2026-07-12 04:16:30,1783829790,R_75,53346.0453,-1,15.403600000005099,BACKFILL_AUTO
2026-07-12 04:16:32,1783829792,R_75,53353.3652,1,7.319900000002235,BACKFILL_AUTO
2026-07-12 04:16:34,1783829794,R_75,53355.4177,1,2.0524999999979627,BACKFILL_AUTO
2026-07-12 04:16:36,1783829796,R_75,53334.9778,-1,20.43989999999758,BACKFILL_AUTO
2026-07-12 04:16:38,1783829798,R_75,53325.5961,-1,9.38169999999809,BACKFILL_AUTO
2026-07-12 04:16:40,1783829800,R_75,53324.713,-1,0.8830999999991036,BACKFILL_AUTO
2026-07-12 04:16:42,1783829802,R_75,53336.7331,1,12.020099999994272,BACKFILL_AUTO
2026-07-12 04:16:44,1783829804,R_75,53316.1352,-1,20.597900000000664,BACKFILL_AUTO
2026-07-12 04:16:46,1783829806,R_75,53313.3499,-1,2.785299999995914,BACKFILL_AUTO
2026-07-12 04:16:48,1783829808,R_75,53309.0065,-1,4.343399999997928,BACKFILL_AUTO
2026-07-12 04:16:50,1783829810,R_75,53325.6938,1,16.687299999997776,BACKFILL_AUTO
2026-07-12 04:16:52,1783829812,R_75,53330.1797,1,4.485899999999674,BACKFILL_AUTO
2026-07-12 04:16:54,1783829814,R_75,53322.3443,-1,7.835400000003574,BACKFILL_AUTO
2026-07-12 04:16:56,1783829816,R_75,53331.9976,1,9.653300000005402,BACKFILL_AUTO
2026-07-12 04:16:58,1783829818,R_75,53327.255,-1,4.742600000005041,BACKFILL_AUTO
2026-07-12 04:17:00,1783829820,R_75,53318.919,-1,8.335999999995693,BACKFILL_AUTO
2026-07-12 04:17:02,1783829822,R_75,53320.8775,1,1.9585000000006403,BACKFILL_AUTO
2026-07-12 04:17:04,1783829824,R_75,53350.3887,1,29.511200000000827,BACKFILL_AUTO
2026-07-12 04:17:06,1783829826,R_75,53354.0708,1,3.6820999999981723,BACKFILL_AUTO
2026-07-12 04:17:08,1783829828,R_75,53350.6295,-1,3.4412999999985914,BACKFILL_AUTO
2026-07-12 04:17:10,1783829830,R_75,53344.0591,-1,6.570400000004156,BACKFILL_AUTO
2026-07-12 04:17:12,1783829832,R_75,53349.3042,1,5.245100000000093,BACKFILL_AUTO
2026-07-12 04:17:14,1783829834,R_75,53340.8387,-1,8.465499999998428,BACKFILL_AUTO
2026-07-12 04:17:16,1783829836,R_75,53343.2789,1,2.440199999997276,BACKFILL_AUTO
2026-07-12 04:17:18,1783829838,R_75,53346.9392,1,3.66030000000319,BACKFILL_AUTO
2026-07-12 04:17:20,1783829840,R_75,53327.062,-1,19.87720000000263,BACKFILL_AUTO
2026-07-12 04:17:22,1783829842,R_75,53328.9538,1,1.8918000000048778,BACKFILL_AUTO
2026-07-12 04:17:24,1783829844,R_75,53330.631,1,1.6771999999982654,BACKFILL_AUTO
2026-07-12 04:17:26,1783829846,R_75,53337.4436,1,6.812599999997474,BACKFILL_AUTO
2026-07-12 04:17:28,1783829848,R_75,53351.4667,1,14.023099999998522,BACKFILL_AUTO
2026-07-12 04:17:30,1783829850,R_75,53340.831,-1,10.635699999998906,BACKFILL_AUTO
2026-07-12 04:17:32,1783829852,R_75,53350.5717,1,9.740700000002107,BACKFILL_AUTO
2026-07-12 04:17:34,1783829854,R_75,53354.6805,1,4.108800000001793,BACKFILL_AUTO
2026-07-12 04:17:36,1783829856,R_75,53356.7007,1,2.020199999999022,BACKFILL_AUTO
2026-07-12 04:17:38,1783829858,R_75,53384.5406,1,27.839899999999034,BACKFILL_AUTO
2026-07-12 04:17:40,1783829860,R_75,53373.6007,-1,10.939899999997579,BACKFILL_AUTO
2026-07-12 04:17:42,1783829862,R_75,53365.116,-1,8.484700000000885,BACKFILL_AUTO
2026-07-12 04:17:44,1783829864,R_75,53357.3153,-1,7.800699999999779,BACKFILL_AUTO
2026-07-12 04:17:46,1783829866,R_75,53382.9877,1,25.672399999995832,BACKFILL_AUTO
2026-07-12 04:17:48,1783829868,R_75,53396.8671,1,13.879400000005262,BACKFILL_AUTO
2026-07-12 04:17:50,1783829870,R_75,53413.7435,1,16.876399999993737,BACKFILL_AUTO
2026-07-12 04:17:52,1783829872,R_75,53399.0566,-1,14.68689999999333,BACKFILL_AUTO
2026-07-12 04:17:54,1783829874,R_75,53393.1222,-1,5.934400000005553,BACKFILL_AUTO
2026-07-12 04:17:56,1783829876,R_75,53383.8275,-1,9.294699999998556,BACKFILL_AUTO
2026-07-12 04:17:58,1783829878,R_75,53378.7694,-1,5.058100000002014,BACKFILL_AUTO
2026-07-12 04:18:00,1783829880,R_75,53361.5593,-1,17.2100999999966,BACKFILL_AUTO
2026-07-12 04:18:02,1783829882,R_75,53376.5397,1,14.980400000000373,BACKFILL_AUTO
2026-07-12 04:18:04,1783829884,R_75,53385.9612,1,9.42149999999674,BACKFILL_AUTO
2026-07-12 04:18:06,1783829886,R_75,53398.2986,1,12.337400000003981,BACKFILL_AUTO
2026-07-12 04:18:08,1783829888,R_75,53386.2195,-1,12.079100000002654,BACKFILL_AUTO
2026-07-12 04:18:10,1783829890,R_75,53380.3117,-1,5.9078000000008615,BACKFILL_AUTO
2026-07-12 04:18:12,1783829892,R_75,53385.7743,1,5.462599999998929,BACKFILL_AUTO
2026-07-12 04:18:14,1783829894,R_75,53400.2612,1,14.486900000003516,BACKFILL_AUTO
2026-07-12 04:18:16,1783829896,R_75,53429.3857,1,29.12449999999808,BACKFILL_AUTO
2026-07-12 04:18:18,1783829898,R_75,53444.0572,1,14.671500000004016,BACKFILL_AUTO
2026-07-12 04:18:20,1783829900,R_75,53453.723,1,9.665799999995215,BACKFILL_AUTO
2026-07-12 04:18:22,1783829902,R_75,53458.5306,1,4.807600000000093,BACKFILL_AUTO
2026-07-12 04:18:24,1783829904,R_75,53453.3733,-1,5.157299999998941,BACKFILL_AUTO
2026-07-12 04:18:26,1783829906,R_75,53429.3106,-1,24.062700000002224,BACKFILL_AUTO
2026-07-12 04:18:28,1783829908,R_75,53407.1482,-1,22.162399999993795,BACKFILL_AUTO
2026-07-12 04:18:30,1783829910,R_75,53418.9444,1,11.796199999997043,BACKFILL_AUTO
2026-07-12 04:18:32,1783829912,R_75,53422.2232,1,3.2788000000000466,BACKFILL_AUTO
2026-07-12 04:18:34,1783829914,R_75,53432.7369,1,10.513700000003155,BACKFILL_AUTO
2026-07-12 04:18:36,1783829916,R_75,53445.6133,1,12.876399999993737,BACKFILL_AUTO
2026-07-12 04:18:38,1783829918,R_75,53441.7217,-1,3.8915999999953783,BACKFILL_AUTO
2026-07-12 04:18:40,1783829920,R_75,53444.6445,1,2.9228000000002794,BACKFILL_AUTO
2026-07-12 04:18:42,1783829922,R_75,53444.5522,-1,0.09230000000388827,BACKFILL_AUTO
2026-07-12 04:18:44,1783829924,R_75,53451.7911,1,7.238900000003923,BACKFILL_AUTO
2026-07-12 04:18:46,1783829926,R_75,53474.2825,1,22.491399999998976,BACKFILL_AUTO
2026-07-12 04:18:48,1783829928,R_75,53475.4188,1,1.1362999999983003,BACKFILL_AUTO
2026-07-12 04:18:50,1783829930,R_75,53486.5131,1,11.09429999999702,BACKFILL_AUTO
2026-07-12 04:18:52,1783829932,R_75,53484.6832,-1,1.8298999999969965,BACKFILL_AUTO
2026-07-12 04:18:54,1783829934,R_75,53472.2244,-1,12.458800000000338,BACKFILL_AUTO
2026-07-12 04:18:56,1783829936,R_75,53447.1367,-1,25.087699999996403,BACKFILL_AUTO
2026-07-12 04:18:58,1783829938,R_75,53463.8065,1,16.66979999999603,BACKFILL_AUTO
2026-07-12 04:19:00,1783829940,R_75,53454.3278,-1,9.478699999999662,BACKFILL_AUTO
2026-07-12 04:19:02,1783829942,R_75,53430.1916,-1,24.136200000000827,BACKFILL_AUTO
2026-07-12 04:19:04,1783829944,R_75,53427.9692,-1,2.2223999999987427,BACKFILL_AUTO
2026-07-12 04:19:06,1783829946,R_75,53428.2815,1,0.31229999999777647,BACKFILL_AUTO
2026-07-12 04:19:08,1783829948,R_75,53427.313,-1,0.9684999999954016,BACKFILL_AUTO
2026-07-12 04:19:10,1783829950,R_75,53412.8633,-1,14.449700000004668,BACKFILL_AUTO
2026-07-12 04:19:12,1783829952,R_75,53395.4093,-1,17.453999999997905,BACKFILL_AUTO
2026-07-12 04:19:14,1783829954,R_75,53415.5553,1,20.14600000000064,BACKFILL_AUTO
2026-07-12 04:19:16,1783829956,R_75,53410.8052,-1,4.750099999997474,BACKFILL_AUTO
2026-07-12 04:19:18,1783829958,R_75,53397.9329,-1,12.872300000002724,BACKFILL_AUTO
2026-07-12 04:19:20,1783829960,R_75,53393.704,-1,4.228900000001886,BACKFILL_AUTO
2026-07-12 04:19:22,1783829962,R_75,53375.9479,-1,17.756099999998696,BACKFILL_AUTO
2026-07-12 04:19:24,1783829964,R_75,53360.8205,-1,15.127399999997579,BACKFILL_AUTO
2026-07-12 04:19:26,1783829966,R_75,53351.0267,-1,9.793799999999464,BACKFILL_AUTO
2026-07-12 04:19:28,1783829968,R_75,53351.8293,1,0.8025999999954365,BACKFILL_AUTO
2026-07-12 04:19:30,1783829970,R_75,53331.0946,-1,20.734700000000885,BACKFILL_AUTO
2026-07-12 04:19:32,1783829972,R_75,53328.7915,-1,2.3030999999973574,BACKFILL_AUTO
2026-07-12 04:19:34,1783829974,R_75,53332.6572,1,3.865700000002107,BACKFILL_AUTO
2026-07-12 04:19:36,1783829976,R_75,53315.612,-1,17.045200000000477,BACKFILL_AUTO
2026-07-12 04:19:38,1783829978,R_75,53321.0594,1,5.4473999999972875,BACKFILL_AUTO
2026-07-12 04:19:40,1783829980,R_75,53321.2819,1,0.22250000000349246,BACKFILL_AUTO
2026-07-12 04:19:42,1783829982,R_75,53319.3019,-1,1.9800000000032014,BACKFILL_AUTO
2026-07-12 04:19:44,1783829984,R_75,53317.5996,-1,1.7022999999971944,BACKFILL_AUTO
2026-07-12 04:19:46,1783829986,R_75,53314.7336,-1,2.8660000000018044,BACKFILL_AUTO
2026-07-12 04:19:48,1783829988,R_75,53316.7334,1,1.9997999999977765,BACKFILL_AUTO
2026-07-12 04:19:50,1783829990,R_75,53307.561,-1,9.172399999995832,BACKFILL_AUTO
2026-07-12 04:19:52,1783829992,R_75,53315.2656,1,7.704599999997299,BACKFILL_AUTO
2026-07-12 04:19:54,1783829994,R_75,53306.4266,-1,8.838999999999942,BACKFILL_AUTO
2026-07-12 04:19:56,1783829996,R_75,53329.4525,1,23.025900000000547,BACKFILL_AUTO
2026-07-12 04:19:58,1783829998,R_75,53313.4826,-1,15.969899999996414,BACKFILL_AUTO
2026-07-12 04:20:00,1783830000,R_75,53311.3509,-1,2.1317000000053667,BACKFILL_AUTO
2026-07-12 04:20:02,1783830002,R_75,53308.1523,-1,3.198599999996077,BACKFILL_AUTO
2026-07-12 04:20:04,1783830004,R_75,53322.7006,1,14.548299999994924,BACKFILL_AUTO
2026-07-12 04:20:06,1783830006,R_75,53314.8766,-1,7.823999999993248,BACKFILL_AUTO
2026-07-12 04:20:08,1783830008,R_75,53316.8173,1,1.9406999999991967,BACKFILL_AUTO
2026-07-12 04:20:10,1783830010,R_75,53317.8764,1,1.0590999999985797,BACKFILL_AUTO
2026-07-12 04:20:12,1783830012,R_75,53322.4948,1,4.618399999999383,BACKFILL_AUTO
2026-07-12 04:20:14,1783830014,R_75,53312.8949,-1,9.599900000001071,BACKFILL_AUTO
2026-07-12 04:20:16,1783830016,R_75,53318.1705,1,5.27560000000085,BACKFILL_AUTO
2026-07-12 04:20:18,1783830018,R_75,53323.0212,1,4.850700000002689,BACKFILL_AUTO
2026-07-12 04:20:20,1783830020,R_75,53312.1676,-1,10.853600000002189,BACKFILL_AUTO
2026-07-12 04:20:22,1783830022,R_75,53326.7728,1,14.605199999998149,BACKFILL_AUTO
2026-07-12 04:20:24,1783830024,R_75,53324.0897,-1,2.683100000002014,BACKFILL_AUTO
2026-07-12 04:20:26,1783830026,R_75,53326.0169,1,1.9272000000055414,BACKFILL_AUTO
2026-07-12 04:20:28,1783830028,R_75,53321.8217,-1,4.1952000000019325,BACKFILL_AUTO
2026-07-12 04:20:30,1783830030,R_75,53333.5507,1,11.72899999999936,BACKFILL_AUTO
2026-07-12 04:20:32,1783830032,R_75,53340.3858,1,6.835099999996601,BACKFILL_AUTO
2026-07-12 04:20:34,1783830034,R_75,53336.8734,-1,3.512399999999616,BACKFILL_AUTO
2026-07-12 04:20:36,1783830036,R_75,53340.688,1,3.814600000005157,BACKFILL_AUTO
2026-07-12 04:20:38,1783830038,R_75,53339.8239,-1,0.8640999999988708,BACKFILL_AUTO
2026-07-12 04:20:40,1783830040,R_75,53326.3552,-1,13.468700000004901,BACKFILL_AUTO
2026-07-12 04:20:42,1783830042,R_75,53326.632,1,0.2767999999996391,BACKFILL_AUTO
2026-07-12 04:20:44,1783830044,R_75,53315.1521,-1,11.479899999998452,BACKFILL_AUTO
2026-07-12 04:20:46,1783830046,R_75,53303.1256,-1,12.026499999999942,BACKFILL_AUTO
2026-07-12 04:20:48,1783830048,R_75,53278.3086,-1,24.817000000002736,BACKFILL_AUTO
2026-07-12 04:20:50,1783830050,R_75,53272.1448,-1,6.163799999994808,BACKFILL_AUTO
2026-07-12 04:20:52,1783830052,R_75,53261.8252,-1,10.319600000002538,BACKFILL_AUTO
2026-07-12 04:20:54,1783830054,R_75,53275.8065,1,13.981299999999464,BACKFILL_AUTO
2026-07-12 04:20:56,1783830056,R_75,53265.7808,-1,10.025699999998324,BACKFILL_AUTO
2026-07-12 04:20:58,1783830058,R_75,53273.891,1,8.110200000002806,BACKFILL_AUTO
2026-07-12 04:21:00,1783830060,R_75,53269.2724,-1,4.6186000000016065,BACKFILL_AUTO
2026-07-12 04:21:02,1783830062,R_75,53265.3323,-1,3.940099999999802,BACKFILL_AUTO
2026-07-12 04:21:04,1783830064,R_75,53259.6079,-1,5.72439999999915,BACKFILL_AUTO
2026-07-12 04:21:06,1783830066,R_75,53267.5263,1,7.918399999995017,BACKFILL_AUTO
2026-07-12 04:21:08,1783830068,R_75,53272.4872,1,4.960900000005495,BACKFILL_AUTO
2026-07-12 04:21:10,1783830070,R_75,53266.1659,-1,6.321300000003248,BACKFILL_AUTO
2026-07-12 04:21:12,1783830072,R_75,53251.4933,-1,14.672599999998056,BACKFILL_AUTO
2026-07-12 04:21:14,1783830074,R_75,53252.099,1,0.6057000000000698,BACKFILL_AUTO
2026-07-12 04:21:16,1783830076,R_75,53263.3873,1,11.288300000000163,BACKFILL_AUTO
2026-07-12 04:21:18,1783830078,R_75,53278.6509,1,15.263599999998405,BACKFILL_AUTO
2026-07-12 04:21:20,1783830080,R_75,53275.4751,-1,3.1757999999972526,BACKFILL_AUTO
2026-07-12 04:21:22,1783830082,R_75,53270.8018,-1,4.6733000000022,BACKFILL_AUTO
2026-07-12 04:21:24,1783830084,R_75,53279.2133,1,8.411500000001979,BACKFILL_AUTO
2026-07-12 04:21:26,1783830086,R_75,53268.3587,-1,10.85460000000603,BACKFILL_AUTO
2026-07-12 04:21:28,1783830088,R_75,53273.7862,1,5.427500000005239,BACKFILL_AUTO
2026-07-12 04:21:30,1783830090,R_75,53269.215,-1,4.571200000005774,BACKFILL_AUTO
2026-07-12 04:21:32,1783830092,R_75,53255.8579,-1,13.357099999993807,BACKFILL_AUTO
2026-07-12 04:21:34,1783830094,R_75,53253.3509,-1,2.507000000005064,BACKFILL_AUTO
2026-07-12 04:21:36,1783830096,R_75,53247.5253,-1,5.825599999996484,BACKFILL_AUTO
2026-07-12 04:21:38,1783830098,R_75,53243.3599,-1,4.165399999998044,BACKFILL_AUTO
2026-07-12 04:21:40,1783830100,R_75,53251.8598,1,8.49989999999525,BACKFILL_AUTO
2026-07-12 04:21:42,1783830102,R_75,53236.1352,-1,15.724600000001374,BACKFILL_AUTO
2026-07-12 04:21:44,1783830104,R_75,53245.0866,1,8.951400000005378,BACKFILL_AUTO
2026-07-12 04:21:46,1783830106,R_75,53243.6519,-1,1.4347000000052503,BACKFILL_AUTO
2026-07-12 04:21:48,1783830108,R_75,53248.1742,1,4.522300000004179,BACKFILL_AUTO
2026-07-12 04:21:50,1783830110,R_75,53232.5846,-1,15.589599999999336,BACKFILL_AUTO
2026-07-12 04:21:52,1783830112,R_75,53240.0489,1,7.464299999999639,BACKFILL_AUTO
2026-07-12 04:21:54,1783830114,R_75,53246.4934,1,6.444499999997788,BACKFILL_AUTO
2026-07-12 04:21:56,1783830116,R_75,53248.5356,1,2.042200000003504,BACKFILL_AUTO
2026-07-12 04:21:58,1783830118,R_75,53254.3855,1,5.849899999993795,BACKFILL_AUTO
2026-07-12 04:22:00,1783830120,R_75,53252.1394,-1,2.246099999996659,BACKFILL_AUTO
2026-07-12 04:22:02,1783830122,R_75,53248.4279,-1,3.7114999999976135,BACKFILL_AUTO
2026-07-12 04:22:04,1783830124,R_75,53254.6246,1,6.196700000000419,BACKFILL_AUTO
2026-07-12 04:22:06,1783830126,R_75,53255.026,1,0.40139999999519205,BACKFILL_AUTO
2026-07-12 04:22:08,1783830128,R_75,53247.2638,-1,7.762199999997392,BACKFILL_AUTO
2026-07-12 04:22:10,1783830130,R_75,53252.9423,1,5.678500000001804,BACKFILL_AUTO
2026-07-12 04:22:12,1783830132,R_75,53251.1624,-1,1.779900000001362,BACKFILL_AUTO
2026-07-12 04:22:14,1783830134,R_75,53258.9021,1,7.739699999998265,BACKFILL_AUTO
2026-07-12 04:22:16,1783830136,R_75,53248.1807,-1,10.721400000002177,BACKFILL_AUTO
2026-07-12 04:22:18,1783830138,R_75,53246.3499,-1,1.8307999999960884,BACKFILL_AUTO
2026-07-12 04:22:20,1783830140,R_75,53236.9835,-1,9.366399999998976,BACKFILL_AUTO
2026-07-12 04:22:22,1783830142,R_75,53240.3907,1,3.407200000001467,BACKFILL_AUTO
2026-07-12 04:22:24,1783830144,R_75,53236.8391,-1,3.5516000000061467,BACKFILL_AUTO
2026-07-12 04:22:26,1783830146,R_75,53227.7508,-1,9.088299999995797,BACKFILL_AUTO
2026-07-12 04:22:28,1783830148,R_75,53230.1391,1,2.388299999998708,BACKFILL_AUTO
2026-07-12 04:22:30,1783830150,R_75,53229.2976,-1,0.8415000000022701,BACKFILL_AUTO
2026-07-12 04:22:32,1783830152,R_75,53207.1287,-1,22.16889999999694,BACKFILL_AUTO
2026-07-12 04:22:34,1783830154,R_75,53209.7469,1,2.6181999999971595,BACKFILL_AUTO
2026-07-12 04:22:36,1783830156,R_75,53215.6602,1,5.913300000000163,BACKFILL_AUTO
2026-07-12 04:22:38,1783830158,R_75,53220.3277,1,4.667500000003201,BACKFILL_AUTO
2026-07-12 04:22:40,1783830160,R_75,53212.964,-1,7.3637000000017,BACKFILL_AUTO
2026-07-12 04:22:42,1783830162,R_75,53218.2394,1,5.275399999998626,BACKFILL_AUTO
2026-07-12 04:22:44,1783830164,R_75,53217.2794,-1,0.9599999999991269,BACKFILL_AUTO
2026-07-12 04:22:46,1783830166,R_75,53193.9258,-1,23.35360000000219,BACKFILL_AUTO
2026-07-12 04:22:48,1783830168,R_75,53205.4945,1,11.568700000003446,BACKFILL_AUTO
2026-07-12 04:22:50,1783830170,R_75,53199.7095,-1,5.7850000000034925,BACKFILL_AUTO
2026-07-12 04:22:52,1783830172,R_75,53203.6319,1,3.9224000000031083,BACKFILL_AUTO
2026-07-12 04:22:54,1783830174,R_75,53197.9164,-1,5.715499999998428,BACKFILL_AUTO
2026-07-12 04:22:56,1783830176,R_75,53189.6578,-1,8.258600000001024,BACKFILL_AUTO
2026-07-12 04:22:58,1783830178,R_75,53178.4233,-1,11.234499999998661,BACKFILL_AUTO
2026-07-12 04:23:00,1783830180,R_75,53188.8912,1,10.467899999996007,BACKFILL_AUTO
2026-07-12 04:23:02,1783830182,R_75,53213.634,1,24.74279999999999,BACKFILL_AUTO
2026-07-12 04:23:04,1783830184,R_75,53204.1124,-1,9.521600000000035,BACKFILL_AUTO
2026-07-12 04:23:06,1783830186,R_75,53208.6612,1,4.548800000004121,BACKFILL_AUTO
2026-07-12 04:23:08,1783830188,R_75,53204.9757,-1,3.6854999999995925,BACKFILL_AUTO
2026-07-12 04:23:10,1783830190,R_75,53194.0915,-1,10.884200000000419,BACKFILL_AUTO
2026-07-12 04:23:12,1783830192,R_75,53180.4793,-1,13.612200000003213,BACKFILL_AUTO
2026-07-12 04:23:14,1783830194,R_75,53177.289,-1,3.1903000000020256,BACKFILL_AUTO
2026-07-12 04:23:16,1783830196,R_75,53171.5768,-1,5.712199999994482,BACKFILL_AUTO
2026-07-12 04:23:18,1783830198,R_75,53176.0266,1,4.449799999994866,BACKFILL_AUTO
2026-07-12 04:23:20,1783830200,R_75,53169.8192,-1,6.207399999999325,BACKFILL_AUTO
2026-07-12 04:23:22,1783830202,R_75,53184.2736,1,14.454400000002352,BACKFILL_AUTO
2026-07-12 04:23:24,1783830204,R_75,53196.0432,1,11.769599999999627,BACKFILL_AUTO
2026-07-12 04:23:26,1783830206,R_75,53177.8861,-1,18.157099999996717,BACKFILL_AUTO
2026-07-12 04:23:28,1783830208,R_75,53176.9423,-1,0.9438000000009197,BACKFILL_AUTO
2026-07-12 04:23:30,1783830210,R_75,53180.9474,1,4.005099999994854,BACKFILL_AUTO
2026-07-12 04:23:32,1783830212,R_75,53187.0266,1,6.079200000000128,BACKFILL_AUTO
2026-07-12 04:23:34,1783830214,R_75,53184.1408,-1,2.8857999999963795,BACKFILL_AUTO
2026-07-12 04:23:36,1783830216,R_75,53182.2265,-1,1.9143000000040047,BACKFILL_AUTO
2026-07-12 04:23:38,1783830218,R_75,53179.3295,-1,2.896999999997206,BACKFILL_AUTO
2026-07-12 04:23:40,1783830220,R_75,53168.1004,-1,11.229099999996834,BACKFILL_AUTO
2026-07-12 04:23:42,1783830222,R_75,53165.6025,-1,2.4979000000021188,BACKFILL_AUTO
2026-07-12 04:23:44,1783830224,R_75,53166.3929,1,0.7903999999980442,BACKFILL_AUTO
2026-07-12 04:23:46,1783830226,R_75,53157.639,-1,8.753899999996065,BACKFILL_AUTO
2026-07-12 04:23:48,1783830228,R_75,53156.118,-1,1.5210000000006403,BACKFILL_AUTO
2026-07-12 04:23:50,1783830230,R_75,53173.2944,1,17.176399999996647,BACKFILL_AUTO
2026-07-12 04:23:52,1783830232,R_75,53185.9351,1,12.640700000003562,BACKFILL_AUTO
2026-07-12 04:23:54,1783830234,R_75,53178.3499,-1,7.58520000000135,BACKFILL_AUTO
2026-07-12 04:23:56,1783830236,R_75,53181.4179,1,3.0679999999993015,BACKFILL_AUTO
2026-07-12 04:23:58,1783830238,R_75,53174.0154,-1,7.4025000000037835,BACKFILL_AUTO
2026-07-12 04:24:00,1783830240,R_75,53181.6161,1,7.600700000002689,BACKFILL_AUTO
2026-07-12 04:24:02,1783830242,R_75,53162.1217,-1,19.49439999999595,BACKFILL_AUTO
2026-07-12 04:24:04,1783830244,R_75,53171.6523,1,9.53059999999823,BACKFILL_AUTO
2026-07-12 04:24:06,1783830246,R_75,53163.4429,-1,8.209399999999732,BACKFILL_AUTO
2026-07-12 04:24:08,1783830248,R_75,53164.8259,1,1.3830000000016298,BACKFILL_AUTO
2026-07-12 04:24:10,1783830250,R_75,53153.177,-1,11.64890000000014,BACKFILL_AUTO
2026-07-12 04:24:12,1783830252,R_75,53152.0087,-1,1.1683000000048196,BACKFILL_AUTO
2026-07-12 04:24:14,1783830254,R_75,53148.9808,-1,3.0279000000009546,BACKFILL_AUTO
2026-07-12 04:24:16,1783830256,R_75,53158.6569,1,9.676100000004226,BACKFILL_AUTO
2026-07-12 04:24:18,1783830258,R_75,53164.2264,1,5.569499999997788,BACKFILL_AUTO
2026-07-12 04:24:20,1783830260,R_75,53160.4464,-1,3.779999999998836,BACKFILL_AUTO
2026-07-12 04:24:22,1783830262,R_75,53139.3824,-1,21.063999999998487,BACKFILL_AUTO
2026-07-12 04:24:24,1783830264,R_75,53148.542,1,9.159599999999045,BACKFILL_AUTO
2026-07-12 04:24:26,1783830266,R_75,53151.5637,1,3.0216999999975087,BACKFILL_AUTO
2026-07-12 04:24:28,1783830268,R_75,53141.822,-1,9.741699999998673,BACKFILL_AUTO
2026-07-12 04:24:30,1783830270,R_75,53134.6909,-1,7.131099999998696,BACKFILL_AUTO
2026-07-12 04:24:32,1783830272,R_75,53126.692,-1,7.9988999999986845,BACKFILL_AUTO
2026-07-12 04:24:34,1783830274,R_75,53137.0942,1,10.40219999999681,BACKFILL_AUTO
2026-07-12 04:24:36,1783830276,R_75,53136.5264,-1,0.567799999997078,BACKFILL_AUTO
2026-07-12 04:24:38,1783830278,R_75,53149.8775,1,13.35109999999986,BACKFILL_AUTO
2026-07-12 04:24:40,1783830280,R_75,53148.0989,-1,1.778600000005099,BACKFILL_AUTO
2026-07-12 04:24:42,1783830282,R_75,53122.2485,-1,25.850399999995716,BACKFILL_AUTO
2026-07-12 04:24:44,1783830284,R_75,53115.9173,-1,6.3312000000005355,BACKFILL_AUTO
2026-07-12 04:24:46,1783830286,R_75,53123.1923,1,7.275000000001455,BACKFILL_AUTO
2026-07-12 04:24:48,1783830288,R_75,53118.7627,-1,4.42960000000312,BACKFILL_AUTO
2026-07-12 04:24:50,1783830290,R_75,53115.2275,-1,3.53519999999844,BACKFILL_AUTO
2026-07-12 04:24:52,1783830292,R_75,53118.4649,1,3.2373999999981606,BACKFILL_AUTO
2026-07-12 04:24:54,1783830294,R_75,53107.5806,-1,10.884299999997893,BACKFILL_AUTO
2026-07-12 04:24:56,1783830296,R_75,53110.4695,1,2.8888999999981024,BACKFILL_AUTO
2026-07-12 04:24:58,1783830298,R_75,53101.1489,-1,9.320599999999104,BACKFILL_AUTO
2026-07-12 04:25:00,1783830300,R_75,53115.9158,1,14.766900000002352,BACKFILL_AUTO
2026-07-12 04:25:02,1783830302,R_75,53108.0474,-1,7.868399999999383,BACKFILL_AUTO
2026-07-12 04:25:04,1783830304,R_75,53128.0122,1,19.964799999994284,BACKFILL_AUTO
2026-07-12 04:25:06,1783830306,R_75,53121.6002,-1,6.411999999996624,BACKFILL_AUTO
2026-07-12 04:25:08,1783830308,R_75,53133.6131,1,12.012900000001537,BACKFILL_AUTO
2026-07-12 04:25:10,1783830310,R_75,53115.1861,-1,18.427000000003318,BACKFILL_AUTO
2026-07-12 04:25:12,1783830312,R_75,53111.3438,-1,3.8422999999966123,BACKFILL_AUTO
2026-07-12 04:25:14,1783830314,R_75,53100.2468,-1,11.097000000001572,BACKFILL_AUTO
2026-07-12 04:25:16,1783830316,R_75,53110.3992,1,10.152399999999034,BACKFILL_AUTO
2026-07-12 04:25:18,1783830318,R_75,53120.2601,1,9.860899999999674,BACKFILL_AUTO
2026-07-12 04:25:20,1783830320,R_75,53145.2307,1,24.97060000000056,BACKFILL_AUTO
2026-07-12 04:25:22,1783830322,R_75,53134.8623,-1,10.368399999999383,BACKFILL_AUTO
2026-07-12 04:25:24,1783830324,R_75,53151.775,1,16.91270000000077,BACKFILL_AUTO
2026-07-12 04:25:26,1783830326,R_75,53164.2412,1,12.466199999995297,BACKFILL_AUTO
2026-07-12 04:25:28,1783830328,R_75,53163.1782,-1,1.062999999994645,BACKFILL_AUTO
2026-07-12 04:25:30,1783830330,R_75,53178.8879,1,15.70969999999943,BACKFILL_AUTO
2026-07-12 04:25:32,1783830332,R_75,53165.817,-1,13.070899999998801,BACKFILL_AUTO
2026-07-12 04:25:34,1783830334,R_75,53161.1973,-1,4.619700000002922,BACKFILL_AUTO
2026-07-12 04:25:36,1783830336,R_75,53159.5889,-1,1.6083999999973457,BACKFILL_AUTO
2026-07-12 04:25:38,1783830338,R_75,53169.5376,1,9.948700000000827,BACKFILL_AUTO
2026-07-12 04:25:40,1783830340,R_75,53159.3375,-1,10.20010000000184,BACKFILL_AUTO
2026-07-12 04:25:42,1783830342,R_75,53160.4366,1,1.0990999999994528,BACKFILL_AUTO
2026-07-12 04:25:44,1783830344,R_75,53162.5341,1,2.0974999999962165,BACKFILL_AUTO
2026-07-12 04:25:46,1783830346,R_75,53178.2483,1,15.714200000002165,BACKFILL_AUTO
2026-07-12 04:25:48,1783830348,R_75,53185.3408,1,7.092499999998836,BACKFILL_AUTO
2026-07-12 04:25:50,1783830350,R_75,53167.0936,-1,18.247199999997974,BACKFILL_AUTO
2026-07-12 04:25:52,1783830352,R_75,53178.72,1,11.626400000001013,BACKFILL_AUTO
2026-07-12 04:25:54,1783830354,R_75,53189.8162,1,11.096199999999953,BACKFILL_AUTO
2026-07-12 04:25:56,1783830356,R_75,53189.2626,-1,0.5535999999992782,BACKFILL_AUTO
2026-07-12 04:25:58,1783830358,R_75,53183.1653,-1,6.097300000001269,BACKFILL_AUTO
2026-07-12 04:26:00,1783830360,R_75,53178.8792,-1,4.286099999997532,BACKFILL_AUTO
2026-07-12 04:26:02,1783830362,R_75,53181.1712,1,2.2919999999940046,BACKFILL_AUTO
2026-07-12 04:26:04,1783830364,R_75,53179.3905,-1,1.7806999999957043,BACKFILL_AUTO
2026-07-12 04:26:06,1783830366,R_75,53177.0456,-1,2.3449000000036904,BACKFILL_AUTO
2026-07-12 04:26:08,1783830368,R_75,53164.2403,-1,12.805299999999988,BACKFILL_AUTO
2026-07-12 04:26:10,1783830370,R_75,53158.6814,-1,5.558899999996356,BACKFILL_AUTO
2026-07-12 04:26:12,1783830372,R_75,53167.6892,1,9.007799999999406,BACKFILL_AUTO
2026-07-12 04:26:14,1783830374,R_75,53164.9038,-1,2.7854000000006636,BACKFILL_AUTO
2026-07-12 04:26:16,1783830376,R_75,53170.9242,1,6.020400000001246,BACKFILL_AUTO
2026-07-12 04:26:18,1783830378,R_75,53159.4492,-1,11.474999999998545,BACKFILL_AUTO
2026-07-12 04:26:20,1783830380,R_75,53142.6288,-1,16.820400000004156,BACKFILL_AUTO
2026-07-12 04:26:22,1783830382,R_75,53140.1407,-1,2.488099999995029,BACKFILL_AUTO
2026-07-12 04:26:24,1783830384,R_75,53154.537,1,14.396299999993062,BACKFILL_AUTO
2026-07-12 04:26:26,1783830386,R_75,53154.5855,1,0.04850000000442378,BACKFILL_AUTO
2026-07-12 04:26:28,1783830388,R_75,53141.1071,-1,13.478399999999965,BACKFILL_AUTO
2026-07-12 04:26:30,1783830390,R_75,53132.3276,-1,8.779500000004191,BACKFILL_AUTO
2026-07-12 04:26:32,1783830392,R_75,53142.4629,1,10.135300000001735,BACKFILL_AUTO
2026-07-12 04:26:34,1783830394,R_75,53140.289,-1,2.173900000001595,BACKFILL_AUTO
2026-07-12 04:26:36,1783830396,R_75,53122.9529,-1,17.336100000000442,BACKFILL_AUTO
2026-07-12 04:26:38,1783830398,R_75,53115.5784,-1,7.374499999998079,BACKFILL_AUTO
2026-07-12 04:26:40,1783830400,R_75,53105.5625,-1,10.01589999999851,BACKFILL_AUTO
2026-07-12 04:26:42,1783830402,R_75,53112.6238,1,7.061300000001211,BACKFILL_AUTO
2026-07-12 04:26:44,1783830404,R_75,53119.5502,1,6.926399999996647,BACKFILL_AUTO
2026-07-12 04:26:46,1783830406,R_75,53115.199,-1,4.351199999997334,BACKFILL_AUTO
2026-07-12 04:26:48,1783830408,R_75,53105.4307,-1,9.768300000003364,BACKFILL_AUTO
2026-07-12 04:26:50,1783830410,R_75,53090.8982,-1,14.532499999993888,BACKFILL_AUTO
2026-07-12 04:26:52,1783830412,R_75,53099.6435,1,8.74529999999504,BACKFILL_AUTO
2026-07-12 04:26:54,1783830414,R_75,53123.219,1,23.57549999999901,BACKFILL_AUTO
2026-07-12 04:26:56,1783830416,R_75,53112.0561,-1,11.162899999995716,BACKFILL_AUTO
2026-07-12 04:26:58,1783830418,R_75,53126.4199,1,14.363799999999173,BACKFILL_AUTO
2026-07-12 04:27:00,1783830420,R_75,53125.175,-1,1.2448999999978696,BACKFILL_AUTO
2026-07-12 04:27:02,1783830422,R_75,53135.6395,1,10.464499999994587,BACKFILL_AUTO
2026-07-12 04:27:04,1783830424,R_75,53137.5583,1,1.9187999999994645,BACKFILL_AUTO
2026-07-12 04:27:06,1783830426,R_75,53142.2203,1,4.6620000000039,BACKFILL_AUTO
2026-07-12 04:27:08,1783830428,R_75,53135.7891,-1,6.43119999999908,BACKFILL_AUTO
2026-07-12 04:27:10,1783830430,R_75,53127.8766,-1,7.912499999998545,BACKFILL_AUTO
2026-07-12 04:27:12,1783830432,R_75,53124.2115,-1,3.665100000005623,BACKFILL_AUTO
2026-07-12 04:27:14,1783830434,R_75,53117.1477,-1,7.063799999996263,BACKFILL_AUTO
2026-07-12 04:27:16,1783830436,R_75,53104.2223,-1,12.925400000000081,BACKFILL_AUTO
2026-07-12 04:27:18,1783830438,R_75,53129.0421,1,24.819799999997485,BACKFILL_AUTO
2026-07-12 04:27:20,1783830440,R_75,53149.8071,1,20.764999999999418,BACKFILL_AUTO
2026-07-12 04:27:22,1783830442,R_75,53175.517,1,25.709900000001653,BACKFILL_AUTO
2026-07-12 04:27:24,1783830444,R_75,53161.4244,-1,14.09259999999631,BACKFILL_AUTO
2026-07-12 04:27:26,1783830446,R_75,53163.9503,1,2.525899999993271,BACKFILL_AUTO
2026-07-12 04:27:28,1783830448,R_75,53175.1336,1,11.183300000004238,BACKFILL_AUTO
2026-07-12 04:27:30,1783830450,R_75,53172.4623,-1,2.671300000001793,BACKFILL_AUTO
2026-07-12 04:27:32,1783830452,R_75,53173.2943,1,0.8320000000021537,BACKFILL_AUTO
2026-07-12 04:27:34,1783830454,R_75,53181.3324,1,8.03809999999794,BACKFILL_AUTO
2026-07-12 04:27:36,1783830456,R_75,53171.1271,-1,10.205300000001444,BACKFILL_AUTO
2026-07-12 04:27:38,1783830458,R_75,53179.4727,1,8.345600000000559,BACKFILL_AUTO
2026-07-12 04:27:40,1783830460,R_75,53164.9657,-1,14.506999999997788,BACKFILL_AUTO
2026-07-12 04:27:42,1783830462,R_75,53167.1751,1,2.2093999999997322,BACKFILL_AUTO
2026-07-12 04:27:44,1783830464,R_75,53145.2401,-1,21.93499999999767,BACKFILL_AUTO
2026-07-12 04:27:46,1783830466,R_75,53144.6094,-1,0.630700000001525,BACKFILL_AUTO
2026-07-12 04:27:48,1783830468,R_75,53153.2487,1,8.639299999995274,BACKFILL_AUTO
2026-07-12 04:27:50,1783830470,R_75,53141.473,-1,11.775699999998324,BACKFILL_AUTO
2026-07-12 04:27:52,1783830472,R_75,53128.6961,-1,12.776899999997113,BACKFILL_AUTO
2026-07-12 04:27:54,1783830474,R_75,53134.6522,1,5.956099999995786,BACKFILL_AUTO
2026-07-12 04:27:56,1783830476,R_75,53133.6887,-1,0.9634999999980209,BACKFILL_AUTO
2026-07-12 04:27:58,1783830478,R_75,53125.041,-1,8.64770000000135,BACKFILL_AUTO
2026-07-12 04:28:00,1783830480,R_75,53117.6637,-1,7.377300000000105,BACKFILL_AUTO
2026-07-12 04:28:02,1783830482,R_75,53129.7451,1,12.081400000002759,BACKFILL_AUTO
2026-07-12 04:28:04,1783830484,R_75,53117.6553,-1,12.08980000000156,BACKFILL_AUTO
2026-07-12 04:28:06,1783830486,R_75,53109.5626,-1,8.09270000000106,BACKFILL_AUTO
2026-07-12 04:28:08,1783830488,R_75,53119.7519,1,10.18930000000546,BACKFILL_AUTO
2026-07-12 04:28:10,1783830490,R_75,53113.6264,-1,6.125500000001921,BACKFILL_AUTO
2026-07-12 04:28:12,1783830492,R_75,53109.6989,-1,3.9274999999979627,BACKFILL_AUTO
2026-07-12 04:28:14,1783830494,R_75,53102.3497,-1,7.349200000004203,BACKFILL_AUTO
2026-07-12 04:28:16,1783830496,R_75,53101.828,-1,0.5216999999975087,BACKFILL_AUTO
2026-07-12 04:28:18,1783830498,R_75,53084.0227,-1,17.80529999999999,BACKFILL_AUTO
2026-07-12 04:28:20,1783830500,R_75,53068.9755,-1,15.047200000000885,BACKFILL_AUTO
2026-07-12 04:28:22,1783830502,R_75,53090.9753,1,21.999799999997776,BACKFILL_AUTO
2026-07-12 04:28:24,1783830504,R_75,53071.8373,-1,19.13799999999901,BACKFILL_AUTO
2026-07-12 04:28:26,1783830506,R_75,53068.9729,-1,2.864399999998568,BACKFILL_AUTO
2026-07-12 04:28:28,1783830508,R_75,53058.2222,-1,10.750700000004144,BACKFILL_AUTO
2026-07-12 04:28:30,1783830510,R_75,53074.7841,1,16.561900000000605,BACKFILL_AUTO
2026-07-12 04:28:32,1783830512,R_75,53073.936,-1,0.8480999999956111,BACKFILL_AUTO
2026-07-12 04:28:34,1783830514,R_75,53084.4256,1,10.489600000000792,BACKFILL_AUTO
2026-07-12 04:28:36,1783830516,R_75,53100.8977,1,16.472099999999045,BACKFILL_AUTO
2026-07-12 04:28:38,1783830518,R_75,53114.4249,1,13.52719999999681,BACKFILL_AUTO
2026-07-12 04:28:40,1783830520,R_75,53124.3114,1,9.886500000000524,BACKFILL_AUTO
2026-07-12 04:28:42,1783830522,R_75,53110.8391,-1,13.472300000001269,BACKFILL_AUTO
2026-07-12 04:28:44,1783830524,R_75,53138.3209,1,27.481800000001385,BACKFILL_AUTO
2026-07-12 04:28:46,1783830526,R_75,53125.3486,-1,12.972300000001269,BACKFILL_AUTO
2026-07-12 04:28:48,1783830528,R_75,53138.3933,1,13.044700000005832,BACKFILL_AUTO
2026-07-12 04:28:50,1783830530,R_75,53133.1447,-1,5.248600000006263,BACKFILL_AUTO
2026-07-12 04:28:52,1783830532,R_75,53142.7576,1,9.612900000000081,BACKFILL_AUTO
2026-07-12 04:28:54,1783830534,R_75,53166.5765,1,23.81890000000567,BACKFILL_AUTO
2026-07-12 04:28:56,1783830536,R_75,53164.7773,-1,1.7992000000012922,BACKFILL_AUTO
2026-07-12 04:28:58,1783830538,R_75,53146.9201,-1,17.857199999998556,BACKFILL_AUTO
2026-07-12 04:29:00,1783830540,R_75,53157.2193,1,10.299199999994016,BACKFILL_AUTO
2026-07-12 04:29:02,1783830542,R_75,53155.528,-1,1.6912999999985914,BACKFILL_AUTO
2026-07-12 04:29:04,1783830544,R_75,53171.034,1,15.506000000001222,BACKFILL_AUTO
2026-07-12 04:29:06,1783830546,R_75,53168.4047,-1,2.6293000000005122,BACKFILL_AUTO
2026-07-12 04:29:08,1783830548,R_75,53169.8674,1,1.4627000000036787,BACKFILL_AUTO
2026-07-12 04:29:10,1783830550,R_75,53165.186,-1,4.681400000001304,BACKFILL_AUTO
2026-07-12 04:29:12,1783830552,R_75,53163.0486,-1,2.137399999999616,BACKFILL_AUTO
2026-07-12 04:29:14,1783830554,R_75,53162.8689,-1,0.17970000000059372,BACKFILL_AUTO
2026-07-12 04:29:16,1783830556,R_75,53172.4088,1,9.539899999996123,BACKFILL_AUTO
2026-07-12 04:29:18,1783830558,R_75,53165.1393,-1,7.269499999994878,BACKFILL_AUTO
2026-07-12 04:29:20,1783830560,R_75,53169.3822,1,4.242899999997462,BACKFILL_AUTO
2026-07-12 04:29:22,1783830562,R_75,53173.6931,1,4.310899999996764,BACKFILL_AUTO
2026-07-12 04:29:24,1783830564,R_75,53186.5634,1,12.870300000002317,BACKFILL_AUTO
2026-07-12 04:29:26,1783830566,R_75,53192.3477,1,5.784299999999348,BACKFILL_AUTO
2026-07-12 04:29:28,1783830568,R_75,53198.2307,1,5.88300000000163,BACKFILL_AUTO
2026-07-12 04:29:30,1783830570,R_75,53201.9984,1,3.767699999996694,BACKFILL_AUTO
2026-07-12 04:29:32,1783830572,R_75,53203.2183,1,1.2199000000036904,BACKFILL_AUTO
2026-07-12 04:29:34,1783830574,R_75,53215.4167,1,12.19840000000113,BACKFILL_AUTO
2026-07-12 04:29:36,1783830576,R_75,53209.2632,-1,6.153500000000349,BACKFILL_AUTO
2026-07-12 04:29:38,1783830578,R_75,53204.7691,-1,4.494100000003527,BACKFILL_AUTO
2026-07-12 04:29:40,1783830580,R_75,53194.3674,-1,10.40169999999489,BACKFILL_AUTO
2026-07-12 04:29:42,1783830582,R_75,53182.0696,-1,12.29780000000028,BACKFILL_AUTO
2026-07-12 04:29:44,1783830584,R_75,53173.4674,-1,8.602200000001176,BACKFILL_AUTO
2026-07-12 04:29:46,1783830586,R_75,53155.2828,-1,18.1846000000005,BACKFILL_AUTO
2026-07-12 04:29:48,1783830588,R_75,53142.0404,-1,13.242400000002817,BACKFILL_AUTO
2026-07-12 04:29:50,1783830590,R_75,53145.3775,1,3.337100000004284,BACKFILL_AUTO
2026-07-12 04:29:52,1783830592,R_75,53150.2957,1,4.91820000000007,BACKFILL_AUTO
2026-07-12 04:29:54,1783830594,R_75,53149.5535,-1,0.7422000000005937,BACKFILL_AUTO
2026-07-12 04:29:56,1783830596,R_75,53150.5707,1,1.017199999994773,BACKFILL_AUTO
2026-07-12 04:29:58,1783830598,R_75,53140.0433,-1,10.527399999999034,BACKFILL_AUTO
2026-07-12 04:30:00,1783830600,R_75,53130.4263,-1,9.61699999999837,BACKFILL_AUTO
2026-07-12 04:30:02,1783830602,R_75,53128.9062,-1,1.5201000000015483,BACKFILL_AUTO
2026-07-12 04:30:04,1783830604,R_75,53125.2471,-1,3.6590999999971245,BACKFILL_AUTO
2026-07-12 04:30:06,1783830606,R_75,53123.4614,-1,1.7857000000003609,BACKFILL_AUTO
2026-07-12 04:30:08,1783830608,R_75,53113.3802,-1,10.081200000000536,BACKFILL_AUTO
2026-07-12 04:30:10,1783830610,R_75,53107.5372,-1,5.843000000000757,BACKFILL_AUTO
2026-07-12 04:30:12,1783830612,R_75,53116.726,1,9.188800000003539,BACKFILL_AUTO
2026-07-12 04:30:14,1783830614,R_75,53124.6551,1,7.929100000001199,BACKFILL_AUTO
2026-07-12 04:30:16,1783830616,R_75,53124.344,-1,0.31110000000626314,BACKFILL_AUTO
2026-07-12 04:30:18,1783830618,R_75,53132.8788,1,8.534800000001269,BACKFILL_AUTO
2026-07-12 04:30:20,1783830620,R_75,53148.521,1,15.642200000002049,BACKFILL_AUTO
2026-07-12 04:30:22,1783830622,R_75,53152.2881,1,3.767099999997299,BACKFILL_AUTO
2026-07-12 04:30:24,1783830624,R_75,53140.8175,-1,11.470600000000559,BACKFILL_AUTO
2026-07-12 04:30:26,1783830626,R_75,53137.2101,-1,3.60740000000078,BACKFILL_AUTO
2026-07-12 04:30:28,1783830628,R_75,53148.593,1,11.382900000004156,BACKFILL_AUTO
2026-07-12 04:30:30,1783830630,R_75,53151.0254,1,2.4323999999978696,BACKFILL_AUTO
2026-07-12 04:30:32,1783830632,R_75,53153.5577,1,2.5322999999989406,BACKFILL_AUTO
2026-07-12 04:30:34,1783830634,R_75,53158.9358,1,5.378100000001723,BACKFILL_AUTO
2026-07-12 04:30:36,1783830636,R_75,53165.2686,1,6.332800000003772,BACKFILL_AUTO
2026-07-12 04:30:38,1783830638,R_75,53150.607,-1,14.661599999999453,BACKFILL_AUTO
2026-07-12 04:30:40,1783830640,R_75,53146.0707,-1,4.5363000000070315,BACKFILL_AUTO
2026-07-12 04:30:42,1783830642,R_75,53145.0994,-1,0.9712999999974272,BACKFILL_AUTO
2026-07-12 04:30:44,1783830644,R_75,53128.409,-1,16.6903999999995,BACKFILL_AUTO
2026-07-12 04:30:46,1783830646,R_75,53118.7215,-1,9.6875,BACKFILL_AUTO
2026-07-12 04:30:48,1783830648,R_75,53114.1102,-1,4.611299999996845,BACKFILL_AUTO
2026-07-12 04:30:50,1783830650,R_75,53121.7899,1,7.679700000000594,BACKFILL_AUTO
2026-07-12 04:30:52,1783830652,R_75,53123.5153,1,1.725399999995716,BACKFILL_AUTO
2026-07-12 04:30:54,1783830654,R_75,53123.8345,1,0.3191999999980908,BACKFILL_AUTO
2026-07-12 04:30:56,1783830656,R_75,53114.3496,-1,9.484899999995832,BACKFILL_AUTO
2026-07-12 04:30:58,1783830658,R_75,53097.7075,-1,16.642100000004575,BACKFILL_AUTO
2026-07-12 04:31:00,1783830660,R_75,53105.74,1,8.032500000001164,BACKFILL_AUTO
2026-07-12 04:31:02,1783830662,R_75,53117.168,1,11.427999999999884,BACKFILL_AUTO
2026-07-12 04:31:04,1783830664,R_75,53110.7798,-1,6.388200000001234,BACKFILL_AUTO
2026-07-12 04:31:06,1783830666,R_75,53117.7445,1,6.964700000004086,BACKFILL_AUTO
2026-07-12 04:31:08,1783830668,R_75,53131.556,1,13.811499999996158,BACKFILL_AUTO
2026-07-12 04:31:10,1783830670,R_75,53131.8819,1,0.32590000000345754,BACKFILL_AUTO
2026-07-12 04:31:12,1783830672,R_75,53144.3405,1,12.458599999998114,BACKFILL_AUTO
2026-07-12 04:31:14,1783830674,R_75,53131.1273,-1,13.213199999998324,BACKFILL_AUTO
2026-07-12 04:31:16,1783830676,R_75,53136.9415,1,5.81420000000071,BACKFILL_AUTO
2026-07-12 04:31:18,1783830678,R_75,53165.5668,1,28.625299999999697,BACKFILL_AUTO
2026-07-12 04:31:20,1783830680,R_75,53158.9995,-1,6.567300000002433,BACKFILL_AUTO
2026-07-12 04:31:22,1783830682,R_75,53166.357,1,7.35750000000553,BACKFILL_AUTO
2026-07-12 04:31:24,1783830684,R_75,53164.8412,-1,1.515800000001036,BACKFILL_AUTO
2026-07-12 04:31:26,1783830686,R_75,53156.283,-1,8.558199999999488,BACKFILL_AUTO
2026-07-12 04:31:28,1783830688,R_75,53157.7983,1,1.5152999999991152,BACKFILL_AUTO
2026-07-12 04:31:30,1783830690,R_75,53156.8989,-1,0.8994000000020606,BACKFILL_AUTO
2026-07-12 04:31:32,1783830692,R_75,53165.872,1,8.973100000002887,BACKFILL_AUTO
2026-07-12 04:31:34,1783830694,R_75,53182.1509,1,16.27889999999752,BACKFILL_AUTO
2026-07-12 04:31:36,1783830696,R_75,53172.663,-1,9.487900000000081,BACKFILL_AUTO
2026-07-12 04:31:38,1783830698,R_75,53161.3525,-1,11.310499999999593,BACKFILL_AUTO
2026-07-12 04:31:40,1783830700,R_75,53169.4387,1,8.086199999997916,BACKFILL_AUTO
2026-07-12 04:31:42,1783830702,R_75,53164.2769,-1,5.161800000001676,BACKFILL_AUTO
2026-07-12 04:31:44,1783830704,R_75,53157.1794,-1,7.0974999999962165,BACKFILL_AUTO
2026-07-12 04:31:46,1783830706,R_75,53158.7131,1,1.5336999999999534,BACKFILL_AUTO
2026-07-12 04:31:48,1783830708,R_75,53151.6228,-1,7.090300000003481,BACKFILL_AUTO
2026-07-12 04:31:50,1783830710,R_75,53170.574,1,18.951200000003155,BACKFILL_AUTO
2026-07-12 04:31:52,1783830712,R_75,53168.8147,-1,1.7592999999978929,BACKFILL_AUTO
2026-07-12 04:31:54,1783830714,R_75,53179.8712,1,11.056499999998778,BACKFILL_AUTO
2026-07-12 04:31:56,1783830716,R_75,53203.6461,1,23.774899999996705,BACKFILL_AUTO
2026-07-12 04:31:58,1783830718,R_75,53198.7,-1,4.9461000000010245,BACKFILL_AUTO
2026-07-12 04:32:00,1783830720,R_75,53198.2604,-1,0.43959999999788124,BACKFILL_AUTO
2026-07-12 04:32:02,1783830722,R_75,53193.3986,-1,4.861799999998766,BACKFILL_AUTO
2026-07-12 04:32:04,1783830724,R_75,53195.0781,1,1.6794999999983702,BACKFILL_AUTO
2026-07-12 04:32:06,1783830726,R_75,53206.711,1,11.632900000004156,BACKFILL_AUTO
2026-07-12 04:32:08,1783830728,R_75,53211.5761,1,4.8650999999954365,BACKFILL_AUTO
2026-07-12 04:32:10,1783830730,R_75,53211.2668,-1,0.30930000000080327,BACKFILL_AUTO
2026-07-12 04:32:12,1783830732,R_75,53218.5913,1,7.324500000002445,BACKFILL_AUTO
2026-07-12 04:32:14,1783830734,R_75,53219.3516,1,0.7603000000017346,BACKFILL_AUTO
2026-07-12 04:32:16,1783830736,R_75,53208.9022,-1,10.449400000004971,BACKFILL_AUTO
2026-07-12 04:32:18,1783830738,R_75,53216.0108,1,7.108599999999569,BACKFILL_AUTO
2026-07-12 04:32:20,1783830740,R_75,53199.6059,-1,16.404899999994086,BACKFILL_AUTO
2026-07-12 04:32:22,1783830742,R_75,53208.8347,1,9.228799999997136,BACKFILL_AUTO
2026-07-12 04:32:24,1783830744,R_75,53215.9796,1,7.144899999999325,BACKFILL_AUTO
2026-07-12 04:32:26,1783830746,R_75,53217.4984,1,1.5187999999980093,BACKFILL_AUTO
2026-07-12 04:32:28,1783830748,R_75,53216.3294,-1,1.168999999994412,BACKFILL_AUTO
2026-07-12 04:32:30,1783830750,R_75,53223.4233,1,7.093899999999849,BACKFILL_AUTO
2026-07-12 04:32:32,1783830752,R_75,53225.9852,1,2.5619000000006054,BACKFILL_AUTO
2026-07-12 04:32:34,1783830754,R_75,53224.5378,-1,1.4474000000045635,BACKFILL_AUTO
2026-07-12 04:32:36,1783830756,R_75,53223.5713,-1,0.9664999999949941,BACKFILL_AUTO
2026-07-12 04:32:38,1783830758,R_75,53233.3468,1,9.7754999999961,BACKFILL_AUTO
2026-07-12 04:32:40,1783830760,R_75,53242.2433,1,8.896500000002561,BACKFILL_AUTO
2026-07-12 04:32:42,1783830762,R_75,53219.9696,-1,22.273700000005192,BACKFILL_AUTO
2026-07-12 04:32:44,1783830764,R_75,53238.7662,1,18.79660000000149,BACKFILL_AUTO
2026-07-12 04:32:46,1783830766,R_75,53236.3649,-1,2.4012999999977183,BACKFILL_AUTO
2026-07-12 04:32:48,1783830768,R_75,53236.4138,1,0.04890000000159489,BACKFILL_AUTO
2026-07-12 04:32:50,1783830770,R_75,53248.2724,1,11.85859999999957,BACKFILL_AUTO
2026-07-12 04:32:52,1783830772,R_75,53240.2207,-1,8.05170000000362,BACKFILL_AUTO
2026-07-12 04:32:54,1783830774,R_75,53251.2588,1,11.038100000005215,BACKFILL_AUTO
2026-07-12 04:32:56,1783830776,R_75,53247.0617,-1,4.197100000004866,BACKFILL_AUTO
2026-07-12 04:32:58,1783830778,R_75,53246.0142,-1,1.047500000000582,BACKFILL_AUTO
2026-07-12 04:33:00,1783830780,R_75,53240.4968,-1,5.5173999999969965,BACKFILL_AUTO
2026-07-12 04:33:02,1783830782,R_75,53219.6243,-1,20.87249999999767,BACKFILL_AUTO
2026-07-12 04:33:04,1783830784,R_75,53217.8412,-1,1.7831000000005588,BACKFILL_AUTO
2026-07-12 04:33:06,1783830786,R_75,53217.6486,-1,0.1926000000021304,BACKFILL_AUTO
2026-07-12 04:33:08,1783830788,R_75,53238.3068,1,20.658199999998033,BACKFILL_AUTO
2026-07-12 04:33:10,1783830790,R_75,53249.1249,1,10.818100000004051,BACKFILL_AUTO
2026-07-12 04:33:12,1783830792,R_75,53237.8966,-1,11.228300000002491,BACKFILL_AUTO
2026-07-12 04:33:14,1783830794,R_75,53230.0253,-1,7.871299999998882,BACKFILL_AUTO
2026-07-12 04:33:16,1783830796,R_75,53218.5205,-1,11.504800000002433,BACKFILL_AUTO
2026-07-12 04:33:18,1783830798,R_75,53222.0247,1,3.5042000000030384,BACKFILL_AUTO
2026-07-12 04:33:20,1783830800,R_75,53204.3237,-1,17.70100000000093,BACKFILL_AUTO
2026-07-12 04:33:22,1783830802,R_75,53196.6423,-1,7.681400000001304,BACKFILL_AUTO
2026-07-12 04:33:24,1783830804,R_75,53193.8275,-1,2.8148000000001048,BACKFILL_AUTO
2026-07-12 04:33:26,1783830806,R_75,53186.8647,-1,6.9628000000011525,BACKFILL_AUTO
2026-07-12 04:33:28,1783830808,R_75,53193.7409,1,6.876199999998789,BACKFILL_AUTO
2026-07-12 04:33:30,1783830810,R_75,53189.2046,-1,4.5362999999997555,BACKFILL_AUTO
2026-07-12 04:33:32,1783830812,R_75,53189.4968,1,0.2922000000035041,BACKFILL_AUTO
2026-07-12 04:33:34,1783830814,R_75,53193.488,1,3.991199999996752,BACKFILL_AUTO
2026-07-12 04:33:36,1783830816,R_75,53184.6822,-1,8.805799999994633,BACKFILL_AUTO
2026-07-12 04:33:38,1783830818,R_75,53164.1704,-1,20.51180000000022,BACKFILL_AUTO
2026-07-12 04:33:40,1783830820,R_75,53155.5793,-1,8.591100000005099,BACKFILL_AUTO
2026-07-12 04:33:42,1783830822,R_75,53163.6183,1,8.039000000004307,BACKFILL_AUTO
2026-07-12 04:33:44,1783830824,R_75,53154.0466,-1,9.571700000000419,BACKFILL_AUTO
2026-07-12 04:33:46,1783830826,R_75,53163.0407,1,8.994099999996251,BACKFILL_AUTO
2026-07-12 04:33:48,1783830828,R_75,53161.2161,-1,1.8245999999999185,BACKFILL_AUTO
2026-07-12 04:33:50,1783830830,R_75,53162.0462,1,0.83009999999922,BACKFILL_AUTO
2026-07-12 04:33:52,1783830832,R_75,53160.4771,-1,1.569100000000617,BACKFILL_AUTO
2026-07-12 04:33:54,1783830834,R_75,53171.5537,1,11.076600000000326,BACKFILL_AUTO
2026-07-12 04:33:56,1783830836,R_75,53169.0379,-1,2.51579999999376,BACKFILL_AUTO
2026-07-12 04:33:58,1783830838,R_75,53179.3373,1,10.29939999999624,BACKFILL_AUTO
2026-07-12 04:34:00,1783830840,R_75,53177.0886,-1,2.248699999996461,BACKFILL_AUTO
2026-07-12 04:34:02,1783830842,R_75,53174.2894,-1,2.799200000001292,BACKFILL_AUTO
2026-07-12 04:34:04,1783830844,R_75,53164.7856,-1,9.503799999998591,BACKFILL_AUTO
2026-07-12 04:34:06,1783830846,R_75,53165.5655,1,0.7798999999940861,BACKFILL_AUTO
2026-07-12 04:34:08,1783830848,R_75,53149.6661,-1,15.899399999994785,BACKFILL_AUTO
2026-07-12 04:34:10,1783830850,R_75,53167.4589,1,17.792799999995623,BACKFILL_AUTO
2026-07-12 04:34:12,1783830852,R_75,53181.1476,1,13.68869999999879,BACKFILL_AUTO
2026-07-12 04:34:14,1783830854,R_75,53199.2072,1,18.0596000000005,BACKFILL_AUTO
2026-07-12 04:34:16,1783830856,R_75,53197.1715,-1,2.035700000000361,BACKFILL_AUTO
2026-07-12 04:34:18,1783830858,R_75,53186.6159,-1,10.555599999999686,BACKFILL_AUTO
2026-07-12 04:34:20,1783830860,R_75,53187.5624,1,0.9465000000054715,BACKFILL_AUTO
2026-07-12 04:34:22,1783830862,R_75,53180.2949,-1,7.267500000001746,BACKFILL_AUTO
2026-07-12 04:34:24,1783830864,R_75,53177.2538,-1,3.0411000000021886,BACKFILL_AUTO
2026-07-12 04:34:26,1783830866,R_75,53169.5262,-1,7.727599999998347,BACKFILL_AUTO
2026-07-12 04:34:28,1783830868,R_75,53165.3782,-1,4.148000000001048,BACKFILL_AUTO
2026-07-12 04:34:30,1783830870,R_75,53159.4317,-1,5.946499999998196,BACKFILL_AUTO
2026-07-12 04:34:32,1783830872,R_75,53164.1941,1,4.762399999999616,BACKFILL_AUTO
2026-07-12 04:34:34,1783830874,R_75,53171.8976,1,7.703499999995984,BACKFILL_AUTO
2026-07-12 04:34:36,1783830876,R_75,53166.3076,-1,5.5899999999965075,BACKFILL_AUTO
2026-07-12 04:34:38,1783830878,R_75,53182.2872,1,15.979599999998754,BACKFILL_AUTO
2026-07-12 04:34:40,1783830880,R_75,53177.6024,-1,4.684799999995448,BACKFILL_AUTO
2026-07-12 04:34:42,1783830882,R_75,53190.0309,1,12.428499999994528,BACKFILL_AUTO
2026-07-12 04:34:44,1783830884,R_75,53193.6107,1,3.5797999999995227,BACKFILL_AUTO
2026-07-12 04:34:46,1783830886,R_75,53193.6583,1,0.04760000000533182,BACKFILL_AUTO
2026-07-12 04:34:48,1783830888,R_75,53173.7105,-1,19.947800000001735,BACKFILL_AUTO
2026-07-12 04:34:50,1783830890,R_75,53186.696,1,12.985500000002503,BACKFILL_AUTO
2026-07-12 04:34:52,1783830892,R_75,53200.5914,1,13.89539999999397,BACKFILL_AUTO
2026-07-12 04:34:54,1783830894,R_75,53211.994,1,11.402600000001257,BACKFILL_AUTO
2026-07-12 04:34:56,1783830896,R_75,53205.6932,-1,6.300799999997253,BACKFILL_AUTO
2026-07-12 04:34:58,1783830898,R_75,53210.0711,1,4.377899999999499,BACKFILL_AUTO
2026-07-12 04:35:00,1783830900,R_75,53218.7657,1,8.694600000002538,BACKFILL_AUTO
2026-07-12 04:35:02,1783830902,R_75,53214.1718,-1,4.593900000007125,BACKFILL_AUTO
2026-07-12 04:35:04,1783830904,R_75,53222.0063,1,7.834500000004482,BACKFILL_AUTO
2026-07-12 04:35:06,1783830906,R_75,53222.7156,1,0.7093000000022585,BACKFILL_AUTO
2026-07-12 04:35:08,1783830908,R_75,53212.2749,-1,10.440700000006473,BACKFILL_AUTO
2026-07-12 04:35:10,1783830910,R_75,53207.6036,-1,4.671299999994517,BACKFILL_AUTO
2026-07-12 04:35:12,1783830912,R_75,53211.1533,1,3.549699999995937,BACKFILL_AUTO
2026-07-12 04:35:14,1783830914,R_75,53202.2127,-1,8.940600000001723,BACKFILL_AUTO
2026-07-12 04:35:16,1783830916,R_75,53191.6821,-1,10.53059999999823,BACKFILL_AUTO
2026-07-12 04:35:18,1783830918,R_75,53193.4262,1,1.7441000000035274,BACKFILL_AUTO
2026-07-12 04:35:20,1783830920,R_75,53190.947,-1,2.4792000000015832,BACKFILL_AUTO
2026-07-12 04:35:22,1783830922,R_75,53182.4515,-1,8.495499999997264,BACKFILL_AUTO
2026-07-12 04:35:24,1783830924,R_75,53182.4155,-1,0.03600000000005821,BACKFILL_AUTO
2026-07-12 04:35:26,1783830926,R_75,53194.1325,1,11.716999999996915,BACKFILL_AUTO
2026-07-12 04:35:28,1783830928,R_75,53188.4393,-1,5.693200000001525,BACKFILL_AUTO
2026-07-12 04:35:30,1783830930,R_75,53189.9179,1,1.4786000000021886,BACKFILL_AUTO
2026-07-12 04:35:32,1783830932,R_75,53186.6282,-1,3.289700000001176,BACKFILL_AUTO
2026-07-12 04:35:34,1783830934,R_75,53176.3634,-1,10.264799999997194,BACKFILL_AUTO
2026-07-12 04:35:36,1783830936,R_75,53178.107,1,1.7436000000016065,BACKFILL_AUTO
2026-07-12 04:35:38,1783830938,R_75,53191.6975,1,13.590499999998428,BACKFILL_AUTO
2026-07-12 04:35:40,1783830940,R_75,53197.9043,1,6.20679999999993,BACKFILL_AUTO
2026-07-12 04:35:42,1783830942,R_75,53188.2993,-1,9.605000000003201,BACKFILL_AUTO
2026-07-12 04:35:44,1783830944,R_75,53182.0296,-1,6.269699999997101,BACKFILL_AUTO
2026-07-12 04:35:46,1783830946,R_75,53175.3057,-1,6.723900000004505,BACKFILL_AUTO
2026-07-12 04:35:48,1783830948,R_75,53193.3194,1,18.013700000003155,BACKFILL_AUTO
2026-07-12 04:35:50,1783830950,R_75,53176.0237,-1,17.295700000002398,BACKFILL_AUTO
2026-07-12 04:35:52,1783830952,R_75,53159.3846,-1,16.639100000000326,BACKFILL_AUTO
2026-07-12 04:35:54,1783830954,R_75,53169.289,1,9.904399999999441,BACKFILL_AUTO
2026-07-12 04:35:56,1783830956,R_75,53168.1861,-1,1.1028999999980442,BACKFILL_AUTO
2026-07-12 04:35:58,1783830958,R_75,53167.3054,-1,0.880700000001525,BACKFILL_AUTO
2026-07-12 04:36:00,1783830960,R_75,53174.2403,1,6.934900000000198,BACKFILL_AUTO
2026-07-12 04:36:02,1783830962,R_75,53186.5829,1,12.342600000003586,BACKFILL_AUTO
2026-07-12 04:36:04,1783830964,R_75,53171.9019,-1,14.681000000004133,BACKFILL_AUTO
2026-07-12 04:36:06,1783830966,R_75,53167.6142,-1,4.287699999993492,BACKFILL_AUTO
2026-07-12 04:36:08,1783830968,R_75,53158.256,-1,9.358200000002398,BACKFILL_AUTO
2026-07-12 04:36:10,1783830970,R_75,53161.7828,1,3.526799999999639,BACKFILL_AUTO
2026-07-12 04:36:12,1783830972,R_75,53160.5215,-1,1.2612999999983003,BACKFILL_AUTO
2026-07-12 04:36:14,1783830974,R_75,53147.3743,-1,13.14719999999943,BACKFILL_AUTO
2026-07-12 04:36:16,1783830976,R_75,53166.1534,1,18.779099999999744,BACKFILL_AUTO
2026-07-12 04:36:18,1783830978,R_75,53179.1209,1,12.967499999998836,BACKFILL_AUTO
2026-07-12 04:36:20,1783830980,R_75,53173.3744,-1,5.746500000001106,BACKFILL_AUTO
2026-07-12 04:36:22,1783830982,R_75,53168.4307,-1,4.943700000003446,BACKFILL_AUTO
2026-07-12 04:36:24,1783830984,R_75,53165.1468,-1,3.283899999994901,BACKFILL_AUTO
2026-07-12 04:36:26,1783830986,R_75,53165.6925,1,0.5456999999951222,BACKFILL_AUTO
2026-07-12 04:36:28,1783830988,R_75,53184.5273,1,18.83480000000418,BACKFILL_AUTO
2026-07-12 04:36:30,1783830990,R_75,53177.7952,-1,6.732100000001083,BACKFILL_AUTO
2026-07-12 04:36:32,1783830992,R_75,53209.7587,1,31.96349999999802,BACKFILL_AUTO
2026-07-12 04:36:34,1783830994,R_75,53195.6471,-1,14.111599999996542,BACKFILL_AUTO
2026-07-12 04:36:36,1783830996,R_75,53192.3923,-1,3.254800000002433,BACKFILL_AUTO
2026-07-12 04:36:38,1783830998,R_75,53193.0121,1,0.6198000000003958,BACKFILL_AUTO
2026-07-12 04:36:40,1783831000,R_75,53189.3889,-1,3.623200000001816,BACKFILL_AUTO
2026-07-12 04:36:42,1783831002,R_75,53177.3545,-1,12.034399999996822,BACKFILL_AUTO
2026-07-12 04:36:44,1783831004,R_75,53157.5483,-1,19.80619999999908,BACKFILL_AUTO
2026-07-12 04:36:46,1783831006,R_75,53160.0454,1,2.4971000000005006,BACKFILL_AUTO
2026-07-12 04:36:48,1783831008,R_75,53138.6023,-1,21.44310000000405,BACKFILL_AUTO
2026-07-12 04:36:50,1783831010,R_75,53126.9758,-1,11.626499999998487,BACKFILL_AUTO
2026-07-12 04:36:52,1783831012,R_75,53133.4997,1,6.52390000000014,BACKFILL_AUTO
2026-07-12 04:36:54,1783831014,R_75,53135.9365,1,2.4368000000031316,BACKFILL_AUTO
2026-07-12 04:36:56,1783831016,R_75,53130.1272,-1,5.809300000000803,BACKFILL_AUTO
2026-07-12 04:36:58,1783831018,R_75,53139.5723,1,9.445099999997183,BACKFILL_AUTO
2026-07-12 04:37:00,1783831020,R_75,53143.2229,1,3.65060000000085,BACKFILL_AUTO
2026-07-12 04:37:02,1783831022,R_75,53161.7296,1,18.50669999999809,BACKFILL_AUTO
2026-07-12 04:37:04,1783831024,R_75,53146.7451,-1,14.984499999998661,BACKFILL_AUTO
2026-07-12 04:37:06,1783831026,R_75,53150.4281,1,3.6829999999972642,BACKFILL_AUTO
2026-07-12 04:37:08,1783831028,R_75,53148.1955,-1,2.2325999999957276,BACKFILL_AUTO
2026-07-12 04:37:10,1783831030,R_75,53138.3912,-1,9.804300000003423,BACKFILL_AUTO
2026-07-12 04:37:12,1783831032,R_75,53153.8755,1,15.484300000003714,BACKFILL_AUTO
2026-07-12 04:37:14,1783831034,R_75,53157.0657,1,3.190199999997276,BACKFILL_AUTO
2026-07-12 04:37:16,1783831036,R_75,53161.4436,1,4.377899999999499,BACKFILL_AUTO
2026-07-12 04:37:18,1783831038,R_75,53148.497,-1,12.94659999999567,BACKFILL_AUTO
2026-07-12 04:37:20,1783831040,R_75,53139.0491,-1,9.447900000006484,BACKFILL_AUTO
2026-07-12 04:37:22,1783831042,R_75,53133.0355,-1,6.013599999998405,BACKFILL_AUTO
2026-07-12 04:37:24,1783831044,R_75,53126.4991,-1,6.536399999997229,BACKFILL_AUTO
2026-07-12 04:37:26,1783831046,R_75,53125.599,-1,0.900099999998929,BACKFILL_AUTO
2026-07-12 04:37:28,1783831048,R_75,53111.9247,-1,13.674299999998766,BACKFILL_AUTO
2026-07-12 04:37:30,1783831050,R_75,53106.8675,-1,5.057200000002922,BACKFILL_AUTO
2026-07-12 04:37:32,1783831052,R_75,53116.7656,1,9.898099999998522,BACKFILL_AUTO
2026-07-12 04:37:34,1783831054,R_75,53119.6793,1,2.91370000000461,BACKFILL_AUTO
2026-07-12 04:37:36,1783831056,R_75,53105.9985,-1,13.68080000000191,BACKFILL_AUTO
2026-07-12 04:37:38,1783831058,R_75,53111.0191,1,5.020599999996193,BACKFILL_AUTO
2026-07-12 04:37:40,1783831060,R_75,53123.0629,1,12.043799999999464,BACKFILL_AUTO
2026-07-12 04:37:42,1783831062,R_75,53125.657,1,2.594100000002072,BACKFILL_AUTO
2026-07-12 04:37:44,1783831064,R_75,53113.1773,-1,12.479699999996228,BACKFILL_AUTO
2026-07-12 04:37:46,1783831066,R_75,53109.3579,-1,3.8194000000003143,BACKFILL_AUTO
2026-07-12 04:37:48,1783831068,R_75,53108.8603,-1,0.49760000000242144,BACKFILL_AUTO
2026-07-12 04:37:50,1783831070,R_75,53108.0102,-1,0.8501000000032946,BACKFILL_AUTO
2026-07-12 04:37:52,1783831072,R_75,53103.783,-1,4.2271999999939,BACKFILL_AUTO
2026-07-12 04:37:54,1783831074,R_75,53100.4504,-1,3.3326000000015483,BACKFILL_AUTO
2026-07-12 04:37:56,1783831076,R_75,53088.5979,-1,11.852500000000873,BACKFILL_AUTO
2026-07-12 04:37:58,1783831078,R_75,53096.6897,1,8.091800000001967,BACKFILL_AUTO
2026-07-12 04:38:00,1783831080,R_75,53083.0193,-1,13.6704000000027,BACKFILL_AUTO
2026-07-12 04:38:02,1783831082,R_75,53085.9579,1,2.9386000000013155,BACKFILL_AUTO
2026-07-12 04:38:04,1783831084,R_75,53088.6195,1,2.661599999999453,BACKFILL_AUTO
2026-07-12 04:38:06,1783831086,R_75,53080.0565,-1,8.56300000000192,BACKFILL_AUTO
2026-07-12 04:38:08,1783831088,R_75,53090.82,1,10.763500000000931,BACKFILL_AUTO
2026-07-12 04:38:10,1783831090,R_75,53077.9269,-1,12.89310000000114,BACKFILL_AUTO
2026-07-12 04:38:12,1783831092,R_75,53076.6309,-1,1.2960000000020955,BACKFILL_AUTO
2026-07-12 04:38:14,1783831094,R_75,53070.214,-1,6.416899999996531,BACKFILL_AUTO
2026-07-12 04:38:16,1783831096,R_75,53070.895,1,0.6809999999968568,BACKFILL_AUTO
2026-07-12 04:38:18,1783831098,R_75,53075.3796,1,4.484600000003411,BACKFILL_AUTO
2026-07-12 04:38:20,1783831100,R_75,53079.2182,1,3.8386000000027707,BACKFILL_AUTO
2026-07-12 04:38:22,1783831102,R_75,53082.558,1,3.339799999994284,BACKFILL_AUTO
2026-07-12 04:38:24,1783831104,R_75,53076.8733,-1,5.684699999997974,BACKFILL_AUTO
2026-07-12 04:38:26,1783831106,R_75,53073.3528,-1,3.5204999999987194,BACKFILL_AUTO
2026-07-12 04:38:28,1783831108,R_75,53070.0694,-1,3.283400000000256,BACKFILL_AUTO
2026-07-12 04:38:30,1783831110,R_75,53081.1241,1,11.054700000000594,BACKFILL_AUTO
2026-07-12 04:38:32,1783831112,R_75,53086.1188,1,4.994699999995646,BACKFILL_AUTO
2026-07-12 04:38:34,1783831114,R_75,53082.7412,-1,3.377599999999802,BACKFILL_AUTO
2026-07-12 04:38:36,1783831116,R_75,53071.1417,-1,11.599499999996624,BACKFILL_AUTO
2026-07-12 04:38:38,1783831118,R_75,53070.1079,-1,1.0337999999974272,BACKFILL_AUTO
2026-07-12 04:38:40,1783831120,R_75,53069.9537,-1,0.15420000000449363,BACKFILL_AUTO
2026-07-12 04:38:42,1783831122,R_75,53070.0793,1,0.12559999999939464,BACKFILL_AUTO
2026-07-12 04:38:44,1783831124,R_75,53081.667,1,11.587700000003679,BACKFILL_AUTO
2026-07-12 04:38:46,1783831126,R_75,53087.6271,1,5.960099999996601,BACKFILL_AUTO
2026-07-12 04:38:48,1783831128,R_75,53075.7887,-1,11.838400000000547,BACKFILL_AUTO
2026-07-12 04:38:50,1783831130,R_75,53066.4865,-1,9.302199999998265,BACKFILL_AUTO
2026-07-12 04:38:52,1783831132,R_75,53072.3178,1,5.831299999998009,BACKFILL_AUTO
2026-07-12 04:38:54,1783831134,R_75,53075.8545,1,3.5367000000042026,BACKFILL_AUTO
2026-07-12 04:38:56,1783831136,R_75,53074.9516,-1,0.9029000000009546,BACKFILL_AUTO
2026-07-12 04:38:58,1783831138,R_75,53081.5055,1,6.5538999999989755,BACKFILL_AUTO
2026-07-12 04:39:00,1783831140,R_75,53079.3413,-1,2.164199999999255,BACKFILL_AUTO
2026-07-12 04:39:02,1783831142,R_75,53087.9665,1,8.625200000002224,BACKFILL_AUTO
2026-07-12 04:39:04,1783831144,R_75,53090.2147,1,2.24819999999454,BACKFILL_AUTO
2026-07-12 04:39:06,1783831146,R_75,53079.4324,-1,10.78229999999894,BACKFILL_AUTO
2026-07-12 04:39:08,1783831148,R_75,53068.5604,-1,10.87199999999575,BACKFILL_AUTO
2026-07-12 04:39:10,1783831150,R_75,53083.4098,1,14.84939999999915,BACKFILL_AUTO
2026-07-12 04:39:12,1783831152,R_75,53091.9692,1,8.559399999998277,BACKFILL_AUTO
2026-07-12 04:39:14,1783831154,R_75,53086.7202,-1,5.248999999996158,BACKFILL_AUTO
2026-07-12 04:39:16,1783831156,R_75,53104.0759,1,17.35570000000007,BACKFILL_AUTO
2026-07-12 04:39:18,1783831158,R_75,53114.969,1,10.893099999993865,BACKFILL_AUTO
2026-07-12 04:39:20,1783831160,R_75,53114.6429,-1,0.3260999999984051,BACKFILL_AUTO
2026-07-12 04:39:22,1783831162,R_75,53107.112,-1,7.530899999997928,BACKFILL_AUTO
2026-07-12 04:39:24,1783831164,R_75,53102.1857,-1,4.9262999999991735,BACKFILL_AUTO
2026-07-12 04:39:26,1783831166,R_75,53101.3541,-1,0.8316000000049826,BACKFILL_AUTO
2026-07-12 04:39:28,1783831168,R_75,53090.6206,-1,10.73349999999482,BACKFILL_AUTO
2026-07-12 04:39:30,1783831170,R_75,53084.5396,-1,6.081000000005588,BACKFILL_AUTO
2026-07-12 04:39:32,1783831172,R_75,53088.4162,1,3.8766000000032363,BACKFILL_AUTO
2026-07-12 04:39:34,1783831174,R_75,53105.5988,1,17.182600000000093,BACKFILL_AUTO
2026-07-12 04:39:36,1783831176,R_75,53101.9914,-1,3.60740000000078,BACKFILL_AUTO
2026-07-12 04:39:38,1783831178,R_75,53107.1134,1,5.122000000003027,BACKFILL_AUTO
2026-07-12 04:39:40,1783831180,R_75,53116.0378,1,8.92439999999624,BACKFILL_AUTO
2026-07-12 04:39:42,1783831182,R_75,53119.4728,1,3.4350000000049477,BACKFILL_AUTO
2026-07-12 04:39:44,1783831184,R_75,53111.8436,-1,7.629200000003038,BACKFILL_AUTO
2026-07-12 04:39:46,1783831186,R_75,53119.6966,1,7.853000000002794,BACKFILL_AUTO
2026-07-12 04:39:48,1783831188,R_75,53109.8077,-1,9.888900000005378,BACKFILL_AUTO
2026-07-12 04:39:50,1783831190,R_75,53112.688,1,2.880300000004354,BACKFILL_AUTO
2026-07-12 04:39:52,1783831192,R_75,53114.9778,1,2.2897999999986496,BACKFILL_AUTO
2026-07-12 04:39:54,1783831194,R_75,53120.2532,1,5.275399999998626,BACKFILL_AUTO
2026-07-12 04:39:56,1783831196,R_75,53115.9917,-1,4.261500000000524,BACKFILL_AUTO
2026-07-12 04:39:58,1783831198,R_75,53111.9765,-1,4.0152000000016415,BACKFILL_AUTO
2026-07-12 04:40:00,1783831200,R_75,53110.3838,-1,1.5926999999937834,BACKFILL_AUTO
2026-07-12 04:40:02,1783831202,R_75,53115.6536,1,5.269799999994575,BACKFILL_AUTO
2026-07-12 04:40:04,1783831204,R_75,53112.2525,-1,3.4010999999954947,BACKFILL_AUTO
2026-07-12 04:40:06,1783831206,R_75,53112.3542,1,0.10169999999925494,BACKFILL_AUTO
2026-07-12 04:40:08,1783831208,R_75,53110.1945,-1,2.159700000003795,BACKFILL_AUTO
2026-07-12 04:40:10,1783831210,R_75,53114.5294,1,4.334900000001653,BACKFILL_AUTO
2026-07-12 04:40:12,1783831212,R_75,53099.2036,-1,15.325799999998708,BACKFILL_AUTO
2026-07-12 04:40:14,1783831214,R_75,53113.7915,1,14.587899999998626,BACKFILL_AUTO
2026-07-12 04:40:16,1783831216,R_75,53108.5915,-1,5.19999999999709,BACKFILL_AUTO
2026-07-12 04:40:18,1783831218,R_75,53115.7475,1,7.155999999995402,BACKFILL_AUTO
2026-07-12 04:40:20,1783831220,R_75,53118.4374,1,2.6899000000048545,BACKFILL_AUTO
2026-07-12 04:40:22,1783831222,R_75,53111.5724,-1,6.865000000005239,BACKFILL_AUTO
2026-07-12 04:40:24,1783831224,R_75,53103.4941,-1,8.07829999999376,BACKFILL_AUTO
2026-07-12 04:40:26,1783831226,R_75,53107.2682,1,3.7740999999950873,BACKFILL_AUTO
2026-07-12 04:40:28,1783831228,R_75,53104.2319,-1,3.0362999999997555,BACKFILL_AUTO
2026-07-12 04:40:30,1783831230,R_75,53119.5957,1,15.363799999999173,BACKFILL_AUTO
2026-07-12 04:40:32,1783831232,R_75,53108.2432,-1,11.352500000000873,BACKFILL_AUTO
2026-07-12 04:40:34,1783831234,R_75,53107.9894,-1,0.2537999999985914,BACKFILL_AUTO
2026-07-12 04:40:36,1783831236,R_75,53093.4265,-1,14.562899999997171,BACKFILL_AUTO
2026-07-12 04:40:38,1783831238,R_75,53091.7897,-1,1.6368000000002212,BACKFILL_AUTO
2026-07-12 04:40:40,1783831240,R_75,53093.0546,1,1.2649000000019441,BACKFILL_AUTO
2026-07-12 04:40:42,1783831242,R_75,53095.8998,1,2.8451999999961117,BACKFILL_AUTO
2026-07-12 04:40:44,1783831244,R_75,53085.8415,-1,10.058299999996962,BACKFILL_AUTO
2026-07-12 04:40:46,1783831246,R_75,53077.7254,-1,8.116099999999278,BACKFILL_AUTO
2026-07-12 04:40:48,1783831248,R_75,53067.8514,-1,9.874000000003434,BACKFILL_AUTO
2026-07-12 04:40:50,1783831250,R_75,53076.844,1,8.992599999997765,BACKFILL_AUTO
2026-07-12 04:40:52,1783831252,R_75,53059.853,-1,16.99099999999453,BACKFILL_AUTO
2026-07-12 04:40:54,1783831254,R_75,53059.6941,-1,0.15890000000217697,BACKFILL_AUTO
2026-07-12 04:40:56,1783831256,R_75,53046.9593,-1,12.734799999998359,BACKFILL_AUTO
2026-07-12 04:40:58,1783831258,R_75,53066.3056,1,19.346299999997427,BACKFILL_AUTO
2026-07-12 04:41:00,1783831260,R_75,53060.4238,-1,5.8818000000028405,BACKFILL_AUTO
2026-07-12 04:41:02,1783831262,R_75,53058.905,-1,1.5187999999980093,BACKFILL_AUTO
2026-07-12 04:41:04,1783831264,R_75,53059.8813,1,0.9763000000020838,BACKFILL_AUTO
2026-07-12 04:41:06,1783831266,R_75,53048.2846,-1,11.596700000001874,BACKFILL_AUTO
2026-07-12 04:41:08,1783831268,R_75,53042.1345,-1,6.150099999998929,BACKFILL_AUTO
2026-07-12 04:41:10,1783831270,R_75,53056.7926,1,14.658100000000559,BACKFILL_AUTO
2026-07-12 04:41:12,1783831272,R_75,53066.2156,1,9.423000000002503,BACKFILL_AUTO
2026-07-12 04:41:14,1783831274,R_75,53056.5951,-1,9.62050000000454,BACKFILL_AUTO
2026-07-12 04:41:16,1783831276,R_75,53067.0849,1,10.489800000003015,BACKFILL_AUTO
2026-07-12 04:41:18,1783831278,R_75,53077.9202,1,10.835299999998824,BACKFILL_AUTO
2026-07-12 04:41:20,1783831280,R_75,53072.1578,-1,5.762399999999616,BACKFILL_AUTO
2026-07-12 04:41:22,1783831282,R_75,53081.6509,1,9.493099999999686,BACKFILL_AUTO
2026-07-12 04:41:24,1783831284,R_75,53076.014,-1,5.636899999997695,BACKFILL_AUTO
2026-07-12 04:41:26,1783831286,R_75,53089.7389,1,13.724899999993795,BACKFILL_AUTO
2026-07-12 04:41:28,1783831288,R_75,53074.5733,-1,15.165600000000268,BACKFILL_AUTO
2026-07-12 04:41:30,1783831290,R_75,53079.0827,1,4.509400000002643,BACKFILL_AUTO
2026-07-12 04:41:32,1783831292,R_75,53068.17,-1,10.912700000000768,BACKFILL_AUTO
2026-07-12 04:41:34,1783831294,R_75,53080.945,1,12.775000000001455,BACKFILL_AUTO
2026-07-12 04:41:36,1783831296,R_75,53085.5685,1,4.623500000001513,BACKFILL_AUTO
2026-07-12 04:41:38,1783831298,R_75,53086.2639,1,0.6953999999968801,BACKFILL_AUTO
2026-07-12 04:41:40,1783831300,R_75,53078.2411,-1,8.022799999998824,BACKFILL_AUTO
2026-07-12 04:41:42,1783831302,R_75,53063.7326,-1,14.508499999996275,BACKFILL_AUTO
2026-07-12 04:41:44,1783831304,R_75,53066.1785,1,2.445899999998801,BACKFILL_AUTO
2026-07-12 04:41:46,1783831306,R_75,53075.0318,1,8.853299999995215,BACKFILL_AUTO
2026-07-12 04:41:48,1783831308,R_75,53069.2708,-1,5.760999999998603,BACKFILL_AUTO
2026-07-12 04:41:50,1783831310,R_75,53071.6591,1,2.388299999998708,BACKFILL_AUTO
2026-07-12 04:41:52,1783831312,R_75,53060.7048,-1,10.954299999997602,BACKFILL_AUTO
2026-07-12 04:41:54,1783831314,R_75,53055.794,-1,4.910799999997835,BACKFILL_AUTO
2026-07-12 04:41:56,1783831316,R_75,53064.1558,1,8.361799999998766,BACKFILL_AUTO
2026-07-12 04:41:58,1783831318,R_75,53060.7154,-1,3.4403999999994994,BACKFILL_AUTO
2026-07-12 04:42:00,1783831320,R_75,53046.2548,-1,14.460599999998522,BACKFILL_AUTO
2026-07-12 04:42:02,1783831322,R_75,53056.9125,1,10.657699999996112,BACKFILL_AUTO
2026-07-12 04:42:04,1783831324,R_75,53069.7995,1,12.887000000002445,BACKFILL_AUTO
2026-07-12 04:42:06,1783831326,R_75,53076.4401,1,6.640599999998813,BACKFILL_AUTO
2026-07-12 04:42:08,1783831328,R_75,53069.813,-1,6.627099999997881,BACKFILL_AUTO
2026-07-12 04:42:10,1783831330,R_75,53089.1575,1,19.344499999999243,BACKFILL_AUTO
2026-07-12 04:42:12,1783831332,R_75,53079.091,-1,10.066500000000815,BACKFILL_AUTO
2026-07-12 04:42:14,1783831334,R_75,53076.9083,-1,2.182699999997567,BACKFILL_AUTO
2026-07-12 04:42:16,1783831336,R_75,53074.0459,-1,2.8624000000054366,BACKFILL_AUTO
2026-07-12 04:42:18,1783831338,R_75,53075.3295,1,1.2836000000024796,BACKFILL_AUTO
2026-07-12 04:42:20,1783831340,R_75,53077.0362,1,1.7067000000024564,BACKFILL_AUTO
2026-07-12 04:42:22,1783831342,R_75,53069.7634,-1,7.272799999998824,BACKFILL_AUTO
2026-07-12 04:42:24,1783831344,R_75,53069.51,-1,0.25340000000142027,BACKFILL_AUTO
2026-07-12 04:42:26,1783831346,R_75,53060.0573,-1,9.452700000001641,BACKFILL_AUTO
2026-07-12 04:42:28,1783831348,R_75,53053.0391,-1,7.018199999998615,BACKFILL_AUTO
2026-07-12 04:42:30,1783831350,R_75,53051.4013,-1,1.637800000004063,BACKFILL_AUTO
2026-07-12 04:42:32,1783831352,R_75,53047.5369,-1,3.864399999998568,BACKFILL_AUTO
2026-07-12 04:42:34,1783831354,R_75,53037.544,-1,9.992899999997462,BACKFILL_AUTO
2026-07-12 04:42:36,1783831356,R_75,53034.5167,-1,3.02730000000156,BACKFILL_AUTO
2026-07-12 04:42:38,1783831358,R_75,53035.252,1,0.7353000000002794,BACKFILL_AUTO
2026-07-12 04:42:40,1783831360,R_75,53032.5452,-1,2.70679999999993,BACKFILL_AUTO
2026-07-12 04:42:42,1783831362,R_75,53035.3598,1,2.8145999999978812,BACKFILL_AUTO
2026-07-12 04:42:44,1783831364,R_75,53019.0947,-1,16.26509999999689,BACKFILL_AUTO
2026-07-12 04:42:46,1783831366,R_75,53022.4786,1,3.3839000000007218,BACKFILL_AUTO
2026-07-12 04:42:48,1783831368,R_75,53015.1295,-1,7.349099999999453,BACKFILL_AUTO
2026-07-12 04:42:50,1783831370,R_75,53017.6982,1,2.56869999999617,BACKFILL_AUTO
2026-07-12 04:42:52,1783831372,R_75,53005.8968,-1,11.801399999996647,BACKFILL_AUTO
2026-07-12 04:42:54,1783831374,R_75,53015.8785,1,9.981699999996636,BACKFILL_AUTO
2026-07-12 04:42:56,1783831376,R_75,53013.4123,-1,2.466199999995297,BACKFILL_AUTO
2026-07-12 04:42:58,1783831378,R_75,53019.3559,1,5.943599999998696,BACKFILL_AUTO
2026-07-12 04:43:00,1783831380,R_75,53003.247,-1,16.108899999999267,BACKFILL_AUTO
2026-07-12 04:43:02,1783831382,R_75,52997.2838,-1,5.9632000000056,BACKFILL_AUTO
2026-07-12 04:43:04,1783831384,R_75,52992.8661,-1,4.417699999998149,BACKFILL_AUTO
2026-07-12 04:43:06,1783831386,R_75,52975.6183,-1,17.24779999999737,BACKFILL_AUTO
2026-07-12 04:43:08,1783831388,R_75,52970.0318,-1,5.586500000004889,BACKFILL_AUTO
2026-07-12 04:43:10,1783831390,R_75,52978.6253,1,8.593500000002678,BACKFILL_AUTO
2026-07-12 04:43:12,1783831392,R_75,52969.8993,-1,8.726000000002387,BACKFILL_AUTO
2026-07-12 04:43:14,1783831394,R_75,52962.2571,-1,7.642199999994773,BACKFILL_AUTO
2026-07-12 04:43:16,1783831396,R_75,52979.1619,1,16.904799999996612,BACKFILL_AUTO
2026-07-12 04:43:18,1783831398,R_75,52966.8091,-1,12.35280000000057,BACKFILL_AUTO
2026-07-12 04:43:20,1783831400,R_75,52959.5068,-1,7.302299999995739,BACKFILL_AUTO
2026-07-12 04:43:22,1783831402,R_75,52968.0536,1,8.546799999996438,BACKFILL_AUTO
2026-07-12 04:43:24,1783831404,R_75,52955.2652,-1,12.788399999997637,BACKFILL_AUTO
2026-07-12 04:43:26,1783831406,R_75,52954.9471,-1,0.31810000000405125,BACKFILL_AUTO
2026-07-12 04:43:28,1783831408,R_75,52955.7967,1,0.8496000000013737,BACKFILL_AUTO
2026-07-12 04:43:30,1783831410,R_75,52940.2256,-1,15.571100000001024,BACKFILL_AUTO
2026-07-12 04:43:32,1783831412,R_75,52936.2155,-1,4.010099999999511,BACKFILL_AUTO
2026-07-12 04:43:34,1783831414,R_75,52926.4518,-1,9.763699999995879,BACKFILL_AUTO
2026-07-12 04:43:36,1783831416,R_75,52925.7552,-1,0.6966000000029453,BACKFILL_AUTO
2026-07-12 04:43:38,1783831418,R_75,52936.0847,1,10.329499999999825,BACKFILL_AUTO
2026-07-12 04:43:40,1783831420,R_75,52930.484,-1,5.600700000002689,BACKFILL_AUTO
2026-07-12 04:43:42,1783831422,R_75,52934.3086,1,3.8245999999999185,BACKFILL_AUTO
2026-07-12 04:43:44,1783831424,R_75,52941.8711,1,7.5625,BACKFILL_AUTO
2026-07-12 04:43:46,1783831426,R_75,52943.0997,1,1.2286000000021886,BACKFILL_AUTO
2026-07-12 04:43:48,1783831428,R_75,52947.8838,1,4.7841000000044005,BACKFILL_AUTO
2026-07-12 04:43:50,1783831430,R_75,52945.4173,-1,2.46650000000227,BACKFILL_AUTO
2026-07-12 04:43:52,1783831432,R_75,52952.6794,1,7.2620999999999185,BACKFILL_AUTO
2026-07-12 04:43:54,1783831434,R_75,52950.3978,-1,2.281600000002072,BACKFILL_AUTO
2026-07-12 04:43:56,1783831436,R_75,52946.9533,-1,3.444499999997788,BACKFILL_AUTO
2026-07-12 04:43:58,1783831438,R_75,52937.7733,-1,9.180000000000291,BACKFILL_AUTO
2026-07-12 04:44:00,1783831440,R_75,52922.009,-1,15.76430000000255,BACKFILL_AUTO
2026-07-12 04:44:02,1783831442,R_75,52923.3553,1,1.3463000000047032,BACKFILL_AUTO
2026-07-12 04:44:04,1783831444,R_75,52905.8685,-1,17.486800000006042,BACKFILL_AUTO
2026-07-12 04:44:06,1783831446,R_75,52909.2706,1,3.4021000000066124,BACKFILL_AUTO
2026-07-12 04:44:08,1783831448,R_75,52925.6596,1,16.388999999995576,BACKFILL_AUTO
2026-07-12 04:44:10,1783831450,R_75,52927.7299,1,2.0702999999994063,BACKFILL_AUTO
2026-07-12 04:44:12,1783831452,R_75,52918.4258,-1,9.304100000001199,BACKFILL_AUTO
2026-07-12 04:44:14,1783831454,R_75,52912.9156,-1,5.510199999996985,BACKFILL_AUTO
2026-07-12 04:44:16,1783831456,R_75,52922.1333,1,9.21770000000106,BACKFILL_AUTO
2026-07-12 04:44:18,1783831458,R_75,52922.2266,1,0.09330000000045402,BACKFILL_AUTO
2026-07-12 04:44:20,1783831460,R_75,52920.0386,-1,2.188000000001921,BACKFILL_AUTO
2026-07-12 04:44:22,1783831462,R_75,52925.2396,1,5.201000000000931,BACKFILL_AUTO
2026-07-12 04:44:24,1783831464,R_75,52930.7722,1,5.532599999998638,BACKFILL_AUTO
2026-07-12 04:44:26,1783831466,R_75,52916.394,-1,14.378199999999197,BACKFILL_AUTO
2026-07-12 04:44:28,1783831468,R_75,52920.4214,1,4.027399999999034,BACKFILL_AUTO
2026-07-12 04:44:30,1783831470,R_75,52933.0744,1,12.652999999998428,BACKFILL_AUTO
2026-07-12 04:44:32,1783831472,R_75,52935.4629,1,2.3885000000009313,BACKFILL_AUTO
2026-07-12 04:44:34,1783831474,R_75,52930.5295,-1,4.933400000001711,BACKFILL_AUTO
2026-07-12 04:44:36,1783831476,R_75,52916.6657,-1,13.863799999999173,BACKFILL_AUTO
2026-07-12 04:44:38,1783831478,R_75,52915.5405,-1,1.1251999999949476,BACKFILL_AUTO
2026-07-12 04:44:40,1783831480,R_75,52902.542,-1,12.998500000001513,BACKFILL_AUTO
2026-07-12 04:44:42,1783831482,R_75,52917.1805,1,14.638500000000931,BACKFILL_AUTO
2026-07-12 04:44:44,1783831484,R_75,52922.4739,1,5.293399999995017,BACKFILL_AUTO
2026-07-12 04:44:46,1783831486,R_75,52917.2132,-1,5.260699999998906,BACKFILL_AUTO
2026-07-12 04:44:48,1783831488,R_75,52889.4671,-1,27.74609999999666,BACKFILL_AUTO
2026-07-12 04:44:50,1783831490,R_75,52895.2376,1,5.770499999998719,BACKFILL_AUTO
2026-07-12 04:44:52,1783831492,R_75,52895.1297,-1,0.10790000000270084,BACKFILL_AUTO
2026-07-12 04:44:54,1783831494,R_75,52876.6417,-1,18.487999999997555,BACKFILL_AUTO
2026-07-12 04:44:56,1783831496,R_75,52864.2837,-1,12.358000000000175,BACKFILL_AUTO
2026-07-12 04:44:58,1783831498,R_75,52870.501,1,6.217299999996612,BACKFILL_AUTO
2026-07-12 04:45:00,1783831500,R_75,52868.5405,-1,1.9604999999937718,BACKFILL_AUTO
2026-07-12 04:45:02,1783831502,R_75,52873.6612,1,5.120699999999488,BACKFILL_AUTO
2026-07-12 04:45:04,1783831504,R_75,52864.9454,-1,8.715800000005402,BACKFILL_AUTO
2026-07-12 04:45:06,1783831506,R_75,52858.1967,-1,6.748699999996461,BACKFILL_AUTO
2026-07-12 04:45:08,1783831508,R_75,52845.5435,-1,12.653200000000652,BACKFILL_AUTO
2026-07-12 04:45:10,1783831510,R_75,52841.1383,-1,4.405200000001059,BACKFILL_AUTO
2026-07-12 04:45:12,1783831512,R_75,52837.5345,-1,3.603799999997136,BACKFILL_AUTO
2026-07-12 04:45:14,1783831514,R_75,52849.5241,1,11.989600000000792,BACKFILL_AUTO
2026-07-12 04:45:16,1783831516,R_75,52849.8399,1,0.3157999999966705,BACKFILL_AUTO
2026-07-12 04:45:18,1783831518,R_75,52836.2746,-1,13.565300000002026,BACKFILL_AUTO
2026-07-12 04:45:20,1783831520,R_75,52818.0755,-1,18.199099999997998,BACKFILL_AUTO
2026-07-12 04:45:22,1783831522,R_75,52818.2795,1,0.20399999999790452,BACKFILL_AUTO
2026-07-12 04:45:24,1783831524,R_75,52810.3751,-1,7.904399999999441,BACKFILL_AUTO
2026-07-12 04:45:26,1783831526,R_75,52809.9549,-1,0.4202000000004773,BACKFILL_AUTO
2026-07-12 04:45:28,1783831528,R_75,52795.2376,-1,14.717299999996612,BACKFILL_AUTO
2026-07-12 04:45:30,1783831530,R_75,52789.7179,-1,5.519699999997101,BACKFILL_AUTO
2026-07-12 04:45:32,1783831532,R_75,52767.9653,-1,21.752599999999802,BACKFILL_AUTO
2026-07-12 04:45:34,1783831534,R_75,52770.6911,1,2.725799999992887,BACKFILL_AUTO
2026-07-12 04:45:36,1783831536,R_75,52773.8129,1,3.1218000000008033,BACKFILL_AUTO
2026-07-12 04:45:38,1783831538,R_75,52764.4667,-1,9.346199999999953,BACKFILL_AUTO
2026-07-12 04:45:40,1783831540,R_75,52769.8745,1,5.4078000000008615,BACKFILL_AUTO
2026-07-12 04:45:42,1783831542,R_75,52762.1857,-1,7.688799999996263,BACKFILL_AUTO
2026-07-12 04:45:44,1783831544,R_75,52772.1024,1,9.916700000001583,BACKFILL_AUTO
2026-07-12 04:45:46,1783831546,R_75,52742.506,-1,29.596400000002177,BACKFILL_AUTO
2026-07-12 04:45:48,1783831548,R_75,52701.5739,-1,40.93209999999817,BACKFILL_AUTO
2026-07-12 04:45:50,1783831550,R_75,52693.8552,-1,7.718700000004901,BACKFILL_AUTO
2026-07-12 04:45:52,1783831552,R_75,52710.6951,1,16.839899999999034,BACKFILL_AUTO
2026-07-12 04:45:54,1783831554,R_75,52711.6347,1,0.9396000000051572,BACKFILL_AUTO
2026-07-12 04:45:56,1783831556,R_75,52701.8198,-1,9.814900000004855,BACKFILL_AUTO
2026-07-12 04:45:58,1783831558,R_75,52689.2231,-1,12.596699999994598,BACKFILL_AUTO
2026-07-12 04:46:00,1783831560,R_75,52698.4215,1,9.198399999993853,BACKFILL_AUTO
2026-07-12 04:46:02,1783831562,R_75,52723.4314,1,25.009900000004563,BACKFILL_AUTO
2026-07-12 04:46:04,1783831564,R_75,52728.45,1,5.018599999995786,BACKFILL_AUTO
2026-07-12 04:46:06,1783831566,R_75,52717.5348,-1,10.91519999999582,BACKFILL_AUTO
2026-07-12 04:46:08,1783831568,R_75,52742.0348,1,24.5,BACKFILL_AUTO
2026-07-12 04:46:10,1783831570,R_75,52744.715,1,2.6801999999952386,BACKFILL_AUTO
2026-07-12 04:46:12,1783831572,R_75,52760.886,1,16.171000000002095,BACKFILL_AUTO
2026-07-12 04:46:14,1783831574,R_75,52757.582,-1,3.3039999999964493,BACKFILL_AUTO
2026-07-12 04:46:16,1783831576,R_75,52745.9245,-1,11.657500000001164,BACKFILL_AUTO
2026-07-12 04:46:18,1783831578,R_75,52712.2007,-1,33.723799999999756,BACKFILL_AUTO
2026-07-12 04:46:20,1783831580,R_75,52705.7627,-1,6.438000000001921,BACKFILL_AUTO
2026-07-12 04:46:22,1783831582,R_75,52687.1481,-1,18.61460000000079,BACKFILL_AUTO
2026-07-12 04:46:24,1783831584,R_75,52688.3509,1,1.2027999999991152,BACKFILL_AUTO
2026-07-12 04:46:26,1783831586,R_75,52691.8479,1,3.497000000003027,BACKFILL_AUTO
2026-07-12 04:46:28,1783831588,R_75,52699.1266,1,7.278700000002573,BACKFILL_AUTO
2026-07-12 04:46:30,1783831590,R_75,52697.2895,-1,1.837100000004284,BACKFILL_AUTO
2026-07-12 04:46:32,1783831592,R_75,52700.0422,1,2.752700000004552,BACKFILL_AUTO
2026-07-12 04:46:34,1783831594,R_75,52709.1571,1,9.114899999993213,BACKFILL_AUTO
2026-07-12 04:46:36,1783831596,R_75,52723.5021,1,14.345000000001164,BACKFILL_AUTO
2026-07-12 04:46:38,1783831598,R_75,52721.4245,-1,2.0775999999968917,BACKFILL_AUTO
2026-07-12 04:46:40,1783831600,R_75,52718.5795,-1,2.845000000001164,BACKFILL_AUTO
2026-07-12 04:46:42,1783831602,R_75,52734.3078,1,15.728300000002491,BACKFILL_AUTO
2026-07-12 04:46:44,1783831604,R_75,52741.2623,1,6.954499999999825,BACKFILL_AUTO
2026-07-12 04:46:46,1783831606,R_75,52750.4872,1,9.224900000001071,BACKFILL_AUTO
2026-07-12 04:46:48,1783831608,R_75,52749.8826,-1,0.6046000000060303,BACKFILL_AUTO
2026-07-12 04:46:50,1783831610,R_75,52750.9089,1,1.0263000000049942,BACKFILL_AUTO
2026-07-12 04:46:52,1783831612,R_75,52754.32,1,3.411099999997532,BACKFILL_AUTO
2026-07-12 04:46:54,1783831614,R_75,52758.6994,1,4.379399999997986,BACKFILL_AUTO
2026-07-12 04:46:56,1783831616,R_75,52748.8519,-1,9.847499999996217,BACKFILL_AUTO
2026-07-12 04:46:58,1783831618,R_75,52751.1438,1,2.291899999996531,BACKFILL_AUTO
2026-07-12 04:47:00,1783831620,R_75,52753.0467,1,1.9029000000009546,BACKFILL_AUTO
2026-07-12 04:47:02,1783831622,R_75,52742.7274,-1,10.319299999995565,BACKFILL_AUTO
2026-07-12 04:47:04,1783831624,R_75,52737.9671,-1,4.760300000001735,BACKFILL_AUTO
2026-07-12 04:47:06,1783831626,R_75,52740.4876,1,2.5204999999987194,BACKFILL_AUTO
2026-07-12 04:47:08,1783831628,R_75,52737.8433,-1,2.64429999999993,BACKFILL_AUTO
2026-07-12 04:47:10,1783831630,R_75,52719.3762,-1,18.467100000001665,BACKFILL_AUTO
2026-07-12 04:47:12,1783831632,R_75,52722.9804,1,3.6042000000015832,BACKFILL_AUTO
2026-07-12 04:47:14,1783831634,R_75,52727.0419,1,4.061499999996158,BACKFILL_AUTO
2026-07-12 04:47:16,1783831636,R_75,52732.6564,1,5.614500000003318,BACKFILL_AUTO
2026-07-12 04:47:18,1783831638,R_75,52711.5543,-1,21.102099999996426,BACKFILL_AUTO
2026-07-12 04:47:20,1783831640,R_75,52717.5027,1,5.948399999993853,BACKFILL_AUTO
2026-07-12 04:47:22,1783831642,R_75,52718.993,1,1.490300000004936,BACKFILL_AUTO
2026-07-12 04:47:24,1783831644,R_75,52724.6923,1,5.699300000000221,BACKFILL_AUTO
2026-07-12 04:47:26,1783831646,R_75,52726.9076,1,2.215299999996205,BACKFILL_AUTO
2026-07-12 04:47:28,1783831648,R_75,52722.463,-1,4.444599999995262,BACKFILL_AUTO
2026-07-12 04:47:30,1783831650,R_75,52716.8552,-1,5.607800000005227,BACKFILL_AUTO
2026-07-12 04:47:32,1783831652,R_75,52724.784,1,7.928800000001502,BACKFILL_AUTO
2026-07-12 04:47:34,1783831654,R_75,52713.0585,-1,11.725500000000466,BACKFILL_AUTO
2026-07-12 04:47:36,1783831656,R_75,52719.5682,1,6.50970000000234,BACKFILL_AUTO
2026-07-12 04:47:38,1783831658,R_75,52715.88,-1,3.6882000000041444,BACKFILL_AUTO
2026-07-12 04:47:40,1783831660,R_75,52724.3505,1,8.470500000003085,BACKFILL_AUTO
2026-07-12 04:47:42,1783831662,R_75,52721.26,-1,3.0904999999984284,BACKFILL_AUTO
2026-07-12 04:47:44,1783831664,R_75,52714.6587,-1,6.601300000002084,BACKFILL_AUTO
2026-07-12 04:47:46,1783831666,R_75,52728.9721,1,14.313399999999092,BACKFILL_AUTO
2026-07-12 04:47:48,1783831668,R_75,52752.1252,1,23.153100000003178,BACKFILL_AUTO
2026-07-12 04:47:50,1783831670,R_75,52768.8126,1,16.68739999999525,BACKFILL_AUTO
2026-07-12 04:47:52,1783831672,R_75,52769.8073,1,0.994700000002922,BACKFILL_AUTO
2026-07-12 04:47:54,1783831674,R_75,52769.0081,-1,0.7992000000012922,BACKFILL_AUTO
2026-07-12 04:47:56,1783831676,R_75,52780.7001,1,11.692000000002736,BACKFILL_AUTO
2026-07-12 04:47:58,1783831678,R_75,52791.7318,1,11.031699999999546,BACKFILL_AUTO
2026-07-12 04:48:00,1783831680,R_75,52778.2848,-1,13.447000000000116,BACKFILL_AUTO
2026-07-12 04:48:02,1783831682,R_75,52766.0698,-1,12.215000000003783,BACKFILL_AUTO
2026-07-12 04:48:04,1783831684,R_75,52767.664,1,1.594199999999546,BACKFILL_AUTO
2026-07-12 04:48:06,1783831686,R_75,52765.1768,-1,2.487199999995937,BACKFILL_AUTO
2026-07-12 04:48:08,1783831688,R_75,52750.6375,-1,14.539300000004005,BACKFILL_AUTO
2026-07-12 04:48:10,1783831690,R_75,52753.2645,1,2.6270000000004075,BACKFILL_AUTO
2026-07-12 04:48:12,1783831692,R_75,52751.8667,-1,1.3977999999988242,BACKFILL_AUTO
2026-07-12 04:48:14,1783831694,R_75,52766.169,1,14.302300000003015,BACKFILL_AUTO
2026-07-12 04:48:16,1783831696,R_75,52774.4076,1,8.23859999999695,BACKFILL_AUTO
2026-07-12 04:48:18,1783831698,R_75,52780.7742,1,6.366600000001199,BACKFILL_AUTO
2026-07-12 04:48:20,1783831700,R_75,52781.4412,1,0.6670000000012806,BACKFILL_AUTO
2026-07-12 04:48:22,1783831702,R_75,52760.1715,-1,21.269700000004377,BACKFILL_AUTO
2026-07-12 04:48:24,1783831704,R_75,52771.3197,1,11.148200000003271,BACKFILL_AUTO
2026-07-12 04:48:26,1783831706,R_75,52759.2743,-1,12.0454000000027,BACKFILL_AUTO
2026-07-12 04:48:28,1783831708,R_75,52760.7574,1,1.4831000000049244,BACKFILL_AUTO
2026-07-12 04:48:30,1783831710,R_75,52776.0088,1,15.251400000001013,BACKFILL_AUTO
2026-07-12 04:48:32,1783831712,R_75,52793.0653,1,17.056499999998778,BACKFILL_AUTO
2026-07-12 04:48:34,1783831714,R_75,52800.8882,1,7.822899999999208,BACKFILL_AUTO
2026-07-12 04:48:36,1783831716,R_75,52799.1225,-1,1.7657000000035623,BACKFILL_AUTO
2026-07-12 04:48:38,1783831718,R_75,52794.8318,-1,4.2906999999977415,BACKFILL_AUTO
2026-07-12 04:48:40,1783831720,R_75,52784.84,-1,9.991800000003423,BACKFILL_AUTO
2026-07-12 04:48:42,1783831722,R_75,52804.777,1,19.937000000005355,BACKFILL_AUTO
2026-07-12 04:48:44,1783831724,R_75,52813.531,1,8.754000000000815,BACKFILL_AUTO
2026-07-12 04:48:46,1783831726,R_75,52827.7364,1,14.205399999998917,BACKFILL_AUTO
2026-07-12 04:48:48,1783831728,R_75,52827.3771,-1,0.35930000000371365,BACKFILL_AUTO
2026-07-12 04:48:50,1783831730,R_75,52807.741,-1,19.636099999996077,BACKFILL_AUTO
2026-07-12 04:48:52,1783831732,R_75,52806.875,-1,0.8660000000018044,BACKFILL_AUTO
2026-07-12 04:48:54,1783831734,R_75,52808.7625,1,1.8874999999970896,BACKFILL_AUTO
2026-07-12 04:48:56,1783831736,R_75,52811.4601,1,2.697599999999511,BACKFILL_AUTO
2026-07-12 04:48:58,1783831738,R_75,52813.7378,1,2.277700000006007,BACKFILL_AUTO
2026-07-12 04:49:00,1783831740,R_75,52808.3636,-1,5.374200000005658,BACKFILL_AUTO
2026-07-12 04:49:02,1783831742,R_75,52816.0333,1,7.669700000005832,BACKFILL_AUTO
2026-07-12 04:49:04,1783831744,R_75,52822.9768,1,6.943499999993946,BACKFILL_AUTO
2026-07-12 04:49:06,1783831746,R_75,52829.3813,1,6.404500000004191,BACKFILL_AUTO
2026-07-12 04:49:08,1783831748,R_75,52818.9658,-1,10.415500000002794,BACKFILL_AUTO
2026-07-12 04:49:10,1783831750,R_75,52851.0221,1,32.05630000000383,BACKFILL_AUTO
2026-07-12 04:49:12,1783831752,R_75,52822.3187,-1,28.70339999999851,BACKFILL_AUTO
2026-07-12 04:49:14,1783831754,R_75,52826.2888,1,3.970099999998638,BACKFILL_AUTO
2026-07-12 04:49:16,1783831756,R_75,52817.3385,-1,8.950300000004063,BACKFILL_AUTO
2026-07-12 04:49:18,1783831758,R_75,52820.5923,1,3.2537999999985914,BACKFILL_AUTO
2026-07-12 04:49:20,1783831760,R_75,52823.5755,1,2.983200000002398,BACKFILL_AUTO
2026-07-12 04:49:22,1783831762,R_75,52821.1459,-1,2.429599999995844,BACKFILL_AUTO
2026-07-12 04:49:24,1783831764,R_75,52827.5461,1,6.400199999996403,BACKFILL_AUTO
2026-07-12 04:49:26,1783831766,R_75,52844.4436,1,16.897499999999127,BACKFILL_AUTO
2026-07-12 04:49:28,1783831768,R_75,52861.5907,1,17.147100000001956,BACKFILL_AUTO
2026-07-12 04:49:30,1783831770,R_75,52859.4299,-1,2.1607999999978347,BACKFILL_AUTO
2026-07-12 04:49:32,1783831772,R_75,52849.4975,-1,9.932400000005146,BACKFILL_AUTO
2026-07-12 04:49:34,1783831774,R_75,52851.8445,1,2.3470000000015716,BACKFILL_AUTO
2026-07-12 04:49:36,1783831776,R_75,52843.3335,-1,8.510999999998603,BACKFILL_AUTO
2026-07-12 04:49:38,1783831778,R_75,52836.7874,-1,6.546099999999569,BACKFILL_AUTO
2026-07-12 04:49:40,1783831780,R_75,52847.5419,1,10.75449999999546,BACKFILL_AUTO
2026-07-12 04:49:42,1783831782,R_75,52863.9138,1,16.371900000005553,BACKFILL_AUTO
2026-07-12 04:49:44,1783831784,R_75,52857.3631,-1,6.550699999999779,BACKFILL_AUTO
2026-07-12 04:49:46,1783831786,R_75,52864.4874,1,7.124299999995856,BACKFILL_AUTO
2026-07-12 04:49:48,1783831788,R_75,52888.1053,1,23.617900000004738,BACKFILL_AUTO
2026-07-12 04:49:50,1783831790,R_75,52903.0323,1,14.926999999996042,BACKFILL_AUTO
2026-07-12 04:49:52,1783831792,R_75,52891.605,-1,11.42729999999574,BACKFILL_AUTO
2026-07-12 04:49:54,1783831794,R_75,52891.9136,1,0.3085999999966589,BACKFILL_AUTO
2026-07-12 04:49:56,1783831796,R_75,52890.2436,-1,1.6699999999982538,BACKFILL_AUTO
2026-07-12 04:49:58,1783831798,R_75,52873.3566,-1,16.887000000002445,BACKFILL_AUTO
2026-07-12 04:50:00,1783831800,R_75,52893.3526,1,19.995999999999185,BACKFILL_AUTO
2026-07-12 04:50:02,1783831802,R_75,52877.4673,-1,15.885300000001735,BACKFILL_AUTO
2026-07-12 04:50:04,1783831804,R_75,52884.6207,1,7.1534000000028755,BACKFILL_AUTO
2026-07-12 04:50:06,1783831806,R_75,52866.8489,-1,17.77180000000226,BACKFILL_AUTO
2026-07-12 04:50:08,1783831808,R_75,52867.2891,1,0.44020000000455184,BACKFILL_AUTO
2026-07-12 04:50:10,1783831810,R_75,52865.9534,-1,1.3357000000032713,BACKFILL_AUTO
2026-07-12 04:50:12,1783831812,R_75,52855.3567,-1,10.596700000001874,BACKFILL_AUTO
2026-07-12 04:50:14,1783831814,R_75,52853.1863,-1,2.170399999995425,BACKFILL_AUTO
2026-07-12 04:50:16,1783831816,R_75,52841.3632,-1,11.823100000001432,BACKFILL_AUTO
2026-07-12 04:50:18,1783831818,R_75,52843.895,1,2.5317999999970198,BACKFILL_AUTO
2026-07-12 04:50:20,1783831820,R_75,52850.6682,1,6.773200000003271,BACKFILL_AUTO
2026-07-12 04:50:22,1783831822,R_75,52857.4888,1,6.820599999999104,BACKFILL_AUTO
2026-07-12 04:50:24,1783831824,R_75,52836.1924,-1,21.296399999999267,BACKFILL_AUTO
2026-07-12 04:50:26,1783831826,R_75,52819.6206,-1,16.571799999997893,BACKFILL_AUTO
2026-07-12 04:50:28,1783831828,R_75,52806.6769,-1,12.943700000003446,BACKFILL_AUTO
2026-07-12 04:50:30,1783831830,R_75,52801.5948,-1,5.0820999999996275,BACKFILL_AUTO
2026-07-12 04:50:32,1783831832,R_75,52804.2957,1,2.7009000000034575,BACKFILL_AUTO
2026-07-12 04:50:34,1783831834,R_75,52814.475,1,10.179299999996147,BACKFILL_AUTO
2026-07-12 04:50:36,1783831836,R_75,52820.1783,1,5.703300000001036,BACKFILL_AUTO
2026-07-12 04:50:38,1783831838,R_75,52829.2126,1,9.034299999999348,BACKFILL_AUTO
2026-07-12 04:50:40,1783831840,R_75,52832.8431,1,3.6304999999993015,BACKFILL_AUTO
2026-07-12 04:50:42,1783831842,R_75,52848.7088,1,15.865700000002107,BACKFILL_AUTO
2026-07-12 04:50:44,1783831844,R_75,52850.6036,1,1.894800000001851,BACKFILL_AUTO
2026-07-12 04:50:46,1783831846,R_75,52842.9668,-1,7.636800000000221,BACKFILL_AUTO
2026-07-12 04:50:48,1783831848,R_75,52860.6533,1,17.68649999999616,BACKFILL_AUTO
2026-07-12 04:50:50,1783831850,R_75,52884.5336,1,23.880300000004354,BACKFILL_AUTO
2026-07-12 04:50:52,1783831852,R_75,52884.2928,-1,0.2407999999995809,BACKFILL_AUTO
2026-07-12 04:50:54,1783831854,R_75,52882.192,-1,2.100800000000163,BACKFILL_AUTO
2026-07-12 04:50:56,1783831856,R_75,52883.468,1,1.275999999998021,BACKFILL_AUTO
2026-07-12 04:50:58,1783831858,R_75,52859.8591,-1,23.608899999999267,BACKFILL_AUTO
2026-07-12 04:51:00,1783831860,R_75,52875.0278,1,15.16870000000199,BACKFILL_AUTO
2026-07-12 04:51:02,1783831862,R_75,52871.664,-1,3.3638000000064494,BACKFILL_AUTO
2026-07-12 04:51:04,1783831864,R_75,52866.725,-1,4.938999999998487,BACKFILL_AUTO
2026-07-12 04:51:06,1783831866,R_75,52874.9891,1,8.264100000000326,BACKFILL_AUTO
2026-07-12 04:51:08,1783831868,R_75,52881.3281,1,6.338999999999942,BACKFILL_AUTO
2026-07-12 04:51:10,1783831870,R_75,52890.0649,1,8.736799999998766,BACKFILL_AUTO
2026-07-12 04:51:12,1783831872,R_75,52893.7677,1,3.7027999999991152,BACKFILL_AUTO
2026-07-12 04:51:14,1783831874,R_75,52881.6372,-1,12.130499999999302,BACKFILL_AUTO
2026-07-12 04:51:16,1783831876,R_75,52876.0642,-1,5.572999999996682,BACKFILL_AUTO
2026-07-12 04:51:18,1783831878,R_75,52887.1467,1,11.082499999996799,BACKFILL_AUTO
2026-07-12 04:51:20,1783831880,R_75,52901.4091,1,14.262399999999616,BACKFILL_AUTO
2026-07-12 04:51:22,1783831882,R_75,52877.5679,-1,23.841199999995297,BACKFILL_AUTO
2026-07-12 04:51:24,1783831884,R_75,52873.4147,-1,4.153200000000652,BACKFILL_AUTO
2026-07-12 04:51:26,1783831886,R_75,52877.5811,1,4.166400000001886,BACKFILL_AUTO
2026-07-12 04:51:28,1783831888,R_75,52864.4668,-1,13.114300000001094,BACKFILL_AUTO
2026-07-12 04:51:30,1783831890,R_75,52863.7711,-1,0.6957000000038533,BACKFILL_AUTO
2026-07-12 04:51:32,1783831892,R_75,52875.5417,1,11.77060000000347,BACKFILL_AUTO
2026-07-12 04:51:34,1783831894,R_75,52872.7493,-1,2.7923999999984517,BACKFILL_AUTO
2026-07-12 04:51:36,1783831896,R_75,52855.2947,-1,17.454600000004575,BACKFILL_AUTO
2026-07-12 04:51:38,1783831898,R_75,52855.6325,1,0.3378000000011525,BACKFILL_AUTO
2026-07-12 04:51:40,1783831900,R_75,52848.2989,-1,7.333599999998114,BACKFILL_AUTO
2026-07-12 04:51:42,1783831902,R_75,52858.4238,1,10.12489999999525,BACKFILL_AUTO
2026-07-12 04:51:44,1783831904,R_75,52846.9047,-1,11.519099999997707,BACKFILL_AUTO
2026-07-12 04:51:46,1783831906,R_75,52839.9725,-1,6.932199999995646,BACKFILL_AUTO
2026-07-12 04:51:48,1783831908,R_75,52847.1405,1,7.167999999997846,BACKFILL_AUTO
2026-07-12 04:51:50,1783831910,R_75,52846.3289,-1,0.811600000000908,BACKFILL_AUTO
2026-07-12 04:51:52,1783831912,R_75,52849.2577,1,2.9288000000015018,BACKFILL_AUTO
2026-07-12 04:51:54,1783831914,R_75,52845.8489,-1,3.408800000004703,BACKFILL_AUTO
2026-07-12 04:51:56,1783831916,R_75,52846.6119,1,0.7630000000062864,BACKFILL_AUTO
2026-07-12 04:51:58,1783831918,R_75,52841.1241,-1,5.487800000002608,BACKFILL_AUTO
2026-07-12 04:52:00,1783831920,R_75,52852.7007,1,11.576600000000326,BACKFILL_AUTO
2026-07-12 04:52:02,1783831922,R_75,52847.5744,-1,5.126300000003539,BACKFILL_AUTO
2026-07-12 04:52:04,1783831924,R_75,52849.3804,1,1.8060000000041327,BACKFILL_AUTO
2026-07-12 04:52:06,1783831926,R_75,52866.8477,1,17.467299999996612,BACKFILL_AUTO
2026-07-12 04:52:08,1783831928,R_75,52879.8086,1,12.960899999998219,BACKFILL_AUTO
2026-07-12 04:52:10,1783831930,R_75,52879.4722,-1,0.3364000000001397,BACKFILL_AUTO
2026-07-12 04:52:12,1783831932,R_75,52872.647,-1,6.825199999999313,BACKFILL_AUTO
2026-07-12 04:52:14,1783831934,R_75,52875.9398,1,3.2928000000028987,BACKFILL_AUTO
2026-07-12 04:52:16,1783831936,R_75,52867.8149,-1,8.124900000002526,BACKFILL_AUTO
2026-07-12 04:52:18,1783831938,R_75,52877.5503,1,9.73540000000503,BACKFILL_AUTO
2026-07-12 04:52:20,1783831940,R_75,52889.6078,1,12.057499999995343,BACKFILL_AUTO
2026-07-12 04:52:22,1783831942,R_75,52902.3415,1,12.733700000004319,BACKFILL_AUTO
2026-07-12 04:52:24,1783831944,R_75,52908.0978,1,5.75630000000092,BACKFILL_AUTO
2026-07-12 04:52:26,1783831946,R_75,52907.625,-1,0.4728000000031898,BACKFILL_AUTO
2026-07-12 04:52:28,1783831948,R_75,52923.1028,1,15.47780000000057,BACKFILL_AUTO
2026-07-12 04:52:30,1783831950,R_75,52911.1784,-1,11.924400000003516,BACKFILL_AUTO
2026-07-12 04:52:32,1783831952,R_75,52920.7636,1,9.58520000000135,BACKFILL_AUTO
2026-07-12 04:52:34,1783831954,R_75,52926.8697,1,6.106100000004517,BACKFILL_AUTO
2026-07-12 04:52:36,1783831956,R_75,52947.5162,1,20.646499999995285,BACKFILL_AUTO
2026-07-12 04:52:38,1783831958,R_75,52942.1687,-1,5.3474999999962165,BACKFILL_AUTO
2026-07-12 04:52:40,1783831960,R_75,52955.6648,1,13.496099999996659,BACKFILL_AUTO
2026-07-12 04:52:42,1783831962,R_75,52945.6778,-1,9.98700000000099,BACKFILL_AUTO
2026-07-12 04:52:44,1783831964,R_75,52928.3834,-1,17.29439999999886,BACKFILL_AUTO
2026-07-12 04:52:46,1783831966,R_75,52928.9048,1,0.5213999999978114,BACKFILL_AUTO
2026-07-12 04:52:48,1783831968,R_75,52936.3942,1,7.489400000005844,BACKFILL_AUTO
2026-07-12 04:52:50,1783831970,R_75,52931.8541,-1,4.540100000005623,BACKFILL_AUTO
2026-07-12 04:52:52,1783831972,R_75,52928.332,-1,3.52209999999468,BACKFILL_AUTO
2026-07-12 04:52:54,1783831974,R_75,52917.887,-1,10.444999999999709,BACKFILL_AUTO
2026-07-12 04:52:56,1783831976,R_75,52917.0884,-1,0.7986000000018976,BACKFILL_AUTO
2026-07-12 04:52:58,1783831978,R_75,52907.1542,-1,9.93420000000333,BACKFILL_AUTO
2026-07-12 04:53:00,1783831980,R_75,52903.4184,-1,3.7357999999949243,BACKFILL_AUTO
2026-07-12 04:53:02,1783831982,R_75,52916.7826,1,13.364199999996345,BACKFILL_AUTO
2026-07-12 04:53:04,1783831984,R_75,52900.2072,-1,16.575400000001537,BACKFILL_AUTO
2026-07-12 04:53:06,1783831986,R_75,52895.7166,-1,4.490599999997357,BACKFILL_AUTO
2026-07-12 04:53:08,1783831988,R_75,52915.0256,1,19.309000000001106,BACKFILL_AUTO
2026-07-12 04:53:10,1783831990,R_75,52918.8968,1,3.8712000000014086,BACKFILL_AUTO
2026-07-12 04:53:12,1783831992,R_75,52919.4355,1,0.5386999999973341,BACKFILL_AUTO
2026-07-12 04:53:14,1783831994,R_75,52908.0567,-1,11.378799999998591,BACKFILL_AUTO
2026-07-12 04:53:16,1783831996,R_75,52907.6142,-1,0.44249999999738066,BACKFILL_AUTO
2026-07-12 04:53:18,1783831998,R_75,52913.3866,1,5.772399999994377,BACKFILL_AUTO
2026-07-12 04:53:20,1783832000,R_75,52905.1346,-1,8.252000000000407,BACKFILL_AUTO
2026-07-12 04:53:22,1783832002,R_75,52898.7916,-1,6.343000000000757,BACKFILL_AUTO
2026-07-12 04:53:24,1783832004,R_75,52915.5383,1,16.74670000000333,BACKFILL_AUTO
2026-07-12 04:53:26,1783832006,R_75,52922.9816,1,7.443299999998999,BACKFILL_AUTO
2026-07-12 04:53:28,1783832008,R_75,52919.7046,-1,3.2770000000018626,BACKFILL_AUTO
2026-07-12 04:53:30,1783832010,R_75,52922.5201,1,2.815500000004249,BACKFILL_AUTO
2026-07-12 04:53:32,1783832012,R_75,52932.8914,1,10.371299999998882,BACKFILL_AUTO
2026-07-12 04:53:34,1783832014,R_75,52937.5872,1,4.695800000001327,BACKFILL_AUTO
2026-07-12 04:53:36,1783832016,R_75,52930.2514,-1,7.335800000000745,BACKFILL_AUTO
2026-07-12 04:53:38,1783832018,R_75,52935.7251,1,5.473700000002282,BACKFILL_AUTO
2026-07-12 04:53:40,1783832020,R_75,52954.2582,1,18.533099999993283,BACKFILL_AUTO
2026-07-12 04:53:42,1783832022,R_75,52974.2331,1,19.97490000000107,BACKFILL_AUTO
2026-07-12 04:53:44,1783832024,R_75,52972.1476,-1,2.0855000000010477,BACKFILL_AUTO
2026-07-12 04:53:46,1783832026,R_75,52991.4102,1,19.26260000000184,BACKFILL_AUTO
2026-07-12 04:53:48,1783832028,R_75,52978.6203,-1,12.789899999996123,BACKFILL_AUTO
2026-07-12 04:53:50,1783832030,R_75,52963.5035,-1,15.116800000003423,BACKFILL_AUTO
2026-07-12 04:53:52,1783832032,R_75,52953.3836,-1,10.11989999999787,BACKFILL_AUTO
2026-07-12 04:53:54,1783832034,R_75,52939.3358,-1,14.04780000000028,BACKFILL_AUTO
2026-07-12 04:53:56,1783832036,R_75,52945.6245,1,6.288699999997334,BACKFILL_AUTO
2026-07-12 04:53:58,1783832038,R_75,52957.9339,1,12.309400000005553,BACKFILL_AUTO
2026-07-12 04:54:00,1783832040,R_75,52966.2561,1,8.322199999995064,BACKFILL_AUTO
2026-07-12 04:54:02,1783832042,R_75,52980.7781,1,14.522000000004482,BACKFILL_AUTO
2026-07-12 04:54:04,1783832044,R_75,52989.058,1,8.279899999994086,BACKFILL_AUTO
2026-07-12 04:54:06,1783832046,R_75,52975.4715,-1,13.586499999997613,BACKFILL_AUTO
2026-07-12 04:54:08,1783832048,R_75,52982.1921,1,6.720600000000559,BACKFILL_AUTO
2026-07-12 04:54:10,1783832050,R_75,52993.4138,1,11.221700000001874,BACKFILL_AUTO
2026-07-12 04:54:12,1783832052,R_75,52993.2672,-1,0.14660000000003492,BACKFILL_AUTO
2026-07-12 04:54:14,1783832054,R_75,52979.1426,-1,14.124600000002829,BACKFILL_AUTO
2026-07-12 04:54:16,1783832056,R_75,52964.2476,-1,14.894999999996799,BACKFILL_AUTO
2026-07-12 04:54:18,1783832058,R_75,52940.0397,-1,24.207900000001246,BACKFILL_AUTO
2026-07-12 04:54:20,1783832060,R_75,52938.2427,-1,1.7969999999986612,BACKFILL_AUTO
2026-07-12 04:54:22,1783832062,R_75,52948.4078,1,10.165099999998347,BACKFILL_AUTO
2026-07-12 04:54:24,1783832064,R_75,52939.366,-1,9.041799999999057,BACKFILL_AUTO
2026-07-12 04:54:26,1783832066,R_75,52953.3415,1,13.975500000000466,BACKFILL_AUTO
2026-07-12 04:54:28,1783832068,R_75,52944.3605,-1,8.980999999999767,BACKFILL_AUTO
2026-07-12 04:54:30,1783832070,R_75,52924.9124,-1,19.448100000001432,BACKFILL_AUTO
2026-07-12 04:54:32,1783832072,R_75,52929.0422,1,4.129800000002433,BACKFILL_AUTO
2026-07-12 04:54:34,1783832074,R_75,52931.5516,1,2.5093999999953667,BACKFILL_AUTO
2026-07-12 04:54:36,1783832076,R_75,52927.7719,-1,3.7796999999991385,BACKFILL_AUTO
2026-07-12 04:54:38,1783832078,R_75,52937.5225,1,9.750599999999395,BACKFILL_AUTO
2026-07-12 04:54:40,1783832080,R_75,52948.5298,1,11.007299999997485,BACKFILL_AUTO
2026-07-12 04:54:42,1783832082,R_75,52953.8933,1,5.363500000006752,BACKFILL_AUTO
2026-07-12 04:54:44,1783832084,R_75,52941.8029,-1,12.090400000000955,BACKFILL_AUTO
2026-07-12 04:54:46,1783832086,R_75,52926.0586,-1,15.744300000005751,BACKFILL_AUTO
2026-07-12 04:54:48,1783832088,R_75,52931.8058,1,5.74720000000525,BACKFILL_AUTO
2026-07-12 04:54:50,1783832090,R_75,52928.4224,-1,3.383399999998801,BACKFILL_AUTO
2026-07-12 04:54:52,1783832092,R_75,52921.3216,-1,7.100800000000163,BACKFILL_AUTO
2026-07-12 04:54:54,1783832094,R_75,52935.0467,1,13.725099999996019,BACKFILL_AUTO
2026-07-12 04:54:56,1783832096,R_75,52941.9411,1,6.894399999997404,BACKFILL_AUTO
2026-07-12 04:54:58,1783832098,R_75,52934.8923,-1,7.048799999996845,BACKFILL_AUTO
2026-07-12 04:55:00,1783832100,R_75,52928.2516,-1,6.640699999996286,BACKFILL_AUTO
2026-07-12 04:55:02,1783832102,R_75,52913.8246,-1,14.427000000003318,BACKFILL_AUTO
2026-07-12 04:55:04,1783832104,R_75,52920.2337,1,6.4090999999971245,BACKFILL_AUTO
2026-07-12 04:55:06,1783832106,R_75,52920.7666,1,0.5329000000056112,BACKFILL_AUTO
2026-07-12 04:55:08,1783832108,R_75,52935.2283,1,14.461699999999837,BACKFILL_AUTO
2026-07-12 04:55:10,1783832110,R_75,52924.4674,-1,10.76090000000113,BACKFILL_AUTO
2026-07-12 04:55:12,1783832112,R_75,52923.4308,-1,1.0365999999994528,BACKFILL_AUTO
2026-07-12 04:55:14,1783832114,R_75,52915.2185,-1,8.212299999999232,BACKFILL_AUTO
2026-07-12 04:55:16,1783832116,R_75,52929.3626,1,14.144099999997707,BACKFILL_AUTO
2026-07-12 04:55:18,1783832118,R_75,52926.9537,-1,2.408900000002177,BACKFILL_AUTO
2026-07-12 04:55:20,1783832120,R_75,52935.7137,1,8.760000000002037,BACKFILL_AUTO
2026-07-12 04:55:22,1783832122,R_75,52924.9547,-1,10.758999999998196,BACKFILL_AUTO
2026-07-12 04:55:24,1783832124,R_75,52924.2642,-1,0.6905000000042492,BACKFILL_AUTO
2026-07-12 04:55:26,1783832126,R_75,52929.1267,1,4.86250000000291,BACKFILL_AUTO
2026-07-12 04:55:28,1783832128,R_75,52940.578,1,11.451300000000629,BACKFILL_AUTO
2026-07-12 04:55:30,1783832130,R_75,52941.2672,1,0.6892000000007101,BACKFILL_AUTO
2026-07-12 04:55:32,1783832132,R_75,52940.8055,-1,0.461699999999837,BACKFILL_AUTO
2026-07-12 04:55:34,1783832134,R_75,52926.1942,-1,14.611300000004121,BACKFILL_AUTO
2026-07-12 04:55:36,1783832136,R_75,52915.1215,-1,11.072699999996985,BACKFILL_AUTO
2026-07-12 04:55:38,1783832138,R_75,52923.4911,1,8.369599999998172,BACKFILL_AUTO
2026-07-12 04:55:40,1783832140,R_75,52931.2335,1,7.742400000002817,BACKFILL_AUTO
2026-07-12 04:55:42,1783832142,R_75,52933.9443,1,2.710800000000745,BACKFILL_AUTO
2026-07-12 04:55:44,1783832144,R_75,52931.9477,-1,1.9966000000058557,BACKFILL_AUTO
2026-07-12 04:55:46,1783832146,R_75,52916.8636,-1,15.084100000000035,BACKFILL_AUTO
2026-07-12 04:55:48,1783832148,R_75,52907.9305,-1,8.933099999994738,BACKFILL_AUTO
2026-07-12 04:55:50,1783832150,R_75,52912.2545,1,4.324000000000524,BACKFILL_AUTO
2026-07-12 04:55:52,1783832152,R_75,52922.4121,1,10.157599999998638,BACKFILL_AUTO
2026-07-12 04:55:54,1783832154,R_75,52938.0188,1,15.606699999996636,BACKFILL_AUTO
2026-07-12 04:55:56,1783832156,R_75,52931.5475,-1,6.471299999997427,BACKFILL_AUTO
2026-07-12 04:55:58,1783832158,R_75,52936.2706,1,4.723100000002887,BACKFILL_AUTO
2026-07-12 04:56:00,1783832160,R_75,52945.3407,1,9.070099999997183,BACKFILL_AUTO
2026-07-12 04:56:02,1783832162,R_75,52947.0843,1,1.7436000000016065,BACKFILL_AUTO
2026-07-12 04:56:04,1783832164,R_75,52938.1344,-1,8.949899999999616,BACKFILL_AUTO
2026-07-12 04:56:06,1783832166,R_75,52947.5989,1,9.464499999994587,BACKFILL_AUTO
2026-07-12 04:56:08,1783832168,R_75,52956.3083,1,8.709399999999732,BACKFILL_AUTO
2026-07-12 04:56:10,1783832170,R_75,52945.3124,-1,10.995899999994435,BACKFILL_AUTO
2026-07-12 04:56:12,1783832172,R_75,52948.6005,1,3.2880999999979394,BACKFILL_AUTO
2026-07-12 04:56:14,1783832174,R_75,52946.0222,-1,2.578300000001036,BACKFILL_AUTO
2026-07-12 04:56:16,1783832176,R_75,52957.1148,1,11.092600000003586,BACKFILL_AUTO
2026-07-12 04:56:18,1783832178,R_75,52946.6776,-1,10.437200000000303,BACKFILL_AUTO
2026-07-12 04:56:20,1783832180,R_75,52936.4861,-1,10.191500000000815,BACKFILL_AUTO
2026-07-12 04:56:22,1783832182,R_75,52953.4193,1,16.933199999999488,BACKFILL_AUTO
2026-07-12 04:56:24,1783832184,R_75,52959.8119,1,6.39259999999922,BACKFILL_AUTO
2026-07-12 04:56:26,1783832186,R_75,52979.1179,1,19.305999999996857,BACKFILL_AUTO
2026-07-12 04:56:28,1783832188,R_75,52967.2631,-1,11.854800000000978,BACKFILL_AUTO
2026-07-12 04:56:30,1783832190,R_75,52955.3745,-1,11.888599999998405,BACKFILL_AUTO
2026-07-12 04:56:32,1783832192,R_75,52947.3873,-1,7.987199999995937,BACKFILL_AUTO
2026-07-12 04:56:34,1783832194,R_75,52955.4283,1,8.040999999997439,BACKFILL_AUTO
2026-07-12 04:56:36,1783832196,R_75,52970.913,1,15.484700000000885,BACKFILL_AUTO
2026-07-12 04:56:38,1783832198,R_75,52971.6921,1,0.7790999999997439,BACKFILL_AUTO
2026-07-12 04:56:40,1783832200,R_75,52977.3744,1,5.682300000000396,BACKFILL_AUTO
2026-07-12 04:56:42,1783832202,R_75,52983.3332,1,5.958800000000338,BACKFILL_AUTO
2026-07-12 04:56:44,1783832204,R_75,52993.024,1,9.69079999999667,BACKFILL_AUTO
2026-07-12 04:56:46,1783832206,R_75,52984.3333,-1,8.690699999999197,BACKFILL_AUTO
2026-07-12 04:56:48,1783832208,R_75,52991.801,1,7.467700000001059,BACKFILL_AUTO
2026-07-12 04:56:50,1783832210,R_75,52987.4427,-1,4.358299999999872,BACKFILL_AUTO
2026-07-12 04:56:52,1783832212,R_75,52984.4215,-1,3.021200000002864,BACKFILL_AUTO
2026-07-12 04:56:54,1783832214,R_75,52984.4521,1,0.030600000005506445,BACKFILL_AUTO
2026-07-12 04:56:56,1783832216,R_75,52988.5782,1,4.1261000000013155,BACKFILL_AUTO
2026-07-12 04:56:58,1783832218,R_75,52988.6193,1,0.04109999999491265,BACKFILL_AUTO
2026-07-12 04:57:00,1783832220,R_75,52991.1017,1,2.48240000000078,BACKFILL_AUTO
2026-07-12 04:57:02,1783832222,R_75,52977.7308,-1,13.370900000001711,BACKFILL_AUTO
2026-07-12 04:57:04,1783832224,R_75,52984.6449,1,6.914100000001781,BACKFILL_AUTO
2026-07-12 04:57:06,1783832226,R_75,52989.5554,1,4.910499999998137,BACKFILL_AUTO
2026-07-12 04:57:08,1783832228,R_75,52963.4787,-1,26.0766999999978,BACKFILL_AUTO
2026-07-12 04:57:10,1783832230,R_75,52945.379,-1,18.099699999998847,BACKFILL_AUTO
2026-07-12 04:57:12,1783832232,R_75,52930.2862,-1,15.092799999998533,BACKFILL_AUTO
2026-07-12 04:57:14,1783832234,R_75,52927.934,-1,2.352200000001176,BACKFILL_AUTO
2026-07-12 04:57:16,1783832236,R_75,52920.2839,-1,7.650099999998929,BACKFILL_AUTO
2026-07-12 04:57:18,1783832238,R_75,52929.5527,1,9.26879999999801,BACKFILL_AUTO
2026-07-12 04:57:20,1783832240,R_75,52941.0138,1,11.461100000000442,BACKFILL_AUTO
2026-07-12 04:57:22,1783832242,R_75,52947.729,1,6.715199999998731,BACKFILL_AUTO
2026-07-12 04:57:24,1783832244,R_75,52950.5856,1,2.856599999999162,BACKFILL_AUTO
2026-07-12 04:57:26,1783832246,R_75,52933.4245,-1,17.161099999997532,BACKFILL_AUTO
2026-07-12 04:57:28,1783832248,R_75,52945.2142,1,11.789700000001176,BACKFILL_AUTO
2026-07-12 04:57:30,1783832250,R_75,52946.0749,1,0.8606999999974505,BACKFILL_AUTO
2026-07-12 04:57:32,1783832252,R_75,52947.0998,1,1.0249000000039814,BACKFILL_AUTO
2026-07-12 04:57:34,1783832254,R_75,52942.045,-1,5.0548000000053435,BACKFILL_AUTO
2026-07-12 04:57:36,1783832256,R_75,52930.8109,-1,11.23410000000149,BACKFILL_AUTO
2026-07-12 04:57:38,1783832258,R_75,52939.9951,1,9.18420000000333,BACKFILL_AUTO
2026-07-12 04:57:40,1783832260,R_75,52932.9361,-1,7.059000000001106,BACKFILL_AUTO
2026-07-12 04:57:42,1783832262,R_75,52921.8258,-1,11.11030000000028,BACKFILL_AUTO
2026-07-12 04:57:44,1783832264,R_75,52923.9837,1,2.1578999999983353,BACKFILL_AUTO
2026-07-12 04:57:46,1783832266,R_75,52934.7335,1,10.749800000005052,BACKFILL_AUTO
2026-07-12 04:57:48,1783832268,R_75,52926.3665,-1,8.367000000005646,BACKFILL_AUTO
2026-07-12 04:57:50,1783832270,R_75,52907.5449,-1,18.82159999999567,BACKFILL_AUTO
2026-07-12 04:57:52,1783832272,R_75,52905.4143,-1,2.1306000000040513,BACKFILL_AUTO
2026-07-12 04:57:54,1783832274,R_75,52913.8109,1,8.396600000000035,BACKFILL_AUTO
2026-07-12 04:57:56,1783832276,R_75,52901.7053,-1,12.10559999999532,BACKFILL_AUTO
2026-07-12 04:57:58,1783832278,R_75,52900.5664,-1,1.1388999999981024,BACKFILL_AUTO
2026-07-12 04:58:00,1783832280,R_75,52897.7213,-1,2.845100000005914,BACKFILL_AUTO
2026-07-12 04:58:02,1783832282,R_75,52884.7677,-1,12.953600000000733,BACKFILL_AUTO
2026-07-12 04:58:04,1783832284,R_75,52888.0737,1,3.3060000000041327,BACKFILL_AUTO
2026-07-12 04:58:06,1783832286,R_75,52872.9438,-1,15.129899999999907,BACKFILL_AUTO
2026-07-12 04:58:08,1783832288,R_75,52861.3869,-1,11.556900000003225,BACKFILL_AUTO
2026-07-12 04:58:10,1783832290,R_75,52852.2471,-1,9.139799999997194,BACKFILL_AUTO
2026-07-12 04:58:12,1783832292,R_75,52858.7526,1,6.5054999999993015,BACKFILL_AUTO
2026-07-12 04:58:14,1783832294,R_75,52854.9977,-1,3.754899999999907,BACKFILL_AUTO
2026-07-12 04:58:16,1783832296,R_75,52864.6391,1,9.64140000000043,BACKFILL_AUTO
2026-07-12 04:58:18,1783832298,R_75,52870.5418,1,5.902699999998731,BACKFILL_AUTO
2026-07-12 04:58:20,1783832300,R_75,52871.0691,1,0.52730000000156,BACKFILL_AUTO
2026-07-12 04:58:22,1783832302,R_75,52898.2293,1,27.16019999999844,BACKFILL_AUTO
2026-07-12 04:58:24,1783832304,R_75,52881.5384,-1,16.69090000000142,BACKFILL_AUTO
2026-07-12 04:58:26,1783832306,R_75,52868.8467,-1,12.691699999995762,BACKFILL_AUTO
2026-07-12 04:58:28,1783832308,R_75,52863.7279,-1,5.11880000000383,BACKFILL_AUTO
2026-07-12 04:58:30,1783832310,R_75,52836.2163,-1,27.511599999997998,BACKFILL_AUTO
2026-07-12 04:58:32,1783832312,R_75,52838.7903,1,2.574000000000524,BACKFILL_AUTO
2026-07-12 04:58:34,1783832314,R_75,52837.7593,-1,1.0310000000026776,BACKFILL_AUTO
2026-07-12 04:58:36,1783832316,R_75,52851.8457,1,14.08640000000014,BACKFILL_AUTO
2026-07-12 04:58:38,1783832318,R_75,52850.2318,-1,1.6138999999966472,BACKFILL_AUTO
2026-07-12 04:58:40,1783832320,R_75,52851.6765,1,1.4447000000000116,BACKFILL_AUTO
2026-07-12 04:58:42,1783832322,R_75,52849.7755,-1,1.900999999998021,BACKFILL_AUTO
2026-07-12 04:58:44,1783832324,R_75,52846.4926,-1,3.282900000005611,BACKFILL_AUTO
2026-07-12 04:58:46,1783832326,R_75,52825.7656,-1,20.726999999998952,BACKFILL_AUTO
2026-07-12 04:58:48,1783832328,R_75,52827.6169,1,1.8513000000020838,BACKFILL_AUTO
2026-07-12 04:58:50,1783832330,R_75,52825.897,-1,1.7199000000036904,BACKFILL_AUTO
2026-07-12 04:58:52,1783832332,R_75,52838.5796,1,12.682600000000093,BACKFILL_AUTO
2026-07-12 04:58:54,1783832334,R_75,52837.347,-1,1.2325999999957276,BACKFILL_AUTO
2026-07-12 04:58:56,1783832336,R_75,52846.5682,1,9.221199999999953,BACKFILL_AUTO
2026-07-12 04:58:58,1783832338,R_75,52828.3492,-1,18.2190000000046,BACKFILL_AUTO
2026-07-12 04:59:00,1783832340,R_75,52827.3399,-1,1.0092999999978929,BACKFILL_AUTO
2026-07-12 04:59:02,1783832342,R_75,52814.5582,-1,12.781699999999546,BACKFILL_AUTO
2026-07-12 04:59:04,1783832344,R_75,52815.9891,1,1.430899999999383,BACKFILL_AUTO
2026-07-12 04:59:06,1783832346,R_75,52806.6335,-1,9.35559999999532,BACKFILL_AUTO
2026-07-12 04:59:08,1783832348,R_75,52788.2109,-1,18.422600000005332,BACKFILL_AUTO
2026-07-12 04:59:10,1783832350,R_75,52786.0095,-1,2.2013999999981024,BACKFILL_AUTO
2026-07-12 04:59:12,1783832352,R_75,52780.0982,-1,5.9112999999997555,BACKFILL_AUTO
2026-07-12 04:59:14,1783832354,R_75,52792.3931,1,12.29490000000078,BACKFILL_AUTO
2026-07-12 04:59:16,1783832356,R_75,52789.2852,-1,3.107900000002701,BACKFILL_AUTO
2026-07-12 04:59:18,1783832358,R_75,52794.7978,1,5.512600000001839,BACKFILL_AUTO
2026-07-12 04:59:20,1783832360,R_75,52794.5681,-1,0.2297000000035041,BACKFILL_AUTO
2026-07-12 04:59:22,1783832362,R_75,52804.3675,1,9.799400000003516,BACKFILL_AUTO
2026-07-12 04:59:24,1783832364,R_75,52808.1827,1,3.815199999997276,BACKFILL_AUTO
2026-07-12 04:59:26,1783832366,R_75,52814.1819,1,5.999200000005658,BACKFILL_AUTO
2026-07-12 04:59:28,1783832368,R_75,52803.4992,-1,10.682700000004843,BACKFILL_AUTO
2026-07-12 04:59:30,1783832370,R_75,52807.1452,1,3.6460000000006403,BACKFILL_AUTO
2026-07-12 04:59:32,1783832372,R_75,52814.0152,1,6.870000000002619,BACKFILL_AUTO
2026-07-12 04:59:34,1783832374,R_75,52817.7088,1,3.693599999998696,BACKFILL_AUTO
2026-07-12 04:59:36,1783832376,R_75,52831.5187,1,13.809900000000198,BACKFILL_AUTO
2026-07-12 04:59:38,1783832378,R_75,52831.2252,-1,0.29349999999976717,BACKFILL_AUTO
2026-07-12 04:59:40,1783832380,R_75,52832.8031,1,1.577899999996589,BACKFILL_AUTO
2026-07-12 04:59:42,1783832382,R_75,52837.4165,1,4.613400000002002,BACKFILL_AUTO
2026-07-12 04:59:44,1783832384,R_75,52852.5048,1,15.088300000003073,BACKFILL_AUTO
2026-07-12 04:59:46,1783832386,R_75,52853.7801,1,1.2753000000011525,BACKFILL_AUTO
2026-07-12 04:59:48,1783832388,R_75,52843.7994,-1,9.98070000000007,BACKFILL_AUTO
2026-07-12 04:59:50,1783832390,R_75,52850.7582,1,6.958799999993062,BACKFILL_AUTO
2026-07-12 04:59:52,1783832392,R_75,52841.2544,-1,9.503799999998591,BACKFILL_AUTO
2026-07-12 04:59:54,1783832394,R_75,52832.193,-1,9.061399999998685,BACKFILL_AUTO
2026-07-12 04:59:56,1783832396,R_75,52829.5704,-1,2.6226000000024214,BACKFILL_AUTO
2026-07-12 04:59:58,1783832398,R_75,52822.3517,-1,7.218699999997625,BACKFILL_AUTO
2026-07-12 05:00:00,1783832400,R_75,52798.7772,-1,23.574500000002445,BACKFILL_AUTO
2026-07-12 05:00:02,1783832402,R_75,52777.7707,-1,21.006499999995867,BACKFILL_AUTO
2026-07-12 05:00:04,1783832404,R_75,52777.1855,-1,0.5852000000013504,BACKFILL_AUTO
2026-07-12 05:00:06,1783832406,R_75,52771.2139,-1,5.9715999999971245,BACKFILL_AUTO
2026-07-12 05:00:08,1783832408,R_75,52778.7158,1,7.501899999995658,BACKFILL_AUTO
2026-07-12 05:00:10,1783832410,R_75,52775.516,-1,3.199799999994866,BACKFILL_AUTO
2026-07-12 05:00:12,1783832412,R_75,52759.999,-1,15.516999999999825,BACKFILL_AUTO
2026-07-12 05:00:14,1783832414,R_75,52751.3551,-1,8.643900000002759,BACKFILL_AUTO
2026-07-12 05:00:16,1783832416,R_75,52743.7744,-1,7.580699999998615,BACKFILL_AUTO
2026-07-12 05:00:18,1783832418,R_75,52739.1645,-1,4.609900000003108,BACKFILL_AUTO
2026-07-12 05:00:20,1783832420,R_75,52748.6935,1,9.52900000000227,BACKFILL_AUTO
2026-07-12 05:00:22,1783832422,R_75,52747.8417,-1,0.8518000000040047,BACKFILL_AUTO
2026-07-12 05:00:24,1783832424,R_75,52747.7985,-1,0.04320000000006985,BACKFILL_AUTO
2026-07-12 05:00:26,1783832426,R_75,52750.0249,1,2.2263999999995576,BACKFILL_AUTO
2026-07-12 05:00:28,1783832428,R_75,52761.516,1,11.491100000006554,BACKFILL_AUTO
2026-07-12 05:00:30,1783832430,R_75,52779.6808,1,18.16479999999865,BACKFILL_AUTO
2026-07-12 05:00:32,1783832432,R_75,52776.8656,-1,2.815200000004552,BACKFILL_AUTO
2026-07-12 05:00:34,1783832434,R_75,52767.4987,-1,9.366900000000896,BACKFILL_AUTO
2026-07-12 05:00:36,1783832436,R_75,52765.1645,-1,2.3341999999975087,BACKFILL_AUTO
2026-07-12 05:00:38,1783832438,R_75,52767.9982,1,2.833700000002864,BACKFILL_AUTO
2026-07-12 05:00:40,1783832440,R_75,52767.6922,-1,0.30600000000413274,BACKFILL_AUTO
2026-07-12 05:00:42,1783832442,R_75,52765.1182,-1,2.574000000000524,BACKFILL_AUTO
2026-07-12 05:00:44,1783832444,R_75,52755.6951,-1,9.423099999999977,BACKFILL_AUTO
2026-07-12 05:00:46,1783832446,R_75,52753.7529,-1,1.9421999999976833,BACKFILL_AUTO
2026-07-12 05:00:48,1783832448,R_75,52737.3197,-1,16.433199999999488,BACKFILL_AUTO
2026-07-12 05:00:50,1783832450,R_75,52745.6991,1,8.379399999997986,BACKFILL_AUTO
2026-07-12 05:00:52,1783832452,R_75,52756.0381,1,10.338999999999942,BACKFILL_AUTO
2026-07-12 05:00:54,1783832454,R_75,52758.5569,1,2.5188000000052853,BACKFILL_AUTO
2026-07-12 05:00:56,1783832456,R_75,52751.9516,-1,6.605300000002899,BACKFILL_AUTO
2026-07-12 05:00:58,1783832458,R_75,52745.6435,-1,6.308100000002014,BACKFILL_AUTO
2026-07-12 05:01:00,1783832460,R_75,52736.635,-1,9.008499999996275,BACKFILL_AUTO
2026-07-12 05:01:02,1783832462,R_75,52729.5789,-1,7.0561000000016065,BACKFILL_AUTO
2026-07-12 05:01:04,1783832464,R_75,52702.9383,-1,26.640599999998813,BACKFILL_AUTO
2026-07-12 05:01:06,1783832466,R_75,52710.9115,1,7.973200000000361,BACKFILL_AUTO
2026-07-12 05:01:08,1783832468,R_75,52703.9994,-1,6.912100000001374,BACKFILL_AUTO
2026-07-12 05:01:10,1783832470,R_75,52707.5528,1,3.5533999999970547,BACKFILL_AUTO
2026-07-12 05:01:12,1783832472,R_75,52692.9661,-1,14.586699999999837,BACKFILL_AUTO
2026-07-12 05:01:14,1783832474,R_75,52692.5177,-1,0.44840000000112923,BACKFILL_AUTO
2026-07-12 05:01:16,1783832476,R_75,52684.4495,-1,8.068199999994249,BACKFILL_AUTO
2026-07-12 05:01:18,1783832478,R_75,52672.7235,-1,11.726000000002387,BACKFILL_AUTO
2026-07-12 05:01:20,1783832480,R_75,52670.2234,-1,2.500099999997474,BACKFILL_AUTO
2026-07-12 05:01:22,1783832482,R_75,52673.2477,1,3.024299999997311,BACKFILL_AUTO
2026-07-12 05:01:24,1783832484,R_75,52679.789,1,6.541299999997136,BACKFILL_AUTO
2026-07-12 05:01:26,1783832486,R_75,52691.832,1,12.043000000005122,BACKFILL_AUTO
2026-07-12 05:01:28,1783832488,R_75,52708.8582,1,17.026200000000244,BACKFILL_AUTO
2026-07-12 05:01:30,1783832490,R_75,52716.2271,1,7.368899999994028,BACKFILL_AUTO
2026-07-12 05:01:32,1783832492,R_75,52729.6847,1,13.457600000001548,BACKFILL_AUTO
2026-07-12 05:01:34,1783832494,R_75,52721.555,-1,8.129699999997683,BACKFILL_AUTO
2026-07-12 05:01:36,1783832496,R_75,52711.5916,-1,9.963400000000547,BACKFILL_AUTO
2026-07-12 05:01:38,1783832498,R_75,52723.9151,1,12.323499999998603,BACKFILL_AUTO
2026-07-12 05:01:40,1783832500,R_75,52738.0432,1,14.128100000001723,BACKFILL_AUTO
2026-07-12 05:01:42,1783832502,R_75,52742.2193,1,4.17609999999695,BACKFILL_AUTO
2026-07-12 05:01:44,1783832504,R_75,52744.024,1,1.8047000000005937,BACKFILL_AUTO
2026-07-12 05:01:46,1783832506,R_75,52729.3957,-1,14.62829999999667,BACKFILL_AUTO
2026-07-12 05:01:48,1783832508,R_75,52725.5083,-1,3.887399999999616,BACKFILL_AUTO
2026-07-12 05:01:50,1783832510,R_75,52737.6373,1,12.129000000000815,BACKFILL_AUTO
2026-07-12 05:01:52,1783832512,R_75,52733.204,-1,4.4333000000042375,BACKFILL_AUTO
2026-07-12 05:01:54,1783832514,R_75,52711.683,-1,21.52100000000064,BACKFILL_AUTO
2026-07-12 05:01:56,1783832516,R_75,52711.5193,-1,0.1636999999973341,BACKFILL_AUTO
2026-07-12 05:01:58,1783832518,R_75,52706.0481,-1,5.471199999999953,BACKFILL_AUTO
2026-07-12 05:02:00,1783832520,R_75,52712.262,1,6.213900000002468,BACKFILL_AUTO
2026-07-12 05:02:02,1783832522,R_75,52714.8383,1,2.5763000000006286,BACKFILL_AUTO
2026-07-12 05:02:04,1783832524,R_75,52711.6304,-1,3.2079000000012456,BACKFILL_AUTO
2026-07-12 05:02:06,1783832526,R_75,52719.4465,1,7.816099999996368,BACKFILL_AUTO
2026-07-12 05:02:08,1783832528,R_75,52705.9656,-1,13.480899999995017,BACKFILL_AUTO
2026-07-12 05:02:10,1783832530,R_75,52701.0535,-1,4.912100000001374,BACKFILL_AUTO
2026-07-12 05:02:12,1783832532,R_75,52695.2645,-1,5.789000000004307,BACKFILL_AUTO
2026-07-12 05:02:14,1783832534,R_75,52700.851,1,5.586500000004889,BACKFILL_AUTO
2026-07-12 05:02:16,1783832536,R_75,52710.772,1,9.92099999999482,BACKFILL_AUTO
2026-07-12 05:02:18,1783832538,R_75,52685.5403,-1,25.231699999996636,BACKFILL_AUTO
2026-07-12 05:02:20,1783832540,R_75,52670.5844,-1,14.955900000000838,BACKFILL_AUTO
2026-07-12 05:02:22,1783832542,R_75,52674.4388,1,3.854400000003807,BACKFILL_AUTO
2026-07-12 05:02:24,1783832544,R_75,52654.8407,-1,19.598100000002887,BACKFILL_AUTO
2026-07-12 05:02:26,1783832546,R_75,52655.6217,1,0.7810000000026776,BACKFILL_AUTO
2026-07-12 05:02:28,1783832548,R_75,52660.1669,1,4.545199999993201,BACKFILL_AUTO
2026-07-12 05:02:30,1783832550,R_75,52668.9372,1,8.770300000003772,BACKFILL_AUTO
2026-07-12 05:02:32,1783832552,R_75,52669.2873,1,0.35010000000329455,BACKFILL_AUTO
2026-07-12 05:02:34,1783832554,R_75,52686.0451,1,16.757799999999406,BACKFILL_AUTO
2026-07-12 05:02:36,1783832556,R_75,52687.8188,1,1.7736999999979162,BACKFILL_AUTO
2026-07-12 05:02:38,1783832558,R_75,52696.9987,1,9.179899999995541,BACKFILL_AUTO
2026-07-12 05:02:40,1783832560,R_75,52708.5997,1,11.601000000002387,BACKFILL_AUTO
2026-07-12 05:02:42,1783832562,R_75,52729.0802,1,20.480499999997846,BACKFILL_AUTO
2026-07-12 05:02:44,1783832564,R_75,52742.5088,1,13.428600000006554,BACKFILL_AUTO
2026-07-12 05:02:46,1783832566,R_75,52737.1986,-1,5.310199999999895,BACKFILL_AUTO
2026-07-12 05:02:48,1783832568,R_75,52732.8678,-1,4.330800000003364,BACKFILL_AUTO
2026-07-12 05:02:50,1783832570,R_75,52733.2529,1,0.38509999999951106,BACKFILL_AUTO
2026-07-12 05:02:52,1783832572,R_75,52728.2014,-1,5.051500000001397,BACKFILL_AUTO
2026-07-12 05:02:54,1783832574,R_75,52710.7857,-1,17.41569999999774,BACKFILL_AUTO
2026-07-12 05:02:56,1783832576,R_75,52717.5443,1,6.7586000000010245,BACKFILL_AUTO
2026-07-12 05:02:58,1783832578,R_75,52711.4958,-1,6.048500000004424,BACKFILL_AUTO
2026-07-12 05:03:00,1783832580,R_75,52719.8517,1,8.355900000002293,BACKFILL_AUTO
2026-07-12 05:03:02,1783832582,R_75,52713.0463,-1,6.805399999997462,BACKFILL_AUTO
2026-07-12 05:03:04,1783832584,R_75,52724.763,1,11.716699999997218,BACKFILL_AUTO
2026-07-12 05:03:06,1783832586,R_75,52727.3161,1,2.5530999999973574,BACKFILL_AUTO
2026-07-12 05:03:08,1783832588,R_75,52727.3978,1,0.08170000000245636,BACKFILL_AUTO
2026-07-12 05:03:10,1783832590,R_75,52740.5322,1,13.134400000002643,BACKFILL_AUTO
2026-07-12 05:03:12,1783832592,R_75,52745.1113,1,4.579099999995378,BACKFILL_AUTO
2026-07-12 05:03:14,1783832594,R_75,52744.3095,-1,0.8017999999938183,BACKFILL_AUTO
2026-07-12 05:03:16,1783832596,R_75,52737.7963,-1,6.513200000001234,BACKFILL_AUTO
2026-07-12 05:03:18,1783832598,R_75,52741.0181,1,3.221799999999348,BACKFILL_AUTO
2026-07-12 05:03:20,1783832600,R_75,52739.2556,-1,1.7625000000043656,BACKFILL_AUTO
2026-07-12 05:03:22,1783832602,R_75,52759.4457,1,20.190099999999802,BACKFILL_AUTO
2026-07-12 05:03:24,1783832604,R_75,52750.6725,-1,8.773199999995995,BACKFILL_AUTO
2026-07-12 05:03:26,1783832606,R_75,52737.7683,-1,12.904199999997218,BACKFILL_AUTO
2026-07-12 05:03:28,1783832608,R_75,52746.3998,1,8.631499999995867,BACKFILL_AUTO
2026-07-12 05:03:30,1783832610,R_75,52726.8146,-1,19.58520000000135,BACKFILL_AUTO
2026-07-12 05:03:32,1783832612,R_75,52720.3662,-1,6.448400000001129,BACKFILL_AUTO
2026-07-12 05:03:34,1783832614,R_75,52740.7329,1,20.36670000000595,BACKFILL_AUTO
2026-07-12 05:03:36,1783832616,R_75,52733.6621,-1,7.070800000001327,BACKFILL_AUTO
2026-07-12 05:03:38,1783832618,R_75,52723.4232,-1,10.238900000003923,BACKFILL_AUTO
2026-07-12 05:03:40,1783832620,R_75,52725.443,1,2.019800000001851,BACKFILL_AUTO
2026-07-12 05:03:42,1783832622,R_75,52729.2352,1,3.792200000003504,BACKFILL_AUTO
2026-07-12 05:03:44,1783832624,R_75,52734.6914,1,5.4562000000005355,BACKFILL_AUTO
2026-07-12 05:03:46,1783832626,R_75,52731.4788,-1,3.212600000006205,BACKFILL_AUTO
2026-07-12 05:03:48,1783832628,R_75,52746.7496,1,15.270800000005693,BACKFILL_AUTO
2026-07-12 05:03:50,1783832630,R_75,52748.5807,1,1.8310999999957858,BACKFILL_AUTO
2026-07-12 05:03:52,1783832632,R_75,52763.9229,1,15.342199999999139,BACKFILL_AUTO
2026-07-12 05:03:54,1783832634,R_75,52767.1454,1,3.2225000000034925,BACKFILL_AUTO
2026-07-12 05:03:56,1783832636,R_75,52781.8308,1,14.685400000002119,BACKFILL_AUTO
2026-07-12 05:03:58,1783832638,R_75,52777.2377,-1,4.5931000000055064,BACKFILL_AUTO
2026-07-12 05:04:00,1783832640,R_75,52792.9719,1,15.734199999998964,BACKFILL_AUTO
2026-07-12 05:04:02,1783832642,R_75,52803.3839,1,10.4120000000039,BACKFILL_AUTO
2026-07-12 05:04:04,1783832644,R_75,52800.7524,-1,2.631500000003143,BACKFILL_AUTO
2026-07-12 05:04:06,1783832646,R_75,52794.8277,-1,5.924699999995937,BACKFILL_AUTO
2026-07-12 05:04:08,1783832648,R_75,52802.1512,1,7.323499999998603,BACKFILL_AUTO
2026-07-12 05:04:10,1783832650,R_75,52808.9321,1,6.780899999997928,BACKFILL_AUTO
2026-07-12 05:04:12,1783832652,R_75,52803.2661,-1,5.665999999997439,BACKFILL_AUTO
2026-07-12 05:04:14,1783832654,R_75,52805.0007,1,1.734599999996135,BACKFILL_AUTO
2026-07-12 05:04:16,1783832656,R_75,52787.3516,-1,17.649099999995087,BACKFILL_AUTO
2026-07-12 05:04:18,1783832658,R_75,52792.3947,1,5.04309999999532,BACKFILL_AUTO
2026-07-12 05:04:20,1783832660,R_75,52781.874,-1,10.520699999993667,BACKFILL_AUTO
2026-07-12 05:04:22,1783832662,R_75,52780.3458,-1,1.528200000000652,BACKFILL_AUTO
2026-07-12 05:04:24,1783832664,R_75,52771.2123,-1,9.13350000000355,BACKFILL_AUTO
2026-07-12 05:04:26,1783832666,R_75,52781.5482,1,10.335899999998219,BACKFILL_AUTO
2026-07-12 05:04:28,1783832668,R_75,52779.7331,-1,1.815099999999802,BACKFILL_AUTO
2026-07-12 05:04:30,1783832670,R_75,52792.4218,1,12.68869999999879,BACKFILL_AUTO
2026-07-12 05:04:32,1783832672,R_75,52786.9145,-1,5.507299999997485,BACKFILL_AUTO
2026-07-12 05:04:34,1783832674,R_75,52798.1805,1,11.26600000000326,BACKFILL_AUTO
2026-07-12 05:04:36,1783832676,R_75,52807.2677,1,9.087199999994482,BACKFILL_AUTO
2026-07-12 05:04:38,1783832678,R_75,52826.3931,1,19.125400000004447,BACKFILL_AUTO
2026-07-12 05:04:40,1783832680,R_75,52822.0459,-1,4.347200000003795,BACKFILL_AUTO
2026-07-12 05:04:42,1783832682,R_75,52828.9742,1,6.928299999999581,BACKFILL_AUTO
2026-07-12 05:04:44,1783832684,R_75,52820.7923,-1,8.181899999995949,BACKFILL_AUTO
2026-07-12 05:04:46,1783832686,R_75,52833.1528,1,12.360500000002503,BACKFILL_AUTO
2026-07-12 05:04:48,1783832688,R_75,52851.4306,1,18.277799999996205,BACKFILL_AUTO
2026-07-12 05:04:50,1783832690,R_75,52849.6304,-1,1.800199999997858,BACKFILL_AUTO
2026-07-12 05:04:52,1783832692,R_75,52854.5153,1,4.8848999999972875,BACKFILL_AUTO
2026-07-12 05:04:54,1783832694,R_75,52837.0181,-1,17.497199999997974,BACKFILL_AUTO
2026-07-12 05:04:56,1783832696,R_75,52838.5018,1,1.483699999997043,BACKFILL_AUTO
2026-07-12 05:04:58,1783832698,R_75,52825.9396,-1,12.562200000000303,BACKFILL_AUTO
2026-07-12 05:05:00,1783832700,R_75,52820.4299,-1,5.509699999995064,BACKFILL_AUTO
2026-07-12 05:05:02,1783832702,R_75,52819.9298,-1,0.5001000000047497,BACKFILL_AUTO
2026-07-12 05:05:04,1783832704,R_75,52821.611,1,1.6811999999990803,BACKFILL_AUTO
2026-07-12 05:05:06,1783832706,R_75,52807.3412,-1,14.269799999994575,BACKFILL_AUTO
2026-07-12 05:05:08,1783832708,R_75,52797.5204,-1,9.820800000001327,BACKFILL_AUTO
2026-07-12 05:05:10,1783832710,R_75,52810.755,1,13.234599999996135,BACKFILL_AUTO
2026-07-12 05:05:12,1783832712,R_75,52839.5234,1,28.768400000000838,BACKFILL_AUTO
2026-07-12 05:05:14,1783832714,R_75,52841.0409,1,1.5175000000017462,BACKFILL_AUTO
2026-07-12 05:05:16,1783832716,R_75,52856.084,1,15.043100000002596,BACKFILL_AUTO
2026-07-12 05:05:18,1783832718,R_75,52845.4916,-1,10.592400000001362,BACKFILL_AUTO
2026-07-12 05:05:20,1783832720,R_75,52831.1267,-1,14.364900000000489,BACKFILL_AUTO
2026-07-12 05:05:22,1783832722,R_75,52822.7859,-1,8.340799999998126,BACKFILL_AUTO
2026-07-12 05:05:24,1783832724,R_75,52831.6621,1,8.87619999999879,BACKFILL_AUTO
2026-07-12 05:05:26,1783832726,R_75,52832.7933,1,1.13119999999617,BACKFILL_AUTO
2026-07-12 05:05:28,1783832728,R_75,52827.9537,-1,4.839599999999336,BACKFILL_AUTO
2026-07-12 05:05:30,1783832730,R_75,52831.7421,1,3.7884000000049127,BACKFILL_AUTO
2026-07-12 05:05:32,1783832732,R_75,52829.9112,-1,1.8309000000008382,BACKFILL_AUTO
2026-07-12 05:05:34,1783832734,R_75,52828.0158,-1,1.8954000000012456,BACKFILL_AUTO
2026-07-12 05:05:36,1783832736,R_75,52828.0648,1,0.04899999999906868,BACKFILL_AUTO
2026-07-12 05:05:38,1783832738,R_75,52829.4701,1,1.4052999999985332,BACKFILL_AUTO
2026-07-12 05:05:40,1783832740,R_75,52853.0273,1,23.557200000002922,BACKFILL_AUTO
2026-07-12 05:05:42,1783832742,R_75,52859.3153,1,6.288000000000466,BACKFILL_AUTO
2026-07-12 05:05:44,1783832744,R_75,52853.0938,-1,6.221499999999651,BACKFILL_AUTO
2026-07-12 05:05:46,1783832746,R_75,52835.3517,-1,17.74210000000312,BACKFILL_AUTO
2026-07-12 05:05:48,1783832748,R_75,52831.9087,-1,3.4429999999993015,BACKFILL_AUTO
2026-07-12 05:05:50,1783832750,R_75,52822.4229,-1,9.4858000000022,BACKFILL_AUTO
2026-07-12 05:05:52,1783832752,R_75,52836.6494,1,14.226500000004307,BACKFILL_AUTO
2026-07-12 05:05:54,1783832754,R_75,52847.0333,1,10.383900000000722,BACKFILL_AUTO
2026-07-12 05:05:56,1783832756,R_75,52842.9713,-1,4.062000000005355,BACKFILL_AUTO
2026-07-12 05:05:58,1783832758,R_75,52852.0548,1,9.08350000000064,BACKFILL_AUTO
2026-07-12 05:06:00,1783832760,R_75,52844.8752,-1,7.179599999995844,BACKFILL_AUTO
2026-07-12 05:06:02,1783832762,R_75,52850.5542,1,5.678999999996449,BACKFILL_AUTO
2026-07-12 05:06:04,1783832764,R_75,52838.4274,-1,12.126799999998184,BACKFILL_AUTO
2026-07-12 05:06:06,1783832766,R_75,52835.9429,-1,2.4844999999986612,BACKFILL_AUTO
2026-07-12 05:06:08,1783832768,R_75,52842.8679,1,6.924999999995634,BACKFILL_AUTO
2026-07-12 05:06:10,1783832770,R_75,52841.1277,-1,1.7402000000001863,BACKFILL_AUTO
2026-07-12 05:06:12,1783832772,R_75,52827.7792,-1,13.348500000000058,BACKFILL_AUTO
2026-07-12 05:06:14,1783832774,R_75,52845.055,1,17.275800000003073,BACKFILL_AUTO
2026-07-12 05:06:16,1783832776,R_75,52857.832,1,12.777000000001863,BACKFILL_AUTO
2026-07-12 05:06:18,1783832778,R_75,52869.1895,1,11.357499999998254,BACKFILL_AUTO
2026-07-12 05:06:20,1783832780,R_75,52875.6484,1,6.458899999997811,BACKFILL_AUTO
2026-07-12 05:06:22,1783832782,R_75,52876.5992,1,0.9507999999987078,BACKFILL_AUTO
2026-07-12 05:06:24,1783832784,R_75,52872.6832,-1,3.915999999997439,BACKFILL_AUTO
2026-07-12 05:06:26,1783832786,R_75,52874.3857,1,1.702499999999418,BACKFILL_AUTO
2026-07-12 05:06:28,1783832788,R_75,52865.6002,-1,8.785499999998137,BACKFILL_AUTO
2026-07-12 05:06:30,1783832790,R_75,52856.3147,-1,9.285499999998137,BACKFILL_AUTO
2026-07-12 05:06:32,1783832792,R_75,52853.6593,-1,2.655400000003283,BACKFILL_AUTO
2026-07-12 05:06:34,1783832794,R_75,52874.3732,1,20.713900000002468,BACKFILL_AUTO
2026-07-12 05:06:36,1783832796,R_75,52875.9086,1,1.5354000000006636,BACKFILL_AUTO
2026-07-12 05:06:38,1783832798,R_75,52897.5438,1,21.635199999996985,BACKFILL_AUTO
2026-07-12 05:06:40,1783832800,R_75,52886.0553,-1,11.488499999999476,BACKFILL_AUTO
2026-07-12 05:06:42,1783832802,R_75,52886.4911,1,0.43579999999928987,BACKFILL_AUTO
2026-07-12 05:06:44,1783832804,R_75,52886.1887,-1,0.30240000000048894,BACKFILL_AUTO
2026-07-12 05:06:46,1783832806,R_75,52871.4264,-1,14.762300000002142,BACKFILL_AUTO
2026-07-12 05:06:48,1783832808,R_75,52867.0567,-1,4.369699999995646,BACKFILL_AUTO
2026-07-12 05:06:50,1783832810,R_75,52877.7977,1,10.741000000001804,BACKFILL_AUTO
2026-07-12 05:06:52,1783832812,R_75,52869.3974,-1,8.400300000001153,BACKFILL_AUTO
2026-07-12 05:06:54,1783832814,R_75,52860.3954,-1,9.002000000000407,BACKFILL_AUTO
2026-07-12 05:06:56,1783832816,R_75,52874.664,1,14.268599999995786,BACKFILL_AUTO
2026-07-12 05:06:58,1783832818,R_75,52876.4604,1,1.7964000000065425,BACKFILL_AUTO
2026-07-12 05:07:00,1783832820,R_75,52861.922,-1,14.538400000004913,BACKFILL_AUTO
2026-07-12 05:07:02,1783832822,R_75,52873.3343,1,11.412300000003597,BACKFILL_AUTO
2026-07-12 05:07:04,1783832824,R_75,52865.7282,-1,7.606100000004517,BACKFILL_AUTO
2026-07-12 05:07:06,1783832826,R_75,52854.4387,-1,11.289499999998952,BACKFILL_AUTO
2026-07-12 05:07:08,1783832828,R_75,52855.1487,1,0.7099999999991269,BACKFILL_AUTO
2026-07-12 05:07:10,1783832830,R_75,52836.0496,-1,19.099099999999453,BACKFILL_AUTO
2026-07-12 05:07:12,1783832832,R_75,52826.962,-1,9.087599999998929,BACKFILL_AUTO
2026-07-12 05:07:14,1783832834,R_75,52838.6927,1,11.73070000000007,BACKFILL_AUTO
2026-07-12 05:07:16,1783832836,R_75,52825.8251,-1,12.867599999997765,BACKFILL_AUTO
2026-07-12 05:07:18,1783832838,R_75,52829.5245,1,3.699399999997695,BACKFILL_AUTO
2026-07-12 05:07:20,1783832840,R_75,52838.9265,1,9.402000000001863,BACKFILL_AUTO
2026-07-12 05:07:22,1783832842,R_75,52829.9094,-1,9.017100000004575,BACKFILL_AUTO
2026-07-12 05:07:24,1783832844,R_75,52820.1137,-1,9.795699999995122,BACKFILL_AUTO
2026-07-12 05:07:26,1783832846,R_75,52830.5182,1,10.404499999996915,BACKFILL_AUTO
2026-07-12 05:07:28,1783832848,R_75,52843.0061,1,12.487900000000081,BACKFILL_AUTO
2026-07-12 05:07:30,1783832850,R_75,52832.5969,-1,10.409200000001874,BACKFILL_AUTO
2026-07-12 05:07:32,1783832852,R_75,52831.3323,-1,1.2645999999949709,BACKFILL_AUTO
2026-07-12 05:07:34,1783832854,R_75,52815.9316,-1,15.400699999998324,BACKFILL_AUTO
2026-07-12 05:07:36,1783832856,R_75,52821.562,1,5.630399999994552,BACKFILL_AUTO
2026-07-12 05:07:38,1783832858,R_75,52826.6224,1,5.060400000002119,BACKFILL_AUTO
2026-07-12 05:07:40,1783832860,R_75,52838.5354,1,11.913000000000466,BACKFILL_AUTO
2026-07-12 05:07:42,1783832862,R_75,52844.8134,1,6.277999999998428,BACKFILL_AUTO
2026-07-12 05:07:44,1783832864,R_75,52841.2983,-1,3.5150999999968917,BACKFILL_AUTO
2026-07-12 05:07:46,1783832866,R_75,52838.7853,-1,2.5129999999990105,BACKFILL_AUTO
2026-07-12 05:07:48,1783832868,R_75,52846.4129,1,7.627599999999802,BACKFILL_AUTO
2026-07-12 05:07:50,1783832870,R_75,52858.7063,1,12.293399999995017,BACKFILL_AUTO
2026-07-12 05:07:52,1783832872,R_75,52859.2555,1,0.5492000000012922,BACKFILL_AUTO
2026-07-12 05:07:54,1783832874,R_75,52881.6094,1,22.353900000001886,BACKFILL_AUTO
2026-07-12 05:07:56,1783832876,R_75,52893.7228,1,12.113400000002002,BACKFILL_AUTO
2026-07-12 05:07:58,1783832878,R_75,52892.5708,-1,1.1520000000018626,BACKFILL_AUTO
2026-07-12 05:08:00,1783832880,R_75,52863.0566,-1,29.5141999999978,BACKFILL_AUTO
2026-07-12 05:08:02,1783832882,R_75,52873.4784,1,10.421799999996438,BACKFILL_AUTO
2026-07-12 05:08:04,1783832884,R_75,52863.1971,-1,10.281300000002375,BACKFILL_AUTO
2026-07-12 05:08:06,1783832886,R_75,52855.5412,-1,7.655899999997928,BACKFILL_AUTO
2026-07-12 05:08:08,1783832888,R_75,52837.4107,-1,18.1304999999993,BACKFILL_AUTO
2026-07-12 05:08:10,1783832890,R_75,52861.7584,1,24.34769999999844,BACKFILL_AUTO
2026-07-12 05:08:12,1783832892,R_75,52880.0026,1,18.244200000001,BACKFILL_AUTO
2026-07-12 05:08:14,1783832894,R_75,52889.8548,1,9.852200000001176,BACKFILL_AUTO
2026-07-12 05:08:16,1783832896,R_75,52913.4798,1,23.625,BACKFILL_AUTO
2026-07-12 05:08:18,1783832898,R_75,52917.9133,1,4.433499999999185,BACKFILL_AUTO
2026-07-12 05:08:20,1783832900,R_75,52909.0612,-1,8.852100000003702,BACKFILL_AUTO
2026-07-12 05:08:22,1783832902,R_75,52932.8151,1,23.75390000000334,BACKFILL_AUTO
2026-07-12 05:08:24,1783832904,R_75,52932.2754,-1,0.5397000000011758,BACKFILL_AUTO
2026-07-12 05:08:26,1783832906,R_75,52925.6433,-1,6.632099999995262,BACKFILL_AUTO
2026-07-12 05:08:28,1783832908,R_75,52925.9337,1,0.2903999999980442,BACKFILL_AUTO
2026-07-12 05:08:30,1783832910,R_75,52926.7364,1,0.8027000000001863,BACKFILL_AUTO
2026-07-12 05:08:32,1783832912,R_75,52926.7414,1,0.004999999997380655,BACKFILL_AUTO
2026-07-12 05:08:34,1783832914,R_75,52925.4134,-1,1.3280000000013388,BACKFILL_AUTO
2026-07-12 05:08:36,1783832916,R_75,52945.7016,1,20.28820000000269,BACKFILL_AUTO
2026-07-12 05:08:38,1783832918,R_75,52935.2701,-1,10.431499999998778,BACKFILL_AUTO
2026-07-12 05:08:40,1783832920,R_75,52944.2379,1,8.967799999998533,BACKFILL_AUTO
2026-07-12 05:08:42,1783832922,R_75,52958.0218,1,13.783900000002177,BACKFILL_AUTO
2026-07-12 05:08:44,1783832924,R_75,52963.2189,1,5.19709999999759,BACKFILL_AUTO
2026-07-12 05:08:46,1783832926,R_75,52958.0818,-1,5.1370999999999185,BACKFILL_AUTO
2026-07-12 05:08:48,1783832928,R_75,52960.3273,1,2.2454999999972642,BACKFILL_AUTO
2026-07-12 05:08:50,1783832930,R_75,52951.1277,-1,9.199599999999919,BACKFILL_AUTO
2026-07-12 05:08:52,1783832932,R_75,52949.8702,-1,1.257499999999709,BACKFILL_AUTO
2026-07-12 05:08:54,1783832934,R_75,52945.8321,-1,4.0380999999979394,BACKFILL_AUTO
2026-07-12 05:08:56,1783832936,R_75,52950.4564,1,4.624300000003132,BACKFILL_AUTO
2026-07-12 05:08:58,1783832938,R_75,52933.5431,-1,16.913300000000163,BACKFILL_AUTO
2026-07-12 05:09:00,1783832940,R_75,52920.0689,-1,13.474200000004203,BACKFILL_AUTO
2026-07-12 05:09:02,1783832942,R_75,52942.2209,1,22.152000000001863,BACKFILL_AUTO
2026-07-12 05:09:04,1783832944,R_75,52947.7943,1,5.573400000001129,BACKFILL_AUTO
2026-07-12 05:09:06,1783832946,R_75,52937.1426,-1,10.651700000002165,BACKFILL_AUTO
2026-07-12 05:09:08,1783832948,R_75,52942.4521,1,5.309500000003027,BACKFILL_AUTO
2026-07-12 05:09:10,1783832950,R_75,52952.3252,1,9.873099999997066,BACKFILL_AUTO
2026-07-12 05:09:12,1783832952,R_75,52954.8182,1,2.493000000002212,BACKFILL_AUTO
2026-07-12 05:09:14,1783832954,R_75,52956.5057,1,1.6875,BACKFILL_AUTO
2026-07-12 05:09:16,1783832956,R_75,52954.5241,-1,1.9815999999991618,BACKFILL_AUTO
2026-07-12 05:09:18,1783832958,R_75,52974.2895,1,19.76539999999659,BACKFILL_AUTO
2026-07-12 05:09:20,1783832960,R_75,52971.8471,-1,2.442399999999907,BACKFILL_AUTO
2026-07-12 05:09:22,1783832962,R_75,52986.1067,1,14.25959999999759,BACKFILL_AUTO
2026-07-12 05:09:24,1783832964,R_75,52987.9305,1,1.8238000000055763,BACKFILL_AUTO
2026-07-12 05:09:26,1783832966,R_75,52992.6003,1,4.66979999999603,BACKFILL_AUTO
2026-07-12 05:09:28,1783832968,R_75,52980.8609,-1,11.739399999998568,BACKFILL_AUTO
2026-07-12 05:09:30,1783832970,R_75,52962.861,-1,17.999900000002526,BACKFILL_AUTO
2026-07-12 05:09:32,1783832972,R_75,52990.9333,1,28.072299999999814,BACKFILL_AUTO
2026-07-12 05:09:34,1783832974,R_75,52987.6396,-1,3.2936999999947147,BACKFILL_AUTO
2026-07-12 05:09:36,1783832976,R_75,52981.5264,-1,6.113199999999779,BACKFILL_AUTO
2026-07-12 05:09:38,1783832978,R_75,52990.4216,1,8.895199999999022,BACKFILL_AUTO
2026-07-12 05:09:40,1783832980,R_75,52995.4425,1,5.0208999999958905,BACKFILL_AUTO
2026-07-12 05:09:42,1783832982,R_75,53004.9441,1,9.501600000003236,BACKFILL_AUTO
2026-07-12 05:09:44,1783832984,R_75,53000.7285,-1,4.215600000003178,BACKFILL_AUTO
2026-07-12 05:09:46,1783832986,R_75,53008.7826,1,8.054100000001199,BACKFILL_AUTO
2026-07-12 05:09:48,1783832988,R_75,52995.873,-1,12.909599999999045,BACKFILL_AUTO
2026-07-12 05:09:50,1783832990,R_75,53000.1161,1,4.243099999999686,BACKFILL_AUTO
2026-07-12 05:09:52,1783832992,R_75,52989.5313,-1,10.584799999996903,BACKFILL_AUTO
2026-07-12 05:09:54,1783832994,R_75,52985.1543,-1,4.3770000000004075,BACKFILL_AUTO
2026-07-12 05:09:56,1783832996,R_75,52982.9678,-1,2.1865000000034343,BACKFILL_AUTO
2026-07-12 05:09:58,1783832998,R_75,52980.9469,-1,2.0208999999958905,BACKFILL_AUTO
2026-07-12 05:10:00,1783833000,R_75,52987.0761,1,6.1291999999957625,BACKFILL_AUTO
2026-07-12 05:10:02,1783833002,R_75,52977.133,-1,9.943099999996775,BACKFILL_AUTO
2026-07-12 05:10:04,1783833004,R_75,52985.0294,1,7.896399999997811,BACKFILL_AUTO
2026-07-12 05:10:06,1783833006,R_75,52982.6015,-1,2.42790000000241,BACKFILL_AUTO
2026-07-12 05:10:08,1783833008,R_75,52987.961,1,5.359500000005937,BACKFILL_AUTO
2026-07-12 05:10:10,1783833010,R_75,52962.9769,-1,24.98410000000149,BACKFILL_AUTO
2026-07-12 05:10:12,1783833012,R_75,52955.6228,-1,7.3541000000041095,BACKFILL_AUTO
2026-07-12 05:10:14,1783833014,R_75,52948.9417,-1,6.681099999994331,BACKFILL_AUTO
2026-07-12 05:10:16,1783833016,R_75,52959.1742,1,10.232499999998254,BACKFILL_AUTO
2026-07-12 05:10:18,1783833018,R_75,52958.6137,-1,0.5604999999995925,BACKFILL_AUTO
2026-07-12 05:10:20,1783833020,R_75,52958.6979,1,0.08419999999750871,BACKFILL_AUTO
2026-07-12 05:10:22,1783833022,R_75,52955.7245,-1,2.9734000000025844,BACKFILL_AUTO
2026-07-12 05:10:24,1783833024,R_75,52950.9853,-1,4.739199999996345,BACKFILL_AUTO
2026-07-12 05:10:26,1783833026,R_75,52945.6968,-1,5.2885000000023865,BACKFILL_AUTO
2026-07-12 05:10:28,1783833028,R_75,52948.1284,1,2.4316000000035274,BACKFILL_AUTO
2026-07-12 05:10:30,1783833030,R_75,52936.4528,-1,11.675600000002305,BACKFILL_AUTO
2026-07-12 05:10:32,1783833032,R_75,52927.9291,-1,8.523699999997916,BACKFILL_AUTO
2026-07-12 05:10:34,1783833034,R_75,52928.021,1,0.0918999999994412,BACKFILL_AUTO
2026-07-12 05:10:36,1783833036,R_75,52933.7381,1,5.717100000001665,BACKFILL_AUTO
2026-07-12 05:10:38,1783833038,R_75,52926.4035,-1,7.334600000001956,BACKFILL_AUTO
2026-07-12 05:10:40,1783833040,R_75,52927.5798,1,1.1762999999991735,BACKFILL_AUTO
2026-07-12 05:10:42,1783833042,R_75,52945.2703,1,17.690499999996973,BACKFILL_AUTO
2026-07-12 05:10:44,1783833044,R_75,52950.783,1,5.512700000006589,BACKFILL_AUTO
2026-07-12 05:10:46,1783833046,R_75,52962.8195,1,12.036499999994703,BACKFILL_AUTO
2026-07-12 05:10:48,1783833048,R_75,52956.638,-1,6.181499999998778,BACKFILL_AUTO
2026-07-12 05:10:50,1783833050,R_75,52945.2669,-1,11.371099999996659,BACKFILL_AUTO
2026-07-12 05:10:52,1783833052,R_75,52945.9185,1,0.6515999999974156,BACKFILL_AUTO
2026-07-12 05:10:54,1783833054,R_75,52928.9436,-1,16.97490000000107,BACKFILL_AUTO
2026-07-12 05:10:56,1783833056,R_75,52919.7292,-1,9.214399999997113,BACKFILL_AUTO
2026-07-12 05:10:58,1783833058,R_75,52906.507,-1,13.222200000003795,BACKFILL_AUTO
2026-07-12 05:11:00,1783833060,R_75,52901.2907,-1,5.216300000000047,BACKFILL_AUTO
2026-07-12 05:11:02,1783833062,R_75,52900.4546,-1,0.8361000000004424,BACKFILL_AUTO
2026-07-12 05:11:04,1783833064,R_75,52888.6423,-1,11.812299999997776,BACKFILL_AUTO
2026-07-12 05:11:06,1783833066,R_75,52891.5333,1,2.8910000000032596,BACKFILL_AUTO
2026-07-12 05:11:08,1783833068,R_75,52895.7679,1,4.234599999996135,BACKFILL_AUTO
2026-07-12 05:11:10,1783833070,R_75,52877.7967,-1,17.971199999999953,BACKFILL_AUTO
2026-07-12 05:11:12,1783833072,R_75,52884.7228,1,6.926100000004226,BACKFILL_AUTO
2026-07-12 05:11:14,1783833074,R_75,52898.9282,1,14.205399999998917,BACKFILL_AUTO
2026-07-12 05:11:16,1783833076,R_75,52874.3676,-1,24.560600000004342,BACKFILL_AUTO
2026-07-12 05:11:18,1783833078,R_75,52889.8538,1,15.486199999999371,BACKFILL_AUTO
2026-07-12 05:11:20,1783833080,R_75,52903.1277,1,13.27390000000014,BACKFILL_AUTO
2026-07-12 05:11:22,1783833082,R_75,52902.5772,-1,0.5504999999975553,BACKFILL_AUTO
2026-07-12 05:11:24,1783833084,R_75,52903.0523,1,0.47510000000329455,BACKFILL_AUTO
2026-07-12 05:11:26,1783833086,R_75,52895.3863,-1,7.666000000004715,BACKFILL_AUTO
2026-07-12 05:11:28,1783833088,R_75,52905.3492,1,9.962899999998626,BACKFILL_AUTO
2026-07-12 05:11:30,1783833090,R_75,52905.2396,-1,0.10959999999613501,BACKFILL_AUTO
2026-07-12 05:11:32,1783833092,R_75,52906.2792,1,1.039599999996426,BACKFILL_AUTO
2026-07-12 05:11:34,1783833094,R_75,52915.2492,1,8.970000000001164,BACKFILL_AUTO
2026-07-12 05:11:36,1783833096,R_75,52898.6335,-1,16.61569999999483,BACKFILL_AUTO
2026-07-12 05:11:38,1783833098,R_75,52897.4262,-1,1.207300000001851,BACKFILL_AUTO
2026-07-12 05:11:40,1783833100,R_75,52880.3448,-1,17.08140000000276,BACKFILL_AUTO
2026-07-12 05:11:42,1783833102,R_75,52870.9917,-1,9.353100000000268,BACKFILL_AUTO
2026-07-12 05:11:44,1783833104,R_75,52879.6816,1,8.689900000004855,BACKFILL_AUTO
2026-07-12 05:11:46,1783833106,R_75,52892.585,1,12.9033999999956,BACKFILL_AUTO
2026-07-12 05:11:48,1783833108,R_75,52889.9716,-1,2.6134000000020023,BACKFILL_AUTO
2026-07-12 05:11:50,1783833110,R_75,52884.3902,-1,5.581399999995483,BACKFILL_AUTO
2026-07-12 05:11:52,1783833112,R_75,52899.9775,1,15.587299999999232,BACKFILL_AUTO
2026-07-12 05:11:54,1783833114,R_75,52896.3271,-1,3.6503999999986263,BACKFILL_AUTO
2026-07-12 05:11:56,1783833116,R_75,52893.8046,-1,2.522499999999127,BACKFILL_AUTO
2026-07-12 05:11:58,1783833118,R_75,52899.0685,1,5.263899999998102,BACKFILL_AUTO
2026-07-12 05:12:00,1783833120,R_75,52891.1481,-1,7.920400000002701,BACKFILL_AUTO
2026-07-12 05:12:02,1783833122,R_75,52890.0595,-1,1.0885999999954947,BACKFILL_AUTO
2026-07-12 05:12:04,1783833124,R_75,52875.785,-1,14.274499999999534,BACKFILL_AUTO
2026-07-12 05:12:06,1783833126,R_75,52874.9625,-1,0.8225000000020373,BACKFILL_AUTO
2026-07-12 05:12:08,1783833128,R_75,52879.6514,1,4.688900000001013,BACKFILL_AUTO
2026-07-12 05:12:10,1783833130,R_75,52883.7267,1,4.075299999996787,BACKFILL_AUTO
2026-07-12 05:12:12,1783833132,R_75,52876.4349,-1,7.291799999999057,BACKFILL_AUTO
2026-07-12 05:12:14,1783833134,R_75,52871.791,-1,4.643900000002759,BACKFILL_AUTO
2026-07-12 05:12:16,1783833136,R_75,52892.1253,1,20.33430000000226,BACKFILL_AUTO
2026-07-12 05:12:18,1783833138,R_75,52889.6417,-1,2.4835999999995693,BACKFILL_AUTO
2026-07-12 05:12:20,1783833140,R_75,52880.4213,-1,9.220399999998335,BACKFILL_AUTO
2026-07-12 05:12:22,1783833142,R_75,52888.0113,1,7.5899999999965075,BACKFILL_AUTO
2026-07-12 05:12:24,1783833144,R_75,52893.2696,1,5.258300000001327,BACKFILL_AUTO
2026-07-12 05:12:26,1783833146,R_75,52879.5702,-1,13.699399999997695,BACKFILL_AUTO
2026-07-12 05:12:28,1783833148,R_75,52870.7972,-1,8.773000000001048,BACKFILL_AUTO
2026-07-12 05:12:30,1783833150,R_75,52877.9943,1,7.19709999999759,BACKFILL_AUTO
2026-07-12 05:12:32,1783833152,R_75,52867.6692,-1,10.32510000000184,BACKFILL_AUTO
2026-07-12 05:12:34,1783833154,R_75,52868.1854,1,0.5162000000054832,BACKFILL_AUTO
2026-07-12 05:12:36,1783833156,R_75,52867.7509,-1,0.4345000000030268,BACKFILL_AUTO
2026-07-12 05:12:38,1783833158,R_75,52880.1553,1,12.404399999999441,BACKFILL_AUTO
2026-07-12 05:12:40,1783833160,R_75,52866.4286,-1,13.726699999999255,BACKFILL_AUTO
2026-07-12 05:12:42,1783833162,R_75,52870.9764,1,4.547800000000279,BACKFILL_AUTO
2026-07-12 05:12:44,1783833164,R_75,52865.3084,-1,5.667999999997846,BACKFILL_AUTO
2026-07-12 05:12:46,1783833166,R_75,52878.993,1,13.6846000000005,BACKFILL_AUTO
2026-07-12 05:12:48,1783833168,R_75,52885.8315,1,6.838499999998021,BACKFILL_AUTO
2026-07-12 05:12:50,1783833170,R_75,52882.8068,-1,3.024700000001758,BACKFILL_AUTO
2026-07-12 05:12:52,1783833172,R_75,52885.3114,1,2.5046000000002095,BACKFILL_AUTO
2026-07-12 05:12:54,1783833174,R_75,52862.8624,-1,22.449000000000524,BACKFILL_AUTO
2026-07-12 05:12:56,1783833176,R_75,52860.3945,-1,2.467899999996007,BACKFILL_AUTO
2026-07-12 05:12:58,1783833178,R_75,52864.0016,1,3.6071000000010827,BACKFILL_AUTO
2026-07-12 05:13:00,1783833180,R_75,52860.1416,-1,3.860000000000582,BACKFILL_AUTO
2026-07-12 05:13:02,1783833182,R_75,52848.2652,-1,11.876400000001013,BACKFILL_AUTO
2026-07-12 05:13:04,1783833184,R_75,52828.1757,-1,20.089500000001863,BACKFILL_AUTO
2026-07-12 05:13:06,1783833186,R_75,52829.3023,1,1.1266000000032363,BACKFILL_AUTO
2026-07-12 05:13:08,1783833188,R_75,52815.1988,-1,14.103500000004715,BACKFILL_AUTO
2026-07-12 05:13:10,1783833190,R_75,52808.3896,-1,6.8091999999960535,BACKFILL_AUTO
2026-07-12 05:13:12,1783833192,R_75,52812.7352,1,4.345600000000559,BACKFILL_AUTO
2026-07-12 05:13:14,1783833194,R_75,52815.9525,1,3.2172999999966123,BACKFILL_AUTO
2026-07-12 05:13:16,1783833196,R_75,52834.0953,1,18.142800000001444,BACKFILL_AUTO
2026-07-12 05:13:18,1783833198,R_75,52834.7379,1,0.64259999999922,BACKFILL_AUTO
2026-07-12 05:13:20,1783833200,R_75,52828.0189,-1,6.7189999999973224,BACKFILL_AUTO
2026-07-12 05:13:22,1783833202,R_75,52844.5148,1,16.495899999994435,BACKFILL_AUTO
2026-07-12 05:13:24,1783833204,R_75,52863.15,1,18.63520000000426,BACKFILL_AUTO
2026-07-12 05:13:26,1783833206,R_75,52867.0031,1,3.8531000000002678,BACKFILL_AUTO
2026-07-12 05:13:28,1783833208,R_75,52857.1977,-1,9.805400000004738,BACKFILL_AUTO
2026-07-12 05:13:30,1783833210,R_75,52848.1786,-1,9.019099999997707,BACKFILL_AUTO
2026-07-12 05:13:32,1783833212,R_75,52836.3931,-1,11.785499999998137,BACKFILL_AUTO
2026-07-12 05:13:34,1783833214,R_75,52816.5551,-1,19.838000000003376,BACKFILL_AUTO
2026-07-12 05:13:36,1783833216,R_75,52811.445,-1,5.110099999998056,BACKFILL_AUTO
2026-07-12 05:13:38,1783833218,R_75,52819.1438,1,7.6987999999983,BACKFILL_AUTO
2026-07-12 05:13:40,1783833220,R_75,52820.7972,1,1.6534000000028755,BACKFILL_AUTO
2026-07-12 05:13:42,1783833222,R_75,52821.5121,1,0.7148999999990338,BACKFILL_AUTO
2026-07-12 05:13:44,1783833224,R_75,52822.0098,1,0.4976999999998952,BACKFILL_AUTO
2026-07-12 05:13:46,1783833226,R_75,52812.5048,-1,9.50499999999738,BACKFILL_AUTO
2026-07-12 05:13:48,1783833228,R_75,52814.995,1,2.4902000000001863,BACKFILL_AUTO
2026-07-12 05:13:50,1783833230,R_75,52827.8703,1,12.875299999999697,BACKFILL_AUTO
2026-07-12 05:13:52,1783833232,R_75,52836.6385,1,8.768199999998615,BACKFILL_AUTO
2026-07-12 05:13:54,1783833234,R_75,52846.1094,1,9.470900000000256,BACKFILL_AUTO
2026-07-12 05:13:56,1783833236,R_75,52858.1987,1,12.08929999999964,BACKFILL_AUTO
2026-07-12 05:13:58,1783833238,R_75,52846.6832,-1,11.515500000001339,BACKFILL_AUTO
2026-07-12 05:14:00,1783833240,R_75,52841.8842,-1,4.798999999999069,BACKFILL_AUTO
2026-07-12 05:14:02,1783833242,R_75,52828.9422,-1,12.942000000002736,BACKFILL_AUTO
2026-07-12 05:14:04,1783833244,R_75,52830.5555,1,1.6133000000045286,BACKFILL_AUTO
2026-07-12 05:14:06,1783833246,R_75,52827.0315,-1,3.5240000000048894,BACKFILL_AUTO
2026-07-12 05:14:08,1783833248,R_75,52826.7432,-1,0.288300000000163,BACKFILL_AUTO
2026-07-12 05:14:10,1783833250,R_75,52824.3208,-1,2.4223999999958323,BACKFILL_AUTO
2026-07-12 05:14:12,1783833252,R_75,52818.7673,-1,5.553500000001804,BACKFILL_AUTO
2026-07-12 05:14:14,1783833254,R_75,52832.7791,1,14.011800000000221,BACKFILL_AUTO
2026-07-12 05:14:16,1783833256,R_75,52838.7986,1,6.019500000002154,BACKFILL_AUTO
2026-07-12 05:14:18,1783833258,R_75,52828.9661,-1,9.832500000004075,BACKFILL_AUTO
2026-07-12 05:14:20,1783833260,R_75,52820.238,-1,8.728100000000268,BACKFILL_AUTO
2026-07-12 05:14:22,1783833262,R_75,52839.2204,1,18.98240000000078,BACKFILL_AUTO
2026-07-12 05:14:24,1783833264,R_75,52836.7825,-1,2.437899999997171,BACKFILL_AUTO
2026-07-12 05:14:26,1783833266,R_75,52845.9695,1,9.18699999999808,BACKFILL_AUTO
2026-07-12 05:14:28,1783833268,R_75,52836.9151,-1,9.054400000000896,BACKFILL_AUTO
2026-07-12 05:14:30,1783833270,R_75,52825.6141,-1,11.300999999999476,BACKFILL_AUTO
2026-07-12 05:14:32,1783833272,R_75,52815.9786,-1,9.635499999996682,BACKFILL_AUTO
2026-07-12 05:14:34,1783833274,R_75,52800.6622,-1,15.316400000003341,BACKFILL_AUTO
2026-07-12 05:14:36,1783833276,R_75,52802.3472,1,1.6849999999976717,BACKFILL_AUTO
2026-07-12 05:14:38,1783833278,R_75,52811.6858,1,9.33860000000277,BACKFILL_AUTO
2026-07-12 05:14:40,1783833280,R_75,52818.1083,1,6.422500000000582,BACKFILL_AUTO
2026-07-12 05:14:42,1783833282,R_75,52835.1023,1,16.993999999998778,BACKFILL_AUTO
2026-07-12 05:14:44,1783833284,R_75,52812.3824,-1,22.719899999996414,BACKFILL_AUTO
2026-07-12 05:14:46,1783833286,R_75,52826.9075,1,14.525099999998929,BACKFILL_AUTO
2026-07-12 05:14:48,1783833288,R_75,52817.4383,-1,9.469199999999546,BACKFILL_AUTO
2026-07-12 05:14:50,1783833290,R_75,52812.8697,-1,4.568599999998696,BACKFILL_AUTO
2026-07-12 05:14:52,1783833292,R_75,52818.4212,1,5.551499999994121,BACKFILL_AUTO
2026-07-12 05:14:54,1783833294,R_75,52839.139,1,20.71780000000581,BACKFILL_AUTO
2026-07-12 05:14:56,1783833296,R_75,52835.6929,-1,3.4461000000010245,BACKFILL_AUTO
2026-07-12 05:14:58,1783833298,R_75,52835.6514,-1,0.041499999999359716,BACKFILL_AUTO
2026-07-12 05:15:00,1783833300,R_75,52837.9722,1,2.320799999994051,BACKFILL_AUTO
2026-07-12 05:15:02,1783833302,R_75,52839.6447,1,1.672500000000582,BACKFILL_AUTO
2026-07-12 05:15:04,1783833304,R_75,52841.9331,1,2.2884000000049127,BACKFILL_AUTO
2026-07-12 05:15:06,1783833306,R_75,52863.8827,1,21.94959999999992,BACKFILL_AUTO
2026-07-12 05:15:08,1783833308,R_75,52856.6078,-1,7.274900000003981,BACKFILL_AUTO
2026-07-12 05:15:10,1783833310,R_75,52842.7676,-1,13.840199999998731,BACKFILL_AUTO
2026-07-12 05:15:12,1783833312,R_75,52821.2465,-1,21.521099999998114,BACKFILL_AUTO
2026-07-12 05:15:14,1783833314,R_75,52828.9238,1,7.677299999995739,BACKFILL_AUTO
2026-07-12 05:15:16,1783833316,R_75,52824.1661,-1,4.7576999999946565,BACKFILL_AUTO
2026-07-12 05:15:18,1783833318,R_75,52836.4484,1,12.28229999999894,BACKFILL_AUTO
2026-07-12 05:15:20,1783833320,R_75,52850.8296,1,14.38119999999617,BACKFILL_AUTO
2026-07-12 05:15:22,1783833322,R_75,52845.3609,-1,5.468699999997625,BACKFILL_AUTO
2026-07-12 05:15:24,1783833324,R_75,52857.3037,1,11.942799999997078,BACKFILL_AUTO
2026-07-12 05:15:26,1783833326,R_75,52856.5807,-1,0.7229999999981374,BACKFILL_AUTO
2026-07-12 05:15:28,1783833328,R_75,52857.9342,1,1.3535000000047148,BACKFILL_AUTO
2026-07-12 05:15:30,1783833330,R_75,52859.0822,1,1.1479999999937718,BACKFILL_AUTO
2026-07-12 05:15:32,1783833332,R_75,52870.5298,1,11.447599999999511,BACKFILL_AUTO
2026-07-12 05:15:34,1783833334,R_75,52887.7118,1,17.1820000000007,BACKFILL_AUTO
2026-07-12 05:15:36,1783833336,R_75,52896.2843,1,8.572500000002037,BACKFILL_AUTO
2026-07-12 05:15:38,1783833338,R_75,52905.6534,1,9.369100000003527,BACKFILL_AUTO
2026-07-12 05:15:40,1783833340,R_75,52912.1985,1,6.545099999995728,BACKFILL_AUTO
2026-07-12 05:15:42,1783833342,R_75,52907.7709,-1,4.4275999999954365,BACKFILL_AUTO
2026-07-12 05:15:44,1783833344,R_75,52910.7384,1,2.967499999998836,BACKFILL_AUTO
2026-07-12 05:15:46,1783833346,R_75,52927.1887,1,16.450299999996787,BACKFILL_AUTO
2026-07-12 05:15:48,1783833348,R_75,52941.4213,1,14.232600000003004,BACKFILL_AUTO
2026-07-12 05:15:50,1783833350,R_75,52944.7955,1,3.374199999998382,BACKFILL_AUTO
2026-07-12 05:15:52,1783833352,R_75,52935.7057,-1,9.08980000000156,BACKFILL_AUTO
2026-07-12 05:15:54,1783833354,R_75,52932.9554,-1,2.7502999999996973,BACKFILL_AUTO
2026-07-12 05:15:56,1783833356,R_75,52928.1441,-1,4.811300000001211,BACKFILL_AUTO
2026-07-12 05:15:58,1783833358,R_75,52929.8191,1,1.6750000000029104,BACKFILL_AUTO
2026-07-12 05:16:00,1783833360,R_75,52931.9357,1,2.116600000001199,BACKFILL_AUTO
2026-07-12 05:16:02,1783833362,R_75,52923.8811,-1,8.05460000000312,BACKFILL_AUTO
2026-07-12 05:16:04,1783833364,R_75,52930.3849,1,6.503799999998591,BACKFILL_AUTO
2026-07-12 05:16:06,1783833366,R_75,52925.1545,-1,5.2304000000003725,BACKFILL_AUTO
2026-07-12 05:16:08,1783833368,R_75,52923.5936,-1,1.5608999999967637,BACKFILL_AUTO
2026-07-12 05:16:10,1783833370,R_75,52926.4577,1,2.8640999999988708,BACKFILL_AUTO
2026-07-12 05:16:12,1783833372,R_75,52931.758,1,5.300300000002608,BACKFILL_AUTO
2026-07-12 05:16:14,1783833374,R_75,52930.8506,-1,0.9074000000036904,BACKFILL_AUTO
2026-07-12 05:16:16,1783833376,R_75,52930.6973,-1,0.1532999999981257,BACKFILL_AUTO
2026-07-12 05:16:18,1783833378,R_75,52925.7405,-1,4.95679999999993,BACKFILL_AUTO
2026-07-12 05:16:20,1783833380,R_75,52934.9335,1,9.192999999999302,BACKFILL_AUTO
2026-07-12 05:16:22,1783833382,R_75,52921.5912,-1,13.342299999996612,BACKFILL_AUTO
2026-07-12 05:16:24,1783833384,R_75,52915.6272,-1,5.963999999999942,BACKFILL_AUTO
2026-07-12 05:16:26,1783833386,R_75,52929.9075,1,14.280299999998533,BACKFILL_AUTO
2026-07-12 05:16:28,1783833388,R_75,52929.292,-1,0.6154999999998836,BACKFILL_AUTO
2026-07-12 05:16:30,1783833390,R_75,52937.4646,1,8.172599999998056,BACKFILL_AUTO
2026-07-12 05:16:32,1783833392,R_75,52924.4882,-1,12.976399999999558,BACKFILL_AUTO
2026-07-12 05:16:34,1783833394,R_75,52923.5318,-1,0.956400000002759,BACKFILL_AUTO
2026-07-12 05:16:36,1783833396,R_75,52912.3653,-1,11.16649999999936,BACKFILL_AUTO
2026-07-12 05:16:38,1783833398,R_75,52897.6665,-1,14.6987999999983,BACKFILL_AUTO
2026-07-12 05:16:40,1783833400,R_75,52901.0145,1,3.3479999999981374,BACKFILL_AUTO
2026-07-12 05:16:42,1783833402,R_75,52902.8708,1,1.8562999999994645,BACKFILL_AUTO
2026-07-12 05:16:44,1783833404,R_75,52899.6601,-1,3.2106999999959953,BACKFILL_AUTO
2026-07-12 05:16:46,1783833406,R_75,52889.7325,-1,9.927600000002712,BACKFILL_AUTO
2026-07-12 05:16:48,1783833408,R_75,52909.9817,1,20.249199999998382,BACKFILL_AUTO
2026-07-12 05:16:50,1783833410,R_75,52907.4423,-1,2.5393999999942025,BACKFILL_AUTO
2026-07-12 05:16:52,1783833412,R_75,52893.8762,-1,13.566100000003644,BACKFILL_AUTO
2026-07-12 05:16:54,1783833414,R_75,52895.2068,1,1.3306000000011409,BACKFILL_AUTO
2026-07-12 05:16:56,1783833416,R_75,52875.9859,-1,19.220900000000256,BACKFILL_AUTO
2026-07-12 05:16:58,1783833418,R_75,52878.8488,1,2.8629000000000815,BACKFILL_AUTO
2026-07-12 05:17:00,1783833420,R_75,52876.8209,-1,2.0279000000009546,BACKFILL_AUTO
2026-07-12 05:17:02,1783833422,R_75,52876.3127,-1,0.5081999999965774,BACKFILL_AUTO
2026-07-12 05:17:04,1783833424,R_75,52899.418,1,23.105299999995623,BACKFILL_AUTO
2026-07-12 05:17:06,1783833426,R_75,52889.1771,-1,10.240899999997055,BACKFILL_AUTO
2026-07-12 05:17:08,1783833428,R_75,52905.646,1,16.46889999999985,BACKFILL_AUTO
2026-07-12 05:17:10,1783833430,R_75,52899.5744,-1,6.071600000002945,BACKFILL_AUTO
2026-07-12 05:17:12,1783833432,R_75,52879.6226,-1,19.951799999995274,BACKFILL_AUTO
2026-07-12 05:17:14,1783833434,R_75,52874.8981,-1,4.7245000000039,BACKFILL_AUTO
2026-07-12 05:17:16,1783833436,R_75,52880.4114,1,5.513299999998708,BACKFILL_AUTO
2026-07-12 05:17:18,1783833438,R_75,52885.467,1,5.055599999999686,BACKFILL_AUTO
2026-07-12 05:17:20,1783833440,R_75,52878.4182,-1,7.048799999996845,BACKFILL_AUTO
2026-07-12 05:17:22,1783833442,R_75,52868.3802,-1,10.038000000000466,BACKFILL_AUTO
2026-07-12 05:17:24,1783833444,R_75,52863.1668,-1,5.213400000000547,BACKFILL_AUTO
2026-07-12 05:17:26,1783833446,R_75,52863.0049,-1,0.16189999999915017,BACKFILL_AUTO
2026-07-12 05:17:28,1783833448,R_75,52861.9171,-1,1.0878000000011525,BACKFILL_AUTO
2026-07-12 05:17:30,1783833450,R_75,52850.1215,-1,11.795599999997648,BACKFILL_AUTO
2026-07-12 05:17:32,1783833452,R_75,52847.4669,-1,2.6546000000016647,BACKFILL_AUTO
2026-07-12 05:17:34,1783833454,R_75,52853.5076,1,6.0406999999977415,BACKFILL_AUTO
2026-07-12 05:17:36,1783833456,R_75,52862.4048,1,8.89719999999943,BACKFILL_AUTO
2026-07-12 05:17:38,1783833458,R_75,52852.0991,-1,10.30569999999716,BACKFILL_AUTO
2026-07-12 05:17:40,1783833460,R_75,52854.3137,1,2.2145999999993364,BACKFILL_AUTO
2026-07-12 05:17:42,1783833462,R_75,52862.6858,1,8.3721000000005,BACKFILL_AUTO
2026-07-12 05:17:44,1783833464,R_75,52864.0022,1,1.3164000000033411,BACKFILL_AUTO
2026-07-12 05:17:46,1783833466,R_75,52872.1064,1,8.104199999994307,BACKFILL_AUTO
2026-07-12 05:17:48,1783833468,R_75,52877.5273,1,5.420900000004622,BACKFILL_AUTO
2026-07-12 05:17:50,1783833470,R_75,52864.5239,-1,13.00340000000142,BACKFILL_AUTO
2026-07-12 05:17:52,1783833472,R_75,52870.7771,1,6.253199999999197,BACKFILL_AUTO
2026-07-12 05:17:54,1783833474,R_75,52877.9787,1,7.201600000000326,BACKFILL_AUTO
2026-07-12 05:17:56,1783833476,R_75,52881.5514,1,3.572699999996985,BACKFILL_AUTO
2026-07-12 05:17:58,1783833478,R_75,52875.005,-1,6.546399999999267,BACKFILL_AUTO
2026-07-12 05:18:00,1783833480,R_75,52871.1616,-1,3.843399999997928,BACKFILL_AUTO
2026-07-12 05:18:02,1783833482,R_75,52864.8972,-1,6.264400000000023,BACKFILL_AUTO
2026-07-12 05:18:04,1783833484,R_75,52879.4291,1,14.53190000000177,BACKFILL_AUTO
2026-07-12 05:18:06,1783833486,R_75,52879.0103,-1,0.4187999999994645,BACKFILL_AUTO
2026-07-12 05:18:08,1783833488,R_75,52875.1045,-1,3.905800000000454,BACKFILL_AUTO
2026-07-12 05:18:10,1783833490,R_75,52863.952,-1,11.152500000003783,BACKFILL_AUTO
2026-07-12 05:18:12,1783833492,R_75,52866.8465,1,2.8945000000021537,BACKFILL_AUTO
2026-07-12 05:18:14,1783833494,R_75,52874.8273,1,7.980799999997544,BACKFILL_AUTO
2026-07-12 05:18:16,1783833496,R_75,52869.9577,-1,4.869599999998172,BACKFILL_AUTO
2026-07-12 05:18:18,1783833498,R_75,52874.915,1,4.957300000001851,BACKFILL_AUTO
2026-07-12 05:18:20,1783833500,R_75,52877.0612,1,2.146199999995588,BACKFILL_AUTO
2026-07-12 05:18:22,1783833502,R_75,52890.7554,1,13.694200000005367,BACKFILL_AUTO
2026-07-12 05:18:24,1783833504,R_75,52883.8288,-1,6.926599999998871,BACKFILL_AUTO
2026-07-12 05:18:26,1783833506,R_75,52885.0957,1,1.2668999999950756,BACKFILL_AUTO
2026-07-12 05:18:28,1783833508,R_75,52895.8662,1,10.77049999999872,BACKFILL_AUTO
2026-07-12 05:18:30,1783833510,R_75,52885.3434,-1,10.522799999998824,BACKFILL_AUTO
2026-07-12 05:18:32,1783833512,R_75,52889.0383,1,3.694900000002235,BACKFILL_AUTO
2026-07-12 05:18:34,1783833514,R_75,52901.5739,1,12.535600000002887,BACKFILL_AUTO
2026-07-12 05:18:36,1783833516,R_75,52901.6935,1,0.11959999999817228,BACKFILL_AUTO
2026-07-12 05:18:38,1783833518,R_75,52890.5482,-1,11.145300000003772,BACKFILL_AUTO
2026-07-12 05:18:40,1783833520,R_75,52880.607,-1,9.941199999993842,BACKFILL_AUTO
2026-07-12 05:18:42,1783833522,R_75,52868.4647,-1,12.142300000006799,BACKFILL_AUTO
2026-07-12 05:18:44,1783833524,R_75,52875.1359,1,6.671200000004319,BACKFILL_AUTO
2026-07-12 05:18:46,1783833526,R_75,52871.138,-1,3.9979000000021188,BACKFILL_AUTO
2026-07-12 05:18:48,1783833528,R_75,52863.0109,-1,8.127099999997881,BACKFILL_AUTO
2026-07-12 05:18:50,1783833530,R_75,52864.5609,1,1.5499999999956344,BACKFILL_AUTO
2026-07-12 05:18:52,1783833532,R_75,52871.9231,1,7.362200000003213,BACKFILL_AUTO
2026-07-12 05:18:54,1783833534,R_75,52879.8967,1,7.973599999997532,BACKFILL_AUTO
2026-07-12 05:18:56,1783833536,R_75,52894.0695,1,14.17280000000028,BACKFILL_AUTO
2026-07-12 05:18:58,1783833538,R_75,52904.8398,1,10.770300000003772,BACKFILL_AUTO
2026-07-12 05:19:00,1783833540,R_75,52892.3701,-1,12.469700000001467,BACKFILL_AUTO
2026-07-12 05:19:02,1783833542,R_75,52910.2925,1,17.92240000000311,BACKFILL_AUTO
2026-07-12 05:19:04,1783833544,R_75,52913.5645,1,3.271999999997206,BACKFILL_AUTO
2026-07-12 05:19:06,1783833546,R_75,52924.7136,1,11.149100000002363,BACKFILL_AUTO
2026-07-12 05:19:08,1783833548,R_75,52935.0018,1,10.288199999995413,BACKFILL_AUTO
2026-07-12 05:19:10,1783833550,R_75,52936.4326,1,1.4308000000019092,BACKFILL_AUTO
2026-07-12 05:19:12,1783833552,R_75,52947.5162,1,11.083599999998114,BACKFILL_AUTO
2026-07-12 05:19:14,1783833554,R_75,52948.0502,1,0.5339999999996508,BACKFILL_AUTO
2026-07-12 05:19:16,1783833556,R_75,52941.3215,-1,6.728699999999662,BACKFILL_AUTO
2026-07-12 05:19:18,1783833558,R_75,52944.6043,1,3.2828000000008615,BACKFILL_AUTO
2026-07-12 05:19:20,1783833560,R_75,52929.5374,-1,15.066899999997986,BACKFILL_AUTO
2026-07-12 05:19:22,1783833562,R_75,52929.2921,-1,0.24530000000231666,BACKFILL_AUTO
2026-07-12 05:19:24,1783833564,R_75,52946.3152,1,17.02309999999852,BACKFILL_AUTO
2026-07-12 05:19:26,1783833566,R_75,52949.1642,1,2.849000000001979,BACKFILL_AUTO
2026-07-12 05:19:28,1783833568,R_75,52929.0376,-1,20.12659999999596,BACKFILL_AUTO
2026-07-12 05:19:30,1783833570,R_75,52933.5016,1,4.463999999999942,BACKFILL_AUTO
2026-07-12 05:19:32,1783833572,R_75,52931.5403,-1,1.961300000002666,BACKFILL_AUTO
2026-07-12 05:19:34,1783833574,R_75,52925.0448,-1,6.495499999997264,BACKFILL_AUTO
2026-07-12 05:19:36,1783833576,R_75,52911.5749,-1,13.46990000000369,BACKFILL_AUTO
2026-07-12 05:19:38,1783833578,R_75,52906.2682,-1,5.306700000001001,BACKFILL_AUTO
2026-07-12 05:19:40,1783833580,R_75,52906.4996,1,0.23140000000421423,BACKFILL_AUTO
2026-07-12 05:19:42,1783833582,R_75,52890.4349,-1,16.06470000000263,BACKFILL_AUTO
2026-07-12 05:19:44,1783833584,R_75,52884.6589,-1,5.775999999998021,BACKFILL_AUTO
2026-07-12 05:19:46,1783833586,R_75,52877.3507,-1,7.308199999999488,BACKFILL_AUTO
2026-07-12 05:19:48,1783833588,R_75,52869.4717,-1,7.879000000000815,BACKFILL_AUTO
2026-07-12 05:19:50,1783833590,R_75,52850.572,-1,18.899700000001758,BACKFILL_AUTO
2026-07-12 05:19:52,1783833592,R_75,52850.7103,1,0.1382999999987078,BACKFILL_AUTO
2026-07-12 05:19:54,1783833594,R_75,52839.5155,-1,11.194799999997485,BACKFILL_AUTO
2026-07-12 05:19:56,1783833596,R_75,52842.4325,1,2.9170000000012806,BACKFILL_AUTO
2026-07-12 05:19:58,1783833598,R_75,52842.1586,-1,0.2739000000001397,BACKFILL_AUTO
2026-07-12 05:20:00,1783833600,R_75,52865.1504,1,22.991799999996147,BACKFILL_AUTO
2026-07-12 05:20:02,1783833602,R_75,52859.1266,-1,6.02379999999539,BACKFILL_AUTO
2026-07-12 05:20:04,1783833604,R_75,52846.1638,-1,12.962800000001153,BACKFILL_AUTO
2026-07-12 05:20:06,1783833606,R_75,52846.3674,1,0.20360000000073342,BACKFILL_AUTO
2026-07-12 05:20:08,1783833608,R_75,52832.5186,-1,13.848799999999756,BACKFILL_AUTO
2026-07-12 05:20:10,1783833610,R_75,52838.6855,1,6.166899999996531,BACKFILL_AUTO
2026-07-12 05:20:12,1783833612,R_75,52825.9023,-1,12.783199999998033,BACKFILL_AUTO
2026-07-12 05:20:14,1783833614,R_75,52817.9929,-1,7.909400000004098,BACKFILL_AUTO
2026-07-12 05:20:16,1783833616,R_75,52808.3126,-1,9.680299999999988,BACKFILL_AUTO
2026-07-12 05:20:18,1783833618,R_75,52809.4708,1,1.1582000000053085,BACKFILL_AUTO
2026-07-12 05:20:20,1783833620,R_75,52812.2383,1,2.7674999999944703,BACKFILL_AUTO
2026-07-12 05:20:22,1783833622,R_75,52822.5567,1,10.318400000003749,BACKFILL_AUTO
2026-07-12 05:20:24,1783833624,R_75,52824.2941,1,1.7373999999981606,BACKFILL_AUTO
2026-07-12 05:20:26,1783833626,R_75,52839.8159,1,15.521800000002258,BACKFILL_AUTO
2026-07-12 05:20:28,1783833628,R_75,52831.8469,-1,7.969000000004598,BACKFILL_AUTO
2026-07-12 05:20:30,1783833630,R_75,52828.6879,-1,3.1589999999996508,BACKFILL_AUTO
2026-07-12 05:20:32,1783833632,R_75,52827.4592,-1,1.2286999999996624,BACKFILL_AUTO
2026-07-12 05:20:34,1783833634,R_75,52819.9128,-1,7.546399999999267,BACKFILL_AUTO
2026-07-12 05:20:36,1783833636,R_75,52815.8104,-1,4.102399999996123,BACKFILL_AUTO
2026-07-12 05:20:38,1783833638,R_75,52798.8687,-1,16.94170000000304,BACKFILL_AUTO
2026-07-12 05:20:40,1783833640,R_75,52796.5594,-1,2.3093000000008033,BACKFILL_AUTO
2026-07-12 05:20:42,1783833642,R_75,52787.7715,-1,8.787899999995716,BACKFILL_AUTO
2026-07-12 05:20:44,1783833644,R_75,52802.0991,1,14.327599999996892,BACKFILL_AUTO
2026-07-12 05:20:46,1783833646,R_75,52776.0495,-1,26.049599999998463,BACKFILL_AUTO
2026-07-12 05:20:48,1783833648,R_75,52773.3831,-1,2.666400000001886,BACKFILL_AUTO
2026-07-12 05:20:50,1783833650,R_75,52774.9951,1,1.6120000000009895,BACKFILL_AUTO
2026-07-12 05:20:52,1783833652,R_75,52781.5461,1,6.550999999999476,BACKFILL_AUTO
2026-07-12 05:20:54,1783833654,R_75,52788.0328,1,6.486700000001292,BACKFILL_AUTO
2026-07-12 05:20:56,1783833656,R_75,52776.413,-1,11.619800000000396,BACKFILL_AUTO
2026-07-12 05:20:58,1783833658,R_75,52774.8676,-1,1.5454000000027008,BACKFILL_AUTO
2026-07-12 05:21:00,1783833660,R_75,52750.7164,-1,24.151200000000244,BACKFILL_AUTO
2026-07-12 05:21:02,1783833662,R_75,52755.4669,1,4.750500000001921,BACKFILL_AUTO
2026-07-12 05:21:04,1783833664,R_75,52749.1507,-1,6.316200000001118,BACKFILL_AUTO
2026-07-12 05:21:06,1783833666,R_75,52756.9183,1,7.76759999999922,BACKFILL_AUTO
2026-07-12 05:21:08,1783833668,R_75,52772.456,1,15.537700000000768,BACKFILL_AUTO
2026-07-12 05:21:10,1783833670,R_75,52774.3042,1,1.8482000000003609,BACKFILL_AUTO
2026-07-12 05:21:12,1783833672,R_75,52788.0509,1,13.74670000000333,BACKFILL_AUTO
2026-07-12 05:21:14,1783833674,R_75,52796.1686,1,8.117699999995239,BACKFILL_AUTO
2026-07-12 05:21:16,1783833676,R_75,52786.9756,-1,9.192999999999302,BACKFILL_AUTO
2026-07-12 05:21:18,1783833678,R_75,52782.8191,-1,4.1564999999973224,BACKFILL_AUTO
2026-07-12 05:21:20,1783833680,R_75,52793.6703,1,10.851199999997334,BACKFILL_AUTO
2026-07-12 05:21:22,1783833682,R_75,52801.1804,1,7.510099999999511,BACKFILL_AUTO
2026-07-12 05:21:24,1783833684,R_75,52797.1253,-1,4.055099999997765,BACKFILL_AUTO
2026-07-12 05:21:26,1783833686,R_75,52795.5749,-1,1.5504000000000815,BACKFILL_AUTO
2026-07-12 05:21:28,1783833688,R_75,52789.8444,-1,5.730499999997846,BACKFILL_AUTO
2026-07-12 05:21:30,1783833690,R_75,52783.8163,-1,6.028100000003178,BACKFILL_AUTO
2026-07-12 05:21:32,1783833692,R_75,52763.0885,-1,20.72780000000057,BACKFILL_AUTO
2026-07-12 05:21:34,1783833694,R_75,52761.9431,-1,1.1454000000012456,BACKFILL_AUTO
2026-07-12 05:21:36,1783833696,R_75,52749.5372,-1,12.405899999997928,BACKFILL_AUTO
2026-07-12 05:21:38,1783833698,R_75,52732.1627,-1,17.37449999999808,BACKFILL_AUTO
2026-07-12 05:21:40,1783833700,R_75,52749.1404,1,16.97769999999582,BACKFILL_AUTO
2026-07-12 05:21:42,1783833702,R_75,52736.6068,-1,12.533599999995204,BACKFILL_AUTO
2026-07-12 05:21:44,1783833704,R_75,52747.123,1,10.516199999998207,BACKFILL_AUTO
2026-07-12 05:21:46,1783833706,R_75,52756.891,1,9.768000000003667,BACKFILL_AUTO
2026-07-12 05:21:48,1783833708,R_75,52752.4612,-1,4.4298000000053435,BACKFILL_AUTO
2026-07-12 05:21:50,1783833710,R_75,52745.2339,-1,7.22729999999865,BACKFILL_AUTO
2026-07-12 05:21:52,1783833712,R_75,52725.7522,-1,19.481699999996636,BACKFILL_AUTO
2026-07-12 05:21:54,1783833714,R_75,52724.7294,-1,1.0228000000061002,BACKFILL_AUTO
2026-07-12 05:21:56,1783833716,R_75,52729.9237,1,5.1943000000028405,BACKFILL_AUTO
2026-07-12 05:21:58,1783833718,R_75,52736.1492,1,6.225500000000466,BACKFILL_AUTO
2026-07-12 05:22:00,1783833720,R_75,52746.517,1,10.367799999999988,BACKFILL_AUTO
2026-07-12 05:22:02,1783833722,R_75,52760.1539,1,13.636899999997695,BACKFILL_AUTO
2026-07-12 05:22:04,1783833724,R_75,52784.1998,1,24.04590000000462,BACKFILL_AUTO
2026-07-12 05:22:06,1783833726,R_75,52763.4806,-1,20.719199999999546,BACKFILL_AUTO
2026-07-12 05:22:08,1783833728,R_75,52766.7849,1,3.3042999999961467,BACKFILL_AUTO
2026-07-12 05:22:10,1783833730,R_75,52754.1655,-1,12.619399999995949,BACKFILL_AUTO
2026-07-12 05:22:12,1783833732,R_75,52756.2375,1,2.0720000000001164,BACKFILL_AUTO
2026-07-12 05:22:14,1783833734,R_75,52753.1714,-1,3.066100000003644,BACKFILL_AUTO
2026-07-12 05:22:16,1783833736,R_75,52762.8374,1,9.665999999997439,BACKFILL_AUTO
2026-07-12 05:22:18,1783833738,R_75,52763.5257,1,0.6883000000016182,BACKFILL_AUTO
2026-07-12 05:22:20,1783833740,R_75,52761.0176,-1,2.5080999999991036,BACKFILL_AUTO
2026-07-12 05:22:22,1783833742,R_75,52747.8615,-1,13.156100000000151,BACKFILL_AUTO
2026-07-12 05:22:24,1783833744,R_75,52750.5019,1,2.640400000003865,BACKFILL_AUTO
2026-07-12 05:22:26,1783833746,R_75,52758.52,1,8.018099999993865,BACKFILL_AUTO
2026-07-12 05:22:28,1783833748,R_75,52765.8928,1,7.372800000004645,BACKFILL_AUTO
2026-07-12 05:22:30,1783833750,R_75,52754.4964,-1,11.396399999997811,BACKFILL_AUTO
2026-07-12 05:22:32,1783833752,R_75,52755.9672,1,1.4707999999955064,BACKFILL_AUTO
2026-07-12 05:22:34,1783833754,R_75,52743.0125,-1,12.954700000002049,BACKFILL_AUTO
2026-07-12 05:22:36,1783833756,R_75,52750.3343,1,7.321800000005169,BACKFILL_AUTO
2026-07-12 05:22:38,1783833758,R_75,52770.7154,1,20.381099999998696,BACKFILL_AUTO
2026-07-12 05:22:40,1783833760,R_75,52783.8336,1,13.11819999999716,BACKFILL_AUTO
2026-07-12 05:22:42,1783833762,R_75,52783.6317,-1,0.20190000000002328,BACKFILL_AUTO
2026-07-12 05:22:44,1783833764,R_75,52785.3799,1,1.748200000001816,BACKFILL_AUTO
2026-07-12 05:22:46,1783833766,R_75,52785.2238,-1,0.15610000000015134,BACKFILL_AUTO
2026-07-12 05:22:48,1783833768,R_75,52783.1109,-1,2.1129000000000815,BACKFILL_AUTO
2026-07-12 05:22:50,1783833770,R_75,52769.442,-1,13.668899999996938,BACKFILL_AUTO
2026-07-12 05:22:52,1783833772,R_75,52765.962,-1,3.4800000000032014,BACKFILL_AUTO
2026-07-12 05:22:54,1783833774,R_75,52755.4398,-1,10.52219999999943,BACKFILL_AUTO
2026-07-12 05:22:56,1783833776,R_75,52763.4861,1,8.046300000001793,BACKFILL_AUTO
2026-07-12 05:22:58,1783833778,R_75,52771.2195,1,7.733399999997346,BACKFILL_AUTO
2026-07-12 05:23:00,1783833780,R_75,52757.773,-1,13.446499999998196,BACKFILL_AUTO
2026-07-12 05:23:02,1783833782,R_75,52775.7047,1,17.931700000001,BACKFILL_AUTO
2026-07-12 05:23:04,1783833784,R_75,52786.1281,1,10.423399999999674,BACKFILL_AUTO
2026-07-12 05:23:06,1783833786,R_75,52788.0538,1,1.9256999999997788,BACKFILL_AUTO
2026-07-12 05:23:08,1783833788,R_75,52775.7058,-1,12.347999999998137,BACKFILL_AUTO
2026-07-12 05:23:10,1783833790,R_75,52791.6735,1,15.967699999993783,BACKFILL_AUTO
2026-07-12 05:23:12,1783833792,R_75,52787.1779,-1,4.495599999994738,BACKFILL_AUTO
2026-07-12 05:23:14,1783833794,R_75,52787.4247,1,0.24680000000080327,BACKFILL_AUTO
2026-07-12 05:23:16,1783833796,R_75,52775.3224,-1,12.102300000005926,BACKFILL_AUTO
2026-07-12 05:23:18,1783833798,R_75,52781.099,1,5.7766000000046915,BACKFILL_AUTO
2026-07-12 05:23:20,1783833800,R_75,52771.524,-1,9.575000000004366,BACKFILL_AUTO
2026-07-12 05:23:22,1783833802,R_75,52758.2663,-1,13.257699999994657,BACKFILL_AUTO
2026-07-12 05:23:24,1783833804,R_75,52758.9683,1,0.7019999999974971,BACKFILL_AUTO
2026-07-12 05:23:26,1783833806,R_75,52759.259,1,0.29069999999774154,BACKFILL_AUTO
2026-07-12 05:23:28,1783833808,R_75,52775.7544,1,16.49539999999979,BACKFILL_AUTO
2026-07-12 05:23:30,1783833810,R_75,52795.3726,1,19.618200000004435,BACKFILL_AUTO
2026-07-12 05:23:32,1783833812,R_75,52802.266,1,6.893400000000838,BACKFILL_AUTO
2026-07-12 05:23:34,1783833814,R_75,52797.841,-1,4.42500000000291,BACKFILL_AUTO
2026-07-12 05:23:36,1783833816,R_75,52791.0822,-1,6.758800000003248,BACKFILL_AUTO
2026-07-12 05:23:38,1783833818,R_75,52781.6848,-1,9.397399999994377,BACKFILL_AUTO
2026-07-12 05:23:40,1783833820,R_75,52770.1435,-1,11.541300000004412,BACKFILL_AUTO
2026-07-12 05:23:42,1783833822,R_75,52780.8063,1,10.662799999998242,BACKFILL_AUTO
2026-07-12 05:23:44,1783833824,R_75,52763.8534,-1,16.95289999999659,BACKFILL_AUTO
2026-07-12 05:23:46,1783833826,R_75,52768.1061,1,4.252699999997276,BACKFILL_AUTO
2026-07-12 05:23:48,1783833828,R_75,52761.7422,-1,6.363899999996647,BACKFILL_AUTO
2026-07-12 05:23:50,1783833830,R_75,52748.8996,-1,12.842600000003586,BACKFILL_AUTO
2026-07-12 05:23:52,1783833832,R_75,52747.7285,-1,1.1710999999995693,BACKFILL_AUTO
2026-07-12 05:23:54,1783833834,R_75,52726.5385,-1,21.189999999995052,BACKFILL_AUTO
2026-07-12 05:23:56,1783833836,R_75,52718.6585,-1,7.880000000004657,BACKFILL_AUTO
2026-07-12 05:23:58,1783833838,R_75,52725.7182,1,7.05970000000525,BACKFILL_AUTO
2026-07-12 05:24:00,1783833840,R_75,52719.2414,-1,6.476800000004005,BACKFILL_AUTO
2026-07-12 05:24:02,1783833842,R_75,52720.8511,1,1.6097000000008848,BACKFILL_AUTO
2026-07-12 05:24:04,1783833844,R_75,52721.0318,1,0.18069999999715947,BACKFILL_AUTO
2026-07-12 05:24:06,1783833846,R_75,52717.4446,-1,3.587199999994482,BACKFILL_AUTO
2026-07-12 05:24:08,1783833848,R_75,52708.6444,-1,8.800200000005134,BACKFILL_AUTO
2026-07-12 05:24:10,1783833850,R_75,52703.4747,-1,5.1696999999985565,BACKFILL_AUTO
2026-07-12 05:24:12,1783833852,R_75,52685.5021,-1,17.972600000000966,BACKFILL_AUTO
2026-07-12 05:24:14,1783833854,R_75,52684.296,-1,1.2060999999957858,BACKFILL_AUTO
2026-07-12 05:24:16,1783833856,R_75,52676.1038,-1,8.19220000000496,BACKFILL_AUTO
2026-07-12 05:24:18,1783833858,R_75,52668.6817,-1,7.422099999996135,BACKFILL_AUTO
2026-07-12 05:24:20,1783833860,R_75,52676.3428,1,7.661099999997532,BACKFILL_AUTO
2026-07-12 05:24:22,1783833862,R_75,52681.6134,1,5.270600000003469,BACKFILL_AUTO
2026-07-12 05:24:24,1783833864,R_75,52677.6203,-1,3.9930999999996857,BACKFILL_AUTO
2026-07-12 05:24:26,1783833866,R_75,52685.8529,1,8.232599999995728,BACKFILL_AUTO
2026-07-12 05:24:28,1783833868,R_75,52683.5292,-1,2.3237000000008265,BACKFILL_AUTO
2026-07-12 05:24:30,1783833870,R_75,52679.8422,-1,3.686999999998079,BACKFILL_AUTO
2026-07-12 05:24:32,1783833872,R_75,52687.9441,1,8.101900000001478,BACKFILL_AUTO
2026-07-12 05:24:34,1783833874,R_75,52686.0934,-1,1.8507000000026892,BACKFILL_AUTO
2026-07-12 05:24:36,1783833876,R_75,52669.039,-1,17.054400000000896,BACKFILL_AUTO
2026-07-12 05:24:38,1783833878,R_75,52666.7927,-1,2.2462999999988824,BACKFILL_AUTO
2026-07-12 05:24:40,1783833880,R_75,52661.8443,-1,4.948400000001129,BACKFILL_AUTO
2026-07-12 05:24:42,1783833882,R_75,52666.4575,1,4.613199999999779,BACKFILL_AUTO
2026-07-12 05:24:44,1783833884,R_75,52672.4293,1,5.971800000006624,BACKFILL_AUTO
2026-07-12 05:24:46,1783833886,R_75,52677.5269,1,5.09759999999369,BACKFILL_AUTO
2026-07-12 05:24:48,1783833888,R_75,52666.9807,-1,10.546199999997043,BACKFILL_AUTO
2026-07-12 05:24:50,1783833890,R_75,52664.5714,-1,2.409299999999348,BACKFILL_AUTO
2026-07-12 05:24:52,1783833892,R_75,52669.7987,1,5.22729999999865,BACKFILL_AUTO
2026-07-12 05:24:54,1783833894,R_75,52667.0872,-1,2.7114999999976135,BACKFILL_AUTO
2026-07-12 05:24:56,1783833896,R_75,52673.2918,1,6.204599999997299,BACKFILL_AUTO
2026-07-12 05:24:58,1783833898,R_75,52688.0516,1,14.759799999999814,BACKFILL_AUTO
2026-07-12 05:25:00,1783833900,R_75,52690.8644,1,2.8127999999996973,BACKFILL_AUTO
2026-07-12 05:25:02,1783833902,R_75,52691.1931,1,0.3286999999982072,BACKFILL_AUTO
2026-07-12 05:25:04,1783833904,R_75,52696.4985,1,5.305400000004738,BACKFILL_AUTO
2026-07-12 05:25:06,1783833906,R_75,52692.4942,-1,4.004300000000512,BACKFILL_AUTO
2026-07-12 05:25:08,1783833908,R_75,52685.4153,-1,7.078900000000431,BACKFILL_AUTO
2026-07-12 05:25:10,1783833910,R_75,52677.3453,-1,8.069999999999709,BACKFILL_AUTO
2026-07-12 05:25:12,1783833912,R_75,52671.6756,-1,5.6696999999985565,BACKFILL_AUTO
2026-07-12 05:25:14,1783833914,R_75,52666.0164,-1,5.659200000001874,BACKFILL_AUTO
2026-07-12 05:25:16,1783833916,R_75,52671.4166,1,5.400199999996403,BACKFILL_AUTO
2026-07-12 05:25:18,1783833918,R_75,52677.1567,1,5.7401000000027125,BACKFILL_AUTO
2026-07-12 05:25:20,1783833920,R_75,52673.7039,-1,3.4527999999991152,BACKFILL_AUTO
2026-07-12 05:25:22,1783833922,R_75,52679.7992,1,6.0953000000008615,BACKFILL_AUTO
2026-07-12 05:25:24,1783833924,R_75,52672.1579,-1,7.641300000002957,BACKFILL_AUTO
2026-07-12 05:25:26,1783833926,R_75,52658.529,-1,13.628899999996065,BACKFILL_AUTO
2026-07-12 05:25:28,1783833928,R_75,52642.2383,-1,16.290700000005018,BACKFILL_AUTO
2026-07-12 05:25:30,1783833930,R_75,52645.2136,1,2.975300000005518,BACKFILL_AUTO
2026-07-12 05:25:32,1783833932,R_75,52633.7223,-1,11.491300000001502,BACKFILL_AUTO
2026-07-12 05:25:34,1783833934,R_75,52624.303,-1,9.419300000001385,BACKFILL_AUTO
2026-07-12 05:25:36,1783833936,R_75,52618.015,-1,6.288000000000466,BACKFILL_AUTO
2026-07-12 05:25:38,1783833938,R_75,52618.4292,1,0.41419999999925494,BACKFILL_AUTO
2026-07-12 05:25:40,1783833940,R_75,52625.3753,1,6.9461000000010245,BACKFILL_AUTO
2026-07-12 05:25:42,1783833942,R_75,52619.5988,-1,5.776499999999942,BACKFILL_AUTO
2026-07-12 05:25:44,1783833944,R_75,52616.5133,-1,3.0855000000010477,BACKFILL_AUTO
2026-07-12 05:25:46,1783833946,R_75,52618.0096,1,1.4962999999988824,BACKFILL_AUTO
2026-07-12 05:25:48,1783833948,R_75,52613.7179,-1,4.291699999994307,BACKFILL_AUTO
2026-07-12 05:25:50,1783833950,R_75,52625.5584,1,11.840499999998428,BACKFILL_AUTO
2026-07-12 05:25:52,1783833952,R_75,52620.1843,-1,5.374100000000908,BACKFILL_AUTO
2026-07-12 05:25:54,1783833954,R_75,52632.064,1,11.879699999997683,BACKFILL_AUTO
2026-07-12 05:25:56,1783833956,R_75,52648.8539,1,16.7899000000034,BACKFILL_AUTO
2026-07-12 05:25:58,1783833958,R_75,52664.4155,1,15.561600000000908,BACKFILL_AUTO
2026-07-12 05:26:00,1783833960,R_75,52659.6709,-1,4.744600000005448,BACKFILL_AUTO
2026-07-12 05:26:02,1783833962,R_75,52658.396,-1,1.2748999999967054,BACKFILL_AUTO
2026-07-12 05:26:04,1783833964,R_75,52679.9813,1,21.585299999998824,BACKFILL_AUTO
2026-07-12 05:26:06,1783833966,R_75,52660.3513,-1,19.62999999999738,BACKFILL_AUTO
2026-07-12 05:26:08,1783833968,R_75,52664.9091,1,4.557799999995041,BACKFILL_AUTO
2026-07-12 05:26:10,1783833970,R_75,52676.8688,1,11.95969999999943,BACKFILL_AUTO
2026-07-12 05:26:12,1783833972,R_75,52680.1111,1,3.2423000000053435,BACKFILL_AUTO
2026-07-12 05:26:14,1783833974,R_75,52697.6846,1,17.573499999998603,BACKFILL_AUTO
2026-07-12 05:26:16,1783833976,R_75,52705.3456,1,7.661000000000058,BACKFILL_AUTO
2026-07-12 05:26:18,1783833978,R_75,52692.5644,-1,12.781199999997625,BACKFILL_AUTO
2026-07-12 05:26:20,1783833980,R_75,52699.4308,1,6.8663999999989755,BACKFILL_AUTO
2026-07-12 05:26:22,1783833982,R_75,52693.2713,-1,6.159500000001572,BACKFILL_AUTO
2026-07-12 05:26:24,1783833984,R_75,52682.6195,-1,10.65179999999964,BACKFILL_AUTO
2026-07-12 05:26:26,1783833986,R_75,52692.1819,1,9.562400000002526,BACKFILL_AUTO
2026-07-12 05:26:28,1783833988,R_75,52707.7726,1,15.590699999993376,BACKFILL_AUTO
2026-07-12 05:26:30,1783833990,R_75,52711.3271,1,3.554500000005646,BACKFILL_AUTO
2026-07-12 05:26:32,1783833992,R_75,52721.3818,1,10.054700000000594,BACKFILL_AUTO
2026-07-12 05:26:34,1783833994,R_75,52719.0499,-1,2.33190000000468,BACKFILL_AUTO
2026-07-12 05:26:36,1783833996,R_75,52740.8847,1,21.83480000000418,BACKFILL_AUTO
2026-07-12 05:26:38,1783833998,R_75,52743.1157,1,2.230999999999767,BACKFILL_AUTO
2026-07-12 05:26:40,1783834000,R_75,52753.3004,1,10.184699999997974,BACKFILL_AUTO
2026-07-12 05:26:42,1783834002,R_75,52765.099,1,11.798600000001898,BACKFILL_AUTO
2026-07-12 05:26:44,1783834004,R_75,52749.0375,-1,16.061500000003434,BACKFILL_AUTO
2026-07-12 05:26:46,1783834006,R_75,52747.592,-1,1.4455000000016298,BACKFILL_AUTO
2026-07-12 05:26:48,1783834008,R_75,52759.7136,1,12.121600000005856,BACKFILL_AUTO
2026-07-12 05:26:50,1783834010,R_75,52753.2865,-1,6.427100000000792,BACKFILL_AUTO
2026-07-12 05:26:52,1783834012,R_75,52742.8955,-1,10.39100000000326,BACKFILL_AUTO
2026-07-12 05:26:54,1783834014,R_75,52725.8788,-1,17.016700000000128,BACKFILL_AUTO
2026-07-12 05:26:56,1783834016,R_75,52721.9391,-1,3.939699999995355,BACKFILL_AUTO
2026-07-12 05:26:58,1783834018,R_75,52737.2143,1,15.275199999996403,BACKFILL_AUTO
2026-07-12 05:27:00,1783834020,R_75,52724.8199,-1,12.394399999997404,BACKFILL_AUTO
2026-07-12 05:27:02,1783834022,R_75,52739.7194,1,14.899499999999534,BACKFILL_AUTO
2026-07-12 05:27:04,1783834024,R_75,52755.0139,1,15.294499999996333,BACKFILL_AUTO
2026-07-12 05:27:06,1783834026,R_75,52757.4974,1,2.4835000000020955,BACKFILL_AUTO
2026-07-12 05:27:08,1783834028,R_75,52751.7617,-1,5.7356999999974505,BACKFILL_AUTO
2026-07-12 05:27:10,1783834030,R_75,52756.1244,1,4.362699999997858,BACKFILL_AUTO
2026-07-12 05:27:12,1783834032,R_75,52746.9978,-1,9.126600000003236,BACKFILL_AUTO
2026-07-12 05:27:14,1783834034,R_75,52743.9733,-1,3.0244999999995343,BACKFILL_AUTO
2026-07-12 05:27:16,1783834036,R_75,52761.907,1,17.93370000000141,BACKFILL_AUTO
2026-07-12 05:27:18,1783834038,R_75,52758.7979,-1,3.10910000000149,BACKFILL_AUTO
2026-07-12 05:27:20,1783834040,R_75,52775.2226,1,16.424700000003213,BACKFILL_AUTO
2026-07-12 05:27:22,1783834042,R_75,52776.6846,1,1.4619999999995343,BACKFILL_AUTO
2026-07-12 05:27:24,1783834044,R_75,52780.0063,1,3.321700000000419,BACKFILL_AUTO
2026-07-12 05:27:26,1783834046,R_75,52784.1322,1,4.125899999999092,BACKFILL_AUTO
2026-07-12 05:27:28,1783834048,R_75,52772.6204,-1,11.511800000000221,BACKFILL_AUTO
2026-07-12 05:27:30,1783834050,R_75,52775.5112,1,2.890800000001036,BACKFILL_AUTO
2026-07-12 05:27:32,1783834052,R_75,52774.7019,-1,0.8093000000008033,BACKFILL_AUTO
2026-07-12 05:27:34,1783834054,R_75,52770.7611,-1,3.9407999999966705,BACKFILL_AUTO
2026-07-12 05:27:36,1783834056,R_75,52756.8636,-1,13.897500000006403,BACKFILL_AUTO
2026-07-12 05:27:38,1783834058,R_75,52746.018,-1,10.845600000000559,BACKFILL_AUTO
2026-07-12 05:27:40,1783834060,R_75,52752.0003,1,5.982300000003306,BACKFILL_AUTO
2026-07-12 05:27:42,1783834062,R_75,52750.5506,-1,1.4496999999973923,BACKFILL_AUTO
2026-07-12 05:27:44,1783834064,R_75,52761.7399,1,11.189299999998184,BACKFILL_AUTO
2026-07-12 05:27:46,1783834066,R_75,52756.8397,-1,4.900200000003679,BACKFILL_AUTO
2026-07-12 05:27:48,1783834068,R_75,52754.4948,-1,2.3448999999964144,BACKFILL_AUTO
2026-07-12 05:27:50,1783834070,R_75,52751.919,-1,2.575799999998708,BACKFILL_AUTO
2026-07-12 05:27:52,1783834072,R_75,52739.19,-1,12.72899999999936,BACKFILL_AUTO
2026-07-12 05:27:54,1783834074,R_75,52744.9379,1,5.747899999994843,BACKFILL_AUTO
2026-07-12 05:27:56,1783834076,R_75,52740.9076,-1,4.030299999998533,BACKFILL_AUTO
2026-07-12 05:27:58,1783834078,R_75,52743.3831,1,2.4755000000004657,BACKFILL_AUTO
2026-07-12 05:28:00,1783834080,R_75,52743.2838,-1,0.09930000000167638,BACKFILL_AUTO
2026-07-12 05:28:02,1783834082,R_75,52740.1577,-1,3.1260999999940395,BACKFILL_AUTO
2026-07-12 05:28:04,1783834084,R_75,52745.1623,1,5.0046000000002095,BACKFILL_AUTO
2026-07-12 05:28:06,1783834086,R_75,52748.8061,1,3.6437999999980093,BACKFILL_AUTO
2026-07-12 05:28:08,1783834088,R_75,52752.6693,1,3.863199999999779,BACKFILL_AUTO
2026-07-12 05:28:10,1783834090,R_75,52746.1495,-1,6.519800000001851,BACKFILL_AUTO
2026-07-12 05:28:12,1783834092,R_75,52749.6156,1,3.466099999997823,BACKFILL_AUTO
2026-07-12 05:28:14,1783834094,R_75,52765.1808,1,15.565200000004552,BACKFILL_AUTO
2026-07-12 05:28:16,1783834096,R_75,52749.1027,-1,16.078099999998813,BACKFILL_AUTO
2026-07-12 05:28:18,1783834098,R_75,52752.2689,1,3.1661999999996624,BACKFILL_AUTO
2026-07-12 05:28:20,1783834100,R_75,52747.1985,-1,5.070400000004156,BACKFILL_AUTO
2026-07-12 05:28:22,1783834102,R_75,52756.3301,1,9.131600000000617,BACKFILL_AUTO
2026-07-12 05:28:24,1783834104,R_75,52756.1728,-1,0.15729999999894062,BACKFILL_AUTO
2026-07-12 05:28:26,1783834106,R_75,52755.7209,-1,0.4519000000000233,BACKFILL_AUTO
2026-07-12 05:28:28,1783834108,R_75,52757.17,1,1.4490999999979977,BACKFILL_AUTO
2026-07-12 05:28:30,1783834110,R_75,52763.6618,1,6.491800000003423,BACKFILL_AUTO
2026-07-12 05:28:32,1783834112,R_75,52766.5638,1,2.9020000000018626,BACKFILL_AUTO
2026-07-12 05:28:34,1783834114,R_75,52768.1985,1,1.634699999995064,BACKFILL_AUTO
2026-07-12 05:28:36,1783834116,R_75,52766.1973,-1,2.0011999999987893,BACKFILL_AUTO
2026-07-12 05:28:38,1783834118,R_75,52772.052,1,5.854700000003504,BACKFILL_AUTO
2026-07-12 05:28:40,1783834120,R_75,52765.2617,-1,6.79030000000057,BACKFILL_AUTO
2026-07-12 05:28:42,1783834122,R_75,52770.2327,1,4.97099999999773,BACKFILL_AUTO
2026-07-12 05:28:44,1783834124,R_75,52765.7285,-1,4.504200000003038,BACKFILL_AUTO
2026-07-12 05:28:46,1783834126,R_75,52752.9587,-1,12.769799999994575,BACKFILL_AUTO
2026-07-12 05:28:48,1783834128,R_75,52747.2565,-1,5.702199999999721,BACKFILL_AUTO
2026-07-12 05:28:50,1783834130,R_75,52749.4552,1,2.1986999999935506,BACKFILL_AUTO
2026-07-12 05:28:52,1783834132,R_75,52753.2209,1,3.7657000000035623,BACKFILL_AUTO
2026-07-12 05:28:54,1783834134,R_75,52769.6236,1,16.40269999999873,BACKFILL_AUTO
2026-07-12 05:28:56,1783834136,R_75,52765.9155,-1,3.708099999996193,BACKFILL_AUTO
2026-07-12 05:28:58,1783834138,R_75,52764.1831,-1,1.73240000000078,BACKFILL_AUTO
2026-07-12 05:29:00,1783834140,R_75,52774.5379,1,10.354800000000978,BACKFILL_AUTO
2026-07-12 05:29:02,1783834142,R_75,52761.4642,-1,13.073700000000827,BACKFILL_AUTO
2026-07-12 05:29:04,1783834144,R_75,52769.3215,1,7.85729999999603,BACKFILL_AUTO
2026-07-12 05:29:06,1783834146,R_75,52779.162,1,9.840499999998428,BACKFILL_AUTO
2026-07-12 05:29:08,1783834148,R_75,52788.2356,1,9.073600000003353,BACKFILL_AUTO
2026-07-12 05:29:10,1783834150,R_75,52795.8581,1,7.622499999997672,BACKFILL_AUTO
2026-07-12 05:29:12,1783834152,R_75,52808.3407,1,12.482600000003004,BACKFILL_AUTO
2026-07-12 05:29:14,1783834154,R_75,52805.6418,-1,2.69890000000305,BACKFILL_AUTO
2026-07-12 05:29:16,1783834156,R_75,52799.1042,-1,6.537599999996019,BACKFILL_AUTO
2026-07-12 05:29:18,1783834158,R_75,52801.5136,1,2.409399999996822,BACKFILL_AUTO
2026-07-12 05:29:20,1783834160,R_75,52813.8271,1,12.313500000003842,BACKFILL_AUTO
2026-07-12 05:29:22,1783834162,R_75,52815.237,1,1.4098999999987427,BACKFILL_AUTO
2026-07-12 05:29:24,1783834164,R_75,52808.2844,-1,6.952600000004168,BACKFILL_AUTO
2026-07-12 05:29:26,1783834166,R_75,52800.6034,-1,7.680999999996857,BACKFILL_AUTO
2026-07-12 05:29:28,1783834168,R_75,52801.3998,1,0.7963999999992666,BACKFILL_AUTO
2026-07-12 05:29:30,1783834170,R_75,52813.8706,1,12.470800000002782,BACKFILL_AUTO
2026-07-12 05:29:32,1783834172,R_75,52806.3973,-1,7.473300000005111,BACKFILL_AUTO
2026-07-12 05:29:34,1783834174,R_75,52805.0231,-1,1.3741999999983818,BACKFILL_AUTO
2026-07-12 05:29:36,1783834176,R_75,52794.5527,-1,10.470399999998335,BACKFILL_AUTO
2026-07-12 05:29:38,1783834178,R_75,52797.8245,1,3.2718000000022585,BACKFILL_AUTO
2026-07-12 05:29:40,1783834180,R_75,52792.1505,-1,5.673999999999069,BACKFILL_AUTO
2026-07-12 05:29:42,1783834182,R_75,52808.3606,1,16.2100999999966,BACKFILL_AUTO
2026-07-12 05:29:44,1783834184,R_75,52819.4641,1,11.103499999997439,BACKFILL_AUTO
2026-07-12 05:29:46,1783834186,R_75,52804.7673,-1,14.696799999997893,BACKFILL_AUTO
2026-07-12 05:29:48,1783834188,R_75,52791.7099,-1,13.05739999999787,BACKFILL_AUTO
2026-07-12 05:29:50,1783834190,R_75,52794.046,1,2.3361000000004424,BACKFILL_AUTO
2026-07-12 05:29:52,1783834192,R_75,52802.1836,1,8.137599999994563,BACKFILL_AUTO
2026-07-12 05:29:54,1783834194,R_75,52800.9804,-1,1.2031999999962864,BACKFILL_AUTO
2026-07-12 05:29:56,1783834196,R_75,52790.3888,-1,10.591599999999744,BACKFILL_AUTO
2026-07-12 05:29:58,1783834198,R_75,52784.8905,-1,5.49829999999929,BACKFILL_AUTO
2026-07-12 05:30:00,1783834200,R_75,52784.161,-1,0.7295000000012806,BACKFILL_AUTO
2026-07-12 05:30:02,1783834202,R_75,52789.2803,1,5.119299999998475,BACKFILL_AUTO
2026-07-12 05:30:04,1783834204,R_75,52790.0207,1,0.7404000000024098,BACKFILL_AUTO
2026-07-12 05:30:06,1783834206,R_75,52775.4364,-1,14.584300000002258,BACKFILL_AUTO
2026-07-12 05:30:08,1783834208,R_75,52778.2252,1,2.788800000002084,BACKFILL_AUTO
2026-07-12 05:30:10,1783834210,R_75,52783.5198,1,5.294600000001083,BACKFILL_AUTO
2026-07-12 05:30:12,1783834212,R_75,52778.2369,-1,5.282899999998335,BACKFILL_AUTO
2026-07-12 05:30:14,1783834214,R_75,52775.413,-1,2.82390000000305,BACKFILL_AUTO
2026-07-12 05:30:16,1783834216,R_75,52798.8255,1,23.412499999998545,BACKFILL_AUTO
2026-07-12 05:30:18,1783834218,R_75,52804.1548,1,5.329299999997602,BACKFILL_AUTO
2026-07-12 05:30:20,1783834220,R_75,52818.8866,1,14.731800000001385,BACKFILL_AUTO
2026-07-12 05:30:22,1783834222,R_75,52829.361,1,10.47439999999915,BACKFILL_AUTO
2026-07-12 05:30:24,1783834224,R_75,52843.3349,1,13.973900000004505,BACKFILL_AUTO
2026-07-12 05:30:26,1783834226,R_75,52827.6919,-1,15.643000000003667,BACKFILL_AUTO
2026-07-12 05:30:28,1783834228,R_75,52814.2178,-1,13.474099999999453,BACKFILL_AUTO
2026-07-12 05:30:30,1783834230,R_75,52819.3108,1,5.093000000000757,BACKFILL_AUTO
2026-07-12 05:30:32,1783834232,R_75,52824.4172,1,5.106400000004214,BACKFILL_AUTO
2026-07-12 05:30:34,1783834234,R_75,52800.9505,-1,23.466700000004494,BACKFILL_AUTO
2026-07-12 05:30:36,1783834236,R_75,52794.1385,-1,6.811999999998079,BACKFILL_AUTO
2026-07-12 05:30:38,1783834238,R_75,52813.2532,1,19.114699999998265,BACKFILL_AUTO
2026-07-12 05:30:40,1783834240,R_75,52798.1454,-1,15.107799999997951,BACKFILL_AUTO
2026-07-12 05:30:42,1783834242,R_75,52771.0255,-1,27.11989999999787,BACKFILL_AUTO
2026-07-12 05:30:44,1783834244,R_75,52774.4722,1,3.446699999993143,BACKFILL_AUTO
2026-07-12 05:30:46,1783834246,R_75,52769.6729,-1,4.799299999998766,BACKFILL_AUTO
2026-07-12 05:30:48,1783834248,R_75,52763.2474,-1,6.425499999997555,BACKFILL_AUTO
2026-07-12 05:30:50,1783834250,R_75,52760.1775,-1,3.069900000002235,BACKFILL_AUTO
2026-07-12 05:30:52,1783834252,R_75,52746.5464,-1,13.631099999998696,BACKFILL_AUTO
2026-07-12 05:30:54,1783834254,R_75,52743.2676,-1,3.2788000000000466,BACKFILL_AUTO
2026-07-12 05:30:56,1783834256,R_75,52735.1574,-1,8.110200000002806,BACKFILL_AUTO
2026-07-12 05:30:58,1783834258,R_75,52733.0169,-1,2.140499999994063,BACKFILL_AUTO
2026-07-12 05:31:00,1783834260,R_75,52752.1463,1,19.129399999997986,BACKFILL_AUTO
2026-07-12 05:31:02,1783834262,R_75,52750.9364,-1,1.209900000001653,BACKFILL_AUTO
2026-07-12 05:31:04,1783834264,R_75,52749.8514,-1,1.0849999999991269,BACKFILL_AUTO
2026-07-12 05:31:06,1783834266,R_75,52745.1891,-1,4.662299999996321,BACKFILL_AUTO
2026-07-12 05:31:08,1783834268,R_75,52759.4955,1,14.306399999994028,BACKFILL_AUTO
2026-07-12 05:31:10,1783834270,R_75,52765.4588,1,5.963300000003073,BACKFILL_AUTO
2026-07-12 05:31:12,1783834272,R_75,52790.0997,1,24.64089999999851,BACKFILL_AUTO
2026-07-12 05:31:14,1783834274,R_75,52817.8567,1,27.756999999997788,BACKFILL_AUTO
2026-07-12 05:31:16,1783834276,R_75,52819.7655,1,1.9088000000047032,BACKFILL_AUTO
2026-07-12 05:31:18,1783834278,R_75,52816.7401,-1,3.0253999999986263,BACKFILL_AUTO
2026-07-12 05:31:20,1783834280,R_75,52815.9171,-1,0.8230000000039581,BACKFILL_AUTO
2026-07-12 05:31:22,1783834282,R_75,52817.3967,1,1.4795999999987544,BACKFILL_AUTO
2026-07-12 05:31:24,1783834284,R_75,52820.6438,1,3.2471000000005006,BACKFILL_AUTO
2026-07-12 05:31:26,1783834286,R_75,52810.8058,-1,9.8379999999961,BACKFILL_AUTO
2026-07-12 05:31:28,1783834288,R_75,52826.5313,1,15.725500000000466,BACKFILL_AUTO
2026-07-12 05:31:30,1783834290,R_75,52830.6955,1,4.164199999999255,BACKFILL_AUTO
2026-07-12 05:31:32,1783834292,R_75,52826.4586,-1,4.236900000003516,BACKFILL_AUTO
2026-07-12 05:31:34,1783834294,R_75,52820.0208,-1,6.437799999999697,BACKFILL_AUTO
2026-07-12 05:31:36,1783834296,R_75,52827.7398,1,7.719000000004598,BACKFILL_AUTO
2026-07-12 05:31:38,1783834298,R_75,52828.2958,1,0.5559999999968568,BACKFILL_AUTO
2026-07-12 05:31:40,1783834300,R_75,52819.3917,-1,8.904099999999744,BACKFILL_AUTO
2026-07-12 05:31:42,1783834302,R_75,52806.0112,-1,13.380499999999302,BACKFILL_AUTO
2026-07-12 05:31:44,1783834304,R_75,52810.0714,1,4.060199999999895,BACKFILL_AUTO
2026-07-12 05:31:46,1783834306,R_75,52808.1474,-1,1.9239999999990687,BACKFILL_AUTO
2026-07-12 05:31:48,1783834308,R_75,52814.4069,1,6.259500000000116,BACKFILL_AUTO
2026-07-12 05:31:50,1783834310,R_75,52809.169,-1,5.2379000000000815,BACKFILL_AUTO
2026-07-12 05:31:52,1783834312,R_75,52823.064,1,13.894999999996799,BACKFILL_AUTO
2026-07-12 05:31:54,1783834314,R_75,52822.7904,-1,0.2736000000004424,BACKFILL_AUTO
2026-07-12 05:31:56,1783834316,R_75,52823.8539,1,1.0635000000038417,BACKFILL_AUTO
2026-07-12 05:31:58,1783834318,R_75,52813.3788,-1,10.475100000003295,BACKFILL_AUTO
2026-07-12 05:32:00,1783834320,R_75,52802.4799,-1,10.89890000000014,BACKFILL_AUTO
2026-07-12 05:32:02,1783834322,R_75,52805.8242,1,3.3443000000042957,BACKFILL_AUTO
2026-07-12 05:32:04,1783834324,R_75,52813.7886,1,7.964399999997113,BACKFILL_AUTO
2026-07-12 05:32:06,1783834326,R_75,52822.894,1,9.105400000000373,BACKFILL_AUTO
2026-07-12 05:32:08,1783834328,R_75,52830.3904,1,7.496399999996356,BACKFILL_AUTO
2026-07-12 05:32:10,1783834330,R_75,52832.4385,1,2.0480999999999767,BACKFILL_AUTO
2026-07-12 05:32:12,1783834332,R_75,52839.4382,1,6.999700000000303,BACKFILL_AUTO
2026-07-12 05:32:14,1783834334,R_75,52838.8171,-1,0.6210999999966589,BACKFILL_AUTO
2026-07-12 05:32:16,1783834336,R_75,52825.8601,-1,12.957000000002154,BACKFILL_AUTO
2026-07-12 05:32:18,1783834338,R_75,52823.4579,-1,2.40219999999681,BACKFILL_AUTO
2026-07-12 05:32:20,1783834340,R_75,52811.1114,-1,12.34649999999965,BACKFILL_AUTO
2026-07-12 05:32:22,1783834342,R_75,52819.817,1,8.70560000000114,BACKFILL_AUTO
2026-07-12 05:32:24,1783834344,R_75,52821.5183,1,1.7013000000006286,BACKFILL_AUTO
2026-07-12 05:32:26,1783834346,R_75,52818.7243,-1,2.794000000001688,BACKFILL_AUTO
2026-07-12 05:32:28,1783834348,R_75,52818.6311,-1,0.09320000000298023,BACKFILL_AUTO
2026-07-12 05:32:30,1783834350,R_75,52830.6532,1,12.022100000001956,BACKFILL_AUTO
2026-07-12 05:32:32,1783834352,R_75,52820.7,-1,9.953200000003562,BACKFILL_AUTO
2026-07-12 05:32:34,1783834354,R_75,52810.4103,-1,10.2896999999939,BACKFILL_AUTO
2026-07-12 05:32:36,1783834356,R_75,52804.9588,-1,5.451500000002852,BACKFILL_AUTO
2026-07-12 05:32:38,1783834358,R_75,52801.959,-1,2.9997999999977765,BACKFILL_AUTO
2026-07-12 05:32:40,1783834360,R_75,52804.6497,1,2.6906999999991967,BACKFILL_AUTO
2026-07-12 05:32:42,1783834362,R_75,52821.4891,1,16.839399999997113,BACKFILL_AUTO
2026-07-12 05:32:44,1783834364,R_75,52835.7834,1,14.294300000001385,BACKFILL_AUTO
2026-07-12 05:32:46,1783834366,R_75,52836.61,1,0.826600000000326,BACKFILL_AUTO
2026-07-12 05:32:48,1783834368,R_75,52845.6905,1,9.080499999996391,BACKFILL_AUTO
2026-07-12 05:32:50,1783834370,R_75,52853.7932,1,8.102700000003097,BACKFILL_AUTO
2026-07-12 05:32:52,1783834372,R_75,52860.7211,1,6.92790000000241,BACKFILL_AUTO
2026-07-12 05:32:54,1783834374,R_75,52864.4184,1,3.6972999999998137,BACKFILL_AUTO
2026-07-12 05:32:56,1783834376,R_75,52857.6839,-1,6.734499999998661,BACKFILL_AUTO
2026-07-12 05:32:58,1783834378,R_75,52848.8564,-1,8.827500000006694,BACKFILL_AUTO
2026-07-12 05:33:00,1783834380,R_75,52844.5279,-1,4.328499999995984,BACKFILL_AUTO
2026-07-12 05:33:02,1783834382,R_75,52848.4456,1,3.917699999998149,BACKFILL_AUTO
2026-07-12 05:33:04,1783834384,R_75,52840.5774,-1,7.8681999999971595,BACKFILL_AUTO
2026-07-12 05:33:06,1783834386,R_75,52843.4995,1,2.922099999996135,BACKFILL_AUTO
2026-07-12 05:33:08,1783834388,R_75,52840.3109,-1,3.1886000000013155,BACKFILL_AUTO
2026-07-12 05:33:10,1783834390,R_75,52842.307,1,1.9961000000039348,BACKFILL_AUTO
2026-07-12 05:33:12,1783834392,R_75,52817.8378,-1,24.469199999999546,BACKFILL_AUTO
2026-07-12 05:33:14,1783834394,R_75,52806.5514,-1,11.286400000004505,BACKFILL_AUTO
2026-07-12 05:33:16,1783834396,R_75,52803.6961,-1,2.855299999995623,BACKFILL_AUTO
2026-07-12 05:33:18,1783834398,R_75,52788.4713,-1,15.224800000003597,BACKFILL_AUTO
2026-07-12 05:33:20,1783834400,R_75,52778.8335,-1,9.637799999996787,BACKFILL_AUTO
2026-07-12 05:33:22,1783834402,R_75,52789.8977,1,11.06420000000071,BACKFILL_AUTO
2026-07-12 05:33:24,1783834404,R_75,52780.4178,-1,9.479899999998452,BACKFILL_AUTO
2026-07-12 05:33:26,1783834406,R_75,52775.9979,-1,4.41990000000078,BACKFILL_AUTO
2026-07-12 05:33:28,1783834408,R_75,52785.9869,1,9.989000000001397,BACKFILL_AUTO
2026-07-12 05:33:30,1783834410,R_75,52794.4704,1,8.48349999999482,BACKFILL_AUTO
2026-07-12 05:33:32,1783834412,R_75,52791.1465,-1,3.323899999995774,BACKFILL_AUTO
2026-07-12 05:33:34,1783834414,R_75,52785.1187,-1,6.027800000003481,BACKFILL_AUTO
2026-07-12 05:33:36,1783834416,R_75,52787.1738,1,2.055099999997765,BACKFILL_AUTO
2026-07-12 05:33:38,1783834418,R_75,52789.3259,1,2.1521000000066124,BACKFILL_AUTO
2026-07-12 05:33:40,1783834420,R_75,52800.8961,1,11.570199999994657,BACKFILL_AUTO
2026-07-12 05:33:42,1783834422,R_75,52808.8037,1,7.907599999998638,BACKFILL_AUTO
2026-07-12 05:33:44,1783834424,R_75,52805.9395,-1,2.8641999999963446,BACKFILL_AUTO
2026-07-12 05:33:46,1783834426,R_75,52800.1238,-1,5.815699999999197,BACKFILL_AUTO
2026-07-12 05:33:48,1783834428,R_75,52808.0473,1,7.923499999997148,BACKFILL_AUTO
2026-07-12 05:33:50,1783834430,R_75,52814.3997,1,6.352400000003399,BACKFILL_AUTO
2026-07-12 05:33:52,1783834432,R_75,52808.7015,-1,5.698199999998906,BACKFILL_AUTO
2026-07-12 05:33:54,1783834434,R_75,52809.6668,1,0.9652999999962049,BACKFILL_AUTO
2026-07-12 05:33:56,1783834436,R_75,52801.5753,-1,8.09150000000227,BACKFILL_AUTO
2026-07-12 05:33:58,1783834438,R_75,52813.2989,1,11.723600000004808,BACKFILL_AUTO
2026-07-12 05:34:00,1783834440,R_75,52803.8463,-1,9.452600000004168,BACKFILL_AUTO
2026-07-12 05:34:02,1783834442,R_75,52800.3998,-1,3.4464999999981956,BACKFILL_AUTO
2026-07-12 05:34:04,1783834444,R_75,52813.6331,1,13.233299999999872,BACKFILL_AUTO
2026-07-12 05:34:06,1783834446,R_75,52809.2107,-1,4.422399999995832,BACKFILL_AUTO
2026-07-12 05:34:08,1783834448,R_75,52786.5426,-1,22.668100000002596,BACKFILL_AUTO
2026-07-12 05:34:10,1783834450,R_75,52794.268,1,7.725399999995716,BACKFILL_AUTO
2026-07-12 05:34:12,1783834452,R_75,52782.1314,-1,12.136599999997998,BACKFILL_AUTO
2026-07-12 05:34:14,1783834454,R_75,52790.9142,1,8.782800000000861,BACKFILL_AUTO
2026-07-12 05:34:16,1783834456,R_75,52805.784,1,14.869800000000396,BACKFILL_AUTO
2026-07-12 05:34:18,1783834458,R_75,52801.739,-1,4.044999999998254,BACKFILL_AUTO
2026-07-12 05:34:20,1783834460,R_75,52793.5778,-1,8.161200000002282,BACKFILL_AUTO
2026-07-12 05:34:22,1783834462,R_75,52793.9342,1,0.35640000000421423,BACKFILL_AUTO
2026-07-12 05:34:24,1783834464,R_75,52790.7242,-1,3.210000000006403,BACKFILL_AUTO
2026-07-12 05:34:26,1783834466,R_75,52779.7278,-1,10.996399999996356,BACKFILL_AUTO
2026-07-12 05:34:28,1783834468,R_75,52768.8113,-1,10.91649999999936,BACKFILL_AUTO
2026-07-12 05:34:30,1783834470,R_75,52759.5981,-1,9.213199999998324,BACKFILL_AUTO
2026-07-12 05:34:32,1783834472,R_75,52772.5142,1,12.916099999994913,BACKFILL_AUTO
2026-07-12 05:34:34,1783834474,R_75,52769.9127,-1,2.6014999999970314,BACKFILL_AUTO
2026-07-12 05:34:36,1783834476,R_75,52769.7598,-1,0.1529000000009546,BACKFILL_AUTO
2026-07-12 05:34:38,1783834478,R_75,52778.9088,1,9.148999999997613,BACKFILL_AUTO
2026-07-12 05:34:40,1783834480,R_75,52778.5334,-1,0.3753999999971711,BACKFILL_AUTO
2026-07-12 05:34:42,1783834482,R_75,52782.2655,1,3.7321000000010827,BACKFILL_AUTO
2026-07-12 05:34:44,1783834484,R_75,52774.7936,-1,7.471900000004098,BACKFILL_AUTO
2026-07-12 05:34:46,1783834486,R_75,52784.082,1,9.288400000004913,BACKFILL_AUTO
2026-07-12 05:34:48,1783834488,R_75,52771.0254,-1,13.056600000003527,BACKFILL_AUTO
2026-07-12 05:34:50,1783834490,R_75,52775.4195,1,4.394100000004983,BACKFILL_AUTO
2026-07-12 05:34:52,1783834492,R_75,52777.4502,1,2.0306999999957043,BACKFILL_AUTO
2026-07-12 05:34:54,1783834494,R_75,52773.8461,-1,3.6040999999968335,BACKFILL_AUTO
2026-07-12 05:34:56,1783834496,R_75,52783.4144,1,9.568299999998999,BACKFILL_AUTO
2026-07-12 05:34:58,1783834498,R_75,52783.7831,1,0.3686999999990803,BACKFILL_AUTO
2026-07-12 05:35:00,1783834500,R_75,52794.9062,1,11.123099999997066,BACKFILL_AUTO
2026-07-12 05:35:02,1783834502,R_75,52796.8909,1,1.9847000000008848,BACKFILL_AUTO
2026-07-12 05:35:04,1783834504,R_75,52805.5686,1,8.677700000000186,BACKFILL_AUTO
2026-07-12 05:35:06,1783834506,R_75,52801.8165,-1,3.7520999999978812,BACKFILL_AUTO
2026-07-12 05:35:08,1783834508,R_75,52812.7769,1,10.960399999996298,BACKFILL_AUTO
2026-07-12 05:35:10,1783834510,R_75,52817.4471,1,4.670200000000477,BACKFILL_AUTO
2026-07-12 05:35:12,1783834512,R_75,52803.421,-1,14.026099999995495,BACKFILL_AUTO
2026-07-12 05:35:14,1783834514,R_75,52791.1599,-1,12.261100000003353,BACKFILL_AUTO
2026-07-12 05:35:16,1783834516,R_75,52781.8663,-1,9.293599999997241,BACKFILL_AUTO
2026-07-12 05:35:18,1783834518,R_75,52792.7331,1,10.866799999996147,BACKFILL_AUTO
2026-07-12 05:35:20,1783834520,R_75,52795.8057,1,3.072599999999511,BACKFILL_AUTO
2026-07-12 05:35:22,1783834522,R_75,52792.0704,-1,3.7353000000002794,BACKFILL_AUTO
2026-07-12 05:35:24,1783834524,R_75,52786.6527,-1,5.417699999998149,BACKFILL_AUTO
2026-07-12 05:35:26,1783834526,R_75,52788.1953,1,1.5426000000006752,BACKFILL_AUTO
2026-07-12 05:35:28,1783834528,R_75,52804.1762,1,15.980900000002293,BACKFILL_AUTO
2026-07-12 05:35:30,1783834530,R_75,52804.1156,-1,0.06060000000434229,BACKFILL_AUTO
2026-07-12 05:35:32,1783834532,R_75,52796.7799,-1,7.335699999995995,BACKFILL_AUTO
2026-07-12 05:35:34,1783834534,R_75,52794.4997,-1,2.2802000000010594,BACKFILL_AUTO
2026-07-12 05:35:36,1783834536,R_75,52773.4801,-1,21.019599999999627,BACKFILL_AUTO
2026-07-12 05:35:38,1783834538,R_75,52763.8019,-1,9.678200000002107,BACKFILL_AUTO
2026-07-12 05:35:40,1783834540,R_75,52765.1049,1,1.3029999999998836,BACKFILL_AUTO
2026-07-12 05:35:42,1783834542,R_75,52779.4358,1,14.330900000000838,BACKFILL_AUTO
2026-07-12 05:35:44,1783834544,R_75,52796.6504,1,17.214599999999336,BACKFILL_AUTO
2026-07-12 05:35:46,1783834546,R_75,52787.515,-1,9.135399999999208,BACKFILL_AUTO
2026-07-12 05:35:48,1783834548,R_75,52792.1759,1,4.660900000002584,BACKFILL_AUTO
2026-07-12 05:35:50,1783834550,R_75,52780.0805,-1,12.095400000005611,BACKFILL_AUTO
2026-07-12 05:35:52,1783834552,R_75,52776.9942,-1,3.08629999999539,BACKFILL_AUTO
2026-07-12 05:35:54,1783834554,R_75,52763.4947,-1,13.49949999999808,BACKFILL_AUTO
2026-07-12 05:35:56,1783834556,R_75,52780.0463,1,16.55159999999887,BACKFILL_AUTO
2026-07-12 05:35:58,1783834558,R_75,52772.1488,-1,7.897499999999127,BACKFILL_AUTO
2026-07-12 05:36:00,1783834560,R_75,52772.7675,1,0.6186999999990803,BACKFILL_AUTO
2026-07-12 05:36:02,1783834562,R_75,52776.3346,1,3.5671000000002095,BACKFILL_AUTO
2026-07-12 05:36:04,1783834564,R_75,52778.7294,1,2.394799999994575,BACKFILL_AUTO
2026-07-12 05:36:06,1783834566,R_75,52786.3219,1,7.592500000006112,BACKFILL_AUTO
2026-07-12 05:36:08,1783834568,R_75,52798.6392,1,12.317299999995157,BACKFILL_AUTO
2026-07-12 05:36:10,1783834570,R_75,52798.2181,-1,0.42109999999956926,BACKFILL_AUTO
2026-07-12 05:36:12,1783834572,R_75,52784.1395,-1,14.078600000000733,BACKFILL_AUTO
2026-07-12 05:36:14,1783834574,R_75,52784.4781,1,0.3386000000027707,BACKFILL_AUTO
2026-07-12 05:36:16,1783834576,R_75,52789.4289,1,4.950799999998708,BACKFILL_AUTO
2026-07-12 05:36:18,1783834578,R_75,52780.7756,-1,8.653299999998126,BACKFILL_AUTO
2026-07-12 05:36:20,1783834580,R_75,52772.9264,-1,7.849200000004203,BACKFILL_AUTO
2026-07-12 05:36:22,1783834582,R_75,52764.408,-1,8.518399999993562,BACKFILL_AUTO
2026-07-12 05:36:24,1783834584,R_75,52777.329,1,12.92099999999482,BACKFILL_AUTO
2026-07-12 05:36:26,1783834586,R_75,52770.5206,-1,6.808399999994435,BACKFILL_AUTO
2026-07-12 05:36:28,1783834588,R_75,52779.9533,1,9.432699999997567,BACKFILL_AUTO
2026-07-12 05:36:30,1783834590,R_75,52794.8076,1,14.854299999999057,BACKFILL_AUTO
2026-07-12 05:36:32,1783834592,R_75,52799.2817,1,4.474099999999453,BACKFILL_AUTO
2026-07-12 05:36:34,1783834594,R_75,52786.6493,-1,12.632400000002235,BACKFILL_AUTO
2026-07-12 05:36:36,1783834596,R_75,52792.3369,1,5.68760000000475,BACKFILL_AUTO
2026-07-12 05:36:38,1783834598,R_75,52795.5353,1,3.1984000000011292,BACKFILL_AUTO
2026-07-12 05:36:40,1783834600,R_75,52800.0072,1,4.471899999996822,BACKFILL_AUTO
2026-07-12 05:36:42,1783834602,R_75,52814.7783,1,14.771099999998114,BACKFILL_AUTO
2026-07-12 05:36:44,1783834604,R_75,52810.7425,-1,4.035799999997835,BACKFILL_AUTO
2026-07-12 05:36:46,1783834606,R_75,52825.8799,1,15.137399999999616,BACKFILL_AUTO
2026-07-12 05:36:48,1783834608,R_75,52826.2743,1,0.39439999999740394,BACKFILL_AUTO
2026-07-12 05:36:50,1783834610,R_75,52841.9936,1,15.719300000004296,BACKFILL_AUTO
2026-07-12 05:36:52,1783834612,R_75,52851.5085,1,9.514900000001944,BACKFILL_AUTO
2026-07-12 05:36:54,1783834614,R_75,52856.3631,1,4.854599999998754,BACKFILL_AUTO
2026-07-12 05:36:56,1783834616,R_75,52857.7566,1,1.393499999998312,BACKFILL_AUTO
2026-07-12 05:36:58,1783834618,R_75,52863.6609,1,5.904300000001967,BACKFILL_AUTO
2026-07-12 05:37:00,1783834620,R_75,52873.6293,1,9.968399999997928,BACKFILL_AUTO
2026-07-12 05:37:02,1783834622,R_75,52870.7122,-1,2.9170999999987544,BACKFILL_AUTO
2026-07-12 05:37:04,1783834624,R_75,52867.2556,-1,3.4566000000049826,BACKFILL_AUTO
2026-07-12 05:37:06,1783834626,R_75,52859.042,-1,8.213599999995495,BACKFILL_AUTO
2026-07-12 05:37:08,1783834628,R_75,52862.2876,1,3.245600000002014,BACKFILL_AUTO
2026-07-12 05:37:10,1783834630,R_75,52871.7877,1,9.500099999997474,BACKFILL_AUTO
2026-07-12 05:37:12,1783834632,R_75,52876.6798,1,4.892099999997299,BACKFILL_AUTO
2026-07-12 05:37:14,1783834634,R_75,52882.8411,1,6.1612999999997555,BACKFILL_AUTO
2026-07-12 05:37:16,1783834636,R_75,52874.9036,-1,7.9375,BACKFILL_AUTO
2026-07-12 05:37:18,1783834638,R_75,52873.5391,-1,1.3644999999960419,BACKFILL_AUTO
2026-07-12 05:37:20,1783834640,R_75,52880.1761,1,6.636999999995169,BACKFILL_AUTO
2026-07-12 05:37:22,1783834642,R_75,52887.1225,1,6.946400000000722,BACKFILL_AUTO
2026-07-12 05:37:24,1783834644,R_75,52882.7818,-1,4.340700000000652,BACKFILL_AUTO
2026-07-12 05:37:26,1783834646,R_75,52895.7343,1,12.952499999999418,BACKFILL_AUTO
2026-07-12 05:37:28,1783834648,R_75,52874.2968,-1,21.4375,BACKFILL_AUTO
2026-07-12 05:37:30,1783834650,R_75,52865.2568,-1,9.039999999993597,BACKFILL_AUTO
2026-07-12 05:37:32,1783834652,R_75,52888.1413,1,22.884500000000116,BACKFILL_AUTO
2026-07-12 05:37:34,1783834654,R_75,52882.8231,-1,5.318200000001525,BACKFILL_AUTO
2026-07-12 05:37:36,1783834656,R_75,52879.2503,-1,3.5728000000017346,BACKFILL_AUTO
2026-07-12 05:37:38,1783834658,R_75,52871.1682,-1,8.082099999999627,BACKFILL_AUTO
2026-07-12 05:37:40,1783834660,R_75,52877.3594,1,6.191200000001118,BACKFILL_AUTO
2026-07-12 05:37:42,1783834662,R_75,52887.3686,1,10.009200000000419,BACKFILL_AUTO
2026-07-12 05:37:44,1783834664,R_75,52877.5172,-1,9.851399999999558,BACKFILL_AUTO
2026-07-12 05:37:46,1783834666,R_75,52893.8284,1,16.31119999999646,BACKFILL_AUTO
2026-07-12 05:37:48,1783834668,R_75,52901.9977,1,8.169300000001385,BACKFILL_AUTO
2026-07-12 05:37:50,1783834670,R_75,52894.6665,-1,7.3312000000005355,BACKFILL_AUTO
2026-07-12 05:37:52,1783834672,R_75,52891.9193,-1,2.7471999999979744,BACKFILL_AUTO
2026-07-12 05:37:54,1783834674,R_75,52886.0042,-1,5.915099999998347,BACKFILL_AUTO
2026-07-12 05:37:56,1783834676,R_75,52880.7643,-1,5.239900000000489,BACKFILL_AUTO
2026-07-12 05:37:58,1783834678,R_75,52887.6697,1,6.905399999996007,BACKFILL_AUTO
2026-07-12 05:38:00,1783834680,R_75,52891.506,1,3.836300000002666,BACKFILL_AUTO
2026-07-12 05:38:02,1783834682,R_75,52894.6427,1,3.1366999999954714,BACKFILL_AUTO
2026-07-12 05:38:04,1783834684,R_75,52889.0998,-1,5.542899999993097,BACKFILL_AUTO
2026-07-12 05:38:06,1783834686,R_75,52894.4022,1,5.302399999993213,BACKFILL_AUTO
2026-07-12 05:38:08,1783834688,R_75,52895.5482,1,1.1460000000006403,BACKFILL_AUTO
2026-07-12 05:38:10,1783834690,R_75,52881.116,-1,14.432199999995646,BACKFILL_AUTO
2026-07-12 05:38:12,1783834692,R_75,52880.7503,-1,0.3657000000021071,BACKFILL_AUTO
2026-07-12 05:38:14,1783834694,R_75,52895.8881,1,15.137799999996787,BACKFILL_AUTO
2026-07-12 05:38:16,1783834696,R_75,52891.0827,-1,4.805399999997462,BACKFILL_AUTO
2026-07-12 05:38:18,1783834698,R_75,52888.5662,-1,2.5164999999979045,BACKFILL_AUTO
2026-07-12 05:38:20,1783834700,R_75,52883.7619,-1,4.804300000003423,BACKFILL_AUTO
2026-07-12 05:38:22,1783834702,R_75,52891.0128,1,7.250899999999092,BACKFILL_AUTO
2026-07-12 05:38:24,1783834704,R_75,52877.7947,-1,13.21809999999823,BACKFILL_AUTO
2026-07-12 05:38:26,1783834706,R_75,52902.9679,1,25.173200000004726,BACKFILL_AUTO
2026-07-12 05:38:28,1783834708,R_75,52922.1752,1,19.207299999994575,BACKFILL_AUTO
2026-07-12 05:38:30,1783834710,R_75,52927.3755,1,5.200300000004063,BACKFILL_AUTO
2026-07-12 05:38:32,1783834712,R_75,52928.8282,1,1.4527000000016415,BACKFILL_AUTO
2026-07-12 05:38:34,1783834714,R_75,52943.6433,1,14.815099999999802,BACKFILL_AUTO
2026-07-12 05:38:36,1783834716,R_75,52935.7793,-1,7.864000000001397,BACKFILL_AUTO
2026-07-12 05:38:38,1783834718,R_75,52948.1061,1,12.326799999995274,BACKFILL_AUTO
2026-07-12 05:38:40,1783834720,R_75,52956.6488,1,8.542700000005425,BACKFILL_AUTO
2026-07-12 05:38:42,1783834722,R_75,52953.7903,-1,2.8585000000020955,BACKFILL_AUTO
2026-07-12 05:38:44,1783834724,R_75,52952.4037,-1,1.3865999999979977,BACKFILL_AUTO
2026-07-12 05:38:46,1783834726,R_75,52950.5781,-1,1.8256000000037602,BACKFILL_AUTO
2026-07-12 05:38:48,1783834728,R_75,52949.6533,-1,0.9248000000006869,BACKFILL_AUTO
2026-07-12 05:38:50,1783834730,R_75,52957.7838,1,8.130499999999302,BACKFILL_AUTO
2026-07-12 05:38:52,1783834732,R_75,52963.7469,1,5.96310000000085,BACKFILL_AUTO
2026-07-12 05:38:54,1783834734,R_75,52967.1406,1,3.3937000000005355,BACKFILL_AUTO
2026-07-12 05:38:56,1783834736,R_75,52962.3712,-1,4.769399999997404,BACKFILL_AUTO
2026-07-12 05:38:58,1783834738,R_75,52975.6447,1,13.273499999995693,BACKFILL_AUTO
2026-07-12 05:39:00,1783834740,R_75,52967.0848,-1,8.559900000000198,BACKFILL_AUTO
2026-07-12 05:39:02,1783834742,R_75,52954.6362,-1,12.448599999996077,BACKFILL_AUTO
2026-07-12 05:39:04,1783834744,R_75,52972.7606,1,18.124400000000605,BACKFILL_AUTO
2026-07-12 05:39:06,1783834746,R_75,52973.8778,1,1.1172000000005937,BACKFILL_AUTO
2026-07-12 05:39:08,1783834748,R_75,52980.3336,1,6.4557999999960884,BACKFILL_AUTO
2026-07-12 05:39:10,1783834750,R_75,52979.4429,-1,0.8906999999962864,BACKFILL_AUTO
2026-07-12 05:39:12,1783834752,R_75,52997.0495,1,17.606599999999162,BACKFILL_AUTO
2026-07-12 05:39:14,1783834754,R_75,53003.4622,1,6.412700000000768,BACKFILL_AUTO
2026-07-12 05:39:16,1783834756,R_75,52989.3991,-1,14.063099999999395,BACKFILL_AUTO
2026-07-12 05:39:18,1783834758,R_75,52989.5541,1,0.15499999999883585,BACKFILL_AUTO
2026-07-12 05:39:20,1783834760,R_75,52986.5387,-1,3.015400000003865,BACKFILL_AUTO
2026-07-12 05:39:22,1783834762,R_75,52996.8892,1,10.350500000000466,BACKFILL_AUTO
2026-07-12 05:39:24,1783834764,R_75,53016.6306,1,19.741399999998976,BACKFILL_AUTO
2026-07-12 05:39:26,1783834766,R_75,53027.645,1,11.014400000000023,BACKFILL_AUTO
2026-07-12 05:39:28,1783834768,R_75,53043.333,1,15.68800000000192,BACKFILL_AUTO
2026-07-12 05:39:30,1783834770,R_75,53043.7135,1,0.3804999999993015,BACKFILL_AUTO
2026-07-12 05:39:32,1783834772,R_75,53031.1125,-1,12.60099999999511,BACKFILL_AUTO
2026-07-12 05:39:34,1783834774,R_75,53012.2901,-1,18.822400000004563,BACKFILL_AUTO
2026-07-12 05:39:36,1783834776,R_75,53020.6789,1,8.388800000000629,BACKFILL_AUTO
2026-07-12 05:39:38,1783834778,R_75,52999.9452,-1,20.733699999997043,BACKFILL_AUTO
2026-07-12 05:39:40,1783834780,R_75,52996.6725,-1,3.2727000000013504,BACKFILL_AUTO
2026-07-12 05:39:42,1783834782,R_75,52987.9449,-1,8.727599999998347,BACKFILL_AUTO
2026-07-12 05:39:44,1783834784,R_75,52979.6804,-1,8.264500000004773,BACKFILL_AUTO
2026-07-12 05:39:46,1783834786,R_75,52985.4101,1,5.729700000003504,BACKFILL_AUTO
2026-07-12 05:39:48,1783834788,R_75,52983.3904,-1,2.019700000004377,BACKFILL_AUTO
2026-07-12 05:39:50,1783834790,R_75,52977.0496,-1,6.340799999998126,BACKFILL_AUTO
2026-07-12 05:39:52,1783834792,R_75,52962.0224,-1,15.02719999999681,BACKFILL_AUTO
2026-07-12 05:39:54,1783834794,R_75,52973.2189,1,11.196499999998196,BACKFILL_AUTO
2026-07-12 05:39:56,1783834796,R_75,52972.7846,-1,0.43430000000080327,BACKFILL_AUTO
2026-07-12 05:39:58,1783834798,R_75,52982.6327,1,9.848100000002887,BACKFILL_AUTO
2026-07-12 05:40:00,1783834800,R_75,53002.2342,1,19.60149999999703,BACKFILL_AUTO
2026-07-12 05:40:02,1783834802,R_75,52998.7504,-1,3.483800000001793,BACKFILL_AUTO
2026-07-12 05:40:04,1783834804,R_75,52996.7527,-1,1.9976999999998952,BACKFILL_AUTO
2026-07-12 05:40:06,1783834806,R_75,52987.004,-1,9.748699999996461,BACKFILL_AUTO
2026-07-12 05:40:08,1783834808,R_75,52977.6535,-1,9.350500000000466,BACKFILL_AUTO
2026-07-12 05:40:10,1783834810,R_75,52987.1148,1,9.461300000002666,BACKFILL_AUTO
2026-07-12 05:40:12,1783834812,R_75,52988.272,1,1.1571999999941909,BACKFILL_AUTO
2026-07-12 05:40:14,1783834814,R_75,52988.881,1,0.6090000000040163,BACKFILL_AUTO
2026-07-12 05:40:16,1783834816,R_75,52972.7653,-1,16.115700000002107,BACKFILL_AUTO
2026-07-12 05:40:18,1783834818,R_75,52953.6455,-1,19.119800000000396,BACKFILL_AUTO
2026-07-12 05:40:20,1783834820,R_75,52959.4646,1,5.819100000000617,BACKFILL_AUTO
2026-07-12 05:40:22,1783834822,R_75,52965.2197,1,5.75510000000213,BACKFILL_AUTO
2026-07-12 05:40:24,1783834824,R_75,52960.6542,-1,4.565500000004249,BACKFILL_AUTO
2026-07-12 05:40:26,1783834826,R_75,52951.5748,-1,9.079399999995076,BACKFILL_AUTO
2026-07-12 05:40:28,1783834828,R_75,52961.3162,1,9.741399999998976,BACKFILL_AUTO
2026-07-12 05:40:30,1783834830,R_75,52963.8562,1,2.540000000000873,BACKFILL_AUTO
2026-07-12 05:40:32,1783834832,R_75,52962.8412,-1,1.014999999999418,BACKFILL_AUTO
2026-07-12 05:40:34,1783834834,R_75,52957.1078,-1,5.733400000004622,BACKFILL_AUTO
2026-07-12 05:40:36,1783834836,R_75,52942.5624,-1,14.545399999995425,BACKFILL_AUTO
2026-07-12 05:40:38,1783834838,R_75,52924.8703,-1,17.69210000000021,BACKFILL_AUTO
2026-07-12 05:40:40,1783834840,R_75,52922.9978,-1,1.8725000000049477,BACKFILL_AUTO
2026-07-12 05:40:42,1783834842,R_75,52918.1911,-1,4.806700000001001,BACKFILL_AUTO
2026-07-12 05:40:44,1783834844,R_75,52910.1453,-1,8.045799999999872,BACKFILL_AUTO
2026-07-12 05:40:46,1783834846,R_75,52908.1952,-1,1.9500999999945634,BACKFILL_AUTO
2026-07-12 05:40:48,1783834848,R_75,52920.1893,1,11.994099999996251,BACKFILL_AUTO
2026-07-12 05:40:50,1783834850,R_75,52924.6593,1,4.470000000001164,BACKFILL_AUTO
2026-07-12 05:40:52,1783834852,R_75,52928.3071,1,3.647799999998824,BACKFILL_AUTO
2026-07-12 05:40:54,1783834854,R_75,52906.4747,-1,21.832399999999325,BACKFILL_AUTO
2026-07-12 05:40:56,1783834856,R_75,52916.8392,1,10.364500000003318,BACKFILL_AUTO
2026-07-12 05:40:58,1783834858,R_75,52905.1935,-1,11.645700000000943,BACKFILL_AUTO
2026-07-12 05:41:00,1783834860,R_75,52914.1444,1,8.950899999996182,BACKFILL_AUTO
2026-07-12 05:41:02,1783834862,R_75,52907.4711,-1,6.673299999994924,BACKFILL_AUTO
2026-07-12 05:41:04,1783834864,R_75,52912.3723,1,4.9012000000002445,BACKFILL_AUTO
2026-07-12 05:41:06,1783834866,R_75,52904.6608,-1,7.711500000004889,BACKFILL_AUTO
2026-07-12 05:41:08,1783834868,R_75,52912.0354,1,7.374600000002829,BACKFILL_AUTO
2026-07-12 05:41:10,1783834870,R_75,52909.3388,-1,2.6966000000029453,BACKFILL_AUTO
2026-07-12 05:41:12,1783834872,R_75,52923.8736,1,14.534800000001269,BACKFILL_AUTO
2026-07-12 05:41:14,1783834874,R_75,52939.9325,1,16.058900000003632,BACKFILL_AUTO
2026-07-12 05:41:16,1783834876,R_75,52935.3672,-1,4.565300000002026,BACKFILL_AUTO
2026-07-12 05:41:18,1783834878,R_75,52943.8718,1,8.50460000000021,BACKFILL_AUTO
2026-07-12 05:41:20,1783834880,R_75,52941.3699,-1,2.5019000000029337,BACKFILL_AUTO
2026-07-12 05:41:22,1783834882,R_75,52942.4478,1,1.077900000003865,BACKFILL_AUTO
2026-07-12 05:41:24,1783834884,R_75,52942.2332,-1,0.21459999999933643,BACKFILL_AUTO
2026-07-12 05:41:26,1783834886,R_75,52937.0863,-1,5.146899999999732,BACKFILL_AUTO
2026-07-12 05:41:28,1783834888,R_75,52958.3671,1,21.280800000000454,BACKFILL_AUTO
2026-07-12 05:41:30,1783834890,R_75,52962.1892,1,3.82209999999759,BACKFILL_AUTO
2026-07-12 05:41:32,1783834892,R_75,52948.5963,-1,13.592900000003283,BACKFILL_AUTO
2026-07-12 05:41:34,1783834894,R_75,52950.191,1,1.5947000000014668,BACKFILL_AUTO
2026-07-12 05:41:36,1783834896,R_75,52971.1234,1,20.93239999999787,BACKFILL_AUTO
2026-07-12 05:41:38,1783834898,R_75,52974.8173,1,3.6939000000056694,BACKFILL_AUTO
2026-07-12 05:41:40,1783834900,R_75,52974.3086,-1,0.5087000000057742,BACKFILL_AUTO
2026-07-12 05:41:42,1783834902,R_75,52986.0035,1,11.694900000002235,BACKFILL_AUTO
2026-07-12 05:41:44,1783834904,R_75,52986.1099,1,0.10640000000421423,BACKFILL_AUTO
2026-07-12 05:41:46,1783834906,R_75,52998.8912,1,12.781299999995099,BACKFILL_AUTO
2026-07-12 05:41:48,1783834908,R_75,52999.4012,1,0.5100000000020373,BACKFILL_AUTO
2026-07-12 05:41:50,1783834910,R_75,53003.2379,1,3.836699999999837,BACKFILL_AUTO
2026-07-12 05:41:52,1783834912,R_75,53015.7488,1,12.51090000000113,BACKFILL_AUTO
2026-07-12 05:41:54,1783834914,R_75,53012.6157,-1,3.1330999999991036,BACKFILL_AUTO
2026-07-12 05:41:56,1783834916,R_75,53020.9542,1,8.338499999998021,BACKFILL_AUTO
2026-07-12 05:41:58,1783834918,R_75,53013.115,-1,7.839200000002165,BACKFILL_AUTO
2026-07-12 05:42:00,1783834920,R_75,53020.984,1,7.868999999998778,BACKFILL_AUTO
2026-07-12 05:42:02,1783834922,R_75,53015.0246,-1,5.959399999999732,BACKFILL_AUTO
2026-07-12 05:42:04,1783834924,R_75,53016.8369,1,1.8123000000050524,BACKFILL_AUTO
2026-07-12 05:42:06,1783834926,R_75,53030.4746,1,13.637699999999313,BACKFILL_AUTO
2026-07-12 05:42:08,1783834928,R_75,53032.9959,1,2.5213000000003376,BACKFILL_AUTO
2026-07-12 05:42:10,1783834930,R_75,53033.2199,1,0.2239999999947031,BACKFILL_AUTO
2026-07-12 05:42:12,1783834932,R_75,53035.5789,1,2.3590000000040163,BACKFILL_AUTO
2026-07-12 05:42:14,1783834934,R_75,53031.8688,-1,3.7101000000038766,BACKFILL_AUTO
2026-07-12 05:42:16,1783834936,R_75,53027.2701,-1,4.598699999995006,BACKFILL_AUTO
2026-07-12 05:42:18,1783834938,R_75,53022.2781,-1,4.99199999999837,BACKFILL_AUTO
2026-07-12 05:42:20,1783834940,R_75,53018.0085,-1,4.2695999999996275,BACKFILL_AUTO
2026-07-12 05:42:22,1783834942,R_75,53025.0011,1,6.992599999997765,BACKFILL_AUTO
2026-07-12 05:42:24,1783834944,R_75,53022.5936,-1,2.407500000001164,BACKFILL_AUTO
2026-07-12 05:42:26,1783834946,R_75,53011.1527,-1,11.44090000000142,BACKFILL_AUTO
2026-07-12 05:42:28,1783834948,R_75,53005.9883,-1,5.1644000000014785,BACKFILL_AUTO
2026-07-12 05:42:30,1783834950,R_75,53005.0547,-1,0.9335999999966589,BACKFILL_AUTO
2026-07-12 05:42:32,1783834952,R_75,53021.0782,1,16.02350000000297,BACKFILL_AUTO
2026-07-12 05:42:34,1783834954,R_75,53020.5435,-1,0.5347000000037951,BACKFILL_AUTO
2026-07-12 05:42:36,1783834956,R_75,53003.2581,-1,17.285400000000664,BACKFILL_AUTO
2026-07-12 05:42:38,1783834958,R_75,53003.6784,1,0.4202999999979511,BACKFILL_AUTO
2026-07-12 05:42:40,1783834960,R_75,53001.682,-1,1.9963999999963562,BACKFILL_AUTO
2026-07-12 05:42:42,1783834962,R_75,52989.2491,-1,12.43289999999979,BACKFILL_AUTO
2026-07-12 05:42:44,1783834964,R_75,52975.5213,-1,13.72780000000057,BACKFILL_AUTO
2026-07-12 05:42:46,1783834966,R_75,52967.9421,-1,7.579200000000128,BACKFILL_AUTO
2026-07-12 05:42:48,1783834968,R_75,52970.1964,1,2.2543000000005122,BACKFILL_AUTO
2026-07-12 05:42:50,1783834970,R_75,52970.5548,1,0.35839999999734573,BACKFILL_AUTO
2026-07-12 05:42:52,1783834972,R_75,52978.7805,1,8.22570000000269,BACKFILL_AUTO
2026-07-12 05:42:54,1783834974,R_75,52986.3425,1,7.561999999998079,BACKFILL_AUTO
2026-07-12 05:42:56,1783834976,R_75,52988.4808,1,2.138299999998708,BACKFILL_AUTO
2026-07-12 05:42:58,1783834978,R_75,52987.6932,-1,0.7875999999960186,BACKFILL_AUTO
2026-07-12 05:43:00,1783834980,R_75,52990.7371,1,3.0438999999969383,BACKFILL_AUTO
2026-07-12 05:43:02,1783834982,R_75,52988.0867,-1,2.6503999999986263,BACKFILL_AUTO
2026-07-12 05:43:04,1783834984,R_75,52991.4891,1,3.4023999999990338,BACKFILL_AUTO
2026-07-12 05:43:06,1783834986,R_75,52997.1316,1,5.642500000001746,BACKFILL_AUTO
2026-07-12 05:43:08,1783834988,R_75,52993.3731,-1,3.7585000000035507,BACKFILL_AUTO
2026-07-12 05:43:10,1783834990,R_75,52989.9866,-1,3.386500000000524,BACKFILL_AUTO
2026-07-12 05:43:12,1783834992,R_75,53004.5292,1,14.542600000000675,BACKFILL_AUTO
2026-07-12 05:43:14,1783834994,R_75,53019.7459,1,15.216700000004494,BACKFILL_AUTO
2026-07-12 05:43:16,1783834996,R_75,53026.4385,1,6.692599999994854,BACKFILL_AUTO
2026-07-12 05:43:18,1783834998,R_75,53037.2956,1,10.857100000001083,BACKFILL_AUTO
2026-07-12 05:43:20,1783835000,R_75,53025.9174,-1,11.378199999999197,BACKFILL_AUTO
2026-07-12 05:43:22,1783835002,R_75,53041.4596,1,15.542200000003504,BACKFILL_AUTO
2026-07-12 05:43:24,1783835004,R_75,53045.0195,1,3.559900000000198,BACKFILL_AUTO
2026-07-12 05:43:26,1783835006,R_75,53052.5587,1,7.539199999999255,BACKFILL_AUTO
2026-07-12 05:43:28,1783835008,R_75,53050.504,-1,2.0547000000005937,BACKFILL_AUTO
2026-07-12 05:43:30,1783835010,R_75,53070.7816,1,20.277600000001257,BACKFILL_AUTO
2026-07-12 05:43:32,1783835012,R_75,53072.469,1,1.6873999999952503,BACKFILL_AUTO
2026-07-12 05:43:34,1783835014,R_75,53064.9382,-1,7.530800000000454,BACKFILL_AUTO
2026-07-12 05:43:36,1783835016,R_75,53070.5489,1,5.6107000000047265,BACKFILL_AUTO
2026-07-12 05:43:38,1783835018,R_75,53069.0804,-1,1.4685000000026776,BACKFILL_AUTO
2026-07-12 05:43:40,1783835020,R_75,53062.3043,-1,6.776099999995495,BACKFILL_AUTO
2026-07-12 05:43:42,1783835022,R_75,53063.2507,1,0.9463999999934458,BACKFILL_AUTO
2026-07-12 05:43:44,1783835024,R_75,53063.6489,1,0.39820000000327127,BACKFILL_AUTO
2026-07-12 05:43:46,1783835026,R_75,53070.9962,1,7.347300000001269,BACKFILL_AUTO
2026-07-12 05:43:48,1783835028,R_75,53060.7107,-1,10.285499999998137,BACKFILL_AUTO
2026-07-12 05:43:50,1783835030,R_75,53058.3925,-1,2.318200000001525,BACKFILL_AUTO
2026-07-12 05:43:52,1783835032,R_75,53050.5444,-1,7.848100000002887,BACKFILL_AUTO
2026-07-12 05:43:54,1783835034,R_75,53057.6944,1,7.150000000001455,BACKFILL_AUTO
2026-07-12 05:43:56,1783835036,R_75,53059.193,1,1.4985999999989872,BACKFILL_AUTO
2026-07-12 05:43:58,1783835038,R_75,53064.3442,1,5.1512000000002445,BACKFILL_AUTO
2026-07-12 05:44:00,1783835040,R_75,53047.9523,-1,16.39190000000235,BACKFILL_AUTO
2026-07-12 05:44:02,1783835042,R_75,53043.7972,-1,4.15509999999631,BACKFILL_AUTO
2026-07-12 05:44:04,1783835044,R_75,53048.9258,1,5.128599999996368,BACKFILL_AUTO
2026-07-12 05:44:06,1783835046,R_75,53054.441,1,5.5152000000016415,BACKFILL_AUTO
2026-07-12 05:44:08,1783835048,R_75,53056.8416,1,2.40060000000085,BACKFILL_AUTO
2026-07-12 05:44:10,1783835050,R_75,53052.0373,-1,4.804299999996147,BACKFILL_AUTO
2026-07-12 05:44:12,1783835052,R_75,53024.5752,-1,27.462100000004284,BACKFILL_AUTO
2026-07-12 05:44:14,1783835054,R_75,53026.0671,1,1.4919000000008964,BACKFILL_AUTO
2026-07-12 05:44:16,1783835056,R_75,53028.3499,1,2.2828000000008615,BACKFILL_AUTO
2026-07-12 05:44:18,1783835058,R_75,53022.5305,-1,5.819400000000314,BACKFILL_AUTO
2026-07-12 05:44:20,1783835060,R_75,53020.2926,-1,2.2379000000000815,BACKFILL_AUTO
2026-07-12 05:44:22,1783835062,R_75,53014.6889,-1,5.603699999999662,BACKFILL_AUTO
2026-07-12 05:44:24,1783835064,R_75,53004.5071,-1,10.181799999998475,BACKFILL_AUTO
2026-07-12 05:44:26,1783835066,R_75,52999.6079,-1,4.899199999999837,BACKFILL_AUTO
2026-07-12 05:44:28,1783835068,R_75,52989.186,-1,10.421900000001187,BACKFILL_AUTO
2026-07-12 05:44:30,1783835070,R_75,52997.6097,1,8.423699999999371,BACKFILL_AUTO
2026-07-12 05:44:32,1783835072,R_75,52994.8503,-1,2.7594000000026426,BACKFILL_AUTO
2026-07-12 05:44:34,1783835074,R_75,52993.3004,-1,1.5498999999981606,BACKFILL_AUTO
2026-07-12 05:44:36,1783835076,R_75,53007.3724,1,14.072000000000116,BACKFILL_AUTO
2026-07-12 05:44:38,1783835078,R_75,53024.3301,1,16.957699999999022,BACKFILL_AUTO
2026-07-12 05:44:40,1783835080,R_75,53011.5418,-1,12.788300000000163,BACKFILL_AUTO
2026-07-12 05:44:42,1783835082,R_75,52995.3963,-1,16.14549999999872,BACKFILL_AUTO
2026-07-12 05:44:44,1783835084,R_75,52993.8982,-1,1.4980999999970663,BACKFILL_AUTO
2026-07-12 05:44:46,1783835086,R_75,53005.946,1,12.04780000000028,BACKFILL_AUTO
2026-07-12 05:44:48,1783835088,R_75,52992.7135,-1,13.23250000000553,BACKFILL_AUTO
2026-07-12 05:44:50,1783835090,R_75,52994.374,1,1.6605000000054133,BACKFILL_AUTO
2026-07-12 05:44:52,1783835092,R_75,52981.7336,-1,12.640400000003865,BACKFILL_AUTO
2026-07-12 05:44:54,1783835094,R_75,52990.0397,1,8.306100000001607,BACKFILL_AUTO
2026-07-12 05:44:56,1783835096,R_75,52997.5526,1,7.512900000001537,BACKFILL_AUTO
2026-07-12 05:44:58,1783835098,R_75,53001.2581,1,3.705499999996391,BACKFILL_AUTO
2026-07-12 05:45:00,1783835100,R_75,52977.0414,-1,24.216699999997218,BACKFILL_AUTO
2026-07-12 05:45:02,1783835102,R_75,52996.575,1,19.533599999995204,BACKFILL_AUTO
2026-07-12 05:45:04,1783835104,R_75,52998.1988,1,1.6238000000012107,BACKFILL_AUTO
2026-07-12 05:45:06,1783835106,R_75,52989.2189,-1,8.979899999998452,BACKFILL_AUTO
2026-07-12 05:45:08,1783835108,R_75,52994.106,1,4.8870999999999185,BACKFILL_AUTO
2026-07-12 05:45:10,1783835110,R_75,52985.9102,-1,8.195800000001327,BACKFILL_AUTO
2026-07-12 05:45:12,1783835112,R_75,52989.5446,1,3.6344000000026426,BACKFILL_AUTO
2026-07-12 05:45:14,1783835114,R_75,52985.9269,-1,3.6177000000025146,BACKFILL_AUTO
2026-07-12 05:45:16,1783835116,R_75,52977.6698,-1,8.257099999995262,BACKFILL_AUTO
2026-07-12 05:45:18,1783835118,R_75,52971.0757,-1,6.594100000002072,BACKFILL_AUTO
2026-07-12 05:45:20,1783835120,R_75,52956.9436,-1,14.132100000002538,BACKFILL_AUTO
2026-07-12 05:45:22,1783835122,R_75,52969.7565,1,12.812900000004447,BACKFILL_AUTO
2026-07-12 05:45:24,1783835124,R_75,52963.5469,-1,6.209600000001956,BACKFILL_AUTO
2026-07-12 05:45:26,1783835126,R_75,52967.1693,1,3.622400000000198,BACKFILL_AUTO
2026-07-12 05:45:28,1783835128,R_75,52956.9671,-1,10.20219999999972,BACKFILL_AUTO
2026-07-12 05:45:30,1783835130,R_75,52955.1982,-1,1.768900000002759,BACKFILL_AUTO
2026-07-12 05:45:32,1783835132,R_75,52957.9279,1,2.729700000003504,BACKFILL_AUTO
2026-07-12 05:45:34,1783835134,R_75,52958.3927,1,0.464799999994284,BACKFILL_AUTO
2026-07-12 05:45:36,1783835136,R_75,52956.0136,-1,2.3790999999982887,BACKFILL_AUTO
2026-07-12 05:45:38,1783835138,R_75,52947.4181,-1,8.595499999995809,BACKFILL_AUTO
2026-07-12 05:45:40,1783835140,R_75,52942.6894,-1,4.728699999999662,BACKFILL_AUTO
2026-07-12 05:45:42,1783835142,R_75,52946.5689,1,3.87949999999546,BACKFILL_AUTO
2026-07-12 05:45:44,1783835144,R_75,52932.8528,-1,13.716099999997823,BACKFILL_AUTO
2026-07-12 05:45:46,1783835146,R_75,52918.8831,-1,13.969700000001467,BACKFILL_AUTO
2026-07-12 05:45:48,1783835148,R_75,52924.3802,1,5.497100000000501,BACKFILL_AUTO
2026-07-12 05:45:50,1783835150,R_75,52938.6683,1,14.28809999999794,BACKFILL_AUTO
2026-07-12 05:45:52,1783835152,R_75,52954.3826,1,15.71429999999964,BACKFILL_AUTO
2026-07-12 05:45:54,1783835154,R_75,52956.3596,1,1.9770000000062282,BACKFILL_AUTO
2026-07-12 05:45:56,1783835156,R_75,52949.3652,-1,6.994400000003225,BACKFILL_AUTO
2026-07-12 05:45:58,1783835158,R_75,52938.6998,-1,10.665399999998044,BACKFILL_AUTO
2026-07-12 05:46:00,1783835160,R_75,52918.7949,-1,19.904900000001362,BACKFILL_AUTO
2026-07-12 05:46:02,1783835162,R_75,52939.5727,1,20.777799999996205,BACKFILL_AUTO
2026-07-12 05:46:04,1783835164,R_75,52944.8082,1,5.235500000002503,BACKFILL_AUTO
2026-07-12 05:46:06,1783835166,R_75,52932.4331,-1,12.375099999997474,BACKFILL_AUTO
2026-07-12 05:46:08,1783835168,R_75,52948.133,1,15.699899999999616,BACKFILL_AUTO
2026-07-12 05:46:10,1783835170,R_75,52948.7537,1,0.6206999999994878,BACKFILL_AUTO
2026-07-12 05:46:12,1783835172,R_75,52966.4251,1,17.671399999999267,BACKFILL_AUTO
2026-07-12 05:46:14,1783835174,R_75,52982.3453,1,15.920200000000477,BACKFILL_AUTO
2026-07-12 05:46:16,1783835176,R_75,52973.2366,-1,9.108700000004319,BACKFILL_AUTO
2026-07-12 05:46:18,1783835178,R_75,52977.4198,1,4.183200000006764,BACKFILL_AUTO
2026-07-12 05:46:20,1783835180,R_75,52976.7655,-1,0.6543000000019674,BACKFILL_AUTO
2026-07-12 05:46:22,1783835182,R_75,52974.8693,-1,1.8962000000028638,BACKFILL_AUTO
2026-07-12 05:46:24,1783835184,R_75,52977.5629,1,2.693599999998696,BACKFILL_AUTO
2026-07-12 05:46:26,1783835186,R_75,52976.7082,-1,0.8546999999962281,BACKFILL_AUTO
2026-07-12 05:46:28,1783835188,R_75,52968.084,-1,8.624199999998382,BACKFILL_AUTO
2026-07-12 05:46:30,1783835190,R_75,52963.9868,-1,4.097200000003795,BACKFILL_AUTO
2026-07-12 05:46:32,1783835192,R_75,52973.8466,1,9.859799999998359,BACKFILL_AUTO
2026-07-12 05:46:34,1783835194,R_75,52962.8944,-1,10.95219999999972,BACKFILL_AUTO
2026-07-12 05:46:36,1783835196,R_75,52969.0822,1,6.187799999999697,BACKFILL_AUTO
2026-07-12 05:46:38,1783835198,R_75,52975.7525,1,6.670300000005227,BACKFILL_AUTO
2026-07-12 05:46:40,1783835200,R_75,52990.1984,1,14.445899999998801,BACKFILL_AUTO
2026-07-12 05:46:42,1783835202,R_75,52980.3956,-1,9.80279999999766,BACKFILL_AUTO
2026-07-12 05:46:44,1783835204,R_75,52987.1943,1,6.798699999999371,BACKFILL_AUTO
2026-07-12 05:46:46,1783835206,R_75,52987.8933,1,0.6990000000005239,BACKFILL_AUTO
2026-07-12 05:46:48,1783835208,R_75,52980.7575,-1,7.135800000003655,BACKFILL_AUTO
2026-07-12 05:46:50,1783835210,R_75,52983.9491,1,3.1915999999982887,BACKFILL_AUTO
2026-07-12 05:46:52,1783835212,R_75,52983.5594,-1,0.3896999999997206,BACKFILL_AUTO
2026-07-12 05:46:54,1783835214,R_75,52995.3399,1,11.780500000000757,BACKFILL_AUTO
2026-07-12 05:46:56,1783835216,R_75,53007.6321,1,12.292200000003504,BACKFILL_AUTO
2026-07-12 05:46:58,1783835218,R_75,53006.0404,-1,1.5917000000044936,BACKFILL_AUTO
2026-07-12 05:47:00,1783835220,R_75,53013.9848,1,7.944400000000314,BACKFILL_AUTO
2026-07-12 05:47:02,1783835222,R_75,53010.1056,-1,3.8791999999957625,BACKFILL_AUTO
2026-07-12 05:47:04,1783835224,R_75,53013.4119,1,3.306299999996554,BACKFILL_AUTO
2026-07-12 05:47:06,1783835226,R_75,53005.0508,-1,8.361100000001898,BACKFILL_AUTO
2026-07-12 05:47:08,1783835228,R_75,53013.2416,1,8.190800000003946,BACKFILL_AUTO
2026-07-12 05:47:10,1783835230,R_75,53019.7648,1,6.523199999995995,BACKFILL_AUTO
2026-07-12 05:47:12,1783835232,R_75,53016.4531,-1,3.311699999998382,BACKFILL_AUTO
2026-07-12 05:47:14,1783835234,R_75,53019.562,1,3.1088999999992666,BACKFILL_AUTO
2026-07-12 05:47:16,1783835236,R_75,53014.9457,-1,4.616300000001502,BACKFILL_AUTO
2026-07-12 05:47:18,1783835238,R_75,53016.5011,1,1.555400000004738,BACKFILL_AUTO
2026-07-12 05:47:20,1783835240,R_75,53018.1792,1,1.6780999999973574,BACKFILL_AUTO
2026-07-12 05:47:22,1783835242,R_75,53018.6239,1,0.44470000000001164,BACKFILL_AUTO
2026-07-12 05:47:24,1783835244,R_75,53021.1338,1,2.5099000000045635,BACKFILL_AUTO
2026-07-12 05:47:26,1783835246,R_75,53015.7576,-1,5.376200000006065,BACKFILL_AUTO
2026-07-12 05:47:28,1783835248,R_75,53032.6558,1,16.89820000000327,BACKFILL_AUTO
2026-07-12 05:47:30,1783835250,R_75,53037.2813,1,4.625500000001921,BACKFILL_AUTO
2026-07-12 05:47:32,1783835252,R_75,53044.5394,1,7.258099999999104,BACKFILL_AUTO
2026-07-12 05:47:34,1783835254,R_75,53062.0555,1,17.516100000000733,BACKFILL_AUTO
2026-07-12 05:47:36,1783835256,R_75,53065.6427,1,3.587199999994482,BACKFILL_AUTO
2026-07-12 05:47:38,1783835258,R_75,53052.0022,-1,13.640499999994063,BACKFILL_AUTO
2026-07-12 05:47:40,1783835260,R_75,53062.1259,1,10.123699999996461,BACKFILL_AUTO
2026-07-12 05:47:42,1783835262,R_75,53058.1279,-1,3.9979999999995925,BACKFILL_AUTO
2026-07-12 05:47:44,1783835264,R_75,53054.8342,-1,3.2937000000019907,BACKFILL_AUTO
2026-07-12 05:47:46,1783835266,R_75,53053.3515,-1,1.4827000000004773,BACKFILL_AUTO
2026-07-12 05:47:48,1783835268,R_75,53061.8747,1,8.523200000003271,BACKFILL_AUTO
2026-07-12 05:47:50,1783835270,R_75,53049.5044,-1,12.370300000002317,BACKFILL_AUTO
2026-07-12 05:47:52,1783835272,R_75,53072.0387,1,22.534299999999348,BACKFILL_AUTO
2026-07-12 05:47:54,1783835274,R_75,53083.9755,1,11.936800000003132,BACKFILL_AUTO
2026-07-12 05:47:56,1783835276,R_75,53073.7542,-1,10.221299999997427,BACKFILL_AUTO
2026-07-12 05:47:58,1783835278,R_75,53071.3848,-1,2.3694000000032247,BACKFILL_AUTO
2026-07-12 05:48:00,1783835280,R_75,53077.6072,1,6.222399999998743,BACKFILL_AUTO
2026-07-12 05:48:02,1783835282,R_75,53086.861,1,9.253799999998591,BACKFILL_AUTO
2026-07-12 05:48:04,1783835284,R_75,53092.1454,1,5.284400000004098,BACKFILL_AUTO
2026-07-12 05:48:06,1783835286,R_75,53096.283,1,4.137600000001839,BACKFILL_AUTO
2026-07-12 05:48:08,1783835288,R_75,53073.1861,-1,23.096900000004098,BACKFILL_AUTO
2026-07-12 05:48:10,1783835290,R_75,53089.3077,1,16.12159999999858,BACKFILL_AUTO
2026-07-12 05:48:12,1783835292,R_75,53067.58,-1,21.72769999999582,BACKFILL_AUTO
2026-07-12 05:48:14,1783835294,R_75,53063.7283,-1,3.851699999999255,BACKFILL_AUTO
2026-07-12 05:48:16,1783835296,R_75,53054.2446,-1,9.483700000004319,BACKFILL_AUTO
2026-07-12 05:48:18,1783835298,R_75,53065.4173,1,11.172700000002806,BACKFILL_AUTO
2026-07-12 05:48:20,1783835300,R_75,53076.6624,1,11.245100000000093,BACKFILL_AUTO
2026-07-12 05:48:22,1783835302,R_75,53073.9196,-1,2.7427999999999884,BACKFILL_AUTO
2026-07-12 05:48:24,1783835304,R_75,53064.7948,-1,9.124799999997776,BACKFILL_AUTO
2026-07-12 05:48:26,1783835306,R_75,53070.6334,1,5.838599999995495,BACKFILL_AUTO
2026-07-12 05:48:28,1783835308,R_75,53090.3422,1,19.708800000000338,BACKFILL_AUTO
2026-07-12 05:48:30,1783835310,R_75,53097.8273,1,7.485099999998056,BACKFILL_AUTO
2026-07-12 05:48:32,1783835312,R_75,53097.3907,-1,0.4365999999936321,BACKFILL_AUTO
2026-07-12 05:48:34,1783835314,R_75,53099.9179,1,2.52719999999681,BACKFILL_AUTO
2026-07-12 05:48:36,1783835316,R_75,53089.3255,-1,10.592400000001362,BACKFILL_AUTO
2026-07-12 05:48:38,1783835318,R_75,53088.4721,-1,0.8533999999999651,BACKFILL_AUTO
2026-07-12 05:48:40,1783835320,R_75,53100.8262,1,12.35410000000411,BACKFILL_AUTO
2026-07-12 05:48:42,1783835322,R_75,53105.9454,1,5.119199999993725,BACKFILL_AUTO
2026-07-12 05:48:44,1783835324,R_75,53110.3525,1,4.407100000003993,BACKFILL_AUTO
2026-07-12 05:48:46,1783835326,R_75,53108.3887,-1,1.9637999999977183,BACKFILL_AUTO
2026-07-12 05:48:48,1783835328,R_75,53115.8322,1,7.443499999993946,BACKFILL_AUTO
2026-07-12 05:48:50,1783835330,R_75,53104.5099,-1,11.322299999999814,BACKFILL_AUTO
2026-07-12 05:48:52,1783835332,R_75,53087.8156,-1,16.694299999995565,BACKFILL_AUTO
2026-07-12 05:48:54,1783835334,R_75,53091.7921,1,3.9764999999970314,BACKFILL_AUTO
2026-07-12 05:48:56,1783835336,R_75,53062.6213,-1,29.170799999999872,BACKFILL_AUTO
2026-07-12 05:48:58,1783835338,R_75,53047.4052,-1,15.216099999997823,BACKFILL_AUTO
2026-07-12 05:49:00,1783835340,R_75,53037.3778,-1,10.027399999999034,BACKFILL_AUTO
2026-07-12 05:49:02,1783835342,R_75,53038.4675,1,1.0896999999968102,BACKFILL_AUTO
2026-07-12 05:49:04,1783835344,R_75,53041.8993,1,3.431799999998475,BACKFILL_AUTO
2026-07-12 05:49:06,1783835346,R_75,53041.9912,1,0.0918999999994412,BACKFILL_AUTO
2026-07-12 05:49:08,1783835348,R_75,53035.1294,-1,6.861799999998766,BACKFILL_AUTO
2026-07-12 05:49:10,1783835350,R_75,53040.7872,1,5.6578000000008615,BACKFILL_AUTO
2026-07-12 05:49:12,1783835352,R_75,53023.4577,-1,17.329499999999825,BACKFILL_AUTO
2026-07-12 05:49:14,1783835354,R_75,53024.7129,1,1.2551999999996042,BACKFILL_AUTO
2026-07-12 05:49:16,1783835356,R_75,53021.817,-1,2.8958999999958905,BACKFILL_AUTO
2026-07-12 05:49:18,1783835358,R_75,53017.3155,-1,4.501500000005763,BACKFILL_AUTO
2026-07-12 05:49:20,1783835360,R_75,52993.134,-1,24.181499999998778,BACKFILL_AUTO
2026-07-12 05:49:22,1783835362,R_75,52994.0709,1,0.9369000000006054,BACKFILL_AUTO
2026-07-12 05:49:24,1783835364,R_75,52992.7067,-1,1.3641999999963446,BACKFILL_AUTO
2026-07-12 05:49:26,1783835366,R_75,53004.7176,1,12.01090000000113,BACKFILL_AUTO
2026-07-12 05:49:28,1783835368,R_75,53007.2889,1,2.571299999995972,BACKFILL_AUTO
2026-07-12 05:49:30,1783835370,R_75,52994.8192,-1,12.469700000001467,BACKFILL_AUTO
2026-07-12 05:49:32,1783835372,R_75,53005.7233,1,10.904099999999744,BACKFILL_AUTO
2026-07-12 05:49:34,1783835374,R_75,53004.3005,-1,1.4228000000002794,BACKFILL_AUTO
2026-07-12 05:49:36,1783835376,R_75,52999.4337,-1,4.866799999996147,BACKFILL_AUTO
2026-07-12 05:49:38,1783835378,R_75,53009.175,1,9.741300000001502,BACKFILL_AUTO
2026-07-12 05:49:40,1783835380,R_75,53009.2384,1,0.06339999999909196,BACKFILL_AUTO
2026-07-12 05:49:42,1783835382,R_75,53032.3955,1,23.157099999996717,BACKFILL_AUTO
2026-07-12 05:49:44,1783835384,R_75,53043.5019,1,11.106400000004214,BACKFILL_AUTO
2026-07-12 05:49:46,1783835386,R_75,53040.4903,-1,3.0116000000052736,BACKFILL_AUTO
2026-07-12 05:49:48,1783835388,R_75,53049.9883,1,9.497999999999593,BACKFILL_AUTO
2026-07-12 05:49:50,1783835390,R_75,53050.1566,1,0.1683000000048196,BACKFILL_AUTO
2026-07-12 05:49:52,1783835392,R_75,53064.5211,1,14.364499999996042,BACKFILL_AUTO
2026-07-12 05:49:54,1783835394,R_75,53055.562,-1,8.959100000000035,BACKFILL_AUTO
2026-07-12 05:49:56,1783835396,R_75,53040.5693,-1,14.992699999995239,BACKFILL_AUTO
2026-07-12 05:49:58,1783835398,R_75,53045.0666,1,4.497299999995448,BACKFILL_AUTO
2026-07-12 05:50:00,1783835400,R_75,53062.7985,1,17.73189999999886,BACKFILL_AUTO
2026-07-12 05:50:02,1783835402,R_75,53060.9871,-1,1.8113999999986845,BACKFILL_AUTO
2026-07-12 05:50:04,1783835404,R_75,53059.9592,-1,1.0279000000009546,BACKFILL_AUTO
2026-07-12 05:50:06,1783835406,R_75,53040.7939,-1,19.16530000000057,BACKFILL_AUTO
2026-07-12 05:50:08,1783835408,R_75,53042.2435,1,1.4495999999999185,BACKFILL_AUTO
2026-07-12 05:50:10,1783835410,R_75,53035.2525,-1,6.9909999999945285,BACKFILL_AUTO
2026-07-12 05:50:12,1783835412,R_75,53034.1041,-1,1.1484000000054948,BACKFILL_AUTO
2026-07-12 05:50:14,1783835414,R_75,53029.8183,-1,4.285799999997835,BACKFILL_AUTO
2026-07-12 05:50:16,1783835416,R_75,53042.8512,1,13.032899999998335,BACKFILL_AUTO
2026-07-12 05:50:18,1783835418,R_75,53070.512,1,27.66080000000511,BACKFILL_AUTO
2026-07-12 05:50:20,1783835420,R_75,53088.7596,1,18.247599999995145,BACKFILL_AUTO
2026-07-12 05:50:22,1783835422,R_75,53082.9654,-1,5.794199999996636,BACKFILL_AUTO
2026-07-12 05:50:24,1783835424,R_75,53065.2263,-1,17.73909999999887,BACKFILL_AUTO
2026-07-12 05:50:26,1783835426,R_75,53051.6697,-1,13.556600000003527,BACKFILL_AUTO
2026-07-12 05:50:28,1783835428,R_75,53067.4448,1,15.775099999998929,BACKFILL_AUTO
2026-07-12 05:50:30,1783835430,R_75,53061.8874,-1,5.55739999999787,BACKFILL_AUTO
2026-07-12 05:50:32,1783835432,R_75,53056.0925,-1,5.79490000000078,BACKFILL_AUTO
2026-07-12 05:50:34,1783835434,R_75,53055.3477,-1,0.7448000000003958,BACKFILL_AUTO
2026-07-12 05:50:36,1783835436,R_75,53079.7817,1,24.434000000001106,BACKFILL_AUTO
2026-07-12 05:50:38,1783835438,R_75,53088.0803,1,8.298600000001898,BACKFILL_AUTO
2026-07-12 05:50:40,1783835440,R_75,53097.0384,1,8.958099999996193,BACKFILL_AUTO
2026-07-12 05:50:42,1783835442,R_75,53124.6034,1,27.56500000000233,BACKFILL_AUTO
2026-07-12 05:50:44,1783835444,R_75,53120.4674,-1,4.135999999998603,BACKFILL_AUTO
2026-07-12 05:50:46,1783835446,R_75,53123.0339,1,2.566500000000815,BACKFILL_AUTO
2026-07-12 05:50:48,1783835448,R_75,53121.358,-1,1.6759000000020023,BACKFILL_AUTO
2026-07-12 05:50:50,1783835450,R_75,53122.2883,1,0.9302999999999884,BACKFILL_AUTO
2026-07-12 05:50:52,1783835452,R_75,53143.3213,1,21.033000000003085,BACKFILL_AUTO
2026-07-12 05:50:54,1783835454,R_75,53156.3666,1,13.045299999997951,BACKFILL_AUTO
2026-07-12 05:50:56,1783835456,R_75,53158.2903,1,1.9236999999993714,BACKFILL_AUTO
2026-07-12 05:50:58,1783835458,R_75,53167.1004,1,8.810100000002421,BACKFILL_AUTO
2026-07-12 05:51:00,1783835460,R_75,53158.6549,-1,8.44550000000163,BACKFILL_AUTO
2026-07-12 05:51:02,1783835462,R_75,53169.6706,1,11.015699999996286,BACKFILL_AUTO
2026-07-12 05:51:04,1783835464,R_75,53142.2595,-1,27.411099999997532,BACKFILL_AUTO
2026-07-12 05:51:06,1783835466,R_75,53150.6961,1,8.436600000000908,BACKFILL_AUTO
2026-07-12 05:51:08,1783835468,R_75,53142.2722,-1,8.423900000001595,BACKFILL_AUTO
2026-07-12 05:51:10,1783835470,R_75,53139.3676,-1,2.9046000000016647,BACKFILL_AUTO
2026-07-12 05:51:12,1783835472,R_75,53143.9611,1,4.5935000000026776,BACKFILL_AUTO
2026-07-12 05:51:14,1783835474,R_75,53143.7166,-1,0.2445000000006985,BACKFILL_AUTO
2026-07-12 05:51:16,1783835476,R_75,53140.1947,-1,3.5218999999997322,BACKFILL_AUTO
2026-07-12 05:51:18,1783835478,R_75,53133.517,-1,6.677700000000186,BACKFILL_AUTO
2026-07-12 05:51:20,1783835480,R_75,53123.3853,-1,10.13169999999809,BACKFILL_AUTO
2026-07-12 05:51:22,1783835482,R_75,53132.5496,1,9.164299999996729,BACKFILL_AUTO
2026-07-12 05:51:24,1783835484,R_75,53129.7591,-1,2.790499999995518,BACKFILL_AUTO
2026-07-12 05:51:26,1783835486,R_75,53129.5901,-1,0.16900000000168802,BACKFILL_AUTO
2026-07-12 05:51:28,1783835488,R_75,53115.5864,-1,14.003700000001118,BACKFILL_AUTO
2026-07-12 05:51:30,1783835490,R_75,53132.2754,1,16.688999999998487,BACKFILL_AUTO
2026-07-12 05:51:32,1783835492,R_75,53120.9678,-1,11.307600000000093,BACKFILL_AUTO
2026-07-12 05:51:34,1783835494,R_75,53129.7679,1,8.800100000000384,BACKFILL_AUTO
2026-07-12 05:51:36,1783835496,R_75,53127.5829,-1,2.1849999999976717,BACKFILL_AUTO
2026-07-12 05:51:38,1783835498,R_75,53107.3093,-1,20.273600000000442,BACKFILL_AUTO
2026-07-12 05:51:40,1783835500,R_75,53121.4537,1,14.144399999997404,BACKFILL_AUTO
2026-07-12 05:51:42,1783835502,R_75,53122.1205,1,0.666799999999057,BACKFILL_AUTO
2026-07-12 05:51:44,1783835504,R_75,53118.6312,-1,3.4892999999938183,BACKFILL_AUTO
2026-07-12 05:51:46,1783835506,R_75,53125.291,1,6.659799999993993,BACKFILL_AUTO
2026-07-12 05:51:48,1783835508,R_75,53125.146,-1,0.14499999999679858,BACKFILL_AUTO
2026-07-12 05:51:50,1783835510,R_75,53128.0595,1,2.9135000000023865,BACKFILL_AUTO
2026-07-12 05:51:52,1783835512,R_75,53126.7737,-1,1.2858000000051106,BACKFILL_AUTO
2026-07-12 05:51:54,1783835514,R_75,53128.1273,1,1.3536000000021886,BACKFILL_AUTO
2026-07-12 05:51:56,1783835516,R_75,53117.9856,-1,10.141700000000128,BACKFILL_AUTO
2026-07-12 05:51:58,1783835518,R_75,53128.6189,1,10.633300000001327,BACKFILL_AUTO
2026-07-12 05:52:00,1783835520,R_75,53141.9306,1,13.311699999998382,BACKFILL_AUTO
2026-07-12 05:52:02,1783835522,R_75,53165.5281,1,23.597500000003492,BACKFILL_AUTO
2026-07-12 05:52:04,1783835524,R_75,53153.6957,-1,11.8324000000066,BACKFILL_AUTO
2026-07-12 05:52:06,1783835526,R_75,53167.0653,1,13.369600000005448,BACKFILL_AUTO
2026-07-12 05:52:08,1783835528,R_75,53166.4726,-1,0.5927000000010594,BACKFILL_AUTO
2026-07-12 05:52:10,1783835530,R_75,53166.2908,-1,0.18179999999847496,BACKFILL_AUTO
2026-07-12 05:52:12,1783835532,R_75,53171.809,1,5.518199999998615,BACKFILL_AUTO
2026-07-12 05:52:14,1783835534,R_75,53174.802,1,2.993000000002212,BACKFILL_AUTO
2026-07-12 05:52:16,1783835536,R_75,53162.3537,-1,12.448300000003655,BACKFILL_AUTO
2026-07-12 05:52:18,1783835538,R_75,53157.0764,-1,5.27730000000156,BACKFILL_AUTO
2026-07-12 05:52:20,1783835540,R_75,53167.0762,1,9.999800000005052,BACKFILL_AUTO
2026-07-12 05:52:22,1783835542,R_75,53167.9654,1,0.8891999999977998,BACKFILL_AUTO
2026-07-12 05:52:24,1783835544,R_75,53164.9171,-1,3.0483000000022002,BACKFILL_AUTO
2026-07-12 05:52:26,1783835546,R_75,53157.9767,-1,6.940399999999499,BACKFILL_AUTO
2026-07-12 05:52:28,1783835548,R_75,53156.7418,-1,1.2348999999958323,BACKFILL_AUTO
2026-07-12 05:52:30,1783835550,R_75,53163.2084,1,6.466599999999744,BACKFILL_AUTO
2026-07-12 05:52:32,1783835552,R_75,53153.35,-1,9.858400000004622,BACKFILL_AUTO
2026-07-12 05:52:34,1783835554,R_75,53141.1223,-1,12.22769999999582,BACKFILL_AUTO
2026-07-12 05:52:36,1783835556,R_75,53127.1671,-1,13.95520000000397,BACKFILL_AUTO
2026-07-12 05:52:38,1783835558,R_75,53119.5392,-1,7.627899999999499,BACKFILL_AUTO
2026-07-12 05:52:40,1783835560,R_75,53114.5835,-1,4.955699999998615,BACKFILL_AUTO
2026-07-12 05:52:42,1783835562,R_75,53098.0985,-1,16.485000000000582,BACKFILL_AUTO
2026-07-12 05:52:44,1783835564,R_75,53091.4625,-1,6.635999999998603,BACKFILL_AUTO
2026-07-12 05:52:46,1783835566,R_75,53099.5508,1,8.088299999995797,BACKFILL_AUTO
2026-07-12 05:52:48,1783835568,R_75,53109.6773,1,10.126500000005763,BACKFILL_AUTO
2026-07-12 05:52:50,1783835570,R_75,53103.5336,-1,6.1437000000005355,BACKFILL_AUTO
2026-07-12 05:52:52,1783835572,R_75,53112.1575,1,8.623899999998685,BACKFILL_AUTO
2026-07-12 05:52:54,1783835574,R_75,53082.3457,-1,29.81180000000313,BACKFILL_AUTO
2026-07-12 05:52:56,1783835576,R_75,53086.8987,1,4.552999999999884,BACKFILL_AUTO
2026-07-12 05:52:58,1783835578,R_75,53084.3506,-1,2.5480999999999767,BACKFILL_AUTO
2026-07-12 05:53:00,1783835580,R_75,53080.5499,-1,3.800699999999779,BACKFILL_AUTO
2026-07-12 05:53:02,1783835582,R_75,53083.9641,1,3.414199999999255,BACKFILL_AUTO
2026-07-12 05:53:04,1783835584,R_75,53083.4004,-1,0.5636999999987893,BACKFILL_AUTO
2026-07-12 05:53:06,1783835586,R_75,53069.5139,-1,13.886500000000524,BACKFILL_AUTO
2026-07-12 05:53:08,1783835588,R_75,53048.3477,-1,21.166199999999662,BACKFILL_AUTO
2026-07-12 05:53:10,1783835590,R_75,53046.2724,-1,2.075299999996787,BACKFILL_AUTO
2026-07-12 05:53:12,1783835592,R_75,53054.5347,1,8.262299999994866,BACKFILL_AUTO
2026-07-12 05:53:14,1783835594,R_75,53063.3767,1,8.842000000004191,BACKFILL_AUTO
2026-07-12 05:53:16,1783835596,R_75,53055.9401,-1,7.436600000000908,BACKFILL_AUTO
2026-07-12 05:53:18,1783835598,R_75,53057.6634,1,1.7232999999978347,BACKFILL_AUTO
2026-07-12 05:53:20,1783835600,R_75,53069.4384,1,11.775000000001455,BACKFILL_AUTO
2026-07-12 05:53:22,1783835602,R_75,53102.9379,1,33.49949999999808,BACKFILL_AUTO
2026-07-12 05:53:24,1783835604,R_75,53086.9207,-1,16.017199999994773,BACKFILL_AUTO
2026-07-12 05:53:26,1783835606,R_75,53098.483,1,11.562299999997776,BACKFILL_AUTO
2026-07-12 05:53:28,1783835608,R_75,53094.7917,-1,3.6912999999985914,BACKFILL_AUTO
2026-07-12 05:53:30,1783835610,R_75,53089.7523,-1,5.0394000000014785,BACKFILL_AUTO
2026-07-12 05:53:32,1783835612,R_75,53098.7799,1,9.027600000001257,BACKFILL_AUTO
2026-07-12 05:53:34,1783835614,R_75,53086.9652,-1,11.814700000002631,BACKFILL_AUTO
2026-07-12 05:53:36,1783835616,R_75,53072.1517,-1,14.813499999996566,BACKFILL_AUTO
2026-07-12 05:53:38,1783835618,R_75,53067.229,-1,4.922700000002806,BACKFILL_AUTO
2026-07-12 05:53:40,1783835620,R_75,53069.3399,1,2.110899999999674,BACKFILL_AUTO
2026-07-12 05:53:42,1783835622,R_75,53086.3874,1,17.047500000000582,BACKFILL_AUTO
2026-07-12 05:53:44,1783835624,R_75,53102.3387,1,15.951300000000629,BACKFILL_AUTO
2026-07-12 05:53:46,1783835626,R_75,53102.43,1,0.09130000000004657,BACKFILL_AUTO
2026-07-12 05:53:48,1783835628,R_75,53093.6124,-1,8.81760000000213,BACKFILL_AUTO
2026-07-12 05:53:50,1783835630,R_75,53095.4088,1,1.7963999999992666,BACKFILL_AUTO
2026-07-12 05:53:52,1783835632,R_75,53096.175,1,0.7662000000054832,BACKFILL_AUTO
2026-07-12 05:53:54,1783835634,R_75,53088.6107,-1,7.56430000000546,BACKFILL_AUTO
2026-07-12 05:53:56,1783835636,R_75,53079.0763,-1,9.534399999996822,BACKFILL_AUTO
2026-07-12 05:53:58,1783835638,R_75,53083.7499,1,4.673600000001898,BACKFILL_AUTO
2026-07-12 05:54:00,1783835640,R_75,53084.6821,1,0.9321999999956461,BACKFILL_AUTO
2026-07-12 05:54:02,1783835642,R_75,53086.1725,1,1.4904000000024098,BACKFILL_AUTO
2026-07-12 05:54:04,1783835644,R_75,53080.6627,-1,5.509799999999814,BACKFILL_AUTO
2026-07-12 05:54:06,1783835646,R_75,53083.8808,1,3.2180999999982305,BACKFILL_AUTO
2026-07-12 05:54:08,1783835648,R_75,53101.5595,1,17.678700000004028,BACKFILL_AUTO
2026-07-12 05:54:10,1783835650,R_75,53095.0288,-1,6.53070000000298,BACKFILL_AUTO
2026-07-12 05:54:12,1783835652,R_75,53075.3516,-1,19.677199999998265,BACKFILL_AUTO
2026-07-12 05:54:14,1783835654,R_75,53074.756,-1,0.5956000000005588,BACKFILL_AUTO
2026-07-12 05:54:16,1783835656,R_75,53077.923,1,3.1670000000012806,BACKFILL_AUTO
2026-07-12 05:54:18,1783835658,R_75,53095.5255,1,17.602500000000873,BACKFILL_AUTO
2026-07-12 05:54:20,1783835660,R_75,53106.9254,1,11.399899999996705,BACKFILL_AUTO
2026-07-12 05:54:22,1783835662,R_75,53115.0094,1,8.084000000002561,BACKFILL_AUTO
2026-07-12 05:54:24,1783835664,R_75,53124.4675,1,9.458099999996193,BACKFILL_AUTO
2026-07-12 05:54:26,1783835666,R_75,53125.9584,1,1.4909000000043306,BACKFILL_AUTO
2026-07-12 05:54:28,1783835668,R_75,53118.5959,-1,7.36250000000291,BACKFILL_AUTO
2026-07-12 05:54:30,1783835670,R_75,53115.4928,-1,3.1031000000002678,BACKFILL_AUTO
2026-07-12 05:54:32,1783835672,R_75,53101.6657,-1,13.827100000002247,BACKFILL_AUTO
2026-07-12 05:54:34,1783835674,R_75,53099.465,-1,2.200700000001234,BACKFILL_AUTO
2026-07-12 05:54:36,1783835676,R_75,53109.6586,1,10.193600000005972,BACKFILL_AUTO
2026-07-12 05:54:38,1783835678,R_75,53101.565,-1,8.093600000000151,BACKFILL_AUTO
2026-07-12 05:54:40,1783835680,R_75,53107.9191,1,6.3540999999968335,BACKFILL_AUTO
2026-07-12 05:54:42,1783835682,R_75,53100.0292,-1,7.889900000001944,BACKFILL_AUTO
2026-07-12 05:54:44,1783835684,R_75,53102.5496,1,2.5204000000012456,BACKFILL_AUTO
2026-07-12 05:54:46,1783835686,R_75,53102.9632,1,0.4135999999998603,BACKFILL_AUTO
2026-07-12 05:54:48,1783835688,R_75,53106.4005,1,3.4373000000050524,BACKFILL_AUTO
2026-07-12 05:54:50,1783835690,R_75,53103.0602,-1,3.340300000003481,BACKFILL_AUTO
2026-07-12 05:54:52,1783835692,R_75,53097.3215,-1,5.7387000000017,BACKFILL_AUTO
2026-07-12 05:54:54,1783835694,R_75,53104.5195,1,7.198000000003958,BACKFILL_AUTO
2026-07-12 05:54:56,1783835696,R_75,53096.0872,-1,8.432300000000396,BACKFILL_AUTO
2026-07-12 05:54:58,1783835698,R_75,53092.1444,-1,3.942800000004354,BACKFILL_AUTO
2026-07-12 05:55:00,1783835700,R_75,53076.2194,-1,15.924999999995634,BACKFILL_AUTO
2026-07-12 05:55:02,1783835702,R_75,53088.2737,1,12.054299999996147,BACKFILL_AUTO
2026-07-12 05:55:04,1783835704,R_75,53085.5895,-1,2.6841999999960535,BACKFILL_AUTO
2026-07-12 05:55:06,1783835706,R_75,53085.6741,1,0.08459999999467982,BACKFILL_AUTO
2026-07-12 05:55:08,1783835708,R_75,53081.5943,-1,4.079799999999523,BACKFILL_AUTO
2026-07-12 05:55:10,1783835710,R_75,53074.367,-1,7.22729999999865,BACKFILL_AUTO
2026-07-12 05:55:12,1783835712,R_75,53066.3755,-1,7.991499999996449,BACKFILL_AUTO
2026-07-12 05:55:14,1783835714,R_75,53073.4697,1,7.094199999999546,BACKFILL_AUTO
2026-07-12 05:55:16,1783835716,R_75,53075.5272,1,2.0574999999953434,BACKFILL_AUTO
2026-07-12 05:55:18,1783835718,R_75,53077.2856,1,1.7584000000060769,BACKFILL_AUTO
2026-07-12 05:55:20,1783835720,R_75,53048.6732,-1,28.612400000005437,BACKFILL_AUTO
2026-07-12 05:55:22,1783835722,R_75,53050.3306,1,1.6574000000036904,BACKFILL_AUTO
2026-07-12 05:55:24,1783835724,R_75,53056.9495,1,6.618900000001304,BACKFILL_AUTO
2026-07-12 05:55:26,1783835726,R_75,53051.8842,-1,5.065300000002026,BACKFILL_AUTO
2026-07-12 05:55:28,1783835728,R_75,53056.4416,1,4.55739999999787,BACKFILL_AUTO
2026-07-12 05:55:30,1783835730,R_75,53074.4511,1,18.009500000000116,BACKFILL_AUTO
2026-07-12 05:55:32,1783835732,R_75,53078.2593,1,3.8081999999994878,BACKFILL_AUTO
2026-07-12 05:55:34,1783835734,R_75,53085.587,1,7.3277000000016415,BACKFILL_AUTO
2026-07-12 05:55:36,1783835736,R_75,53083.7866,-1,1.8004000000000815,BACKFILL_AUTO
2026-07-12 05:55:38,1783835738,R_75,53075.186,-1,8.60059999999794,BACKFILL_AUTO
2026-07-12 05:55:40,1783835740,R_75,53068.578,-1,6.608000000000175,BACKFILL_AUTO
2026-07-12 05:55:42,1783835742,R_75,53068.3478,-1,0.230199999998149,BACKFILL_AUTO
2026-07-12 05:55:44,1783835744,R_75,53055.8262,-1,12.521600000000035,BACKFILL_AUTO
2026-07-12 05:55:46,1783835746,R_75,53055.6174,-1,0.2088000000003376,BACKFILL_AUTO
2026-07-12 05:55:48,1783835748,R_75,53056.4495,1,0.8320999999996275,BACKFILL_AUTO
2026-07-12 05:55:50,1783835750,R_75,53050.1308,-1,6.318700000003446,BACKFILL_AUTO
2026-07-12 05:55:52,1783835752,R_75,53051.5124,1,1.381600000000617,BACKFILL_AUTO
2026-07-12 05:55:54,1783835754,R_75,53056.6197,1,5.107300000003306,BACKFILL_AUTO
2026-07-12 05:55:56,1783835756,R_75,53042.2371,-1,14.382600000004459,BACKFILL_AUTO
2026-07-12 05:55:58,1783835758,R_75,53031.3395,-1,10.8975999999966,BACKFILL_AUTO
2026-07-12 05:56:00,1783835760,R_75,53051.8518,1,20.512299999994866,BACKFILL_AUTO
2026-07-12 05:56:02,1783835762,R_75,53056.1174,1,4.2656000000060885,BACKFILL_AUTO
2026-07-12 05:56:04,1783835764,R_75,53062.0203,1,5.902899999993679,BACKFILL_AUTO
2026-07-12 05:56:06,1783835766,R_75,53059.5903,-1,2.429999999993015,BACKFILL_AUTO
2026-07-12 05:56:08,1783835768,R_75,53054.7646,-1,4.825700000001234,BACKFILL_AUTO
2026-07-12 05:56:10,1783835770,R_75,53045.2966,-1,9.468000000000757,BACKFILL_AUTO
2026-07-12 05:56:12,1783835772,R_75,53046.464,1,1.1673999999984517,BACKFILL_AUTO
2026-07-12 05:56:14,1783835774,R_75,53051.8477,1,5.383699999998498,BACKFILL_AUTO
2026-07-12 05:56:16,1783835776,R_75,53040.816,-1,11.031699999999546,BACKFILL_AUTO
2026-07-12 05:56:18,1783835778,R_75,53040.7162,-1,0.09979999999632128,BACKFILL_AUTO
2026-07-12 05:56:20,1783835780,R_75,53042.8632,1,2.146999999997206,BACKFILL_AUTO
2026-07-12 05:56:22,1783835782,R_75,53053.6026,1,10.739399999998568,BACKFILL_AUTO
2026-07-12 05:56:24,1783835784,R_75,53055.9034,1,2.3008000000045286,BACKFILL_AUTO
2026-07-12 05:56:26,1783835786,R_75,53061.0773,1,5.173899999994319,BACKFILL_AUTO
2026-07-12 05:56:28,1783835788,R_75,53054.2962,-1,6.781100000000151,BACKFILL_AUTO
2026-07-12 05:56:30,1783835790,R_75,53062.3193,1,8.023100000005797,BACKFILL_AUTO
2026-07-12 05:56:32,1783835792,R_75,53064.5932,1,2.2739000000001397,BACKFILL_AUTO
2026-07-12 05:56:34,1783835794,R_75,53039.5608,-1,25.03240000000369,BACKFILL_AUTO
2026-07-12 05:56:36,1783835796,R_75,53065.8134,1,26.252599999999802,BACKFILL_AUTO
2026-07-12 05:56:38,1783835798,R_75,53053.8697,-1,11.94369999999617,BACKFILL_AUTO
2026-07-12 05:56:40,1783835800,R_75,53039.9568,-1,13.912900000002992,BACKFILL_AUTO
2026-07-12 05:56:42,1783835802,R_75,53025.9332,-1,14.023600000000442,BACKFILL_AUTO
2026-07-12 05:56:44,1783835804,R_75,53044.0897,1,18.156499999997322,BACKFILL_AUTO
2026-07-12 05:56:46,1783835806,R_75,53039.7274,-1,4.362299999993411,BACKFILL_AUTO
2026-07-12 05:56:48,1783835808,R_75,53042.8637,1,3.1362999999983003,BACKFILL_AUTO
2026-07-12 05:56:50,1783835810,R_75,53044.4877,1,1.6239999999961583,BACKFILL_AUTO
2026-07-12 05:56:52,1783835812,R_75,53047.1671,1,2.6794000000008964,BACKFILL_AUTO
2026-07-12 05:56:54,1783835814,R_75,53051.2738,1,4.1067000000039116,BACKFILL_AUTO
2026-07-12 05:56:56,1783835816,R_75,53050.1911,-1,1.082700000006298,BACKFILL_AUTO
2026-07-12 05:56:58,1783835818,R_75,53049.7397,-1,0.45139999999810243,BACKFILL_AUTO
2026-07-12 05:57:00,1783835820,R_75,53051.5427,1,1.8029999999998836,BACKFILL_AUTO
2026-07-12 05:57:02,1783835822,R_75,53046.6231,-1,4.919600000001083,BACKFILL_AUTO
2026-07-12 05:57:04,1783835824,R_75,53030.9045,-1,15.718600000000151,BACKFILL_AUTO
2026-07-12 05:57:06,1783835826,R_75,53048.9689,1,18.064400000002934,BACKFILL_AUTO
2026-07-12 05:57:08,1783835828,R_75,53069.9232,1,20.954299999997602,BACKFILL_AUTO
2026-07-12 05:57:10,1783835830,R_75,53067.8729,-1,2.0502999999953317,BACKFILL_AUTO
2026-07-12 05:57:12,1783835832,R_75,53074.8422,1,6.96929999999702,BACKFILL_AUTO
2026-07-12 05:57:14,1783835834,R_75,53071.3297,-1,3.5124999999970896,BACKFILL_AUTO
2026-07-12 05:57:16,1783835836,R_75,53060.1915,-1,11.138200000001234,BACKFILL_AUTO
2026-07-12 05:57:18,1783835838,R_75,53073.1101,1,12.918599999997241,BACKFILL_AUTO
2026-07-12 05:57:20,1783835840,R_75,53067.5848,-1,5.5253000000011525,BACKFILL_AUTO
2026-07-12 05:57:22,1783835842,R_75,53064.3635,-1,3.221299999997427,BACKFILL_AUTO
2026-07-12 05:57:24,1783835844,R_75,53064.8756,1,0.5120999999999185,BACKFILL_AUTO
2026-07-12 05:57:26,1783835846,R_75,53060.1807,-1,4.694900000002235,BACKFILL_AUTO
2026-07-12 05:57:28,1783835848,R_75,53049.7027,-1,10.477999999995518,BACKFILL_AUTO
2026-07-12 05:57:30,1783835850,R_75,53057.5604,1,7.857700000000477,BACKFILL_AUTO
2026-07-12 05:57:32,1783835852,R_75,53047.5549,-1,10.005499999999302,BACKFILL_AUTO
2026-07-12 05:57:34,1783835854,R_75,53051.5722,1,4.017299999999523,BACKFILL_AUTO
2026-07-12 05:57:36,1783835856,R_75,53048.8704,-1,2.7018000000025495,BACKFILL_AUTO
2026-07-12 05:57:38,1783835858,R_75,53056.1212,1,7.250800000001618,BACKFILL_AUTO
2026-07-12 05:57:40,1783835860,R_75,53059.8437,1,3.7224999999962165,BACKFILL_AUTO
2026-07-12 05:57:42,1783835862,R_75,53048.8496,-1,10.994099999996251,BACKFILL_AUTO
2026-07-12 05:57:44,1783835864,R_75,53041.6254,-1,7.224200000004203,BACKFILL_AUTO
2026-07-12 05:57:46,1783835866,R_75,53034.8401,-1,6.785299999995914,BACKFILL_AUTO
2026-07-12 05:57:48,1783835868,R_75,53052.2534,1,17.413300000000163,BACKFILL_AUTO
2026-07-12 05:57:50,1783835870,R_75,53049.4768,-1,2.7766000000046915,BACKFILL_AUTO
2026-07-12 05:57:52,1783835872,R_75,53042.1331,-1,7.343699999997625,BACKFILL_AUTO
2026-07-12 05:57:54,1783835874,R_75,53053.6539,1,11.520799999998417,BACKFILL_AUTO
2026-07-12 05:57:56,1783835876,R_75,53047.1639,-1,6.489999999997963,BACKFILL_AUTO
2026-07-12 05:57:58,1783835878,R_75,53054.5911,1,7.427199999998265,BACKFILL_AUTO
2026-07-12 05:58:00,1783835880,R_75,53063.4056,1,8.814500000000407,BACKFILL_AUTO
2026-07-12 05:58:02,1783835882,R_75,53049.3708,-1,14.034800000001269,BACKFILL_AUTO
2026-07-12 05:58:04,1783835884,R_75,53037.2047,-1,12.166099999994913,BACKFILL_AUTO
2026-07-12 05:58:06,1783835886,R_75,53021.3867,-1,15.817999999999302,BACKFILL_AUTO
2026-07-12 05:58:08,1783835888,R_75,53023.4333,1,2.046599999994214,BACKFILL_AUTO
2026-07-12 05:58:10,1783835890,R_75,53028.0062,1,4.572900000006484,BACKFILL_AUTO
2026-07-12 05:58:12,1783835892,R_75,53024.9375,-1,3.068700000003446,BACKFILL_AUTO
2026-07-12 05:58:14,1783835894,R_75,53024.7966,-1,0.14089999999850988,BACKFILL_AUTO
2026-07-12 05:58:16,1783835896,R_75,53028.9072,1,4.110599999999977,BACKFILL_AUTO
2026-07-12 05:58:18,1783835898,R_75,53038.2388,1,9.331599999997707,BACKFILL_AUTO
2026-07-12 05:58:20,1783835900,R_75,53043.4721,1,5.233299999999872,BACKFILL_AUTO
2026-07-12 05:58:22,1783835902,R_75,53059.7941,1,16.322000000000116,BACKFILL_AUTO
2026-07-12 05:58:24,1783835904,R_75,53069.2265,1,9.43239999999787,BACKFILL_AUTO
2026-07-12 05:58:26,1783835906,R_75,53076.2718,1,7.045300000005227,BACKFILL_AUTO
2026-07-12 05:58:28,1783835908,R_75,53065.2687,-1,11.003100000001723,BACKFILL_AUTO
2026-07-12 05:58:30,1783835910,R_75,53077.7727,1,12.504000000000815,BACKFILL_AUTO
2026-07-12 05:58:32,1783835912,R_75,53069.5311,-1,8.241600000001199,BACKFILL_AUTO
2026-07-12 05:58:34,1783835914,R_75,53076.5712,1,7.040099999998347,BACKFILL_AUTO
2026-07-12 05:58:36,1783835916,R_75,53078.0477,1,1.4765000000043074,BACKFILL_AUTO
2026-07-12 05:58:38,1783835918,R_75,53080.8851,1,2.8373999999967054,BACKFILL_AUTO
2026-07-12 05:58:40,1783835920,R_75,53056.1822,-1,24.70289999999659,BACKFILL_AUTO
2026-07-12 05:58:42,1783835922,R_75,53055.6685,-1,0.5137000000031549,BACKFILL_AUTO
2026-07-12 05:58:44,1783835924,R_75,53060.9154,1,5.246899999998277,BACKFILL_AUTO
2026-07-12 05:58:46,1783835926,R_75,53070.031,1,9.115600000004633,BACKFILL_AUTO
2026-07-12 05:58:48,1783835928,R_75,53092.3522,1,22.3211999999985,BACKFILL_AUTO
2026-07-12 05:58:50,1783835930,R_75,53087.4042,-1,4.948000000003958,BACKFILL_AUTO
2026-07-12 05:58:52,1783835932,R_75,53090.3802,1,2.9760000000023865,BACKFILL_AUTO
2026-07-12 05:58:54,1783835934,R_75,53090.7009,1,0.32070000000385335,BACKFILL_AUTO
2026-07-12 05:58:56,1783835936,R_75,53089.4681,-1,1.232800000005227,BACKFILL_AUTO
2026-07-12 05:58:58,1783835938,R_75,53090.4426,1,0.9745000000038999,BACKFILL_AUTO
2026-07-12 05:59:00,1783835940,R_75,53089.2515,-1,1.1911000000036438,BACKFILL_AUTO
2026-07-12 05:59:02,1783835942,R_75,53108.2173,1,18.965799999998126,BACKFILL_AUTO
2026-07-12 05:59:04,1783835944,R_75,53109.9445,1,1.7272000000011758,BACKFILL_AUTO
2026-07-12 05:59:06,1783835946,R_75,53109.276,-1,0.6684999999997672,BACKFILL_AUTO
2026-07-12 05:59:08,1783835948,R_75,53106.82,-1,2.455999999998312,BACKFILL_AUTO
2026-07-12 05:59:10,1783835950,R_75,53088.5634,-1,18.256600000000617,BACKFILL_AUTO
2026-07-12 05:59:12,1783835952,R_75,53093.976,1,5.4126000000032946,BACKFILL_AUTO
2026-07-12 05:59:14,1783835954,R_75,53080.0973,-1,13.878700000001118,BACKFILL_AUTO
2026-07-12 05:59:16,1783835956,R_75,53063.2684,-1,16.82890000000043,BACKFILL_AUTO
2026-07-12 05:59:18,1783835958,R_75,53066.8964,1,3.627999999996973,BACKFILL_AUTO
2026-07-12 05:59:20,1783835960,R_75,53085.8661,1,18.969700000001467,BACKFILL_AUTO
2026-07-12 05:59:22,1783835962,R_75,53092.5781,1,6.711999999999534,BACKFILL_AUTO
2026-07-12 05:59:24,1783835964,R_75,53101.1759,1,8.59780000000319,BACKFILL_AUTO
2026-07-12 05:59:26,1783835966,R_75,53081.3367,-1,19.839200000002165,BACKFILL_AUTO
2026-07-12 05:59:28,1783835968,R_75,53071.0471,-1,10.289599999996426,BACKFILL_AUTO
2026-07-12 05:59:30,1783835970,R_75,53059.9926,-1,11.054500000005646,BACKFILL_AUTO
2026-07-12 05:59:32,1783835972,R_75,53067.502,1,7.509400000002643,BACKFILL_AUTO
2026-07-12 05:59:34,1783835974,R_75,53056.1084,-1,11.393600000003062,BACKFILL_AUTO
2026-07-12 05:59:36,1783835976,R_75,53047.1556,-1,8.952799999999115,BACKFILL_AUTO
2026-07-12 05:59:38,1783835978,R_75,53050.6992,1,3.543600000004517,BACKFILL_AUTO
2026-07-12 05:59:40,1783835980,R_75,53064.7674,1,14.068199999994249,BACKFILL_AUTO
2026-07-12 05:59:42,1783835982,R_75,53072.2306,1,7.4632000000056,BACKFILL_AUTO
2026-07-12 05:59:44,1783835984,R_75,53063.6341,-1,8.59649999999965,BACKFILL_AUTO
2026-07-12 05:59:46,1783835986,R_75,53046.4184,-1,17.215700000000652,BACKFILL_AUTO
2026-07-12 05:59:48,1783835988,R_75,53042.7158,-1,3.7026000000041677,BACKFILL_AUTO
2026-07-12 05:59:50,1783835990,R_75,53060.7102,1,17.994400000003225,BACKFILL_AUTO
2026-07-12 05:59:52,1783835992,R_75,53051.3964,-1,9.313800000003539,BACKFILL_AUTO
2026-07-12 05:59:54,1783835994,R_75,53037.9572,-1,13.43920000000071,BACKFILL_AUTO
2026-07-12 05:59:56,1783835996,R_75,53039.0209,1,1.0637000000060652,BACKFILL_AUTO
2026-07-12 05:59:58,1783835998,R_75,53043.7051,1,4.6841999999960535,BACKFILL_AUTO
2026-07-12 06:00:00,1783836000,R_75,53045.6637,1,1.958599999998114,BACKFILL_AUTO
2026-07-12 06:00:02,1783836002,R_75,53053.0003,1,7.336600000002363,BACKFILL_AUTO
2026-07-12 06:00:04,1783836004,R_75,53053.2504,1,0.2500999999974738,BACKFILL_AUTO
2026-07-12 06:00:06,1783836006,R_75,53047.4643,-1,5.786099999997532,BACKFILL_AUTO
2026-07-12 06:00:08,1783836008,R_75,53041.4615,-1,6.002800000002026,BACKFILL_AUTO
2026-07-12 06:00:10,1783836010,R_75,53065.2018,1,23.740300000004936,BACKFILL_AUTO
2026-07-12 06:00:12,1783836012,R_75,53048.1252,-1,17.076600000000326,BACKFILL_AUTO
2026-07-12 06:00:14,1783836014,R_75,53055.2769,1,7.151699999994889,BACKFILL_AUTO
2026-07-12 06:00:16,1783836016,R_75,53042.9587,-1,12.318199999994249,BACKFILL_AUTO
2026-07-12 06:00:18,1783836018,R_75,53027.2332,-1,15.725500000000466,BACKFILL_AUTO
2026-07-12 06:00:20,1783836020,R_75,53031.2214,1,3.988199999999779,BACKFILL_AUTO
2026-07-12 06:00:22,1783836022,R_75,53038.2274,1,7.006000000001222,BACKFILL_AUTO
2026-07-12 06:00:24,1783836024,R_75,53039.5625,1,1.3350999999966007,BACKFILL_AUTO
2026-07-12 06:00:26,1783836026,R_75,53045.791,1,6.228499999997439,BACKFILL_AUTO
2026-07-12 06:00:28,1783836028,R_75,53039.4714,-1,6.319599999995262,BACKFILL_AUTO
2026-07-12 06:00:30,1783836030,R_75,53045.0846,1,5.613199999999779,BACKFILL_AUTO
2026-07-12 06:00:32,1783836032,R_75,53051.3711,1,6.286499999994703,BACKFILL_AUTO
2026-07-12 06:00:34,1783836034,R_75,53072.154,1,20.78290000000561,BACKFILL_AUTO
2026-07-12 06:00:36,1783836036,R_75,53070.0066,-1,2.147400000001653,BACKFILL_AUTO
2026-07-12 06:00:38,1783836038,R_75,53067.5539,-1,2.4527000000016415,BACKFILL_AUTO
2026-07-12 06:00:40,1783836040,R_75,53069.3678,1,1.8139000000010128,BACKFILL_AUTO
2026-07-12 06:00:42,1783836042,R_75,53047.7501,-1,21.617700000002515,BACKFILL_AUTO
2026-07-12 06:00:44,1783836044,R_75,53067.2882,1,19.538100000005215,BACKFILL_AUTO
2026-07-12 06:00:46,1783836046,R_75,53060.2731,-1,7.015100000004168,BACKFILL_AUTO
2026-07-12 06:00:48,1783836048,R_75,53070.8657,1,10.592600000003586,BACKFILL_AUTO
2026-07-12 06:00:50,1783836050,R_75,53077.1615,1,6.295799999999872,BACKFILL_AUTO
2026-07-12 06:00:52,1783836052,R_75,53088.7163,1,11.554799999998068,BACKFILL_AUTO
2026-07-12 06:00:54,1783836054,R_75,53092.271,1,3.5547000000005937,BACKFILL_AUTO
2026-07-12 06:00:56,1783836056,R_75,53087.3173,-1,4.953699999998207,BACKFILL_AUTO
2026-07-12 06:00:58,1783836058,R_75,53082.377,-1,4.940300000002026,BACKFILL_AUTO
2026-07-12 06:01:00,1783836060,R_75,53082.1584,-1,0.21860000000015134,BACKFILL_AUTO
2026-07-12 06:01:02,1783836062,R_75,53075.5143,-1,6.644099999997707,BACKFILL_AUTO
2026-07-12 06:01:04,1783836064,R_75,53073.3135,-1,2.2008000000059837,BACKFILL_AUTO
2026-07-12 06:01:06,1783836066,R_75,53048.1772,-1,25.1362999999983,BACKFILL_AUTO
2026-07-12 06:01:08,1783836068,R_75,53052.0666,1,3.8894000000000233,BACKFILL_AUTO
2026-07-12 06:01:10,1783836070,R_75,53042.1222,-1,9.944400000000314,BACKFILL_AUTO
2026-07-12 06:01:12,1783836072,R_75,53038.4155,-1,3.7066999999951804,BACKFILL_AUTO
2026-07-12 06:01:14,1783836074,R_75,53030.5542,-1,7.861300000004121,BACKFILL_AUTO
2026-07-12 06:01:16,1783836076,R_75,53022.9052,-1,7.6489999999976135,BACKFILL_AUTO
2026-07-12 06:01:18,1783836078,R_75,53031.9629,1,9.057699999997567,BACKFILL_AUTO
2026-07-12 06:01:20,1783836080,R_75,53036.3229,1,4.360000000000582,BACKFILL_AUTO
2026-07-12 06:01:22,1783836082,R_75,53043.9219,1,7.599000000001979,BACKFILL_AUTO
2026-07-12 06:01:24,1783836084,R_75,53045.4868,1,1.5648999999975786,BACKFILL_AUTO
2026-07-12 06:01:26,1783836086,R_75,53032.9362,-1,12.550600000002305,BACKFILL_AUTO
2026-07-12 06:01:28,1783836088,R_75,53038.5115,1,5.575300000004063,BACKFILL_AUTO
2026-07-12 06:01:30,1783836090,R_75,53056.0075,1,17.495999999999185,BACKFILL_AUTO
2026-07-12 06:01:32,1783836092,R_75,53038.1714,-1,17.836100000000442,BACKFILL_AUTO
2026-07-12 06:01:34,1783836094,R_75,53061.3987,1,23.22729999999865,BACKFILL_AUTO
2026-07-12 06:01:36,1783836096,R_75,53070.1005,1,8.70180000000255,BACKFILL_AUTO
2026-07-12 06:01:38,1783836098,R_75,53064.6704,-1,5.430099999997765,BACKFILL_AUTO
2026-07-12 06:01:40,1783836100,R_75,53071.5581,1,6.887699999999313,BACKFILL_AUTO
2026-07-12 06:01:42,1783836102,R_75,53065.9814,-1,5.576700000005076,BACKFILL_AUTO
2026-07-12 06:01:44,1783836104,R_75,53073.1902,1,7.208800000000338,BACKFILL_AUTO
2026-07-12 06:01:46,1783836106,R_75,53059.624,-1,13.566199999993842,BACKFILL_AUTO
2026-07-12 06:01:48,1783836108,R_75,53061.0822,1,1.458199999993667,BACKFILL_AUTO
2026-07-12 06:01:50,1783836110,R_75,53071.8496,1,10.767400000004272,BACKFILL_AUTO
2026-07-12 06:01:52,1783836112,R_75,53076.696,1,4.846400000002177,BACKFILL_AUTO
2026-07-12 06:01:54,1783836114,R_75,53071.5044,-1,5.191600000005565,BACKFILL_AUTO
2026-07-12 06:01:56,1783836116,R_75,53081.2488,1,9.744400000003225,BACKFILL_AUTO
2026-07-12 06:01:58,1783836118,R_75,53095.0318,1,13.782999999995809,BACKFILL_AUTO
2026-07-12 06:02:00,1783836120,R_75,53099.0403,1,4.008500000003551,BACKFILL_AUTO
2026-07-12 06:02:02,1783836122,R_75,53107.5908,1,8.550499999997555,BACKFILL_AUTO
2026-07-12 06:02:04,1783836124,R_75,53108.2707,1,0.6799000000028173,BACKFILL_AUTO
2026-07-12 06:02:06,1783836126,R_75,53099.7604,-1,8.510300000001735,BACKFILL_AUTO
2026-07-12 06:02:08,1783836128,R_75,53095.5903,-1,4.170099999995728,BACKFILL_AUTO
2026-07-12 06:02:10,1783836130,R_75,53103.2755,1,7.685199999999895,BACKFILL_AUTO
2026-07-12 06:02:12,1783836132,R_75,53122.2575,1,18.981999999996333,BACKFILL_AUTO
2026-07-12 06:02:14,1783836134,R_75,53120.1744,-1,2.083099999996193,BACKFILL_AUTO
2026-07-12 06:02:16,1783836136,R_75,53125.3305,1,5.156099999992875,BACKFILL_AUTO
2026-07-12 06:02:18,1783836138,R_75,53123.2959,-1,2.0345999999990454,BACKFILL_AUTO
2026-07-12 06:02:20,1783836140,R_75,53120.3842,-1,2.9116999999969266,BACKFILL_AUTO
2026-07-12 06:02:22,1783836142,R_75,53121.6285,1,1.244299999998475,BACKFILL_AUTO
2026-07-12 06:02:24,1783836144,R_75,53130.1474,1,8.518900000002759,BACKFILL_AUTO
2026-07-12 06:02:26,1783836146,R_75,53136.9164,1,6.769000000000233,BACKFILL_AUTO
2026-07-12 06:02:28,1783836148,R_75,53130.9264,-1,5.990000000005239,BACKFILL_AUTO
2026-07-12 06:02:30,1783836150,R_75,53143.5715,1,12.645100000001548,BACKFILL_AUTO
2026-07-12 06:02:32,1783836152,R_75,53126.8765,-1,16.69499999999971,BACKFILL_AUTO
2026-07-12 06:02:34,1783836154,R_75,53125.7383,-1,1.138200000001234,BACKFILL_AUTO
2026-07-12 06:02:36,1783836156,R_75,53135.1968,1,9.45850000000064,BACKFILL_AUTO
2026-07-12 06:02:38,1783836158,R_75,53121.6434,-1,13.553399999997055,BACKFILL_AUTO
2026-07-12 06:02:40,1783836160,R_75,53127.6326,1,5.989199999996345,BACKFILL_AUTO
2026-07-12 06:02:42,1783836162,R_75,53133.5925,1,5.959900000001653,BACKFILL_AUTO
2026-07-12 06:02:44,1783836164,R_75,53123.6072,-1,9.98530000000028,BACKFILL_AUTO
2026-07-12 06:02:46,1783836166,R_75,53126.0626,1,2.4553999999989173,BACKFILL_AUTO
2026-07-12 06:02:48,1783836168,R_75,53133.2262,1,7.16359999999986,BACKFILL_AUTO
2026-07-12 06:02:50,1783836170,R_75,53122.701,-1,10.525199999996403,BACKFILL_AUTO
2026-07-12 06:02:52,1783836172,R_75,53121.1554,-1,1.5455999999976484,BACKFILL_AUTO
2026-07-12 06:02:54,1783836174,R_75,53122.5472,1,1.3917999999976018,BACKFILL_AUTO
2026-07-12 06:02:56,1783836176,R_75,53128.8438,1,6.29660000000149,BACKFILL_AUTO
2026-07-12 06:02:58,1783836178,R_75,53128.6117,-1,0.23210000000108266,BACKFILL_AUTO
2026-07-12 06:03:00,1783836180,R_75,53121.3851,-1,7.226600000001781,BACKFILL_AUTO
2026-07-12 06:03:02,1783836182,R_75,53115.2248,-1,6.160299999995914,BACKFILL_AUTO
2026-07-12 06:03:04,1783836184,R_75,53114.6515,-1,0.5733000000036554,BACKFILL_AUTO
2026-07-12 06:03:06,1783836186,R_75,53107.6059,-1,7.045599999997648,BACKFILL_AUTO
2026-07-12 06:03:08,1783836188,R_75,53105.4682,-1,2.137699999999313,BACKFILL_AUTO
2026-07-12 06:03:10,1783836190,R_75,53087.6806,-1,17.787600000003295,BACKFILL_AUTO
2026-07-12 06:03:12,1783836192,R_75,53078.4365,-1,9.244099999996251,BACKFILL_AUTO
2026-07-12 06:03:14,1783836194,R_75,53081.7365,1,3.2999999999956344,BACKFILL_AUTO
2026-07-12 06:03:16,1783836196,R_75,53101.32,1,19.58350000000064,BACKFILL_AUTO
2026-07-12 06:03:18,1783836198,R_75,53100.4725,-1,0.8474999999962165,BACKFILL_AUTO
2026-07-12 06:03:20,1783836200,R_75,53109.2458,1,8.773299999993469,BACKFILL_AUTO
2026-07-12 06:03:22,1783836202,R_75,53118.9739,1,9.728100000000268,BACKFILL_AUTO
2026-07-12 06:03:24,1783836204,R_75,53114.5177,-1,4.4562000000005355,BACKFILL_AUTO
2026-07-12 06:03:26,1783836206,R_75,53112.2802,-1,2.2374999999956344,BACKFILL_AUTO
2026-07-12 06:03:28,1783836208,R_75,53106.8934,-1,5.386800000000221,BACKFILL_AUTO
2026-07-12 06:03:30,1783836210,R_75,53119.2967,1,12.403299999998126,BACKFILL_AUTO
2026-07-12 06:03:32,1783836212,R_75,53123.8448,1,4.548099999999977,BACKFILL_AUTO
2026-07-12 06:03:34,1783836214,R_75,53126.3945,1,2.549700000003213,BACKFILL_AUTO
2026-07-12 06:03:36,1783836216,R_75,53134.3812,1,7.986700000001292,BACKFILL_AUTO
2026-07-12 06:03:38,1783836218,R_75,53152.4209,1,18.0396999999939,BACKFILL_AUTO
2026-07-12 06:03:40,1783836220,R_75,53158.3113,1,5.890400000003865,BACKFILL_AUTO
2026-07-12 06:03:42,1783836222,R_75,53156.2716,-1,2.039700000001176,BACKFILL_AUTO
2026-07-12 06:03:44,1783836224,R_75,53154.4416,-1,1.8300000000017462,BACKFILL_AUTO
2026-07-12 06:03:46,1783836226,R_75,53153.9323,-1,0.5092999999978929,BACKFILL_AUTO
2026-07-12 06:03:48,1783836228,R_75,53152.9167,-1,1.0155999999988126,BACKFILL_AUTO
2026-07-12 06:03:50,1783836230,R_75,53137.7447,-1,15.171999999998661,BACKFILL_AUTO
2026-07-12 06:03:52,1783836232,R_75,53141.4802,1,3.735499999995227,BACKFILL_AUTO
2026-07-12 06:03:54,1783836234,R_75,53157.3643,1,15.884100000002945,BACKFILL_AUTO
2026-07-12 06:03:56,1783836236,R_75,53159.8344,1,2.470099999998638,BACKFILL_AUTO
2026-07-12 06:03:58,1783836238,R_75,53152.5898,-1,7.244599999998172,BACKFILL_AUTO
2026-07-12 06:04:00,1783836240,R_75,53147.4239,-1,5.165899999999965,BACKFILL_AUTO
2026-07-12 06:04:02,1783836242,R_75,53148.3427,1,0.9187999999994645,BACKFILL_AUTO
2026-07-12 06:04:04,1783836244,R_75,53133.6163,-1,14.726399999999558,BACKFILL_AUTO
2026-07-12 06:04:06,1783836246,R_75,53125.1888,-1,8.427499999997963,BACKFILL_AUTO
2026-07-12 06:04:08,1783836248,R_75,53109.5923,-1,15.596500000006927,BACKFILL_AUTO
2026-07-12 06:04:10,1783836250,R_75,53104.4413,-1,5.150999999998021,BACKFILL_AUTO
2026-07-12 06:04:12,1783836252,R_75,53126.2957,1,21.854400000003807,BACKFILL_AUTO
2026-07-12 06:04:14,1783836254,R_75,53125.879,-1,0.41670000000158325,BACKFILL_AUTO
2026-07-12 06:04:16,1783836256,R_75,53127.5586,1,1.679599999995844,BACKFILL_AUTO
2026-07-12 06:04:18,1783836258,R_75,53105.9279,-1,21.63069999999425,BACKFILL_AUTO
2026-07-12 06:04:20,1783836260,R_75,53108.1856,1,2.2576999999946565,BACKFILL_AUTO
2026-07-12 06:04:22,1783836262,R_75,53112.996,1,4.810400000002119,BACKFILL_AUTO
2026-07-12 06:04:24,1783836264,R_75,53106.0616,-1,6.934399999998277,BACKFILL_AUTO
2026-07-12 06:04:26,1783836266,R_75,53109.9595,1,3.897899999996298,BACKFILL_AUTO
2026-07-12 06:04:28,1783836268,R_75,53100.6619,-1,9.297599999998056,BACKFILL_AUTO
2026-07-12 06:04:30,1783836270,R_75,53104.7599,1,4.097999999998137,BACKFILL_AUTO
2026-07-12 06:04:32,1783836272,R_75,53114.2222,1,9.462299999999232,BACKFILL_AUTO
2026-07-12 06:04:34,1783836274,R_75,53118.1703,1,3.948100000001432,BACKFILL_AUTO
2026-07-12 06:04:36,1783836276,R_75,53115.7502,-1,2.4200999999957276,BACKFILL_AUTO
2026-07-12 06:04:38,1783836278,R_75,53123.3707,1,7.620499999997264,BACKFILL_AUTO
2026-07-12 06:04:40,1783836280,R_75,53125.2117,1,1.8410000000003492,BACKFILL_AUTO
2026-07-12 06:04:42,1783836282,R_75,53107.9335,-1,17.278200000000652,BACKFILL_AUTO
2026-07-12 06:04:44,1783836284,R_75,53113.0337,1,5.100200000000768,BACKFILL_AUTO
2026-07-12 06:04:46,1783836286,R_75,53115.7615,1,2.7278000000005704,BACKFILL_AUTO
2026-07-12 06:04:48,1783836288,R_75,53117.8035,1,2.0420000000012806,BACKFILL_AUTO
2026-07-12 06:04:50,1783836290,R_75,53100.2754,-1,17.528100000003178,BACKFILL_AUTO
2026-07-12 06:04:52,1783836292,R_75,53106.6603,1,6.3849000000045635,BACKFILL_AUTO
2026-07-12 06:04:54,1783836294,R_75,53108.1317,1,1.471399999994901,BACKFILL_AUTO
2026-07-12 06:04:56,1783836296,R_75,53106.5686,-1,1.5630999999993946,BACKFILL_AUTO
2026-07-12 06:04:58,1783836298,R_75,53101.0851,-1,5.4835000000020955,BACKFILL_AUTO
2026-07-12 06:05:00,1783836300,R_75,53091.9495,-1,9.135599999994156,BACKFILL_AUTO
2026-07-12 06:05:02,1783836302,R_75,53094.2132,1,2.263699999995879,BACKFILL_AUTO
2026-07-12 06:05:04,1783836304,R_75,53072.1392,-1,22.074000000000524,BACKFILL_AUTO
2026-07-12 06:05:06,1783836306,R_75,53077.5778,1,5.4386000000013155,BACKFILL_AUTO
2026-07-12 06:05:08,1783836308,R_75,53075.5983,-1,1.9795000000012806,BACKFILL_AUTO
2026-07-12 06:05:10,1783836310,R_75,53073.2182,-1,2.3800999999948544,BACKFILL_AUTO
2026-07-12 06:05:12,1783836312,R_75,53078.0381,1,4.819899999994959,BACKFILL_AUTO
2026-07-12 06:05:14,1783836314,R_75,53088.7151,1,10.677000000003318,BACKFILL_AUTO
2026-07-12 06:05:16,1783836316,R_75,53083.6944,-1,5.020700000000943,BACKFILL_AUTO
2026-07-12 06:05:18,1783836318,R_75,53099.1923,1,15.497900000002119,BACKFILL_AUTO
2026-07-12 06:05:20,1783836320,R_75,53077.9916,-1,21.200700000001234,BACKFILL_AUTO
2026-07-12 06:05:22,1783836322,R_75,53075.0934,-1,2.8982000000032713,BACKFILL_AUTO
2026-07-12 06:05:24,1783836324,R_75,53078.0618,1,2.9684000000052038,BACKFILL_AUTO
2026-07-12 06:05:26,1783836326,R_75,53079.7869,1,1.7250999999960186,BACKFILL_AUTO
2026-07-12 06:05:28,1783836328,R_75,53073.7985,-1,5.988400000002002,BACKFILL_AUTO
2026-07-12 06:05:30,1783836330,R_75,53081.1945,1,7.39600000000064,BACKFILL_AUTO
2026-07-12 06:05:32,1783836332,R_75,53084.8559,1,3.6614000000045053,BACKFILL_AUTO
2026-07-12 06:05:34,1783836334,R_75,53093.3557,1,8.499799999997776,BACKFILL_AUTO
2026-07-12 06:05:36,1783836336,R_75,53091.6025,-1,1.7531999999991967,BACKFILL_AUTO
2026-07-12 06:05:38,1783836338,R_75,53094.8304,1,3.2278999999980442,BACKFILL_AUTO
2026-07-12 06:05:40,1783836340,R_75,53106.4117,1,11.58129999999801,BACKFILL_AUTO
2026-07-12 06:05:42,1783836342,R_75,53110.3423,1,3.9305999999996857,BACKFILL_AUTO
2026-07-12 06:05:44,1783836344,R_75,53117.2073,1,6.865000000005239,BACKFILL_AUTO
2026-07-12 06:05:46,1783836346,R_75,53122.317,1,5.109700000000885,BACKFILL_AUTO
2026-07-12 06:05:48,1783836348,R_75,53106.4282,-1,15.888800000000629,BACKFILL_AUTO
2026-07-12 06:05:50,1783836350,R_75,53102.2156,-1,4.212599999998929,BACKFILL_AUTO
2026-07-12 06:05:52,1783836352,R_75,53101.6206,-1,0.5950000000011642,BACKFILL_AUTO
2026-07-12 06:05:54,1783836354,R_75,53103.5205,1,1.8998999999967054,BACKFILL_AUTO
2026-07-12 06:05:56,1783836356,R_75,53092.3787,-1,11.141799999997602,BACKFILL_AUTO
2026-07-12 06:05:58,1783836358,R_75,53104.6964,1,12.317699999999604,BACKFILL_AUTO
2026-07-12 06:06:00,1783836360,R_75,53085.4015,-1,19.29490000000078,BACKFILL_AUTO
2026-07-12 06:06:02,1783836362,R_75,53083.1662,-1,2.2353000000002794,BACKFILL_AUTO
2026-07-12 06:06:04,1783836364,R_75,53064.4276,-1,18.73859999999695,BACKFILL_AUTO
2026-07-12 06:06:06,1783836366,R_75,53081.0762,1,16.648600000000442,BACKFILL_AUTO
2026-07-12 06:06:08,1783836368,R_75,53085.2403,1,4.164099999994505,BACKFILL_AUTO
2026-07-12 06:06:10,1783836370,R_75,53076.2169,-1,9.023399999998219,BACKFILL_AUTO
2026-07-12 06:06:12,1783836372,R_75,53074.3746,-1,1.8422999999966123,BACKFILL_AUTO
2026-07-12 06:06:14,1783836374,R_75,53074.2554,-1,0.11920000000100117,BACKFILL_AUTO
2026-07-12 06:06:16,1783836376,R_75,53076.1685,1,1.9130999999979394,BACKFILL_AUTO
2026-07-12 06:06:18,1783836378,R_75,53076.0101,-1,0.1584000000002561,BACKFILL_AUTO
2026-07-12 06:06:20,1783836380,R_75,53070.2398,-1,5.770299999996496,BACKFILL_AUTO
2026-07-12 06:06:22,1783836382,R_75,53092.2334,1,21.99359999999433,BACKFILL_AUTO
2026-07-12 06:06:24,1783836384,R_75,53086.6767,-1,5.556699999993725,BACKFILL_AUTO
2026-07-12 06:06:26,1783836386,R_75,53082.6501,-1,4.0266000000046915,BACKFILL_AUTO
2026-07-12 06:06:28,1783836388,R_75,53070.7425,-1,11.907599999998638,BACKFILL_AUTO
2026-07-12 06:06:30,1783836390,R_75,53068.8825,-1,1.860000000000582,BACKFILL_AUTO
2026-07-12 06:06:32,1783836392,R_75,53067.5862,-1,1.2963000000017928,BACKFILL_AUTO
2026-07-12 06:06:34,1783836394,R_75,53048.3821,-1,19.20409999999538,BACKFILL_AUTO
2026-07-12 06:06:36,1783836396,R_75,53052.4884,1,4.1062999999994645,BACKFILL_AUTO
2026-07-12 06:06:38,1783836398,R_75,53053.1891,1,0.700700000001234,BACKFILL_AUTO
2026-07-12 06:06:40,1783836400,R_75,53060.7325,1,7.543399999995017,BACKFILL_AUTO
2026-07-12 06:06:42,1783836402,R_75,53061.1939,1,0.4614000000001397,BACKFILL_AUTO
2026-07-12 06:06:44,1783836404,R_75,53066.7053,1,5.51140000000305,BACKFILL_AUTO
2026-07-12 06:06:46,1783836406,R_75,53063.0348,-1,3.6705000000001746,BACKFILL_AUTO
2026-07-12 06:06:48,1783836408,R_75,53065.1171,1,2.082300000001851,BACKFILL_AUTO
2026-07-12 06:06:50,1783836410,R_75,53078.2814,1,13.164299999996729,BACKFILL_AUTO
2026-07-12 06:06:52,1783836412,R_75,53076.1894,-1,2.091999999996915,BACKFILL_AUTO
2026-07-12 06:06:54,1783836414,R_75,53067.9321,-1,8.257300000004761,BACKFILL_AUTO
2026-07-12 06:06:56,1783836416,R_75,53064.215,-1,3.7171000000016647,BACKFILL_AUTO
2026-07-12 06:06:58,1783836418,R_75,53062.8404,-1,1.374599999995553,BACKFILL_AUTO
2026-07-12 06:07:00,1783836420,R_75,53070.4568,1,7.6163999999989755,BACKFILL_AUTO
2026-07-12 06:07:02,1783836422,R_75,53073.6016,1,3.144800000001851,BACKFILL_AUTO
2026-07-12 06:07:04,1783836424,R_75,53053.6714,-1,19.930200000002515,BACKFILL_AUTO
2026-07-12 06:07:06,1783836426,R_75,53058.4988,1,4.827400000001944,BACKFILL_AUTO
2026-07-12 06:07:08,1783836428,R_75,53056.4367,-1,2.062100000002829,BACKFILL_AUTO
2026-07-12 06:07:10,1783836430,R_75,53065.7631,1,9.326399999998102,BACKFILL_AUTO
2026-07-12 06:07:12,1783836432,R_75,53057.4515,-1,8.311599999993632,BACKFILL_AUTO
2026-07-12 06:07:14,1783836434,R_75,53073.404,1,15.952499999999418,BACKFILL_AUTO
2026-07-12 06:07:16,1783836436,R_75,53077.1532,1,3.749199999998382,BACKFILL_AUTO
2026-07-12 06:07:18,1783836438,R_75,53085.9932,1,8.839999999996508,BACKFILL_AUTO
2026-07-12 06:07:20,1783836440,R_75,53098.2597,1,12.26650000000518,BACKFILL_AUTO
2026-07-12 06:07:22,1783836442,R_75,53080.2114,-1,18.0483000000022,BACKFILL_AUTO
2026-07-12 06:07:24,1783836444,R_75,53089.611,1,9.399599999997008,BACKFILL_AUTO
2026-07-12 06:07:26,1783836446,R_75,53085.4281,-1,4.1828999999997905,BACKFILL_AUTO
2026-07-12 06:07:28,1783836448,R_75,53085.9761,1,0.5480000000025029,BACKFILL_AUTO
2026-07-12 06:07:30,1783836450,R_75,53083.8395,-1,2.1365999999979977,BACKFILL_AUTO
2026-07-12 06:07:32,1783836452,R_75,53080.2111,-1,3.6284000000014203,BACKFILL_AUTO
2026-07-12 06:07:34,1783836454,R_75,53086.5516,1,6.340499999998428,BACKFILL_AUTO
2026-07-12 06:07:36,1783836456,R_75,53077.7525,-1,8.799099999996542,BACKFILL_AUTO
2026-07-12 06:07:38,1783836458,R_75,53072.2677,-1,5.4848000000056345,BACKFILL_AUTO
2026-07-12 06:07:40,1783836460,R_75,53075.1959,1,2.928200000002107,BACKFILL_AUTO
2026-07-12 06:07:42,1783836462,R_75,53068.4858,-1,6.710099999996601,BACKFILL_AUTO
2026-07-12 06:07:44,1783836464,R_75,53066.0016,-1,2.484199999998964,BACKFILL_AUTO
2026-07-12 06:07:46,1783836466,R_75,53069.4076,1,3.4059999999954016,BACKFILL_AUTO
2026-07-12 06:07:48,1783836468,R_75,53064.6424,-1,4.7652000000016415,BACKFILL_AUTO
2026-07-12 06:07:50,1783836470,R_75,53066.9993,1,2.356900000006135,BACKFILL_AUTO
2026-07-12 06:07:52,1783836472,R_75,53070.4305,1,3.4311999999990803,BACKFILL_AUTO
2026-07-12 06:07:54,1783836474,R_75,53076.6429,1,6.2123999999967054,BACKFILL_AUTO
2026-07-12 06:07:56,1783836476,R_75,53078.2727,1,1.629800000002433,BACKFILL_AUTO
2026-07-12 06:07:58,1783836478,R_75,53083.2697,1,4.996999999995751,BACKFILL_AUTO
2026-07-12 06:08:00,1783836480,R_75,53076.9273,-1,6.342399999994086,BACKFILL_AUTO
2026-07-12 06:08:02,1783836482,R_75,53072.2798,-1,4.647500000006403,BACKFILL_AUTO
2026-07-12 06:08:04,1783836484,R_75,53072.5363,1,0.2565000000031432,BACKFILL_AUTO
2026-07-12 06:08:06,1783836486,R_75,53066.9613,-1,5.57499999999709,BACKFILL_AUTO
2026-07-12 06:08:08,1783836488,R_75,53069.5141,1,2.55279999999766,BACKFILL_AUTO
2026-07-12 06:08:10,1783836490,R_75,53078.7349,1,9.220800000002782,BACKFILL_AUTO
2026-07-12 06:08:12,1783836492,R_75,53075.5475,-1,3.187400000002526,BACKFILL_AUTO
2026-07-12 06:08:14,1783836494,R_75,53079.0778,1,3.530299999998533,BACKFILL_AUTO
2026-07-12 06:08:16,1783836496,R_75,53080.2011,1,1.1232999999992899,BACKFILL_AUTO
2026-07-12 06:08:18,1783836498,R_75,53081.7573,1,1.5561999999990803,BACKFILL_AUTO
2026-07-12 06:08:20,1783836500,R_75,53091.4618,1,9.704499999999825,BACKFILL_AUTO
2026-07-12 06:08:22,1783836502,R_75,53098.3058,1,6.844000000004598,BACKFILL_AUTO
2026-07-12 06:08:24,1783836504,R_75,53099.8747,1,1.5688999999983935,BACKFILL_AUTO
2026-07-12 06:08:26,1783836506,R_75,53097.8049,-1,2.0697999999974854,BACKFILL_AUTO
2026-07-12 06:08:28,1783836508,R_75,53089.0931,-1,8.711800000004587,BACKFILL_AUTO
2026-07-12 06:08:30,1783836510,R_75,53090.428,1,1.334900000001653,BACKFILL_AUTO
2026-07-12 06:08:32,1783836512,R_75,53073.2711,-1,17.15690000000177,BACKFILL_AUTO
2026-07-12 06:08:34,1783836514,R_75,53072.2118,-1,1.0593000000008033,BACKFILL_AUTO
2026-07-12 06:08:36,1783836516,R_75,53091.9344,1,19.722600000000966,BACKFILL_AUTO
2026-07-12 06:08:38,1783836518,R_75,53096.8085,1,4.874100000000908,BACKFILL_AUTO
2026-07-12 06:08:40,1783836520,R_75,53100.9587,1,4.150200000003679,BACKFILL_AUTO
2026-07-12 06:08:42,1783836522,R_75,53100.7984,-1,0.16030000000318978,BACKFILL_AUTO
2026-07-12 06:08:44,1783836524,R_75,53112.5132,1,11.71480000000156,BACKFILL_AUTO
2026-07-12 06:08:46,1783836526,R_75,53086.0862,-1,26.427000000003318,BACKFILL_AUTO
2026-07-12 06:08:48,1783836528,R_75,53087.3466,1,1.2603999999992084,BACKFILL_AUTO
2026-07-12 06:08:50,1783836530,R_75,53107.5182,1,20.17160000000149,BACKFILL_AUTO
2026-07-12 06:08:52,1783836532,R_75,53110.8035,1,3.28530000000319,BACKFILL_AUTO
2026-07-12 06:08:54,1783836534,R_75,53108.9237,-1,1.879800000002433,BACKFILL_AUTO
2026-07-12 06:08:56,1783836536,R_75,53092.5321,-1,16.391600000002654,BACKFILL_AUTO
2026-07-12 06:08:58,1783836538,R_75,53104.8431,1,12.311000000001513,BACKFILL_AUTO
2026-07-12 06:09:00,1783836540,R_75,53103.5483,-1,1.2947999999960302,BACKFILL_AUTO
2026-07-12 06:09:02,1783836542,R_75,53103.6132,1,0.06489999999757856,BACKFILL_AUTO
2026-07-12 06:09:04,1783836544,R_75,53108.6777,1,5.0645000000004075,BACKFILL_AUTO
2026-07-12 06:09:06,1783836546,R_75,53112.9983,1,4.320599999999104,BACKFILL_AUTO
2026-07-12 06:09:08,1783836548,R_75,53127.4945,1,14.496200000001409,BACKFILL_AUTO
2026-07-12 06:09:10,1783836550,R_75,53141.3925,1,13.898000000001048,BACKFILL_AUTO
2026-07-12 06:09:12,1783836552,R_75,53131.5291,-1,9.863400000002002,BACKFILL_AUTO
2026-07-12 06:09:14,1783836554,R_75,53129.6861,-1,1.8430000000007567,BACKFILL_AUTO
2026-07-12 06:09:16,1783836556,R_75,53136.4757,1,6.789600000003702,BACKFILL_AUTO
2026-07-12 06:09:18,1783836558,R_75,53133.1853,-1,3.29040000000532,BACKFILL_AUTO
2026-07-12 06:09:20,1783836560,R_75,53123.9827,-1,9.202599999996892,BACKFILL_AUTO
2026-07-12 06:09:22,1783836562,R_75,53136.5058,1,12.523099999998522,BACKFILL_AUTO
2026-07-12 06:09:24,1783836564,R_75,53116.3111,-1,20.19470000000001,BACKFILL_AUTO
2026-07-12 06:09:26,1783836566,R_75,53132.1327,1,15.821600000002945,BACKFILL_AUTO
2026-07-12 06:09:28,1783836568,R_75,53128.7863,-1,3.346400000002177,BACKFILL_AUTO
2026-07-12 06:09:30,1783836570,R_75,53115.8092,-1,12.977099999996426,BACKFILL_AUTO
2026-07-12 06:09:32,1783836572,R_75,53112.1322,-1,3.677000000003318,BACKFILL_AUTO
2026-07-12 06:09:34,1783836574,R_75,53117.5561,1,5.423900000001595,BACKFILL_AUTO
2026-07-12 06:09:36,1783836576,R_75,53127.9012,1,10.345099999998638,BACKFILL_AUTO
2026-07-12 06:09:38,1783836578,R_75,53118.3191,-1,9.582099999999627,BACKFILL_AUTO
2026-07-12 06:09:40,1783836580,R_75,53107.7683,-1,10.550799999997253,BACKFILL_AUTO
2026-07-12 06:09:42,1783836582,R_75,53113.6977,1,5.92939999999362,BACKFILL_AUTO
2026-07-12 06:09:44,1783836584,R_75,53124.5432,1,10.845500000003085,BACKFILL_AUTO
2026-07-12 06:09:46,1783836586,R_75,53118.4426,-1,6.1005999999979394,BACKFILL_AUTO
2026-07-12 06:09:48,1783836588,R_75,53118.8649,1,0.42229999999835854,BACKFILL_AUTO
2026-07-12 06:09:50,1783836590,R_75,53109.5917,-1,9.273200000003271,BACKFILL_AUTO
2026-07-12 06:09:52,1783836592,R_75,53102.3026,-1,7.289099999994505,BACKFILL_AUTO
2026-07-12 06:09:54,1783836594,R_75,53108.1341,1,5.831500000000233,BACKFILL_AUTO
2026-07-12 06:09:56,1783836596,R_75,53114.6878,1,6.553699999996752,BACKFILL_AUTO
2026-07-12 06:09:58,1783836598,R_75,53127.3533,1,12.665500000002794,BACKFILL_AUTO
2026-07-12 06:10:00,1783836600,R_75,53133.1799,1,5.826600000000326,BACKFILL_AUTO
2026-07-12 06:10:02,1783836602,R_75,53154.5878,1,21.407899999998335,BACKFILL_AUTO
2026-07-12 06:10:04,1783836604,R_75,53143.3365,-1,11.251300000003539,BACKFILL_AUTO
2026-07-12 06:10:06,1783836606,R_75,53153.7459,1,10.409400000004098,BACKFILL_AUTO
2026-07-12 06:10:08,1783836608,R_75,53159.5716,1,5.825700000001234,BACKFILL_AUTO
2026-07-12 06:10:10,1783836610,R_75,53167.0239,1,7.452299999997194,BACKFILL_AUTO
2026-07-12 06:10:12,1783836612,R_75,53175.9678,1,8.943899999998393,BACKFILL_AUTO
2026-07-12 06:10:14,1783836614,R_75,53184.7955,1,8.827700000001641,BACKFILL_AUTO
2026-07-12 06:10:16,1783836616,R_75,53175.2813,-1,9.5141999999978,BACKFILL_AUTO
2026-07-12 06:10:18,1783836618,R_75,53152.5529,-1,22.728399999999965,BACKFILL_AUTO
2026-07-12 06:10:20,1783836620,R_75,53151.6119,-1,0.940999999998894,BACKFILL_AUTO
2026-07-12 06:10:22,1783836622,R_75,53151.4369,-1,0.17500000000291038,BACKFILL_AUTO
2026-07-12 06:10:24,1783836624,R_75,53183.1191,1,31.682200000002922,BACKFILL_AUTO
2026-07-12 06:10:26,1783836626,R_75,53170.9381,-1,12.181000000004133,BACKFILL_AUTO
2026-07-12 06:10:28,1783836628,R_75,53167.4079,-1,3.5302000000010594,BACKFILL_AUTO
2026-07-12 06:10:30,1783836630,R_75,53154.1512,-1,13.25669999999809,BACKFILL_AUTO
2026-07-12 06:10:32,1783836632,R_75,53162.5427,1,8.391499999997905,BACKFILL_AUTO
2026-07-12 06:10:34,1783836634,R_75,53174.5418,1,11.999100000000908,BACKFILL_AUTO
2026-07-12 06:10:36,1783836636,R_75,53181.0481,1,6.50630000000092,BACKFILL_AUTO
2026-07-12 06:10:38,1783836638,R_75,53170.144,-1,10.904099999999744,BACKFILL_AUTO
2026-07-12 06:10:40,1783836640,R_75,53162.3044,-1,7.839599999999336,BACKFILL_AUTO
2026-07-12 06:10:42,1783836642,R_75,53163.6545,1,1.3500999999960186,BACKFILL_AUTO
2026-07-12 06:10:44,1783836644,R_75,53169.4669,1,5.812400000002526,BACKFILL_AUTO
2026-07-12 06:10:46,1783836646,R_75,53161.3173,-1,8.149599999997008,BACKFILL_AUTO
2026-07-12 06:10:48,1783836648,R_75,53172.6059,1,11.28859999999986,BACKFILL_AUTO
2026-07-12 06:10:50,1783836650,R_75,53189.396,1,16.790099999998347,BACKFILL_AUTO
2026-07-12 06:10:52,1783836652,R_75,53194.2833,1,4.887300000002142,BACKFILL_AUTO
2026-07-12 06:10:54,1783836654,R_75,53191.1893,-1,3.0940000000045984,BACKFILL_AUTO
2026-07-12 06:10:56,1783836656,R_75,53192.3483,1,1.1589999999996508,BACKFILL_AUTO
2026-07-12 06:10:58,1783836658,R_75,53189.3942,-1,2.9540999999953783,BACKFILL_AUTO
2026-07-12 06:11:00,1783836660,R_75,53199.6352,1,10.240999999994528,BACKFILL_AUTO
2026-07-12 06:11:02,1783836662,R_75,53209.8443,1,10.209100000000035,BACKFILL_AUTO
2026-07-12 06:11:04,1783836664,R_75,53207.401,-1,2.443299999998999,BACKFILL_AUTO
2026-07-12 06:11:06,1783836666,R_75,53190.3745,-1,17.026499999999942,BACKFILL_AUTO
2026-07-12 06:11:08,1783836668,R_75,53181.6419,-1,8.732599999995728,BACKFILL_AUTO
2026-07-12 06:11:10,1783836670,R_75,53186.571,1,4.929100000001199,BACKFILL_AUTO
2026-07-12 06:11:12,1783836672,R_75,53195.3126,1,8.741599999993923,BACKFILL_AUTO
2026-07-12 06:11:14,1783836674,R_75,53205.1674,1,9.854800000000978,BACKFILL_AUTO
2026-07-12 06:11:16,1783836676,R_75,53193.332,-1,11.835399999996298,BACKFILL_AUTO
2026-07-12 06:11:18,1783836678,R_75,53195.4889,1,2.1568999999944936,BACKFILL_AUTO
2026-07-12 06:11:20,1783836680,R_75,53201.6399,1,6.151000000005297,BACKFILL_AUTO
2026-07-12 06:11:22,1783836682,R_75,53207.3692,1,5.729299999999057,BACKFILL_AUTO
2026-07-12 06:11:24,1783836684,R_75,53213.0875,1,5.718300000000454,BACKFILL_AUTO
2026-07-12 06:11:26,1783836686,R_75,53199.5544,-1,13.533100000000559,BACKFILL_AUTO
2026-07-12 06:11:28,1783836688,R_75,53221.4732,1,21.918799999999464,BACKFILL_AUTO
2026-07-12 06:11:30,1783836690,R_75,53234.6435,1,13.170299999997951,BACKFILL_AUTO
2026-07-12 06:11:32,1783836692,R_75,53236.6716,1,2.028100000003178,BACKFILL_AUTO
2026-07-12 06:11:34,1783836694,R_75,53237.0909,1,0.41930000000138534,BACKFILL_AUTO
2026-07-12 06:11:36,1783836696,R_75,53231.3876,-1,5.703300000001036,BACKFILL_AUTO
2026-07-12 06:11:38,1783836698,R_75,53221.2211,-1,10.16649999999936,BACKFILL_AUTO
2026-07-12 06:11:40,1783836700,R_75,53242.3637,1,21.14259999999922,BACKFILL_AUTO
2026-07-12 06:11:42,1783836702,R_75,53241.369,-1,0.994700000002922,BACKFILL_AUTO
2026-07-12 06:11:44,1783836704,R_75,53245.4453,1,4.076300000000629,BACKFILL_AUTO
2026-07-12 06:11:46,1783836706,R_75,53248.0178,1,2.5725000000020373,BACKFILL_AUTO
2026-07-12 06:11:48,1783836708,R_75,53246.0076,-1,2.010200000004261,BACKFILL_AUTO
2026-07-12 06:11:50,1783836710,R_75,53267.0175,1,21.009900000004563,BACKFILL_AUTO
2026-07-12 06:11:52,1783836712,R_75,53248.4364,-1,18.58110000000306,BACKFILL_AUTO
2026-07-12 06:11:54,1783836714,R_75,53247.7556,-1,0.6808000000019092,BACKFILL_AUTO
2026-07-12 06:11:56,1783836716,R_75,53262.5322,1,14.776600000004692,BACKFILL_AUTO
2026-07-12 06:11:58,1783836718,R_75,53268.7514,1,6.219199999999546,BACKFILL_AUTO
2026-07-12 06:12:00,1783836720,R_75,53274.0297,1,5.278299999998126,BACKFILL_AUTO
2026-07-12 06:12:02,1783836722,R_75,53258.0293,-1,16.00039999999717,BACKFILL_AUTO
2026-07-12 06:12:04,1783836724,R_75,53263.888,1,5.858699999997043,BACKFILL_AUTO
2026-07-12 06:12:06,1783836726,R_75,53266.2673,1,2.3793000000005122,BACKFILL_AUTO
2026-07-12 06:12:08,1783836728,R_75,53271.5005,1,5.233200000002398,BACKFILL_AUTO
2026-07-12 06:12:10,1783836730,R_75,53276.8895,1,5.388999999995576,BACKFILL_AUTO
2026-07-12 06:12:12,1783836732,R_75,53268.3305,-1,8.559000000001106,BACKFILL_AUTO
2026-07-12 06:12:14,1783836734,R_75,53276.0692,1,7.7387000000017,BACKFILL_AUTO
2026-07-12 06:12:16,1783836736,R_75,53275.4877,-1,0.5815000000002328,BACKFILL_AUTO
2026-07-12 06:12:18,1783836738,R_75,53261.0004,-1,14.487300000000687,BACKFILL_AUTO
2026-07-12 06:12:20,1783836740,R_75,53257.9116,-1,3.0887999999977183,BACKFILL_AUTO
2026-07-12 06:12:22,1783836742,R_75,53263.8884,1,5.976800000004005,BACKFILL_AUTO
2026-07-12 06:12:24,1783836744,R_75,53273.6217,1,9.733299999999872,BACKFILL_AUTO
2026-07-12 06:12:26,1783836746,R_75,53264.3313,-1,9.29040000000532,BACKFILL_AUTO
2026-07-12 06:12:28,1783836748,R_75,53267.9016,1,3.5702999999994063,BACKFILL_AUTO
2026-07-12 06:12:30,1783836750,R_75,53267.192,-1,0.7095999999946798,BACKFILL_AUTO
2026-07-12 06:12:32,1783836752,R_75,53255.5028,-1,11.68920000000071,BACKFILL_AUTO
2026-07-12 06:12:34,1783836754,R_75,53263.7871,1,8.284299999999348,BACKFILL_AUTO
2026-07-12 06:12:36,1783836756,R_75,53283.3698,1,19.582699999999022,BACKFILL_AUTO
2026-07-12 06:12:38,1783836758,R_75,53296.4373,1,13.06749999999738,BACKFILL_AUTO
2026-07-12 06:12:40,1783836760,R_75,53288.1182,-1,8.319100000000617,BACKFILL_AUTO
2026-07-12 06:12:42,1783836762,R_75,53295.2329,1,7.114700000005541,BACKFILL_AUTO
2026-07-12 06:12:44,1783836764,R_75,53300.2933,1,5.060399999994843,BACKFILL_AUTO
2026-07-12 06:12:46,1783836766,R_75,53309.9477,1,9.654399999999441,BACKFILL_AUTO
2026-07-12 06:12:48,1783836768,R_75,53302.0012,-1,7.946499999998196,BACKFILL_AUTO
2026-07-12 06:12:50,1783836770,R_75,53308.8982,1,6.897000000004482,BACKFILL_AUTO
2026-07-12 06:12:52,1783836772,R_75,53322.6229,1,13.724699999998847,BACKFILL_AUTO
2026-07-12 06:12:54,1783836774,R_75,53327.4585,1,4.8355999999985215,BACKFILL_AUTO
2026-07-12 06:12:56,1783836776,R_75,53332.6249,1,5.166400000001886,BACKFILL_AUTO
2026-07-12 06:12:58,1783836778,R_75,53334.7764,1,2.151499999999942,BACKFILL_AUTO
2026-07-12 06:13:00,1783836780,R_75,53328.0871,-1,6.68930000000546,BACKFILL_AUTO
2026-07-12 06:13:02,1783836782,R_75,53318.4753,-1,9.611799999998766,BACKFILL_AUTO
2026-07-12 06:13:04,1783836784,R_75,53324.1796,1,5.704300000004878,BACKFILL_AUTO
2026-07-12 06:13:06,1783836786,R_75,53291.9796,-1,32.200000000004366,BACKFILL_AUTO
2026-07-12 06:13:08,1783836788,R_75,53298.5562,1,6.576600000000326,BACKFILL_AUTO
2026-07-12 06:13:10,1783836790,R_75,53310.542,1,11.9858000000022,BACKFILL_AUTO
2026-07-12 06:13:12,1783836792,R_75,53316.1875,1,5.645499999998719,BACKFILL_AUTO
2026-07-12 06:13:14,1783836794,R_75,53311.2351,-1,4.952400000001944,BACKFILL_AUTO
2026-07-12 06:13:16,1783836796,R_75,53318.4947,1,7.259600000004866,BACKFILL_AUTO
2026-07-12 06:13:18,1783836798,R_75,53324.1848,1,5.690099999999802,BACKFILL_AUTO
2026-07-12 06:13:20,1783836800,R_75,53324.2433,1,0.05849999999918509,BACKFILL_AUTO
2026-07-12 06:13:22,1783836802,R_75,53331.6335,1,7.3902000000016415,BACKFILL_AUTO
2026-07-12 06:13:24,1783836804,R_75,53337.3401,1,5.706599999997707,BACKFILL_AUTO
2026-07-12 06:13:26,1783836806,R_75,53366.6252,1,29.285100000000966,BACKFILL_AUTO
2026-07-12 06:13:28,1783836808,R_75,53362.9267,-1,3.698499999998603,BACKFILL_AUTO
2026-07-12 06:13:30,1783836810,R_75,53371.2683,1,8.341599999999744,BACKFILL_AUTO
2026-07-12 06:13:32,1783836812,R_75,53363.5331,-1,7.735200000002806,BACKFILL_AUTO
2026-07-12 06:13:34,1783836814,R_75,53361.4378,-1,2.0953000000008615,BACKFILL_AUTO
2026-07-12 06:13:36,1783836816,R_75,53361.1226,-1,0.3151999999972759,BACKFILL_AUTO
2026-07-12 06:13:38,1783836818,R_75,53368.5096,1,7.386999999995169,BACKFILL_AUTO
2026-07-12 06:13:40,1783836820,R_75,53392.6499,1,24.140299999999115,BACKFILL_AUTO
2026-07-12 06:13:42,1783836822,R_75,53387.5347,-1,5.115200000000186,BACKFILL_AUTO
2026-07-12 06:13:44,1783836824,R_75,53372.0393,-1,15.49539999999979,BACKFILL_AUTO
2026-07-12 06:13:46,1783836826,R_75,53365.6233,-1,6.415999999997439,BACKFILL_AUTO
2026-07-12 06:13:48,1783836828,R_75,53365.5611,-1,0.06220000000030268,BACKFILL_AUTO
2026-07-12 06:13:50,1783836830,R_75,53371.7498,1,6.188699999998789,BACKFILL_AUTO
2026-07-12 06:13:52,1783836832,R_75,53363.7274,-1,8.022399999994377,BACKFILL_AUTO
2026-07-12 06:13:54,1783836834,R_75,53371.3766,1,7.649199999999837,BACKFILL_AUTO
2026-07-12 06:13:56,1783836836,R_75,53372.0758,1,0.6991999999954714,BACKFILL_AUTO
2026-07-12 06:13:58,1783836838,R_75,53377.9076,1,5.83179999999993,BACKFILL_AUTO
2026-07-12 06:14:00,1783836840,R_75,53386.3321,1,8.42450000000099,BACKFILL_AUTO
2026-07-12 06:14:02,1783836842,R_75,53386.5273,1,0.1952000000019325,BACKFILL_AUTO
2026-07-12 06:14:04,1783836844,R_75,53406.5008,1,19.973500000000058,BACKFILL_AUTO
2026-07-12 06:14:06,1783836846,R_75,53401.411,-1,5.08980000000156,BACKFILL_AUTO
2026-07-12 06:14:08,1783836848,R_75,53413.608,1,12.197000000000116,BACKFILL_AUTO
2026-07-12 06:14:10,1783836850,R_75,53424.4013,1,10.793299999997544,BACKFILL_AUTO
2026-07-12 06:14:12,1783836852,R_75,53421.9041,-1,2.4971999999979744,BACKFILL_AUTO
2026-07-12 06:14:14,1783836854,R_75,53420.7306,-1,1.1734999999971478,BACKFILL_AUTO
2026-07-12 06:14:16,1783836856,R_75,53416.5065,-1,4.224099999999453,BACKFILL_AUTO
2026-07-12 06:14:18,1783836858,R_75,53415.3271,-1,1.1794000000008964,BACKFILL_AUTO
2026-07-12 06:14:20,1783836860,R_75,53424.798,1,9.470900000000256,BACKFILL_AUTO
2026-07-12 06:14:22,1783836862,R_75,53419.506,-1,5.292000000001281,BACKFILL_AUTO
2026-07-12 06:14:24,1783836864,R_75,53416.4753,-1,3.0307000000029802,BACKFILL_AUTO
2026-07-12 06:14:26,1783836866,R_75,53416.1585,-1,0.3168000000005122,BACKFILL_AUTO
2026-07-12 06:14:28,1783836868,R_75,53425.3455,1,9.187000000005355,BACKFILL_AUTO
2026-07-12 06:14:30,1783836870,R_75,53410.8028,-1,14.542700000005425,BACKFILL_AUTO
2026-07-12 06:14:32,1783836872,R_75,53400.9768,-1,9.826000000000931,BACKFILL_AUTO
2026-07-12 06:14:34,1783836874,R_75,53406.6847,1,5.707900000001246,BACKFILL_AUTO
2026-07-12 06:14:36,1783836876,R_75,53433.3087,1,26.624000000003434,BACKFILL_AUTO
2026-07-12 06:14:38,1783836878,R_75,53450.5396,1,17.230899999995017,BACKFILL_AUTO
2026-07-12 06:14:40,1783836880,R_75,53471.3261,1,20.78650000000198,BACKFILL_AUTO
2026-07-12 06:14:42,1783836882,R_75,53453.1788,-1,18.147299999996903,BACKFILL_AUTO
2026-07-12 06:14:44,1783836884,R_75,53455.2112,1,2.0323999999964144,BACKFILL_AUTO
2026-07-12 06:14:46,1783836886,R_75,53435.2166,-1,19.994599999998172,BACKFILL_AUTO
2026-07-12 06:14:48,1783836888,R_75,53437.536,1,2.3194000000003143,BACKFILL_AUTO
2026-07-12 06:14:50,1783836890,R_75,53431.1798,-1,6.356200000001991,BACKFILL_AUTO
2026-07-12 06:14:52,1783836892,R_75,53437.1027,1,5.922900000005029,BACKFILL_AUTO
2026-07-12 06:14:54,1783836894,R_75,53428.2734,-1,8.829300000004878,BACKFILL_AUTO
2026-07-12 06:14:56,1783836896,R_75,53421.0094,-1,7.263999999995576,BACKFILL_AUTO
2026-07-12 06:14:58,1783836898,R_75,53449.2153,1,28.205900000000838,BACKFILL_AUTO
2026-07-12 06:15:00,1783836900,R_75,53444.2873,-1,4.927999999999884,BACKFILL_AUTO
2026-07-12 06:15:02,1783836902,R_75,53439.7354,-1,4.551900000005844,BACKFILL_AUTO
2026-07-12 06:15:04,1783836904,R_75,53446.6843,1,6.94890000000305,BACKFILL_AUTO
2026-07-12 06:15:06,1783836906,R_75,53457.5264,1,10.842100000001665,BACKFILL_AUTO
2026-07-12 06:15:08,1783836908,R_75,53470.8054,1,13.278999999994994,BACKFILL_AUTO
2026-07-12 06:15:10,1783836910,R_75,53459.8497,-1,10.955699999998615,BACKFILL_AUTO
2026-07-12 06:15:12,1783836912,R_75,53451.2473,-1,8.602399999996123,BACKFILL_AUTO
2026-07-12 06:15:14,1783836914,R_75,53464.2715,1,13.024199999999837,BACKFILL_AUTO
2026-07-12 06:15:16,1783836916,R_75,53457.8387,-1,6.432800000002317,BACKFILL_AUTO
2026-07-12 06:15:18,1783836918,R_75,53450.3931,-1,7.445599999999104,BACKFILL_AUTO
2026-07-12 06:15:20,1783836920,R_75,53440.2701,-1,10.122999999999593,BACKFILL_AUTO
2026-07-12 06:15:22,1783836922,R_75,53445.7965,1,5.526399999995192,BACKFILL_AUTO
2026-07-12 06:15:24,1783836924,R_75,53440.9502,-1,4.846299999997427,BACKFILL_AUTO
2026-07-12 06:15:26,1783836926,R_75,53442.1995,1,1.2493000000031316,BACKFILL_AUTO
2026-07-12 06:15:28,1783836928,R_75,53450.2337,1,8.034199999994598,BACKFILL_AUTO
2026-07-12 06:15:30,1783836930,R_75,53440.6853,-1,9.548399999999674,BACKFILL_AUTO
2026-07-12 06:15:32,1783836932,R_75,53424.5785,-1,16.10679999999411,BACKFILL_AUTO
2026-07-12 06:15:34,1783836934,R_75,53430.9851,1,6.406599999994796,BACKFILL_AUTO
2026-07-12 06:15:36,1783836936,R_75,53424.4499,-1,6.53519999999844,BACKFILL_AUTO
2026-07-12 06:15:38,1783836938,R_75,53422.8923,-1,1.5576000000000931,BACKFILL_AUTO
2026-07-12 06:15:40,1783836940,R_75,53418.3384,-1,4.5538999999989755,BACKFILL_AUTO
2026-07-12 06:15:42,1783836942,R_75,53430.6775,1,12.339099999997416,BACKFILL_AUTO
2026-07-12 06:15:44,1783836944,R_75,53425.6518,-1,5.025699999998324,BACKFILL_AUTO
2026-07-12 06:15:46,1783836946,R_75,53423.1768,-1,2.474999999998545,BACKFILL_AUTO
2026-07-12 06:15:48,1783836948,R_75,53437.6511,1,14.474300000001676,BACKFILL_AUTO
2026-07-12 06:15:50,1783836950,R_75,53438.545,1,0.8938999999954831,BACKFILL_AUTO
2026-07-12 06:15:52,1783836952,R_75,53442.1721,1,3.627100000005157,BACKFILL_AUTO
2026-07-12 06:15:54,1783836954,R_75,53423.2902,-1,18.881900000000314,BACKFILL_AUTO
2026-07-12 06:15:56,1783836956,R_75,53417.4811,-1,5.809100000005856,BACKFILL_AUTO
2026-07-12 06:15:58,1783836958,R_75,53412.9853,-1,4.495799999996962,BACKFILL_AUTO
2026-07-12 06:16:00,1783836960,R_75,53425.5122,1,12.526899999997113,BACKFILL_AUTO
2026-07-12 06:16:02,1783836962,R_75,53409.3039,-1,16.208299999998417,BACKFILL_AUTO
2026-07-12 06:16:04,1783836964,R_75,53400.191,-1,9.112900000000081,BACKFILL_AUTO
2026-07-12 06:16:06,1783836966,R_75,53395.2411,-1,4.949899999999616,BACKFILL_AUTO
2026-07-12 06:16:08,1783836968,R_75,53405.5342,1,10.293100000002596,BACKFILL_AUTO
2026-07-12 06:16:10,1783836970,R_75,53405.466,-1,0.06820000000152504,BACKFILL_AUTO
2026-07-12 06:16:12,1783836972,R_75,53403.5023,-1,1.9637000000002445,BACKFILL_AUTO
2026-07-12 06:16:14,1783836974,R_75,53405.6974,1,2.1950999999971827,BACKFILL_AUTO
2026-07-12 06:16:16,1783836976,R_75,53392.9377,-1,12.759699999995064,BACKFILL_AUTO
2026-07-12 06:16:18,1783836978,R_75,53386.1504,-1,6.787300000003597,BACKFILL_AUTO
2026-07-12 06:16:20,1783836980,R_75,53383.5951,-1,2.5552999999999884,BACKFILL_AUTO
2026-07-12 06:16:22,1783836982,R_75,53387.794,1,4.19890000000305,BACKFILL_AUTO
2026-07-12 06:16:24,1783836984,R_75,53391.178,1,3.3839999999981956,BACKFILL_AUTO
2026-07-12 06:16:26,1783836986,R_75,53381.8212,-1,9.356800000001385,BACKFILL_AUTO
2026-07-12 06:16:28,1783836988,R_75,53387.6844,1,5.863199999999779,BACKFILL_AUTO
2026-07-12 06:16:30,1783836990,R_75,53386.3509,-1,1.3335000000006403,BACKFILL_AUTO
2026-07-12 06:16:32,1783836992,R_75,53389.7422,1,3.391300000002957,BACKFILL_AUTO
2026-07-12 06:16:34,1783836994,R_75,53402.1696,1,12.427400000000489,BACKFILL_AUTO
2026-07-12 06:16:36,1783836996,R_75,53410.6567,1,8.487099999998463,BACKFILL_AUTO
2026-07-12 06:16:38,1783836998,R_75,53398.87,-1,11.786699999996927,BACKFILL_AUTO
2026-07-12 06:16:40,1783837000,R_75,53407.6657,1,8.795699999995122,BACKFILL_AUTO
2026-07-12 06:16:42,1783837002,R_75,53412.5946,1,4.9288999999989755,BACKFILL_AUTO
2026-07-12 06:16:44,1783837004,R_75,53414.4176,1,1.8230000000039581,BACKFILL_AUTO
2026-07-12 06:16:46,1783837006,R_75,53427.2564,1,12.838799999997718,BACKFILL_AUTO
2026-07-12 06:16:48,1783837008,R_75,53428.4381,1,1.1817000000010012,BACKFILL_AUTO
2026-07-12 06:16:50,1783837010,R_75,53432.7127,1,4.274599999997008,BACKFILL_AUTO
2026-07-12 06:16:52,1783837012,R_75,53446.1707,1,13.458000000005995,BACKFILL_AUTO
2026-07-12 06:16:54,1783837014,R_75,53447.1956,1,1.0248999999967054,BACKFILL_AUTO
2026-07-12 06:16:56,1783837016,R_75,53450.2816,1,3.0860000000029686,BACKFILL_AUTO
2026-07-12 06:16:58,1783837018,R_75,53437.1724,-1,13.109199999998964,BACKFILL_AUTO
2026-07-12 06:17:00,1783837020,R_75,53427.5999,-1,9.572500000002037,BACKFILL_AUTO
2026-07-12 06:17:02,1783837022,R_75,53435.4052,1,7.805299999999988,BACKFILL_AUTO
2026-07-12 06:17:04,1783837024,R_75,53442.5362,1,7.131000000001222,BACKFILL_AUTO
2026-07-12 06:17:06,1783837026,R_75,53446.8602,1,4.324000000000524,BACKFILL_AUTO
2026-07-12 06:17:08,1783837028,R_75,53437.6329,-1,9.227300000005926,BACKFILL_AUTO
2026-07-12 06:17:10,1783837030,R_75,53428.957,-1,8.675899999994726,BACKFILL_AUTO
2026-07-12 06:17:12,1783837032,R_75,53401.0769,-1,27.88010000000213,BACKFILL_AUTO
2026-07-12 06:17:14,1783837034,R_75,53387.224,-1,13.852899999998044,BACKFILL_AUTO
2026-07-12 06:17:16,1783837036,R_75,53387.5148,1,0.29079999999521533,BACKFILL_AUTO
2026-07-12 06:17:18,1783837038,R_75,53403.6824,1,16.167600000000675,BACKFILL_AUTO
2026-07-12 06:17:20,1783837040,R_75,53387.2171,-1,16.465299999996205,BACKFILL_AUTO
2026-07-12 06:17:22,1783837042,R_75,53401.1579,1,13.94079999999667,BACKFILL_AUTO
2026-07-12 06:17:24,1783837044,R_75,53407.354,1,6.1961000000010245,BACKFILL_AUTO
2026-07-12 06:17:26,1783837046,R_75,53400.6005,-1,6.753499999998894,BACKFILL_AUTO
2026-07-12 06:17:28,1783837048,R_75,53427.0349,1,26.434399999998277,BACKFILL_AUTO
2026-07-12 06:17:30,1783837050,R_75,53408.6204,-1,18.414499999998952,BACKFILL_AUTO
2026-07-12 06:17:32,1783837052,R_75,53402.2702,-1,6.350200000000768,BACKFILL_AUTO
2026-07-12 06:17:34,1783837054,R_75,53404.2112,1,1.940999999998894,BACKFILL_AUTO
2026-07-12 06:17:36,1783837056,R_75,53425.3961,1,21.184900000000198,BACKFILL_AUTO
2026-07-12 06:17:38,1783837058,R_75,53436.0582,1,10.662100000001374,BACKFILL_AUTO
2026-07-12 06:17:40,1783837060,R_75,53444.8792,1,8.82100000000355,BACKFILL_AUTO
2026-07-12 06:17:42,1783837062,R_75,53456.694,1,11.814800000000105,BACKFILL_AUTO
2026-07-12 06:17:44,1783837064,R_75,53460.2437,1,3.549699999995937,BACKFILL_AUTO
2026-07-12 06:17:46,1783837066,R_75,53457.6255,-1,2.6181999999971595,BACKFILL_AUTO
2026-07-12 06:17:48,1783837068,R_75,53472.0403,1,14.41479999999865,BACKFILL_AUTO
2026-07-12 06:17:50,1783837070,R_75,53475.5171,1,3.4767999999967287,BACKFILL_AUTO
2026-07-12 06:17:52,1783837072,R_75,53481.9005,1,6.383400000006077,BACKFILL_AUTO
2026-07-12 06:17:54,1783837074,R_75,53497.747,1,15.84649999999965,BACKFILL_AUTO
2026-07-12 06:17:56,1783837076,R_75,53495.6825,-1,2.0645000000004075,BACKFILL_AUTO
2026-07-12 06:17:58,1783837078,R_75,53501.7719,1,6.089399999997113,BACKFILL_AUTO
2026-07-12 06:18:00,1783837080,R_75,53517.8515,1,16.0795999999973,BACKFILL_AUTO
2026-07-12 06:18:02,1783837082,R_75,53504.5159,-1,13.335599999998522,BACKFILL_AUTO
2026-07-12 06:18:04,1783837084,R_75,53498.9965,-1,5.519399999997404,BACKFILL_AUTO
2026-07-12 06:18:06,1783837086,R_75,53505.5769,1,6.580399999998917,BACKFILL_AUTO
2026-07-12 06:18:08,1783837088,R_75,53507.7875,1,2.2105999999985215,BACKFILL_AUTO
2026-07-12 06:18:10,1783837090,R_75,53513.3666,1,5.579100000002654,BACKFILL_AUTO
2026-07-12 06:18:12,1783837092,R_75,53500.1272,-1,13.239399999998568,BACKFILL_AUTO
2026-07-12 06:18:14,1783837094,R_75,53499.309,-1,0.818200000001525,BACKFILL_AUTO
2026-07-12 06:18:16,1783837096,R_75,53498.876,-1,0.4330000000045402,BACKFILL_AUTO
2026-07-12 06:18:18,1783837098,R_75,53494.4561,-1,4.419899999993504,BACKFILL_AUTO
2026-07-12 06:18:20,1783837100,R_75,53481.9511,-1,12.505000000004657,BACKFILL_AUTO
2026-07-12 06:18:22,1783837102,R_75,53479.65,-1,2.30109999999695,BACKFILL_AUTO
2026-07-12 06:18:24,1783837104,R_75,53484.4186,1,4.768599999995786,BACKFILL_AUTO
2026-07-12 06:18:26,1783837106,R_75,53506.9346,1,22.51600000000326,BACKFILL_AUTO
2026-07-12 06:18:28,1783837108,R_75,53519.813,1,12.87840000000142,BACKFILL_AUTO
2026-07-12 06:18:30,1783837110,R_75,53529.6288,1,9.81579999999667,BACKFILL_AUTO
2026-07-12 06:18:32,1783837112,R_75,53525.1768,-1,4.451999999997497,BACKFILL_AUTO
2026-07-12 06:18:34,1783837114,R_75,53526.2696,1,1.0927999999985332,BACKFILL_AUTO
2026-07-12 06:18:36,1783837116,R_75,53520.7553,-1,5.5143000000025495,BACKFILL_AUTO
2026-07-12 06:18:38,1783837118,R_75,53528.4154,1,7.660100000000966,BACKFILL_AUTO
2026-07-12 06:18:40,1783837120,R_75,53541.3394,1,12.923999999999069,BACKFILL_AUTO
2026-07-12 06:18:42,1783837122,R_75,53542.3943,1,1.0549000000028173,BACKFILL_AUTO
2026-07-12 06:18:44,1783837124,R_75,53559.4914,1,17.097099999999045,BACKFILL_AUTO
2026-07-12 06:18:46,1783837126,R_75,53536.2006,-1,23.29080000000249,BACKFILL_AUTO
2026-07-12 06:18:48,1783837128,R_75,53529.2472,-1,6.95339999999851,BACKFILL_AUTO
2026-07-12 06:18:50,1783837130,R_75,53509.0471,-1,20.200099999994563,BACKFILL_AUTO
2026-07-12 06:18:52,1783837132,R_75,53517.9083,1,8.861199999999371,BACKFILL_AUTO
2026-07-12 06:18:54,1783837134,R_75,53519.7866,1,1.8782999999966705,BACKFILL_AUTO
2026-07-12 06:18:56,1783837136,R_75,53512.709,-1,7.077599999996892,BACKFILL_AUTO
2026-07-12 06:18:58,1783837138,R_75,53514.3092,1,1.6002000000007683,BACKFILL_AUTO
2026-07-12 06:19:00,1783837140,R_75,53509.3088,-1,5.000400000004447,BACKFILL_AUTO
2026-07-12 06:19:02,1783837142,R_75,53519.2195,1,9.91070000000036,BACKFILL_AUTO
2026-07-12 06:19:04,1783837144,R_75,53536.7597,1,17.540200000003097,BACKFILL_AUTO
2026-07-12 06:19:06,1783837146,R_75,53532.9627,-1,3.797000000005937,BACKFILL_AUTO
2026-07-12 06:19:08,1783837148,R_75,53532.7575,-1,0.2051999999966938,BACKFILL_AUTO
2026-07-12 06:19:10,1783837150,R_75,53546.5098,1,13.752300000000105,BACKFILL_AUTO
2026-07-12 06:19:12,1783837152,R_75,53544.8749,-1,1.6348999999972875,BACKFILL_AUTO
2026-07-12 06:19:14,1783837154,R_75,53529.5917,-1,15.283200000005309,BACKFILL_AUTO
2026-07-12 06:19:16,1783837156,R_75,53532.2355,1,2.6438000000052853,BACKFILL_AUTO
2026-07-12 06:19:18,1783837158,R_75,53533.4718,1,1.2362999999968451,BACKFILL_AUTO
2026-07-12 06:19:20,1783837160,R_75,53535.3076,1,1.835800000000745,BACKFILL_AUTO
2026-07-12 06:19:22,1783837162,R_75,53537.7167,1,2.4090999999971245,BACKFILL_AUTO
2026-07-12 06:19:24,1783837164,R_75,53546.4156,1,8.69890000000305,BACKFILL_AUTO
2026-07-12 06:19:26,1783837166,R_75,53546.346,-1,0.06960000000253785,BACKFILL_AUTO
2026-07-12 06:19:28,1783837168,R_75,53559.9453,1,13.599300000001676,BACKFILL_AUTO
2026-07-12 06:19:30,1783837170,R_75,53556.5153,-1,3.430000000000291,BACKFILL_AUTO
2026-07-12 06:19:32,1783837172,R_75,53556.1107,-1,0.40460000000166474,BACKFILL_AUTO
2026-07-12 06:19:34,1783837174,R_75,53558.4565,1,2.3458000000027823,BACKFILL_AUTO
2026-07-12 06:19:36,1783837176,R_75,53573.9455,1,15.489000000001397,BACKFILL_AUTO
2026-07-12 06:19:38,1783837178,R_75,53584.2089,1,10.263399999996182,BACKFILL_AUTO
2026-07-12 06:19:40,1783837180,R_75,53576.2831,-1,7.925799999997253,BACKFILL_AUTO
2026-07-12 06:19:42,1783837182,R_75,53598.8388,1,22.55569999999716,BACKFILL_AUTO
2026-07-12 06:19:44,1783837184,R_75,53605.3441,1,6.505300000004354,BACKFILL_AUTO
2026-07-12 06:19:46,1783837186,R_75,53613.1382,1,7.794099999999162,BACKFILL_AUTO
2026-07-12 06:19:48,1783837188,R_75,53622.0498,1,8.911599999999453,BACKFILL_AUTO
2026-07-12 06:19:50,1783837190,R_75,53610.9035,-1,11.146300000000338,BACKFILL_AUTO
2026-07-12 06:19:52,1783837192,R_75,53612.085,1,1.1814999999987776,BACKFILL_AUTO
2026-07-12 06:19:54,1783837194,R_75,53617.7763,1,5.691299999998591,BACKFILL_AUTO
2026-07-12 06:19:56,1783837196,R_75,53617.3774,-1,0.3989000000001397,BACKFILL_AUTO
2026-07-12 06:19:58,1783837198,R_75,53609.7453,-1,7.632099999995262,BACKFILL_AUTO
2026-07-12 06:20:00,1783837200,R_75,53610.0945,1,0.34919999999692664,BACKFILL_AUTO
2026-07-12 06:20:02,1783837202,R_75,53595.0778,-1,15.016700000000128,BACKFILL_AUTO
2026-07-12 06:20:04,1783837204,R_75,53597.9785,1,2.9006999999983236,BACKFILL_AUTO
2026-07-12 06:20:06,1783837206,R_75,53606.4239,1,8.445400000004156,BACKFILL_AUTO
2026-07-12 06:20:08,1783837208,R_75,53603.5708,-1,2.8531000000002678,BACKFILL_AUTO
2026-07-12 06:20:10,1783837210,R_75,53592.4685,-1,11.10229999999865,BACKFILL_AUTO
2026-07-12 06:20:12,1783837212,R_75,53588.7697,-1,3.6988000000055763,BACKFILL_AUTO
2026-07-12 06:20:14,1783837214,R_75,53587.9864,-1,0.7832999999955064,BACKFILL_AUTO
2026-07-12 06:20:16,1783837216,R_75,53589.6366,1,1.6501999999964028,BACKFILL_AUTO
2026-07-12 06:20:18,1783837218,R_75,53608.4648,1,18.828200000003562,BACKFILL_AUTO
2026-07-12 06:20:20,1783837220,R_75,53613.7667,1,5.301899999998568,BACKFILL_AUTO
2026-07-12 06:20:22,1783837222,R_75,53625.8623,1,12.095600000000559,BACKFILL_AUTO
2026-07-12 06:20:24,1783837224,R_75,53620.0396,-1,5.822700000004261,BACKFILL_AUTO
2026-07-12 06:20:26,1783837226,R_75,53620.3922,1,0.35260000000562286,BACKFILL_AUTO
2026-07-12 06:20:28,1783837228,R_75,53621.6667,1,1.2744999999995343,BACKFILL_AUTO
2026-07-12 06:20:30,1783837230,R_75,53618.1526,-1,3.514100000000326,BACKFILL_AUTO
2026-07-12 06:20:32,1783837232,R_75,53609.2866,-1,8.866000000001804,BACKFILL_AUTO
2026-07-12 06:20:34,1783837234,R_75,53610.4428,1,1.1561999999976251,BACKFILL_AUTO
2026-07-12 06:20:36,1783837236,R_75,53600.7598,-1,9.682999999997264,BACKFILL_AUTO
2026-07-12 06:20:38,1783837238,R_75,53596.0196,-1,4.740200000000186,BACKFILL_AUTO
2026-07-12 06:20:40,1783837240,R_75,53578.9303,-1,17.08929999999964,BACKFILL_AUTO
2026-07-12 06:20:42,1783837242,R_75,53580.5546,1,1.6243000000031316,BACKFILL_AUTO
2026-07-12 06:20:44,1783837244,R_75,53589.8488,1,9.294199999996636,BACKFILL_AUTO
2026-07-12 06:20:46,1783837246,R_75,53590.9216,1,1.0728000000017346,BACKFILL_AUTO
2026-07-12 06:20:48,1783837248,R_75,53592.2947,1,1.3730999999970663,BACKFILL_AUTO
2026-07-12 06:20:50,1783837250,R_75,53591.8206,-1,0.47409999999945285,BACKFILL_AUTO
2026-07-12 06:20:52,1783837252,R_75,53591.7321,-1,0.08849999999802094,BACKFILL_AUTO
2026-07-12 06:20:54,1783837254,R_75,53586.2203,-1,5.511800000000221,BACKFILL_AUTO
2026-07-12 06:20:56,1783837256,R_75,53586.7556,1,0.5352999999959138,BACKFILL_AUTO
2026-07-12 06:20:58,1783837258,R_75,53579.2483,-1,7.507299999997485,BACKFILL_AUTO
2026-07-12 06:21:00,1783837260,R_75,53576.6036,-1,2.6446999999971013,BACKFILL_AUTO
2026-07-12 06:21:02,1783837262,R_75,53577.8152,1,1.2115999999950873,BACKFILL_AUTO
2026-07-12 06:21:04,1783837264,R_75,53587.513,1,9.697800000001735,BACKFILL_AUTO
2026-07-12 06:21:06,1783837266,R_75,53590.8515,1,3.338499999998021,BACKFILL_AUTO
2026-07-12 06:21:08,1783837268,R_75,53596.3218,1,5.4703000000008615,BACKFILL_AUTO
2026-07-12 06:21:10,1783837270,R_75,53588.8051,-1,7.516700000000128,BACKFILL_AUTO
2026-07-12 06:21:12,1783837272,R_75,53606.6721,1,17.867000000005646,BACKFILL_AUTO
2026-07-12 06:21:14,1783837274,R_75,53594.1146,-1,12.55750000000262,BACKFILL_AUTO
2026-07-12 06:21:16,1783837276,R_75,53588.9694,-1,5.145199999999022,BACKFILL_AUTO
2026-07-12 06:21:18,1783837278,R_75,53594.4858,1,5.516400000000431,BACKFILL_AUTO
2026-07-12 06:21:20,1783837280,R_75,53601.7425,1,7.256699999998091,BACKFILL_AUTO
2026-07-12 06:21:22,1783837282,R_75,53600.0139,-1,1.7286000000021886,BACKFILL_AUTO
2026-07-12 06:21:24,1783837284,R_75,53583.6768,-1,16.337099999997008,BACKFILL_AUTO
2026-07-12 06:21:26,1783837286,R_75,53592.0844,1,8.407599999998638,BACKFILL_AUTO
2026-07-12 06:21:28,1783837288,R_75,53578.6015,-1,13.4829000000027,BACKFILL_AUTO
2026-07-12 06:21:30,1783837290,R_75,53567.8227,-1,10.778800000000047,BACKFILL_AUTO
2026-07-12 06:21:32,1783837292,R_75,53558.6641,-1,9.158599999995204,BACKFILL_AUTO
2026-07-12 06:21:34,1783837294,R_75,53560.3746,1,1.7105000000010477,BACKFILL_AUTO
2026-07-12 06:21:36,1783837296,R_75,53565.8096,1,5.434999999997672,BACKFILL_AUTO
2026-07-12 06:21:38,1783837298,R_75,53561.9454,-1,3.8642000000036205,BACKFILL_AUTO
2026-07-12 06:21:40,1783837300,R_75,53549.9202,-1,12.025199999996403,BACKFILL_AUTO
2026-07-12 06:21:42,1783837302,R_75,53547.4909,-1,2.4293000000034226,BACKFILL_AUTO
2026-07-12 06:21:44,1783837304,R_75,53563.7157,1,16.224800000003597,BACKFILL_AUTO
2026-07-12 06:21:46,1783837306,R_75,53548.358,-1,15.357700000000477,BACKFILL_AUTO
2026-07-12 06:21:48,1783837308,R_75,53545.5498,-1,2.8081999999994878,BACKFILL_AUTO
2026-07-12 06:21:50,1783837310,R_75,53548.4724,1,2.922599999998056,BACKFILL_AUTO
2026-07-12 06:21:52,1783837312,R_75,53561.897,1,13.424599999998463,BACKFILL_AUTO
2026-07-12 06:21:54,1783837314,R_75,53561.712,-1,0.1849999999976717,BACKFILL_AUTO
2026-07-12 06:21:56,1783837316,R_75,53553.1532,-1,8.558799999998882,BACKFILL_AUTO
2026-07-12 06:21:58,1783837318,R_75,53555.5753,1,2.422099999996135,BACKFILL_AUTO
2026-07-12 06:22:00,1783837320,R_75,53561.7873,1,6.21200000000681,BACKFILL_AUTO
2026-07-12 06:22:02,1783837322,R_75,53559.9049,-1,1.8824000000022352,BACKFILL_AUTO
2026-07-12 06:22:04,1783837324,R_75,53562.5657,1,2.6607999999978347,BACKFILL_AUTO
2026-07-12 06:22:06,1783837326,R_75,53562.3252,-1,0.24049999999988358,BACKFILL_AUTO
2026-07-12 06:22:08,1783837328,R_75,53559.4544,-1,2.8707999999969616,BACKFILL_AUTO
2026-07-12 06:22:10,1783837330,R_75,53557.445,-1,2.0094000000026426,BACKFILL_AUTO
2026-07-12 06:22:12,1783837332,R_75,53557.6676,1,0.22260000000096625,BACKFILL_AUTO
2026-07-12 06:22:14,1783837334,R_75,53575.3797,1,17.712099999997008,BACKFILL_AUTO
2026-07-12 06:22:16,1783837336,R_75,53575.6041,1,0.22439999999915017,BACKFILL_AUTO
2026-07-12 06:22:18,1783837338,R_75,53581.9873,1,6.383200000003853,BACKFILL_AUTO
2026-07-12 06:22:20,1783837340,R_75,53585.3192,1,3.331899999997404,BACKFILL_AUTO
2026-07-12 06:22:22,1783837342,R_75,53575.4783,-1,9.8408999999956,BACKFILL_AUTO
2026-07-12 06:22:24,1783837344,R_75,53574.4792,-1,0.999100000000908,BACKFILL_AUTO
2026-07-12 06:22:26,1783837346,R_75,53593.9841,1,19.504899999999907,BACKFILL_AUTO
2026-07-12 06:22:28,1783837348,R_75,53608.3771,1,14.392999999996391,BACKFILL_AUTO
2026-07-12 06:22:30,1783837350,R_75,53608.3515,-1,0.025600000000849832,BACKFILL_AUTO
2026-07-12 06:22:32,1783837352,R_75,53615.5511,1,7.1995999999999185,BACKFILL_AUTO
2026-07-12 06:22:34,1783837354,R_75,53630.603,1,15.051900000005844,BACKFILL_AUTO
2026-07-12 06:22:36,1783837356,R_75,53630.6025,-1,0.0005000000019208528,BACKFILL_AUTO
2026-07-12 06:22:38,1783837358,R_75,53634.7198,1,4.1172999999980675,BACKFILL_AUTO
2026-07-12 06:22:40,1783837360,R_75,53649.2876,1,14.567800000004354,BACKFILL_AUTO
2026-07-12 06:22:42,1783837362,R_75,53664.3482,1,15.060599999997066,BACKFILL_AUTO
2026-07-12 06:22:44,1783837364,R_75,53674.0307,1,9.68250000000262,BACKFILL_AUTO
2026-07-12 06:22:46,1783837366,R_75,53673.3983,-1,0.6324000000022352,BACKFILL_AUTO
2026-07-12 06:22:48,1783837368,R_75,53679.1813,1,5.782999999995809,BACKFILL_AUTO
2026-07-12 06:22:50,1783837370,R_75,53679.0257,-1,0.1555999999982305,BACKFILL_AUTO
2026-07-12 06:22:52,1783837372,R_75,53680.1808,1,1.1551000000035856,BACKFILL_AUTO
2026-07-12 06:22:54,1783837374,R_75,53671.3222,-1,8.85859999999957,BACKFILL_AUTO
2026-07-12 06:22:56,1783837376,R_75,53687.2278,1,15.90559999999823,BACKFILL_AUTO
2026-07-12 06:22:58,1783837378,R_75,53676.28,-1,10.947800000001735,BACKFILL_AUTO
2026-07-12 06:23:00,1783837380,R_75,53672.2738,-1,4.00619999999617,BACKFILL_AUTO
2026-07-12 06:23:02,1783837382,R_75,53683.7123,1,11.438499999996566,BACKFILL_AUTO
2026-07-12 06:23:04,1783837384,R_75,53680.166,-1,3.546300000001793,BACKFILL_AUTO
2026-07-12 06:23:06,1783837386,R_75,53678.3197,-1,1.8462999999974272,BACKFILL_AUTO
2026-07-12 06:23:08,1783837388,R_75,53682.7423,1,4.422599999998056,BACKFILL_AUTO
2026-07-12 06:23:10,1783837390,R_75,53681.8065,-1,0.9357999999992899,BACKFILL_AUTO
2026-07-12 06:23:12,1783837392,R_75,53686.2921,1,4.485599999999977,BACKFILL_AUTO
2026-07-12 06:23:14,1783837394,R_75,53682.3241,-1,3.9680000000007567,BACKFILL_AUTO
2026-07-12 06:23:16,1783837396,R_75,53705.3854,1,23.06130000000121,BACKFILL_AUTO
2026-07-12 06:23:18,1783837398,R_75,53707.8184,1,2.4329999999972642,BACKFILL_AUTO
2026-07-12 06:23:20,1783837400,R_75,53709.955,1,2.1366000000052736,BACKFILL_AUTO
2026-07-12 06:23:22,1783837402,R_75,53714.6531,1,4.698100000001432,BACKFILL_AUTO
2026-07-12 06:23:24,1783837404,R_75,53713.3521,-1,1.301000000006752,BACKFILL_AUTO
2026-07-12 06:23:26,1783837406,R_75,53707.5452,-1,5.806899999995949,BACKFILL_AUTO
2026-07-12 06:23:28,1783837408,R_75,53698.6297,-1,8.915500000002794,BACKFILL_AUTO
2026-07-12 06:23:30,1783837410,R_75,53691.1131,-1,7.516599999995378,BACKFILL_AUTO
2026-07-12 06:23:32,1783837412,R_75,53690.2901,-1,0.8230000000039581,BACKFILL_AUTO
2026-07-12 06:23:34,1783837414,R_75,53684.7426,-1,5.547500000000582,BACKFILL_AUTO
2026-07-12 06:23:36,1783837416,R_75,53680.2194,-1,4.523199999995995,BACKFILL_AUTO
2026-07-12 06:23:38,1783837418,R_75,53677.4739,-1,2.74550000000454,BACKFILL_AUTO
2026-07-12 06:23:40,1783837420,R_75,53692.7764,1,15.302500000005239,BACKFILL_AUTO
2026-07-12 06:23:42,1783837422,R_75,53712.0737,1,19.29729999999836,BACKFILL_AUTO
2026-07-12 06:23:44,1783837424,R_75,53709.3188,-1,2.754899999999907,BACKFILL_AUTO
2026-07-12 06:23:46,1783837426,R_75,53709.2733,-1,0.04550000000017462,BACKFILL_AUTO
2026-07-12 06:23:48,1783837428,R_75,53712.2526,1,2.979299999999057,BACKFILL_AUTO
2026-07-12 06:23:50,1783837430,R_75,53701.7793,-1,10.473299999997835,BACKFILL_AUTO
2026-07-12 06:23:52,1783837432,R_75,53706.0209,1,4.241600000001199,BACKFILL_AUTO
2026-07-12 06:23:54,1783837434,R_75,53710.7784,1,4.757499999999709,BACKFILL_AUTO
2026-07-12 06:23:56,1783837436,R_75,53708.1693,-1,2.60910000000149,BACKFILL_AUTO
2026-07-12 06:23:58,1783837438,R_75,53709.0946,1,0.9252999999953317,BACKFILL_AUTO
2026-07-12 06:24:00,1783837440,R_75,53695.3452,-1,13.74939999999333,BACKFILL_AUTO
2026-07-12 06:24:02,1783837442,R_75,53683.9343,-1,11.410900000002584,BACKFILL_AUTO
2026-07-12 06:24:04,1783837444,R_75,53679.3282,-1,4.606099999997241,BACKFILL_AUTO
2026-07-12 06:24:06,1783837446,R_75,53682.9234,1,3.5951999999961117,BACKFILL_AUTO
2026-07-12 06:24:08,1783837448,R_75,53673.0979,-1,9.82549999999901,BACKFILL_AUTO
2026-07-12 06:24:10,1783837450,R_75,53670.2897,-1,2.8081999999994878,BACKFILL_AUTO
2026-07-12 06:24:12,1783837452,R_75,53685.9324,1,15.642699999996694,BACKFILL_AUTO
2026-07-12 06:24:14,1783837454,R_75,53688.9983,1,3.0659000000014203,BACKFILL_AUTO
2026-07-12 06:24:16,1783837456,R_75,53691.3542,1,2.3559000000022934,BACKFILL_AUTO
2026-07-12 06:24:18,1783837458,R_75,53727.1005,1,35.74629999999888,BACKFILL_AUTO
2026-07-12 06:24:20,1783837460,R_75,53721.2778,-1,5.822699999996985,BACKFILL_AUTO
2026-07-12 06:24:22,1783837462,R_75,53715.0804,-1,6.1974000000045635,BACKFILL_AUTO
2026-07-12 06:24:24,1783837464,R_75,53716.5343,1,1.4539000000004307,BACKFILL_AUTO
2026-07-12 06:24:26,1783837466,R_75,53713.8202,-1,2.7140999999974156,BACKFILL_AUTO
2026-07-12 06:24:28,1783837468,R_75,53712.4962,-1,1.3240000000005239,BACKFILL_AUTO
2026-07-12 06:24:30,1783837470,R_75,53721.5274,1,9.031199999997625,BACKFILL_AUTO
2026-07-12 06:24:32,1783837472,R_75,53722.7234,1,1.1960000000035507,BACKFILL_AUTO
2026-07-12 06:24:34,1783837474,R_75,53746.5187,1,23.79529999999795,BACKFILL_AUTO
2026-07-12 06:24:36,1783837476,R_75,53746.3504,-1,0.16829999999754364,BACKFILL_AUTO
2026-07-12 06:24:38,1783837478,R_75,53757.59,1,11.239599999993516,BACKFILL_AUTO
2026-07-12 06:24:40,1783837480,R_75,53750.1906,-1,7.399399999994785,BACKFILL_AUTO
2026-07-12 06:24:42,1783837482,R_75,53752.5826,1,2.3919999999998254,BACKFILL_AUTO
2026-07-12 06:24:44,1783837484,R_75,53736.8561,-1,15.726500000004307,BACKFILL_AUTO
2026-07-12 06:24:46,1783837486,R_75,53739.1167,1,2.260600000001432,BACKFILL_AUTO
2026-07-12 06:24:48,1783837488,R_75,53748.9489,1,9.832200000004377,BACKFILL_AUTO
2026-07-12 06:24:50,1783837490,R_75,53733.8482,-1,15.10070000000269,BACKFILL_AUTO
2026-07-12 06:24:52,1783837492,R_75,53737.4091,1,3.5608999999967637,BACKFILL_AUTO
2026-07-12 06:24:54,1783837494,R_75,53742.2893,1,4.880199999999604,BACKFILL_AUTO
2026-07-12 06:24:56,1783837496,R_75,53729.2254,-1,13.063899999993737,BACKFILL_AUTO
2026-07-12 06:24:58,1783837498,R_75,53723.7366,-1,5.488800000006449,BACKFILL_AUTO
2026-07-12 06:25:00,1783837500,R_75,53728.4502,1,4.713600000002771,BACKFILL_AUTO
2026-07-12 06:25:02,1783837502,R_75,53731.7542,1,3.3040000000037253,BACKFILL_AUTO
2026-07-12 06:25:04,1783837504,R_75,53735.4913,1,3.7370999999984633,BACKFILL_AUTO
2026-07-12 06:25:06,1783837506,R_75,53743.8985,1,8.407200000001467,BACKFILL_AUTO
2026-07-12 06:25:08,1783837508,R_75,53737.4229,-1,6.475600000005215,BACKFILL_AUTO
2026-07-12 06:25:10,1783837510,R_75,53734.3335,-1,3.089399999997113,BACKFILL_AUTO
2026-07-12 06:25:12,1783837512,R_75,53745.1212,1,10.787700000000768,BACKFILL_AUTO
2026-07-12 06:25:14,1783837514,R_75,53727.611,-1,17.51020000000426,BACKFILL_AUTO
2026-07-12 06:25:16,1783837516,R_75,53730.488,1,2.8770000000004075,BACKFILL_AUTO
2026-07-12 06:25:18,1783837518,R_75,53740.4648,1,9.976800000004005,BACKFILL_AUTO
2026-07-12 06:25:20,1783837520,R_75,53733.339,-1,7.125800000001618,BACKFILL_AUTO
2026-07-12 06:25:22,1783837522,R_75,53714.826,-1,18.51299999999901,BACKFILL_AUTO
2026-07-12 06:25:24,1783837524,R_75,53708.6677,-1,6.158300000002782,BACKFILL_AUTO
2026-07-12 06:25:26,1783837526,R_75,53715.3071,1,6.639400000000023,BACKFILL_AUTO
2026-07-12 06:25:28,1783837528,R_75,53709.0819,-1,6.225200000000768,BACKFILL_AUTO
2026-07-12 06:25:30,1783837530,R_75,53709.765,1,0.683100000002014,BACKFILL_AUTO
2026-07-12 06:25:32,1783837532,R_75,53724.6746,1,14.909599999999045,BACKFILL_AUTO
2026-07-12 06:25:34,1783837534,R_75,53740.1585,1,15.483899999999267,BACKFILL_AUTO
2026-07-12 06:25:36,1783837536,R_75,53735.965,-1,4.193500000001222,BACKFILL_AUTO
2026-07-12 06:25:38,1783837538,R_75,53729.8807,-1,6.0842999999949825,BACKFILL_AUTO
2026-07-12 06:25:40,1783837540,R_75,53719.6353,-1,10.24539999999979,BACKFILL_AUTO
2026-07-12 06:25:42,1783837542,R_75,53709.1807,-1,10.454600000004575,BACKFILL_AUTO
2026-07-12 06:25:44,1783837544,R_75,53711.4595,1,2.2788000000000466,BACKFILL_AUTO
2026-07-12 06:25:46,1783837546,R_75,53727.1157,1,15.656200000004901,BACKFILL_AUTO
2026-07-12 06:25:48,1783837548,R_75,53740.6494,1,13.533699999999953,BACKFILL_AUTO
2026-07-12 06:25:50,1783837550,R_75,53739.32,-1,1.3294000000023516,BACKFILL_AUTO
2026-07-12 06:25:52,1783837552,R_75,53741.0428,1,1.7228000000031898,BACKFILL_AUTO
2026-07-12 06:25:54,1783837554,R_75,53713.1922,-1,27.850600000005215,BACKFILL_AUTO
2026-07-12 06:25:56,1783837556,R_75,53715.2252,1,2.033000000003085,BACKFILL_AUTO
2026-07-12 06:25:58,1783837558,R_75,53711.3341,-1,3.8911000000007334,BACKFILL_AUTO
2026-07-12 06:26:00,1783837560,R_75,53708.7304,-1,2.6036999999996624,BACKFILL_AUTO
2026-07-12 06:26:02,1783837562,R_75,53686.2401,-1,22.49029999999766,BACKFILL_AUTO
2026-07-12 06:26:04,1783837564,R_75,53679.8909,-1,6.349200000004203,BACKFILL_AUTO
2026-07-12 06:26:06,1783837566,R_75,53684.5865,1,4.695599999999104,BACKFILL_AUTO
2026-07-12 06:26:08,1783837568,R_75,53682.3263,-1,2.260199999996985,BACKFILL_AUTO
2026-07-12 06:26:10,1783837570,R_75,53673.5541,-1,8.77219999999943,BACKFILL_AUTO
2026-07-12 06:26:12,1783837572,R_75,53667.2453,-1,6.308799999998882,BACKFILL_AUTO
2026-07-12 06:26:14,1783837574,R_75,53687.52,1,20.274699999994482,BACKFILL_AUTO
2026-07-12 06:26:16,1783837576,R_75,53671.8326,-1,15.68739999999525,BACKFILL_AUTO
2026-07-12 06:26:18,1783837578,R_75,53669.081,-1,2.7516000000032363,BACKFILL_AUTO
2026-07-12 06:26:20,1783837580,R_75,53664.236,-1,4.845000000001164,BACKFILL_AUTO
2026-07-12 06:26:22,1783837582,R_75,53676.1658,1,11.929800000005343,BACKFILL_AUTO
2026-07-12 06:26:24,1783837584,R_75,53684.6287,1,8.462899999998626,BACKFILL_AUTO
2026-07-12 06:26:26,1783837586,R_75,53676.5364,-1,8.092300000003888,BACKFILL_AUTO
2026-07-12 06:26:28,1783837588,R_75,53680.8264,1,4.290000000000873,BACKFILL_AUTO
2026-07-12 06:26:30,1783837590,R_75,53684.4729,1,3.646500000002561,BACKFILL_AUTO
2026-07-12 06:26:32,1783837592,R_75,53666.7227,-1,17.750200000002224,BACKFILL_AUTO
2026-07-12 06:26:34,1783837594,R_75,53669.4137,1,2.690999999998894,BACKFILL_AUTO
2026-07-12 06:26:36,1783837596,R_75,53661.4306,-1,7.983099999997648,BACKFILL_AUTO
2026-07-12 06:26:38,1783837598,R_75,53663.6673,1,2.236700000001292,BACKFILL_AUTO
2026-07-12 06:26:40,1783837600,R_75,53680.2197,1,16.55240000000049,BACKFILL_AUTO
2026-07-12 06:26:42,1783837602,R_75,53665.8033,-1,14.416400000001886,BACKFILL_AUTO
2026-07-12 06:26:44,1783837604,R_75,53652.4109,-1,13.392399999996996,BACKFILL_AUTO
2026-07-12 06:26:46,1783837606,R_75,53655.9419,1,3.5309999999954016,BACKFILL_AUTO
2026-07-12 06:26:48,1783837608,R_75,53659.3084,1,3.3665000000037253,BACKFILL_AUTO
2026-07-12 06:26:50,1783837610,R_75,53662.2256,1,2.917199999996228,BACKFILL_AUTO
2026-07-12 06:26:52,1783837612,R_75,53663.8389,1,1.6133000000045286,BACKFILL_AUTO
2026-07-12 06:26:54,1783837614,R_75,53652.0454,-1,11.793499999999767,BACKFILL_AUTO
2026-07-12 06:26:56,1783837616,R_75,53653.7188,1,1.673399999999674,BACKFILL_AUTO
2026-07-12 06:26:58,1783837618,R_75,53668.9344,1,15.215599999995902,BACKFILL_AUTO
2026-07-12 06:27:00,1783837620,R_75,53662.4082,-1,6.5262000000002445,BACKFILL_AUTO
2026-07-12 06:27:02,1783837622,R_75,53646.8596,-1,15.548599999994622,BACKFILL_AUTO
2026-07-12 06:27:04,1783837624,R_75,53650.5194,1,3.659799999993993,BACKFILL_AUTO
2026-07-12 06:27:06,1783837626,R_75,53656.1623,1,5.642900000006193,BACKFILL_AUTO
2026-07-12 06:27:08,1783837628,R_75,53665.2476,1,9.085299999998824,BACKFILL_AUTO
2026-07-12 06:27:10,1783837630,R_75,53664.1772,-1,1.070400000004156,BACKFILL_AUTO
2026-07-12 06:27:12,1783837632,R_75,53643.5338,-1,20.643400000000838,BACKFILL_AUTO
2026-07-12 06:27:14,1783837634,R_75,53651.3096,1,7.775800000003073,BACKFILL_AUTO
2026-07-12 06:27:16,1783837636,R_75,53666.0015,1,14.691899999997986,BACKFILL_AUTO
2026-07-12 06:27:18,1783837638,R_75,53669.3678,1,3.3663000000015018,BACKFILL_AUTO
2026-07-12 06:27:20,1783837640,R_75,53678.9029,1,9.535100000000966,BACKFILL_AUTO
2026-07-12 06:27:22,1783837642,R_75,53675.5913,-1,3.311600000000908,BACKFILL_AUTO
2026-07-12 06:27:24,1783837644,R_75,53682.9764,1,7.385099999999511,BACKFILL_AUTO
2026-07-12 06:27:26,1783837646,R_75,53689.7808,1,6.804400000000896,BACKFILL_AUTO
2026-07-12 06:27:28,1783837648,R_75,53685.0206,-1,4.760199999996985,BACKFILL_AUTO
2026-07-12 06:27:30,1783837650,R_75,53692.3724,1,7.351799999996729,BACKFILL_AUTO
2026-07-12 06:27:32,1783837652,R_75,53680.2681,-1,12.104299999999057,BACKFILL_AUTO
2026-07-12 06:27:34,1783837654,R_75,53672.0721,-1,8.19600000000355,BACKFILL_AUTO
2026-07-12 06:27:36,1783837656,R_75,53681.3393,1,9.267200000002049,BACKFILL_AUTO
2026-07-12 06:27:38,1783837658,R_75,53691.7462,1,10.40690000000177,BACKFILL_AUTO
2026-07-12 06:27:40,1783837660,R_75,53685.7229,-1,6.023300000000745,BACKFILL_AUTO
2026-07-12 06:27:42,1783837662,R_75,53688.882,1,3.1590999999971245,BACKFILL_AUTO
2026-07-12 06:27:44,1783837664,R_75,53687.6559,-1,1.2260999999998603,BACKFILL_AUTO
2026-07-12 06:27:46,1783837666,R_75,53674.6776,-1,12.978299999995215,BACKFILL_AUTO
2026-07-12 06:27:48,1783837668,R_75,53683.3516,1,8.673999999999069,BACKFILL_AUTO
2026-07-12 06:27:50,1783837670,R_75,53689.4323,1,6.080699999998615,BACKFILL_AUTO
2026-07-12 06:27:52,1783837672,R_75,53695.3245,1,5.892200000002049,BACKFILL_AUTO
2026-07-12 06:27:54,1783837674,R_75,53701.5689,1,6.244399999995949,BACKFILL_AUTO
2026-07-12 06:27:56,1783837676,R_75,53690.6991,-1,10.869800000000396,BACKFILL_AUTO
2026-07-12 06:27:58,1783837678,R_75,53677.8103,-1,12.888800000000629,BACKFILL_AUTO
2026-07-12 06:28:00,1783837680,R_75,53689.7249,1,11.914600000003702,BACKFILL_AUTO
2026-07-12 06:28:02,1783837682,R_75,53706.0069,1,16.281999999999243,BACKFILL_AUTO
2026-07-12 06:28:04,1783837684,R_75,53699.1621,-1,6.844799999998941,BACKFILL_AUTO
2026-07-12 06:28:06,1783837686,R_75,53688.8063,-1,10.35580000000482,BACKFILL_AUTO
2026-07-12 06:28:08,1783837688,R_75,53690.6208,1,1.8145000000004075,BACKFILL_AUTO
2026-07-12 06:28:10,1783837690,R_75,53689.9543,-1,0.6664999999993597,BACKFILL_AUTO
2026-07-12 06:28:12,1783837692,R_75,53715.9891,1,26.03480000000127,BACKFILL_AUTO
2026-07-12 06:28:14,1783837694,R_75,53711.1935,-1,4.795599999997648,BACKFILL_AUTO
2026-07-12 06:28:16,1783837696,R_75,53734.0441,1,22.85059999999794,BACKFILL_AUTO
2026-07-12 06:28:18,1783837698,R_75,53734.0338,-1,0.010300000001734588,BACKFILL_AUTO
2026-07-12 06:28:20,1783837700,R_75,53718.9816,-1,15.052199999998265,BACKFILL_AUTO
2026-07-12 06:28:22,1783837702,R_75,53730.7394,1,11.757799999999406,BACKFILL_AUTO
2026-07-12 06:28:24,1783837704,R_75,53725.8349,-1,4.904499999996915,BACKFILL_AUTO
2026-07-12 06:28:26,1783837706,R_75,53722.4181,-1,3.416799999999057,BACKFILL_AUTO
2026-07-12 06:28:28,1783837708,R_75,53724.9326,1,2.514499999997497,BACKFILL_AUTO
2026-07-12 06:28:30,1783837710,R_75,53723.8275,-1,1.1051000000006752,BACKFILL_AUTO
2026-07-12 06:28:32,1783837712,R_75,53726.1253,1,2.2978000000002794,BACKFILL_AUTO
2026-07-12 06:28:34,1783837714,R_75,53711.6901,-1,14.435199999999895,BACKFILL_AUTO
2026-07-12 06:28:36,1783837716,R_75,53711.4725,-1,0.21759999999630963,BACKFILL_AUTO
2026-07-12 06:28:38,1783837718,R_75,53711.0964,-1,0.3761000000013155,BACKFILL_AUTO
2026-07-12 06:28:40,1783837720,R_75,53714.2614,1,3.165000000000873,BACKFILL_AUTO
2026-07-12 06:28:42,1783837722,R_75,53721.1466,1,6.885199999996985,BACKFILL_AUTO
2026-07-12 06:28:44,1783837724,R_75,53710.29,-1,10.856599999999162,BACKFILL_AUTO
2026-07-12 06:28:46,1783837726,R_75,53707.649,-1,2.6410000000032596,BACKFILL_AUTO
2026-07-12 06:28:48,1783837728,R_75,53704.7364,-1,2.9125999999960186,BACKFILL_AUTO
2026-07-12 06:28:50,1783837730,R_75,53717.8748,1,13.138399999996182,BACKFILL_AUTO
2026-07-12 06:28:52,1783837732,R_75,53727.0446,1,9.169800000003306,BACKFILL_AUTO
2026-07-12 06:28:54,1783837734,R_75,53737.4056,1,10.360999999997148,BACKFILL_AUTO
2026-07-12 06:28:56,1783837736,R_75,53730.9446,-1,6.460999999995693,BACKFILL_AUTO
2026-07-12 06:28:58,1783837738,R_75,53728.2377,-1,2.70690000000468,BACKFILL_AUTO
2026-07-12 06:29:00,1783837740,R_75,53728.0249,-1,0.2128000000011525,BACKFILL_AUTO
2026-07-12 06:29:02,1783837742,R_75,53715.4404,-1,12.584499999997206,BACKFILL_AUTO
2026-07-12 06:29:04,1783837744,R_75,53724.8867,1,9.446300000003248,BACKFILL_AUTO
2026-07-12 06:29:06,1783837746,R_75,53708.327,-1,16.55970000000525,BACKFILL_AUTO
2026-07-12 06:29:08,1783837748,R_75,53724.12,1,15.793000000005122,BACKFILL_AUTO
2026-07-12 06:29:10,1783837750,R_75,53739.8507,1,15.73070000000007,BACKFILL_AUTO
2026-07-12 06:29:12,1783837752,R_75,53744.8499,1,4.999199999998382,BACKFILL_AUTO
2026-07-12 06:29:14,1783837754,R_75,53744.5307,-1,0.3191999999980908,BACKFILL_AUTO
2026-07-12 06:29:16,1783837756,R_75,53749.7989,1,5.268199999998615,BACKFILL_AUTO
2026-07-12 06:29:18,1783837758,R_75,53762.709,1,12.910100000000966,BACKFILL_AUTO
2026-07-12 06:29:20,1783837760,R_75,53776.0154,1,13.306399999994028,BACKFILL_AUTO
2026-07-12 06:29:22,1783837762,R_75,53775.4784,-1,0.536999999996624,BACKFILL_AUTO
2026-07-12 06:29:24,1783837764,R_75,53785.8204,1,10.341999999996915,BACKFILL_AUTO
2026-07-12 06:29:26,1783837766,R_75,53799.2466,1,13.4262000000017,BACKFILL_AUTO
2026-07-12 06:29:28,1783837768,R_75,53809.8622,1,10.615600000004633,BACKFILL_AUTO
2026-07-12 06:29:30,1783837770,R_75,53796.5692,-1,13.293000000005122,BACKFILL_AUTO
2026-07-12 06:29:32,1783837772,R_75,53800.8745,1,4.305299999999988,BACKFILL_AUTO
2026-07-12 06:29:34,1783837774,R_75,53809.3431,1,8.468600000000151,BACKFILL_AUTO
2026-07-12 06:29:36,1783837776,R_75,53793.8506,-1,15.492500000000291,BACKFILL_AUTO
2026-07-12 06:29:38,1783837778,R_75,53779.272,-1,14.578600000000733,BACKFILL_AUTO
2026-07-12 06:29:40,1783837780,R_75,53785.6069,1,6.334900000001653,BACKFILL_AUTO
2026-07-12 06:29:42,1783837782,R_75,53809.2519,1,23.645000000004075,BACKFILL_AUTO
2026-07-12 06:29:44,1783837784,R_75,53814.5068,1,5.254899999999907,BACKFILL_AUTO
2026-07-12 06:29:46,1783837786,R_75,53805.8078,-1,8.699000000000524,BACKFILL_AUTO
2026-07-12 06:29:48,1783837788,R_75,53795.8877,-1,9.920100000003004,BACKFILL_AUTO
2026-07-12 06:29:50,1783837790,R_75,53815.6583,1,19.77060000000347,BACKFILL_AUTO
2026-07-12 06:29:52,1783837792,R_75,53837.0595,1,21.401200000000244,BACKFILL_AUTO
2026-07-12 06:29:54,1783837794,R_75,53841.1692,1,4.109699999993609,BACKFILL_AUTO
2026-07-12 06:29:56,1783837796,R_75,53817.3572,-1,23.81199999999808,BACKFILL_AUTO
2026-07-12 06:29:58,1783837798,R_75,53843.9583,1,26.60109999999986,BACKFILL_AUTO
2026-07-12 06:30:00,1783837800,R_75,53840.7984,-1,3.1598999999987427,BACKFILL_AUTO
2026-07-12 06:30:02,1783837802,R_75,53807.6087,-1,33.18970000000263,BACKFILL_AUTO
2026-07-12 06:30:04,1783837804,R_75,53822.5684,1,14.95969999999943,BACKFILL_AUTO
2026-07-12 06:30:06,1783837806,R_75,53814.3755,-1,8.192899999994552,BACKFILL_AUTO
2026-07-12 06:30:08,1783837808,R_75,53829.2514,1,14.875899999999092,BACKFILL_AUTO
2026-07-12 06:30:10,1783837810,R_75,53823.3455,-1,5.905899999997928,BACKFILL_AUTO
2026-07-12 06:30:12,1783837812,R_75,53822.4707,-1,0.8748000000050524,BACKFILL_AUTO
2026-07-12 06:30:14,1783837814,R_75,53812.2951,-1,10.175599999995029,BACKFILL_AUTO
2026-07-12 06:30:16,1783837816,R_75,53809.2799,-1,3.0152000000016415,BACKFILL_AUTO
2026-07-12 06:30:18,1783837818,R_75,53810.2554,1,0.9755000000004657,BACKFILL_AUTO
2026-07-12 06:30:20,1783837820,R_75,53825.7954,1,15.540000000000873,BACKFILL_AUTO
2026-07-12 06:30:22,1783837822,R_75,53833.1921,1,7.396699999997509,BACKFILL_AUTO
2026-07-12 06:30:24,1783837824,R_75,53837.2137,1,4.021600000000035,BACKFILL_AUTO
2026-07-12 06:30:26,1783837826,R_75,53843.959,1,6.745300000002317,BACKFILL_AUTO
2026-07-12 06:30:28,1783837828,R_75,53845.3718,1,1.4127999999982421,BACKFILL_AUTO
2026-07-12 06:30:30,1783837830,R_75,53842.6298,-1,2.74199999999837,BACKFILL_AUTO
2026-07-12 06:30:32,1783837832,R_75,53847.2962,1,4.66639999999461,BACKFILL_AUTO
2026-07-12 06:30:34,1783837834,R_75,53838.5098,-1,8.78639999999723,BACKFILL_AUTO
2026-07-12 06:30:36,1783837836,R_75,53852.231,1,13.721199999999953,BACKFILL_AUTO
2026-07-12 06:30:38,1783837838,R_75,53874.6604,1,22.429400000000896,BACKFILL_AUTO
2026-07-12 06:30:40,1783837840,R_75,53877.2458,1,2.585399999996298,BACKFILL_AUTO
2026-07-12 06:30:42,1783837842,R_75,53881.8974,1,4.6516000000046915,BACKFILL_AUTO
2026-07-12 06:30:44,1783837844,R_75,53896.2577,1,14.36030000000028,BACKFILL_AUTO
2026-07-12 06:30:46,1783837846,R_75,53899.9818,1,3.724099999999453,BACKFILL_AUTO
2026-07-12 06:30:48,1783837848,R_75,53894.0142,-1,5.967600000003586,BACKFILL_AUTO
2026-07-12 06:30:50,1783837850,R_75,53895.5307,1,1.5165000000051805,BACKFILL_AUTO
2026-07-12 06:30:52,1783837852,R_75,53898.6486,1,3.117899999997462,BACKFILL_AUTO
2026-07-12 06:30:54,1783837854,R_75,53910.9143,1,12.265699999996286,BACKFILL_AUTO
2026-07-12 06:30:56,1783837856,R_75,53903.9616,-1,6.9526999999943655,BACKFILL_AUTO
2026-07-12 06:30:58,1783837858,R_75,53893.1182,-1,10.843400000005204,BACKFILL_AUTO
2026-07-12 06:31:00,1783837860,R_75,53896.6671,1,3.548900000001595,BACKFILL_AUTO
2026-07-12 06:31:02,1783837862,R_75,53888.5193,-1,8.147799999998824,BACKFILL_AUTO
2026-07-12 06:31:04,1783837864,R_75,53895.5786,1,7.059300000000803,BACKFILL_AUTO
2026-07-12 06:31:06,1783837866,R_75,53892.3817,-1,3.1969000000026426,BACKFILL_AUTO
2026-07-12 06:31:08,1783837868,R_75,53899.5137,1,7.132000000005064,BACKFILL_AUTO
2026-07-12 06:31:10,1783837870,R_75,53902.2852,1,2.771499999995285,BACKFILL_AUTO
2026-07-12 06:31:12,1783837872,R_75,53921.9478,1,19.662600000003295,BACKFILL_AUTO
2026-07-12 06:31:14,1783837874,R_75,53921.1935,-1,0.7543000000005122,BACKFILL_AUTO
2026-07-12 06:31:16,1783837876,R_75,53928.6391,1,7.445599999999104,BACKFILL_AUTO
2026-07-12 06:31:18,1783837878,R_75,53928.0453,-1,0.5938000000023749,BACKFILL_AUTO
2026-07-12 06:31:20,1783837880,R_75,53939.9338,1,11.888500000000931,BACKFILL_AUTO
2026-07-12 06:31:22,1783837882,R_75,53952.1857,1,12.251900000002934,BACKFILL_AUTO
2026-07-12 06:31:24,1783837884,R_75,53945.7821,-1,6.403600000005099,BACKFILL_AUTO
2026-07-12 06:31:26,1783837886,R_75,53952.8816,1,7.0995000000039,BACKFILL_AUTO
2026-07-12 06:31:28,1783837888,R_75,53954.901,1,2.019399999997404,BACKFILL_AUTO
2026-07-12 06:31:30,1783837890,R_75,53964.8986,1,9.997600000002421,BACKFILL_AUTO
2026-07-12 06:31:32,1783837892,R_75,53971.6331,1,6.734499999998661,BACKFILL_AUTO
2026-07-12 06:31:34,1783837894,R_75,53987.9637,1,16.33060000000114,BACKFILL_AUTO
2026-07-12 06:31:36,1783837896,R_75,53991.7223,1,3.7586000000010245,BACKFILL_AUTO
2026-07-12 06:31:38,1783837898,R_75,53985.7902,-1,5.932099999998172,BACKFILL_AUTO
2026-07-12 06:31:40,1783837900,R_75,53979.2191,-1,6.5711000000010245,BACKFILL_AUTO
2026-07-12 06:31:42,1783837902,R_75,53979.1078,-1,0.1113000000041211,BACKFILL_AUTO
2026-07-12 06:31:44,1783837904,R_75,53995.5768,1,16.4690000000046,BACKFILL_AUTO
2026-07-12 06:31:46,1783837906,R_75,53999.5215,1,3.9447000000000116,BACKFILL_AUTO
2026-07-12 06:31:48,1783837908,R_75,54008.6311,1,9.109599999996135,BACKFILL_AUTO
2026-07-12 06:31:50,1783837910,R_75,54011.9893,1,3.358200000002398,BACKFILL_AUTO
2026-07-12 06:31:52,1783837912,R_75,54021.9036,1,9.914299999996729,BACKFILL_AUTO
2026-07-12 06:31:54,1783837914,R_75,54024.1392,1,2.2355999999999767,BACKFILL_AUTO
2026-07-12 06:31:56,1783837916,R_75,54020.1573,-1,3.981899999998859,BACKFILL_AUTO
2026-07-12 06:31:58,1783837918,R_75,54015.7886,-1,4.36869999999908,BACKFILL_AUTO
2026-07-12 06:32:00,1783837920,R_75,54015.3162,-1,0.4723999999987427,BACKFILL_AUTO
2026-07-12 06:32:02,1783837922,R_75,54012.3239,-1,2.9922999999980675,BACKFILL_AUTO
2026-07-12 06:32:04,1783837924,R_75,54025.5531,1,13.229199999994307,BACKFILL_AUTO
2026-07-12 06:32:06,1783837926,R_75,54045.3989,1,19.845800000002782,BACKFILL_AUTO
2026-07-12 06:32:08,1783837928,R_75,54045.2511,-1,0.1477999999988242,BACKFILL_AUTO
2026-07-12 06:32:10,1783837930,R_75,54050.9148,1,5.663699999997334,BACKFILL_AUTO
2026-07-12 06:32:12,1783837932,R_75,54047.2051,-1,3.7096999999994296,BACKFILL_AUTO
2026-07-12 06:32:14,1783837934,R_75,54034.914,-1,12.291100000002189,BACKFILL_AUTO
2026-07-12 06:32:16,1783837936,R_75,54023.1765,-1,11.737499999995634,BACKFILL_AUTO
2026-07-12 06:32:18,1783837938,R_75,54033.2051,1,10.028599999997823,BACKFILL_AUTO
2026-07-12 06:32:20,1783837940,R_75,54033.7405,1,0.5354000000006636,BACKFILL_AUTO
2026-07-12 06:32:22,1783837942,R_75,54038.2942,1,4.553699999996752,BACKFILL_AUTO
2026-07-12 06:32:24,1783837944,R_75,54043.3656,1,5.071400000000722,BACKFILL_AUTO
2026-07-12 06:32:26,1783837946,R_75,54032.2623,-1,11.103299999995215,BACKFILL_AUTO
2026-07-12 06:32:28,1783837948,R_75,54048.2518,1,15.989499999996042,BACKFILL_AUTO
2026-07-12 06:32:30,1783837950,R_75,54059.5042,1,11.252400000004855,BACKFILL_AUTO
2026-07-12 06:32:32,1783837952,R_75,54055.8453,-1,3.658900000002177,BACKFILL_AUTO
2026-07-12 06:32:34,1783837954,R_75,54037.2822,-1,18.563099999999395,BACKFILL_AUTO
2026-07-12 06:32:36,1783837956,R_75,54036.9404,-1,0.3418000000019674,BACKFILL_AUTO
2026-07-12 06:32:38,1783837958,R_75,54022.7504,-1,14.190000000002328,BACKFILL_AUTO
2026-07-12 06:32:40,1783837960,R_75,54017.6623,-1,5.088099999993574,BACKFILL_AUTO
2026-07-12 06:32:42,1783837962,R_75,54014.1939,-1,3.4684000000052038,BACKFILL_AUTO
2026-07-12 06:32:44,1783837964,R_75,54014.8948,1,0.7009000000034575,BACKFILL_AUTO
2026-07-12 06:32:46,1783837966,R_75,54023.295,1,8.400199999996403,BACKFILL_AUTO
2026-07-12 06:32:48,1783837968,R_75,54034.8894,1,11.59440000000177,BACKFILL_AUTO
2026-07-12 06:32:50,1783837970,R_75,54012.0456,-1,22.843800000002375,BACKFILL_AUTO
2026-07-12 06:32:52,1783837972,R_75,54017.5183,1,5.472700000005716,BACKFILL_AUTO
2026-07-12 06:32:54,1783837974,R_75,54030.2719,1,12.753599999996368,BACKFILL_AUTO
2026-07-12 06:32:56,1783837976,R_75,54050.843,1,20.571100000001024,BACKFILL_AUTO
2026-07-12 06:32:58,1783837978,R_75,54042.5381,-1,8.304900000002817,BACKFILL_AUTO
2026-07-12 06:33:00,1783837980,R_75,54019.7772,-1,22.76090000000113,BACKFILL_AUTO
2026-07-12 06:33:02,1783837982,R_75,54018.6435,-1,1.1336999999984982,BACKFILL_AUTO
2026-07-12 06:33:04,1783837984,R_75,54022.3778,1,3.7343000000037136,BACKFILL_AUTO
2026-07-12 06:33:06,1783837986,R_75,54029.0284,1,6.65060000000085,BACKFILL_AUTO
2026-07-12 06:33:08,1783837988,R_75,54010.0059,-1,19.022500000006403,BACKFILL_AUTO
2026-07-12 06:33:10,1783837990,R_75,54018.4376,1,8.431700000001001,BACKFILL_AUTO
2026-07-12 06:33:12,1783837992,R_75,54040.9475,1,22.509900000004563,BACKFILL_AUTO
2026-07-12 06:33:14,1783837994,R_75,54032.4922,-1,8.455300000001444,BACKFILL_AUTO
2026-07-12 06:33:16,1783837996,R_75,54052.5877,1,20.09549999999581,BACKFILL_AUTO
2026-07-12 06:33:18,1783837998,R_75,54050.6454,-1,1.9422999999951571,BACKFILL_AUTO
2026-07-12 06:33:20,1783838000,R_75,54042.8103,-1,7.835100000003877,BACKFILL_AUTO
2026-07-12 06:33:22,1783838002,R_75,54060.729,1,17.91870000000199,BACKFILL_AUTO
2026-07-12 06:33:24,1783838004,R_75,54053.9251,-1,6.8038999999989755,BACKFILL_AUTO
2026-07-12 06:33:26,1783838006,R_75,54071.6803,1,17.755199999999604,BACKFILL_AUTO
2026-07-12 06:33:28,1783838008,R_75,54060.5671,-1,11.113199999999779,BACKFILL_AUTO
2026-07-12 06:33:30,1783838010,R_75,54056.5746,-1,3.992500000000291,BACKFILL_AUTO
2026-07-12 06:33:32,1783838012,R_75,54070.346,1,13.771399999997811,BACKFILL_AUTO
2026-07-12 06:33:34,1783838014,R_75,54068.6049,-1,1.7410999999992782,BACKFILL_AUTO
2026-07-12 06:33:36,1783838016,R_75,54072.591,1,3.9861000000018976,BACKFILL_AUTO
2026-07-12 06:33:38,1783838018,R_75,54071.4724,-1,1.1186000000016065,BACKFILL_AUTO
2026-07-12 06:33:40,1783838020,R_75,54099.1226,1,27.65020000000368,BACKFILL_AUTO
2026-07-12 06:33:42,1783838022,R_75,54105.7849,1,6.662299999996321,BACKFILL_AUTO
2026-07-12 06:33:44,1783838024,R_75,54112.3337,1,6.548800000004121,BACKFILL_AUTO
2026-07-12 06:33:46,1783838026,R_75,54132.4,1,20.06629999999859,BACKFILL_AUTO
2026-07-12 06:33:48,1783838028,R_75,54133.6928,1,1.2927999999956228,BACKFILL_AUTO
2026-07-12 06:33:50,1783838030,R_75,54130.0922,-1,3.6005999999979394,BACKFILL_AUTO
2026-07-12 06:33:52,1783838032,R_75,54120.97,-1,9.122199999997974,BACKFILL_AUTO
2026-07-12 06:33:54,1783838034,R_75,54114.668,-1,6.302000000003318,BACKFILL_AUTO
2026-07-12 06:33:56,1783838036,R_75,54107.2053,-1,7.462699999996403,BACKFILL_AUTO
2026-07-12 06:33:58,1783838038,R_75,54116.3359,1,9.130599999996775,BACKFILL_AUTO
2026-07-12 06:34:00,1783838040,R_75,54117.5025,1,1.1666000000041095,BACKFILL_AUTO
2026-07-12 06:34:02,1783838042,R_75,54122.9856,1,5.483099999997648,BACKFILL_AUTO
2026-07-12 06:34:04,1783838044,R_75,54120.8888,-1,2.096799999999348,BACKFILL_AUTO
2026-07-12 06:34:06,1783838046,R_75,54113.2839,-1,7.604899999998452,BACKFILL_AUTO
2026-07-12 06:34:08,1783838048,R_75,54119.1374,1,5.853499999997439,BACKFILL_AUTO
2026-07-12 06:34:10,1783838050,R_75,54121.2399,1,2.102500000000873,BACKFILL_AUTO
2026-07-12 06:34:12,1783838052,R_75,54134.8423,1,13.602399999996123,BACKFILL_AUTO
2026-07-12 06:34:14,1783838054,R_75,54141.4642,1,6.621900000005553,BACKFILL_AUTO
2026-07-12 06:34:16,1783838056,R_75,54140.5212,-1,0.9429999999993015,BACKFILL_AUTO
2026-07-12 06:34:18,1783838058,R_75,54147.5685,1,7.0472999999983585,BACKFILL_AUTO
2026-07-12 06:34:20,1783838060,R_75,54148.769,1,1.2004999999990105,BACKFILL_AUTO
2026-07-12 06:34:22,1783838062,R_75,54148.0179,-1,0.7511000000013155,BACKFILL_AUTO
2026-07-12 06:34:24,1783838064,R_75,54150.7176,1,2.6997000000046683,BACKFILL_AUTO
2026-07-12 06:34:26,1783838066,R_75,54152.1205,1,1.4028999999936786,BACKFILL_AUTO
2026-07-12 06:34:28,1783838068,R_75,54139.7974,-1,12.323099999994156,BACKFILL_AUTO
2026-07-12 06:34:30,1783838070,R_75,54141.3822,1,1.5847999999969034,BACKFILL_AUTO
2026-07-12 06:34:32,1783838072,R_75,54132.0081,-1,9.374100000000908,BACKFILL_AUTO
2026-07-12 06:34:34,1783838074,R_75,54114.2451,-1,17.76299999999901,BACKFILL_AUTO
2026-07-12 06:34:36,1783838076,R_75,54121.4477,1,7.202599999996892,BACKFILL_AUTO
2026-07-12 06:34:38,1783838078,R_75,54142.2692,1,20.82150000000547,BACKFILL_AUTO
2026-07-12 06:34:40,1783838080,R_75,54149.9472,1,7.677999999999884,BACKFILL_AUTO
2026-07-12 06:34:42,1783838082,R_75,54155.9064,1,5.959199999997509,BACKFILL_AUTO
2026-07-12 06:34:44,1783838084,R_75,54148.3676,-1,7.538800000002084,BACKFILL_AUTO
2026-07-12 06:34:46,1783838086,R_75,54160.1311,1,11.763500000000931,BACKFILL_AUTO
2026-07-12 06:34:48,1783838088,R_75,54175.8016,1,15.670500000000175,BACKFILL_AUTO
2026-07-12 06:34:50,1783838090,R_75,54159.5387,-1,16.262900000001537,BACKFILL_AUTO
2026-07-12 06:34:52,1783838092,R_75,54159.3908,-1,0.147899999996298,BACKFILL_AUTO
2026-07-12 06:34:54,1783838094,R_75,54168.3201,1,8.929299999996147,BACKFILL_AUTO
2026-07-12 06:34:56,1783838096,R_75,54176.6025,1,8.28240000000369,BACKFILL_AUTO
2026-07-12 06:34:58,1783838098,R_75,54178.245,1,1.6425000000017462,BACKFILL_AUTO
2026-07-12 06:35:00,1783838100,R_75,54201.9401,1,23.695099999997183,BACKFILL_AUTO
2026-07-12 06:35:02,1783838102,R_75,54197.048,-1,4.892099999997299,BACKFILL_AUTO
2026-07-12 06:35:04,1783838104,R_75,54190.7739,-1,6.274100000002363,BACKFILL_AUTO
2026-07-12 06:35:06,1783838106,R_75,54178.0581,-1,12.715799999998126,BACKFILL_AUTO
2026-07-12 06:35:08,1783838108,R_75,54176.9501,-1,1.1080000000001746,BACKFILL_AUTO
2026-07-12 06:35:10,1783838110,R_75,54186.7772,1,9.82709999999497,BACKFILL_AUTO
2026-07-12 06:35:12,1783838112,R_75,54179.3468,-1,7.430399999997462,BACKFILL_AUTO
2026-07-12 06:35:14,1783838114,R_75,54174.1145,-1,5.23229999999603,BACKFILL_AUTO
2026-07-12 06:35:16,1783838116,R_75,54164.6033,-1,9.511200000000827,BACKFILL_AUTO
2026-07-12 06:35:18,1783838118,R_75,54155.4657,-1,9.13760000000184,BACKFILL_AUTO
2026-07-12 06:35:20,1783838120,R_75,54140.7977,-1,14.667999999997846,BACKFILL_AUTO
2026-07-12 06:35:22,1783838122,R_75,54138.8341,-1,1.9636000000027707,BACKFILL_AUTO
2026-07-12 06:35:24,1783838124,R_75,54130.8542,-1,7.979899999998452,BACKFILL_AUTO
2026-07-12 06:35:26,1783838126,R_75,54127.7141,-1,3.1401000000041677,BACKFILL_AUTO
2026-07-12 06:35:28,1783838128,R_75,54127.3762,-1,0.3378999999986263,BACKFILL_AUTO
2026-07-12 06:35:30,1783838130,R_75,54128.175,1,0.7988000000041211,BACKFILL_AUTO
2026-07-12 06:35:32,1783838132,R_75,54113.9645,-1,14.210500000001048,BACKFILL_AUTO
2026-07-12 06:35:34,1783838134,R_75,54112.2791,-1,1.6854000000021188,BACKFILL_AUTO
2026-07-12 06:35:36,1783838136,R_75,54120.3788,1,8.099699999998847,BACKFILL_AUTO
2026-07-12 06:35:38,1783838138,R_75,54116.4506,-1,3.928200000002107,BACKFILL_AUTO
2026-07-12 06:35:40,1783838140,R_75,54108.92,-1,7.5305999999982305,BACKFILL_AUTO
2026-07-12 06:35:42,1783838142,R_75,54095.9343,-1,12.98569999999745,BACKFILL_AUTO
2026-07-12 06:35:44,1783838144,R_75,54121.1934,1,25.25909999999567,BACKFILL_AUTO
2026-07-12 06:35:46,1783838146,R_75,54124.2759,1,3.0825000000040745,BACKFILL_AUTO
2026-07-12 06:35:48,1783838148,R_75,54138.5817,1,14.30580000000191,BACKFILL_AUTO
2026-07-12 06:35:50,1783838150,R_75,54148.5078,1,9.92609999999695,BACKFILL_AUTO
2026-07-12 06:35:52,1783838152,R_75,54168.8479,1,20.340100000001257,BACKFILL_AUTO
2026-07-12 06:35:54,1783838154,R_75,54169.6519,1,0.8039999999964493,BACKFILL_AUTO
2026-07-12 06:35:56,1783838156,R_75,54173.6381,1,3.9861999999993714,BACKFILL_AUTO
2026-07-12 06:35:58,1783838158,R_75,54164.6371,-1,9.000999999996566,BACKFILL_AUTO
2026-07-12 06:36:00,1783838160,R_75,54154.2152,-1,10.421900000001187,BACKFILL_AUTO
2026-07-12 06:36:02,1783838162,R_75,54149.6041,-1,4.611100000001898,BACKFILL_AUTO
2026-07-12 06:36:04,1783838164,R_75,54138.2425,-1,11.361599999996542,BACKFILL_AUTO
2026-07-12 06:36:06,1783838166,R_75,54161.7376,1,23.495100000000093,BACKFILL_AUTO
2026-07-12 06:36:08,1783838168,R_75,54148.0002,-1,13.73739999999816,BACKFILL_AUTO
2026-07-12 06:36:10,1783838170,R_75,54148.11,1,0.10979999999835854,BACKFILL_AUTO
2026-07-12 06:36:12,1783838172,R_75,54134.392,-1,13.718000000000757,BACKFILL_AUTO
2026-07-12 06:36:14,1783838174,R_75,54129.2476,-1,5.144399999997404,BACKFILL_AUTO
2026-07-12 06:36:16,1783838176,R_75,54153.9319,1,24.684300000000803,BACKFILL_AUTO
2026-07-12 06:36:18,1783838178,R_75,54166.6477,1,12.715799999998126,BACKFILL_AUTO
2026-07-12 06:36:20,1783838180,R_75,54161.9928,-1,4.654900000001362,BACKFILL_AUTO
2026-07-12 06:36:22,1783838182,R_75,54161.6751,-1,0.3176999999996042,BACKFILL_AUTO
2026-07-12 06:36:24,1783838184,R_75,54163.9106,1,2.235500000002503,BACKFILL_AUTO
2026-07-12 06:36:26,1783838186,R_75,54168.3448,1,4.4341999999960535,BACKFILL_AUTO
2026-07-12 06:36:28,1783838188,R_75,54158.8799,-1,9.464899999999034,BACKFILL_AUTO
2026-07-12 06:36:30,1783838190,R_75,54150.3418,-1,8.53809999999794,BACKFILL_AUTO
2026-07-12 06:36:32,1783838192,R_75,54151.3078,1,0.9660000000003492,BACKFILL_AUTO
2026-07-12 06:36:34,1783838194,R_75,54151.6043,1,0.29649999999674037,BACKFILL_AUTO
2026-07-12 06:36:36,1783838196,R_75,54160.7931,1,9.188800000003539,BACKFILL_AUTO
2026-07-12 06:36:38,1783838198,R_75,54172.8902,1,12.097099999999045,BACKFILL_AUTO
2026-07-12 06:36:40,1783838200,R_75,54168.9374,-1,3.9527999999991152,BACKFILL_AUTO
2026-07-12 06:36:42,1783838202,R_75,54172.3102,1,3.372799999997369,BACKFILL_AUTO
2026-07-12 06:36:44,1783838204,R_75,54161.8734,-1,10.436800000003132,BACKFILL_AUTO
2026-07-12 06:36:46,1783838206,R_75,54165.9432,1,4.069800000004761,BACKFILL_AUTO
2026-07-12 06:36:48,1783838208,R_75,54163.7045,-1,2.2387000000016997,BACKFILL_AUTO
2026-07-12 06:36:50,1783838210,R_75,54171.3475,1,7.643000000003667,BACKFILL_AUTO
2026-07-12 06:36:52,1783838212,R_75,54176.7447,1,5.39719999999943,BACKFILL_AUTO
2026-07-12 06:36:54,1783838214,R_75,54178.5224,1,1.777699999998731,BACKFILL_AUTO
2026-07-12 06:36:56,1783838216,R_75,54183.4661,1,4.94369999999617,BACKFILL_AUTO
2026-07-12 06:36:58,1783838218,R_75,54203.8809,1,20.41479999999865,BACKFILL_AUTO
2026-07-12 06:37:00,1783838220,R_75,54197.5592,-1,6.321699999993143,BACKFILL_AUTO
2026-07-12 06:37:02,1783838222,R_75,54191.0097,-1,6.5495000000009895,BACKFILL_AUTO
2026-07-12 06:37:04,1783838224,R_75,54176.1247,-1,14.885000000002037,BACKFILL_AUTO
2026-07-12 06:37:06,1783838226,R_75,54153.3096,-1,22.815099999999802,BACKFILL_AUTO
2026-07-12 06:37:08,1783838228,R_75,54127.6056,-1,25.703999999997905,BACKFILL_AUTO
2026-07-12 06:37:10,1783838230,R_75,54109.3316,-1,18.27400000000489,BACKFILL_AUTO
2026-07-12 06:37:12,1783838232,R_75,54094.0326,-1,15.298999999999069,BACKFILL_AUTO
2026-07-12 06:37:14,1783838234,R_75,54097.2185,1,3.1859000000040396,BACKFILL_AUTO
2026-07-12 06:37:16,1783838236,R_75,54094.3074,-1,2.911100000004808,BACKFILL_AUTO
2026-07-12 06:37:18,1783838238,R_75,54096.313,1,2.0056000000040513,BACKFILL_AUTO
2026-07-12 06:37:20,1783838240,R_75,54076.2353,-1,20.07770000000164,BACKFILL_AUTO
2026-07-12 06:37:22,1783838242,R_75,54071.4784,-1,4.756900000000314,BACKFILL_AUTO
2026-07-12 06:37:24,1783838244,R_75,54078.5929,1,7.114500000003318,BACKFILL_AUTO
2026-07-12 06:37:26,1783838246,R_75,54077.5238,-1,1.069100000000617,BACKFILL_AUTO
2026-07-12 06:37:28,1783838248,R_75,54073.8801,-1,3.6437000000005355,BACKFILL_AUTO
2026-07-12 06:37:30,1783838250,R_75,54070.2968,-1,3.5833000000056927,BACKFILL_AUTO
2026-07-12 06:37:32,1783838252,R_75,54092.6233,1,22.326500000002852,BACKFILL_AUTO
2026-07-12 06:37:34,1783838254,R_75,54085.1369,-1,7.486400000001595,BACKFILL_AUTO
2026-07-12 06:37:36,1783838256,R_75,54084.6951,-1,0.4418000000005122,BACKFILL_AUTO
2026-07-12 06:37:38,1783838258,R_75,54084.0073,-1,0.6877999999996973,BACKFILL_AUTO
2026-07-12 06:37:40,1783838260,R_75,54096.0872,1,12.079900000004272,BACKFILL_AUTO
2026-07-12 06:37:42,1783838262,R_75,54103.4715,1,7.384299999997893,BACKFILL_AUTO
2026-07-12 06:37:44,1783838264,R_75,54130.5666,1,27.095099999998638,BACKFILL_AUTO
2026-07-12 06:37:46,1783838266,R_75,54137.084,1,6.517400000004272,BACKFILL_AUTO
2026-07-12 06:37:48,1783838268,R_75,54149.1435,1,12.05949999999575,BACKFILL_AUTO
2026-07-12 06:37:50,1783838270,R_75,54146.2552,-1,2.888299999998708,BACKFILL_AUTO
2026-07-12 06:37:52,1783838272,R_75,54153.1031,1,6.847900000000664,BACKFILL_AUTO
2026-07-12 06:37:54,1783838274,R_75,54145.2447,-1,7.858399999997346,BACKFILL_AUTO
2026-07-12 06:37:56,1783838276,R_75,54165.8193,1,20.57459999999992,BACKFILL_AUTO
2026-07-12 06:37:58,1783838278,R_75,54164.4948,-1,1.3245000000024447,BACKFILL_AUTO
2026-07-12 06:38:00,1783838280,R_75,54154.3941,-1,10.10070000000269,BACKFILL_AUTO
2026-07-12 06:38:02,1783838282,R_75,54152.9581,-1,1.4359999999942374,BACKFILL_AUTO
2026-07-12 06:38:04,1783838284,R_75,54146.7715,-1,6.186600000000908,BACKFILL_AUTO
2026-07-12 06:38:06,1783838286,R_75,54156.3388,1,9.567299999995157,BACKFILL_AUTO
2026-07-12 06:38:08,1783838288,R_75,54152.9241,-1,3.414700000001176,BACKFILL_AUTO
2026-07-12 06:38:10,1783838290,R_75,54161.8776,1,8.95350000000326,BACKFILL_AUTO
2026-07-12 06:38:12,1783838292,R_75,54157.0456,-1,4.832000000002154,BACKFILL_AUTO
2026-07-12 06:38:14,1783838294,R_75,54171.9883,1,14.942699999999604,BACKFILL_AUTO
2026-07-12 06:38:16,1783838296,R_75,54164.4813,-1,7.506999999997788,BACKFILL_AUTO
2026-07-12 06:38:18,1783838298,R_75,54180.5715,1,16.09019999999873,BACKFILL_AUTO
2026-07-12 06:38:20,1783838300,R_75,54170.871,-1,9.70049999999901,BACKFILL_AUTO
2026-07-12 06:38:22,1783838302,R_75,54174.8493,1,3.9783000000024913,BACKFILL_AUTO
2026-07-12 06:38:24,1783838304,R_75,54176.0304,1,1.1811000000016065,BACKFILL_AUTO
2026-07-12 06:38:26,1783838306,R_75,54197.1212,1,21.090799999998126,BACKFILL_AUTO
2026-07-12 06:38:28,1783838308,R_75,54206.1924,1,9.071199999998498,BACKFILL_AUTO
2026-07-12 06:38:30,1783838310,R_75,54195.7408,-1,10.451600000000326,BACKFILL_AUTO
2026-07-12 06:38:32,1783838312,R_75,54195.5453,-1,0.19550000000162981,BACKFILL_AUTO
2026-07-12 06:38:34,1783838314,R_75,54180.4541,-1,15.091199999995297,BACKFILL_AUTO
2026-07-12 06:38:36,1783838316,R_75,54185.5333,1,5.079200000000128,BACKFILL_AUTO
2026-07-12 06:38:38,1783838318,R_75,54171.7489,-1,13.784400000004098,BACKFILL_AUTO
2026-07-12 06:38:40,1783838320,R_75,54160.5836,-1,11.16530000000057,BACKFILL_AUTO
2026-07-12 06:38:42,1783838322,R_75,54177.7062,1,17.12260000000242,BACKFILL_AUTO
2026-07-12 06:38:44,1783838324,R_75,54168.8693,-1,8.83690000000206,BACKFILL_AUTO
2026-07-12 06:38:46,1783838326,R_75,54154.7229,-1,14.146399999997811,BACKFILL_AUTO
2026-07-12 06:38:48,1783838328,R_75,54162.2437,1,7.520799999998417,BACKFILL_AUTO
2026-07-12 06:38:50,1783838330,R_75,54146.8584,-1,15.385300000001735,BACKFILL_AUTO
2026-07-12 06:38:52,1783838332,R_75,54140.7316,-1,6.126799999998184,BACKFILL_AUTO
2026-07-12 06:38:54,1783838334,R_75,54133.1779,-1,7.553699999996752,BACKFILL_AUTO
2026-07-12 06:38:56,1783838336,R_75,54125.1432,-1,8.034700000003795,BACKFILL_AUTO
2026-07-12 06:38:58,1783838338,R_75,54123.5014,-1,1.6417999999976018,BACKFILL_AUTO
2026-07-12 06:39:00,1783838340,R_75,54114.9517,-1,8.549700000003213,BACKFILL_AUTO
2026-07-12 06:39:02,1783838342,R_75,54133.1275,1,18.17580000000453,BACKFILL_AUTO
2026-07-12 06:39:04,1783838344,R_75,54133.5211,1,0.39359999999578577,BACKFILL_AUTO
2026-07-12 06:39:06,1783838346,R_75,54128.4684,-1,5.052700000000186,BACKFILL_AUTO
2026-07-12 06:39:08,1783838348,R_75,54121.2806,-1,7.187799999999697,BACKFILL_AUTO
2026-07-12 06:39:10,1783838350,R_75,54112.9159,-1,8.364699999998265,BACKFILL_AUTO
2026-07-12 06:39:12,1783838352,R_75,54111.1168,-1,1.7990999999965425,BACKFILL_AUTO
2026-07-12 06:39:14,1783838354,R_75,54105.9453,-1,5.171500000004016,BACKFILL_AUTO
2026-07-12 06:39:16,1783838356,R_75,54133.2777,1,27.332399999999325,BACKFILL_AUTO
2026-07-12 06:39:18,1783838358,R_75,54127.2281,-1,6.049599999998463,BACKFILL_AUTO
2026-07-12 06:39:20,1783838360,R_75,54116.3055,-1,10.922599999998056,BACKFILL_AUTO
2026-07-12 06:39:22,1783838362,R_75,54104.3041,-1,12.001400000001013,BACKFILL_AUTO
2026-07-12 06:39:24,1783838364,R_75,54111.3562,1,7.052100000000792,BACKFILL_AUTO
2026-07-12 06:39:26,1783838366,R_75,54104.8084,-1,6.547800000000279,BACKFILL_AUTO
2026-07-12 06:39:28,1783838368,R_75,54094.5556,-1,10.252800000002026,BACKFILL_AUTO
2026-07-12 06:39:30,1783838370,R_75,54083.5975,-1,10.958099999996193,BACKFILL_AUTO
2026-07-12 06:39:32,1783838372,R_75,54086.1684,1,2.570899999998801,BACKFILL_AUTO
2026-07-12 06:39:34,1783838374,R_75,54079.3967,-1,6.771700000004785,BACKFILL_AUTO
2026-07-12 06:39:36,1783838376,R_75,54080.0847,1,0.6880000000019209,BACKFILL_AUTO
2026-07-12 06:39:38,1783838378,R_75,54060.5951,-1,19.48960000000079,BACKFILL_AUTO
2026-07-12 06:39:40,1783838380,R_75,54064.3109,1,3.7157999999981257,BACKFILL_AUTO
2026-07-12 06:39:42,1783838382,R_75,54065.7066,1,1.395700000000943,BACKFILL_AUTO
2026-07-12 06:39:44,1783838384,R_75,54074.331,1,8.624400000000605,BACKFILL_AUTO
2026-07-12 06:39:46,1783838386,R_75,54054.1351,-1,20.1958999999988,BACKFILL_AUTO
2026-07-12 06:39:48,1783838388,R_75,54050.3016,-1,3.8335000000006403,BACKFILL_AUTO
2026-07-12 06:39:50,1783838390,R_75,54068.3186,1,18.016999999999825,BACKFILL_AUTO
2026-07-12 06:39:52,1783838392,R_75,54075.4907,1,7.172100000003411,BACKFILL_AUTO
2026-07-12 06:39:54,1783838394,R_75,54064.0032,-1,11.48750000000291,BACKFILL_AUTO
2026-07-12 06:39:56,1783838396,R_75,54072.2887,1,8.285499999998137,BACKFILL_AUTO
2026-07-12 06:39:58,1783838398,R_75,54076.5692,1,4.280500000000757,BACKFILL_AUTO
2026-07-12 06:40:00,1783838400,R_75,54079.1865,1,2.6173000000053435,BACKFILL_AUTO
2026-07-12 06:40:02,1783838402,R_75,54076.6338,-1,2.5527000000001863,BACKFILL_AUTO
2026-07-12 06:40:04,1783838404,R_75,54086.2777,1,9.643899999995483,BACKFILL_AUTO
2026-07-12 06:40:06,1783838406,R_75,54084.1374,-1,2.1402999999991152,BACKFILL_AUTO
2026-07-12 06:40:08,1783838408,R_75,54090.0987,1,5.961300000002666,BACKFILL_AUTO
2026-07-12 06:40:10,1783838410,R_75,54079.1105,-1,10.988199999999779,BACKFILL_AUTO
2026-07-12 06:40:12,1783838412,R_75,54072.6383,-1,6.472200000003795,BACKFILL_AUTO
2026-07-12 06:40:14,1783838414,R_75,54072.801,1,0.16270000000076834,BACKFILL_AUTO
2026-07-12 06:40:16,1783838416,R_75,54086.9357,1,14.13470000000234,BACKFILL_AUTO
2026-07-12 06:40:18,1783838418,R_75,54083.4056,-1,3.5301000000035856,BACKFILL_AUTO
2026-07-12 06:40:20,1783838420,R_75,54061.7958,-1,21.60979999999836,BACKFILL_AUTO
2026-07-12 06:40:22,1783838422,R_75,54054.6985,-1,7.097300000001269,BACKFILL_AUTO
2026-07-12 06:40:24,1783838424,R_75,54074.8565,1,20.158000000003085,BACKFILL_AUTO
2026-07-12 06:40:26,1783838426,R_75,54084.7644,1,9.907899999998335,BACKFILL_AUTO
2026-07-12 06:40:28,1783838428,R_75,54096.262,1,11.497600000002421,BACKFILL_AUTO
2026-07-12 06:40:30,1783838430,R_75,54103.363,1,7.100999999995111,BACKFILL_AUTO
2026-07-12 06:40:32,1783838432,R_75,54103.5407,1,0.17770000000018626,BACKFILL_AUTO
2026-07-12 06:40:34,1783838434,R_75,54098.5871,-1,4.953600000000733,BACKFILL_AUTO
2026-07-12 06:40:36,1783838436,R_75,54117.7972,1,19.210100000003877,BACKFILL_AUTO
2026-07-12 06:40:38,1783838438,R_75,54097.1525,-1,20.644700000004377,BACKFILL_AUTO
2026-07-12 06:40:40,1783838440,R_75,54102.7117,1,5.5592000000033295,BACKFILL_AUTO
2026-07-12 06:40:42,1783838442,R_75,54121.46,1,18.74829999999929,BACKFILL_AUTO
2026-07-12 06:40:44,1783838444,R_75,54115.8648,-1,5.595199999996112,BACKFILL_AUTO
2026-07-12 06:40:46,1783838446,R_75,54122.3617,1,6.496899999998277,BACKFILL_AUTO
2026-07-12 06:40:48,1783838448,R_75,54122.6406,1,0.27889999999752035,BACKFILL_AUTO
2026-07-12 06:40:50,1783838450,R_75,54107.8095,-1,14.831099999995786,BACKFILL_AUTO
2026-07-12 06:40:52,1783838452,R_75,54099.0167,-1,8.792800000002899,BACKFILL_AUTO
2026-07-12 06:40:54,1783838454,R_75,54103.0833,1,4.066599999998289,BACKFILL_AUTO
2026-07-12 06:40:56,1783838456,R_75,54090.9977,-1,12.085599999998522,BACKFILL_AUTO
2026-07-12 06:40:58,1783838458,R_75,54094.0714,1,3.0737000000008265,BACKFILL_AUTO
2026-07-12 06:41:00,1783838460,R_75,54076.4172,-1,17.654199999997218,BACKFILL_AUTO
2026-07-12 06:41:02,1783838462,R_75,54080.0404,1,3.62319999999454,BACKFILL_AUTO
2026-07-12 06:41:04,1783838464,R_75,54083.2944,1,3.254000000000815,BACKFILL_AUTO
2026-07-12 06:41:06,1783838466,R_75,54074.3948,-1,8.899599999997008,BACKFILL_AUTO
2026-07-12 06:41:08,1783838468,R_75,54065.7717,-1,8.623100000004342,BACKFILL_AUTO
2026-07-12 06:41:10,1783838470,R_75,54070.6438,1,4.872100000000501,BACKFILL_AUTO
2026-07-12 06:41:12,1783838472,R_75,54061.2802,-1,9.36359999999695,BACKFILL_AUTO
2026-07-12 06:41:14,1783838474,R_75,54052.0397,-1,9.240499999999884,BACKFILL_AUTO
2026-07-12 06:41:16,1783838476,R_75,54043.1375,-1,8.902200000004086,BACKFILL_AUTO
2026-07-12 06:41:18,1783838478,R_75,54044.9179,1,1.780400000003283,BACKFILL_AUTO
2026-07-12 06:41:20,1783838480,R_75,54063.1238,1,18.205900000000838,BACKFILL_AUTO
2026-07-12 06:41:22,1783838482,R_75,54068.4699,1,5.346099999995204,BACKFILL_AUTO
2026-07-12 06:41:24,1783838484,R_75,54064.5718,-1,3.8980999999985215,BACKFILL_AUTO
2026-07-12 06:41:26,1783838486,R_75,54048.6882,-1,15.883600000001024,BACKFILL_AUTO
2026-07-12 06:41:28,1783838488,R_75,54049.1121,1,0.4239000000015949,BACKFILL_AUTO
2026-07-12 06:41:30,1783838490,R_75,54059.2479,1,10.135800000003655,BACKFILL_AUTO
2026-07-12 06:41:32,1783838492,R_75,54081.1569,1,21.90899999999965,BACKFILL_AUTO
2026-07-12 06:41:34,1783838494,R_75,54057.9655,-1,23.19140000000334,BACKFILL_AUTO
2026-07-12 06:41:36,1783838496,R_75,54073.8161,1,15.85059999999794,BACKFILL_AUTO
2026-07-12 06:41:38,1783838498,R_75,54079.5343,1,5.71820000000298,BACKFILL_AUTO
2026-07-12 06:41:40,1783838500,R_75,54065.6142,-1,13.920099999995728,BACKFILL_AUTO
2026-07-12 06:41:42,1783838502,R_75,54078.011,1,12.396799999994982,BACKFILL_AUTO
2026-07-12 06:41:44,1783838504,R_75,54075.6402,-1,2.3707999999969616,BACKFILL_AUTO
2026-07-12 06:41:46,1783838506,R_75,54057.1455,-1,18.494700000002922,BACKFILL_AUTO
2026-07-12 06:41:48,1783838508,R_75,54041.9299,-1,15.215599999995902,BACKFILL_AUTO
2026-07-12 06:41:50,1783838510,R_75,54028.7718,-1,13.158100000000559,BACKFILL_AUTO
2026-07-12 06:41:52,1783838512,R_75,54031.1717,1,2.3998999999967054,BACKFILL_AUTO
2026-07-12 06:41:54,1783838514,R_75,54023.9444,-1,7.22729999999865,BACKFILL_AUTO
2026-07-12 06:41:56,1783838516,R_75,54002.6698,-1,21.274599999997008,BACKFILL_AUTO
2026-07-12 06:41:58,1783838518,R_75,53977.9961,-1,24.673700000006647,BACKFILL_AUTO
2026-07-12 06:42:00,1783838520,R_75,53977.0935,-1,0.9025999999939813,BACKFILL_AUTO
2026-07-12 06:42:02,1783838522,R_75,53975.7713,-1,1.32220000000234,BACKFILL_AUTO
2026-07-12 06:42:04,1783838524,R_75,53970.4755,-1,5.295799999999872,BACKFILL_AUTO
2026-07-12 06:42:06,1783838526,R_75,53959.0969,-1,11.378600000003644,BACKFILL_AUTO
2026-07-12 06:42:08,1783838528,R_75,53954.9895,-1,4.107399999993504,BACKFILL_AUTO
2026-07-12 06:42:10,1783838530,R_75,53953.5138,-1,1.4757000000026892,BACKFILL_AUTO
2026-07-12 06:42:12,1783838532,R_75,53967.1269,1,13.613100000002305,BACKFILL_AUTO
2026-07-12 06:42:14,1783838534,R_75,53959.3747,-1,7.752200000002631,BACKFILL_AUTO
2026-07-12 06:42:16,1783838536,R_75,53954.6959,-1,4.678800000001502,BACKFILL_AUTO
2026-07-12 06:42:18,1783838538,R_75,53960.5722,1,5.876300000003539,BACKFILL_AUTO
2026-07-12 06:42:20,1783838540,R_75,53969.5829,1,9.010699999998906,BACKFILL_AUTO
2026-07-12 06:42:22,1783838542,R_75,53976.2935,1,6.7105999999985215,BACKFILL_AUTO
2026-07-12 06:42:24,1783838544,R_75,53976.1325,-1,0.1610000000000582,BACKFILL_AUTO
2026-07-12 06:42:26,1783838546,R_75,53987.8785,1,11.745999999999185,BACKFILL_AUTO
2026-07-12 06:42:28,1783838548,R_75,53981.9059,-1,5.972600000000966,BACKFILL_AUTO
2026-07-12 06:42:30,1783838550,R_75,53987.2649,1,5.359000000004016,BACKFILL_AUTO
2026-07-12 06:42:32,1783838552,R_75,53978.9965,-1,8.268400000000838,BACKFILL_AUTO
2026-07-12 06:42:34,1783838554,R_75,53985.5125,1,6.515999999995984,BACKFILL_AUTO
2026-07-12 06:42:36,1783838556,R_75,53965.5009,-1,20.011599999997998,BACKFILL_AUTO
2026-07-12 06:42:38,1783838558,R_75,53965.5999,1,0.09900000000197906,BACKFILL_AUTO
2026-07-12 06:42:40,1783838560,R_75,53963.7739,-1,1.8260000000009313,BACKFILL_AUTO
2026-07-12 06:42:42,1783838562,R_75,53962.0947,-1,1.6791999999986729,BACKFILL_AUTO
2026-07-12 06:42:44,1783838564,R_75,53954.2607,-1,7.834000000002561,BACKFILL_AUTO
2026-07-12 06:42:46,1783838566,R_75,53966.6946,1,12.433900000003632,BACKFILL_AUTO
2026-07-12 06:42:48,1783838568,R_75,53966.1481,-1,0.5465000000040163,BACKFILL_AUTO
2026-07-12 06:42:50,1783838570,R_75,53966.5972,1,0.44909999999799766,BACKFILL_AUTO
2026-07-12 06:42:52,1783838572,R_75,53945.3966,-1,21.200599999996484,BACKFILL_AUTO
2026-07-12 06:42:54,1783838574,R_75,53931.3103,-1,14.086300000002666,BACKFILL_AUTO
2026-07-12 06:42:56,1783838576,R_75,53935.1552,1,3.8449000000036904,BACKFILL_AUTO
2026-07-12 06:42:58,1783838578,R_75,53941.8399,1,6.684699999997974,BACKFILL_AUTO
2026-07-12 06:43:00,1783838580,R_75,53948.7364,1,6.896500000002561,BACKFILL_AUTO
2026-07-12 06:43:02,1783838582,R_75,53938.1652,-1,10.571199999998498,BACKFILL_AUTO
2026-07-12 06:43:04,1783838584,R_75,53939.2414,1,1.076199999995879,BACKFILL_AUTO
2026-07-12 06:43:06,1783838586,R_75,53922.1156,-1,17.125800000001618,BACKFILL_AUTO
2026-07-12 06:43:08,1783838588,R_75,53935.5732,1,13.457600000001548,BACKFILL_AUTO
2026-07-12 06:43:10,1783838590,R_75,53930.8457,-1,4.727500000000873,BACKFILL_AUTO
2026-07-12 06:43:12,1783838592,R_75,53916.1631,-1,14.682600000000093,BACKFILL_AUTO
2026-07-12 06:43:14,1783838594,R_75,53908.0931,-1,8.069999999999709,BACKFILL_AUTO
2026-07-12 06:43:16,1783838596,R_75,53909.3822,1,1.2891000000017812,BACKFILL_AUTO
2026-07-12 06:43:18,1783838598,R_75,53896.9642,-1,12.417999999997846,BACKFILL_AUTO
2026-07-12 06:43:20,1783838600,R_75,53911.0935,1,14.129300000000512,BACKFILL_AUTO
2026-07-12 06:43:22,1783838602,R_75,53905.1013,-1,5.992200000000594,BACKFILL_AUTO
2026-07-12 06:43:24,1783838604,R_75,53898.4149,-1,6.6863999999986845,BACKFILL_AUTO
2026-07-12 06:43:26,1783838606,R_75,53915.6149,1,17.19999999999709,BACKFILL_AUTO
2026-07-12 06:43:28,1783838608,R_75,53909.9087,-1,5.7062000000005355,BACKFILL_AUTO
2026-07-12 06:43:30,1783838610,R_75,53906.8788,-1,3.029900000001362,BACKFILL_AUTO
2026-07-12 06:43:32,1783838612,R_75,53905.7358,-1,1.1429999999963911,BACKFILL_AUTO
2026-07-12 06:43:34,1783838614,R_75,53902.4821,-1,3.2537000000011176,BACKFILL_AUTO
2026-07-12 06:43:36,1783838616,R_75,53890.7104,-1,11.771699999997509,BACKFILL_AUTO
2026-07-12 06:43:38,1783838618,R_75,53890.2472,-1,0.4632000000055996,BACKFILL_AUTO
2026-07-12 06:43:40,1783838620,R_75,53885.4095,-1,4.837699999996403,BACKFILL_AUTO
2026-07-12 06:43:42,1783838622,R_75,53887.622,1,2.212500000001455,BACKFILL_AUTO
2026-07-12 06:43:44,1783838624,R_75,53895.2583,1,7.6362999999983,BACKFILL_AUTO
2026-07-12 06:43:46,1783838626,R_75,53883.687,-1,11.571300000003248,BACKFILL_AUTO
2026-07-12 06:43:48,1783838628,R_75,53889.1062,1,5.4192000000039116,BACKFILL_AUTO
2026-07-12 06:43:50,1783838630,R_75,53901.7075,1,12.601299999994808,BACKFILL_AUTO
2026-07-12 06:43:52,1783838632,R_75,53895.7888,-1,5.918699999994715,BACKFILL_AUTO
2026-07-12 06:43:54,1783838634,R_75,53889.3496,-1,6.43920000000071,BACKFILL_AUTO
2026-07-12 06:43:56,1783838636,R_75,53890.739,1,1.3894000000000233,BACKFILL_AUTO
2026-07-12 06:43:58,1783838638,R_75,53884.1279,-1,6.611100000001898,BACKFILL_AUTO
2026-07-12 06:44:00,1783838640,R_75,53872.5306,-1,11.597300000001269,BACKFILL_AUTO
2026-07-12 06:44:02,1783838642,R_75,53874.3846,1,1.8539999999993597,BACKFILL_AUTO
2026-07-12 06:44:04,1783838644,R_75,53861.3701,-1,13.014499999997497,BACKFILL_AUTO
2026-07-12 06:44:06,1783838646,R_75,53832.1997,-1,29.1704000000027,BACKFILL_AUTO
2026-07-12 06:44:08,1783838648,R_75,53826.6281,-1,5.571599999995669,BACKFILL_AUTO
2026-07-12 06:44:10,1783838650,R_75,53815.0794,-1,11.548699999999371,BACKFILL_AUTO
2026-07-12 06:44:12,1783838652,R_75,53806.5323,-1,8.547100000003411,BACKFILL_AUTO
2026-07-12 06:44:14,1783838654,R_75,53802.2471,-1,4.28519999999844,BACKFILL_AUTO
2026-07-12 06:44:16,1783838656,R_75,53787.6081,-1,14.639000000002852,BACKFILL_AUTO
2026-07-12 06:44:18,1783838658,R_75,53769.3637,-1,18.24439999999595,BACKFILL_AUTO
2026-07-12 06:44:20,1783838660,R_75,53762.7589,-1,6.604800000000978,BACKFILL_AUTO
2026-07-12 06:44:22,1783838662,R_75,53773.9176,1,11.158699999999953,BACKFILL_AUTO
2026-07-12 06:44:24,1783838664,R_75,53771.4432,-1,2.47439999999915,BACKFILL_AUTO
2026-07-12 06:44:26,1783838666,R_75,53772.2162,1,0.7730000000010477,BACKFILL_AUTO
2026-07-12 06:44:28,1783838668,R_75,53760.0112,-1,12.205000000001746,BACKFILL_AUTO
2026-07-12 06:44:30,1783838670,R_75,53774.2982,1,14.286999999996624,BACKFILL_AUTO
2026-07-12 06:44:32,1783838672,R_75,53781.1496,1,6.851399999999558,BACKFILL_AUTO
2026-07-12 06:44:34,1783838674,R_75,53797.0446,1,15.895000000004075,BACKFILL_AUTO
2026-07-12 06:44:36,1783838676,R_75,53793.1018,-1,3.942800000004354,BACKFILL_AUTO
2026-07-12 06:44:38,1783838678,R_75,53773.2206,-1,19.88119999999617,BACKFILL_AUTO
2026-07-12 06:44:40,1783838680,R_75,53779.0625,1,5.841899999999441,BACKFILL_AUTO
2026-07-12 06:44:42,1783838682,R_75,53780.0437,1,0.9812000000019907,BACKFILL_AUTO
2026-07-12 06:44:44,1783838684,R_75,53781.9905,1,1.9467999999978929,BACKFILL_AUTO
2026-07-12 06:44:46,1783838686,R_75,53785.8879,1,3.897400000001653,BACKFILL_AUTO
2026-07-12 06:44:48,1783838688,R_75,53800.1514,1,14.263500000000931,BACKFILL_AUTO
2026-07-12 06:44:50,1783838690,R_75,53813.6692,1,13.517799999994168,BACKFILL_AUTO
2026-07-12 06:44:52,1783838692,R_75,53820.3087,1,6.639500000004773,BACKFILL_AUTO
2026-07-12 06:44:54,1783838694,R_75,53828.6993,1,8.390599999998813,BACKFILL_AUTO
2026-07-12 06:44:56,1783838696,R_75,53848.5667,1,19.867400000002817,BACKFILL_AUTO
2026-07-12 06:44:58,1783838698,R_75,53846.3554,-1,2.211300000002666,BACKFILL_AUTO
2026-07-12 06:45:00,1783838700,R_75,53844.089,-1,2.2664000000004307,BACKFILL_AUTO
2026-07-12 06:45:02,1783838702,R_75,53835.1742,-1,8.91479999999865,BACKFILL_AUTO
2026-07-12 06:45:04,1783838704,R_75,53846.3428,1,11.168599999997241,BACKFILL_AUTO
2026-07-12 06:45:06,1783838706,R_75,53834.493,-1,11.849799999996321,BACKFILL_AUTO
2026-07-12 06:45:08,1783838708,R_75,53835.9193,1,1.4262999999991735,BACKFILL_AUTO
2026-07-12 06:45:10,1783838710,R_75,53840.5779,1,4.658599999995204,BACKFILL_AUTO
2026-07-12 06:45:12,1783838712,R_75,53836.6606,-1,3.917299999993702,BACKFILL_AUTO
2026-07-12 06:45:14,1783838714,R_75,53838.0775,1,1.4168999999965308,BACKFILL_AUTO
2026-07-12 06:45:16,1783838716,R_75,53840.9721,1,2.8945999999996275,BACKFILL_AUTO
2026-07-12 06:45:18,1783838718,R_75,53846.3559,1,5.383800000003248,BACKFILL_AUTO
2026-07-12 06:45:20,1783838720,R_75,53836.6758,-1,9.68010000000504,BACKFILL_AUTO
2026-07-12 06:45:22,1783838722,R_75,53846.8246,1,10.148800000002666,BACKFILL_AUTO
2026-07-12 06:45:24,1783838724,R_75,53845.4805,-1,1.3441000000020722,BACKFILL_AUTO
2026-07-12 06:45:26,1783838726,R_75,53854.8277,1,9.347200000003795,BACKFILL_AUTO
2026-07-12 06:45:28,1783838728,R_75,53861.134,1,6.306299999996554,BACKFILL_AUTO
2026-07-12 06:45:30,1783838730,R_75,53847.5692,-1,13.564800000000105,BACKFILL_AUTO
2026-07-12 06:45:32,1783838732,R_75,53849.7872,1,2.2180000000007567,BACKFILL_AUTO
2026-07-12 06:45:34,1783838734,R_75,53843.1909,-1,6.596299999997427,BACKFILL_AUTO
2026-07-12 06:45:36,1783838736,R_75,53843.6451,1,0.45420000000012806,BACKFILL_AUTO
2026-07-12 06:45:38,1783838738,R_75,53849.5228,1,5.877699999997276,BACKFILL_AUTO
2026-07-12 06:45:40,1783838740,R_75,53846.8837,-1,2.639100000000326,BACKFILL_AUTO
2026-07-12 06:45:42,1783838742,R_75,53842.312,-1,4.571700000000419,BACKFILL_AUTO
2026-07-12 06:45:44,1783838744,R_75,53842.0058,-1,0.3061999999990803,BACKFILL_AUTO
2026-07-12 06:45:46,1783838746,R_75,53856.2912,1,14.285400000000664,BACKFILL_AUTO
2026-07-12 06:45:48,1783838748,R_75,53859.9201,1,3.628900000003341,BACKFILL_AUTO
2026-07-12 06:45:50,1783838750,R_75,53844.6784,-1,15.241700000005949,BACKFILL_AUTO
2026-07-12 06:45:52,1783838752,R_75,53847.9016,1,3.223200000000361,BACKFILL_AUTO
2026-07-12 06:45:54,1783838754,R_75,53836.6951,-1,11.206500000000233,BACKFILL_AUTO
2026-07-12 06:45:56,1783838756,R_75,53822.1761,-1,14.519000000000233,BACKFILL_AUTO
2026-07-12 06:45:58,1783838758,R_75,53832.5051,1,10.32900000000518,BACKFILL_AUTO
2026-07-12 06:46:00,1783838760,R_75,53815.5621,-1,16.9429999999993,BACKFILL_AUTO
2026-07-12 06:46:02,1783838762,R_75,53826.8426,1,11.280500000000757,BACKFILL_AUTO
2026-07-12 06:46:04,1783838764,R_75,53810.4429,-1,16.399700000001758,BACKFILL_AUTO
2026-07-12 06:46:06,1783838766,R_75,53805.3938,-1,5.049100000003818,BACKFILL_AUTO
2026-07-12 06:46:08,1783838768,R_75,53804.0999,-1,1.2938999999969383,BACKFILL_AUTO
2026-07-12 06:46:10,1783838770,R_75,53823.5988,1,19.498899999998685,BACKFILL_AUTO
2026-07-12 06:46:12,1783838772,R_75,53822.7791,-1,0.8197000000000116,BACKFILL_AUTO
2026-07-12 06:46:14,1783838774,R_75,53812.0436,-1,10.735500000002503,BACKFILL_AUTO
2026-07-12 06:46:16,1783838776,R_75,53812.9875,1,0.9439000000056694,BACKFILL_AUTO
2026-07-12 06:46:18,1783838778,R_75,53812.7899,-1,0.19759999999951106,BACKFILL_AUTO
2026-07-12 06:46:20,1783838780,R_75,53820.5185,1,7.728599999994913,BACKFILL_AUTO
2026-07-12 06:46:22,1783838782,R_75,53828.8481,1,8.329600000004575,BACKFILL_AUTO
2026-07-12 06:46:24,1783838784,R_75,53821.7694,-1,7.078700000005483,BACKFILL_AUTO
2026-07-12 06:46:26,1783838786,R_75,53820.4379,-1,1.3315000000002328,BACKFILL_AUTO
2026-07-12 06:46:28,1783838788,R_75,53825.5372,1,5.099300000001676,BACKFILL_AUTO
2026-07-12 06:46:30,1783838790,R_75,53821.0343,-1,4.502899999999499,BACKFILL_AUTO
2026-07-12 06:46:32,1783838792,R_75,53827.8473,1,6.813000000001921,BACKFILL_AUTO
2026-07-12 06:46:34,1783838794,R_75,53848.2106,1,20.363299999997253,BACKFILL_AUTO
2026-07-12 06:46:36,1783838796,R_75,53844.5235,-1,3.687099999995553,BACKFILL_AUTO
2026-07-12 06:46:38,1783838798,R_75,53845.2291,1,0.7055999999938649,BACKFILL_AUTO
2026-07-12 06:46:40,1783838800,R_75,53846.3721,1,1.143000000003667,BACKFILL_AUTO
2026-07-12 06:46:42,1783838802,R_75,53853.4676,1,7.095500000003085,BACKFILL_AUTO
2026-07-12 06:46:44,1783838804,R_75,53863.3437,1,9.87609999999404,BACKFILL_AUTO
2026-07-12 06:46:46,1783838806,R_75,53867.3041,1,3.960400000003574,BACKFILL_AUTO
2026-07-12 06:46:48,1783838808,R_75,53859.9429,-1,7.361199999999371,BACKFILL_AUTO
2026-07-12 06:46:50,1783838810,R_75,53864.2803,1,4.3373999999967054,BACKFILL_AUTO
2026-07-12 06:46:52,1783838812,R_75,53882.7355,1,18.45520000000397,BACKFILL_AUTO
2026-07-12 06:46:54,1783838814,R_75,53899.4167,1,16.68119999999908,BACKFILL_AUTO
2026-07-12 06:46:56,1783838816,R_75,53901.5636,1,2.1468999999997322,BACKFILL_AUTO
2026-07-12 06:46:58,1783838818,R_75,53890.4819,-1,11.081700000002456,BACKFILL_AUTO
2026-07-12 06:47:00,1783838820,R_75,53906.915,1,16.433100000002014,BACKFILL_AUTO
2026-07-12 06:47:02,1783838822,R_75,53903.1244,-1,3.7906000000002678,BACKFILL_AUTO
2026-07-12 06:47:04,1783838824,R_75,53895.0051,-1,8.119299999998475,BACKFILL_AUTO
2026-07-12 06:47:06,1783838826,R_75,53894.4341,-1,0.5710000000035507,BACKFILL_AUTO
2026-07-12 06:47:08,1783838828,R_75,53896.5062,1,2.072100000004866,BACKFILL_AUTO
2026-07-12 06:47:10,1783838830,R_75,53897.794,1,1.2877999999982421,BACKFILL_AUTO
2026-07-12 06:47:12,1783838832,R_75,53895.8405,-1,1.9535000000032596,BACKFILL_AUTO
2026-07-12 06:47:14,1783838834,R_75,53887.2698,-1,8.570699999996577,BACKFILL_AUTO
2026-07-12 06:47:16,1783838836,R_75,53890.7546,1,3.4847999999983585,BACKFILL_AUTO
2026-07-12 06:47:18,1783838838,R_75,53903.5902,1,12.835599999998522,BACKFILL_AUTO
2026-07-12 06:47:20,1783838840,R_75,53885.0007,-1,18.589500000001863,BACKFILL_AUTO
2026-07-12 06:47:22,1783838842,R_75,53885.6508,1,0.6501000000062049,BACKFILL_AUTO
2026-07-12 06:47:24,1783838844,R_75,53888.4912,1,2.8403999999936786,BACKFILL_AUTO
2026-07-12 06:47:26,1783838846,R_75,53891.4455,1,2.954300000004878,BACKFILL_AUTO
2026-07-12 06:47:28,1783838848,R_75,53895.1826,1,3.7370999999984633,BACKFILL_AUTO
2026-07-12 06:47:30,1783838850,R_75,53903.5105,1,8.327899999996589,BACKFILL_AUTO
2026-07-12 06:47:32,1783838852,R_75,53898.4344,-1,5.076099999998405,BACKFILL_AUTO
2026-07-12 06:47:34,1783838854,R_75,53880.624,-1,17.810399999994843,BACKFILL_AUTO
2026-07-12 06:47:36,1783838856,R_75,53893.3114,1,12.68739999999525,BACKFILL_AUTO
2026-07-12 06:47:38,1783838858,R_75,53864.8791,-1,28.432300000000396,BACKFILL_AUTO
2026-07-12 06:47:40,1783838860,R_75,53850.5965,-1,14.282599999998638,BACKFILL_AUTO
2026-07-12 06:47:42,1783838862,R_75,53852.0201,1,1.4236000000018976,BACKFILL_AUTO
2026-07-12 06:47:44,1783838864,R_75,53859.85,1,7.8298999999969965,BACKFILL_AUTO
2026-07-12 06:47:46,1783838866,R_75,53864.5037,1,4.653700000002573,BACKFILL_AUTO
2026-07-12 06:47:48,1783838868,R_75,53867.0242,1,2.5204999999987194,BACKFILL_AUTO
2026-07-12 06:47:50,1783838870,R_75,53866.7253,-1,0.2989000000015949,BACKFILL_AUTO
2026-07-12 06:47:52,1783838872,R_75,53892.4793,1,25.754000000000815,BACKFILL_AUTO
2026-07-12 06:47:54,1783838874,R_75,53898.0841,1,5.604800000000978,BACKFILL_AUTO
2026-07-12 06:47:56,1783838876,R_75,53886.263,-1,11.821100000001024,BACKFILL_AUTO
2026-07-12 06:47:58,1783838878,R_75,53871.3065,-1,14.956500000000233,BACKFILL_AUTO
2026-07-12 06:48:00,1783838880,R_75,53866.928,-1,4.378499999998894,BACKFILL_AUTO
2026-07-12 06:48:02,1783838882,R_75,53872.7065,1,5.778500000000349,BACKFILL_AUTO
2026-07-12 06:48:04,1783838884,R_75,53876.5825,1,3.8759999999965657,BACKFILL_AUTO
2026-07-12 06:48:06,1783838886,R_75,53869.9244,-1,6.658099999993283,BACKFILL_AUTO
2026-07-12 06:48:08,1783838888,R_75,53869.8979,-1,0.026499999999941792,BACKFILL_AUTO
2026-07-12 06:48:10,1783838890,R_75,53864.7963,-1,5.101600000001781,BACKFILL_AUTO
2026-07-12 06:48:12,1783838892,R_75,53855.1718,-1,9.624500000005355,BACKFILL_AUTO
2026-07-12 06:48:14,1783838894,R_75,53861.1579,1,5.986100000001898,BACKFILL_AUTO
2026-07-12 06:48:16,1783838896,R_75,53851.0387,-1,10.119200000001001,BACKFILL_AUTO
2026-07-12 06:48:18,1783838898,R_75,53838.5462,-1,12.492500000000291,BACKFILL_AUTO
2026-07-12 06:48:20,1783838900,R_75,53848.8095,1,10.263300000005984,BACKFILL_AUTO
2026-07-12 06:48:22,1783838902,R_75,53840.152,-1,8.657500000001164,BACKFILL_AUTO
2026-07-12 06:48:24,1783838904,R_75,53839.016,-1,1.135999999998603,BACKFILL_AUTO
2026-07-12 06:48:26,1783838906,R_75,53836.7738,-1,2.2422000000005937,BACKFILL_AUTO
2026-07-12 06:48:28,1783838908,R_75,53836.0538,-1,0.7200000000011642,BACKFILL_AUTO
2026-07-12 06:48:30,1783838910,R_75,53844.7567,1,8.702899999996589,BACKFILL_AUTO
2026-07-12 06:48:32,1783838912,R_75,53830.966,-1,13.790699999997742,BACKFILL_AUTO
2026-07-12 06:48:34,1783838914,R_75,53833.2763,1,2.310299999997369,BACKFILL_AUTO
2026-07-12 06:48:36,1783838916,R_75,53832.0909,-1,1.1853999999948428,BACKFILL_AUTO
2026-07-12 06:48:38,1783838918,R_75,53833.9089,1,1.8179999999993015,BACKFILL_AUTO
2026-07-12 06:48:40,1783838920,R_75,53835.1271,1,1.2181999999957043,BACKFILL_AUTO
2026-07-12 06:48:42,1783838922,R_75,53836.7402,1,1.613100000002305,BACKFILL_AUTO
2026-07-12 06:48:44,1783838924,R_75,53845.9157,1,9.175499999997555,BACKFILL_AUTO
2026-07-12 06:48:46,1783838926,R_75,53854.0288,1,8.113100000002305,BACKFILL_AUTO
2026-07-12 06:48:48,1783838928,R_75,53867.3672,1,13.338400000000547,BACKFILL_AUTO
2026-07-12 06:48:50,1783838930,R_75,53854.0618,-1,13.305399999997462,BACKFILL_AUTO
2026-07-12 06:48:52,1783838932,R_75,53869.8293,1,15.76749999999447,BACKFILL_AUTO
2026-07-12 06:48:54,1783838934,R_75,53861.2767,-1,8.552599999995437,BACKFILL_AUTO
2026-07-12 06:48:56,1783838936,R_75,53857.053,-1,4.223700000002282,BACKFILL_AUTO
2026-07-12 06:48:58,1783838938,R_75,53868.3829,1,11.329899999996996,BACKFILL_AUTO
2026-07-12 06:49:00,1783838940,R_75,53872.1755,1,3.792600000000675,BACKFILL_AUTO
2026-07-12 06:49:02,1783838942,R_75,53881.1922,1,9.016700000000128,BACKFILL_AUTO
2026-07-12 06:49:04,1783838944,R_75,53893.3699,1,12.177700000000186,BACKFILL_AUTO
2026-07-12 06:49:06,1783838946,R_75,53877.055,-1,16.31489999999758,BACKFILL_AUTO
2026-07-12 06:49:08,1783838948,R_75,53857.2125,-1,19.842499999998836,BACKFILL_AUTO
2026-07-12 06:49:10,1783838950,R_75,53871.3512,1,14.138699999995879,BACKFILL_AUTO
2026-07-12 06:49:12,1783838952,R_75,53871.5025,1,0.15130000000499422,BACKFILL_AUTO
2026-07-12 06:49:14,1783838954,R_75,53876.16,1,4.657500000001164,BACKFILL_AUTO
2026-07-12 06:49:16,1783838956,R_75,53865.1533,-1,11.006700000005367,BACKFILL_AUTO
2026-07-12 06:49:18,1783838958,R_75,53863.1876,-1,1.965700000000652,BACKFILL_AUTO
2026-07-12 06:49:20,1783838960,R_75,53864.0373,1,0.8497000000061234,BACKFILL_AUTO
2026-07-12 06:49:22,1783838962,R_75,53852.019,-1,12.018300000003364,BACKFILL_AUTO
2026-07-12 06:49:24,1783838964,R_75,53862.2331,1,10.214099999997416,BACKFILL_AUTO
2026-07-12 06:49:26,1783838966,R_75,53857.5318,-1,4.701300000000629,BACKFILL_AUTO
2026-07-12 06:49:28,1783838968,R_75,53859.7302,1,2.1984000000011292,BACKFILL_AUTO
2026-07-12 06:49:30,1783838970,R_75,53847.2813,-1,12.448899999995774,BACKFILL_AUTO
2026-07-12 06:49:32,1783838972,R_75,53838.5231,-1,8.758200000003853,BACKFILL_AUTO
2026-07-12 06:49:34,1783838974,R_75,53832.6487,-1,5.874400000000605,BACKFILL_AUTO
2026-07-12 06:49:36,1783838976,R_75,53826.0854,-1,6.563299999994342,BACKFILL_AUTO
2026-07-12 06:49:38,1783838978,R_75,53825.1514,-1,0.934000000001106,BACKFILL_AUTO
2026-07-12 06:49:40,1783838980,R_75,53829.4479,1,4.29649999999674,BACKFILL_AUTO
2026-07-12 06:49:42,1783838982,R_75,53845.8585,1,16.410600000002887,BACKFILL_AUTO
2026-07-12 06:49:44,1783838984,R_75,53831.6807,-1,14.177800000004936,BACKFILL_AUTO
2026-07-12 06:49:46,1783838986,R_75,53822.436,-1,9.244699999995646,BACKFILL_AUTO
2026-07-12 06:49:48,1783838988,R_75,53810.8063,-1,11.62970000000496,BACKFILL_AUTO
2026-07-12 06:49:50,1783838990,R_75,53798.2591,-1,12.547199999993609,BACKFILL_AUTO
2026-07-12 06:49:52,1783838992,R_75,53790.8988,-1,7.360300000000279,BACKFILL_AUTO
2026-07-12 06:49:54,1783838994,R_75,53784.4554,-1,6.443400000003749,BACKFILL_AUTO
2026-07-12 06:49:56,1783838996,R_75,53770.6186,-1,13.83679999999731,BACKFILL_AUTO
2026-07-12 06:49:58,1783838998,R_75,53761.7172,-1,8.901400000002468,BACKFILL_AUTO
2026-07-12 06:50:00,1783839000,R_75,53763.7961,1,2.0789000000004307,BACKFILL_AUTO
2026-07-12 06:50:02,1783839002,R_75,53752.8114,-1,10.984700000000885,BACKFILL_AUTO
2026-07-12 06:50:04,1783839004,R_75,53764.1048,1,11.293400000002293,BACKFILL_AUTO
2026-07-12 06:50:06,1783839006,R_75,53767.4969,1,3.392099999997299,BACKFILL_AUTO
2026-07-12 06:50:08,1783839008,R_75,53777.2204,1,9.723500000000058,BACKFILL_AUTO
2026-07-12 06:50:10,1783839010,R_75,53789.8385,1,12.618099999999686,BACKFILL_AUTO
2026-07-12 06:50:12,1783839012,R_75,53782.9837,-1,6.854800000000978,BACKFILL_AUTO
2026-07-12 06:50:14,1783839014,R_75,53767.0901,-1,15.893599999995786,BACKFILL_AUTO
2026-07-12 06:50:16,1783839016,R_75,53764.8743,-1,2.2157999999981257,BACKFILL_AUTO
2026-07-12 06:50:18,1783839018,R_75,53767.9734,1,3.099099999999453,BACKFILL_AUTO
2026-07-12 06:50:20,1783839020,R_75,53763.4405,-1,4.532900000005611,BACKFILL_AUTO
2026-07-12 06:50:22,1783839022,R_75,53776.6944,1,13.253900000003341,BACKFILL_AUTO
2026-07-12 06:50:24,1783839024,R_75,53766.6838,-1,10.010600000001432,BACKFILL_AUTO
2026-07-12 06:50:26,1783839026,R_75,53739.4064,-1,27.277399999999034,BACKFILL_AUTO
2026-07-12 06:50:28,1783839028,R_75,53724.4323,-1,14.974099999999453,BACKFILL_AUTO
2026-07-12 06:50:30,1783839030,R_75,53716.183,-1,8.249300000003132,BACKFILL_AUTO
2026-07-12 06:50:32,1783839032,R_75,53728.2538,1,12.070800000001327,BACKFILL_AUTO
2026-07-12 06:50:34,1783839034,R_75,53725.9654,-1,2.2883999999976368,BACKFILL_AUTO
2026-07-12 06:50:36,1783839036,R_75,53715.9099,-1,10.055500000002212,BACKFILL_AUTO
2026-07-12 06:50:38,1783839038,R_75,53715.9575,1,0.047599999998055864,BACKFILL_AUTO
2026-07-12 06:50:40,1783839040,R_75,53725.48,1,9.522500000006403,BACKFILL_AUTO
2026-07-12 06:50:42,1783839042,R_75,53720.0593,-1,5.420700000002398,BACKFILL_AUTO
2026-07-12 06:50:44,1783839044,R_75,53725.6077,1,5.548399999999674,BACKFILL_AUTO
2026-07-12 06:50:46,1783839046,R_75,53742.0854,1,16.477700000003097,BACKFILL_AUTO
2026-07-12 06:50:48,1783839048,R_75,53757.1675,1,15.082099999999627,BACKFILL_AUTO
2026-07-12 06:50:50,1783839050,R_75,53752.5554,-1,4.612100000005739,BACKFILL_AUTO
2026-07-12 06:50:52,1783839052,R_75,53767.953,1,15.397600000003877,BACKFILL_AUTO
2026-07-12 06:50:54,1783839054,R_75,53759.1213,-1,8.831700000002456,BACKFILL_AUTO
2026-07-12 06:50:56,1783839056,R_75,53745.0878,-1,14.03349999999773,BACKFILL_AUTO
2026-07-12 06:50:58,1783839058,R_75,53754.3815,1,9.29370000000199,BACKFILL_AUTO
2026-07-12 06:51:00,1783839060,R_75,53749.2611,-1,5.1203999999997905,BACKFILL_AUTO
2026-07-12 06:51:02,1783839062,R_75,53754.3071,1,5.0459999999948195,BACKFILL_AUTO
2026-07-12 06:51:04,1783839064,R_75,53774.4251,1,20.118000000002212,BACKFILL_AUTO
2026-07-12 06:51:06,1783839066,R_75,53789.8808,1,15.455699999998615,BACKFILL_AUTO
2026-07-12 06:51:08,1783839068,R_75,53789.5986,-1,0.28220000000146683,BACKFILL_AUTO
2026-07-12 06:51:10,1783839070,R_75,53783.7719,-1,5.8266999999978,BACKFILL_AUTO
2026-07-12 06:51:12,1783839072,R_75,53789.662,1,5.890099999996892,BACKFILL_AUTO
2026-07-12 06:51:14,1783839074,R_75,53789.5777,-1,0.0842999999949825,BACKFILL_AUTO
2026-07-12 06:51:16,1783839076,R_75,53797.1902,1,7.612499999995634,BACKFILL_AUTO
2026-07-12 06:51:18,1783839078,R_75,53802.4434,1,5.253199999999197,BACKFILL_AUTO
2026-07-12 06:51:20,1783839080,R_75,53808.6745,1,6.231100000004517,BACKFILL_AUTO
2026-07-12 06:51:22,1783839082,R_75,53812.8916,1,4.217100000001665,BACKFILL_AUTO
2026-07-12 06:51:24,1783839084,R_75,53842.4195,1,29.527900000000955,BACKFILL_AUTO
2026-07-12 06:51:26,1783839086,R_75,53836.1701,-1,6.249400000000605,BACKFILL_AUTO
2026-07-12 06:51:28,1783839088,R_75,53844.3439,1,8.173799999996845,BACKFILL_AUTO
2026-07-12 06:51:30,1783839090,R_75,53843.4988,-1,0.8450999999986379,BACKFILL_AUTO
2026-07-12 06:51:32,1783839092,R_75,53832.6959,-1,10.80290000000241,BACKFILL_AUTO
2026-07-12 06:51:34,1783839094,R_75,53821.6306,-1,11.065300000002026,BACKFILL_AUTO
2026-07-12 06:51:36,1783839096,R_75,53808.9435,-1,12.687099999995553,BACKFILL_AUTO
2026-07-12 06:51:38,1783839098,R_75,53811.2932,1,2.3496999999988475,BACKFILL_AUTO
2026-07-12 06:51:40,1783839100,R_75,53806.1472,-1,5.14600000000064,BACKFILL_AUTO
2026-07-12 06:51:42,1783839102,R_75,53806.8631,1,0.7159000000028755,BACKFILL_AUTO
2026-07-12 06:51:44,1783839104,R_75,53794.7911,-1,12.072000000000116,BACKFILL_AUTO
2026-07-12 06:51:46,1783839106,R_75,53781.1402,-1,13.650900000000547,BACKFILL_AUTO
2026-07-12 06:51:48,1783839108,R_75,53778.5622,-1,2.5780000000013388,BACKFILL_AUTO
2026-07-12 06:51:50,1783839110,R_75,53766.1165,-1,12.445700000003853,BACKFILL_AUTO
2026-07-12 06:51:52,1783839112,R_75,53765.5013,-1,0.6151999999929103,BACKFILL_AUTO
2026-07-12 06:51:54,1783839114,R_75,53749.7256,-1,15.7757000000056,BACKFILL_AUTO
2026-07-12 06:51:56,1783839116,R_75,53737.5128,-1,12.212800000001153,BACKFILL_AUTO
2026-07-12 06:51:58,1783839118,R_75,53732.3919,-1,5.120899999994435,BACKFILL_AUTO
2026-07-12 06:52:00,1783839120,R_75,53738.0493,1,5.657399999996414,BACKFILL_AUTO
2026-07-12 06:52:02,1783839122,R_75,53749.4983,1,11.449000000000524,BACKFILL_AUTO
2026-07-12 06:52:04,1783839124,R_75,53753.9792,1,4.480900000002293,BACKFILL_AUTO
2026-07-12 06:52:06,1783839126,R_75,53769.6913,1,15.712099999997008,BACKFILL_AUTO
2026-07-12 06:52:08,1783839128,R_75,53773.4363,1,3.7450000000026193,BACKFILL_AUTO
2026-07-12 06:52:10,1783839130,R_75,53786.8903,1,13.453999999997905,BACKFILL_AUTO
2026-07-12 06:52:12,1783839132,R_75,53776.6224,-1,10.267899999998917,BACKFILL_AUTO
2026-07-12 06:52:14,1783839134,R_75,53764.3999,-1,12.222500000003492,BACKFILL_AUTO
2026-07-12 06:52:16,1783839136,R_75,53775.2188,1,10.81890000000567,BACKFILL_AUTO
2026-07-12 06:52:18,1783839138,R_75,53785.7022,1,10.483399999997346,BACKFILL_AUTO
2026-07-12 06:52:20,1783839140,R_75,53779.8216,-1,5.880599999996775,BACKFILL_AUTO
2026-07-12 06:52:22,1783839142,R_75,53773.054,-1,6.767600000006496,BACKFILL_AUTO
2026-07-12 06:52:24,1783839144,R_75,53772.4821,-1,0.5718999999953667,BACKFILL_AUTO
2026-07-12 06:52:26,1783839146,R_75,53779.7062,1,7.224099999999453,BACKFILL_AUTO
2026-07-12 06:52:28,1783839148,R_75,53779.3166,-1,0.3896000000022468,BACKFILL_AUTO
2026-07-12 06:52:30,1783839150,R_75,53771.9431,-1,7.373500000001513,BACKFILL_AUTO
2026-07-12 06:52:32,1783839152,R_75,53777.2853,1,5.3422000000064145,BACKFILL_AUTO
2026-07-12 06:52:34,1783839154,R_75,53778.1274,1,0.8420999999943888,BACKFILL_AUTO
2026-07-12 06:52:36,1783839156,R_75,53780.0097,1,1.8823000000047614,BACKFILL_AUTO
2026-07-12 06:52:38,1783839158,R_75,53781.0434,1,1.0336999999999534,BACKFILL_AUTO
2026-07-12 06:52:40,1783839160,R_75,53770.1903,-1,10.853100000000268,BACKFILL_AUTO
2026-07-12 06:52:42,1783839162,R_75,53775.0907,1,4.900399999998626,BACKFILL_AUTO
2026-07-12 06:52:44,1783839164,R_75,53763.659,-1,11.431700000001001,BACKFILL_AUTO
2026-07-12 06:52:46,1783839166,R_75,53755.668,-1,7.991000000001804,BACKFILL_AUTO
2026-07-12 06:52:48,1783839168,R_75,53755.365,-1,0.3029999999998836,BACKFILL_AUTO
2026-07-12 06:52:50,1783839170,R_75,53738.9725,-1,16.39249999999447,BACKFILL_AUTO
2026-07-12 06:52:52,1783839172,R_75,53757.897,1,18.924499999993714,BACKFILL_AUTO
2026-07-12 06:52:54,1783839174,R_75,53746.8804,-1,11.016599999995378,BACKFILL_AUTO
2026-07-12 06:52:56,1783839176,R_75,53760.1085,1,13.228100000000268,BACKFILL_AUTO
2026-07-12 06:52:58,1783839178,R_75,53765.4077,1,5.299200000001292,BACKFILL_AUTO
2026-07-12 06:53:00,1783839180,R_75,53770.4935,1,5.085799999993469,BACKFILL_AUTO
2026-07-12 06:53:02,1783839182,R_75,53764.207,-1,6.286499999994703,BACKFILL_AUTO
2026-07-12 06:53:04,1783839184,R_75,53763.3769,-1,0.83009999999922,BACKFILL_AUTO
2026-07-12 06:53:06,1783839186,R_75,53777.0094,1,13.632499999999709,BACKFILL_AUTO
2026-07-12 06:53:08,1783839188,R_75,53792.3327,1,15.32329999999638,BACKFILL_AUTO
2026-07-12 06:53:10,1783839190,R_75,53807.5021,1,15.16939999999886,BACKFILL_AUTO
2026-07-12 06:53:12,1783839192,R_75,53800.0897,-1,7.412400000001071,BACKFILL_AUTO
2026-07-12 06:53:14,1783839194,R_75,53810.1766,1,10.08690000000206,BACKFILL_AUTO
2026-07-12 06:53:16,1783839196,R_75,53820.6219,1,10.445299999999406,BACKFILL_AUTO
2026-07-12 06:53:18,1783839198,R_75,53809.0179,-1,11.60399999999936,BACKFILL_AUTO
2026-07-12 06:53:20,1783839200,R_75,53815.2138,1,6.195899999998801,BACKFILL_AUTO
2026-07-12 06:53:22,1783839202,R_75,53816.7132,1,1.4994000000006054,BACKFILL_AUTO
2026-07-12 06:53:24,1783839204,R_75,53814.4772,-1,2.235999999997148,BACKFILL_AUTO
2026-07-12 06:53:26,1783839206,R_75,53818.1938,1,3.716599999999744,BACKFILL_AUTO
2026-07-12 06:53:28,1783839208,R_75,53799.4188,-1,18.775000000001455,BACKFILL_AUTO
2026-07-12 06:53:30,1783839210,R_75,53788.4114,-1,11.007400000002235,BACKFILL_AUTO
2026-07-12 06:53:32,1783839212,R_75,53796.7785,1,8.36710000000312,BACKFILL_AUTO
2026-07-12 06:53:34,1783839214,R_75,53830.1987,1,33.42020000000048,BACKFILL_AUTO
2026-07-12 06:53:36,1783839216,R_75,53834.5153,1,4.316599999998289,BACKFILL_AUTO
2026-07-12 06:53:38,1783839218,R_75,53818.7505,-1,15.764799999997194,BACKFILL_AUTO
2026-07-12 06:53:40,1783839220,R_75,53812.3584,-1,6.392100000004575,BACKFILL_AUTO
2026-07-12 06:53:42,1783839222,R_75,53811.2253,-1,1.1330999999991036,BACKFILL_AUTO
2026-07-12 06:53:44,1783839224,R_75,53785.1793,-1,26.04599999999482,BACKFILL_AUTO
2026-07-12 06:53:46,1783839226,R_75,53782.9168,-1,2.2625000000043656,BACKFILL_AUTO
2026-07-12 06:53:48,1783839228,R_75,53798.2045,1,15.287700000000768,BACKFILL_AUTO
2026-07-12 06:53:50,1783839230,R_75,53790.6103,-1,7.594199999999546,BACKFILL_AUTO
2026-07-12 06:53:52,1783839232,R_75,53795.1471,1,4.536800000001676,BACKFILL_AUTO
2026-07-12 06:53:54,1783839234,R_75,53806.3592,1,11.212099999997008,BACKFILL_AUTO
2026-07-12 06:53:56,1783839236,R_75,53817.1532,1,10.794000000001688,BACKFILL_AUTO
2026-07-12 06:53:58,1783839238,R_75,53817.809,1,0.655800000000454,BACKFILL_AUTO
2026-07-12 06:54:00,1783839240,R_75,53821.3125,1,3.503499999998894,BACKFILL_AUTO
2026-07-12 06:54:02,1783839242,R_75,53831.4952,1,10.182699999997567,BACKFILL_AUTO
2026-07-12 06:54:04,1783839244,R_75,53820.4628,-1,11.032399999996414,BACKFILL_AUTO
2026-07-12 06:54:06,1783839246,R_75,53814.2835,-1,6.179300000003423,BACKFILL_AUTO
2026-07-12 06:54:08,1783839248,R_75,53793.7096,-1,20.573899999995774,BACKFILL_AUTO
2026-07-12 06:54:10,1783839250,R_75,53790.3818,-1,3.3277999999991152,BACKFILL_AUTO
2026-07-12 06:54:12,1783839252,R_75,53801.0522,1,10.670399999995425,BACKFILL_AUTO
2026-07-12 06:54:14,1783839254,R_75,53796.4968,-1,4.555399999997462,BACKFILL_AUTO
2026-07-12 06:54:16,1783839256,R_75,53798.8155,1,2.31869999999617,BACKFILL_AUTO
2026-07-12 06:54:18,1783839258,R_75,53807.4067,1,8.591200000002573,BACKFILL_AUTO
2026-07-12 06:54:20,1783839260,R_75,53796.7626,-1,10.644099999997707,BACKFILL_AUTO
2026-07-12 06:54:22,1783839262,R_75,53789.1465,-1,7.616099999999278,BACKFILL_AUTO
2026-07-12 06:54:24,1783839264,R_75,53748.3078,-1,40.838700000000244,BACKFILL_AUTO
2026-07-12 06:54:26,1783839266,R_75,53756.4505,1,8.142699999996694,BACKFILL_AUTO
2026-07-12 06:54:28,1783839268,R_75,53756.8933,1,0.44280000000435393,BACKFILL_AUTO
2026-07-12 06:54:30,1783839270,R_75,53765.1248,1,8.231499999994412,BACKFILL_AUTO
2026-07-12 06:54:32,1783839272,R_75,53763.7161,-1,1.4086999999999534,BACKFILL_AUTO
2026-07-12 06:54:34,1783839274,R_75,53759.5496,-1,4.16649999999936,BACKFILL_AUTO
2026-07-12 06:54:36,1783839276,R_75,53767.3296,1,7.779999999998836,BACKFILL_AUTO
2026-07-12 06:54:38,1783839278,R_75,53770.9805,1,3.650900000000547,BACKFILL_AUTO
2026-07-12 06:54:40,1783839280,R_75,53768.0716,-1,2.908899999994901,BACKFILL_AUTO
2026-07-12 06:54:42,1783839282,R_75,53781.5499,1,13.478299999995215,BACKFILL_AUTO
2026-07-12 06:54:44,1783839284,R_75,53777.9546,-1,3.5953000000008615,BACKFILL_AUTO
2026-07-12 06:54:46,1783839286,R_75,53777.6775,-1,0.27709999999933643,BACKFILL_AUTO
2026-07-12 06:54:48,1783839288,R_75,53773.7506,-1,3.926899999998568,BACKFILL_AUTO
2026-07-12 06:54:50,1783839290,R_75,53765.6083,-1,8.142299999999523,BACKFILL_AUTO
2026-07-12 06:54:52,1783839292,R_75,53745.1284,-1,20.47989999999845,BACKFILL_AUTO
2026-07-12 06:54:54,1783839294,R_75,53756.6809,1,11.552499999997963,BACKFILL_AUTO
2026-07-12 06:54:56,1783839296,R_75,53768.3207,1,11.639799999997194,BACKFILL_AUTO
2026-07-12 06:54:58,1783839298,R_75,53781.2263,1,12.905600000005506,BACKFILL_AUTO
2026-07-12 06:55:00,1783839300,R_75,53757.5811,-1,23.645199999999022,BACKFILL_AUTO
2026-07-12 06:55:02,1783839302,R_75,53774.5955,1,17.014400000000023,BACKFILL_AUTO
2026-07-12 06:55:04,1783839304,R_75,53768.0864,-1,6.509100000002945,BACKFILL_AUTO
2026-07-12 06:55:06,1783839306,R_75,53770.9187,1,2.832300000001851,BACKFILL_AUTO
2026-07-12 06:55:08,1783839308,R_75,53760.8573,-1,10.061399999998685,BACKFILL_AUTO
2026-07-12 06:55:10,1783839310,R_75,53765.3178,1,4.460499999993772,BACKFILL_AUTO
2026-07-12 06:55:12,1783839312,R_75,53755.4022,-1,9.915600000000268,BACKFILL_AUTO
2026-07-12 06:55:14,1783839314,R_75,53736.5026,-1,18.899599999997008,BACKFILL_AUTO
2026-07-12 06:55:16,1783839316,R_75,53732.9796,-1,3.5230000000010477,BACKFILL_AUTO
2026-07-12 06:55:18,1783839318,R_75,53728.3044,-1,4.675199999997858,BACKFILL_AUTO
2026-07-12 06:55:20,1783839320,R_75,53732.6898,1,4.385399999999208,BACKFILL_AUTO
2026-07-12 06:55:22,1783839322,R_75,53722.6391,-1,10.050699999999779,BACKFILL_AUTO
2026-07-12 06:55:24,1783839324,R_75,53725.2563,1,2.6172000000005937,BACKFILL_AUTO
2026-07-12 06:55:26,1783839326,R_75,53718.3264,-1,6.929900000002817,BACKFILL_AUTO
2026-07-12 06:55:28,1783839328,R_75,53709.1475,-1,9.178899999998976,BACKFILL_AUTO
2026-07-12 06:55:30,1783839330,R_75,53710.8228,1,1.6753000000026077,BACKFILL_AUTO
2026-07-12 06:55:32,1783839332,R_75,53701.4241,-1,9.398700000005192,BACKFILL_AUTO
2026-07-12 06:55:34,1783839334,R_75,53704.4268,1,3.002700000004552,BACKFILL_AUTO
2026-07-12 06:55:36,1783839336,R_75,53703.6284,-1,0.798399999999674,BACKFILL_AUTO
2026-07-12 06:55:38,1783839338,R_75,53700.8032,-1,2.825199999999313,BACKFILL_AUTO
2026-07-12 06:55:40,1783839340,R_75,53702.6349,1,1.8316999999951804,BACKFILL_AUTO
2026-07-12 06:55:42,1783839342,R_75,53725.5912,1,22.956300000005285,BACKFILL_AUTO
2026-07-12 06:55:44,1783839344,R_75,53715.8014,-1,9.789800000005926,BACKFILL_AUTO
2026-07-12 06:55:46,1783839346,R_75,53742.3971,1,26.59570000000531,BACKFILL_AUTO
2026-07-12 06:55:48,1783839348,R_75,53739.3759,-1,3.021200000002864,BACKFILL_AUTO
2026-07-12 06:55:50,1783839350,R_75,53729.4124,-1,9.963499999998021,BACKFILL_AUTO
2026-07-12 06:55:52,1783839352,R_75,53712.1688,-1,17.243600000001607,BACKFILL_AUTO
2026-07-12 06:55:54,1783839354,R_75,53712.1093,-1,0.0595000000030268,BACKFILL_AUTO
2026-07-12 06:55:56,1783839356,R_75,53734.2932,1,22.183900000003632,BACKFILL_AUTO
2026-07-12 06:55:58,1783839358,R_75,53745.0887,1,10.795500000000175,BACKFILL_AUTO
2026-07-12 06:56:00,1783839360,R_75,53724.6676,-1,20.42109999999957,BACKFILL_AUTO
2026-07-12 06:56:02,1783839362,R_75,53726.6317,1,1.9640999999974156,BACKFILL_AUTO
2026-07-12 06:56:04,1783839364,R_75,53710.2091,-1,16.422599999998056,BACKFILL_AUTO
2026-07-12 06:56:06,1783839366,R_75,53725.0562,1,14.847099999999045,BACKFILL_AUTO
2026-07-12 06:56:08,1783839368,R_75,53730.108,1,5.051800000001094,BACKFILL_AUTO
2026-07-12 06:56:10,1783839370,R_75,53721.192,-1,8.915999999997439,BACKFILL_AUTO
2026-07-12 06:56:12,1783839372,R_75,53715.6617,-1,5.530300000005809,BACKFILL_AUTO
2026-07-12 06:56:14,1783839374,R_75,53707.2984,-1,8.363299999997253,BACKFILL_AUTO
2026-07-12 06:56:16,1783839376,R_75,53717.7494,1,10.451000000000931,BACKFILL_AUTO
2026-07-12 06:56:18,1783839378,R_75,53735.8843,1,18.134899999997288,BACKFILL_AUTO
2026-07-12 06:56:20,1783839380,R_75,53738.2628,1,2.378499999998894,BACKFILL_AUTO
2026-07-12 06:56:22,1783839382,R_75,53752.1836,1,13.920799999999872,BACKFILL_AUTO
2026-07-12 06:56:24,1783839384,R_75,53751.4737,-1,0.7098999999943771,BACKFILL_AUTO
2026-07-12 06:56:26,1783839386,R_75,53738.059,-1,13.414700000001176,BACKFILL_AUTO
2026-07-12 06:56:28,1783839388,R_75,53748.3477,1,10.288699999997334,BACKFILL_AUTO
2026-07-12 06:56:30,1783839390,R_75,53743.0834,-1,5.2642999999952735,BACKFILL_AUTO
2026-07-12 06:56:32,1783839392,R_75,53738.0272,-1,5.056200000006356,BACKFILL_AUTO
2026-07-12 06:56:34,1783839394,R_75,53735.3548,-1,2.6723999999958323,BACKFILL_AUTO
2026-07-12 06:56:36,1783839396,R_75,53731.456,-1,3.898800000002666,BACKFILL_AUTO
2026-07-12 06:56:38,1783839398,R_75,53725.7708,-1,5.685199999999895,BACKFILL_AUTO
2026-07-12 06:56:40,1783839400,R_75,53740.819,1,15.048200000004726,BACKFILL_AUTO
2026-07-12 06:56:42,1783839402,R_75,53745.8079,1,4.988899999996647,BACKFILL_AUTO
2026-07-12 06:56:44,1783839404,R_75,53730.4409,-1,15.36699999999837,BACKFILL_AUTO
2026-07-12 06:56:46,1783839406,R_75,53745.0415,1,14.60059999999794,BACKFILL_AUTO
2026-07-12 06:56:48,1783839408,R_75,53754.8838,1,9.842300000003888,BACKFILL_AUTO
2026-07-12 06:56:50,1783839410,R_75,53743.898,-1,10.9858000000022,BACKFILL_AUTO
2026-07-12 06:56:52,1783839412,R_75,53752.6902,1,8.792199999996228,BACKFILL_AUTO
2026-07-12 06:56:54,1783839414,R_75,53772.9474,1,20.25720000000001,BACKFILL_AUTO
2026-07-12 06:56:56,1783839416,R_75,53769.5789,-1,3.368499999996857,BACKFILL_AUTO
2026-07-12 06:56:58,1783839418,R_75,53765.1843,-1,4.3945999999996275,BACKFILL_AUTO
2026-07-12 06:57:00,1783839420,R_75,53761.9846,-1,3.1996999999973923,BACKFILL_AUTO
2026-07-12 06:57:02,1783839422,R_75,53779.3941,1,17.409499999994296,BACKFILL_AUTO
2026-07-12 06:57:04,1783839424,R_75,53747.4084,-1,31.98569999999745,BACKFILL_AUTO
2026-07-12 06:57:06,1783839426,R_75,53729.0724,-1,18.33600000000297,BACKFILL_AUTO
2026-07-12 06:57:08,1783839428,R_75,53731.14,1,2.0676000000021304,BACKFILL_AUTO
2026-07-12 06:57:10,1783839430,R_75,53733.5593,1,2.4193000000013853,BACKFILL_AUTO
2026-07-12 06:57:12,1783839432,R_75,53729.1131,-1,4.446199999998498,BACKFILL_AUTO
2026-07-12 06:57:14,1783839434,R_75,53740.6482,1,11.535100000000966,BACKFILL_AUTO
2026-07-12 06:57:16,1783839436,R_75,53739.4347,-1,1.213500000005297,BACKFILL_AUTO
2026-07-12 06:57:18,1783839438,R_75,53750.0361,1,10.601399999999558,BACKFILL_AUTO
2026-07-12 06:57:20,1783839440,R_75,53752.4315,1,2.3954000000012456,BACKFILL_AUTO
2026-07-12 06:57:22,1783839442,R_75,53753.8307,1,1.399199999999837,BACKFILL_AUTO
2026-07-12 06:57:24,1783839444,R_75,53743.3595,-1,10.471199999999953,BACKFILL_AUTO
2026-07-12 06:57:26,1783839446,R_75,53772.0229,1,28.663400000004913,BACKFILL_AUTO
2026-07-12 06:57:28,1783839448,R_75,53765.2492,-1,6.773700000005192,BACKFILL_AUTO
2026-07-12 06:57:30,1783839450,R_75,53771.0112,1,5.762000000002445,BACKFILL_AUTO
2026-07-12 06:57:32,1783839452,R_75,53780.0582,1,9.046999999998661,BACKFILL_AUTO
2026-07-12 06:57:34,1783839454,R_75,53780.2181,1,0.15989999999874271,BACKFILL_AUTO
2026-07-12 06:57:36,1783839456,R_75,53790.3465,1,10.12840000000142,BACKFILL_AUTO
2026-07-12 06:57:38,1783839458,R_75,53784.1029,-1,6.2436000000016065,BACKFILL_AUTO
2026-07-12 06:57:40,1783839460,R_75,53797.7406,1,13.637699999999313,BACKFILL_AUTO
2026-07-12 06:57:42,1783839462,R_75,53792.1783,-1,5.5622999999977765,BACKFILL_AUTO
2026-07-12 06:57:44,1783839464,R_75,53777.6858,-1,14.492500000000291,BACKFILL_AUTO
2026-07-12 06:57:46,1783839466,R_75,53791.7276,1,14.041799999999057,BACKFILL_AUTO
2026-07-12 06:57:48,1783839468,R_75,53782.1218,-1,9.605799999997544,BACKFILL_AUTO
2026-07-12 06:57:50,1783839470,R_75,53789.3859,1,7.264100000000326,BACKFILL_AUTO
2026-07-12 06:57:52,1783839472,R_75,53810.4178,1,21.03190000000177,BACKFILL_AUTO
2026-07-12 06:57:54,1783839474,R_75,53809.5647,-1,0.8531000000002678,BACKFILL_AUTO
2026-07-12 06:57:56,1783839476,R_75,53813.4911,1,3.9263999999966472,BACKFILL_AUTO
2026-07-12 06:57:58,1783839478,R_75,53807.9913,-1,5.4997999999977765,BACKFILL_AUTO
2026-07-12 06:58:00,1783839480,R_75,53809.812,1,1.8206999999965774,BACKFILL_AUTO
2026-07-12 06:58:02,1783839482,R_75,53811.6426,1,1.8306000000011409,BACKFILL_AUTO
2026-07-12 06:58:04,1783839484,R_75,53791.2014,-1,20.441200000001118,BACKFILL_AUTO
2026-07-12 06:58:06,1783839486,R_75,53790.6791,-1,0.5222999999969034,BACKFILL_AUTO
2026-07-12 06:58:08,1783839488,R_75,53785.3997,-1,5.279399999999441,BACKFILL_AUTO
2026-07-12 06:58:10,1783839490,R_75,53778.493,-1,6.906699999999546,BACKFILL_AUTO
2026-07-12 06:58:12,1783839492,R_75,53770.5523,-1,7.940699999999197,BACKFILL_AUTO
2026-07-12 06:58:14,1783839494,R_75,53770.6728,1,0.12049999999726424,BACKFILL_AUTO
2026-07-12 06:58:16,1783839496,R_75,53754.3865,-1,16.286299999999756,BACKFILL_AUTO
2026-07-12 06:58:18,1783839498,R_75,53743.1397,-1,11.246800000000803,BACKFILL_AUTO
2026-07-12 06:58:20,1783839500,R_75,53738.631,-1,4.508699999998498,BACKFILL_AUTO
2026-07-12 06:58:22,1783839502,R_75,53742.8602,1,4.229200000001583,BACKFILL_AUTO
2026-07-12 06:58:24,1783839504,R_75,53743.5748,1,0.7145999999993364,BACKFILL_AUTO
2026-07-12 06:58:26,1783839506,R_75,53733.6192,-1,9.95560000000114,BACKFILL_AUTO
2026-07-12 06:58:28,1783839508,R_75,53742.1265,1,8.507299999997485,BACKFILL_AUTO
2026-07-12 06:58:30,1783839510,R_75,53742.3224,1,0.19589999999880092,BACKFILL_AUTO
2026-07-12 06:58:32,1783839512,R_75,53764.9863,1,22.663899999999558,BACKFILL_AUTO
2026-07-12 06:58:34,1783839514,R_75,53769.3948,1,4.408500000005006,BACKFILL_AUTO
2026-07-12 06:58:36,1783839516,R_75,53767.8131,-1,1.5817000000024564,BACKFILL_AUTO
2026-07-12 06:58:38,1783839518,R_75,53781.2275,1,13.414400000001478,BACKFILL_AUTO
2026-07-12 06:58:40,1783839520,R_75,53768.4288,-1,12.798699999999371,BACKFILL_AUTO
2026-07-12 06:58:42,1783839522,R_75,53767.2826,-1,1.1462000000028638,BACKFILL_AUTO
2026-07-12 06:58:44,1783839524,R_75,53767.2311,-1,0.051500000001396984,BACKFILL_AUTO
2026-07-12 06:58:46,1783839526,R_75,53773.5048,1,6.273700000005192,BACKFILL_AUTO
2026-07-12 06:58:48,1783839528,R_75,53759.1505,-1,14.354299999999057,BACKFILL_AUTO
2026-07-12 06:58:50,1783839530,R_75,53764.6938,1,5.543299999997544,BACKFILL_AUTO
2026-07-12 06:58:52,1783839532,R_75,53773.2105,1,8.516700000000128,BACKFILL_AUTO
2026-07-12 06:58:54,1783839534,R_75,53767.1997,-1,6.010800000003655,BACKFILL_AUTO
2026-07-12 06:58:56,1783839536,R_75,53753.4524,-1,13.747299999995448,BACKFILL_AUTO
2026-07-12 06:58:58,1783839538,R_75,53758.0445,1,4.592100000001665,BACKFILL_AUTO
2026-07-12 06:59:00,1783839540,R_75,53773.4404,1,15.39589999999589,BACKFILL_AUTO
2026-07-12 06:59:02,1783839542,R_75,53767.1283,-1,6.312100000002829,BACKFILL_AUTO
2026-07-12 06:59:04,1783839544,R_75,53761.6847,-1,5.443599999998696,BACKFILL_AUTO
2026-07-12 06:59:06,1783839546,R_75,53752.6847,-1,9.0,BACKFILL_AUTO
2026-07-12 06:59:08,1783839548,R_75,53751.6183,-1,1.0663999999960652,BACKFILL_AUTO
2026-07-12 06:59:10,1783839550,R_75,53749.6306,-1,1.987700000005134,BACKFILL_AUTO
2026-07-12 06:59:12,1783839552,R_75,53740.4433,-1,9.187299999997776,BACKFILL_AUTO
2026-07-12 06:59:14,1783839554,R_75,53752.7442,1,12.300900000002002,BACKFILL_AUTO
2026-07-12 06:59:16,1783839556,R_75,53754.1767,1,1.4325000000026193,BACKFILL_AUTO
2026-07-12 06:59:18,1783839558,R_75,53748.7414,-1,5.435300000004645,BACKFILL_AUTO
2026-07-12 06:59:20,1783839560,R_75,53758.8587,1,10.117299999998068,BACKFILL_AUTO
2026-07-12 06:59:22,1783839562,R_75,53750.0001,-1,8.85859999999957,BACKFILL_AUTO
2026-07-12 06:59:24,1783839564,R_75,53737.128,-1,12.8721000000005,BACKFILL_AUTO
2026-07-12 06:59:26,1783839566,R_75,53750.3017,1,13.173700000006647,BACKFILL_AUTO
2026-07-12 06:59:28,1783839568,R_75,53752.9928,1,2.691099999996368,BACKFILL_AUTO
2026-07-12 06:59:30,1783839570,R_75,53733.2856,-1,19.7071999999971,BACKFILL_AUTO
2026-07-12 06:59:32,1783839572,R_75,53726.0715,-1,7.2141000000046915,BACKFILL_AUTO
2026-07-12 06:59:34,1783839574,R_75,53710.6449,-1,15.42659999999887,BACKFILL_AUTO
2026-07-12 06:59:36,1783839576,R_75,53727.398,1,16.753100000001723,BACKFILL_AUTO
2026-07-12 06:59:38,1783839578,R_75,53706.9735,-1,20.42450000000099,BACKFILL_AUTO
2026-07-12 06:59:40,1783839580,R_75,53689.0368,-1,17.936699999998382,BACKFILL_AUTO
2026-07-12 06:59:42,1783839582,R_75,53677.3654,-1,11.671399999999267,BACKFILL_AUTO
2026-07-12 06:59:44,1783839584,R_75,53672.5166,-1,4.8487999999997555,BACKFILL_AUTO
2026-07-12 06:59:46,1783839586,R_75,53685.9519,1,13.435299999997369,BACKFILL_AUTO
2026-07-12 06:59:48,1783839588,R_75,53680.5586,-1,5.393300000003364,BACKFILL_AUTO
2026-07-12 06:59:50,1783839590,R_75,53664.0049,-1,16.553699999996752,BACKFILL_AUTO
2026-07-12 06:59:52,1783839592,R_75,53651.8807,-1,12.124199999998382,BACKFILL_AUTO
2026-07-12 06:59:54,1783839594,R_75,53651.0659,-1,0.8148000000001048,BACKFILL_AUTO
2026-07-12 06:59:56,1783839596,R_75,53652.7519,1,1.6860000000015134,BACKFILL_AUTO
2026-07-12 06:59:58,1783839598,R_75,53642.2816,-1,10.470300000000861,BACKFILL_AUTO
2026-07-12 07:00:00,1783839600,R_75,53651.6151,1,9.33350000000064,BACKFILL_AUTO
2026-07-12 07:00:02,1783839602,R_75,53670.1353,1,18.520199999999022,BACKFILL_AUTO
2026-07-12 07:00:04,1783839604,R_75,53666.3757,-1,3.759600000004866,BACKFILL_AUTO
2026-07-12 07:00:06,1783839606,R_75,53667.2312,1,0.8555000000051223,BACKFILL_AUTO
2026-07-12 07:00:08,1783839608,R_75,53668.1667,1,0.9354999999995925,BACKFILL_AUTO
2026-07-12 07:00:10,1783839610,R_75,53672.8867,1,4.720000000001164,BACKFILL_AUTO
2026-07-12 07:00:12,1783839612,R_75,53678.6542,1,5.76749999999447,BACKFILL_AUTO
2026-07-12 07:00:14,1783839614,R_75,53700.691,1,22.036800000001676,BACKFILL_AUTO
2026-07-12 07:00:16,1783839616,R_75,53684.0959,-1,16.595099999998638,BACKFILL_AUTO
2026-07-12 07:00:18,1783839618,R_75,53686.7412,1,2.645299999996496,BACKFILL_AUTO
2026-07-12 07:00:20,1783839620,R_75,53680.275,-1,6.466199999995297,BACKFILL_AUTO
2026-07-12 07:00:22,1783839622,R_75,53675.5703,-1,4.704700000002049,BACKFILL_AUTO
2026-07-12 07:00:24,1783839624,R_75,53673.4592,-1,2.1111000000018976,BACKFILL_AUTO
2026-07-12 07:00:26,1783839626,R_75,53678.5012,1,5.042000000001281,BACKFILL_AUTO
2026-07-12 07:00:28,1783839628,R_75,53666.8647,-1,11.636500000000524,BACKFILL_AUTO
2026-07-12 07:00:30,1783839630,R_75,53658.3818,-1,8.482899999995425,BACKFILL_AUTO
2026-07-12 07:00:32,1783839632,R_75,53663.9152,1,5.533400000000256,BACKFILL_AUTO
2026-07-12 07:00:34,1783839634,R_75,53664.547,1,0.6317999999955646,BACKFILL_AUTO
2026-07-12 07:00:36,1783839636,R_75,53655.0214,-1,9.52560000000085,BACKFILL_AUTO
2026-07-12 07:00:38,1783839638,R_75,53653.3713,-1,1.650099999998929,BACKFILL_AUTO
2026-07-12 07:00:40,1783839640,R_75,53651.7701,-1,1.601199999997334,BACKFILL_AUTO
2026-07-12 07:00:42,1783839642,R_75,53649.3488,-1,2.421300000001793,BACKFILL_AUTO
2026-07-12 07:00:44,1783839644,R_75,53667.807,1,18.458200000000943,BACKFILL_AUTO
2026-07-12 07:00:46,1783839646,R_75,53672.567,1,4.760000000002037,BACKFILL_AUTO
2026-07-12 07:00:48,1783839648,R_75,53666.9202,-1,5.6468000000022585,BACKFILL_AUTO
2026-07-12 07:00:50,1783839650,R_75,53668.5818,1,1.6615999999994528,BACKFILL_AUTO
2026-07-12 07:00:52,1783839652,R_75,53673.3463,1,4.764499999997497,BACKFILL_AUTO
2026-07-12 07:00:54,1783839654,R_75,53672.7477,-1,0.598599999997532,BACKFILL_AUTO
2026-07-12 07:00:56,1783839656,R_75,53686.6424,1,13.894699999997101,BACKFILL_AUTO
2026-07-12 07:00:58,1783839658,R_75,53702.4096,1,15.767200000002049,BACKFILL_AUTO
2026-07-12 07:01:00,1783839660,R_75,53716.2019,1,13.792300000000978,BACKFILL_AUTO
2026-07-12 07:01:02,1783839662,R_75,53719.8456,1,3.6437000000005355,BACKFILL_AUTO
2026-07-12 07:01:04,1783839664,R_75,53729.5884,1,9.742799999999988,BACKFILL_AUTO
2026-07-12 07:01:06,1783839666,R_75,53740.516,1,10.927600000002712,BACKFILL_AUTO
2026-07-12 07:01:08,1783839668,R_75,53736.7553,-1,3.7607000000061817,BACKFILL_AUTO
2026-07-12 07:01:10,1783839670,R_75,53731.4665,-1,5.288799999994808,BACKFILL_AUTO
2026-07-12 07:01:12,1783839672,R_75,53734.7116,1,3.245100000000093,BACKFILL_AUTO
2026-07-12 07:01:14,1783839674,R_75,53742.2664,1,7.5547999999980675,BACKFILL_AUTO
2026-07-12 07:01:16,1783839676,R_75,53747.0119,1,4.745499999997264,BACKFILL_AUTO
2026-07-12 07:01:18,1783839678,R_75,53748.7711,1,1.759200000000419,BACKFILL_AUTO
2026-07-12 07:01:20,1783839680,R_75,53741.8289,-1,6.942199999997683,BACKFILL_AUTO
2026-07-12 07:01:22,1783839682,R_75,53755.5844,1,13.755499999999302,BACKFILL_AUTO
2026-07-12 07:01:24,1783839684,R_75,53750.6843,-1,4.900099999998929,BACKFILL_AUTO
2026-07-12 07:01:26,1783839686,R_75,53769.0584,1,18.374100000000908,BACKFILL_AUTO
2026-07-12 07:01:28,1783839688,R_75,53754.9934,-1,14.065000000002328,BACKFILL_AUTO
2026-07-12 07:01:30,1783839690,R_75,53756.8898,1,1.8963999999978114,BACKFILL_AUTO
2026-07-12 07:01:32,1783839692,R_75,53753.6413,-1,3.2484999999942374,BACKFILL_AUTO
2026-07-12 07:01:34,1783839694,R_75,53759.648,1,6.006699999998091,BACKFILL_AUTO
2026-07-12 07:01:36,1783839696,R_75,53757.3439,-1,2.304100000001199,BACKFILL_AUTO
2026-07-12 07:01:38,1783839698,R_75,53766.6439,1,9.30000000000291,BACKFILL_AUTO
2026-07-12 07:01:40,1783839700,R_75,53759.6159,-1,7.028000000005704,BACKFILL_AUTO
2026-07-12 07:01:42,1783839702,R_75,53771.4778,1,11.861900000003516,BACKFILL_AUTO
2026-07-12 07:01:44,1783839704,R_75,53780.9641,1,9.486299999996845,BACKFILL_AUTO
2026-07-12 07:01:46,1783839706,R_75,53793.3948,1,12.430700000004435,BACKFILL_AUTO
2026-07-12 07:01:48,1783839708,R_75,53808.5283,1,15.133499999996275,BACKFILL_AUTO
2026-07-12 07:01:50,1783839710,R_75,53805.3128,-1,3.2154999999984284,BACKFILL_AUTO
2026-07-12 07:01:52,1783839712,R_75,53820.7351,1,15.422299999998359,BACKFILL_AUTO
2026-07-12 07:01:54,1783839714,R_75,53842.1187,1,21.383600000001024,BACKFILL_AUTO
2026-07-12 07:01:56,1783839716,R_75,53838.277,-1,3.8416999999972177,BACKFILL_AUTO
2026-07-12 07:01:58,1783839718,R_75,53841.6997,1,3.4226999999955297,BACKFILL_AUTO
2026-07-12 07:02:00,1783839720,R_75,53820.5056,-1,21.194100000000617,BACKFILL_AUTO
2026-07-12 07:02:02,1783839722,R_75,53820.2727,-1,0.23289999999542488,BACKFILL_AUTO
2026-07-12 07:02:04,1783839724,R_75,53827.5786,1,7.305899999999383,BACKFILL_AUTO
2026-07-12 07:02:06,1783839726,R_75,53819.2979,-1,8.28070000000298,BACKFILL_AUTO
2026-07-12 07:02:08,1783839728,R_75,53807.5892,-1,11.708699999995588,BACKFILL_AUTO
2026-07-12 07:02:10,1783839730,R_75,53812.4902,1,4.900999999998021,BACKFILL_AUTO
2026-07-12 07:02:12,1783839732,R_75,53819.8768,1,7.386599999997998,BACKFILL_AUTO
2026-07-12 07:02:14,1783839734,R_75,53814.5747,-1,5.302100000000792,BACKFILL_AUTO
2026-07-12 07:02:16,1783839736,R_75,53798.5805,-1,15.994200000001001,BACKFILL_AUTO
2026-07-12 07:02:18,1783839738,R_75,53798.0673,-1,0.513199999993958,BACKFILL_AUTO
2026-07-12 07:02:20,1783839740,R_75,53815.919,1,17.851699999999255,BACKFILL_AUTO
2026-07-12 07:02:22,1783839742,R_75,53807.7617,-1,8.15729999999894,BACKFILL_AUTO
2026-07-12 07:02:24,1783839744,R_75,53824.3599,1,16.59820000000036,BACKFILL_AUTO
2026-07-12 07:02:26,1783839746,R_75,53810.7954,-1,13.564500000000407,BACKFILL_AUTO
2026-07-12 07:02:28,1783839748,R_75,53813.9941,1,3.1987000000008265,BACKFILL_AUTO
2026-07-12 07:02:30,1783839750,R_75,53820.6421,1,6.647999999993772,BACKFILL_AUTO
2026-07-12 07:02:32,1783839752,R_75,53831.0708,1,10.428700000004028,BACKFILL_AUTO
2026-07-12 07:02:34,1783839754,R_75,53819.9691,-1,11.101699999999255,BACKFILL_AUTO
2026-07-12 07:02:36,1783839756,R_75,53811.7344,-1,8.234700000000885,BACKFILL_AUTO
2026-07-12 07:02:38,1783839758,R_75,53807.4946,-1,4.239800000003015,BACKFILL_AUTO
2026-07-12 07:02:40,1783839760,R_75,53803.4078,-1,4.086799999997311,BACKFILL_AUTO
2026-07-12 07:02:42,1783839762,R_75,53805.6916,1,2.283799999997427,BACKFILL_AUTO
2026-07-12 07:02:44,1783839764,R_75,53816.6734,1,10.981800000001385,BACKFILL_AUTO
2026-07-12 07:02:46,1783839766,R_75,53823.463,1,6.789600000003702,BACKFILL_AUTO
2026-07-12 07:02:48,1783839768,R_75,53824.0111,1,0.5480999999999767,BACKFILL_AUTO
2026-07-12 07:02:50,1783839770,R_75,53825.8948,1,1.8836999999984982,BACKFILL_AUTO
2026-07-12 07:02:52,1783839772,R_75,53805.711,-1,20.183799999998882,BACKFILL_AUTO
2026-07-12 07:02:54,1783839774,R_75,53792.8472,-1,12.86380000000645,BACKFILL_AUTO
2026-07-12 07:02:56,1783839776,R_75,53808.2373,1,15.390100000004168,BACKFILL_AUTO
2026-07-12 07:02:58,1783839778,R_75,53821.539,1,13.301699999996345,BACKFILL_AUTO
2026-07-12 07:03:00,1783839780,R_75,53833.8998,1,12.3608000000022,BACKFILL_AUTO
2026-07-12 07:03:02,1783839782,R_75,53814.7718,-1,19.127999999996973,BACKFILL_AUTO
2026-07-12 07:03:04,1783839784,R_75,53827.4763,1,12.704499999999825,BACKFILL_AUTO
2026-07-12 07:03:06,1783839786,R_75,53839.6609,1,12.1846000000005,BACKFILL_AUTO
2026-07-12 07:03:08,1783839788,R_75,53845.6421,1,5.981199999994715,BACKFILL_AUTO
2026-07-12 07:03:10,1783839790,R_75,53870.665,1,25.022900000003574,BACKFILL_AUTO
2026-07-12 07:03:12,1783839792,R_75,53878.657,1,7.99199999999837,BACKFILL_AUTO
2026-07-12 07:03:14,1783839794,R_75,53894.5623,1,15.905299999998533,BACKFILL_AUTO
2026-07-12 07:03:16,1783839796,R_75,53886.85,-1,7.712299999999232,BACKFILL_AUTO
2026-07-12 07:03:18,1783839798,R_75,53885.4297,-1,1.420299999997951,BACKFILL_AUTO
2026-07-12 07:03:20,1783839800,R_75,53865.7143,-1,19.715400000000955,BACKFILL_AUTO
2026-07-12 07:03:22,1783839802,R_75,53853.9766,-1,11.737699999997858,BACKFILL_AUTO
2026-07-12 07:03:24,1783839804,R_75,53838.7947,-1,15.181900000003225,BACKFILL_AUTO
2026-07-12 07:03:26,1783839806,R_75,53845.2479,1,6.453200000003562,BACKFILL_AUTO
2026-07-12 07:03:28,1783839808,R_75,53844.2402,-1,1.0077000000019325,BACKFILL_AUTO
2026-07-12 07:03:30,1783839810,R_75,53840.0755,-1,4.164700000001176,BACKFILL_AUTO
2026-07-12 07:03:32,1783839812,R_75,53856.3764,1,16.300900000002002,BACKFILL_AUTO
2026-07-12 07:03:34,1783839814,R_75,53878.6965,1,22.320099999997183,BACKFILL_AUTO
2026-07-12 07:03:36,1783839816,R_75,53874.8245,-1,3.871999999995751,BACKFILL_AUTO
2026-07-12 07:03:38,1783839818,R_75,53889.5066,1,14.682099999998172,BACKFILL_AUTO
2026-07-12 07:03:40,1783839820,R_75,53885.4004,-1,4.106200000001991,BACKFILL_AUTO
2026-07-12 07:03:42,1783839822,R_75,53879.6755,-1,5.724900000001071,BACKFILL_AUTO
2026-07-12 07:03:44,1783839824,R_75,53885.6794,1,6.003900000003341,BACKFILL_AUTO
2026-07-12 07:03:46,1783839826,R_75,53881.5675,-1,4.111900000003516,BACKFILL_AUTO
2026-07-12 07:03:48,1783839828,R_75,53875.9779,-1,5.589599999999336,BACKFILL_AUTO
2026-07-12 07:03:50,1783839830,R_75,53869.2562,-1,6.721699999994598,BACKFILL_AUTO
2026-07-12 07:03:52,1783839832,R_75,53878.2295,1,8.973299999997835,BACKFILL_AUTO
2026-07-12 07:03:54,1783839834,R_75,53898.5887,1,20.359199999998964,BACKFILL_AUTO
2026-07-12 07:03:56,1783839836,R_75,53913.4765,1,14.887799999996787,BACKFILL_AUTO
2026-07-12 07:03:58,1783839838,R_75,53929.5828,1,16.106299999999464,BACKFILL_AUTO
2026-07-12 07:04:00,1783839840,R_75,53927.7757,-1,1.8070999999981723,BACKFILL_AUTO
2026-07-12 07:04:02,1783839842,R_75,53940.4382,1,12.662499999998545,BACKFILL_AUTO
2026-07-12 07:04:04,1783839844,R_75,53943.6042,1,3.166000000004715,BACKFILL_AUTO
2026-07-12 07:04:06,1783839846,R_75,53948.5831,1,4.978900000001886,BACKFILL_AUTO
2026-07-12 07:04:08,1783839848,R_75,53935.5148,-1,13.068300000006275,BACKFILL_AUTO
2026-07-12 07:04:10,1783839850,R_75,53925.4832,-1,10.031599999994796,BACKFILL_AUTO
2026-07-12 07:04:12,1783839852,R_75,53931.3845,1,5.901299999997718,BACKFILL_AUTO
2026-07-12 07:04:14,1783839854,R_75,53909.6857,-1,21.6987999999983,BACKFILL_AUTO
2026-07-12 07:04:16,1783839856,R_75,53922.875,1,13.189299999998184,BACKFILL_AUTO
2026-07-12 07:04:18,1783839858,R_75,53916.7904,-1,6.084600000001956,BACKFILL_AUTO
2026-07-12 07:04:20,1783839860,R_75,53911.6077,-1,5.182699999997567,BACKFILL_AUTO
2026-07-12 07:04:22,1783839862,R_75,53914.5219,1,2.914199999999255,BACKFILL_AUTO
2026-07-12 07:04:24,1783839864,R_75,53922.018,1,7.496099999996659,BACKFILL_AUTO
2026-07-12 07:04:26,1783839866,R_75,53904.5001,-1,17.517899999998917,BACKFILL_AUTO
2026-07-12 07:04:28,1783839868,R_75,53906.4164,1,1.9163000000044121,BACKFILL_AUTO
2026-07-12 07:04:30,1783839870,R_75,53912.3738,1,5.957399999999325,BACKFILL_AUTO
2026-07-12 07:04:32,1783839872,R_75,53920.7021,1,8.328300000001036,BACKFILL_AUTO
2026-07-12 07:04:34,1783839874,R_75,53900.4602,-1,20.241900000000896,BACKFILL_AUTO
2026-07-12 07:04:36,1783839876,R_75,53917.4666,1,17.006399999998393,BACKFILL_AUTO
2026-07-12 07:04:38,1783839878,R_75,53927.9346,1,10.468000000000757,BACKFILL_AUTO
2026-07-12 07:04:40,1783839880,R_75,53918.2713,-1,9.663300000000163,BACKFILL_AUTO
2026-07-12 07:04:42,1783839882,R_75,53909.3056,-1,8.965700000000652,BACKFILL_AUTO
2026-07-12 07:04:44,1783839884,R_75,53914.3553,1,5.049700000003213,BACKFILL_AUTO
2026-07-12 07:04:46,1783839886,R_75,53927.9088,1,13.553499999994528,BACKFILL_AUTO
2026-07-12 07:04:48,1783839888,R_75,53925.8371,-1,2.071700000000419,BACKFILL_AUTO
2026-07-12 07:04:50,1783839890,R_75,53924.4952,-1,1.3418999999994412,BACKFILL_AUTO
2026-07-12 07:04:52,1783839892,R_75,53923.702,-1,0.7932000000000698,BACKFILL_AUTO
2026-07-12 07:04:54,1783839894,R_75,53906.8111,-1,16.89089999999851,BACKFILL_AUTO
2026-07-12 07:04:56,1783839896,R_75,53904.419,-1,2.392099999997299,BACKFILL_AUTO
2026-07-12 07:04:58,1783839898,R_75,53910.3006,1,5.881600000000617,BACKFILL_AUTO
2026-07-12 07:05:00,1783839900,R_75,53910.7016,1,0.40099999999802094,BACKFILL_AUTO
2026-07-12 07:05:02,1783839902,R_75,53909.233,-1,1.4686000000001513,BACKFILL_AUTO
2026-07-12 07:05:04,1783839904,R_75,53915.9568,1,6.7237999999997555,BACKFILL_AUTO
2026-07-12 07:05:06,1783839906,R_75,53921.8077,1,5.850899999997637,BACKFILL_AUTO
2026-07-12 07:05:08,1783839908,R_75,53929.571,1,7.763300000005984,BACKFILL_AUTO
2026-07-12 07:05:10,1783839910,R_75,53944.6306,1,15.059599999993225,BACKFILL_AUTO
2026-07-12 07:05:12,1783839912,R_75,53946.3444,1,1.7138000000049942,BACKFILL_AUTO
2026-07-12 07:05:14,1783839914,R_75,53930.8349,-1,15.509500000000116,BACKFILL_AUTO
2026-07-12 07:05:16,1783839916,R_75,53924.1986,-1,6.6362999999983,BACKFILL_AUTO
2026-07-12 07:05:18,1783839918,R_75,53933.1307,1,8.932099999998172,BACKFILL_AUTO
2026-07-12 07:05:20,1783839920,R_75,53943.4055,1,10.274799999999232,BACKFILL_AUTO
2026-07-12 07:05:22,1783839922,R_75,53928.5049,-1,14.90060000000085,BACKFILL_AUTO
2026-07-12 07:05:24,1783839924,R_75,53943.8294,1,15.324500000002445,BACKFILL_AUTO
2026-07-12 07:05:26,1783839926,R_75,53963.3235,1,19.49409999999625,BACKFILL_AUTO
2026-07-12 07:05:28,1783839928,R_75,53954.0997,-1,9.223799999999756,BACKFILL_AUTO
2026-07-12 07:05:30,1783839930,R_75,53951.8269,-1,2.272799999998824,BACKFILL_AUTO
2026-07-12 07:05:32,1783839932,R_75,53958.857,1,7.030100000003586,BACKFILL_AUTO
2026-07-12 07:05:34,1783839934,R_75,53961.3688,1,2.5117999999929452,BACKFILL_AUTO
2026-07-12 07:05:36,1783839936,R_75,53951.467,-1,9.90179999999964,BACKFILL_AUTO
2026-07-12 07:05:38,1783839938,R_75,53952.619,1,1.1520000000018626,BACKFILL_AUTO
2026-07-12 07:05:40,1783839940,R_75,53946.2115,-1,6.407500000001164,BACKFILL_AUTO
2026-07-12 07:05:42,1783839942,R_75,53953.2943,1,7.082800000003772,BACKFILL_AUTO
2026-07-12 07:05:44,1783839944,R_75,53949.7877,-1,3.506600000000617,BACKFILL_AUTO
2026-07-12 07:05:46,1783839946,R_75,53961.0941,1,11.306400000001304,BACKFILL_AUTO
2026-07-12 07:05:48,1783839948,R_75,53952.9293,-1,8.16479999999865,BACKFILL_AUTO
2026-07-12 07:05:50,1783839950,R_75,53953.3061,1,0.3767999999981839,BACKFILL_AUTO
2026-07-12 07:05:52,1783839952,R_75,53959.5142,1,6.208099999996193,BACKFILL_AUTO
2026-07-12 07:05:54,1783839954,R_75,53933.8541,-1,25.660100000000966,BACKFILL_AUTO
2026-07-12 07:05:56,1783839956,R_75,53929.5652,-1,4.288899999999558,BACKFILL_AUTO
2026-07-12 07:05:58,1783839958,R_75,53929.3477,-1,0.21749999999883585,BACKFILL_AUTO
2026-07-12 07:06:00,1783839960,R_75,53929.4649,1,0.11720000000059372,BACKFILL_AUTO
2026-07-12 07:06:02,1783839962,R_75,53933.9004,1,4.4354999999995925,BACKFILL_AUTO
2026-07-12 07:06:04,1783839964,R_75,53926.6331,-1,7.267299999999523,BACKFILL_AUTO
2026-07-12 07:06:06,1783839966,R_75,53904.6858,-1,21.947299999999814,BACKFILL_AUTO
2026-07-12 07:06:08,1783839968,R_75,53899.5524,-1,5.133399999998801,BACKFILL_AUTO
2026-07-12 07:06:10,1783839970,R_75,53903.8117,1,4.259299999997893,BACKFILL_AUTO
2026-07-12 07:06:12,1783839972,R_75,53905.3599,1,1.5482000000047265,BACKFILL_AUTO
2026-07-12 07:06:14,1783839974,R_75,53904.923,-1,0.43690000000060536,BACKFILL_AUTO
2026-07-12 07:06:16,1783839976,R_75,53891.3405,-1,13.582500000004075,BACKFILL_AUTO
2026-07-12 07:06:18,1783839978,R_75,53887.4644,-1,3.8761000000013155,BACKFILL_AUTO
2026-07-12 07:06:20,1783839980,R_75,53879.9863,-1,7.478100000000268,BACKFILL_AUTO
2026-07-12 07:06:22,1783839982,R_75,53895.1246,1,15.138300000005984,BACKFILL_AUTO
2026-07-12 07:06:24,1783839984,R_75,53907.4574,1,12.332799999996496,BACKFILL_AUTO
2026-07-12 07:06:26,1783839986,R_75,53896.7834,-1,10.673999999999069,BACKFILL_AUTO
2026-07-12 07:06:28,1783839988,R_75,53887.7422,-1,9.041199999999662,BACKFILL_AUTO
2026-07-12 07:06:30,1783839990,R_75,53891.091,1,3.3487999999997555,BACKFILL_AUTO
2026-07-12 07:06:32,1783839992,R_75,53896.654,1,5.563000000001921,BACKFILL_AUTO
2026-07-12 07:06:34,1783839994,R_75,53907.6321,1,10.978100000000268,BACKFILL_AUTO
2026-07-12 07:06:36,1783839996,R_75,53900.2192,-1,7.412900000002992,BACKFILL_AUTO
2026-07-12 07:06:38,1783839998,R_75,53888.0795,-1,12.13969999999972,BACKFILL_AUTO
2026-07-12 07:06:40,1783840000,R_75,53876.9681,-1,11.111400000001595,BACKFILL_AUTO
2026-07-12 07:06:42,1783840002,R_75,53872.4233,-1,4.54479999999603,BACKFILL_AUTO
2026-07-12 07:06:44,1783840004,R_75,53874.2183,1,1.7949999999982538,BACKFILL_AUTO
2026-07-12 07:06:46,1783840006,R_75,53866.1383,-1,8.080000000001746,BACKFILL_AUTO
2026-07-12 07:06:48,1783840008,R_75,53867.9045,1,1.7661999999982072,BACKFILL_AUTO
2026-07-12 07:06:50,1783840010,R_75,53864.6824,-1,3.2220999999990454,BACKFILL_AUTO
2026-07-12 07:06:52,1783840012,R_75,53881.9239,1,17.241500000003725,BACKFILL_AUTO
2026-07-12 07:06:54,1783840014,R_75,53878.1495,-1,3.7744000000020606,BACKFILL_AUTO
2026-07-12 07:06:56,1783840016,R_75,53880.4652,1,2.3156999999991967,BACKFILL_AUTO
2026-07-12 07:06:58,1783840018,R_75,53878.2399,-1,2.225299999998242,BACKFILL_AUTO
2026-07-12 07:07:00,1783840020,R_75,53871.895,-1,6.34490000000369,BACKFILL_AUTO
2026-07-12 07:07:02,1783840022,R_75,53866.5066,-1,5.388399999996182,BACKFILL_AUTO
2026-07-12 07:07:04,1783840024,R_75,53847.3597,-1,19.146899999999732,BACKFILL_AUTO
2026-07-12 07:07:06,1783840026,R_75,53842.03,-1,5.329700000002049,BACKFILL_AUTO
2026-07-12 07:07:08,1783840028,R_75,53835.2245,-1,6.805500000002212,BACKFILL_AUTO
2026-07-12 07:07:10,1783840030,R_75,53822.1871,-1,13.037399999993795,BACKFILL_AUTO
2026-07-12 07:07:12,1783840032,R_75,53813.6756,-1,8.511500000000524,BACKFILL_AUTO
2026-07-12 07:07:14,1783840034,R_75,53788.2779,-1,25.39770000000135,BACKFILL_AUTO
2026-07-12 07:07:16,1783840036,R_75,53772.2278,-1,16.050100000000384,BACKFILL_AUTO
2026-07-12 07:07:18,1783840038,R_75,53753.7312,-1,18.49659999999858,BACKFILL_AUTO
2026-07-12 07:07:20,1783840040,R_75,53745.3469,-1,8.384300000005169,BACKFILL_AUTO
2026-07-12 07:07:22,1783840042,R_75,53749.2623,1,3.91540000000532,BACKFILL_AUTO
2026-07-12 07:07:24,1783840044,R_75,53737.3867,-1,11.875599999999395,BACKFILL_AUTO
2026-07-12 07:07:26,1783840046,R_75,53751.0484,1,13.661699999996927,BACKFILL_AUTO
2026-07-12 07:07:28,1783840048,R_75,53732.7206,-1,18.327799999999115,BACKFILL_AUTO
2026-07-12 07:07:30,1783840050,R_75,53718.3726,-1,14.347999999998137,BACKFILL_AUTO
2026-07-12 07:07:32,1783840052,R_75,53731.0252,1,12.652599999993981,BACKFILL_AUTO
2026-07-12 07:07:34,1783840054,R_75,53738.7385,1,7.713300000003073,BACKFILL_AUTO
2026-07-12 07:07:36,1783840056,R_75,53741.6404,1,2.901899999997113,BACKFILL_AUTO
2026-07-12 07:07:38,1783840058,R_75,53737.18,-1,4.460399999996298,BACKFILL_AUTO
2026-07-12 07:07:40,1783840060,R_75,53727.4179,-1,9.762099999999919,BACKFILL_AUTO
2026-07-12 07:07:42,1783840062,R_75,53723.2621,-1,4.155800000000454,BACKFILL_AUTO
2026-07-12 07:07:44,1783840064,R_75,53720.5833,-1,2.6788000000015018,BACKFILL_AUTO
2026-07-12 07:07:46,1783840066,R_75,53711.3657,-1,9.21759999999631,BACKFILL_AUTO
2026-07-12 07:07:48,1783840068,R_75,53723.4395,1,12.0737999999983,BACKFILL_AUTO
2026-07-12 07:07:50,1783840070,R_75,53712.2216,-1,11.217900000003283,BACKFILL_AUTO
2026-07-12 07:07:52,1783840072,R_75,53701.2211,-1,11.000499999994645,BACKFILL_AUTO
2026-07-12 07:07:54,1783840074,R_75,53694.5535,-1,6.667600000000675,BACKFILL_AUTO
2026-07-12 07:07:56,1783840076,R_75,53679.9681,-1,14.585400000003574,BACKFILL_AUTO
2026-07-12 07:07:58,1783840078,R_75,53682.8304,1,2.862300000000687,BACKFILL_AUTO
2026-07-12 07:08:00,1783840080,R_75,53664.0378,-1,18.792600000000675,BACKFILL_AUTO
2026-07-12 07:08:02,1783840082,R_75,53684.2055,1,20.16769999999815,BACKFILL_AUTO
2026-07-12 07:08:04,1783840084,R_75,53676.9366,-1,7.268899999995483,BACKFILL_AUTO
2026-07-12 07:08:06,1783840086,R_75,53677.3843,1,0.44769999999698484,BACKFILL_AUTO
2026-07-12 07:08:08,1783840088,R_75,53692.2336,1,14.849300000001676,BACKFILL_AUTO
2026-07-12 07:08:10,1783840090,R_75,53704.6743,1,12.440699999999197,BACKFILL_AUTO
2026-07-12 07:08:12,1783840092,R_75,53706.4666,1,1.7923000000009779,BACKFILL_AUTO
2026-07-12 07:08:14,1783840094,R_75,53705.448,-1,1.0186000000030617,BACKFILL_AUTO
2026-07-12 07:08:16,1783840096,R_75,53710.0509,1,4.60290000000532,BACKFILL_AUTO
2026-07-12 07:08:18,1783840098,R_75,53714.7881,1,4.737199999995937,BACKFILL_AUTO
2026-07-12 07:08:20,1783840100,R_75,53717.2052,1,2.4170999999987544,BACKFILL_AUTO
2026-07-12 07:08:22,1783840102,R_75,53731.0812,1,13.876000000003842,BACKFILL_AUTO
2026-07-12 07:08:24,1783840104,R_75,53736.4621,1,5.380899999996473,BACKFILL_AUTO
2026-07-12 07:08:26,1783840106,R_75,53725.4664,-1,10.995699999999488,BACKFILL_AUTO
2026-07-12 07:08:28,1783840108,R_75,53713.5803,-1,11.886099999996077,BACKFILL_AUTO
2026-07-12 07:08:30,1783840110,R_75,53702.0551,-1,11.525200000003679,BACKFILL_AUTO
2026-07-12 07:08:32,1783840112,R_75,53678.5687,-1,23.48639999999432,BACKFILL_AUTO
2026-07-12 07:08:34,1783840114,R_75,53698.3394,1,19.770699999993667,BACKFILL_AUTO
2026-07-12 07:08:36,1783840116,R_75,53704.5133,1,6.173900000001595,BACKFILL_AUTO
2026-07-12 07:08:38,1783840118,R_75,53706.967,1,2.453699999998207,BACKFILL_AUTO
2026-07-12 07:08:40,1783840120,R_75,53710.7193,1,3.7523000000001048,BACKFILL_AUTO
2026-07-12 07:08:42,1783840122,R_75,53705.9737,-1,4.745599999994738,BACKFILL_AUTO
2026-07-12 07:08:44,1783840124,R_75,53731.3382,1,25.364499999996042,BACKFILL_AUTO
2026-07-12 07:08:46,1783840126,R_75,53722.5496,-1,8.78859999999986,BACKFILL_AUTO
2026-07-12 07:08:48,1783840128,R_75,53727.0328,1,4.483200000002398,BACKFILL_AUTO
2026-07-12 07:08:50,1783840130,R_75,53724.7441,-1,2.288699999997334,BACKFILL_AUTO
2026-07-12 07:08:52,1783840132,R_75,53724.3041,-1,0.4400000000023283,BACKFILL_AUTO
2026-07-12 07:08:54,1783840134,R_75,53725.5296,1,1.2255000000004657,BACKFILL_AUTO
2026-07-12 07:08:56,1783840136,R_75,53738.6023,1,13.072699999996985,BACKFILL_AUTO
2026-07-12 07:08:58,1783840138,R_75,53725.202,-1,13.400300000001153,BACKFILL_AUTO
2026-07-12 07:09:00,1783840140,R_75,53722.5774,-1,2.624599999995553,BACKFILL_AUTO
2026-07-12 07:09:02,1783840142,R_75,53722.4896,-1,0.08780000000115251,BACKFILL_AUTO
2026-07-12 07:09:04,1783840144,R_75,53714.2515,-1,8.238100000002305,BACKFILL_AUTO
2026-07-12 07:09:06,1783840146,R_75,53712.135,-1,2.1164999999964493,BACKFILL_AUTO
2026-07-12 07:09:08,1783840148,R_75,53709.9323,-1,2.2027000000016415,BACKFILL_AUTO
2026-07-12 07:09:10,1783840150,R_75,53712.3359,1,2.403599999997823,BACKFILL_AUTO
2026-07-12 07:09:12,1783840152,R_75,53721.047,1,8.711100000000442,BACKFILL_AUTO
2026-07-12 07:09:14,1783840154,R_75,53711.24,-1,9.807000000000698,BACKFILL_AUTO
2026-07-12 07:09:16,1783840156,R_75,53729.4398,1,18.199800000002142,BACKFILL_AUTO
2026-07-12 07:09:18,1783840158,R_75,53727.946,-1,1.493799999996554,BACKFILL_AUTO
2026-07-12 07:09:20,1783840160,R_75,53743.3799,1,15.433899999996356,BACKFILL_AUTO
2026-07-12 07:09:22,1783840162,R_75,53736.1324,-1,7.247499999997672,BACKFILL_AUTO
2026-07-12 07:09:24,1783840164,R_75,53729.8389,-1,6.293499999999767,BACKFILL_AUTO
2026-07-12 07:09:26,1783840166,R_75,53740.8441,1,11.005199999999604,BACKFILL_AUTO
2026-07-12 07:09:28,1783840168,R_75,53737.3681,-1,3.4760000000023865,BACKFILL_AUTO
2026-07-12 07:09:30,1783840170,R_75,53733.9191,-1,3.449000000000524,BACKFILL_AUTO
2026-07-12 07:09:32,1783840172,R_75,53740.1268,1,6.207699999999022,BACKFILL_AUTO
2026-07-12 07:09:34,1783840174,R_75,53727.2881,-1,12.838700000000244,BACKFILL_AUTO
2026-07-12 07:09:36,1783840176,R_75,53711.75,-1,15.53809999999794,BACKFILL_AUTO
2026-07-12 07:09:38,1783840178,R_75,53709.5306,-1,2.2194000000017695,BACKFILL_AUTO
2026-07-12 07:09:40,1783840180,R_75,53707.0425,-1,2.488099999995029,BACKFILL_AUTO
2026-07-12 07:09:42,1783840182,R_75,53704.1525,-1,2.890000000006694,BACKFILL_AUTO
2026-07-12 07:09:44,1783840184,R_75,53710.6604,1,6.507900000004156,BACKFILL_AUTO
2026-07-12 07:09:46,1783840186,R_75,53718.6674,1,8.006999999997788,BACKFILL_AUTO
2026-07-12 07:09:48,1783840188,R_75,53704.8596,-1,13.80779999999504,BACKFILL_AUTO
2026-07-12 07:09:50,1783840190,R_75,53722.5855,1,17.725899999997637,BACKFILL_AUTO
2026-07-12 07:09:52,1783840192,R_75,53712.326,-1,10.259500000000116,BACKFILL_AUTO
2026-07-12 07:09:54,1783840194,R_75,53699.9419,-1,12.384100000002945,BACKFILL_AUTO
2026-07-12 07:09:56,1783840196,R_75,53703.8025,1,3.8605999999999767,BACKFILL_AUTO
2026-07-12 07:09:58,1783840198,R_75,53701.068,-1,2.7344999999986612,BACKFILL_AUTO
2026-07-12 07:10:00,1783840200,R_75,53697.7483,-1,3.3197000000000116,BACKFILL_AUTO
2026-07-12 07:10:02,1783840202,R_75,53704.2756,1,6.52730000000156,BACKFILL_AUTO
2026-07-12 07:10:04,1783840204,R_75,53723.1866,1,18.911000000000058,BACKFILL_AUTO
2026-07-12 07:10:06,1783840206,R_75,53731.0041,1,7.817499999997381,BACKFILL_AUTO
2026-07-12 07:10:08,1783840208,R_75,53736.7298,1,5.725700000002689,BACKFILL_AUTO
2026-07-12 07:10:10,1783840210,R_75,53738.5905,1,1.8606999999974505,BACKFILL_AUTO
2026-07-12 07:10:12,1783840212,R_75,53719.7796,-1,18.810899999996764,BACKFILL_AUTO
2026-07-12 07:10:14,1783840214,R_75,53725.431,1,5.651399999995192,BACKFILL_AUTO
2026-07-12 07:10:16,1783840216,R_75,53716.1555,-1,9.2754999999961,BACKFILL_AUTO
2026-07-12 07:10:18,1783840218,R_75,53713.4688,-1,2.686699999998382,BACKFILL_AUTO
2026-07-12 07:10:20,1783840220,R_75,53714.901,1,1.432199999995646,BACKFILL_AUTO
2026-07-12 07:10:22,1783840222,R_75,53718.7334,1,3.832399999999325,BACKFILL_AUTO
2026-07-12 07:10:24,1783840224,R_75,53732.1898,1,13.456400000002759,BACKFILL_AUTO
2026-07-12 07:10:26,1783840226,R_75,53751.5445,1,19.354700000003504,BACKFILL_AUTO
2026-07-12 07:10:28,1783840228,R_75,53761.7737,1,10.229199999994307,BACKFILL_AUTO
2026-07-12 07:10:30,1783840230,R_75,53775.8862,1,14.11250000000291,BACKFILL_AUTO
2026-07-12 07:10:32,1783840232,R_75,53774.1342,-1,1.7520000000004075,BACKFILL_AUTO
2026-07-12 07:10:34,1783840234,R_75,53780.1833,1,6.0490999999965425,BACKFILL_AUTO
2026-07-12 07:10:36,1783840236,R_75,53785.792,1,5.608700000004319,BACKFILL_AUTO
2026-07-12 07:10:38,1783840238,R_75,53771.5848,-1,14.207200000004377,BACKFILL_AUTO
2026-07-12 07:10:40,1783840240,R_75,53770.4271,-1,1.1576999999961117,BACKFILL_AUTO
2026-07-12 07:10:42,1783840242,R_75,53747.8047,-1,22.622400000000198,BACKFILL_AUTO
2026-07-12 07:10:44,1783840244,R_75,53732.375,-1,15.429700000000594,BACKFILL_AUTO
2026-07-12 07:10:46,1783840246,R_75,53751.5817,1,19.206700000002456,BACKFILL_AUTO
2026-07-12 07:10:48,1783840248,R_75,53773.5835,1,22.001799999998184,BACKFILL_AUTO
2026-07-12 07:10:50,1783840250,R_75,53781.7546,1,8.17109999999957,BACKFILL_AUTO
2026-07-12 07:10:52,1783840252,R_75,53776.8733,-1,4.88130000000092,BACKFILL_AUTO
2026-07-12 07:10:54,1783840254,R_75,53770.0974,-1,6.775900000000547,BACKFILL_AUTO
2026-07-12 07:10:56,1783840256,R_75,53766.3241,-1,3.773300000000745,BACKFILL_AUTO
2026-07-12 07:10:58,1783840258,R_75,53760.056,-1,6.268100000001141,BACKFILL_AUTO
2026-07-12 07:11:00,1783840260,R_75,53757.248,-1,2.8079999999972642,BACKFILL_AUTO
2026-07-12 07:11:02,1783840262,R_75,53732.5901,-1,24.657899999998335,BACKFILL_AUTO
2026-07-12 07:11:04,1783840264,R_75,53735.5693,1,2.9792000000015832,BACKFILL_AUTO
2026-07-12 07:11:06,1783840266,R_75,53743.0449,1,7.4755999999979394,BACKFILL_AUTO
2026-07-12 07:11:08,1783840268,R_75,53737.7349,-1,5.309999999997672,BACKFILL_AUTO
2026-07-12 07:11:10,1783840270,R_75,53738.2268,1,0.49189999999362044,BACKFILL_AUTO
2026-07-12 07:11:12,1783840272,R_75,53724.3932,-1,13.833599999998114,BACKFILL_AUTO
2026-07-12 07:11:14,1783840274,R_75,53738.8302,1,14.43699999999808,BACKFILL_AUTO
2026-07-12 07:11:16,1783840276,R_75,53735.6353,-1,3.194899999994959,BACKFILL_AUTO
2026-07-12 07:11:18,1783840278,R_75,53727.0688,-1,8.566500000000815,BACKFILL_AUTO
2026-07-12 07:11:20,1783840280,R_75,53723.4382,-1,3.6306000000040513,BACKFILL_AUTO
2026-07-12 07:11:22,1783840282,R_75,53734.0112,1,10.573000000003958,BACKFILL_AUTO
2026-07-12 07:11:24,1783840284,R_75,53738.9641,1,4.952899999996589,BACKFILL_AUTO
2026-07-12 07:11:26,1783840286,R_75,53735.0868,-1,3.8773000000001048,BACKFILL_AUTO
2026-07-12 07:11:28,1783840288,R_75,53734.503,-1,0.5838000000003376,BACKFILL_AUTO
2026-07-12 07:11:30,1783840290,R_75,53731.9322,-1,2.570799999994051,BACKFILL_AUTO
2026-07-12 07:11:32,1783840292,R_75,53729.0739,-1,2.858299999999872,BACKFILL_AUTO
2026-07-12 07:11:34,1783840294,R_75,53739.8547,1,10.780800000000454,BACKFILL_AUTO
2026-07-12 07:11:36,1783840296,R_75,53735.0562,-1,4.798500000004424,BACKFILL_AUTO
2026-07-12 07:11:38,1783840298,R_75,53729.6385,-1,5.417699999998149,BACKFILL_AUTO
2026-07-12 07:11:40,1783840300,R_75,53740.9079,1,11.269399999997404,BACKFILL_AUTO
2026-07-12 07:11:42,1783840302,R_75,53739.5104,-1,1.3974999999991269,BACKFILL_AUTO
2026-07-12 07:11:44,1783840304,R_75,53737.9157,-1,1.5947000000014668,BACKFILL_AUTO
2026-07-12 07:11:46,1783840306,R_75,53735.2334,-1,2.682300000000396,BACKFILL_AUTO
2026-07-12 07:11:48,1783840308,R_75,53736.2901,1,1.0567000000010012,BACKFILL_AUTO
2026-07-12 07:11:50,1783840310,R_75,53716.3983,-1,19.891799999997602,BACKFILL_AUTO
2026-07-12 07:11:52,1783840312,R_75,53738.665,1,22.266700000000128,BACKFILL_AUTO
2026-07-12 07:11:54,1783840314,R_75,53731.1482,-1,7.516799999997602,BACKFILL_AUTO
2026-07-12 07:11:56,1783840316,R_75,53744.9651,1,13.816899999997986,BACKFILL_AUTO
2026-07-12 07:11:58,1783840318,R_75,53741.6696,-1,3.2955000000001746,BACKFILL_AUTO
2026-07-12 07:12:00,1783840320,R_75,53752.2998,1,10.630199999999604,BACKFILL_AUTO
2026-07-12 07:12:02,1783840322,R_75,53766.8878,1,14.5879999999961,BACKFILL_AUTO
2026-07-12 07:12:04,1783840324,R_75,53775.7567,1,8.868900000001304,BACKFILL_AUTO
2026-07-12 07:12:06,1783840326,R_75,53770.1474,-1,5.609299999996438,BACKFILL_AUTO
2026-07-12 07:12:08,1783840328,R_75,53771.0391,1,0.8917000000001281,BACKFILL_AUTO
2026-07-12 07:12:10,1783840330,R_75,53760.14,-1,10.899100000002363,BACKFILL_AUTO
2026-07-12 07:12:12,1783840332,R_75,53764.1066,1,3.966599999999744,BACKFILL_AUTO
2026-07-12 07:12:14,1783840334,R_75,53762.0202,-1,2.0864000000001397,BACKFILL_AUTO
2026-07-12 07:12:16,1783840336,R_75,53758.1196,-1,3.90060000000085,BACKFILL_AUTO
2026-07-12 07:12:18,1783840338,R_75,53762.8,1,4.680400000004738,BACKFILL_AUTO
2026-07-12 07:12:20,1783840340,R_75,53746.7378,-1,16.062200000000303,BACKFILL_AUTO
2026-07-12 07:12:22,1783840342,R_75,53743.4308,-1,3.3070000000006985,BACKFILL_AUTO
2026-07-12 07:12:24,1783840344,R_75,53740.1236,-1,3.307200000002922,BACKFILL_AUTO
2026-07-12 07:12:26,1783840346,R_75,53716.942,-1,23.18159999999625,BACKFILL_AUTO
2026-07-12 07:12:28,1783840348,R_75,53723.2481,1,6.306099999994331,BACKFILL_AUTO
2026-07-12 07:12:30,1783840350,R_75,53737.5113,1,14.263200000001234,BACKFILL_AUTO
2026-07-12 07:12:32,1783840352,R_75,53745.383,1,7.8717000000033295,BACKFILL_AUTO
2026-07-12 07:12:34,1783840354,R_75,53762.1192,1,16.73619999999937,BACKFILL_AUTO
2026-07-12 07:12:36,1783840356,R_75,53760.428,-1,1.6912000000011176,BACKFILL_AUTO
2026-07-12 07:12:38,1783840358,R_75,53723.2451,-1,37.18289999999979,BACKFILL_AUTO
2026-07-12 07:12:40,1783840360,R_75,53725.4805,1,2.235399999997753,BACKFILL_AUTO
2026-07-12 07:12:42,1783840362,R_75,53735.9022,1,10.421699999998964,BACKFILL_AUTO
2026-07-12 07:12:44,1783840364,R_75,53742.8538,1,6.951600000000326,BACKFILL_AUTO
2026-07-12 07:12:46,1783840366,R_75,53760.5114,1,17.657600000005914,BACKFILL_AUTO
2026-07-12 07:12:48,1783840368,R_75,53758.2041,-1,2.307300000000396,BACKFILL_AUTO
2026-07-12 07:12:50,1783840370,R_75,53757.4886,-1,0.7155000000057044,BACKFILL_AUTO
2026-07-12 07:12:52,1783840372,R_75,53768.0112,1,10.522600000003877,BACKFILL_AUTO
2026-07-12 07:12:54,1783840374,R_75,53741.7277,-1,26.28349999999773,BACKFILL_AUTO
2026-07-12 07:12:56,1783840376,R_75,53748.7065,1,6.978799999997136,BACKFILL_AUTO
2026-07-12 07:12:58,1783840378,R_75,53759.7435,1,11.036999999996624,BACKFILL_AUTO
2026-07-12 07:13:00,1783840380,R_75,53764.0779,1,4.334399999999732,BACKFILL_AUTO
2026-07-12 07:13:02,1783840382,R_75,53760.0185,-1,4.059399999998277,BACKFILL_AUTO
2026-07-12 07:13:04,1783840384,R_75,53753.2042,-1,6.814299999998184,BACKFILL_AUTO
2026-07-12 07:13:06,1783840386,R_75,53771.5087,1,18.30449999999837,BACKFILL_AUTO
2026-07-12 07:13:08,1783840388,R_75,53783.9747,1,12.46600000000035,BACKFILL_AUTO
2026-07-12 07:13:10,1783840390,R_75,53784.9273,1,0.9526000000041677,BACKFILL_AUTO
2026-07-12 07:13:12,1783840392,R_75,53789.5573,1,4.629999999997381,BACKFILL_AUTO
2026-07-12 07:13:14,1783840394,R_75,53783.5922,-1,5.965100000001257,BACKFILL_AUTO
2026-07-12 07:13:16,1783840396,R_75,53776.9872,-1,6.6049999999959255,BACKFILL_AUTO
2026-07-12 07:13:18,1783840398,R_75,53779.4158,1,2.4285999999992782,BACKFILL_AUTO
2026-07-12 07:13:20,1783840400,R_75,53788.9182,1,9.502399999997579,BACKFILL_AUTO
2026-07-12 07:13:22,1783840402,R_75,53789.278,1,0.35979999999835854,BACKFILL_AUTO
2026-07-12 07:13:24,1783840404,R_75,53793.606,1,4.328000000001339,BACKFILL_AUTO
2026-07-12 07:13:26,1783840406,R_75,53801.62,1,8.014000000002852,BACKFILL_AUTO
2026-07-12 07:13:28,1783840408,R_75,53780.7528,-1,20.867200000000594,BACKFILL_AUTO
2026-07-12 07:13:30,1783840410,R_75,53787.4622,1,6.709399999999732,BACKFILL_AUTO
2026-07-12 07:13:32,1783840412,R_75,53787.3623,-1,0.09990000000107102,BACKFILL_AUTO
2026-07-12 07:13:34,1783840414,R_75,53784.5168,-1,2.845500000003085,BACKFILL_AUTO
2026-07-12 07:13:36,1783840416,R_75,53786.6342,1,2.1174000000028173,BACKFILL_AUTO
2026-07-12 07:13:38,1783840418,R_75,53784.5486,-1,2.0855999999985215,BACKFILL_AUTO
2026-07-12 07:13:40,1783840420,R_75,53780.9829,-1,3.5656999999991967,BACKFILL_AUTO
2026-07-12 07:13:42,1783840422,R_75,53789.2011,1,8.218199999995704,BACKFILL_AUTO
2026-07-12 07:13:44,1783840424,R_75,53782.8202,-1,6.380899999996473,BACKFILL_AUTO
2026-07-12 07:13:46,1783840426,R_75,53800.1171,1,17.296900000001187,BACKFILL_AUTO
2026-07-12 07:13:48,1783840428,R_75,53804.2827,1,4.165600000000268,BACKFILL_AUTO
2026-07-12 07:13:50,1783840430,R_75,53799.6675,-1,4.615200000000186,BACKFILL_AUTO
2026-07-12 07:13:52,1783840432,R_75,53807.871,1,8.203499999995984,BACKFILL_AUTO
2026-07-12 07:13:54,1783840434,R_75,53821.1548,1,13.283799999997427,BACKFILL_AUTO
2026-07-12 07:13:56,1783840436,R_75,53832.087,1,10.932200000002922,BACKFILL_AUTO
2026-07-12 07:13:58,1783840438,R_75,53835.3414,1,3.254399999997986,BACKFILL_AUTO
2026-07-12 07:14:00,1783840440,R_75,53832.7032,-1,2.638199999993958,BACKFILL_AUTO
2026-07-12 07:14:02,1783840442,R_75,53836.0729,1,3.369699999995646,BACKFILL_AUTO
2026-07-12 07:14:04,1783840444,R_75,53829.5043,-1,6.568599999998696,BACKFILL_AUTO
2026-07-12 07:14:06,1783840446,R_75,53824.7789,-1,4.725400000002992,BACKFILL_AUTO
2026-07-12 07:14:08,1783840448,R_75,53824.3943,-1,0.3845999999975902,BACKFILL_AUTO
2026-07-12 07:14:10,1783840450,R_75,53817.0395,-1,7.354800000000978,BACKFILL_AUTO
2026-07-12 07:14:12,1783840452,R_75,53804.7053,-1,12.334199999997509,BACKFILL_AUTO
2026-07-12 07:14:14,1783840454,R_75,53798.818,-1,5.887300000002142,BACKFILL_AUTO
2026-07-12 07:14:16,1783840456,R_75,53794.6212,-1,4.196799999997893,BACKFILL_AUTO
2026-07-12 07:14:18,1783840458,R_75,53811.3911,1,16.769899999999325,BACKFILL_AUTO
2026-07-12 07:14:20,1783840460,R_75,53800.8246,-1,10.566500000000815,BACKFILL_AUTO
2026-07-12 07:14:22,1783840462,R_75,53802.6049,1,1.7802999999985332,BACKFILL_AUTO
2026-07-12 07:14:24,1783840464,R_75,53790.6336,-1,11.971299999997427,BACKFILL_AUTO
2026-07-12 07:14:26,1783840466,R_75,53779.1823,-1,11.451300000000629,BACKFILL_AUTO
2026-07-12 07:14:28,1783840468,R_75,53791.343,1,12.16070000000036,BACKFILL_AUTO
2026-07-12 07:14:30,1783840470,R_75,53801.2025,1,9.859499999998661,BACKFILL_AUTO
2026-07-12 07:14:32,1783840472,R_75,53809.2063,1,8.003799999998591,BACKFILL_AUTO
2026-07-12 07:14:34,1783840474,R_75,53821.2666,1,12.060300000004645,BACKFILL_AUTO
2026-07-12 07:14:36,1783840476,R_75,53815.4495,-1,5.8171000000002095,BACKFILL_AUTO
2026-07-12 07:14:38,1783840478,R_75,53818.4188,1,2.9692999999970198,BACKFILL_AUTO
2026-07-12 07:14:40,1783840480,R_75,53835.9289,1,17.51009999999951,BACKFILL_AUTO
2026-07-12 07:14:42,1783840482,R_75,53840.3298,1,4.400900000000547,BACKFILL_AUTO
2026-07-12 07:14:44,1783840484,R_75,53848.3822,1,8.052400000000489,BACKFILL_AUTO
2026-07-12 07:14:46,1783840486,R_75,53832.6919,-1,15.690300000002026,BACKFILL_AUTO
2026-07-12 07:14:48,1783840488,R_75,53844.9671,1,12.275200000003679,BACKFILL_AUTO
2026-07-12 07:14:50,1783840490,R_75,53841.7602,-1,3.20690000000468,BACKFILL_AUTO
2026-07-12 07:14:52,1783840492,R_75,53835.8429,-1,5.917299999993702,BACKFILL_AUTO
2026-07-12 07:14:54,1783840494,R_75,53825.7434,-1,10.0995000000039,BACKFILL_AUTO
2026-07-12 07:14:56,1783840496,R_75,53819.3294,-1,6.413999999997031,BACKFILL_AUTO
2026-07-12 07:14:58,1783840498,R_75,53807.8814,-1,11.448000000003958,BACKFILL_AUTO
2026-07-12 07:15:00,1783840500,R_75,53812.5602,1,4.678800000001502,BACKFILL_AUTO
2026-07-12 07:15:02,1783840502,R_75,53816.5421,1,3.981899999998859,BACKFILL_AUTO
2026-07-12 07:15:04,1783840504,R_75,53814.6315,-1,1.9105999999956111,BACKFILL_AUTO
2026-07-12 07:15:06,1783840506,R_75,53821.0863,1,6.454799999999523,BACKFILL_AUTO
2026-07-12 07:15:08,1783840508,R_75,53833.281,1,12.194700000000012,BACKFILL_AUTO
2026-07-12 07:15:10,1783840510,R_75,53825.3539,-1,7.927100000000792,BACKFILL_AUTO
2026-07-12 07:15:12,1783840512,R_75,53834.9082,1,9.554299999996147,BACKFILL_AUTO
2026-07-12 07:15:14,1783840514,R_75,53841.5065,1,6.598300000005111,BACKFILL_AUTO
2026-07-12 07:15:16,1783840516,R_75,53837.4233,-1,4.083200000000943,BACKFILL_AUTO
2026-07-12 07:15:18,1783840518,R_75,53845.2956,1,7.872299999995448,BACKFILL_AUTO
2026-07-12 07:15:20,1783840520,R_75,53859.9072,1,14.611600000003818,BACKFILL_AUTO
2026-07-12 07:15:22,1783840522,R_75,53831.8064,-1,28.100800000000163,BACKFILL_AUTO
2026-07-12 07:15:24,1783840524,R_75,53812.6358,-1,19.170600000004924,BACKFILL_AUTO
2026-07-12 07:15:26,1783840526,R_75,53803.1587,-1,9.477099999996426,BACKFILL_AUTO
2026-07-12 07:15:28,1783840528,R_75,53796.7203,-1,6.438399999999092,BACKFILL_AUTO
2026-07-12 07:15:30,1783840530,R_75,53784.1241,-1,12.596199999999953,BACKFILL_AUTO
2026-07-12 07:15:32,1783840532,R_75,53765.1255,-1,18.998599999998987,BACKFILL_AUTO
2026-07-12 07:15:34,1783840534,R_75,53772.1287,1,7.003199999999197,BACKFILL_AUTO
2026-07-12 07:15:36,1783840536,R_75,53778.1518,1,6.0230999999985215,BACKFILL_AUTO
2026-07-12 07:15:38,1783840538,R_75,53791.568,1,13.416199999999662,BACKFILL_AUTO
2026-07-12 07:15:40,1783840540,R_75,53780.1203,-1,11.447699999996985,BACKFILL_AUTO
2026-07-12 07:15:42,1783840542,R_75,53774.8394,-1,5.280900000005204,BACKFILL_AUTO
2026-07-12 07:15:44,1783840544,R_75,53784.9204,1,10.081000000005588,BACKFILL_AUTO
2026-07-12 07:15:46,1783840546,R_75,53776.58,-1,8.340400000000955,BACKFILL_AUTO
2026-07-12 07:15:48,1783840548,R_75,53777.987,1,1.4069999999992433,BACKFILL_AUTO
2026-07-12 07:15:50,1783840550,R_75,53767.854,-1,10.13300000000163,BACKFILL_AUTO
2026-07-12 07:15:52,1783840552,R_75,53763.3508,-1,4.503199999999197,BACKFILL_AUTO
2026-07-12 07:15:54,1783840554,R_75,53766.4791,1,3.1282999999966705,BACKFILL_AUTO
2026-07-12 07:15:56,1783840556,R_75,53763.2484,-1,3.23070000000007,BACKFILL_AUTO
2026-07-12 07:15:58,1783840558,R_75,53776.6727,1,13.424300000006042,BACKFILL_AUTO
2026-07-12 07:16:00,1783840560,R_75,53757.2388,-1,19.433900000003632,BACKFILL_AUTO
2026-07-12 07:16:02,1783840562,R_75,53741.3186,-1,15.920200000000477,BACKFILL_AUTO
2026-07-12 07:16:04,1783840564,R_75,53748.7965,1,7.477899999998044,BACKFILL_AUTO
2026-07-12 07:16:06,1783840566,R_75,53742.4395,-1,6.356999999996333,BACKFILL_AUTO
2026-07-12 07:16:08,1783840568,R_75,53746.7523,1,4.312799999999697,BACKFILL_AUTO
2026-07-12 07:16:10,1783840570,R_75,53742.9902,-1,3.7620999999999185,BACKFILL_AUTO
2026-07-12 07:16:12,1783840572,R_75,53743.7485,1,0.7583000000013271,BACKFILL_AUTO
2026-07-12 07:16:14,1783840574,R_75,53744.8296,1,1.0810999999957858,BACKFILL_AUTO
2026-07-12 07:16:16,1783840576,R_75,53738.0982,-1,6.731399999996938,BACKFILL_AUTO
2026-07-12 07:16:18,1783840578,R_75,53718.7506,-1,19.347600000000966,BACKFILL_AUTO
2026-07-12 07:16:20,1783840580,R_75,53729.9468,1,11.196199999998498,BACKFILL_AUTO
2026-07-12 07:16:22,1783840582,R_75,53722.8567,-1,7.090100000001257,BACKFILL_AUTO
2026-07-12 07:16:24,1783840584,R_75,53735.1408,1,12.2841000000044,BACKFILL_AUTO
2026-07-12 07:16:26,1783840586,R_75,53738.7459,1,3.605100000000675,BACKFILL_AUTO
2026-07-12 07:16:28,1783840588,R_75,53731.8864,-1,6.859499999998661,BACKFILL_AUTO
2026-07-12 07:16:30,1783840590,R_75,53735.2656,1,3.3791999999957625,BACKFILL_AUTO
2026-07-12 07:16:32,1783840592,R_75,53726.5275,-1,8.738100000002305,BACKFILL_AUTO
2026-07-12 07:16:34,1783840594,R_75,53719.5161,-1,7.011399999995774,BACKFILL_AUTO
2026-07-12 07:16:36,1783840596,R_75,53722.6788,1,3.1627000000007683,BACKFILL_AUTO
2026-07-12 07:16:38,1783840598,R_75,53710.0473,-1,12.631500000003143,BACKFILL_AUTO
2026-07-12 07:16:40,1783840600,R_75,53698.4003,-1,11.646999999997206,BACKFILL_AUTO
2026-07-12 07:16:42,1783840602,R_75,53699.3099,1,0.9095999999990454,BACKFILL_AUTO
2026-07-12 07:16:44,1783840604,R_75,53702.2155,1,2.9055999999982305,BACKFILL_AUTO
2026-07-12 07:16:46,1783840606,R_75,53706.867,1,4.651499999999942,BACKFILL_AUTO
2026-07-12 07:16:48,1783840608,R_75,53708.9109,1,2.0439000000042142,BACKFILL_AUTO
2026-07-12 07:16:50,1783840610,R_75,53712.627,1,3.716099999997823,BACKFILL_AUTO
2026-07-12 07:16:52,1783840612,R_75,53706.7288,-1,5.898200000003271,BACKFILL_AUTO
2026-07-12 07:16:54,1783840614,R_75,53698.1817,-1,8.547099999996135,BACKFILL_AUTO
2026-07-12 07:16:56,1783840616,R_75,53702.7859,1,4.604200000001583,BACKFILL_AUTO
2026-07-12 07:16:58,1783840618,R_75,53703.6354,1,0.849499999996624,BACKFILL_AUTO
2026-07-12 07:17:00,1783840620,R_75,53696.0913,-1,7.544099999999162,BACKFILL_AUTO
2026-07-12 07:17:02,1783840622,R_75,53678.6616,-1,17.429700000000594,BACKFILL_AUTO
2026-07-12 07:17:04,1783840624,R_75,53669.6287,-1,9.032899999998335,BACKFILL_AUTO
2026-07-12 07:17:06,1783840626,R_75,53683.4369,1,13.808199999999488,BACKFILL_AUTO
2026-07-12 07:17:08,1783840628,R_75,53672.0189,-1,11.417999999997846,BACKFILL_AUTO
2026-07-12 07:17:10,1783840630,R_75,53685.1562,1,13.137299999994866,BACKFILL_AUTO
2026-07-12 07:17:12,1783840632,R_75,53686.7997,1,1.643500000005588,BACKFILL_AUTO
2026-07-12 07:17:14,1783840634,R_75,53681.5344,-1,5.265300000006391,BACKFILL_AUTO
2026-07-12 07:17:16,1783840636,R_75,53692.3434,1,10.809000000001106,BACKFILL_AUTO
2026-07-12 07:17:18,1783840638,R_75,53701.8178,1,9.47439999999915,BACKFILL_AUTO
2026-07-12 07:17:20,1783840640,R_75,53703.3478,1,1.5300000000061118,BACKFILL_AUTO
2026-07-12 07:17:22,1783840642,R_75,53689.7872,-1,13.560600000004342,BACKFILL_AUTO
2026-07-12 07:17:24,1783840644,R_75,53689.8447,1,0.057500000002619345,BACKFILL_AUTO
2026-07-12 07:17:26,1783840646,R_75,53676.9182,-1,12.926500000001397,BACKFILL_AUTO
2026-07-12 07:17:28,1783840648,R_75,53676.775,-1,0.14319999999861466,BACKFILL_AUTO
2026-07-12 07:17:30,1783840650,R_75,53676.735,-1,0.040000000000873115,BACKFILL_AUTO
2026-07-12 07:17:32,1783840652,R_75,53679.3025,1,2.5674999999973807,BACKFILL_AUTO
2026-07-12 07:17:34,1783840654,R_75,53671.9855,-1,7.31699999999546,BACKFILL_AUTO
2026-07-12 07:17:36,1783840656,R_75,53671.2189,-1,0.7666000000026543,BACKFILL_AUTO
2026-07-12 07:17:38,1783840658,R_75,53667.7069,-1,3.5120000000024447,BACKFILL_AUTO
2026-07-12 07:17:40,1783840660,R_75,53661.0189,-1,6.687999999994645,BACKFILL_AUTO
2026-07-12 07:17:42,1783840662,R_75,53673.6341,1,12.615200000000186,BACKFILL_AUTO
2026-07-12 07:17:44,1783840664,R_75,53649.4661,-1,24.168000000005122,BACKFILL_AUTO
2026-07-12 07:17:46,1783840666,R_75,53639.3237,-1,10.142399999996996,BACKFILL_AUTO
2026-07-12 07:17:48,1783840668,R_75,53619.8872,-1,19.436500000003434,BACKFILL_AUTO
2026-07-12 07:17:50,1783840670,R_75,53606.1192,-1,13.767999999996391,BACKFILL_AUTO
2026-07-12 07:17:52,1783840672,R_75,53602.1907,-1,3.9285000000018044,BACKFILL_AUTO
2026-07-12 07:17:54,1783840674,R_75,53589.1902,-1,13.00050000000192,BACKFILL_AUTO
2026-07-12 07:17:56,1783840676,R_75,53584.4429,-1,4.747299999995448,BACKFILL_AUTO
2026-07-12 07:17:58,1783840678,R_75,53596.0146,1,11.571700000000419,BACKFILL_AUTO
2026-07-12 07:18:00,1783840680,R_75,53604.4048,1,8.390199999994365,BACKFILL_AUTO
2026-07-12 07:18:02,1783840682,R_75,53608.0124,1,3.6076000000030035,BACKFILL_AUTO
2026-07-12 07:18:04,1783840684,R_75,53611.72,1,3.7076000000015483,BACKFILL_AUTO
2026-07-12 07:18:06,1783840686,R_75,53612.8283,1,1.108299999999872,BACKFILL_AUTO
2026-07-12 07:18:08,1783840688,R_75,53604.8437,-1,7.984600000003411,BACKFILL_AUTO
2026-07-12 07:18:10,1783840690,R_75,53614.5878,1,9.744100000003527,BACKFILL_AUTO
2026-07-12 07:18:12,1783840692,R_75,53609.1902,-1,5.397600000003877,BACKFILL_AUTO
2026-07-12 07:18:14,1783840694,R_75,53614.8958,1,5.705600000001141,BACKFILL_AUTO
2026-07-12 07:18:16,1783840696,R_75,53601.3588,-1,13.536999999996624,BACKFILL_AUTO
2026-07-12 07:18:18,1783840698,R_75,53600.004,-1,1.3548000000009779,BACKFILL_AUTO
2026-07-12 07:18:20,1783840700,R_75,53606.1401,1,6.136099999996077,BACKFILL_AUTO
2026-07-12 07:18:22,1783840702,R_75,53614.6458,1,8.505700000001525,BACKFILL_AUTO
2026-07-12 07:18:24,1783840704,R_75,53614.2302,-1,0.41560000000026776,BACKFILL_AUTO
2026-07-12 07:18:26,1783840706,R_75,53611.572,-1,2.6581999999980326,BACKFILL_AUTO
2026-07-12 07:18:28,1783840708,R_75,53613.4251,1,1.8531000000002678,BACKFILL_AUTO
2026-07-12 07:18:30,1783840710,R_75,53620.1928,1,6.767699999996694,BACKFILL_AUTO
2026-07-12 07:18:32,1783840712,R_75,53599.6822,-1,20.510599999994156,BACKFILL_AUTO
2026-07-12 07:18:34,1783840714,R_75,53597.4901,-1,2.1921000000002095,BACKFILL_AUTO
2026-07-12 07:18:36,1783840716,R_75,53612.1864,1,14.696299999995972,BACKFILL_AUTO
2026-07-12 07:18:38,1783840718,R_75,53619.1127,1,6.9262999999991735,BACKFILL_AUTO
2026-07-12 07:18:40,1783840720,R_75,53612.0462,-1,7.066500000000815,BACKFILL_AUTO
2026-07-12 07:18:42,1783840722,R_75,53609.7331,-1,2.3130999999993946,BACKFILL_AUTO
2026-07-12 07:18:44,1783840724,R_75,53615.7158,1,5.982700000000477,BACKFILL_AUTO
2026-07-12 07:18:46,1783840726,R_75,53623.7742,1,8.058400000001711,BACKFILL_AUTO
2026-07-12 07:18:48,1783840728,R_75,53623.5607,-1,0.21349999999802094,BACKFILL_AUTO
2026-07-12 07:18:50,1783840730,R_75,53624.6377,1,1.076999999997497,BACKFILL_AUTO
2026-07-12 07:18:52,1783840732,R_75,53624.663,1,0.02530000000115251,BACKFILL_AUTO
2026-07-12 07:18:54,1783840734,R_75,53617.0064,-1,7.656600000002072,BACKFILL_AUTO
2026-07-12 07:18:56,1783840736,R_75,53601.7728,-1,15.23359999999957,BACKFILL_AUTO
2026-07-12 07:18:58,1783840738,R_75,53597.9749,-1,3.797899999997753,BACKFILL_AUTO
2026-07-12 07:19:00,1783840740,R_75,53579.4238,-1,18.551100000004226,BACKFILL_AUTO
2026-07-12 07:19:02,1783840742,R_75,53587.2838,1,7.860000000000582,BACKFILL_AUTO
2026-07-12 07:19:04,1783840744,R_75,53567.5594,-1,19.72439999999915,BACKFILL_AUTO
2026-07-12 07:19:06,1783840746,R_75,53542.2822,-1,25.27719999999681,BACKFILL_AUTO
2026-07-12 07:19:08,1783840748,R_75,53547.7844,1,5.502199999995355,BACKFILL_AUTO
2026-07-12 07:19:10,1783840750,R_75,53531.9037,-1,15.880699999994249,BACKFILL_AUTO
2026-07-12 07:19:12,1783840752,R_75,53543.1599,1,11.25619999999617,BACKFILL_AUTO
2026-07-12 07:19:14,1783840754,R_75,53543.3818,1,0.22190000000409782,BACKFILL_AUTO
2026-07-12 07:19:16,1783840756,R_75,53545.6629,1,2.2811000000001513,BACKFILL_AUTO
2026-07-12 07:19:18,1783840758,R_75,53545.7478,1,0.08489999999437714,BACKFILL_AUTO
2026-07-12 07:19:20,1783840760,R_75,53556.5936,1,10.845800000002782,BACKFILL_AUTO
2026-07-12 07:19:22,1783840762,R_75,53558.8681,1,2.2744999999995343,BACKFILL_AUTO
2026-07-12 07:19:24,1783840764,R_75,53559.0934,1,0.22529999999824213,BACKFILL_AUTO
2026-07-12 07:19:26,1783840766,R_75,53558.3168,-1,0.7765999999974156,BACKFILL_AUTO
2026-07-12 07:19:28,1783840768,R_75,53560.3493,1,2.032500000001164,BACKFILL_AUTO
2026-07-12 07:19:30,1783840770,R_75,53558.9888,-1,1.360500000002503,BACKFILL_AUTO
2026-07-12 07:19:32,1783840772,R_75,53542.0018,-1,16.98700000000099,BACKFILL_AUTO
2026-07-12 07:19:34,1783840774,R_75,53528.8257,-1,13.17609999999695,BACKFILL_AUTO
2026-07-12 07:19:36,1783840776,R_75,53531.5768,1,2.7511000000013155,BACKFILL_AUTO
2026-07-12 07:19:38,1783840778,R_75,53522.6177,-1,8.959100000000035,BACKFILL_AUTO
2026-07-12 07:19:40,1783840780,R_75,53525.8492,1,3.231499999994412,BACKFILL_AUTO
2026-07-12 07:19:42,1783840782,R_75,53527.2922,1,1.4430000000065775,BACKFILL_AUTO
2026-07-12 07:19:44,1783840784,R_75,53510.7666,-1,16.52560000000085,BACKFILL_AUTO
2026-07-12 07:19:46,1783840786,R_75,53528.5621,1,17.795500000000175,BACKFILL_AUTO
2026-07-12 07:19:48,1783840788,R_75,53541.0279,1,12.465799999998126,BACKFILL_AUTO
2026-07-12 07:19:50,1783840790,R_75,53538.3168,-1,2.7111000000004424,BACKFILL_AUTO
2026-07-12 07:19:52,1783840792,R_75,53540.0899,1,1.7730999999985215,BACKFILL_AUTO
2026-07-12 07:19:54,1783840794,R_75,53525.0392,-1,15.050699999999779,BACKFILL_AUTO
2026-07-12 07:19:56,1783840796,R_75,53542.6032,1,17.563999999998487,BACKFILL_AUTO
2026-07-12 07:19:58,1783840798,R_75,53530.1103,-1,12.492899999997462,BACKFILL_AUTO
2026-07-12 07:20:00,1783840800,R_75,53537.3241,1,7.213799999997718,BACKFILL_AUTO
2026-07-12 07:20:02,1783840802,R_75,53536.5365,-1,0.7875999999960186,BACKFILL_AUTO
2026-07-12 07:20:04,1783840804,R_75,53537.774,1,1.2374999999956344,BACKFILL_AUTO
2026-07-12 07:20:06,1783840806,R_75,53536.3987,-1,1.3752999999996973,BACKFILL_AUTO
2026-07-12 07:20:08,1783840808,R_75,53531.0971,-1,5.301599999998871,BACKFILL_AUTO
2026-07-12 07:20:10,1783840810,R_75,53521.9921,-1,9.104999999995925,BACKFILL_AUTO
2026-07-12 07:20:12,1783840812,R_75,53516.5885,-1,5.403600000005099,BACKFILL_AUTO
2026-07-12 07:20:14,1783840814,R_75,53533.2387,1,16.65020000000368,BACKFILL_AUTO
2026-07-12 07:20:16,1783840816,R_75,53539.7106,1,6.471899999996822,BACKFILL_AUTO
2026-07-12 07:20:18,1783840818,R_75,53538.4211,-1,1.2894999999989523,BACKFILL_AUTO
2026-07-12 07:20:20,1783840820,R_75,53530.6047,-1,7.816399999996065,BACKFILL_AUTO
2026-07-12 07:20:22,1783840822,R_75,53534.8132,1,4.208499999993364,BACKFILL_AUTO
2026-07-12 07:20:24,1783840824,R_75,53540.424,1,5.6108000000022,BACKFILL_AUTO
2026-07-12 07:20:26,1783840826,R_75,53511.3744,-1,29.049599999998463,BACKFILL_AUTO
2026-07-12 07:20:28,1783840828,R_75,53499.6807,-1,11.693700000003446,BACKFILL_AUTO
2026-07-12 07:20:30,1783840830,R_75,53516.1634,1,16.482700000000477,BACKFILL_AUTO
2026-07-12 07:20:32,1783840832,R_75,53500.6622,-1,15.50119999999879,BACKFILL_AUTO
2026-07-12 07:20:34,1783840834,R_75,53503.3684,1,2.7062000000005355,BACKFILL_AUTO
2026-07-12 07:20:36,1783840836,R_75,53498.9546,-1,4.413800000002084,BACKFILL_AUTO
2026-07-12 07:20:38,1783840838,R_75,53493.2984,-1,5.656199999997625,BACKFILL_AUTO
2026-07-12 07:20:40,1783840840,R_75,53506.1089,1,12.810499999999593,BACKFILL_AUTO
2026-07-12 07:20:42,1783840842,R_75,53494.7349,-1,11.373999999996158,BACKFILL_AUTO
2026-07-12 07:20:44,1783840844,R_75,53506.4362,1,11.701299999993353,BACKFILL_AUTO
2026-07-12 07:20:46,1783840846,R_75,53507.8238,1,1.3876000000018394,BACKFILL_AUTO
2026-07-12 07:20:48,1783840848,R_75,53500.4054,-1,7.418399999995017,BACKFILL_AUTO
2026-07-12 07:20:50,1783840850,R_75,53501.8338,1,1.4283999999970547,BACKFILL_AUTO
2026-07-12 07:20:52,1783840852,R_75,53503.6641,1,1.8303000000014435,BACKFILL_AUTO
2026-07-12 07:20:54,1783840854,R_75,53509.6722,1,6.008099999999104,BACKFILL_AUTO
2026-07-12 07:20:56,1783840856,R_75,53504.8654,-1,4.806799999998475,BACKFILL_AUTO
2026-07-12 07:20:58,1783840858,R_75,53504.9177,1,0.0522999999957392,BACKFILL_AUTO
2026-07-12 07:21:00,1783840860,R_75,53503.2566,-1,1.661099999997532,BACKFILL_AUTO
2026-07-12 07:21:02,1783840862,R_75,53499.7863,-1,3.4703000000008615,BACKFILL_AUTO
2026-07-12 07:21:04,1783840864,R_75,53510.6607,1,10.874400000000605,BACKFILL_AUTO
2026-07-12 07:21:06,1783840866,R_75,53517.8029,1,7.142200000002049,BACKFILL_AUTO
2026-07-12 07:21:08,1783840868,R_75,53519.4105,1,1.6075999999957276,BACKFILL_AUTO
2026-07-12 07:21:10,1783840870,R_75,53524.7618,1,5.351300000002084,BACKFILL_AUTO
2026-07-12 07:21:12,1783840872,R_75,53522.5749,-1,2.1869000000006054,BACKFILL_AUTO
2026-07-12 07:21:14,1783840874,R_75,53519.2628,-1,3.312100000002829,BACKFILL_AUTO
2026-07-12 07:21:16,1783840876,R_75,53520.7058,1,1.4430000000065775,BACKFILL_AUTO
2026-07-12 07:21:18,1783840878,R_75,53517.305,-1,3.4008000000030734,BACKFILL_AUTO
2026-07-12 07:21:20,1783840880,R_75,53509.8761,-1,7.4288999999989755,BACKFILL_AUTO
2026-07-12 07:21:22,1783840882,R_75,53488.0108,-1,21.865300000004936,BACKFILL_AUTO
2026-07-12 07:21:24,1783840884,R_75,53486.9017,-1,1.1090999999942142,BACKFILL_AUTO
2026-07-12 07:21:26,1783840886,R_75,53481.5325,-1,5.369200000001001,BACKFILL_AUTO
2026-07-12 07:21:28,1783840888,R_75,53486.5139,1,4.981399999996938,BACKFILL_AUTO
2026-07-12 07:21:30,1783840890,R_75,53504.8569,1,18.343000000000757,BACKFILL_AUTO
2026-07-12 07:21:32,1783840892,R_75,53499.8669,-1,4.989999999997963,BACKFILL_AUTO
2026-07-12 07:21:34,1783840894,R_75,53497.3944,-1,2.4725000000034925,BACKFILL_AUTO
2026-07-12 07:21:36,1783840896,R_75,53502.1863,1,4.791900000003807,BACKFILL_AUTO
2026-07-12 07:21:38,1783840898,R_75,53509.2891,1,7.10280000000057,BACKFILL_AUTO
2026-07-12 07:21:40,1783840900,R_75,53493.4581,-1,15.830999999998312,BACKFILL_AUTO
2026-07-12 07:21:42,1783840902,R_75,53510.4124,1,16.954299999997602,BACKFILL_AUTO
2026-07-12 07:21:44,1783840904,R_75,53502.7803,-1,7.632100000002538,BACKFILL_AUTO
2026-07-12 07:21:46,1783840906,R_75,53511.062,1,8.281699999999546,BACKFILL_AUTO
2026-07-12 07:21:48,1783840908,R_75,53509.1952,-1,1.8667999999961467,BACKFILL_AUTO
2026-07-12 07:21:50,1783840910,R_75,53516.187,1,6.991799999996147,BACKFILL_AUTO
2026-07-12 07:21:52,1783840912,R_75,53504.5955,-1,11.591499999994994,BACKFILL_AUTO
2026-07-12 07:21:54,1783840914,R_75,53508.6984,1,4.102899999998044,BACKFILL_AUTO
2026-07-12 07:21:56,1783840916,R_75,53515.5668,1,6.868399999999383,BACKFILL_AUTO
2026-07-12 07:21:58,1783840918,R_75,53522.8179,1,7.2511000000013155,BACKFILL_AUTO
2026-07-12 07:22:00,1783840920,R_75,53525.9207,1,3.1028000000005704,BACKFILL_AUTO
2026-07-12 07:22:02,1783840922,R_75,53550.451,1,24.530299999998533,BACKFILL_AUTO
2026-07-12 07:22:04,1783840924,R_75,53541.2787,-1,9.172299999998359,BACKFILL_AUTO
2026-07-12 07:22:06,1783840926,R_75,53518.5482,-1,22.730500000005122,BACKFILL_AUTO
2026-07-12 07:22:08,1783840928,R_75,53518.9935,1,0.4452999999994063,BACKFILL_AUTO
2026-07-12 07:22:10,1783840930,R_75,53530.5892,1,11.595700000005309,BACKFILL_AUTO
2026-07-12 07:22:12,1783840932,R_75,53529.475,-1,1.1142000000036205,BACKFILL_AUTO
2026-07-12 07:22:14,1783840934,R_75,53526.9676,-1,2.507399999994959,BACKFILL_AUTO
2026-07-12 07:22:16,1783840936,R_75,53527.4829,1,0.5152999999991152,BACKFILL_AUTO
2026-07-12 07:22:18,1783840938,R_75,53541.7196,1,14.236699999994016,BACKFILL_AUTO
2026-07-12 07:22:20,1783840940,R_75,53531.215,-1,10.50460000000021,BACKFILL_AUTO
2026-07-12 07:22:22,1783840942,R_75,53532.943,1,1.728000000002794,BACKFILL_AUTO
2026-07-12 07:22:24,1783840944,R_75,53543.5041,1,10.561099999998987,BACKFILL_AUTO
2026-07-12 07:22:26,1783840946,R_75,53539.4479,-1,4.05619999999908,BACKFILL_AUTO
2026-07-12 07:22:28,1783840948,R_75,53528.9724,-1,10.475500000000466,BACKFILL_AUTO
2026-07-12 07:22:30,1783840950,R_75,53527.0528,-1,1.9196000000010827,BACKFILL_AUTO
2026-07-12 07:22:32,1783840952,R_75,53513.4762,-1,13.576600000000326,BACKFILL_AUTO
2026-07-12 07:22:34,1783840954,R_75,53525.9225,1,12.446300000003248,BACKFILL_AUTO
2026-07-12 07:22:36,1783840956,R_75,53534.2315,1,8.309000000001106,BACKFILL_AUTO
2026-07-12 07:22:38,1783840958,R_75,53550.7375,1,16.506000000001222,BACKFILL_AUTO
2026-07-12 07:22:40,1783840960,R_75,53537.843,-1,12.894500000002154,BACKFILL_AUTO
2026-07-12 07:22:42,1783840962,R_75,53530.1999,-1,7.643100000001141,BACKFILL_AUTO
2026-07-12 07:22:44,1783840964,R_75,53539.1163,1,8.916400000001886,BACKFILL_AUTO
2026-07-12 07:22:46,1783840966,R_75,53534.9154,-1,4.2009000000034575,BACKFILL_AUTO
2026-07-12 07:22:48,1783840968,R_75,53522.5165,-1,12.39890000000014,BACKFILL_AUTO
2026-07-12 07:22:50,1783840970,R_75,53518.3954,-1,4.121099999996659,BACKFILL_AUTO
2026-07-12 07:22:52,1783840972,R_75,53510.2401,-1,8.155299999998533,BACKFILL_AUTO
2026-07-12 07:22:54,1783840974,R_75,53512.2807,1,2.0406000000002678,BACKFILL_AUTO
2026-07-12 07:22:56,1783840976,R_75,53510.9003,-1,1.3804000000018277,BACKFILL_AUTO
2026-07-12 07:22:58,1783840978,R_75,53500.8026,-1,10.09769999999844,BACKFILL_AUTO
2026-07-12 07:23:00,1783840980,R_75,53493.5061,-1,7.296500000004016,BACKFILL_AUTO
2026-07-12 07:23:02,1783840982,R_75,53489.2314,-1,4.274700000001758,BACKFILL_AUTO
2026-07-12 07:23:04,1783840984,R_75,53483.4292,-1,5.802199999998265,BACKFILL_AUTO
2026-07-12 07:23:06,1783840986,R_75,53480.7637,-1,2.665499999995518,BACKFILL_AUTO
2026-07-12 07:23:08,1783840988,R_75,53491.5957,1,10.831999999994878,BACKFILL_AUTO
2026-07-12 07:23:10,1783840990,R_75,53497.3826,1,5.78689999999915,BACKFILL_AUTO
2026-07-12 07:23:12,1783840992,R_75,53497.7679,1,0.3853000000017346,BACKFILL_AUTO
2026-07-12 07:23:14,1783840994,R_75,53505.3109,1,7.542999999997846,BACKFILL_AUTO
2026-07-12 07:23:16,1783840996,R_75,53511.603,1,6.29210000000603,BACKFILL_AUTO
2026-07-12 07:23:18,1783840998,R_75,53504.3592,-1,7.24380000000383,BACKFILL_AUTO
2026-07-12 07:23:20,1783841000,R_75,53502.1596,-1,2.1995999999999185,BACKFILL_AUTO
2026-07-12 07:23:22,1783841002,R_75,53475.8902,-1,26.269399999997404,BACKFILL_AUTO
2026-07-12 07:23:24,1783841004,R_75,53497.7308,1,21.840599999995902,BACKFILL_AUTO
2026-07-12 07:23:26,1783841006,R_75,53495.9585,-1,1.7722999999969034,BACKFILL_AUTO
2026-07-12 07:23:28,1783841008,R_75,53475.6014,-1,20.357100000001083,BACKFILL_AUTO
2026-07-12 07:23:30,1783841010,R_75,53466.7268,-1,8.874600000002829,BACKFILL_AUTO
2026-07-12 07:23:32,1783841012,R_75,53470.254,1,3.527200000004086,BACKFILL_AUTO
2026-07-12 07:23:34,1783841014,R_75,53475.3743,1,5.120300000002317,BACKFILL_AUTO
2026-07-12 07:23:36,1783841016,R_75,53469.4404,-1,5.933900000003632,BACKFILL_AUTO
2026-07-12 07:23:38,1783841018,R_75,53459.4444,-1,9.995999999999185,BACKFILL_AUTO
2026-07-12 07:23:40,1783841020,R_75,53464.5407,1,5.096299999997427,BACKFILL_AUTO
2026-07-12 07:23:42,1783841022,R_75,53463.7158,-1,0.8248999999996158,BACKFILL_AUTO
2026-07-12 07:23:44,1783841024,R_75,53466.3288,1,2.6130000000048312,BACKFILL_AUTO
2026-07-12 07:23:46,1783841026,R_75,53445.6762,-1,20.652600000001257,BACKFILL_AUTO
2026-07-12 07:23:48,1783841028,R_75,53438.2447,-1,7.431499999998778,BACKFILL_AUTO
2026-07-12 07:23:50,1783841030,R_75,53446.6871,1,8.442399999999907,BACKFILL_AUTO
2026-07-12 07:23:52,1783841032,R_75,53447.2284,1,0.5412999999971362,BACKFILL_AUTO
2026-07-12 07:23:54,1783841034,R_75,53447.8043,1,0.5759000000034575,BACKFILL_AUTO
2026-07-12 07:23:56,1783841036,R_75,53439.4482,-1,8.356100000004517,BACKFILL_AUTO
2026-07-12 07:23:58,1783841038,R_75,53431.9452,-1,7.502999999996973,BACKFILL_AUTO
2026-07-12 07:24:00,1783841040,R_75,53430.2788,-1,1.666400000001886,BACKFILL_AUTO
2026-07-12 07:24:02,1783841042,R_75,53426.8447,-1,3.4340999999985797,BACKFILL_AUTO
2026-07-12 07:24:04,1783841044,R_75,53421.2021,-1,5.64259999999922,BACKFILL_AUTO
2026-07-12 07:24:06,1783841046,R_75,53411.2672,-1,9.934900000000198,BACKFILL_AUTO
2026-07-12 07:24:08,1783841048,R_75,53423.2395,1,11.972300000001269,BACKFILL_AUTO
2026-07-12 07:24:10,1783841050,R_75,53411.5664,-1,11.673099999999977,BACKFILL_AUTO
2026-07-12 07:24:12,1783841052,R_75,53402.1825,-1,9.383900000000722,BACKFILL_AUTO
2026-07-12 07:24:14,1783841054,R_75,53407.2384,1,5.055899999999383,BACKFILL_AUTO
2026-07-12 07:24:16,1783841056,R_75,53400.4815,-1,6.756900000000314,BACKFILL_AUTO
2026-07-12 07:24:18,1783841058,R_75,53408.9582,1,8.476699999999255,BACKFILL_AUTO
2026-07-12 07:24:20,1783841060,R_75,53412.4197,1,3.4614999999976135,BACKFILL_AUTO
2026-07-12 07:24:22,1783841062,R_75,53407.2228,-1,5.196899999995367,BACKFILL_AUTO
2026-07-12 07:24:24,1783841064,R_75,53405.4251,-1,1.7977000000028056,BACKFILL_AUTO
2026-07-12 07:24:26,1783841066,R_75,53404.859,-1,0.5661000000036438,BACKFILL_AUTO
2026-07-12 07:24:28,1783841068,R_75,53417.4465,1,12.587500000001455,BACKFILL_AUTO
2026-07-12 07:24:30,1783841070,R_75,53416.4119,-1,1.0345999999990454,BACKFILL_AUTO
2026-07-12 07:24:32,1783841072,R_75,53427.6145,1,11.202600000004168,BACKFILL_AUTO
2026-07-12 07:24:34,1783841074,R_75,53434.6473,1,7.0327999999935855,BACKFILL_AUTO
2026-07-12 07:24:36,1783841076,R_75,53421.9337,-1,12.713599999995495,BACKFILL_AUTO
2026-07-12 07:24:38,1783841078,R_75,53425.932,1,3.99829999999929,BACKFILL_AUTO
2026-07-12 07:24:40,1783841080,R_75,53434.1525,1,8.220499999995809,BACKFILL_AUTO
2026-07-12 07:24:42,1783841082,R_75,53422.3737,-1,11.778800000000047,BACKFILL_AUTO
2026-07-12 07:24:44,1783841084,R_75,53418.9421,-1,3.4315999999962514,BACKFILL_AUTO
2026-07-12 07:24:46,1783841086,R_75,53424.5774,1,5.635300000001735,BACKFILL_AUTO
2026-07-12 07:24:48,1783841088,R_75,53414.7113,-1,9.866099999999278,BACKFILL_AUTO
2026-07-12 07:24:50,1783841090,R_75,53414.0598,-1,0.6514999999999418,BACKFILL_AUTO
2026-07-12 07:24:52,1783841092,R_75,53420.8142,1,6.754399999997986,BACKFILL_AUTO
2026-07-12 07:24:54,1783841094,R_75,53407.9663,-1,12.847900000000664,BACKFILL_AUTO
2026-07-12 07:24:56,1783841096,R_75,53402.0309,-1,5.935400000002119,BACKFILL_AUTO
2026-07-12 07:24:58,1783841098,R_75,53392.2585,-1,9.772399999994377,BACKFILL_AUTO
2026-07-12 07:25:00,1783841100,R_75,53376.7443,-1,15.514200000005076,BACKFILL_AUTO
2026-07-12 07:25:02,1783841102,R_75,53395.0464,1,18.30210000000079,BACKFILL_AUTO
2026-07-12 07:25:04,1783841104,R_75,53380.6174,-1,14.42899999999645,BACKFILL_AUTO
2026-07-12 07:25:06,1783841106,R_75,53383.9748,1,3.35740000000078,BACKFILL_AUTO
2026-07-12 07:25:08,1783841108,R_75,53401.3318,1,17.356999999996333,BACKFILL_AUTO
2026-07-12 07:25:10,1783841110,R_75,53413.3788,1,12.046999999998661,BACKFILL_AUTO
2026-07-12 07:25:12,1783841112,R_75,53416.3019,1,2.9230999999999767,BACKFILL_AUTO
2026-07-12 07:25:14,1783841114,R_75,53436.5627,1,20.260800000003655,BACKFILL_AUTO
2026-07-12 07:25:16,1783841116,R_75,53442.5934,1,6.030699999995704,BACKFILL_AUTO
2026-07-12 07:25:18,1783841118,R_75,53454.0871,1,11.49369999999908,BACKFILL_AUTO
2026-07-12 07:25:20,1783841120,R_75,53439.2574,-1,14.829699999994773,BACKFILL_AUTO
2026-07-12 07:25:22,1783841122,R_75,53451.1335,1,11.876100000001315,BACKFILL_AUTO
2026-07-12 07:25:24,1783841124,R_75,53450.2651,-1,0.868400000006659,BACKFILL_AUTO
2026-07-12 07:25:26,1783841126,R_75,53434.1924,-1,16.072699999996985,BACKFILL_AUTO
2026-07-12 07:25:28,1783841128,R_75,53439.9226,1,5.730199999998149,BACKFILL_AUTO
2026-07-12 07:25:30,1783841130,R_75,53447.6622,1,7.739600000000792,BACKFILL_AUTO
2026-07-12 07:25:32,1783841132,R_75,53448.9837,1,1.3214999999981956,BACKFILL_AUTO
2026-07-12 07:25:34,1783841134,R_75,53454.4098,1,5.426100000004226,BACKFILL_AUTO
2026-07-12 07:25:36,1783841136,R_75,53466.6179,1,12.208099999996193,BACKFILL_AUTO
2026-07-12 07:25:38,1783841138,R_75,53469.9249,1,3.3070000000006985,BACKFILL_AUTO
2026-07-12 07:25:40,1783841140,R_75,53473.7909,1,3.8660000000018044,BACKFILL_AUTO
2026-07-12 07:25:42,1783841142,R_75,53472.3007,-1,1.4902000000001863,BACKFILL_AUTO
2026-07-12 07:25:44,1783841144,R_75,53477.8323,1,5.531600000002072,BACKFILL_AUTO
2026-07-12 07:25:46,1783841146,R_75,53487.003,1,9.170699999995122,BACKFILL_AUTO
2026-07-12 07:25:48,1783841148,R_75,53495.082,1,8.07900000000518,BACKFILL_AUTO
2026-07-12 07:25:50,1783841150,R_75,53494.5847,-1,0.4973000000027241,BACKFILL_AUTO
2026-07-12 07:25:52,1783841152,R_75,53505.4167,1,10.832000000002154,BACKFILL_AUTO
2026-07-12 07:25:54,1783841154,R_75,53498.6924,-1,6.724300000001676,BACKFILL_AUTO
2026-07-12 07:25:56,1783841156,R_75,53493.2991,-1,5.393300000003364,BACKFILL_AUTO
2026-07-12 07:25:58,1783841158,R_75,53506.934,1,13.634900000004563,BACKFILL_AUTO
2026-07-12 07:26:00,1783841160,R_75,53510.5493,1,3.61529999999766,BACKFILL_AUTO
2026-07-12 07:26:02,1783841162,R_75,53505.3704,-1,5.1788999999989755,BACKFILL_AUTO
2026-07-12 07:26:04,1783841164,R_75,53519.8101,1,14.439700000002631,BACKFILL_AUTO
2026-07-12 07:26:06,1783841166,R_75,53510.4137,-1,9.396400000005087,BACKFILL_AUTO
2026-07-12 07:26:08,1783841168,R_75,53513.7265,1,3.3127999999996973,BACKFILL_AUTO
2026-07-12 07:26:10,1783841170,R_75,53510.9314,-1,2.7950999999957276,BACKFILL_AUTO
2026-07-12 07:26:12,1783841172,R_75,53520.6779,1,9.746500000001106,BACKFILL_AUTO
2026-07-12 07:26:14,1783841174,R_75,53523.9603,1,3.2823999999964144,BACKFILL_AUTO
2026-07-12 07:26:16,1783841176,R_75,53522.4017,-1,1.5585999999966589,BACKFILL_AUTO
2026-07-12 07:26:18,1783841178,R_75,53526.758,1,4.3562999999994645,BACKFILL_AUTO
2026-07-12 07:26:20,1783841180,R_75,53535.624,1,8.866000000001804,BACKFILL_AUTO
2026-07-12 07:26:22,1783841182,R_75,53526.0564,-1,9.56760000000213,BACKFILL_AUTO
2026-07-12 07:26:24,1783841184,R_75,53516.3698,-1,9.686600000000908,BACKFILL_AUTO
2026-07-12 07:26:26,1783841186,R_75,53519.1599,1,2.790099999998347,BACKFILL_AUTO
2026-07-12 07:26:28,1783841188,R_75,53514.9099,-1,4.25,BACKFILL_AUTO
2026-07-12 07:26:30,1783841190,R_75,53513.8628,-1,1.047099999996135,BACKFILL_AUTO
2026-07-12 07:26:32,1783841192,R_75,53531.3381,1,17.475299999998242,BACKFILL_AUTO
2026-07-12 07:26:34,1783841194,R_75,53523.4072,-1,7.930899999999383,BACKFILL_AUTO
2026-07-12 07:26:36,1783841196,R_75,53508.5701,-1,14.837100000004284,BACKFILL_AUTO
2026-07-12 07:26:38,1783841198,R_75,53486.6319,-1,21.93819999999687,BACKFILL_AUTO
2026-07-12 07:26:40,1783841200,R_75,53489.4057,1,2.773800000002666,BACKFILL_AUTO
2026-07-12 07:26:42,1783841202,R_75,53494.1782,1,4.772499999999127,BACKFILL_AUTO
2026-07-12 07:26:44,1783841204,R_75,53494.0693,-1,0.10889999999926658,BACKFILL_AUTO
2026-07-12 07:26:46,1783841206,R_75,53505.305,1,11.23569999999745,BACKFILL_AUTO
2026-07-12 07:26:48,1783841208,R_75,53509.6841,1,4.379099999998289,BACKFILL_AUTO
2026-07-12 07:26:50,1783841210,R_75,53491.9752,-1,17.70889999999781,BACKFILL_AUTO
2026-07-12 07:26:52,1783841212,R_75,53482.3543,-1,9.620900000001711,BACKFILL_AUTO
2026-07-12 07:26:54,1783841214,R_75,53474.6143,-1,7.739999999997963,BACKFILL_AUTO
2026-07-12 07:26:56,1783841216,R_75,53485.4947,1,10.880400000001828,BACKFILL_AUTO
2026-07-12 07:26:58,1783841218,R_75,53493.0164,1,7.521699999997509,BACKFILL_AUTO
2026-07-12 07:27:00,1783841220,R_75,53493.5793,1,0.5628999999971711,BACKFILL_AUTO
2026-07-12 07:27:02,1783841222,R_75,53501.0883,1,7.5090000000054715,BACKFILL_AUTO
2026-07-12 07:27:04,1783841224,R_75,53500.5573,-1,0.5310000000026776,BACKFILL_AUTO
2026-07-12 07:27:06,1783841226,R_75,53495.7974,-1,4.7598999999972875,BACKFILL_AUTO
2026-07-12 07:27:08,1783841228,R_75,53502.2983,1,6.500899999999092,BACKFILL_AUTO
2026-07-12 07:27:10,1783841230,R_75,53499.8602,-1,2.4380999999993946,BACKFILL_AUTO
2026-07-12 07:27:12,1783841232,R_75,53479.5315,-1,20.328700000005483,BACKFILL_AUTO
2026-07-12 07:27:14,1783841234,R_75,53466.298,-1,13.23349999999482,BACKFILL_AUTO
2026-07-12 07:27:16,1783841236,R_75,53470.2506,1,3.9525999999968917,BACKFILL_AUTO
2026-07-12 07:27:18,1783841238,R_75,53476.9482,1,6.697599999999511,BACKFILL_AUTO
2026-07-12 07:27:20,1783841240,R_75,53487.7617,1,10.813500000003842,BACKFILL_AUTO
2026-07-12 07:27:22,1783841242,R_75,53494.105,1,6.343300000000454,BACKFILL_AUTO
2026-07-12 07:27:24,1783841244,R_75,53484.9837,-1,9.121300000006158,BACKFILL_AUTO
2026-07-12 07:27:26,1783841246,R_75,53512.1952,1,27.21150000000489,BACKFILL_AUTO
2026-07-12 07:27:28,1783841248,R_75,53518.5949,1,6.399699999994482,BACKFILL_AUTO
2026-07-12 07:27:30,1783841250,R_75,53526.5487,1,7.953800000002957,BACKFILL_AUTO
2026-07-12 07:27:32,1783841252,R_75,53527.5013,1,0.9526000000041677,BACKFILL_AUTO
2026-07-12 07:27:34,1783841254,R_75,53540.3828,1,12.881499999995867,BACKFILL_AUTO
2026-07-12 07:27:36,1783841256,R_75,53530.5721,-1,9.810700000001816,BACKFILL_AUTO
2026-07-12 07:27:38,1783841258,R_75,53526.0797,-1,4.492399999995541,BACKFILL_AUTO
2026-07-12 07:27:40,1783841260,R_75,53525.5684,-1,0.5113000000055763,BACKFILL_AUTO
2026-07-12 07:27:42,1783841262,R_75,53543.6526,1,18.084200000004785,BACKFILL_AUTO
2026-07-12 07:27:44,1783841264,R_75,53555.1684,1,11.515800000001036,BACKFILL_AUTO
2026-07-12 07:27:46,1783841266,R_75,53552.9454,-1,2.2230000000054133,BACKFILL_AUTO
2026-07-12 07:27:48,1783841268,R_75,53548.944,-1,4.001399999993737,BACKFILL_AUTO
2026-07-12 07:27:50,1783841270,R_75,53536.8664,-1,12.077600000004168,BACKFILL_AUTO
2026-07-12 07:27:52,1783841272,R_75,53539.8391,1,2.97269999999844,BACKFILL_AUTO
2026-07-12 07:27:54,1783841274,R_75,53545.7806,1,5.941500000000815,BACKFILL_AUTO
2026-07-12 07:27:56,1783841276,R_75,53550.856,1,5.075400000001537,BACKFILL_AUTO
2026-07-12 07:27:58,1783841278,R_75,53559.9194,1,9.063399999999092,BACKFILL_AUTO
2026-07-12 07:28:00,1783841280,R_75,53570.3936,1,10.474200000004203,BACKFILL_AUTO
2026-07-12 07:28:02,1783841282,R_75,53594.9881,1,24.594499999999243,BACKFILL_AUTO
2026-07-12 07:28:04,1783841284,R_75,53590.611,-1,4.377100000005157,BACKFILL_AUTO
2026-07-12 07:28:06,1783841286,R_75,53596.3783,1,5.767299999999523,BACKFILL_AUTO
2026-07-12 07:28:08,1783841288,R_75,53617.6602,1,21.28190000000177,BACKFILL_AUTO
2026-07-12 07:28:10,1783841290,R_75,53599.062,-1,18.59820000000036,BACKFILL_AUTO
2026-07-12 07:28:12,1783841292,R_75,53601.8211,1,2.7591000000029453,BACKFILL_AUTO
2026-07-12 07:28:14,1783841294,R_75,53590.0049,-1,11.816200000001118,BACKFILL_AUTO
2026-07-12 07:28:16,1783841296,R_75,53576.4468,-1,13.558100000002014,BACKFILL_AUTO
2026-07-12 07:28:18,1783841298,R_75,53591.4724,1,15.02560000000085,BACKFILL_AUTO
2026-07-12 07:28:20,1783841300,R_75,53601.9502,1,10.47780000000057,BACKFILL_AUTO
2026-07-12 07:28:22,1783841302,R_75,53601.5492,-1,0.40099999999802094,BACKFILL_AUTO
2026-07-12 07:28:24,1783841304,R_75,53598.5418,-1,3.007400000002235,BACKFILL_AUTO
2026-07-12 07:28:26,1783841306,R_75,53604.0983,1,5.556499999998778,BACKFILL_AUTO
2026-07-12 07:28:28,1783841308,R_75,53618.4087,1,14.310400000002119,BACKFILL_AUTO
2026-07-12 07:28:30,1783841310,R_75,53628.467,1,10.058299999996962,BACKFILL_AUTO
2026-07-12 07:28:32,1783841312,R_75,53626.4633,-1,2.0036999999938416,BACKFILL_AUTO
2026-07-12 07:28:34,1783841314,R_75,53634.6368,1,8.173499999997148,BACKFILL_AUTO
2026-07-12 07:28:36,1783841316,R_75,53651.1893,1,16.552499999997963,BACKFILL_AUTO
2026-07-12 07:28:38,1783841318,R_75,53636.007,-1,15.182300000000396,BACKFILL_AUTO
2026-07-12 07:28:40,1783841320,R_75,53621.6943,-1,14.312699999994948,BACKFILL_AUTO
2026-07-12 07:28:42,1783841322,R_75,53611.503,-1,10.191300000005867,BACKFILL_AUTO
2026-07-12 07:28:44,1783841324,R_75,53624.8457,1,13.34270000000106,BACKFILL_AUTO
2026-07-12 07:28:46,1783841326,R_75,53638.3862,1,13.540500000002794,BACKFILL_AUTO
2026-07-12 07:28:48,1783841328,R_75,53628.2099,-1,10.176299999999173,BACKFILL_AUTO
2026-07-12 07:28:50,1783841330,R_75,53633.5566,1,5.346700000001874,BACKFILL_AUTO
2026-07-12 07:28:52,1783841332,R_75,53640.9349,1,7.3782999999966705,BACKFILL_AUTO
2026-07-12 07:28:54,1783841334,R_75,53639.0475,-1,1.8873999999996158,BACKFILL_AUTO
2026-07-12 07:28:56,1783841336,R_75,53649.3996,1,10.352099999996426,BACKFILL_AUTO
2026-07-12 07:28:58,1783841338,R_75,53663.7986,1,14.39900000000489,BACKFILL_AUTO
2026-07-12 07:29:00,1783841340,R_75,53666.7614,1,2.9628000000011525,BACKFILL_AUTO
2026-07-12 07:29:02,1783841342,R_75,53639.6321,-1,27.129300000000512,BACKFILL_AUTO
2026-07-12 07:29:04,1783841344,R_75,53633.681,-1,5.951100000005681,BACKFILL_AUTO
2026-07-12 07:29:06,1783841346,R_75,53625.9892,-1,7.691799999993236,BACKFILL_AUTO
2026-07-12 07:29:08,1783841348,R_75,53621.3415,-1,4.64770000000135,BACKFILL_AUTO
2026-07-12 07:29:10,1783841350,R_75,53626.7776,1,5.436099999998987,BACKFILL_AUTO
2026-07-12 07:29:12,1783841352,R_75,53635.8255,1,9.047899999997753,BACKFILL_AUTO
2026-07-12 07:29:14,1783841354,R_75,53630.5542,-1,5.271300000000338,BACKFILL_AUTO
2026-07-12 07:29:16,1783841356,R_75,53633.6297,1,3.0754999999990105,BACKFILL_AUTO
2026-07-12 07:29:18,1783841358,R_75,53650.0275,1,16.397799999998824,BACKFILL_AUTO
2026-07-12 07:29:20,1783841360,R_75,53649.2722,-1,0.755299999997078,BACKFILL_AUTO
2026-07-12 07:29:22,1783841362,R_75,53652.5705,1,3.2983000000022002,BACKFILL_AUTO
2026-07-12 07:29:24,1783841364,R_75,53649.0669,-1,3.503600000003644,BACKFILL_AUTO
2026-07-12 07:29:26,1783841366,R_75,53658.8172,1,9.750299999999697,BACKFILL_AUTO
2026-07-12 07:29:28,1783841368,R_75,53682.8849,1,24.067699999999604,BACKFILL_AUTO
2026-07-12 07:29:30,1783841370,R_75,53694.5554,1,11.670500000000175,BACKFILL_AUTO
2026-07-12 07:29:32,1783841372,R_75,53682.6649,-1,11.890499999994063,BACKFILL_AUTO
2026-07-12 07:29:34,1783841374,R_75,53667.0274,-1,15.637500000004366,BACKFILL_AUTO
2026-07-12 07:29:36,1783841376,R_75,53684.437,1,17.409599999999045,BACKFILL_AUTO
2026-07-12 07:29:38,1783841378,R_75,53684.5828,1,0.14579999999841675,BACKFILL_AUTO
2026-07-12 07:29:40,1783841380,R_75,53664.2353,-1,20.347499999996217,BACKFILL_AUTO
2026-07-12 07:29:42,1783841382,R_75,53659.3859,-1,4.84939999999915,BACKFILL_AUTO
2026-07-12 07:29:44,1783841384,R_75,53671.7067,1,12.320800000001327,BACKFILL_AUTO
2026-07-12 07:29:46,1783841386,R_75,53668.0991,-1,3.6076000000030035,BACKFILL_AUTO
2026-07-12 07:29:48,1783841388,R_75,53687.0714,1,18.97230000000127,BACKFILL_AUTO
2026-07-12 07:29:50,1783841390,R_75,53698.7958,1,11.72439999999915,BACKFILL_AUTO
2026-07-12 07:29:52,1783841392,R_75,53683.4606,-1,15.33520000000135,BACKFILL_AUTO
2026-07-12 07:29:54,1783841394,R_75,53693.7851,1,10.324500000002445,BACKFILL_AUTO
2026-07-12 07:29:56,1783841396,R_75,53674.9882,-1,18.796900000001187,BACKFILL_AUTO
2026-07-12 07:29:58,1783841398,R_75,53672.9438,-1,2.044399999998859,BACKFILL_AUTO
2026-07-12 07:30:00,1783841400,R_75,53667.1679,-1,5.775900000000547,BACKFILL_AUTO
2026-07-12 07:30:02,1783841402,R_75,53662.2446,-1,4.9233000000022,BACKFILL_AUTO
2026-07-12 07:30:04,1783841404,R_75,53656.6488,-1,5.595799999995506,BACKFILL_AUTO
2026-07-12 07:30:06,1783841406,R_75,53654.0223,-1,2.6265000000057626,BACKFILL_AUTO
2026-07-12 07:30:08,1783841408,R_75,53645.8408,-1,8.181499999998778,BACKFILL_AUTO
2026-07-12 07:30:10,1783841410,R_75,53641.0906,-1,4.750199999994948,BACKFILL_AUTO
2026-07-12 07:30:12,1783841412,R_75,53640.4139,-1,0.6767000000036205,BACKFILL_AUTO
2026-07-12 07:30:14,1783841414,R_75,53628.6688,-1,11.745100000000093,BACKFILL_AUTO
2026-07-12 07:30:16,1783841416,R_75,53635.7545,1,7.085700000003271,BACKFILL_AUTO
2026-07-12 07:30:18,1783841418,R_75,53650.2647,1,14.510199999996985,BACKFILL_AUTO
2026-07-12 07:30:20,1783841420,R_75,53651.8367,1,1.5720000000001164,BACKFILL_AUTO
2026-07-12 07:30:22,1783841422,R_75,53642.4857,-1,9.351000000002387,BACKFILL_AUTO
2026-07-12 07:30:24,1783841424,R_75,53635.2247,-1,7.260999999998603,BACKFILL_AUTO
2026-07-12 07:30:26,1783841426,R_75,53654.1084,1,18.8836999999985,BACKFILL_AUTO
2026-07-12 07:30:28,1783841428,R_75,53648.0903,-1,6.018099999993865,BACKFILL_AUTO
2026-07-12 07:30:30,1783841430,R_75,53644.67,-1,3.420300000005227,BACKFILL_AUTO
2026-07-12 07:30:32,1783841432,R_75,53639.0439,-1,5.6261000000013155,BACKFILL_AUTO
2026-07-12 07:30:34,1783841434,R_75,53650.5056,1,11.461699999999837,BACKFILL_AUTO
2026-07-12 07:30:36,1783841436,R_75,53651.014,1,0.5084000000060769,BACKFILL_AUTO
2026-07-12 07:30:38,1783841438,R_75,53640.3284,-1,10.685600000004342,BACKFILL_AUTO
2026-07-12 07:30:40,1783841440,R_75,53646.237,1,5.90860000000248,BACKFILL_AUTO
2026-07-12 07:30:42,1783841442,R_75,53648.4375,1,2.2004999999990105,BACKFILL_AUTO
2026-07-12 07:30:44,1783841444,R_75,53651.3865,1,2.949000000000524,BACKFILL_AUTO
2026-07-12 07:30:46,1783841446,R_75,53655.3536,1,3.9671000000016647,BACKFILL_AUTO
2026-07-12 07:30:48,1783841448,R_75,53651.4935,-1,3.860100000005332,BACKFILL_AUTO
2026-07-12 07:30:50,1783841450,R_75,53627.9755,-1,23.51799999999639,BACKFILL_AUTO
2026-07-12 07:30:52,1783841452,R_75,53623.5841,-1,4.391400000000431,BACKFILL_AUTO
2026-07-12 07:30:54,1783841454,R_75,53628.4406,1,4.856500000001688,BACKFILL_AUTO
2026-07-12 07:30:56,1783841456,R_75,53629.432,1,0.9913999999989755,BACKFILL_AUTO
2026-07-12 07:30:58,1783841458,R_75,53627.3915,-1,2.040500000002794,BACKFILL_AUTO
2026-07-12 07:31:00,1783841460,R_75,53645.5363,1,18.14480000000185,BACKFILL_AUTO
2026-07-12 07:31:02,1783841462,R_75,53640.9923,-1,4.544000000001688,BACKFILL_AUTO
2026-07-12 07:31:04,1783841464,R_75,53636.1154,-1,4.876899999995658,BACKFILL_AUTO
2026-07-12 07:31:06,1783841466,R_75,53647.9816,1,11.866199999996752,BACKFILL_AUTO
2026-07-12 07:31:08,1783841468,R_75,53644.8063,-1,3.1753000000026077,BACKFILL_AUTO
2026-07-12 07:31:10,1783841470,R_75,53639.5615,-1,5.24479999999312,BACKFILL_AUTO
2026-07-12 07:31:12,1783841472,R_75,53617.8435,-1,21.718000000000757,BACKFILL_AUTO
2026-07-12 07:31:14,1783841474,R_75,53625.057,1,7.213499999998021,BACKFILL_AUTO
2026-07-12 07:31:16,1783841476,R_75,53624.4011,-1,0.6558999999979278,BACKFILL_AUTO
2026-07-12 07:31:18,1783841478,R_75,53639.0562,1,14.65509999999631,BACKFILL_AUTO
2026-07-12 07:31:20,1783841480,R_75,53635.3231,-1,3.7330999999976484,BACKFILL_AUTO
2026-07-12 07:31:22,1783841482,R_75,53643.7154,1,8.392299999999523,BACKFILL_AUTO
2026-07-12 07:31:24,1783841484,R_75,53643.094,-1,0.6214000000036322,BACKFILL_AUTO
2026-07-12 07:31:26,1783841486,R_75,53649.0067,1,5.912700000000768,BACKFILL_AUTO
2026-07-12 07:31:28,1783841488,R_75,53638.9706,-1,10.036099999997532,BACKFILL_AUTO
2026-07-12 07:31:30,1783841490,R_75,53624.4195,-1,14.55109999999695,BACKFILL_AUTO
2026-07-12 07:31:32,1783841492,R_75,53633.7495,1,9.32999999999447,BACKFILL_AUTO
2026-07-12 07:31:34,1783841494,R_75,53659.4904,1,25.74090000000433,BACKFILL_AUTO
2026-07-12 07:31:36,1783841496,R_75,53680.282,1,20.791599999996834,BACKFILL_AUTO
2026-07-12 07:31:38,1783841498,R_75,53685.4888,1,5.20679999999993,BACKFILL_AUTO
2026-07-12 07:31:40,1783841500,R_75,53692.8814,1,7.39259999999922,BACKFILL_AUTO
2026-07-12 07:31:42,1783841502,R_75,53691.0883,-1,1.79309999999532,BACKFILL_AUTO
2026-07-12 07:31:44,1783841504,R_75,53695.7717,1,4.683399999994435,BACKFILL_AUTO
2026-07-12 07:31:46,1783841506,R_75,53716.6618,1,20.890100000004168,BACKFILL_AUTO
2026-07-12 07:31:48,1783841508,R_75,53706.0976,-1,10.56420000000071,BACKFILL_AUTO
2026-07-12 07:31:50,1783841510,R_75,53709.1976,1,3.099999999998545,BACKFILL_AUTO
2026-07-12 07:31:52,1783841512,R_75,53713.7179,1,4.520300000003772,BACKFILL_AUTO
2026-07-12 07:31:54,1783841514,R_75,53712.3414,-1,1.3765000000057626,BACKFILL_AUTO
2026-07-12 07:31:56,1783841516,R_75,53720.8664,1,8.525000000001455,BACKFILL_AUTO
2026-07-12 07:31:58,1783841518,R_75,53731.4333,1,10.566899999997986,BACKFILL_AUTO
2026-07-12 07:32:00,1783841520,R_75,53733.891,1,2.457700000006298,BACKFILL_AUTO
2026-07-12 07:32:02,1783841522,R_75,53741.2632,1,7.372199999997974,BACKFILL_AUTO
2026-07-12 07:32:04,1783841524,R_75,53727.6512,-1,13.61200000000099,BACKFILL_AUTO
2026-07-12 07:32:06,1783841526,R_75,53715.0601,-1,12.591099999997823,BACKFILL_AUTO
2026-07-12 07:32:08,1783841528,R_75,53707.5406,-1,7.519500000002154,BACKFILL_AUTO
2026-07-12 07:32:10,1783841530,R_75,53720.3017,1,12.761100000003353,BACKFILL_AUTO
2026-07-12 07:32:12,1783841532,R_75,53731.8192,1,11.51749999999447,BACKFILL_AUTO
2026-07-12 07:32:14,1783841534,R_75,53725.0467,-1,6.772499999999127,BACKFILL_AUTO
2026-07-12 07:32:16,1783841536,R_75,53710.8661,-1,14.180599999999686,BACKFILL_AUTO
2026-07-12 07:32:18,1783841538,R_75,53715.1156,1,4.249499999998079,BACKFILL_AUTO
2026-07-12 07:32:20,1783841540,R_75,53722.0699,1,6.954300000004878,BACKFILL_AUTO
2026-07-12 07:32:22,1783841542,R_75,53729.0516,1,6.981699999996636,BACKFILL_AUTO
2026-07-12 07:32:24,1783841544,R_75,53741.5349,1,12.483299999999872,BACKFILL_AUTO
2026-07-12 07:32:26,1783841546,R_75,53738.6897,-1,2.8451999999961117,BACKFILL_AUTO
2026-07-12 07:32:28,1783841548,R_75,53730.8335,-1,7.856200000001991,BACKFILL_AUTO
2026-07-12 07:32:30,1783841550,R_75,53724.0984,-1,6.735099999998056,BACKFILL_AUTO
2026-07-12 07:32:32,1783841552,R_75,53726.5955,1,2.4971000000005006,BACKFILL_AUTO
2026-07-12 07:32:34,1783841554,R_75,53726.6238,1,0.028299999998125713,BACKFILL_AUTO
2026-07-12 07:32:36,1783841556,R_75,53733.5155,1,6.891700000000128,BACKFILL_AUTO
2026-07-12 07:32:38,1783841558,R_75,53738.957,1,5.441500000000815,BACKFILL_AUTO
2026-07-12 07:32:40,1783841560,R_75,53736.2354,-1,2.7216000000044005,BACKFILL_AUTO
2026-07-12 07:32:42,1783841562,R_75,53745.3212,1,9.085800000000745,BACKFILL_AUTO
2026-07-12 07:32:44,1783841564,R_75,53730.0988,-1,15.222399999998743,BACKFILL_AUTO
2026-07-12 07:32:46,1783841566,R_75,53710.5161,-1,19.582699999999022,BACKFILL_AUTO
2026-07-12 07:32:48,1783841568,R_75,53731.1662,1,20.65009999999893,BACKFILL_AUTO
2026-07-12 07:32:50,1783841570,R_75,53731.261,1,0.09479999999894062,BACKFILL_AUTO
2026-07-12 07:32:52,1783841572,R_75,53722.1164,-1,9.144599999999627,BACKFILL_AUTO
2026-07-12 07:32:54,1783841574,R_75,53726.3465,1,4.230100000000675,BACKFILL_AUTO
2026-07-12 07:32:56,1783841576,R_75,53749.7284,1,23.381900000000314,BACKFILL_AUTO
2026-07-12 07:32:58,1783841578,R_75,53758.6297,1,8.901299999997718,BACKFILL_AUTO
2026-07-12 07:33:00,1783841580,R_75,53746.6796,-1,11.950099999994563,BACKFILL_AUTO
2026-07-12 07:33:02,1783841582,R_75,53742.7674,-1,3.9122000000061234,BACKFILL_AUTO
2026-07-12 07:33:04,1783841584,R_75,53762.3802,1,19.612800000002608,BACKFILL_AUTO
2026-07-12 07:33:06,1783841586,R_75,53760.1022,-1,2.2779999999984284,BACKFILL_AUTO
2026-07-12 07:33:08,1783841588,R_75,53764.6961,1,4.593899999999849,BACKFILL_AUTO
2026-07-12 07:33:10,1783841590,R_75,53763.8435,-1,0.8525999999983469,BACKFILL_AUTO
2026-07-12 07:33:12,1783841592,R_75,53752.1661,-1,11.677400000000489,BACKFILL_AUTO
2026-07-12 07:33:14,1783841594,R_75,53770.9543,1,18.788199999995413,BACKFILL_AUTO
2026-07-12 07:33:16,1783841596,R_75,53761.1016,-1,9.85269999999582,BACKFILL_AUTO
2026-07-12 07:33:18,1783841598,R_75,53760.5259,-1,0.575700000001234,BACKFILL_AUTO
2026-07-12 07:33:20,1783841600,R_75,53762.3346,1,1.8087000000014086,BACKFILL_AUTO
2026-07-12 07:33:22,1783841602,R_75,53761.4801,-1,0.8545000000012806,BACKFILL_AUTO
2026-07-12 07:33:24,1783841604,R_75,53774.0081,1,12.527999999998428,BACKFILL_AUTO
2026-07-12 07:33:26,1783841606,R_75,53776.7402,1,2.7321000000010827,BACKFILL_AUTO
2026-07-12 07:33:28,1783841608,R_75,53770.864,-1,5.876199999998789,BACKFILL_AUTO
2026-07-12 07:33:30,1783841610,R_75,53771.6061,1,0.742099999995844,BACKFILL_AUTO
2026-07-12 07:33:32,1783841612,R_75,53761.3015,-1,10.304599999995844,BACKFILL_AUTO
2026-07-12 07:33:34,1783841614,R_75,53760.6567,-1,0.644800000001851,BACKFILL_AUTO
2026-07-12 07:33:36,1783841616,R_75,53770.3546,1,9.697899999999208,BACKFILL_AUTO
2026-07-12 07:33:38,1783841618,R_75,53761.4782,-1,8.876400000001013,BACKFILL_AUTO
2026-07-12 07:33:40,1783841620,R_75,53758.4666,-1,3.0115999999979977,BACKFILL_AUTO
2026-07-12 07:33:42,1783841622,R_75,53747.2364,-1,11.230199999998149,BACKFILL_AUTO
2026-07-12 07:33:44,1783841624,R_75,53742.8685,-1,4.367900000004738,BACKFILL_AUTO
2026-07-12 07:33:46,1783841626,R_75,53749.0779,1,6.209399999999732,BACKFILL_AUTO
2026-07-12 07:33:48,1783841628,R_75,53757.5688,1,8.49090000000433,BACKFILL_AUTO
2026-07-12 07:33:50,1783841630,R_75,53752.1923,-1,5.376499999998487,BACKFILL_AUTO
2026-07-12 07:33:52,1783841632,R_75,53770.8758,1,18.683499999999185,BACKFILL_AUTO
2026-07-12 07:33:54,1783841634,R_75,53771.3116,1,0.43579999999928987,BACKFILL_AUTO
2026-07-12 07:33:56,1783841636,R_75,53779.4679,1,8.156300000002375,BACKFILL_AUTO
2026-07-12 07:33:58,1783841638,R_75,53771.7998,-1,7.668100000002596,BACKFILL_AUTO
2026-07-12 07:34:00,1783841640,R_75,53778.5592,1,6.759400000002643,BACKFILL_AUTO
2026-07-12 07:34:02,1783841642,R_75,53790.0246,1,11.465399999993679,BACKFILL_AUTO
2026-07-12 07:34:04,1783841644,R_75,53788.4175,-1,1.6070999999938067,BACKFILL_AUTO
2026-07-12 07:34:06,1783841646,R_75,53791.856,1,3.4384999999965657,BACKFILL_AUTO
2026-07-12 07:34:08,1783841648,R_75,53794.2418,1,2.3858000000036554,BACKFILL_AUTO
2026-07-12 07:34:10,1783841650,R_75,53813.6392,1,19.397399999994377,BACKFILL_AUTO
2026-07-12 07:34:12,1783841652,R_75,53816.9474,1,3.3081999999994878,BACKFILL_AUTO
2026-07-12 07:34:14,1783841654,R_75,53823.6262,1,6.678800000001502,BACKFILL_AUTO
2026-07-12 07:34:16,1783841656,R_75,53814.3494,-1,9.27679999999964,BACKFILL_AUTO
2026-07-12 07:34:18,1783841658,R_75,53807.4523,-1,6.897100000001956,BACKFILL_AUTO
2026-07-12 07:34:20,1783841660,R_75,53788.3573,-1,19.094999999993888,BACKFILL_AUTO
2026-07-12 07:34:22,1783841662,R_75,53773.0068,-1,15.350500000000466,BACKFILL_AUTO
2026-07-12 07:34:24,1783841664,R_75,53773.8003,1,0.7934999999997672,BACKFILL_AUTO
2026-07-12 07:34:26,1783841666,R_75,53769.7261,-1,4.074200000002747,BACKFILL_AUTO
2026-07-12 07:34:28,1783841668,R_75,53759.6784,-1,10.047700000002806,BACKFILL_AUTO
2026-07-12 07:34:30,1783841670,R_75,53744.6725,-1,15.005899999996473,BACKFILL_AUTO
2026-07-12 07:34:32,1783841672,R_75,53746.5394,1,1.8669000000008964,BACKFILL_AUTO
2026-07-12 07:34:34,1783841674,R_75,53775.2806,1,28.741199999996752,BACKFILL_AUTO
2026-07-12 07:34:36,1783841676,R_75,53768.3807,-1,6.8998999999967054,BACKFILL_AUTO
2026-07-12 07:34:38,1783841678,R_75,53771.8619,1,3.4812000000019907,BACKFILL_AUTO
2026-07-12 07:34:40,1783841680,R_75,53769.681,-1,2.180900000006659,BACKFILL_AUTO
2026-07-12 07:34:42,1783841682,R_75,53772.0587,1,2.377700000004552,BACKFILL_AUTO
2026-07-12 07:34:44,1783841684,R_75,53764.9774,-1,7.081299999998009,BACKFILL_AUTO
2026-07-12 07:34:46,1783841686,R_75,53758.9552,-1,6.0222000000067055,BACKFILL_AUTO
2026-07-12 07:34:48,1783841688,R_75,53754.4095,-1,4.545699999995122,BACKFILL_AUTO
2026-07-12 07:34:50,1783841690,R_75,53748.0687,-1,6.340799999998126,BACKFILL_AUTO
2026-07-12 07:34:52,1783841692,R_75,53735.7007,-1,12.368000000002212,BACKFILL_AUTO
2026-07-12 07:34:54,1783841694,R_75,53726.1303,-1,9.570400000004156,BACKFILL_AUTO
2026-07-12 07:34:56,1783841696,R_75,53722.9582,-1,3.172099999996135,BACKFILL_AUTO
2026-07-12 07:34:58,1783841698,R_75,53715.7139,-1,7.244299999998475,BACKFILL_AUTO
2026-07-12 07:35:00,1783841700,R_75,53715.4749,-1,0.23900000000139698,BACKFILL_AUTO
2026-07-12 07:35:02,1783841702,R_75,53722.8163,1,7.34139999999752,BACKFILL_AUTO
2026-07-12 07:35:04,1783841704,R_75,53712.2508,-1,10.565499999996973,BACKFILL_AUTO
2026-07-12 07:35:06,1783841706,R_75,53714.0528,1,1.8019999999960419,BACKFILL_AUTO
2026-07-12 07:35:08,1783841708,R_75,53717.9928,1,3.9400000000023283,BACKFILL_AUTO
2026-07-12 07:35:10,1783841710,R_75,53717.296,-1,0.6967999999978929,BACKFILL_AUTO
2026-07-12 07:35:12,1783841712,R_75,53711.8127,-1,5.483299999999872,BACKFILL_AUTO
2026-07-12 07:35:14,1783841714,R_75,53697.9417,-1,13.870999999999185,BACKFILL_AUTO
2026-07-12 07:35:16,1783841716,R_75,53692.0699,-1,5.871800000000803,BACKFILL_AUTO
2026-07-12 07:35:18,1783841718,R_75,53708.7745,1,16.7045999999973,BACKFILL_AUTO
2026-07-12 07:35:20,1783841720,R_75,53707.8731,-1,0.901400000002468,BACKFILL_AUTO
2026-07-12 07:35:22,1783841722,R_75,53701.278,-1,6.595099999998638,BACKFILL_AUTO
2026-07-12 07:35:24,1783841724,R_75,53700.4484,-1,0.8295999999972992,BACKFILL_AUTO
2026-07-12 07:35:26,1783841726,R_75,53692.761,-1,7.687400000002526,BACKFILL_AUTO
2026-07-12 07:35:28,1783841728,R_75,53663.3093,-1,29.4516999999978,BACKFILL_AUTO
2026-07-12 07:35:30,1783841730,R_75,53683.9659,1,20.656600000002072,BACKFILL_AUTO
2026-07-12 07:35:32,1783841732,R_75,53676.0444,-1,7.921500000004016,BACKFILL_AUTO
2026-07-12 07:35:34,1783841734,R_75,53665.4316,-1,10.612799999995332,BACKFILL_AUTO
2026-07-12 07:35:36,1783841736,R_75,53666.3913,1,0.9596999999994296,BACKFILL_AUTO
2026-07-12 07:35:38,1783841738,R_75,53658.7501,-1,7.641200000005483,BACKFILL_AUTO
2026-07-12 07:35:40,1783841740,R_75,53649.5186,-1,9.231499999994412,BACKFILL_AUTO
2026-07-12 07:35:42,1783841742,R_75,53647.9034,-1,1.6152000000001863,BACKFILL_AUTO
2026-07-12 07:35:44,1783841744,R_75,53647.9699,1,0.06649999999353895,BACKFILL_AUTO
2026-07-12 07:35:46,1783841746,R_75,53657.4989,1,9.52900000000227,BACKFILL_AUTO
2026-07-12 07:35:48,1783841748,R_75,53650.1417,-1,7.3571999999985565,BACKFILL_AUTO
2026-07-12 07:35:50,1783841750,R_75,53632.0517,-1,18.089999999996508,BACKFILL_AUTO
2026-07-12 07:35:52,1783841752,R_75,53644.5146,1,12.462899999998626,BACKFILL_AUTO
2026-07-12 07:35:54,1783841754,R_75,53636.528,-1,7.986600000003818,BACKFILL_AUTO
2026-07-12 07:35:56,1783841756,R_75,53624.9827,-1,11.545299999997951,BACKFILL_AUTO
2026-07-12 07:35:58,1783841758,R_75,53620.4881,-1,4.494599999998172,BACKFILL_AUTO
2026-07-12 07:36:00,1783841760,R_75,53622.028,1,1.5398999999961234,BACKFILL_AUTO
2026-07-12 07:36:02,1783841762,R_75,53606.4323,-1,15.595699999998033,BACKFILL_AUTO
2026-07-12 07:36:04,1783841764,R_75,53598.7173,-1,7.7150000000037835,BACKFILL_AUTO
2026-07-12 07:36:06,1783841766,R_75,53592.7439,-1,5.9733999999953085,BACKFILL_AUTO
2026-07-12 07:36:08,1783841768,R_75,53577.7814,-1,14.962500000001455,BACKFILL_AUTO
2026-07-12 07:36:10,1783841770,R_75,53559.8527,-1,17.928699999996752,BACKFILL_AUTO
2026-07-12 07:36:12,1783841772,R_75,53562.2259,1,2.37319999999454,BACKFILL_AUTO
2026-07-12 07:36:14,1783841774,R_75,53564.335,1,2.10910000000149,BACKFILL_AUTO
2026-07-12 07:36:16,1783841776,R_75,53574.4349,1,10.099900000001071,BACKFILL_AUTO
2026-07-12 07:36:18,1783841778,R_75,53574.0399,-1,0.3949999999967986,BACKFILL_AUTO
2026-07-12 07:36:20,1783841780,R_75,53575.6244,1,1.584499999997206,BACKFILL_AUTO
2026-07-12 07:36:22,1783841782,R_75,53575.6588,1,0.03439999999682186,BACKFILL_AUTO
2026-07-12 07:36:24,1783841784,R_75,53564.9674,-1,10.691399999996065,BACKFILL_AUTO
2026-07-12 07:36:26,1783841786,R_75,53581.8534,1,16.885999999998603,BACKFILL_AUTO
2026-07-12 07:36:28,1783841788,R_75,53571.4265,-1,10.426899999998568,BACKFILL_AUTO
2026-07-12 07:36:30,1783841790,R_75,53582.5628,1,11.1362999999983,BACKFILL_AUTO
2026-07-12 07:36:32,1783841792,R_75,53574.2296,-1,8.333200000000943,BACKFILL_AUTO
2026-07-12 07:36:34,1783841794,R_75,53569.6559,-1,4.5737000000008265,BACKFILL_AUTO
2026-07-12 07:36:36,1783841796,R_75,53574.8157,1,5.159800000001269,BACKFILL_AUTO
2026-07-12 07:36:38,1783841798,R_75,53578.2554,1,3.439700000002631,BACKFILL_AUTO
2026-07-12 07:36:40,1783841800,R_75,53576.7134,-1,1.5420000000012806,BACKFILL_AUTO
2026-07-12 07:36:42,1783841802,R_75,53585.2135,1,8.500099999997474,BACKFILL_AUTO
2026-07-12 07:36:44,1783841804,R_75,53587.0718,1,1.858299999999872,BACKFILL_AUTO
2026-07-12 07:36:46,1783841806,R_75,53577.2257,-1,9.846099999995204,BACKFILL_AUTO
2026-07-12 07:36:48,1783841808,R_75,53591.6151,1,14.389400000000023,BACKFILL_AUTO
2026-07-12 07:36:50,1783841810,R_75,53593.0656,1,1.4504999999990105,BACKFILL_AUTO
2026-07-12 07:36:52,1783841812,R_75,53577.8763,-1,15.189299999998184,BACKFILL_AUTO
2026-07-12 07:36:54,1783841814,R_75,53595.9039,1,18.02759999999398,BACKFILL_AUTO
2026-07-12 07:36:56,1783841816,R_75,53590.1801,-1,5.7237999999997555,BACKFILL_AUTO
2026-07-12 07:36:58,1783841818,R_75,53611.1108,1,20.930700000004435,BACKFILL_AUTO
2026-07-12 07:37:00,1783841820,R_75,53615.8444,1,4.733599999999569,BACKFILL_AUTO
2026-07-12 07:37:02,1783841822,R_75,53620.0482,1,4.203799999995681,BACKFILL_AUTO
2026-07-12 07:37:04,1783841824,R_75,53618.9866,-1,1.061600000000908,BACKFILL_AUTO
2026-07-12 07:37:06,1783841826,R_75,53620.2197,1,1.2331000000049244,BACKFILL_AUTO
2026-07-12 07:37:08,1783841828,R_75,53625.3913,1,5.17160000000149,BACKFILL_AUTO
2026-07-12 07:37:10,1783841830,R_75,53623.9636,-1,1.4277000000001863,BACKFILL_AUTO
2026-07-12 07:37:12,1783841832,R_75,53620.0455,-1,3.918100000002596,BACKFILL_AUTO
2026-07-12 07:37:14,1783841834,R_75,53625.802,1,5.756500000003143,BACKFILL_AUTO
2026-07-12 07:37:16,1783841836,R_75,53627.0533,1,1.251299999996263,BACKFILL_AUTO
2026-07-12 07:37:18,1783841838,R_75,53637.3689,1,10.315600000001723,BACKFILL_AUTO
2026-07-12 07:37:20,1783841840,R_75,53638.594,1,1.2250999999960186,BACKFILL_AUTO
2026-07-12 07:37:22,1783841842,R_75,53637.5135,-1,1.0804999999963911,BACKFILL_AUTO
2026-07-12 07:37:24,1783841844,R_75,53628.3144,-1,9.199099999997998,BACKFILL_AUTO
2026-07-12 07:37:26,1783841846,R_75,53617.803,-1,10.51140000000305,BACKFILL_AUTO
2026-07-12 07:37:28,1783841848,R_75,53615.3609,-1,2.4421000000002095,BACKFILL_AUTO
2026-07-12 07:37:30,1783841850,R_75,53607.1286,-1,8.232300000003306,BACKFILL_AUTO
2026-07-12 07:37:32,1783841852,R_75,53616.346,1,9.217400000001362,BACKFILL_AUTO
2026-07-12 07:37:34,1783841854,R_75,53621.7375,1,5.3915000000051805,BACKFILL_AUTO
2026-07-12 07:37:36,1783841856,R_75,53618.7913,-1,2.946200000005774,BACKFILL_AUTO
2026-07-12 07:37:38,1783841858,R_75,53634.2483,1,15.457000000002154,BACKFILL_AUTO
2026-07-12 07:37:40,1783841860,R_75,53646.3805,1,12.132200000000012,BACKFILL_AUTO
2026-07-12 07:37:42,1783841862,R_75,53650.8693,1,4.4887999999991735,BACKFILL_AUTO
2026-07-12 07:37:44,1783841864,R_75,53638.4557,-1,12.41359999999986,BACKFILL_AUTO
2026-07-12 07:37:46,1783841866,R_75,53622.2431,-1,16.21259999999893,BACKFILL_AUTO
2026-07-12 07:37:48,1783841868,R_75,53622.1308,-1,0.11230000000068685,BACKFILL_AUTO
2026-07-12 07:37:50,1783841870,R_75,53624.1482,1,2.0174000000042724,BACKFILL_AUTO
2026-07-12 07:37:52,1783841872,R_75,53609.7158,-1,14.432400000005146,BACKFILL_AUTO
2026-07-12 07:37:54,1783841874,R_75,53613.2836,1,3.567800000004354,BACKFILL_AUTO
2026-07-12 07:37:56,1783841876,R_75,53609.1216,-1,4.1620000000039,BACKFILL_AUTO
2026-07-12 07:37:58,1783841878,R_75,53624.5296,1,15.408000000003085,BACKFILL_AUTO
2026-07-12 07:38:00,1783841880,R_75,53631.9488,1,7.419199999996636,BACKFILL_AUTO
2026-07-12 07:38:02,1783841882,R_75,53634.9718,1,3.0230000000010477,BACKFILL_AUTO
2026-07-12 07:38:04,1783841884,R_75,53638.9643,1,3.992500000000291,BACKFILL_AUTO
2026-07-12 07:38:06,1783841886,R_75,53632.0506,-1,6.913699999997334,BACKFILL_AUTO
2026-07-12 07:38:08,1783841888,R_75,53618.0706,-1,13.980000000003201,BACKFILL_AUTO
2026-07-12 07:38:10,1783841890,R_75,53613.5424,-1,4.528200000000652,BACKFILL_AUTO
2026-07-12 07:38:12,1783841892,R_75,53603.7935,-1,9.748899999998685,BACKFILL_AUTO
2026-07-12 07:38:14,1783841894,R_75,53595.1709,-1,8.622600000002421,BACKFILL_AUTO
2026-07-12 07:38:16,1783841896,R_75,53599.0756,1,3.9046999999991385,BACKFILL_AUTO
2026-07-12 07:38:18,1783841898,R_75,53613.611,1,14.535400000000664,BACKFILL_AUTO
2026-07-12 07:38:20,1783841900,R_75,53612.6597,-1,0.9513000000006286,BACKFILL_AUTO
2026-07-12 07:38:22,1783841902,R_75,53609.6163,-1,3.0433999999950174,BACKFILL_AUTO
2026-07-12 07:38:24,1783841904,R_75,53612.153,1,2.5366999999969266,BACKFILL_AUTO
2026-07-12 07:38:26,1783841906,R_75,53603.926,-1,8.226999999998952,BACKFILL_AUTO
2026-07-12 07:38:28,1783841908,R_75,53597.7058,-1,6.220199999996112,BACKFILL_AUTO
2026-07-12 07:38:30,1783841910,R_75,53582.2802,-1,15.425600000002305,BACKFILL_AUTO
2026-07-12 07:38:32,1783841912,R_75,53576.5187,-1,5.761500000000524,BACKFILL_AUTO
2026-07-12 07:38:34,1783841914,R_75,53568.8718,-1,7.646899999999732,BACKFILL_AUTO
2026-07-12 07:38:36,1783841916,R_75,53576.7433,1,7.871500000001106,BACKFILL_AUTO
2026-07-12 07:38:38,1783841918,R_75,53575.1098,-1,1.6335000000035507,BACKFILL_AUTO
2026-07-12 07:38:40,1783841920,R_75,53573.6368,-1,1.4729999999981374,BACKFILL_AUTO
2026-07-12 07:38:42,1783841922,R_75,53570.2206,-1,3.4161999999996624,BACKFILL_AUTO
2026-07-12 07:38:44,1783841924,R_75,53572.2306,1,2.0100000000020373,BACKFILL_AUTO
2026-07-12 07:38:46,1783841926,R_75,53575.5811,1,3.3505000000004657,BACKFILL_AUTO
2026-07-12 07:38:48,1783841928,R_75,53560.7072,-1,14.87390000000596,BACKFILL_AUTO
2026-07-12 07:38:50,1783841930,R_75,53562.5097,1,1.8025000000052387,BACKFILL_AUTO
2026-07-12 07:38:52,1783841932,R_75,53586.1647,1,23.654999999998836,BACKFILL_AUTO
2026-07-12 07:38:54,1783841934,R_75,53601.3294,1,15.164700000001176,BACKFILL_AUTO
2026-07-12 07:38:56,1783841936,R_75,53609.4609,1,8.131499999995867,BACKFILL_AUTO
2026-07-12 07:38:58,1783841938,R_75,53594.3804,-1,15.080499999996391,BACKFILL_AUTO
2026-07-12 07:39:00,1783841940,R_75,53601.7554,1,7.375,BACKFILL_AUTO
2026-07-12 07:39:02,1783841942,R_75,53611.2763,1,9.52089999999589,BACKFILL_AUTO
2026-07-12 07:39:04,1783841944,R_75,53613.8282,1,2.551900000005844,BACKFILL_AUTO
2026-07-12 07:39:06,1783841946,R_75,53611.3431,-1,2.485100000005332,BACKFILL_AUTO
2026-07-12 07:39:08,1783841948,R_75,53614.6199,1,3.276799999999639,BACKFILL_AUTO
2026-07-12 07:39:10,1783841950,R_75,53615.9479,1,1.3280000000013388,BACKFILL_AUTO
2026-07-12 07:39:12,1783841952,R_75,53607.6792,-1,8.268700000000536,BACKFILL_AUTO
2026-07-12 07:39:14,1783841954,R_75,53626.3518,1,18.672599999998056,BACKFILL_AUTO
2026-07-12 07:39:16,1783841956,R_75,53637.4887,1,11.136900000004971,BACKFILL_AUTO
2026-07-12 07:39:18,1783841958,R_75,53633.7673,-1,3.721400000002177,BACKFILL_AUTO
2026-07-12 07:39:20,1783841960,R_75,53634.8858,1,1.1184999999968568,BACKFILL_AUTO
2026-07-12 07:39:22,1783841962,R_75,53620.7959,-1,14.089899999999034,BACKFILL_AUTO
2026-07-12 07:39:24,1783841964,R_75,53627.1559,1,6.360000000000582,BACKFILL_AUTO
2026-07-12 07:39:26,1783841966,R_75,53630.2065,1,3.050600000002305,BACKFILL_AUTO
2026-07-12 07:39:28,1783841968,R_75,53626.6176,-1,3.588900000002468,BACKFILL_AUTO
2026-07-12 07:39:30,1783841970,R_75,53614.0218,-1,12.595799999995506,BACKFILL_AUTO
2026-07-12 07:39:32,1783841972,R_75,53598.9963,-1,15.025500000003376,BACKFILL_AUTO
2026-07-12 07:39:34,1783841974,R_75,53590.9804,-1,8.01589999999851,BACKFILL_AUTO
2026-07-12 07:39:36,1783841976,R_75,53561.4365,-1,29.54389999999694,BACKFILL_AUTO
2026-07-12 07:39:38,1783841978,R_75,53564.1496,1,2.713099999993574,BACKFILL_AUTO
2026-07-12 07:39:40,1783841980,R_75,53572.3341,1,8.184500000003027,BACKFILL_AUTO
2026-07-12 07:39:42,1783841982,R_75,53567.9523,-1,4.3818000000028405,BACKFILL_AUTO
2026-07-12 07:39:44,1783841984,R_75,53577.0066,1,9.054300000003423,BACKFILL_AUTO
2026-07-12 07:39:46,1783841986,R_75,53576.7409,-1,0.2657000000035623,BACKFILL_AUTO
2026-07-12 07:39:48,1783841988,R_75,53573.0106,-1,3.730299999995623,BACKFILL_AUTO
2026-07-12 07:39:50,1783841990,R_75,53574.3672,1,1.3565999999991618,BACKFILL_AUTO
2026-07-12 07:39:52,1783841992,R_75,53587.5583,1,13.191099999996368,BACKFILL_AUTO
2026-07-12 07:39:54,1783841994,R_75,53604.2444,1,16.686100000006263,BACKFILL_AUTO
2026-07-12 07:39:56,1783841996,R_75,53613.6584,1,9.413999999997031,BACKFILL_AUTO
2026-07-12 07:39:58,1783841998,R_75,53610.6415,-1,3.0169000000023516,BACKFILL_AUTO
2026-07-12 07:40:00,1783842000,R_75,53619.9349,1,9.293400000002293,BACKFILL_AUTO
2026-07-12 07:40:02,1783842002,R_75,53619.8668,-1,0.0680999999967753,BACKFILL_AUTO
2026-07-12 07:40:04,1783842004,R_75,53612.0839,-1,7.782900000005611,BACKFILL_AUTO
2026-07-12 07:40:06,1783842006,R_75,53600.9789,-1,11.104999999995925,BACKFILL_AUTO
2026-07-12 07:40:08,1783842008,R_75,53595.7611,-1,5.217799999998533,BACKFILL_AUTO
2026-07-12 07:40:10,1783842010,R_75,53585.4295,-1,10.331600000004983,BACKFILL_AUTO
2026-07-12 07:40:12,1783842012,R_75,53579.366,-1,6.063499999996566,BACKFILL_AUTO
2026-07-12 07:40:14,1783842014,R_75,53584.1194,1,4.75340000000142,BACKFILL_AUTO
2026-07-12 07:40:16,1783842016,R_75,53602.6843,1,18.56489999999758,BACKFILL_AUTO
2026-07-12 07:40:18,1783842018,R_75,53614.9341,1,12.249799999997776,BACKFILL_AUTO
2026-07-12 07:40:20,1783842020,R_75,53619.3498,1,4.4157000000050175,BACKFILL_AUTO
2026-07-12 07:40:22,1783842022,R_75,53614.539,-1,4.810800000006566,BACKFILL_AUTO
2026-07-12 07:40:24,1783842024,R_75,53631.7526,1,17.21360000000277,BACKFILL_AUTO
2026-07-12 07:40:26,1783842026,R_75,53606.9745,-1,24.778100000003178,BACKFILL_AUTO
2026-07-12 07:40:28,1783842028,R_75,53613.6285,1,6.65400000000227,BACKFILL_AUTO
2026-07-12 07:40:30,1783842030,R_75,53614.1824,1,0.5538999999989755,BACKFILL_AUTO
2026-07-12 07:40:32,1783842032,R_75,53609.5631,-1,4.619299999998475,BACKFILL_AUTO
2026-07-12 07:40:34,1783842034,R_75,53608.9447,-1,0.618399999999383,BACKFILL_AUTO
2026-07-12 07:40:36,1783842036,R_75,53602.3439,-1,6.600800000000163,BACKFILL_AUTO
2026-07-12 07:40:38,1783842038,R_75,53593.7546,-1,8.58929999999964,BACKFILL_AUTO
2026-07-12 07:40:40,1783842040,R_75,53587.8869,-1,5.867700000002515,BACKFILL_AUTO
2026-07-12 07:40:42,1783842042,R_75,53600.6822,1,12.795300000005227,BACKFILL_AUTO
2026-07-12 07:40:44,1783842044,R_75,53600.9749,1,0.292699999998149,BACKFILL_AUTO
2026-07-12 07:40:46,1783842046,R_75,53592.8329,-1,8.141999999999825,BACKFILL_AUTO
2026-07-12 07:40:48,1783842048,R_75,53586.8519,-1,5.980999999999767,BACKFILL_AUTO
2026-07-12 07:40:50,1783842050,R_75,53593.0909,1,6.239000000001397,BACKFILL_AUTO
2026-07-12 07:40:52,1783842052,R_75,53592.6149,-1,0.4760000000023865,BACKFILL_AUTO
2026-07-12 07:40:54,1783842054,R_75,53580.3771,-1,12.237800000002608,BACKFILL_AUTO
2026-07-12 07:40:56,1783842056,R_75,53572.7292,-1,7.647899999996298,BACKFILL_AUTO
2026-07-12 07:40:58,1783842058,R_75,53570.7088,-1,2.0204000000012456,BACKFILL_AUTO
2026-07-12 07:41:00,1783842060,R_75,53560.0738,-1,10.635000000002037,BACKFILL_AUTO
2026-07-12 07:41:02,1783842062,R_75,53550.746,-1,9.327799999999115,BACKFILL_AUTO
2026-07-12 07:41:04,1783842064,R_75,53543.3902,-1,7.355799999997544,BACKFILL_AUTO
2026-07-12 07:41:06,1783842066,R_75,53533.8543,-1,9.535900000002584,BACKFILL_AUTO
2026-07-12 07:41:08,1783842068,R_75,53525.6129,-1,8.241399999998976,BACKFILL_AUTO
2026-07-12 07:41:10,1783842070,R_75,53524.365,-1,1.2479000000021188,BACKFILL_AUTO
2026-07-12 07:41:12,1783842072,R_75,53520.7454,-1,3.6195999999981723,BACKFILL_AUTO
2026-07-12 07:41:14,1783842074,R_75,53533.8085,1,13.063099999999395,BACKFILL_AUTO
2026-07-12 07:41:16,1783842076,R_75,53531.3157,-1,2.4927999999999884,BACKFILL_AUTO
2026-07-12 07:41:18,1783842078,R_75,53526.4884,-1,4.827299999997194,BACKFILL_AUTO
2026-07-12 07:41:20,1783842080,R_75,53526.6203,1,0.13190000000031432,BACKFILL_AUTO
2026-07-12 07:41:22,1783842082,R_75,53526.7508,1,0.1304999999993015,BACKFILL_AUTO
2026-07-12 07:41:24,1783842084,R_75,53516.0787,-1,10.672100000003411,BACKFILL_AUTO
2026-07-12 07:41:26,1783842086,R_75,53506.7562,-1,9.322499999994761,BACKFILL_AUTO
2026-07-12 07:41:28,1783842088,R_75,53527.1181,1,20.36189999999624,BACKFILL_AUTO
2026-07-12 07:41:30,1783842090,R_75,53544.1453,1,17.02719999999681,BACKFILL_AUTO
2026-07-12 07:41:32,1783842092,R_75,53539.3262,-1,4.819099999993341,BACKFILL_AUTO
2026-07-12 07:41:34,1783842094,R_75,53526.8239,-1,12.502300000000105,BACKFILL_AUTO
2026-07-12 07:41:36,1783842096,R_75,53526.902,1,0.07809999999881256,BACKFILL_AUTO
2026-07-12 07:41:38,1783842098,R_75,53509.7929,-1,17.10910000000149,BACKFILL_AUTO
2026-07-12 07:41:40,1783842100,R_75,53507.2461,-1,2.5468000000037136,BACKFILL_AUTO
2026-07-12 07:41:42,1783842102,R_75,53501.284,-1,5.962099999997008,BACKFILL_AUTO
2026-07-12 07:41:44,1783842104,R_75,53500.1967,-1,1.0872999999992317,BACKFILL_AUTO
2026-07-12 07:41:46,1783842106,R_75,53505.9542,1,5.757499999999709,BACKFILL_AUTO
2026-07-12 07:41:48,1783842108,R_75,53517.3092,1,11.355000000003201,BACKFILL_AUTO
2026-07-12 07:41:50,1783842110,R_75,53529.1084,1,11.799199999994016,BACKFILL_AUTO
2026-07-12 07:41:52,1783842112,R_75,53537.4939,1,8.385500000003958,BACKFILL_AUTO
2026-07-12 07:41:54,1783842114,R_75,53525.8673,-1,11.626600000003236,BACKFILL_AUTO
2026-07-12 07:41:56,1783842116,R_75,53522.7102,-1,3.157099999996717,BACKFILL_AUTO
2026-07-12 07:41:58,1783842118,R_75,53521.3786,-1,1.3316000000049826,BACKFILL_AUTO
2026-07-12 07:42:00,1783842120,R_75,53523.7853,1,2.406700000006822,BACKFILL_AUTO
2026-07-12 07:42:02,1783842122,R_75,53528.6597,1,4.874399999993329,BACKFILL_AUTO
2026-07-12 07:42:04,1783842124,R_75,53526.0729,-1,2.586799999997311,BACKFILL_AUTO
2026-07-12 07:42:06,1783842126,R_75,53515.186,-1,10.886899999997695,BACKFILL_AUTO
2026-07-12 07:42:08,1783842128,R_75,53510.9637,-1,4.222300000001269,BACKFILL_AUTO
2026-07-12 07:42:10,1783842130,R_75,53513.7529,1,2.789199999999255,BACKFILL_AUTO
2026-07-12 07:42:12,1783842132,R_75,53510.4663,-1,3.286599999999453,BACKFILL_AUTO
2026-07-12 07:42:14,1783842134,R_75,53517.715,1,7.248699999996461,BACKFILL_AUTO
2026-07-12 07:42:16,1783842136,R_75,53507.198,-1,10.516999999999825,BACKFILL_AUTO
2026-07-12 07:42:18,1783842138,R_75,53511.5939,1,4.3959000000031665,BACKFILL_AUTO
2026-07-12 07:42:20,1783842140,R_75,53523.2064,1,11.61250000000291,BACKFILL_AUTO
2026-07-12 07:42:22,1783842142,R_75,53520.7294,-1,2.477000000006228,BACKFILL_AUTO
2026-07-12 07:42:24,1783842144,R_75,53505.9948,-1,14.734599999996135,BACKFILL_AUTO
2026-07-12 07:42:26,1783842146,R_75,53497.9285,-1,8.066299999998591,BACKFILL_AUTO
2026-07-12 07:42:28,1783842148,R_75,53504.9198,1,6.991300000001502,BACKFILL_AUTO
2026-07-12 07:42:30,1783842150,R_75,53519.5085,1,14.588700000000244,BACKFILL_AUTO
2026-07-12 07:42:32,1783842152,R_75,53522.1676,1,2.6590999999971245,BACKFILL_AUTO
2026-07-12 07:42:34,1783842154,R_75,53528.5315,1,6.363899999996647,BACKFILL_AUTO
2026-07-12 07:42:36,1783842156,R_75,53522.4909,-1,6.040600000000268,BACKFILL_AUTO
2026-07-12 07:42:38,1783842158,R_75,53518.505,-1,3.985899999999674,BACKFILL_AUTO
2026-07-12 07:42:40,1783842160,R_75,53521.9134,1,3.408400000000256,BACKFILL_AUTO
2026-07-12 07:42:42,1783842162,R_75,53531.8163,1,9.902900000000955,BACKFILL_AUTO
2026-07-12 07:42:44,1783842164,R_75,53528.4548,-1,3.3614999999990687,BACKFILL_AUTO
2026-07-12 07:42:46,1783842166,R_75,53534.7504,1,6.295599999997648,BACKFILL_AUTO
2026-07-12 07:42:48,1783842168,R_75,53530.4113,-1,4.339099999997416,BACKFILL_AUTO
2026-07-12 07:42:50,1783842170,R_75,53551.1889,1,20.777600000001257,BACKFILL_AUTO
2026-07-12 07:42:52,1783842172,R_75,53547.0062,-1,4.182699999997567,BACKFILL_AUTO
2026-07-12 07:42:54,1783842174,R_75,53558.8886,1,11.88239999999496,BACKFILL_AUTO
2026-07-12 07:42:56,1783842176,R_75,53554.5543,-1,4.3342999999949825,BACKFILL_AUTO
2026-07-12 07:42:58,1783842178,R_75,53547.8071,-1,6.74720000000525,BACKFILL_AUTO
2026-07-12 07:43:00,1783842180,R_75,53560.0926,1,12.285500000005413,BACKFILL_AUTO
2026-07-12 07:43:02,1783842182,R_75,53551.9098,-1,8.182800000002317,BACKFILL_AUTO
2026-07-12 07:43:04,1783842184,R_75,53547.4459,-1,4.463900000002468,BACKFILL_AUTO
2026-07-12 07:43:06,1783842186,R_75,53549.3776,1,1.9317000000010012,BACKFILL_AUTO
2026-07-12 07:43:08,1783842188,R_75,53552.1134,1,2.7358000000022002,BACKFILL_AUTO
2026-07-12 07:43:10,1783842190,R_75,53534.8721,-1,17.2413000000015,BACKFILL_AUTO
2026-07-12 07:43:12,1783842192,R_75,53524.9868,-1,9.885300000001735,BACKFILL_AUTO
2026-07-12 07:43:14,1783842194,R_75,53521.5532,-1,3.433599999996659,BACKFILL_AUTO
2026-07-12 07:43:16,1783842196,R_75,53515.9444,-1,5.608800000001793,BACKFILL_AUTO
2026-07-12 07:43:18,1783842198,R_75,53514.3976,-1,1.5468000000037136,BACKFILL_AUTO
2026-07-12 07:43:20,1783842200,R_75,53504.959,-1,9.43859999999404,BACKFILL_AUTO
2026-07-12 07:43:22,1783842202,R_75,53512.2073,1,7.24829999999929,BACKFILL_AUTO
2026-07-12 07:43:24,1783842204,R_75,53505.5511,-1,6.656200000004901,BACKFILL_AUTO
2026-07-12 07:43:26,1783842206,R_75,53512.7349,1,7.183800000006158,BACKFILL_AUTO
2026-07-12 07:43:28,1783842208,R_75,53498.6052,-1,14.12970000000496,BACKFILL_AUTO
2026-07-12 07:43:30,1783842210,R_75,53502.1243,1,3.5191000000049826,BACKFILL_AUTO
2026-07-12 07:43:32,1783842212,R_75,53495.7221,-1,6.402200000004086,BACKFILL_AUTO
2026-07-12 07:43:34,1783842214,R_75,53496.4368,1,0.7147000000040862,BACKFILL_AUTO
2026-07-12 07:43:36,1783842216,R_75,53502.5293,1,6.092499999998836,BACKFILL_AUTO
2026-07-12 07:43:38,1783842218,R_75,53520.751,1,18.2216999999946,BACKFILL_AUTO
2026-07-12 07:43:40,1783842220,R_75,53536.1827,1,15.431700000001001,BACKFILL_AUTO
2026-07-12 07:43:42,1783842222,R_75,53536.2981,1,0.1154000000024098,BACKFILL_AUTO
2026-07-12 07:43:44,1783842224,R_75,53549.7388,1,13.440699999999197,BACKFILL_AUTO
2026-07-12 07:43:46,1783842226,R_75,53548.6847,-1,1.054100000001199,BACKFILL_AUTO
2026-07-12 07:43:48,1783842228,R_75,53549.335,1,0.6503000000011525,BACKFILL_AUTO
2026-07-12 07:43:50,1783842230,R_75,53548.8952,-1,0.4398000000001048,BACKFILL_AUTO
2026-07-12 07:43:52,1783842232,R_75,53560.1053,1,11.210100000003877,BACKFILL_AUTO
2026-07-12 07:43:54,1783842234,R_75,53566.1454,1,6.040099999998347,BACKFILL_AUTO
2026-07-12 07:43:56,1783842236,R_75,53581.8361,1,15.690699999999197,BACKFILL_AUTO
2026-07-12 07:43:58,1783842238,R_75,53585.8126,1,3.9764999999970314,BACKFILL_AUTO
2026-07-12 07:44:00,1783842240,R_75,53578.5622,-1,7.250399999997171,BACKFILL_AUTO
2026-07-12 07:44:02,1783842242,R_75,53604.8869,1,26.324699999997392,BACKFILL_AUTO
2026-07-12 07:44:04,1783842244,R_75,53600.1564,-1,4.730499999997846,BACKFILL_AUTO
2026-07-12 07:44:06,1783842246,R_75,53597.8339,-1,2.3225000000020373,BACKFILL_AUTO
2026-07-12 07:44:08,1783842248,R_75,53600.3528,1,2.518900000002759,BACKFILL_AUTO
2026-07-12 07:44:10,1783842250,R_75,53619.4977,1,19.144899999999325,BACKFILL_AUTO
2026-07-12 07:44:12,1783842252,R_75,53604.682,-1,14.815699999999197,BACKFILL_AUTO
2026-07-12 07:44:14,1783842254,R_75,53605.2801,1,0.5981000000028871,BACKFILL_AUTO
2026-07-12 07:44:16,1783842256,R_75,53596.5496,-1,8.730500000005122,BACKFILL_AUTO
2026-07-12 07:44:18,1783842258,R_75,53593.5231,-1,3.026499999999942,BACKFILL_AUTO
2026-07-12 07:44:20,1783842260,R_75,53604.141,1,10.617900000004738,BACKFILL_AUTO
2026-07-12 07:44:22,1783842262,R_75,53601.6511,-1,2.489900000000489,BACKFILL_AUTO
2026-07-12 07:44:24,1783842264,R_75,53594.8026,-1,6.848500000000058,BACKFILL_AUTO
2026-07-12 07:44:26,1783842266,R_75,53619.1175,1,24.31489999999758,BACKFILL_AUTO
2026-07-12 07:44:28,1783842268,R_75,53608.2072,-1,10.91030000000319,BACKFILL_AUTO
2026-07-12 07:44:30,1783842270,R_75,53615.527,1,7.319800000004761,BACKFILL_AUTO
2026-07-12 07:44:32,1783842272,R_75,53607.4863,-1,8.040700000005018,BACKFILL_AUTO
2026-07-12 07:44:34,1783842274,R_75,53601.0925,-1,6.393799999998009,BACKFILL_AUTO
2026-07-12 07:44:36,1783842276,R_75,53620.7589,1,19.666400000001886,BACKFILL_AUTO
2026-07-12 07:44:38,1783842278,R_75,53614.3148,-1,6.444100000000617,BACKFILL_AUTO
2026-07-12 07:44:40,1783842280,R_75,53614.7202,1,0.4054000000032829,BACKFILL_AUTO
2026-07-12 07:44:42,1783842282,R_75,53621.9595,1,7.239299999993818,BACKFILL_AUTO
2026-07-12 07:44:44,1783842284,R_75,53616.1736,-1,5.7858999999953085,BACKFILL_AUTO
2026-07-12 07:44:46,1783842286,R_75,53615.1361,-1,1.0374999999985448,BACKFILL_AUTO
2026-07-12 07:44:48,1783842288,R_75,53626.0065,1,10.87039999999979,BACKFILL_AUTO
2026-07-12 07:44:50,1783842290,R_75,53616.177,-1,9.829499999999825,BACKFILL_AUTO
2026-07-12 07:44:52,1783842292,R_75,53603.2029,-1,12.974100000006729,BACKFILL_AUTO
2026-07-12 07:44:54,1783842294,R_75,53601.8131,-1,1.3897999999971944,BACKFILL_AUTO
2026-07-12 07:44:56,1783842296,R_75,53596.1582,-1,5.654900000001362,BACKFILL_AUTO
2026-07-12 07:44:58,1783842298,R_75,53601.3749,1,5.216700000004494,BACKFILL_AUTO
2026-07-12 07:45:00,1783842300,R_75,53620.1202,1,18.74529999999504,BACKFILL_AUTO
2026-07-12 07:45:02,1783842302,R_75,53627.3797,1,7.259500000000116,BACKFILL_AUTO
2026-07-12 07:45:04,1783842304,R_75,53645.7246,1,18.34490000000369,BACKFILL_AUTO
2026-07-12 07:45:06,1783842306,R_75,53640.1865,-1,5.5380999999979394,BACKFILL_AUTO
2026-07-12 07:45:08,1783842308,R_75,53634.4962,-1,5.690300000002026,BACKFILL_AUTO
2026-07-12 07:45:10,1783842310,R_75,53631.316,-1,3.1802000000025146,BACKFILL_AUTO
2026-07-12 07:45:12,1783842312,R_75,53627.9513,-1,3.3646999999982654,BACKFILL_AUTO
2026-07-12 07:45:14,1783842314,R_75,53615.0216,-1,12.929700000000594,BACKFILL_AUTO
2026-07-12 07:45:16,1783842316,R_75,53605.5935,-1,9.428099999997357,BACKFILL_AUTO
2026-07-12 07:45:18,1783842318,R_75,53606.3555,1,0.7619999999951688,BACKFILL_AUTO
2026-07-12 07:45:20,1783842320,R_75,53620.4249,1,14.069400000000314,BACKFILL_AUTO
2026-07-12 07:45:22,1783842322,R_75,53631.9224,1,11.497500000004948,BACKFILL_AUTO
2026-07-12 07:45:24,1783842324,R_75,53633.741,1,1.8185999999986961,BACKFILL_AUTO
2026-07-12 07:45:26,1783842326,R_75,53613.8618,-1,19.87920000000304,BACKFILL_AUTO
2026-07-12 07:45:28,1783842328,R_75,53616.1421,1,2.280299999998533,BACKFILL_AUTO
2026-07-12 07:45:30,1783842330,R_75,53617.6235,1,1.4814000000042142,BACKFILL_AUTO
2026-07-12 07:45:32,1783842332,R_75,53609.3706,-1,8.2528999999995,BACKFILL_AUTO
2026-07-12 07:45:34,1783842334,R_75,53620.9694,1,11.598799999999756,BACKFILL_AUTO
2026-07-12 07:45:36,1783842336,R_75,53619.0649,-1,1.904500000004191,BACKFILL_AUTO
2026-07-12 07:45:38,1783842338,R_75,53631.1809,1,12.116000000001804,BACKFILL_AUTO
2026-07-12 07:45:40,1783842340,R_75,53641.6464,1,10.465499999998428,BACKFILL_AUTO
2026-07-12 07:45:42,1783842342,R_75,53649.5583,1,7.91189999999915,BACKFILL_AUTO
2026-07-12 07:45:44,1783842344,R_75,53647.4267,-1,2.131599999993341,BACKFILL_AUTO
2026-07-12 07:45:46,1783842346,R_75,53643.8805,-1,3.546200000004319,BACKFILL_AUTO
2026-07-12 07:45:48,1783842348,R_75,53635.0575,-1,8.822999999996682,BACKFILL_AUTO
2026-07-12 07:45:50,1783842350,R_75,53642.1901,1,7.132599999997183,BACKFILL_AUTO
2026-07-12 07:45:52,1783842352,R_75,53631.3733,-1,10.816800000000512,BACKFILL_AUTO
2026-07-12 07:45:54,1783842354,R_75,53629.556,-1,1.817300000002433,BACKFILL_AUTO
2026-07-12 07:45:56,1783842356,R_75,53622.4423,-1,7.113699999994424,BACKFILL_AUTO
2026-07-12 07:45:58,1783842358,R_75,53632.7553,1,10.312999999994645,BACKFILL_AUTO
2026-07-12 07:46:00,1783842360,R_75,53629.7921,-1,2.9631999999983236,BACKFILL_AUTO
2026-07-12 07:46:02,1783842362,R_75,53632.5901,1,2.798000000002503,BACKFILL_AUTO
2026-07-12 07:46:04,1783842364,R_75,53619.0439,-1,13.546200000004319,BACKFILL_AUTO
2026-07-12 07:46:06,1783842366,R_75,53631.6871,1,12.64320000000589,BACKFILL_AUTO
2026-07-12 07:46:08,1783842368,R_75,53627.9878,-1,3.699300000000221,BACKFILL_AUTO
2026-07-12 07:46:10,1783842370,R_75,53625.3462,-1,2.6416000000026543,BACKFILL_AUTO
2026-07-12 07:46:12,1783842372,R_75,53621.9537,-1,3.3925000000017462,BACKFILL_AUTO
2026-07-12 07:46:14,1783842374,R_75,53612.6402,-1,9.313499999996566,BACKFILL_AUTO
2026-07-12 07:46:16,1783842376,R_75,53611.2722,-1,1.368000000002212,BACKFILL_AUTO
2026-07-12 07:46:18,1783842378,R_75,53612.5261,1,1.2539000000033411,BACKFILL_AUTO
2026-07-12 07:46:20,1783842380,R_75,53613.9755,1,1.449399999997695,BACKFILL_AUTO
2026-07-12 07:46:22,1783842382,R_75,53613.0045,-1,0.9709999999977299,BACKFILL_AUTO
2026-07-12 07:46:24,1783842384,R_75,53609.4671,-1,3.537400000001071,BACKFILL_AUTO
2026-07-12 07:46:26,1783842386,R_75,53604.0927,-1,5.374400000000605,BACKFILL_AUTO
2026-07-12 07:46:28,1783842388,R_75,53602.8449,-1,1.247800000004645,BACKFILL_AUTO
2026-07-12 07:46:30,1783842390,R_75,53607.3734,1,4.528500000000349,BACKFILL_AUTO
2026-07-12 07:46:32,1783842392,R_75,53631.0578,1,23.684400000005553,BACKFILL_AUTO
2026-07-12 07:46:34,1783842394,R_75,53608.7062,-1,22.35160000000178,BACKFILL_AUTO
2026-07-12 07:46:36,1783842396,R_75,53595.9508,-1,12.755400000001828,BACKFILL_AUTO
2026-07-12 07:46:38,1783842398,R_75,53600.8451,1,4.89429999999993,BACKFILL_AUTO
2026-07-12 07:46:40,1783842400,R_75,53593.3942,-1,7.450899999996182,BACKFILL_AUTO
2026-07-12 07:46:42,1783842402,R_75,53596.0037,1,2.6094999999986612,BACKFILL_AUTO
2026-07-12 07:46:44,1783842404,R_75,53604.0622,1,8.058499999999185,BACKFILL_AUTO
2026-07-12 07:46:46,1783842406,R_75,53598.2414,-1,5.820800000001327,BACKFILL_AUTO
2026-07-12 07:46:48,1783842408,R_75,53606.6472,1,8.405800000000454,BACKFILL_AUTO
2026-07-12 07:46:50,1783842410,R_75,53592.4905,-1,14.156699999999546,BACKFILL_AUTO
2026-07-12 07:46:52,1783842412,R_75,53591.7028,-1,0.7877000000007683,BACKFILL_AUTO
2026-07-12 07:46:54,1783842414,R_75,53595.0011,1,3.2983000000022002,BACKFILL_AUTO
2026-07-12 07:46:56,1783842416,R_75,53601.374,1,6.372900000002119,BACKFILL_AUTO
2026-07-12 07:46:58,1783842418,R_75,53596.6378,-1,4.736200000006647,BACKFILL_AUTO
2026-07-12 07:47:00,1783842420,R_75,53603.4165,1,6.778700000002573,BACKFILL_AUTO
2026-07-12 07:47:02,1783842422,R_75,53591.5231,-1,11.893400000000838,BACKFILL_AUTO
2026-07-12 07:47:04,1783842424,R_75,53592.9567,1,1.4336000000039348,BACKFILL_AUTO
2026-07-12 07:47:06,1783842426,R_75,53600.294,1,7.337299999999232,BACKFILL_AUTO
2026-07-12 07:47:08,1783842428,R_75,53589.1679,-1,11.126100000001315,BACKFILL_AUTO
2026-07-12 07:47:10,1783842430,R_75,53593.0591,1,3.891199999998207,BACKFILL_AUTO
2026-07-12 07:47:12,1783842432,R_75,53582.6919,-1,10.367200000000594,BACKFILL_AUTO
2026-07-12 07:47:14,1783842434,R_75,53587.9772,1,5.28530000000319,BACKFILL_AUTO
2026-07-12 07:47:16,1783842436,R_75,53603.357,1,15.379800000002433,BACKFILL_AUTO
2026-07-12 07:47:18,1783842438,R_75,53597.2575,-1,6.0995000000039,BACKFILL_AUTO
2026-07-12 07:47:20,1783842440,R_75,53596.0079,-1,1.249600000002829,BACKFILL_AUTO
2026-07-12 07:47:22,1783842442,R_75,53608.3209,1,12.31300000000192,BACKFILL_AUTO
2026-07-12 07:47:24,1783842444,R_75,53608.8484,1,0.5275000000037835,BACKFILL_AUTO
2026-07-12 07:47:26,1783842446,R_75,53642.5217,1,33.673299999994924,BACKFILL_AUTO
2026-07-12 07:47:28,1783842448,R_75,53631.0732,-1,11.448499999998603,BACKFILL_AUTO
2026-07-12 07:47:30,1783842450,R_75,53629.2548,-1,1.8183999999964726,BACKFILL_AUTO
2026-07-12 07:47:32,1783842452,R_75,53627.0508,-1,2.2040000000051805,BACKFILL_AUTO
2026-07-12 07:47:34,1783842454,R_75,53624.3122,-1,2.73859999999695,BACKFILL_AUTO
2026-07-12 07:47:36,1783842456,R_75,53630.4427,1,6.1304999999993015,BACKFILL_AUTO
2026-07-12 07:47:38,1783842458,R_75,53627.2799,-1,3.162799999998242,BACKFILL_AUTO
2026-07-12 07:47:40,1783842460,R_75,53631.6954,1,4.415499999995518,BACKFILL_AUTO
2026-07-12 07:47:42,1783842462,R_75,53653.4431,1,21.747699999999895,BACKFILL_AUTO
2026-07-12 07:47:44,1783842464,R_75,53650.3177,-1,3.125399999997171,BACKFILL_AUTO
2026-07-12 07:47:46,1783842466,R_75,53649.7329,-1,0.5847999999969034,BACKFILL_AUTO
2026-07-12 07:47:48,1783842468,R_75,53639.593,-1,10.139900000001944,BACKFILL_AUTO
2026-07-12 07:47:50,1783842470,R_75,53646.3923,1,6.799299999998766,BACKFILL_AUTO
2026-07-12 07:47:52,1783842472,R_75,53648.6936,1,2.3012999999991735,BACKFILL_AUTO
2026-07-12 07:47:54,1783842474,R_75,53662.3171,1,13.623500000001513,BACKFILL_AUTO
2026-07-12 07:47:56,1783842476,R_75,53661.2853,-1,1.0317999999970198,BACKFILL_AUTO
2026-07-12 07:47:58,1783842478,R_75,53679.5175,1,18.232199999998556,BACKFILL_AUTO
2026-07-12 07:48:00,1783842480,R_75,53675.1427,-1,4.374800000005052,BACKFILL_AUTO
2026-07-12 07:48:02,1783842482,R_75,53667.8671,-1,7.275599999993574,BACKFILL_AUTO
2026-07-12 07:48:04,1783842484,R_75,53646.8232,-1,21.043900000004214,BACKFILL_AUTO
2026-07-12 07:48:06,1783842486,R_75,53636.3766,-1,10.44659999999567,BACKFILL_AUTO
2026-07-12 07:48:08,1783842488,R_75,53650.601,1,14.22439999999915,BACKFILL_AUTO
2026-07-12 07:48:10,1783842490,R_75,53650.7889,1,0.1878999999971711,BACKFILL_AUTO
2026-07-12 07:48:12,1783842492,R_75,53665.3065,1,14.51759999999922,BACKFILL_AUTO
2026-07-12 07:48:14,1783842494,R_75,53680.6049,1,15.298399999999674,BACKFILL_AUTO
2026-07-12 07:48:16,1783842496,R_75,53679.8127,-1,0.7921999999962281,BACKFILL_AUTO
2026-07-12 07:48:18,1783842498,R_75,53686.2474,1,6.434699999997974,BACKFILL_AUTO
2026-07-12 07:48:20,1783842500,R_75,53688.5311,1,2.2836999999999534,BACKFILL_AUTO
2026-07-12 07:48:22,1783842502,R_75,53679.7699,-1,8.761200000000827,BACKFILL_AUTO
2026-07-12 07:48:24,1783842504,R_75,53679.7805,1,0.010600000001431908,BACKFILL_AUTO
2026-07-12 07:48:26,1783842506,R_75,53686.7075,1,6.926999999996042,BACKFILL_AUTO
2026-07-12 07:48:28,1783842508,R_75,53670.5068,-1,16.200699999993958,BACKFILL_AUTO
2026-07-12 07:48:30,1783842510,R_75,53670.613,1,0.10619999999471474,BACKFILL_AUTO
2026-07-12 07:48:32,1783842512,R_75,53673.2032,1,2.590200000006007,BACKFILL_AUTO
2026-07-12 07:48:34,1783842514,R_75,53671.0123,-1,2.1909000000014203,BACKFILL_AUTO
2026-07-12 07:48:36,1783842516,R_75,53668.129,-1,2.883300000001327,BACKFILL_AUTO
2026-07-12 07:48:38,1783842518,R_75,53689.3335,1,21.204499999999825,BACKFILL_AUTO
2026-07-12 07:48:40,1783842520,R_75,53695.3955,1,6.061999999998079,BACKFILL_AUTO
2026-07-12 07:48:42,1783842522,R_75,53694.3569,-1,1.0385999999998603,BACKFILL_AUTO
2026-07-12 07:48:44,1783842524,R_75,53706.4173,1,12.060400000002119,BACKFILL_AUTO
2026-07-12 07:48:46,1783842526,R_75,53712.2442,1,5.826900000000023,BACKFILL_AUTO
2026-07-12 07:48:48,1783842528,R_75,53711.5164,-1,0.7278000000005704,BACKFILL_AUTO
2026-07-12 07:48:50,1783842530,R_75,53722.0198,1,10.50340000000142,BACKFILL_AUTO
2026-07-12 07:48:52,1783842532,R_75,53717.3766,-1,4.643199999998615,BACKFILL_AUTO
2026-07-12 07:48:54,1783842534,R_75,53713.6837,-1,3.6929000000018277,BACKFILL_AUTO
2026-07-12 07:48:56,1783842536,R_75,53707.7185,-1,5.965199999998731,BACKFILL_AUTO
2026-07-12 07:48:58,1783842538,R_75,53711.1872,1,3.468699999997625,BACKFILL_AUTO
2026-07-12 07:49:00,1783842540,R_75,53707.1642,-1,4.023000000001048,BACKFILL_AUTO
2026-07-12 07:49:02,1783842542,R_75,53717.2594,1,10.095200000003388,BACKFILL_AUTO
2026-07-12 07:49:04,1783842544,R_75,53707.6696,-1,9.58980000000156,BACKFILL_AUTO
2026-07-12 07:49:06,1783842546,R_75,53705.4857,-1,2.183900000003632,BACKFILL_AUTO
2026-07-12 07:49:08,1783842548,R_75,53712.3099,1,6.824200000002747,BACKFILL_AUTO
2026-07-12 07:49:10,1783842550,R_75,53725.2106,1,12.900699999998324,BACKFILL_AUTO
2026-07-12 07:49:12,1783842552,R_75,53722.7005,-1,2.510099999999511,BACKFILL_AUTO
2026-07-12 07:49:14,1783842554,R_75,53730.7315,1,8.031000000002678,BACKFILL_AUTO
2026-07-12 07:49:16,1783842556,R_75,53714.294,-1,16.4375,BACKFILL_AUTO
2026-07-12 07:49:18,1783842558,R_75,53717.2096,1,2.9156000000002678,BACKFILL_AUTO
2026-07-12 07:49:20,1783842560,R_75,53724.6907,1,7.481099999997241,BACKFILL_AUTO
2026-07-12 07:49:22,1783842562,R_75,53708.8443,-1,15.846400000002177,BACKFILL_AUTO
2026-07-12 07:49:24,1783842564,R_75,53711.927,1,3.082700000006298,BACKFILL_AUTO
2026-07-12 07:49:26,1783842566,R_75,53719.3105,1,7.383499999996275,BACKFILL_AUTO
2026-07-12 07:49:28,1783842568,R_75,53717.3628,-1,1.9476999999969848,BACKFILL_AUTO
2026-07-12 07:49:30,1783842570,R_75,53728.7368,1,11.373999999996158,BACKFILL_AUTO
2026-07-12 07:49:32,1783842572,R_75,53733.2094,1,4.472600000000966,BACKFILL_AUTO
2026-07-12 07:49:34,1783842574,R_75,53733.2392,1,0.029800000003888272,BACKFILL_AUTO
2026-07-12 07:49:36,1783842576,R_75,53721.8069,-1,11.432300000000396,BACKFILL_AUTO
2026-07-12 07:49:38,1783842578,R_75,53721.1056,-1,0.7013000000006286,BACKFILL_AUTO
2026-07-12 07:49:40,1783842580,R_75,53727.2739,1,6.168299999997544,BACKFILL_AUTO
2026-07-12 07:49:42,1783842582,R_75,53750.3025,1,23.028599999997823,BACKFILL_AUTO
2026-07-12 07:49:44,1783842584,R_75,53756.7283,1,6.425800000004529,BACKFILL_AUTO
2026-07-12 07:49:46,1783842586,R_75,53750.4693,-1,6.2590000000054715,BACKFILL_AUTO
2026-07-12 07:49:48,1783842588,R_75,53739.7175,-1,10.751799999998184,BACKFILL_AUTO
2026-07-12 07:49:50,1783842590,R_75,53728.737,-1,10.980499999997846,BACKFILL_AUTO
2026-07-12 07:49:52,1783842592,R_75,53731.6348,1,2.897799999998824,BACKFILL_AUTO
2026-07-12 07:49:54,1783842594,R_75,53731.9194,1,0.2845999999990454,BACKFILL_AUTO
2026-07-12 07:49:56,1783842596,R_75,53742.5513,1,10.631900000000314,BACKFILL_AUTO
2026-07-12 07:49:58,1783842598,R_75,53760.7907,1,18.239399999998568,BACKFILL_AUTO
2026-07-12 07:50:00,1783842600,R_75,53778.584,1,17.79330000000482,BACKFILL_AUTO
2026-07-12 07:50:02,1783842602,R_75,53776.3276,-1,2.2564000000056694,BACKFILL_AUTO
2026-07-12 07:50:04,1783842604,R_75,53781.8307,1,5.503100000001723,BACKFILL_AUTO
2026-07-12 07:50:06,1783842606,R_75,53788.9987,1,7.167999999997846,BACKFILL_AUTO
2026-07-12 07:50:08,1783842608,R_75,53786.3364,-1,2.6622999999963213,BACKFILL_AUTO
2026-07-12 07:50:10,1783842610,R_75,53765.6976,-1,20.63880000000063,BACKFILL_AUTO
2026-07-12 07:50:12,1783842612,R_75,53771.8299,1,6.132299999997485,BACKFILL_AUTO
2026-07-12 07:50:14,1783842614,R_75,53764.0275,-1,7.802400000000489,BACKFILL_AUTO
2026-07-12 07:50:16,1783842616,R_75,53777.6508,1,13.623300000006566,BACKFILL_AUTO
2026-07-12 07:50:18,1783842618,R_75,53789.7329,1,12.082099999999627,BACKFILL_AUTO
2026-07-12 07:50:20,1783842620,R_75,53793.1995,1,3.466599999999744,BACKFILL_AUTO
2026-07-12 07:50:22,1783842622,R_75,53800.5867,1,7.387199999997392,BACKFILL_AUTO
2026-07-12 07:50:24,1783842624,R_75,53806.808,1,6.221299999997427,BACKFILL_AUTO
2026-07-12 07:50:26,1783842626,R_75,53794.1995,-1,12.60849999999482,BACKFILL_AUTO
2026-07-12 07:50:28,1783842628,R_75,53775.5222,-1,18.677300000003015,BACKFILL_AUTO
2026-07-12 07:50:30,1783842630,R_75,53779.2278,1,3.705600000001141,BACKFILL_AUTO
2026-07-12 07:50:32,1783842632,R_75,53769.8347,-1,9.39310000000114,BACKFILL_AUTO
2026-07-12 07:50:34,1783842634,R_75,53761.8568,-1,7.977899999998044,BACKFILL_AUTO
2026-07-12 07:50:36,1783842636,R_75,53758.797,-1,3.059800000002724,BACKFILL_AUTO
2026-07-12 07:50:38,1783842638,R_75,53755.2195,-1,3.577499999999418,BACKFILL_AUTO
2026-07-12 07:50:40,1783842640,R_75,53749.1591,-1,6.060400000002119,BACKFILL_AUTO
2026-07-12 07:50:42,1783842642,R_75,53750.2025,1,1.0434000000022934,BACKFILL_AUTO
2026-07-12 07:50:44,1783842644,R_75,53741.2187,-1,8.983800000001793,BACKFILL_AUTO
2026-07-12 07:50:46,1783842646,R_75,53747.1876,1,5.968899999999849,BACKFILL_AUTO
2026-07-12 07:50:48,1783842648,R_75,53742.3158,-1,4.871800000000803,BACKFILL_AUTO
2026-07-12 07:50:50,1783842650,R_75,53701.6935,-1,40.62229999999545,BACKFILL_AUTO
2026-07-12 07:50:52,1783842652,R_75,53708.6502,1,6.95669999999518,BACKFILL_AUTO
2026-07-12 07:50:54,1783842654,R_75,53716.1095,1,7.4593000000022585,BACKFILL_AUTO
2026-07-12 07:50:56,1783842656,R_75,53714.1684,-1,1.9410999999963678,BACKFILL_AUTO
2026-07-12 07:50:58,1783842658,R_75,53724.2378,1,10.069400000000314,BACKFILL_AUTO
2026-07-12 07:51:00,1783842660,R_75,53718.4321,-1,5.805700000004435,BACKFILL_AUTO
2026-07-12 07:51:02,1783842662,R_75,53721.0227,1,2.590600000003178,BACKFILL_AUTO
2026-07-12 07:51:04,1783842664,R_75,53723.4216,1,2.3989000000001397,BACKFILL_AUTO
2026-07-12 07:51:06,1783842666,R_75,53717.0327,-1,6.388899999998102,BACKFILL_AUTO
2026-07-12 07:51:08,1783842668,R_75,53702.368,-1,14.664700000001176,BACKFILL_AUTO
2026-07-12 07:51:10,1783842670,R_75,53698.0365,-1,4.331500000000233,BACKFILL_AUTO
2026-07-12 07:51:12,1783842672,R_75,53679.2342,-1,18.802300000003015,BACKFILL_AUTO
2026-07-12 07:51:14,1783842674,R_75,53691.7814,1,12.547200000000885,BACKFILL_AUTO
2026-07-12 07:51:16,1783842676,R_75,53702.3645,1,10.58310000000347,BACKFILL_AUTO
2026-07-12 07:51:18,1783842678,R_75,53709.555,1,7.190499999996973,BACKFILL_AUTO
2026-07-12 07:51:20,1783842680,R_75,53730.9298,1,21.374799999997776,BACKFILL_AUTO
2026-07-12 07:51:22,1783842682,R_75,53741.2252,1,10.2954000000027,BACKFILL_AUTO
2026-07-12 07:51:24,1783842684,R_75,53730.9186,-1,10.306600000003527,BACKFILL_AUTO
2026-07-12 07:51:26,1783842686,R_75,53727.357,-1,3.561599999993632,BACKFILL_AUTO
2026-07-12 07:51:28,1783842688,R_75,53735.2365,1,7.87949999999546,BACKFILL_AUTO
2026-07-12 07:51:30,1783842690,R_75,53719.3505,-1,15.885999999998603,BACKFILL_AUTO
2026-07-12 07:51:32,1783842692,R_75,53717.6532,-1,1.6972999999998137,BACKFILL_AUTO
2026-07-12 07:51:34,1783842694,R_75,53717.4087,-1,0.2445000000006985,BACKFILL_AUTO
2026-07-12 07:51:36,1783842696,R_75,53711.8974,-1,5.5112999999983,BACKFILL_AUTO
2026-07-12 07:51:38,1783842698,R_75,53713.8227,1,1.9252999999953317,BACKFILL_AUTO
2026-07-12 07:51:40,1783842700,R_75,53715.7208,1,1.8981000000057975,BACKFILL_AUTO
2026-07-12 07:51:42,1783842702,R_75,53709.9413,-1,5.779500000004191,BACKFILL_AUTO
2026-07-12 07:51:44,1783842704,R_75,53709.5905,-1,0.350800000000163,BACKFILL_AUTO
2026-07-12 07:51:46,1783842706,R_75,53696.1382,-1,13.452299999997194,BACKFILL_AUTO
2026-07-12 07:51:48,1783842708,R_75,53697.903,1,1.7647999999971944,BACKFILL_AUTO
2026-07-12 07:51:50,1783842710,R_75,53697.886,-1,0.016999999999825377,BACKFILL_AUTO
2026-07-12 07:51:52,1783842712,R_75,53700.5469,1,2.6609000000025844,BACKFILL_AUTO
2026-07-12 07:51:54,1783842714,R_75,53681.5425,-1,19.004399999997986,BACKFILL_AUTO
2026-07-12 07:51:56,1783842716,R_75,53671.6597,-1,9.882800000006682,BACKFILL_AUTO
2026-07-12 07:51:58,1783842718,R_75,53650.7406,-1,20.919099999999162,BACKFILL_AUTO
2026-07-12 07:52:00,1783842720,R_75,53636.6185,-1,14.1221000000005,BACKFILL_AUTO
2026-07-12 07:52:02,1783842722,R_75,53632.5707,-1,4.047800000000279,BACKFILL_AUTO
2026-07-12 07:52:04,1783842724,R_75,53633.5842,1,1.0135000000009313,BACKFILL_AUTO
2026-07-12 07:52:06,1783842726,R_75,53640.0964,1,6.512200000004668,BACKFILL_AUTO
2026-07-12 07:52:08,1783842728,R_75,53642.6127,1,2.516299999995681,BACKFILL_AUTO
2026-07-12 07:52:10,1783842730,R_75,53644.1144,1,1.5017000000007101,BACKFILL_AUTO
2026-07-12 07:52:12,1783842732,R_75,53629.216,-1,14.898399999998219,BACKFILL_AUTO
2026-07-12 07:52:14,1783842734,R_75,53612.1936,-1,17.022400000001653,BACKFILL_AUTO
2026-07-12 07:52:16,1783842736,R_75,53608.6526,-1,3.540999999997439,BACKFILL_AUTO
2026-07-12 07:52:18,1783842738,R_75,53604.9482,-1,3.7044000000023516,BACKFILL_AUTO
2026-07-12 07:52:20,1783842740,R_75,53609.5508,1,4.602599999998347,BACKFILL_AUTO
2026-07-12 07:52:22,1783842742,R_75,53611.216,1,1.6652000000030966,BACKFILL_AUTO
2026-07-12 07:52:24,1783842744,R_75,53627.5926,1,16.376600000003236,BACKFILL_AUTO
2026-07-12 07:52:26,1783842746,R_75,53623.563,-1,4.029600000001665,BACKFILL_AUTO
2026-07-12 07:52:28,1783842748,R_75,53622.2807,-1,1.2822999999989406,BACKFILL_AUTO
2026-07-12 07:52:30,1783842750,R_75,53627.4681,1,5.18739999999525,BACKFILL_AUTO
2026-07-12 07:52:32,1783842752,R_75,53637.4412,1,9.973100000002887,BACKFILL_AUTO
2026-07-12 07:52:34,1783842754,R_75,53630.5339,-1,6.907299999998941,BACKFILL_AUTO
2026-07-12 07:52:36,1783842756,R_75,53624.3727,-1,6.161200000002282,BACKFILL_AUTO
2026-07-12 07:52:38,1783842758,R_75,53618.3447,-1,6.027999999998428,BACKFILL_AUTO
2026-07-12 07:52:40,1783842760,R_75,53616.1413,-1,2.20339999999851,BACKFILL_AUTO
2026-07-12 07:52:42,1783842762,R_75,53618.3982,1,2.2569000000003143,BACKFILL_AUTO
2026-07-12 07:52:44,1783842764,R_75,53646.4234,1,28.025199999996403,BACKFILL_AUTO
2026-07-12 07:52:46,1783842766,R_75,53647.9671,1,1.5437000000019907,BACKFILL_AUTO
2026-07-12 07:52:48,1783842768,R_75,53650.1165,1,2.1493999999947846,BACKFILL_AUTO
2026-07-12 07:52:50,1783842770,R_75,53652.595,1,2.478500000004715,BACKFILL_AUTO
2026-07-12 07:52:52,1783842772,R_75,53645.2028,-1,7.392200000002049,BACKFILL_AUTO
2026-07-12 07:52:54,1783842774,R_75,53659.2256,1,14.022799999998824,BACKFILL_AUTO
2026-07-12 07:52:56,1783842776,R_75,53659.4125,1,0.18690000000060536,BACKFILL_AUTO
2026-07-12 07:52:58,1783842778,R_75,53657.016,-1,2.396499999995285,BACKFILL_AUTO
2026-07-12 07:53:00,1783842780,R_75,53647.3346,-1,9.681400000001304,BACKFILL_AUTO
2026-07-12 07:53:02,1783842782,R_75,53653.8318,1,6.497199999997974,BACKFILL_AUTO
2026-07-12 07:53:04,1783842784,R_75,53645.6889,-1,8.142899999998917,BACKFILL_AUTO
2026-07-12 07:53:06,1783842786,R_75,53643.2251,-1,2.4637999999977183,BACKFILL_AUTO
2026-07-12 07:53:08,1783842788,R_75,53634.6042,-1,8.620900000001711,BACKFILL_AUTO
2026-07-12 07:53:10,1783842790,R_75,53630.4844,-1,4.119800000000396,BACKFILL_AUTO
2026-07-12 07:53:12,1783842792,R_75,53619.1721,-1,11.312299999997776,BACKFILL_AUTO
2026-07-12 07:53:14,1783842794,R_75,53615.5983,-1,3.5738000000055763,BACKFILL_AUTO
2026-07-12 07:53:16,1783842796,R_75,53607.3122,-1,8.286099999997532,BACKFILL_AUTO
2026-07-12 07:53:18,1783842798,R_75,53611.2107,1,3.8985000000029686,BACKFILL_AUTO
2026-07-12 07:53:20,1783842800,R_75,53600.1386,-1,11.072100000004866,BACKFILL_AUTO
2026-07-12 07:53:22,1783842802,R_75,53611.6279,1,11.489300000001094,BACKFILL_AUTO
2026-07-12 07:53:24,1783842804,R_75,53608.4426,-1,3.185299999997369,BACKFILL_AUTO
2026-07-12 07:53:26,1783842806,R_75,53617.0309,1,8.588299999995797,BACKFILL_AUTO
2026-07-12 07:53:28,1783842808,R_75,53619.5689,1,2.5380000000004657,BACKFILL_AUTO
2026-07-12 07:53:30,1783842810,R_75,53616.5849,-1,2.9839999999967404,BACKFILL_AUTO
2026-07-12 07:53:32,1783842812,R_75,53621.2236,1,4.638699999995879,BACKFILL_AUTO
2026-07-12 07:53:34,1783842814,R_75,53627.7898,1,6.566200000001118,BACKFILL_AUTO
2026-07-12 07:53:36,1783842816,R_75,53613.1471,-1,14.642699999996694,BACKFILL_AUTO
2026-07-12 07:53:38,1783842818,R_75,53621.8561,1,8.708999999995285,BACKFILL_AUTO
2026-07-12 07:53:40,1783842820,R_75,53619.7148,-1,2.141299999995681,BACKFILL_AUTO
2026-07-12 07:53:42,1783842822,R_75,53614.9999,-1,4.714899999999034,BACKFILL_AUTO
2026-07-12 07:53:44,1783842824,R_75,53614.7895,-1,0.21040000000357395,BACKFILL_AUTO
2026-07-12 07:53:46,1783842826,R_75,53598.0467,-1,16.74279999999999,BACKFILL_AUTO
2026-07-12 07:53:48,1783842828,R_75,53618.0987,1,20.052000000003318,BACKFILL_AUTO
2026-07-12 07:53:50,1783842830,R_75,53622.064,1,3.965299999996205,BACKFILL_AUTO
2026-07-12 07:53:52,1783842832,R_75,53629.9555,1,7.8914999999979045,BACKFILL_AUTO
2026-07-12 07:53:54,1783842834,R_75,53606.4621,-1,23.493399999999383,BACKFILL_AUTO
2026-07-12 07:53:56,1783842836,R_75,53601.9956,-1,4.466499999994994,BACKFILL_AUTO
2026-07-12 07:53:58,1783842838,R_75,53599.5165,-1,2.4791000000041095,BACKFILL_AUTO
2026-07-12 07:54:00,1783842840,R_75,53623.5877,1,24.0711999999985,BACKFILL_AUTO
2026-07-12 07:54:02,1783842842,R_75,53615.369,-1,8.218699999997625,BACKFILL_AUTO
2026-07-12 07:54:04,1783842844,R_75,53599.7387,-1,15.630299999997078,BACKFILL_AUTO
2026-07-12 07:54:06,1783842846,R_75,53593.8003,-1,5.938399999999092,BACKFILL_AUTO
2026-07-12 07:54:08,1783842848,R_75,53591.8204,-1,1.9799000000057276,BACKFILL_AUTO
2026-07-12 07:54:10,1783842850,R_75,53600.0204,1,8.200000000004366,BACKFILL_AUTO
2026-07-12 07:54:12,1783842852,R_75,53608.329,1,8.308599999996659,BACKFILL_AUTO
2026-07-12 07:54:14,1783842854,R_75,53618.6414,1,10.312400000002526,BACKFILL_AUTO
2026-07-12 07:54:16,1783842856,R_75,53629.7118,1,11.07039999999688,BACKFILL_AUTO
2026-07-12 07:54:18,1783842858,R_75,53627.8462,-1,1.8655999999973574,BACKFILL_AUTO
2026-07-12 07:54:20,1783842860,R_75,53626.5508,-1,1.2954000000027008,BACKFILL_AUTO
2026-07-12 07:54:22,1783842862,R_75,53643.1151,1,16.56430000000546,BACKFILL_AUTO
2026-07-12 07:54:24,1783842864,R_75,53643.3863,1,0.27119999999558786,BACKFILL_AUTO
2026-07-12 07:54:26,1783842866,R_75,53637.6319,-1,5.754399999997986,BACKFILL_AUTO
2026-07-12 07:54:28,1783842868,R_75,53619.692,-1,17.93989999999758,BACKFILL_AUTO
2026-07-12 07:54:30,1783842870,R_75,53625.5422,1,5.850200000000768,BACKFILL_AUTO
2026-07-12 07:54:32,1783842872,R_75,53621.9452,-1,3.5970000000015716,BACKFILL_AUTO
2026-07-12 07:54:34,1783842874,R_75,53613.562,-1,8.383200000003853,BACKFILL_AUTO
2026-07-12 07:54:36,1783842876,R_75,53613.7493,1,0.18730000000505242,BACKFILL_AUTO
2026-07-12 07:54:38,1783842878,R_75,53609.173,-1,4.576300000000629,BACKFILL_AUTO
2026-07-12 07:54:40,1783842880,R_75,53610.8543,1,1.681299999996554,BACKFILL_AUTO
2026-07-12 07:54:42,1783842882,R_75,53626.3339,1,15.479599999998754,BACKFILL_AUTO
2026-07-12 07:54:44,1783842884,R_75,53641.1573,1,14.82340000000113,BACKFILL_AUTO
2026-07-12 07:54:46,1783842886,R_75,53640.8238,-1,0.3335000000006403,BACKFILL_AUTO
2026-07-12 07:54:48,1783842888,R_75,53635.6858,-1,5.1379999999990105,BACKFILL_AUTO
2026-07-12 07:54:50,1783842890,R_75,53639.0272,1,3.3413999999975204,BACKFILL_AUTO
2026-07-12 07:54:52,1783842892,R_75,53624.6826,-1,14.344599999996717,BACKFILL_AUTO
2026-07-12 07:54:54,1783842894,R_75,53624.5833,-1,0.09930000000167638,BACKFILL_AUTO
2026-07-12 07:54:56,1783842896,R_75,53624.9209,1,0.337599999998929,BACKFILL_AUTO
2026-07-12 07:54:58,1783842898,R_75,53614.748,-1,10.172899999997753,BACKFILL_AUTO
2026-07-12 07:55:00,1783842900,R_75,53620.2781,1,5.530100000003586,BACKFILL_AUTO
2026-07-12 07:55:02,1783842902,R_75,53622.4551,1,2.176999999996042,BACKFILL_AUTO
2026-07-12 07:55:04,1783842904,R_75,53627.5423,1,5.087200000001758,BACKFILL_AUTO
2026-07-12 07:55:06,1783842906,R_75,53629.4255,1,1.8831999999965774,BACKFILL_AUTO
2026-07-12 07:55:08,1783842908,R_75,53647.5666,1,18.141100000000733,BACKFILL_AUTO
2026-07-12 07:55:10,1783842910,R_75,53648.14,1,0.5734000000011292,BACKFILL_AUTO
2026-07-12 07:55:12,1783842912,R_75,53665.3284,1,17.188399999999092,BACKFILL_AUTO
2026-07-12 07:55:14,1783842914,R_75,53662.9381,-1,2.3902999999991152,BACKFILL_AUTO
2026-07-12 07:55:16,1783842916,R_75,53647.6414,-1,15.296699999998964,BACKFILL_AUTO
2026-07-12 07:55:18,1783842918,R_75,53661.0553,1,13.413899999999558,BACKFILL_AUTO
2026-07-12 07:55:20,1783842920,R_75,53659.3892,-1,1.6661000000021886,BACKFILL_AUTO
2026-07-12 07:55:22,1783842922,R_75,53664.1495,1,4.760300000001735,BACKFILL_AUTO
2026-07-12 07:55:24,1783842924,R_75,53671.2849,1,7.135399999999208,BACKFILL_AUTO
2026-07-12 07:55:26,1783842926,R_75,53667.3439,-1,3.940999999998894,BACKFILL_AUTO
2026-07-12 07:55:28,1783842928,R_75,53665.9438,-1,1.400099999998929,BACKFILL_AUTO
2026-07-12 07:55:30,1783842930,R_75,53669.1742,1,3.2304000000003725,BACKFILL_AUTO
2026-07-12 07:55:32,1783842932,R_75,53675.5344,1,6.36019999999553,BACKFILL_AUTO
2026-07-12 07:55:34,1783842934,R_75,53684.8963,1,9.361900000003516,BACKFILL_AUTO
2026-07-12 07:55:36,1783842936,R_75,53686.2308,1,1.334499999997206,BACKFILL_AUTO
2026-07-12 07:55:38,1783842938,R_75,53681.4082,-1,4.822599999999511,BACKFILL_AUTO
2026-07-12 07:55:40,1783842940,R_75,53687.1307,1,5.7225000000034925,BACKFILL_AUTO
2026-07-12 07:55:42,1783842942,R_75,53666.8614,-1,20.26929999999993,BACKFILL_AUTO
2026-07-12 07:55:44,1783842944,R_75,53677.0617,1,10.200299999996787,BACKFILL_AUTO
2026-07-12 07:55:46,1783842946,R_75,53689.789,1,12.72729999999865,BACKFILL_AUTO
2026-07-12 07:55:48,1783842948,R_75,53697.8852,1,8.096199999999953,BACKFILL_AUTO
2026-07-12 07:55:50,1783842950,R_75,53691.739,-1,6.146199999995588,BACKFILL_AUTO
2026-07-12 07:55:52,1783842952,R_75,53706.1872,1,14.448199999998906,BACKFILL_AUTO
2026-07-12 07:55:54,1783842954,R_75,53694.605,-1,11.582199999997101,BACKFILL_AUTO
2026-07-12 07:55:56,1783842956,R_75,53696.3805,1,1.7754999999961,BACKFILL_AUTO
2026-07-12 07:55:58,1783842958,R_75,53700.6326,1,4.252099999997881,BACKFILL_AUTO
2026-07-12 07:56:00,1783842960,R_75,53687.6116,-1,13.02100000000064,BACKFILL_AUTO
2026-07-12 07:56:02,1783842962,R_75,53693.7473,1,6.135700000006182,BACKFILL_AUTO
2026-07-12 07:56:04,1783842964,R_75,53692.7019,-1,1.0454000000027008,BACKFILL_AUTO
2026-07-12 07:56:06,1783842966,R_75,53703.0403,1,10.338400000000547,BACKFILL_AUTO
2026-07-12 07:56:08,1783842968,R_75,53700.2164,-1,2.82390000000305,BACKFILL_AUTO
2026-07-12 07:56:10,1783842970,R_75,53696.435,-1,3.7813999999998487,BACKFILL_AUTO
2026-07-12 07:56:12,1783842972,R_75,53690.4929,-1,5.9421000000002095,BACKFILL_AUTO
2026-07-12 07:56:14,1783842974,R_75,53692.5743,1,2.081400000002759,BACKFILL_AUTO
2026-07-12 07:56:16,1783842976,R_75,53710.3433,1,17.769000000000233,BACKFILL_AUTO
2026-07-12 07:56:18,1783842978,R_75,53709.7246,-1,0.6186999999990803,BACKFILL_AUTO
2026-07-12 07:56:20,1783842980,R_75,53713.0601,1,3.3355000000010477,BACKFILL_AUTO
2026-07-12 07:56:22,1783842982,R_75,53736.1228,1,23.062699999994948,BACKFILL_AUTO
2026-07-12 07:56:24,1783842984,R_75,53751.0393,1,14.91649999999936,BACKFILL_AUTO
2026-07-12 07:56:26,1783842986,R_75,53745.2287,-1,5.810599999997066,BACKFILL_AUTO
2026-07-12 07:56:28,1783842988,R_75,53752.3442,1,7.115499999999884,BACKFILL_AUTO
2026-07-12 07:56:30,1783842990,R_75,53751.8359,-1,0.5083000000013271,BACKFILL_AUTO
2026-07-12 07:56:32,1783842992,R_75,53769.6131,1,17.777200000004086,BACKFILL_AUTO
2026-07-12 07:56:34,1783842994,R_75,53781.4332,1,11.820099999997183,BACKFILL_AUTO
2026-07-12 07:56:36,1783842996,R_75,53788.4863,1,7.053099999997357,BACKFILL_AUTO
2026-07-12 07:56:38,1783842998,R_75,53776.5568,-1,11.92949999999837,BACKFILL_AUTO
2026-07-12 07:56:40,1783843000,R_75,53771.4368,-1,5.119999999995343,BACKFILL_AUTO
2026-07-12 07:56:42,1783843002,R_75,53799.791,1,28.354199999994307,BACKFILL_AUTO
2026-07-12 07:56:44,1783843004,R_75,53803.7548,1,3.963800000004994,BACKFILL_AUTO
2026-07-12 07:56:46,1783843006,R_75,53817.0007,1,13.245899999994435,BACKFILL_AUTO
2026-07-12 07:56:48,1783843008,R_75,53813.8733,-1,3.1273999999975786,BACKFILL_AUTO
2026-07-12 07:56:50,1783843010,R_75,53811.947,-1,1.9262999999991735,BACKFILL_AUTO
2026-07-12 07:56:52,1783843012,R_75,53832.9558,1,21.008800000003248,BACKFILL_AUTO
2026-07-12 07:56:54,1783843014,R_75,53831.9449,-1,1.0109000000011292,BACKFILL_AUTO
2026-07-12 07:56:56,1783843016,R_75,53832.342,1,0.3970999999946798,BACKFILL_AUTO
2026-07-12 07:56:58,1783843018,R_75,53845.061,1,12.719000000004598,BACKFILL_AUTO
2026-07-12 07:57:00,1783843020,R_75,53857.1161,1,12.055099999997765,BACKFILL_AUTO
2026-07-12 07:57:02,1783843022,R_75,53857.1033,-1,0.012799999996786937,BACKFILL_AUTO
2026-07-12 07:57:04,1783843024,R_75,53869.3018,1,12.198499999998603,BACKFILL_AUTO
2026-07-12 07:57:06,1783843026,R_75,53878.9446,1,9.642800000001444,BACKFILL_AUTO
2026-07-12 07:57:08,1783843028,R_75,53872.7945,-1,6.150099999998929,BACKFILL_AUTO
2026-07-12 07:57:10,1783843030,R_75,53865.9846,-1,6.809900000000198,BACKFILL_AUTO
2026-07-12 07:57:12,1783843032,R_75,53842.8093,-1,23.175300000002608,BACKFILL_AUTO
2026-07-12 07:57:14,1783843034,R_75,53848.8471,1,6.037799999998242,BACKFILL_AUTO
2026-07-12 07:57:16,1783843036,R_75,53856.8181,1,7.97099999999773,BACKFILL_AUTO
2026-07-12 07:57:18,1783843038,R_75,53867.3121,1,10.494000000006054,BACKFILL_AUTO
2026-07-12 07:57:20,1783843040,R_75,53870.144,1,2.831899999997404,BACKFILL_AUTO
2026-07-12 07:57:22,1783843042,R_75,53850.3176,-1,19.826399999998102,BACKFILL_AUTO
2026-07-12 07:57:24,1783843044,R_75,53849.34,-1,0.9776000000056229,BACKFILL_AUTO
2026-07-12 07:57:26,1783843046,R_75,53843.8186,-1,5.521399999997811,BACKFILL_AUTO
2026-07-12 07:57:28,1783843048,R_75,53853.6262,1,9.807600000000093,BACKFILL_AUTO
2026-07-12 07:57:30,1783843050,R_75,53851.1557,-1,2.470499999995809,BACKFILL_AUTO
2026-07-12 07:57:32,1783843052,R_75,53874.1657,1,23.00999999999476,BACKFILL_AUTO
2026-07-12 07:57:34,1783843054,R_75,53851.1313,-1,23.034399999996822,BACKFILL_AUTO
2026-07-12 07:57:36,1783843056,R_75,53849.9496,-1,1.1817000000010012,BACKFILL_AUTO
2026-07-12 07:57:38,1783843058,R_75,53850.9535,1,1.0039000000033411,BACKFILL_AUTO
2026-07-12 07:57:40,1783843060,R_75,53845.8349,-1,5.1186000000016065,BACKFILL_AUTO
2026-07-12 07:57:42,1783843062,R_75,53844.6584,-1,1.176500000001397,BACKFILL_AUTO
2026-07-12 07:57:44,1783843064,R_75,53855.7524,1,11.093999999997322,BACKFILL_AUTO
2026-07-12 07:57:46,1783843066,R_75,53865.0324,1,9.279999999998836,BACKFILL_AUTO
2026-07-12 07:57:48,1783843068,R_75,53863.4423,-1,1.5900999999939813,BACKFILL_AUTO
2026-07-12 07:57:50,1783843070,R_75,53846.59,-1,16.852300000005926,BACKFILL_AUTO
2026-07-12 07:57:52,1783843072,R_75,53852.0938,1,5.503800000005867,BACKFILL_AUTO
2026-07-12 07:57:54,1783843074,R_75,53853.9225,1,1.8286999999982072,BACKFILL_AUTO
2026-07-12 07:57:56,1783843076,R_75,53850.2122,-1,3.710299999998824,BACKFILL_AUTO
2026-07-12 07:57:58,1783843078,R_75,53833.3059,-1,16.906300000002375,BACKFILL_AUTO
2026-07-12 07:58:00,1783843080,R_75,53837.6252,1,4.3193000000028405,BACKFILL_AUTO
2026-07-12 07:58:02,1783843082,R_75,53840.4307,1,2.805499999994936,BACKFILL_AUTO
2026-07-12 07:58:04,1783843084,R_75,53834.2433,-1,6.18739999999525,BACKFILL_AUTO
2026-07-12 07:58:06,1783843086,R_75,53861.344,1,27.100699999995413,BACKFILL_AUTO
2026-07-12 07:58:08,1783843088,R_75,53881.4217,1,20.07770000000164,BACKFILL_AUTO
2026-07-12 07:58:10,1783843090,R_75,53889.5492,1,8.127500000002328,BACKFILL_AUTO
2026-07-12 07:58:12,1783843092,R_75,53900.7195,1,11.170299999997951,BACKFILL_AUTO
2026-07-12 07:58:14,1783843094,R_75,53897.7041,-1,3.015399999996589,BACKFILL_AUTO
2026-07-12 07:58:16,1783843096,R_75,53890.9656,-1,6.738499999999476,BACKFILL_AUTO
2026-07-12 07:58:18,1783843098,R_75,53902.1318,1,11.166199999999662,BACKFILL_AUTO
2026-07-12 07:58:20,1783843100,R_75,53912.8263,1,10.694499999997788,BACKFILL_AUTO
2026-07-12 07:58:22,1783843102,R_75,53903.772,-1,9.054300000003423,BACKFILL_AUTO
2026-07-12 07:58:24,1783843104,R_75,53892.084,-1,11.687999999994645,BACKFILL_AUTO
2026-07-12 07:58:26,1783843106,R_75,53868.3544,-1,23.72960000000603,BACKFILL_AUTO
2026-07-12 07:58:28,1783843108,R_75,53864.5377,-1,3.8166999999957625,BACKFILL_AUTO
2026-07-12 07:58:30,1783843110,R_75,53893.238,1,28.700299999996787,BACKFILL_AUTO
2026-07-12 07:58:32,1783843112,R_75,53895.4273,1,2.18930000000546,BACKFILL_AUTO
2026-07-12 07:58:34,1783843114,R_75,53904.0759,1,8.648600000000442,BACKFILL_AUTO
2026-07-12 07:58:36,1783843116,R_75,53894.8031,-1,9.2728000000061,BACKFILL_AUTO
2026-07-12 07:58:38,1783843118,R_75,53905.9149,1,11.111800000006042,BACKFILL_AUTO
2026-07-12 07:58:40,1783843120,R_75,53908.908,1,2.9930999999996857,BACKFILL_AUTO
2026-07-12 07:58:42,1783843122,R_75,53898.7641,-1,10.143900000002759,BACKFILL_AUTO
2026-07-12 07:58:44,1783843124,R_75,53904.0891,1,5.32499999999709,BACKFILL_AUTO
2026-07-12 07:58:46,1783843126,R_75,53892.0663,-1,12.022799999998824,BACKFILL_AUTO
2026-07-12 07:58:48,1783843128,R_75,53897.4151,1,5.3487999999997555,BACKFILL_AUTO
2026-07-12 07:58:50,1783843130,R_75,53898.2766,1,0.8614999999990687,BACKFILL_AUTO
2026-07-12 07:58:52,1783843132,R_75,53891.1751,-1,7.101499999997031,BACKFILL_AUTO
2026-07-12 07:58:54,1783843134,R_75,53894.7961,1,3.620999999999185,BACKFILL_AUTO
2026-07-12 07:58:56,1783843136,R_75,53878.9965,-1,15.799599999998463,BACKFILL_AUTO
2026-07-12 07:58:58,1783843138,R_75,53874.5699,-1,4.426599999998871,BACKFILL_AUTO
2026-07-12 07:59:00,1783843140,R_75,53862.6135,-1,11.956400000002759,BACKFILL_AUTO
2026-07-12 07:59:02,1783843142,R_75,53871.4216,1,8.808100000002014,BACKFILL_AUTO
2026-07-12 07:59:04,1783843144,R_75,53851.5555,-1,19.86609999999928,BACKFILL_AUTO
2026-07-12 07:59:06,1783843146,R_75,53838.9001,-1,12.655400000003283,BACKFILL_AUTO
2026-07-12 07:59:08,1783843148,R_75,53846.2611,1,7.361000000004424,BACKFILL_AUTO
2026-07-12 07:59:10,1783843150,R_75,53851.1588,1,4.8976999999940745,BACKFILL_AUTO
2026-07-12 07:59:12,1783843152,R_75,53870.4295,1,19.270700000000943,BACKFILL_AUTO
2026-07-12 07:59:14,1783843154,R_75,53877.0393,1,6.6097999999983585,BACKFILL_AUTO
2026-07-12 07:59:16,1783843156,R_75,53875.1758,-1,1.8634999999994761,BACKFILL_AUTO
2026-07-12 07:59:18,1783843158,R_75,53865.6133,-1,9.5625,BACKFILL_AUTO
2026-07-12 07:59:20,1783843160,R_75,53871.8679,1,6.2546000000002095,BACKFILL_AUTO
2026-07-12 07:59:22,1783843162,R_75,53878.3588,1,6.490900000004331,BACKFILL_AUTO
2026-07-12 07:59:24,1783843164,R_75,53877.205,-1,1.1538000000000466,BACKFILL_AUTO
2026-07-12 07:59:26,1783843166,R_75,53856.9576,-1,20.247400000000198,BACKFILL_AUTO
2026-07-12 07:59:28,1783843168,R_75,53859.3758,1,2.41820000000007,BACKFILL_AUTO
2026-07-12 07:59:30,1783843170,R_75,53844.9382,-1,14.43760000000475,BACKFILL_AUTO
2026-07-12 07:59:32,1783843172,R_75,53836.1892,-1,8.748999999996158,BACKFILL_AUTO
2026-07-12 07:59:34,1783843174,R_75,53827.9423,-1,8.246899999998277,BACKFILL_AUTO
2026-07-12 07:59:36,1783843176,R_75,53819.385,-1,8.557300000000396,BACKFILL_AUTO
2026-07-12 07:59:38,1783843178,R_75,53830.1625,1,10.777499999996508,BACKFILL_AUTO
2026-07-12 07:59:40,1783843180,R_75,53838.7774,1,8.614900000000489,BACKFILL_AUTO
2026-07-12 07:59:42,1783843182,R_75,53824.5543,-1,14.223099999995611,BACKFILL_AUTO
2026-07-12 07:59:44,1783843184,R_75,53826.05,1,1.4956999999994878,BACKFILL_AUTO
2026-07-12 07:59:46,1783843186,R_75,53833.341,1,7.290999999997439,BACKFILL_AUTO
2026-07-12 07:59:48,1783843188,R_75,53824.6809,-1,8.660100000000966,BACKFILL_AUTO
2026-07-12 07:59:50,1783843190,R_75,53838.5353,1,13.854400000003807,BACKFILL_AUTO
2026-07-12 07:59:52,1783843192,R_75,53852.9335,1,14.398199999995995,BACKFILL_AUTO
2026-07-12 07:59:54,1783843194,R_75,53846.6248,-1,6.308700000001409,BACKFILL_AUTO
2026-07-12 07:59:56,1783843196,R_75,53829.1925,-1,17.432300000000396,BACKFILL_AUTO
2026-07-12 07:59:58,1783843198,R_75,53834.3515,1,5.158999999999651,BACKFILL_AUTO
2026-07-12 08:00:00,1783843200,R_75,53836.7883,1,2.4368000000031316,BACKFILL_AUTO
2026-07-12 08:00:02,1783843202,R_75,53826.9637,-1,9.824599999999919,BACKFILL_AUTO
2026-07-12 08:00:04,1783843204,R_75,53822.2417,-1,4.722000000001572,BACKFILL_AUTO
2026-07-12 08:00:06,1783843206,R_75,53828.7004,1,6.458700000002864,BACKFILL_AUTO
2026-07-12 08:00:08,1783843208,R_75,53820.0138,-1,8.686600000000908,BACKFILL_AUTO
2026-07-12 08:00:10,1783843210,R_75,53830.4575,1,10.44369999999617,BACKFILL_AUTO
2026-07-12 08:00:12,1783843212,R_75,53821.0398,-1,9.417699999998149,BACKFILL_AUTO
2026-07-12 08:00:14,1783843214,R_75,53817.7985,-1,3.2413000000015018,BACKFILL_AUTO
2026-07-12 08:00:16,1783843216,R_75,53831.6976,1,13.899100000002363,BACKFILL_AUTO
2026-07-12 08:00:18,1783843218,R_75,53825.6646,-1,6.033000000003085,BACKFILL_AUTO
2026-07-12 08:00:20,1783843220,R_75,53827.0527,1,1.3881000000037602,BACKFILL_AUTO
2026-07-12 08:00:22,1783843222,R_75,53832.5123,1,5.459600000001956,BACKFILL_AUTO
2026-07-12 08:00:24,1783843224,R_75,53837.2632,1,4.750899999999092,BACKFILL_AUTO
2026-07-12 08:00:26,1783843226,R_75,53836.9646,-1,0.29860000000189757,BACKFILL_AUTO
2026-07-12 08:00:28,1783843228,R_75,53852.0682,1,15.103600000002189,BACKFILL_AUTO
2026-07-12 08:00:30,1783843230,R_75,53854.9079,1,2.83969999999681,BACKFILL_AUTO
2026-07-12 08:00:32,1783843232,R_75,53866.2733,1,11.36540000000241,BACKFILL_AUTO
2026-07-12 08:00:34,1783843234,R_75,53872.6425,1,6.369200000001001,BACKFILL_AUTO
2026-07-12 08:00:36,1783843236,R_75,53855.5155,-1,17.127000000000407,BACKFILL_AUTO
2026-07-12 08:00:38,1783843238,R_75,53866.0324,1,10.516899999995076,BACKFILL_AUTO
2026-07-12 08:00:40,1783843240,R_75,53861.4581,-1,4.574299999992945,BACKFILL_AUTO
2026-07-12 08:00:42,1783843242,R_75,53856.7805,-1,4.6776000000027125,BACKFILL_AUTO
2026-07-12 08:00:44,1783843244,R_75,53869.8126,1,13.032099999996717,BACKFILL_AUTO
2026-07-12 08:00:46,1783843246,R_75,53871.3269,1,1.5143000000025495,BACKFILL_AUTO
2026-07-12 08:00:48,1783843248,R_75,53849.678,-1,21.64890000000014,BACKFILL_AUTO
2026-07-12 08:00:50,1783843250,R_75,53840.8537,-1,8.824300000000221,BACKFILL_AUTO
2026-07-12 08:00:52,1783843252,R_75,53833.4417,-1,7.411999999996624,BACKFILL_AUTO
2026-07-12 08:00:54,1783843254,R_75,53837.5733,1,4.131599999993341,BACKFILL_AUTO
2026-07-12 08:00:56,1783843256,R_75,53811.273,-1,26.30029999999533,BACKFILL_AUTO
2026-07-12 08:00:58,1783843258,R_75,53796.5136,-1,14.759400000002643,BACKFILL_AUTO
2026-07-12 08:01:00,1783843260,R_75,53801.7119,1,5.198300000003655,BACKFILL_AUTO
2026-07-12 08:01:02,1783843262,R_75,53801.5498,-1,0.1621000000013737,BACKFILL_AUTO
2026-07-12 08:01:04,1783843264,R_75,53796.9663,-1,4.58350000000064,BACKFILL_AUTO
2026-07-12 08:01:06,1783843266,R_75,53796.8835,-1,0.0827999999964959,BACKFILL_AUTO
2026-07-12 08:01:08,1783843268,R_75,53794.5013,-1,2.3822000000000116,BACKFILL_AUTO
2026-07-12 08:01:10,1783843270,R_75,53819.9043,1,25.40299999999843,BACKFILL_AUTO
2026-07-12 08:01:12,1783843272,R_75,53825.6095,1,5.705199999996694,BACKFILL_AUTO
2026-07-12 08:01:14,1783843274,R_75,53829.0461,1,3.436600000000908,BACKFILL_AUTO
2026-07-12 08:01:16,1783843276,R_75,53823.1327,-1,5.913399999997637,BACKFILL_AUTO
2026-07-12 08:01:18,1783843278,R_75,53819.0644,-1,4.068299999998999,BACKFILL_AUTO
2026-07-12 08:01:20,1783843280,R_75,53828.8069,1,9.742500000000291,BACKFILL_AUTO
2026-07-12 08:01:22,1783843282,R_75,53829.2479,1,0.44099999999889405,BACKFILL_AUTO
2026-07-12 08:01:24,1783843284,R_75,53815.0473,-1,14.20060000000376,BACKFILL_AUTO
2026-07-12 08:01:26,1783843286,R_75,53833.5797,1,18.53240000000369,BACKFILL_AUTO
2026-07-12 08:01:28,1783843288,R_75,53840.32,1,6.74029999999766,BACKFILL_AUTO
2026-07-12 08:01:30,1783843290,R_75,53834.4237,-1,5.896300000000338,BACKFILL_AUTO
2026-07-12 08:01:32,1783843292,R_75,53822.1862,-1,12.23750000000291,BACKFILL_AUTO
2026-07-12 08:01:34,1783843294,R_75,53835.316,1,13.129800000002433,BACKFILL_AUTO
2026-07-12 08:01:36,1783843296,R_75,53838.5254,1,3.2093999999997322,BACKFILL_AUTO
2026-07-12 08:01:38,1783843298,R_75,53835.1392,-1,3.3862000000008265,BACKFILL_AUTO
2026-07-12 08:01:40,1783843300,R_75,53847.1387,1,11.999500000005355,BACKFILL_AUTO
2026-07-12 08:01:42,1783843302,R_75,53840.0016,-1,7.1370999999999185,BACKFILL_AUTO
2026-07-12 08:01:44,1783843304,R_75,53833.7421,-1,6.259500000000116,BACKFILL_AUTO
2026-07-12 08:01:46,1783843306,R_75,53829.1336,-1,4.6085000000020955,BACKFILL_AUTO
2026-07-12 08:01:48,1783843308,R_75,53821.7516,-1,7.381999999997788,BACKFILL_AUTO
2026-07-12 08:01:50,1783843310,R_75,53819.7703,-1,1.9813000000067404,BACKFILL_AUTO
2026-07-12 08:01:52,1783843312,R_75,53823.5568,1,3.786500000001979,BACKFILL_AUTO
2026-07-12 08:01:54,1783843314,R_75,53807.7772,-1,15.779600000001665,BACKFILL_AUTO
2026-07-12 08:01:56,1783843316,R_75,53805.049,-1,2.7281999999977415,BACKFILL_AUTO
2026-07-12 08:01:58,1783843318,R_75,53812.38,1,7.330999999998312,BACKFILL_AUTO
2026-07-12 08:02:00,1783843320,R_75,53816.1402,1,3.760200000004261,BACKFILL_AUTO
2026-07-12 08:02:02,1783843322,R_75,53818.2022,1,2.061999999998079,BACKFILL_AUTO
2026-07-12 08:02:04,1783843324,R_75,53809.5035,-1,8.698700000000827,BACKFILL_AUTO
2026-07-12 08:02:06,1783843326,R_75,53821.8754,1,12.371899999998277,BACKFILL_AUTO
2026-07-12 08:02:08,1783843328,R_75,53817.115,-1,4.760399999999208,BACKFILL_AUTO
2026-07-12 08:02:10,1783843330,R_75,53817.0296,-1,0.08539999999629799,BACKFILL_AUTO
2026-07-12 08:02:12,1783843332,R_75,53824.5801,1,7.550499999997555,BACKFILL_AUTO
2026-07-12 08:02:14,1783843334,R_75,53822.061,-1,2.5190999999977066,BACKFILL_AUTO
2026-07-12 08:02:16,1783843336,R_75,53832.8863,1,10.825299999996787,BACKFILL_AUTO
2026-07-12 08:02:18,1783843338,R_75,53830.3906,-1,2.4956999999994878,BACKFILL_AUTO
2026-07-12 08:02:20,1783843340,R_75,53826.3808,-1,4.009799999999814,BACKFILL_AUTO
2026-07-12 08:02:22,1783843342,R_75,53828.4562,1,2.0754000000015367,BACKFILL_AUTO
2026-07-12 08:02:24,1783843344,R_75,53818.4072,-1,10.048999999999069,BACKFILL_AUTO
2026-07-12 08:02:26,1783843346,R_75,53812.0016,-1,6.4055999999982305,BACKFILL_AUTO
2026-07-12 08:02:28,1783843348,R_75,53833.1211,1,21.119499999993423,BACKFILL_AUTO
2026-07-12 08:02:30,1783843350,R_75,53841.195,1,8.07390000000305,BACKFILL_AUTO
2026-07-12 08:02:32,1783843352,R_75,53834.7138,-1,6.481200000001991,BACKFILL_AUTO
2026-07-12 08:02:34,1783843354,R_75,53846.7662,1,12.052400000000489,BACKFILL_AUTO
2026-07-12 08:02:36,1783843356,R_75,53857.1717,1,10.405500000000757,BACKFILL_AUTO
2026-07-12 08:02:38,1783843358,R_75,53847.9137,-1,9.25800000000163,BACKFILL_AUTO
2026-07-12 08:02:40,1783843360,R_75,53833.8995,-1,14.0141999999978,BACKFILL_AUTO
2026-07-12 08:02:42,1783843362,R_75,53829.8618,-1,4.037700000000768,BACKFILL_AUTO
2026-07-12 08:02:44,1783843364,R_75,53837.1391,1,7.27730000000156,BACKFILL_AUTO
2026-07-12 08:02:46,1783843366,R_75,53832.1328,-1,5.00630000000092,BACKFILL_AUTO
2026-07-12 08:02:48,1783843368,R_75,53829.4637,-1,2.669099999999162,BACKFILL_AUTO
2026-07-12 08:02:50,1783843370,R_75,53838.2817,1,8.817999999999302,BACKFILL_AUTO
2026-07-12 08:02:52,1783843372,R_75,53839.1593,1,0.8775999999998021,BACKFILL_AUTO
2026-07-12 08:02:54,1783843374,R_75,53823.2838,-1,15.87550000000192,BACKFILL_AUTO
2026-07-12 08:02:56,1783843376,R_75,53818.137,-1,5.1467999999949825,BACKFILL_AUTO
2026-07-12 08:02:58,1783843378,R_75,53813.9752,-1,4.161800000001676,BACKFILL_AUTO
2026-07-12 08:03:00,1783843380,R_75,53813.869,-1,0.1062000000019907,BACKFILL_AUTO
2026-07-12 08:03:02,1783843382,R_75,53833.5936,1,19.724600000001374,BACKFILL_AUTO
2026-07-12 08:03:04,1783843384,R_75,53848.2076,1,14.614000000001397,BACKFILL_AUTO
2026-07-12 08:03:06,1783843386,R_75,53847.7622,-1,0.445400000004156,BACKFILL_AUTO
2026-07-12 08:03:08,1783843388,R_75,53852.674,1,4.911800000001676,BACKFILL_AUTO
2026-07-12 08:03:10,1783843390,R_75,53843.2723,-1,9.401700000002165,BACKFILL_AUTO
2026-07-12 08:03:12,1783843392,R_75,53837.9878,-1,5.284499999994296,BACKFILL_AUTO
2026-07-12 08:03:14,1783843394,R_75,53836.0756,-1,1.9122000000061234,BACKFILL_AUTO
2026-07-12 08:03:16,1783843396,R_75,53852.6249,1,16.549300000006042,BACKFILL_AUTO
2026-07-12 08:03:18,1783843398,R_75,53842.0717,-1,10.553200000002107,BACKFILL_AUTO
2026-07-12 08:03:20,1783843400,R_75,53840.7377,-1,1.3340000000025611,BACKFILL_AUTO
2026-07-12 08:03:22,1783843402,R_75,53828.5765,-1,12.161199999995006,BACKFILL_AUTO
2026-07-12 08:03:24,1783843404,R_75,53839.6906,1,11.11409999999887,BACKFILL_AUTO
2026-07-12 08:03:26,1783843406,R_75,53833.9501,-1,5.740499999999884,BACKFILL_AUTO
2026-07-12 08:03:28,1783843408,R_75,53830.2312,-1,3.7188999999998487,BACKFILL_AUTO
2026-07-12 08:03:30,1783843410,R_75,53820.3868,-1,9.84440000000177,BACKFILL_AUTO
2026-07-12 08:03:32,1783843412,R_75,53822.978,1,2.591200000002573,BACKFILL_AUTO
2026-07-12 08:03:34,1783843414,R_75,53823.6243,1,0.6463000000003376,BACKFILL_AUTO
2026-07-12 08:03:36,1783843416,R_75,53808.1151,-1,15.509200000000419,BACKFILL_AUTO
2026-07-12 08:03:38,1783843418,R_75,53803.4207,-1,4.694400000000314,BACKFILL_AUTO
2026-07-12 08:03:40,1783843420,R_75,53812.8936,1,9.472900000000664,BACKFILL_AUTO
2026-07-12 08:03:42,1783843422,R_75,53825.8346,1,12.940999999998894,BACKFILL_AUTO
2026-07-12 08:03:44,1783843424,R_75,53830.5843,1,4.749700000000303,BACKFILL_AUTO
2026-07-12 08:03:46,1783843426,R_75,53825.4013,-1,5.18300000000454,BACKFILL_AUTO
2026-07-12 08:03:48,1783843428,R_75,53808.4417,-1,16.95959999999468,BACKFILL_AUTO
2026-07-12 08:03:50,1783843430,R_75,53798.7608,-1,9.680900000006659,BACKFILL_AUTO
2026-07-12 08:03:52,1783843432,R_75,53800.9941,1,2.233300000007148,BACKFILL_AUTO
2026-07-12 08:03:54,1783843434,R_75,53815.233,1,14.238899999996647,BACKFILL_AUTO
2026-07-12 08:03:56,1783843436,R_75,53808.2318,-1,7.001199999998789,BACKFILL_AUTO
2026-07-12 08:03:58,1783843438,R_75,53801.2293,-1,7.002500000002328,BACKFILL_AUTO
2026-07-12 08:04:00,1783843440,R_75,53798.223,-1,3.0063000000009197,BACKFILL_AUTO
2026-07-12 08:04:02,1783843442,R_75,53809.6359,1,11.412900000002992,BACKFILL_AUTO
2026-07-12 08:04:04,1783843444,R_75,53803.0066,-1,6.629300000000512,BACKFILL_AUTO
2026-07-12 08:04:06,1783843446,R_75,53806.914,1,3.9073999999964144,BACKFILL_AUTO
2026-07-12 08:04:08,1783843448,R_75,53817.7659,1,10.851900000001478,BACKFILL_AUTO
2026-07-12 08:04:10,1783843450,R_75,53835.2924,1,17.526499999999942,BACKFILL_AUTO
2026-07-12 08:04:12,1783843452,R_75,53817.3831,-1,17.909299999999348,BACKFILL_AUTO
2026-07-12 08:04:14,1783843454,R_75,53821.5975,1,4.214400000004389,BACKFILL_AUTO
2026-07-12 08:04:16,1783843456,R_75,53828.5196,1,6.922099999996135,BACKFILL_AUTO
2026-07-12 08:04:18,1783843458,R_75,53819.1777,-1,9.341899999999441,BACKFILL_AUTO
2026-07-12 08:04:20,1783843460,R_75,53812.4126,-1,6.765099999996892,BACKFILL_AUTO
2026-07-12 08:04:22,1783843462,R_75,53804.0588,-1,8.353800000004412,BACKFILL_AUTO
2026-07-12 08:04:24,1783843464,R_75,53797.2594,-1,6.79939999999624,BACKFILL_AUTO
2026-07-12 08:04:26,1783843466,R_75,53811.8662,1,14.60679999999411,BACKFILL_AUTO
2026-07-12 08:04:28,1783843468,R_75,53828.4122,1,16.546000000002095,BACKFILL_AUTO
2026-07-12 08:04:30,1783843470,R_75,53828.4087,-1,0.0034999999988940544,BACKFILL_AUTO
2026-07-12 08:04:32,1783843472,R_75,53819.0196,-1,9.389100000000326,BACKFILL_AUTO
2026-07-12 08:04:34,1783843474,R_75,53805.4692,-1,13.550400000000081,BACKFILL_AUTO
2026-07-12 08:04:36,1783843476,R_75,53820.922,1,15.452799999999115,BACKFILL_AUTO
2026-07-12 08:04:38,1783843478,R_75,53819.573,-1,1.349000000001979,BACKFILL_AUTO
2026-07-12 08:04:40,1783843480,R_75,53824.4495,1,4.876500000005763,BACKFILL_AUTO
2026-07-12 08:04:42,1783843482,R_75,53818.4622,-1,5.987300000000687,BACKFILL_AUTO
2026-07-12 08:04:44,1783843484,R_75,53817.2729,-1,1.189299999998184,BACKFILL_AUTO
2026-07-12 08:04:46,1783843486,R_75,53824.2308,1,6.95789999999397,BACKFILL_AUTO
2026-07-12 08:04:48,1783843488,R_75,53818.3842,-1,5.8465999999971245,BACKFILL_AUTO
2026-07-12 08:04:50,1783843490,R_75,53809.9694,-1,8.41479999999865,BACKFILL_AUTO
2026-07-12 08:04:52,1783843492,R_75,53798.6913,-1,11.278100000003178,BACKFILL_AUTO
2026-07-12 08:04:54,1783843494,R_75,53797.5776,-1,1.1137000000016997,BACKFILL_AUTO
2026-07-12 08:04:56,1783843496,R_75,53809.4758,1,11.898200000003271,BACKFILL_AUTO
2026-07-12 08:04:58,1783843498,R_75,53802.2877,-1,7.188099999999395,BACKFILL_AUTO
2026-07-12 08:05:00,1783843500,R_75,53801.9599,-1,0.32779999999911524,BACKFILL_AUTO
2026-07-12 08:05:02,1783843502,R_75,53798.0902,-1,3.869700000002922,BACKFILL_AUTO
2026-07-12 08:05:04,1783843504,R_75,53784.9687,-1,13.121500000001106,BACKFILL_AUTO
2026-07-12 08:05:06,1783843506,R_75,53783.652,-1,1.3166999999957625,BACKFILL_AUTO
2026-07-12 08:05:08,1783843508,R_75,53786.9808,1,3.328799999995681,BACKFILL_AUTO
2026-07-12 08:05:10,1783843510,R_75,53793.6984,1,6.717600000003586,BACKFILL_AUTO
2026-07-12 08:05:12,1783843512,R_75,53790.2694,-1,3.4290000000037253,BACKFILL_AUTO
2026-07-12 08:05:14,1783843514,R_75,53777.5767,-1,12.692699999999604,BACKFILL_AUTO
2026-07-12 08:05:16,1783843516,R_75,53772.773,-1,4.803699999996752,BACKFILL_AUTO
2026-07-12 08:05:18,1783843518,R_75,53774.325,1,1.5519999999960419,BACKFILL_AUTO
2026-07-12 08:05:20,1783843520,R_75,53774.1702,-1,0.15479999999661231,BACKFILL_AUTO
2026-07-12 08:05:22,1783843522,R_75,53763.0601,-1,11.110099999998056,BACKFILL_AUTO
2026-07-12 08:05:24,1783843524,R_75,53777.1474,1,14.087299999999232,BACKFILL_AUTO
2026-07-12 08:05:26,1783843526,R_75,53776.2183,-1,0.9291000000011991,BACKFILL_AUTO
2026-07-12 08:05:28,1783843528,R_75,53765.051,-1,11.167300000000978,BACKFILL_AUTO
2026-07-12 08:05:30,1783843530,R_75,53762.8797,-1,2.171300000001793,BACKFILL_AUTO
2026-07-12 08:05:32,1783843532,R_75,53772.8052,1,9.925500000004831,BACKFILL_AUTO
2026-07-12 08:05:34,1783843534,R_75,53766.8855,-1,5.919700000005832,BACKFILL_AUTO
2026-07-12 08:05:36,1783843536,R_75,53743.274,-1,23.61149999999907,BACKFILL_AUTO
2026-07-12 08:05:38,1783843538,R_75,53746.6572,1,3.3832000000038533,BACKFILL_AUTO
2026-07-12 08:05:40,1783843540,R_75,53739.8753,-1,6.7819000000017695,BACKFILL_AUTO
2026-07-12 08:05:42,1783843542,R_75,53746.2206,1,6.3453000000008615,BACKFILL_AUTO
2026-07-12 08:05:44,1783843544,R_75,53756.0672,1,9.846599999997125,BACKFILL_AUTO
2026-07-12 08:05:46,1783843546,R_75,53759.7397,1,3.672500000000582,BACKFILL_AUTO
2026-07-12 08:05:48,1783843548,R_75,53754.23,-1,5.509699999995064,BACKFILL_AUTO
2026-07-12 08:05:50,1783843550,R_75,53761.5115,1,7.2814999999973224,BACKFILL_AUTO
2026-07-12 08:05:52,1783843552,R_75,53770.4192,1,8.907699999996112,BACKFILL_AUTO
2026-07-12 08:05:54,1783843554,R_75,53761.459,-1,8.960199999994074,BACKFILL_AUTO
2026-07-12 08:05:56,1783843556,R_75,53761.4047,-1,0.05430000000342261,BACKFILL_AUTO
2026-07-12 08:05:58,1783843558,R_75,53765.8484,1,4.443700000003446,BACKFILL_AUTO
2026-07-12 08:06:00,1783843560,R_75,53782.7735,1,16.925100000000384,BACKFILL_AUTO
2026-07-12 08:06:02,1783843562,R_75,53785.4708,1,2.6972999999998137,BACKFILL_AUTO
2026-07-12 08:06:04,1783843564,R_75,53781.6041,-1,3.866700000005949,BACKFILL_AUTO
2026-07-12 08:06:06,1783843566,R_75,53801.6477,1,20.043600000004517,BACKFILL_AUTO
2026-07-12 08:06:08,1783843568,R_75,53793.2794,-1,8.36830000000191,BACKFILL_AUTO
2026-07-12 08:06:10,1783843570,R_75,53790.2746,-1,3.004800000002433,BACKFILL_AUTO
2026-07-12 08:06:12,1783843572,R_75,53794.661,1,4.38640000000305,BACKFILL_AUTO
2026-07-12 08:06:14,1783843574,R_75,53800.3634,1,5.702400000001944,BACKFILL_AUTO
2026-07-12 08:06:16,1783843576,R_75,53805.5259,1,5.162499999998545,BACKFILL_AUTO
2026-07-12 08:06:18,1783843578,R_75,53814.8472,1,9.321299999995972,BACKFILL_AUTO
2026-07-12 08:06:20,1783843580,R_75,53810.4341,-1,4.4130999999979394,BACKFILL_AUTO
2026-07-12 08:06:22,1783843582,R_75,53801.8588,-1,8.575299999996787,BACKFILL_AUTO
2026-07-12 08:06:24,1783843584,R_75,53791.4019,-1,10.45690000000468,BACKFILL_AUTO
2026-07-12 08:06:26,1783843586,R_75,53778.8949,-1,12.506999999997788,BACKFILL_AUTO
2026-07-12 08:06:28,1783843588,R_75,53787.3521,1,8.457199999997101,BACKFILL_AUTO
2026-07-12 08:06:30,1783843590,R_75,53791.4917,1,4.139600000002247,BACKFILL_AUTO
2026-07-12 08:06:32,1783843592,R_75,53795.668,1,4.1762999999991735,BACKFILL_AUTO
2026-07-12 08:06:34,1783843594,R_75,53775.3492,-1,20.31880000000092,BACKFILL_AUTO
2026-07-12 08:06:36,1783843596,R_75,53766.1133,-1,9.235899999999674,BACKFILL_AUTO
2026-07-12 08:06:38,1783843598,R_75,53781.8523,1,15.739000000001397,BACKFILL_AUTO
2026-07-12 08:06:40,1783843600,R_75,53777.8085,-1,4.0437999999994645,BACKFILL_AUTO
2026-07-12 08:06:42,1783843602,R_75,53774.1811,-1,3.6273999999975786,BACKFILL_AUTO
2026-07-12 08:06:44,1783843604,R_75,53765.8493,-1,8.33179999999993,BACKFILL_AUTO
2026-07-12 08:06:46,1783843606,R_75,53750.8845,-1,14.96480000000156,BACKFILL_AUTO
2026-07-12 08:06:48,1783843608,R_75,53757.1904,1,6.305899999999383,BACKFILL_AUTO
2026-07-12 08:06:50,1783843610,R_75,53755.3529,-1,1.8375000000014552,BACKFILL_AUTO
2026-07-12 08:06:52,1783843612,R_75,53756.5979,1,1.2450000000026193,BACKFILL_AUTO
2026-07-12 08:06:54,1783843614,R_75,53758.2961,1,1.6981999999989057,BACKFILL_AUTO
2026-07-12 08:06:56,1783843616,R_75,53762.3125,1,4.016400000000431,BACKFILL_AUTO
2026-07-12 08:06:58,1783843618,R_75,53758.5315,-1,3.7810000000026776,BACKFILL_AUTO
2026-07-12 08:07:00,1783843620,R_75,53751.3149,-1,7.216599999999744,BACKFILL_AUTO
2026-07-12 08:07:02,1783843622,R_75,53749.7962,-1,1.5187000000005355,BACKFILL_AUTO
2026-07-12 08:07:04,1783843624,R_75,53747.1583,-1,2.6378999999942607,BACKFILL_AUTO
2026-07-12 08:07:06,1783843626,R_75,53727.3053,-1,19.853000000002794,BACKFILL_AUTO
2026-07-12 08:07:08,1783843628,R_75,53717.192,-1,10.113299999997253,BACKFILL_AUTO
2026-07-12 08:07:10,1783843630,R_75,53726.9231,1,9.731099999997241,BACKFILL_AUTO
2026-07-12 08:07:12,1783843632,R_75,53699.3348,-1,27.588300000003073,BACKFILL_AUTO
2026-07-12 08:07:14,1783843634,R_75,53705.7588,1,6.424000000006345,BACKFILL_AUTO
2026-07-12 08:07:16,1783843636,R_75,53700.0999,-1,5.658900000002177,BACKFILL_AUTO
2026-07-12 08:07:18,1783843638,R_75,53704.773,1,4.673099999999977,BACKFILL_AUTO
2026-07-12 08:07:20,1783843640,R_75,53695.3566,-1,9.416400000001886,BACKFILL_AUTO
2026-07-12 08:07:22,1783843642,R_75,53690.3352,-1,5.021399999997811,BACKFILL_AUTO
2026-07-12 08:07:24,1783843644,R_75,53704.961,1,14.625800000001618,BACKFILL_AUTO
2026-07-12 08:07:26,1783843646,R_75,53709.8645,1,4.903500000000349,BACKFILL_AUTO
2026-07-12 08:07:28,1783843648,R_75,53701.9618,-1,7.902700000006007,BACKFILL_AUTO
2026-07-12 08:07:30,1783843650,R_75,53676.557,-1,25.404799999996612,BACKFILL_AUTO
2026-07-12 08:07:32,1783843652,R_75,53676.5055,-1,0.051500000001396984,BACKFILL_AUTO
2026-07-12 08:07:34,1783843654,R_75,53676.9459,1,0.4403999999994994,BACKFILL_AUTO
2026-07-12 08:07:36,1783843656,R_75,53680.4162,1,3.4703000000008615,BACKFILL_AUTO
2026-07-12 08:07:38,1783843658,R_75,53679.6155,-1,0.8006999999997788,BACKFILL_AUTO
2026-07-12 08:07:40,1783843660,R_75,53692.576,1,12.960500000001048,BACKFILL_AUTO
2026-07-12 08:07:42,1783843662,R_75,53682.2457,-1,10.330300000001444,BACKFILL_AUTO
2026-07-12 08:07:44,1783843664,R_75,53682.0846,-1,0.161099999997532,BACKFILL_AUTO
2026-07-12 08:07:46,1783843666,R_75,53702.8746,1,20.790000000000873,BACKFILL_AUTO
2026-07-12 08:07:48,1783843668,R_75,53697.2939,-1,5.580700000005891,BACKFILL_AUTO
2026-07-12 08:07:50,1783843670,R_75,53702.4547,1,5.160800000005111,BACKFILL_AUTO
2026-07-12 08:07:52,1783843672,R_75,53687.3621,-1,15.092600000003586,BACKFILL_AUTO
2026-07-12 08:07:54,1783843674,R_75,53689.2652,1,1.9031000000031781,BACKFILL_AUTO
2026-07-12 08:07:56,1783843676,R_75,53697.4607,1,8.19550000000163,BACKFILL_AUTO
2026-07-12 08:07:58,1783843678,R_75,53693.9484,-1,3.512300000002142,BACKFILL_AUTO
2026-07-12 08:08:00,1783843680,R_75,53676.1235,-1,17.824899999999616,BACKFILL_AUTO
2026-07-12 08:08:02,1783843682,R_75,53684.5361,1,8.412599999996019,BACKFILL_AUTO
2026-07-12 08:08:04,1783843684,R_75,53683.8489,-1,0.6872000000003027,BACKFILL_AUTO
2026-07-12 08:08:06,1783843686,R_75,53675.2343,-1,8.614600000000792,BACKFILL_AUTO
2026-07-12 08:08:08,1783843688,R_75,53690.2701,1,15.03580000000511,BACKFILL_AUTO
2026-07-12 08:08:10,1783843690,R_75,53679.2027,-1,11.067399999999907,BACKFILL_AUTO
2026-07-12 08:08:12,1783843692,R_75,53671.1151,-1,8.087599999998929,BACKFILL_AUTO
2026-07-12 08:08:14,1783843694,R_75,53666.8797,-1,4.235400000005029,BACKFILL_AUTO
2026-07-12 08:08:16,1783843696,R_75,53686.6834,1,19.803700000004028,BACKFILL_AUTO
2026-07-12 08:08:18,1783843698,R_75,53700.6238,1,13.9403999999995,BACKFILL_AUTO
2026-07-12 08:08:20,1783843700,R_75,53698.3339,-1,2.2899000000033993,BACKFILL_AUTO
2026-07-12 08:08:22,1783843702,R_75,53704.465,1,6.131099999998696,BACKFILL_AUTO
2026-07-12 08:08:24,1783843704,R_75,53700.9785,-1,3.4864999999990687,BACKFILL_AUTO
2026-07-12 08:08:26,1783843706,R_75,53704.5213,1,3.5428000000028987,BACKFILL_AUTO
2026-07-12 08:08:28,1783843708,R_75,53701.7295,-1,2.791799999999057,BACKFILL_AUTO
2026-07-12 08:08:30,1783843710,R_75,53692.8326,-1,8.896899999999732,BACKFILL_AUTO
2026-07-12 08:08:32,1783843712,R_75,53676.9282,-1,15.904399999999441,BACKFILL_AUTO
2026-07-12 08:08:34,1783843714,R_75,53681.3813,1,4.453099999998813,BACKFILL_AUTO
2026-07-12 08:08:36,1783843716,R_75,53690.3171,1,8.93579999999929,BACKFILL_AUTO
2026-07-12 08:08:38,1783843718,R_75,53706.967,1,16.649899999996705,BACKFILL_AUTO
2026-07-12 08:08:40,1783843720,R_75,53691.0613,-1,15.905699999995704,BACKFILL_AUTO
2026-07-12 08:08:42,1783843722,R_75,53688.7877,-1,2.2736000000004424,BACKFILL_AUTO
2026-07-12 08:08:44,1783843724,R_75,53703.8378,1,15.050100000000384,BACKFILL_AUTO
2026-07-12 08:08:46,1783843726,R_75,53709.6054,1,5.76759999999922,BACKFILL_AUTO
2026-07-12 08:08:48,1783843728,R_75,53691.1477,-1,18.457699999999022,BACKFILL_AUTO
2026-07-12 08:08:50,1783843730,R_75,53691.0786,-1,0.069100000000617,BACKFILL_AUTO
2026-07-12 08:08:52,1783843732,R_75,53687.9326,-1,3.1460000000006403,BACKFILL_AUTO
2026-07-12 08:08:54,1783843734,R_75,53668.6738,-1,19.258800000003248,BACKFILL_AUTO
2026-07-12 08:08:56,1783843736,R_75,53677.4269,1,8.753100000001723,BACKFILL_AUTO
2026-07-12 08:08:58,1783843738,R_75,53681.3948,1,3.967900000003283,BACKFILL_AUTO
2026-07-12 08:09:00,1783843740,R_75,53672.9273,-1,8.467499999998836,BACKFILL_AUTO
2026-07-12 08:09:02,1783843742,R_75,53662.9654,-1,9.96190000000206,BACKFILL_AUTO
2026-07-12 08:09:04,1783843744,R_75,53666.9747,1,4.009299999997893,BACKFILL_AUTO
2026-07-12 08:09:06,1783843746,R_75,53659.7908,-1,7.183899999996356,BACKFILL_AUTO
2026-07-12 08:09:08,1783843748,R_75,53667.453,1,7.6621999999988475,BACKFILL_AUTO
2026-07-12 08:09:10,1783843750,R_75,53655.8098,-1,11.643199999998615,BACKFILL_AUTO
2026-07-12 08:09:12,1783843752,R_75,53656.0664,1,0.256600000000617,BACKFILL_AUTO
2026-07-12 08:09:14,1783843754,R_75,53641.4475,-1,14.618900000001304,BACKFILL_AUTO
2026-07-12 08:09:16,1783843756,R_75,53626.7789,-1,14.668600000004517,BACKFILL_AUTO
2026-07-12 08:09:18,1783843758,R_75,53624.9935,-1,1.7854000000006636,BACKFILL_AUTO
2026-07-12 08:09:20,1783843760,R_75,53631.1587,1,6.165200000003097,BACKFILL_AUTO
2026-07-12 08:09:22,1783843762,R_75,53631.7901,1,0.6313999999983935,BACKFILL_AUTO
2026-07-12 08:09:24,1783843764,R_75,53629.4761,-1,2.3139999999984866,BACKFILL_AUTO
2026-07-12 08:09:26,1783843766,R_75,53637.1454,1,7.669300000001385,BACKFILL_AUTO
2026-07-12 08:09:28,1783843768,R_75,53632.0595,-1,5.085899999998219,BACKFILL_AUTO
2026-07-12 08:09:30,1783843770,R_75,53632.4308,1,0.3712999999988824,BACKFILL_AUTO
2026-07-12 08:09:32,1783843772,R_75,53621.7844,-1,10.646400000005087,BACKFILL_AUTO
2026-07-12 08:09:34,1783843774,R_75,53638.986,1,17.201600000000326,BACKFILL_AUTO
2026-07-12 08:09:36,1783843776,R_75,53636.4452,-1,2.5407999999952153,BACKFILL_AUTO
2026-07-12 08:09:38,1783843778,R_75,53627.3223,-1,9.122900000002119,BACKFILL_AUTO
2026-07-12 08:09:40,1783843780,R_75,53596.2848,-1,31.037499999998545,BACKFILL_AUTO
2026-07-12 08:09:42,1783843782,R_75,53600.1244,1,3.8395999999993364,BACKFILL_AUTO
2026-07-12 08:09:44,1783843784,R_75,53598.0309,-1,2.0935000000026776,BACKFILL_AUTO
2026-07-12 08:09:46,1783843786,R_75,53591.1782,-1,6.852699999995821,BACKFILL_AUTO
2026-07-12 08:09:48,1783843788,R_75,53594.9906,1,3.8123999999952503,BACKFILL_AUTO
2026-07-12 08:09:50,1783843790,R_75,53586.9292,-1,8.061399999998685,BACKFILL_AUTO
2026-07-12 08:09:52,1783843792,R_75,53575.7469,-1,11.182300000000396,BACKFILL_AUTO
2026-07-12 08:09:54,1783843794,R_75,53584.8244,1,9.077499999999418,BACKFILL_AUTO
2026-07-12 08:09:56,1783843796,R_75,53612.723,1,27.898600000000442,BACKFILL_AUTO
2026-07-12 08:09:58,1783843798,R_75,53603.4112,-1,9.311799999995856,BACKFILL_AUTO
2026-07-12 08:10:00,1783843800,R_75,53608.6808,1,5.2695999999996275,BACKFILL_AUTO
2026-07-12 08:10:02,1783843802,R_75,53599.9455,-1,8.73530000000028,BACKFILL_AUTO
2026-07-12 08:10:04,1783843804,R_75,53591.7355,-1,8.209999999999127,BACKFILL_AUTO
2026-07-12 08:10:06,1783843806,R_75,53586.4129,-1,5.322599999999511,BACKFILL_AUTO
2026-07-12 08:10:08,1783843808,R_75,53596.1776,1,9.76469999999972,BACKFILL_AUTO
2026-07-12 08:10:10,1783843810,R_75,53603.0724,1,6.894799999994575,BACKFILL_AUTO
2026-07-12 08:10:12,1783843812,R_75,53593.2777,-1,9.794699999998556,BACKFILL_AUTO
2026-07-12 08:10:14,1783843814,R_75,53598.2,1,4.9222999999983585,BACKFILL_AUTO
2026-07-12 08:10:16,1783843816,R_75,53587.3449,-1,10.855100000000675,BACKFILL_AUTO
2026-07-12 08:10:18,1783843818,R_75,53583.5199,-1,3.8249999999970896,BACKFILL_AUTO
2026-07-12 08:10:20,1783843820,R_75,53578.465,-1,5.054900000002817,BACKFILL_AUTO
2026-07-12 08:10:22,1783843822,R_75,53569.2489,-1,9.216099999997823,BACKFILL_AUTO
2026-07-12 08:10:24,1783843824,R_75,53579.0569,1,9.80800000000454,BACKFILL_AUTO
2026-07-12 08:10:26,1783843826,R_75,53580.2448,1,1.187899999997171,BACKFILL_AUTO
2026-07-12 08:10:28,1783843828,R_75,53583.9049,1,3.6601000000009662,BACKFILL_AUTO
2026-07-12 08:10:30,1783843830,R_75,53593.2297,1,9.324800000002142,BACKFILL_AUTO
2026-07-12 08:10:32,1783843832,R_75,53585.3635,-1,7.866200000004028,BACKFILL_AUTO
2026-07-12 08:10:34,1783843834,R_75,53582.189,-1,3.1745000000009895,BACKFILL_AUTO
2026-07-12 08:10:36,1783843836,R_75,53588.9831,1,6.794099999999162,BACKFILL_AUTO
2026-07-12 08:10:38,1783843838,R_75,53589.9759,1,0.9927999999999884,BACKFILL_AUTO
2026-07-12 08:10:40,1783843840,R_75,53582.9531,-1,7.022799999998824,BACKFILL_AUTO
2026-07-12 08:10:42,1783843842,R_75,53591.7356,1,8.782500000001164,BACKFILL_AUTO
2026-07-12 08:10:44,1783843844,R_75,53587.4726,-1,4.2629999999990105,BACKFILL_AUTO
2026-07-12 08:10:46,1783843846,R_75,53587.3477,-1,0.12490000000252621,BACKFILL_AUTO
2026-07-12 08:10:48,1783843848,R_75,53574.2718,-1,13.075899999996182,BACKFILL_AUTO
2026-07-12 08:10:50,1783843850,R_75,53589.9247,1,15.652900000000955,BACKFILL_AUTO
2026-07-12 08:10:52,1783843852,R_75,53593.6506,1,3.7258999999976368,BACKFILL_AUTO
2026-07-12 08:10:54,1783843854,R_75,53591.2253,-1,2.4253000000026077,BACKFILL_AUTO
2026-07-12 08:10:56,1783843856,R_75,53606.8221,1,15.596799999999348,BACKFILL_AUTO
2026-07-12 08:10:58,1783843858,R_75,53604.2683,-1,2.553799999994226,BACKFILL_AUTO
2026-07-12 08:11:00,1783843860,R_75,53612.3011,1,8.032799999993586,BACKFILL_AUTO
2026-07-12 08:11:02,1783843862,R_75,53627.2466,1,14.94550000000163,BACKFILL_AUTO
2026-07-12 08:11:04,1783843864,R_75,53617.709,-1,9.537599999996019,BACKFILL_AUTO
2026-07-12 08:11:06,1783843866,R_75,53604.9211,-1,12.787900000002992,BACKFILL_AUTO
2026-07-12 08:11:08,1783843868,R_75,53597.3754,-1,7.545700000002398,BACKFILL_AUTO
2026-07-12 08:11:10,1783843870,R_75,53604.7666,1,7.391200000005483,BACKFILL_AUTO
2026-07-12 08:11:12,1783843872,R_75,53619.634,1,14.867399999995541,BACKFILL_AUTO
2026-07-12 08:11:14,1783843874,R_75,53612.1401,-1,7.493900000001304,BACKFILL_AUTO
2026-07-12 08:11:16,1783843876,R_75,53618.8237,1,6.683600000003935,BACKFILL_AUTO
2026-07-12 08:11:18,1783843878,R_75,53630.0394,1,11.215700000000652,BACKFILL_AUTO
2026-07-12 08:11:20,1783843880,R_75,53639.3347,1,9.295299999997951,BACKFILL_AUTO
2026-07-12 08:11:22,1783843882,R_75,53635.5325,-1,3.8021999999982654,BACKFILL_AUTO
2026-07-12 08:11:24,1783843884,R_75,53634.8025,-1,0.7300000000032014,BACKFILL_AUTO
2026-07-12 08:11:26,1783843886,R_75,53650.1819,1,15.379400000005262,BACKFILL_AUTO
2026-07-12 08:11:28,1783843888,R_75,53644.2326,-1,5.949300000000221,BACKFILL_AUTO
2026-07-12 08:11:30,1783843890,R_75,53659.4135,1,15.180899999999383,BACKFILL_AUTO
2026-07-12 08:11:32,1783843892,R_75,53655.7423,-1,3.671200000004319,BACKFILL_AUTO
2026-07-12 08:11:34,1783843894,R_75,53662.8898,1,7.147499999999127,BACKFILL_AUTO
2026-07-12 08:11:36,1783843896,R_75,53646.5478,-1,16.341999999996915,BACKFILL_AUTO
2026-07-12 08:11:38,1783843898,R_75,53660.6837,1,14.13590000000113,BACKFILL_AUTO
2026-07-12 08:11:40,1783843900,R_75,53649.7611,-1,10.922599999998056,BACKFILL_AUTO
2026-07-12 08:11:42,1783843902,R_75,53657.503,1,7.74189999999362,BACKFILL_AUTO
2026-07-12 08:11:44,1783843904,R_75,53664.2463,1,6.743300000001909,BACKFILL_AUTO
2026-07-12 08:11:46,1783843906,R_75,53673.695,1,9.448700000000827,BACKFILL_AUTO
2026-07-12 08:11:48,1783843908,R_75,53656.1722,-1,17.522799999998824,BACKFILL_AUTO
2026-07-12 08:11:50,1783843910,R_75,53663.3826,1,7.210399999996298,BACKFILL_AUTO
2026-07-12 08:11:52,1783843912,R_75,53664.0691,1,0.6865000000034343,BACKFILL_AUTO
2026-07-12 08:11:54,1783843914,R_75,53672.9017,1,8.832600000001548,BACKFILL_AUTO
2026-07-12 08:11:56,1783843916,R_75,53669.0822,-1,3.819500000005064,BACKFILL_AUTO
2026-07-12 08:11:58,1783843918,R_75,53678.7256,1,9.643400000000838,BACKFILL_AUTO
2026-07-12 08:12:00,1783843920,R_75,53663.2366,-1,15.489000000001397,BACKFILL_AUTO
2026-07-12 08:12:02,1783843922,R_75,53667.1119,1,3.8753000000069733,BACKFILL_AUTO
2026-07-12 08:12:04,1783843924,R_75,53662.2788,-1,4.833100000003469,BACKFILL_AUTO
2026-07-12 08:12:06,1783843926,R_75,53670.3023,1,8.023500000002969,BACKFILL_AUTO
2026-07-12 08:12:08,1783843928,R_75,53649.2958,-1,21.006500000003143,BACKFILL_AUTO
2026-07-12 08:12:10,1783843930,R_75,53649.4158,1,0.12000000000261934,BACKFILL_AUTO
2026-07-12 08:12:12,1783843932,R_75,53646.3207,-1,3.095100000005914,BACKFILL_AUTO
2026-07-12 08:12:14,1783843934,R_75,53642.6003,-1,3.7203999999983353,BACKFILL_AUTO
2026-07-12 08:12:16,1783843936,R_75,53638.1695,-1,4.430799999994633,BACKFILL_AUTO
2026-07-12 08:12:18,1783843938,R_75,53627.4461,-1,10.723400000002584,BACKFILL_AUTO
2026-07-12 08:12:20,1783843940,R_75,53621.5781,-1,5.868000000002212,BACKFILL_AUTO
2026-07-12 08:12:22,1783843942,R_75,53604.1175,-1,17.46059999999852,BACKFILL_AUTO
2026-07-12 08:12:24,1783843944,R_75,53601.9861,-1,2.1313999999983935,BACKFILL_AUTO
2026-07-12 08:12:26,1783843946,R_75,53619.5298,1,17.543699999994715,BACKFILL_AUTO
2026-07-12 08:12:28,1783843948,R_75,53612.7503,-1,6.779499999996915,BACKFILL_AUTO
2026-07-12 08:12:30,1783843950,R_75,53610.3222,-1,2.4280999999973574,BACKFILL_AUTO
2026-07-12 08:12:32,1783843952,R_75,53605.0549,-1,5.267299999999523,BACKFILL_AUTO
2026-07-12 08:12:34,1783843954,R_75,53594.5752,-1,10.479700000003504,BACKFILL_AUTO
2026-07-12 08:12:36,1783843956,R_75,53589.5337,-1,5.04149999999936,BACKFILL_AUTO
2026-07-12 08:12:38,1783843958,R_75,53579.8696,-1,9.664100000001781,BACKFILL_AUTO
2026-07-12 08:12:40,1783843960,R_75,53583.9495,1,4.079900000004272,BACKFILL_AUTO
2026-07-12 08:12:42,1783843962,R_75,53589.0024,1,5.052899999995134,BACKFILL_AUTO
2026-07-12 08:12:44,1783843964,R_75,53601.5253,1,12.522900000003574,BACKFILL_AUTO
2026-07-12 08:12:46,1783843966,R_75,53610.8729,1,9.347600000000966,BACKFILL_AUTO
2026-07-12 08:12:48,1783843968,R_75,53611.3311,1,0.45820000000094296,BACKFILL_AUTO
2026-07-12 08:12:50,1783843970,R_75,53586.8012,-1,24.529900000001362,BACKFILL_AUTO
2026-07-12 08:12:52,1783843972,R_75,53587.9395,1,1.1382999999987078,BACKFILL_AUTO
2026-07-12 08:12:54,1783843974,R_75,53590.9154,1,2.9758999999976368,BACKFILL_AUTO
2026-07-12 08:12:56,1783843976,R_75,53596.8921,1,5.976699999999255,BACKFILL_AUTO
2026-07-12 08:12:58,1783843978,R_75,53596.7088,-1,0.18329999999696156,BACKFILL_AUTO
2026-07-12 08:13:00,1783843980,R_75,53596.5583,-1,0.15050000000337604,BACKFILL_AUTO
2026-07-12 08:13:02,1783843982,R_75,53608.3063,1,11.747999999999593,BACKFILL_AUTO
2026-07-12 08:13:04,1783843984,R_75,53612.658,1,4.351700000006531,BACKFILL_AUTO
2026-07-12 08:13:06,1783843986,R_75,53617.0826,1,4.424599999998463,BACKFILL_AUTO
2026-07-12 08:13:08,1783843988,R_75,53612.7382,-1,4.3444000000017695,BACKFILL_AUTO
2026-07-12 08:13:10,1783843990,R_75,53603.8486,-1,8.889600000002247,BACKFILL_AUTO
2026-07-12 08:13:12,1783843992,R_75,53595.712,-1,8.136599999997998,BACKFILL_AUTO
2026-07-12 08:13:14,1783843994,R_75,53583.8574,-1,11.854599999998754,BACKFILL_AUTO
2026-07-12 08:13:16,1783843996,R_75,53585.7106,1,1.8531999999977415,BACKFILL_AUTO
2026-07-12 08:13:18,1783843998,R_75,53577.2401,-1,8.470499999995809,BACKFILL_AUTO
2026-07-12 08:13:20,1783844000,R_75,53567.0561,-1,10.184000000001106,BACKFILL_AUTO
2026-07-12 08:13:22,1783844002,R_75,53570.0425,1,2.986400000001595,BACKFILL_AUTO
2026-07-12 08:13:24,1783844004,R_75,53571.8606,1,1.8180999999967753,BACKFILL_AUTO
2026-07-12 08:13:26,1783844006,R_75,53561.1094,-1,10.75119999999879,BACKFILL_AUTO
2026-07-12 08:13:28,1783844008,R_75,53552.265,-1,8.84440000000177,BACKFILL_AUTO
2026-07-12 08:13:30,1783844010,R_75,53550.7364,-1,1.528599999997823,BACKFILL_AUTO
2026-07-12 08:13:32,1783844012,R_75,53575.072,1,24.33559999999852,BACKFILL_AUTO
2026-07-12 08:13:34,1783844014,R_75,53571.5465,-1,3.525500000003376,BACKFILL_AUTO
2026-07-12 08:13:36,1783844016,R_75,53587.1502,1,15.603699999999662,BACKFILL_AUTO
2026-07-12 08:13:38,1783844018,R_75,53586.6163,-1,0.533899999994901,BACKFILL_AUTO
2026-07-12 08:13:40,1783844020,R_75,53578.316,-1,8.300300000002608,BACKFILL_AUTO
2026-07-12 08:13:42,1783844022,R_75,53579.7416,1,1.425600000002305,BACKFILL_AUTO
2026-07-12 08:13:44,1783844024,R_75,53583.6702,1,3.9285999999992782,BACKFILL_AUTO
2026-07-12 08:13:46,1783844026,R_75,53589.9588,1,6.28859999999986,BACKFILL_AUTO
2026-07-12 08:13:48,1783844028,R_75,53601.5723,1,11.613499999999476,BACKFILL_AUTO
2026-07-12 08:13:50,1783844030,R_75,53608.8371,1,7.264799999997194,BACKFILL_AUTO
2026-07-12 08:13:52,1783844032,R_75,53612.2944,1,3.457300000001851,BACKFILL_AUTO
2026-07-12 08:13:54,1783844034,R_75,53624.6082,1,12.313800000003539,BACKFILL_AUTO
2026-07-12 08:13:56,1783844036,R_75,53620.4104,-1,4.197800000001735,BACKFILL_AUTO
2026-07-12 08:13:58,1783844038,R_75,53610.3738,-1,10.036599999999453,BACKFILL_AUTO
2026-07-12 08:14:00,1783844040,R_75,53600.5231,-1,9.85070000000269,BACKFILL_AUTO
2026-07-12 08:14:02,1783844042,R_75,53598.6927,-1,1.8303999999989173,BACKFILL_AUTO
2026-07-12 08:14:04,1783844044,R_75,53595.4315,-1,3.2612000000008265,BACKFILL_AUTO
2026-07-12 08:14:06,1783844046,R_75,53588.0957,-1,7.335800000000745,BACKFILL_AUTO
2026-07-12 08:14:08,1783844048,R_75,53606.5046,1,18.408900000002177,BACKFILL_AUTO
2026-07-12 08:14:10,1783844050,R_75,53618.8619,1,12.357300000003306,BACKFILL_AUTO
2026-07-12 08:14:12,1783844052,R_75,53623.9095,1,5.047599999998056,BACKFILL_AUTO
2026-07-12 08:14:14,1783844054,R_75,53635.3264,1,11.41689999999653,BACKFILL_AUTO
2026-07-12 08:14:16,1783844056,R_75,53621.453,-1,13.873399999996764,BACKFILL_AUTO
2026-07-12 08:14:18,1783844058,R_75,53631.793,1,10.339999999996508,BACKFILL_AUTO
2026-07-12 08:14:20,1783844060,R_75,53636.3358,1,4.542800000002899,BACKFILL_AUTO
2026-07-12 08:14:22,1783844062,R_75,53620.1832,-1,16.152600000001257,BACKFILL_AUTO
2026-07-12 08:14:24,1783844064,R_75,53616.306,-1,3.877200000002631,BACKFILL_AUTO
2026-07-12 08:14:26,1783844066,R_75,53606.0901,-1,10.2158999999956,BACKFILL_AUTO
2026-07-12 08:14:28,1783844068,R_75,53595.7574,-1,10.332699999999022,BACKFILL_AUTO
2026-07-12 08:14:30,1783844070,R_75,53580.5684,-1,15.189000000005763,BACKFILL_AUTO
2026-07-12 08:14:32,1783844072,R_75,53585.5833,1,5.014900000001944,BACKFILL_AUTO
2026-07-12 08:14:34,1783844074,R_75,53584.5762,-1,1.007099999995262,BACKFILL_AUTO
2026-07-12 08:14:36,1783844076,R_75,53568.3261,-1,16.25010000000475,BACKFILL_AUTO
2026-07-12 08:14:38,1783844078,R_75,53567.6562,-1,0.66990000000078,BACKFILL_AUTO
2026-07-12 08:14:40,1783844080,R_75,53547.1573,-1,20.498899999998685,BACKFILL_AUTO
2026-07-12 08:14:42,1783844082,R_75,53542.6391,-1,4.518199999998615,BACKFILL_AUTO
2026-07-12 08:14:44,1783844084,R_75,53557.4825,1,14.843399999997928,BACKFILL_AUTO
2026-07-12 08:14:46,1783844086,R_75,53552.9799,-1,4.502599999999802,BACKFILL_AUTO
2026-07-12 08:14:48,1783844088,R_75,53566.3444,1,13.364500000003318,BACKFILL_AUTO
2026-07-12 08:14:50,1783844090,R_75,53558.7292,-1,7.615200000000186,BACKFILL_AUTO
2026-07-12 08:14:52,1783844092,R_75,53567.9087,1,9.17949999999837,BACKFILL_AUTO
2026-07-12 08:14:54,1783844094,R_75,53567.2562,-1,0.6524999999965075,BACKFILL_AUTO
2026-07-12 08:14:56,1783844096,R_75,53565.7579,-1,1.4983000000065658,BACKFILL_AUTO
2026-07-12 08:14:58,1783844098,R_75,53569.7579,1,4.0,BACKFILL_AUTO
2026-07-12 08:15:00,1783844100,R_75,53585.2054,1,15.447500000002037,BACKFILL_AUTO
2026-07-12 08:15:02,1783844102,R_75,53575.9378,-1,9.26759999999922,BACKFILL_AUTO
2026-07-12 08:15:04,1783844104,R_75,53575.2235,-1,0.7142999999996391,BACKFILL_AUTO
2026-07-12 08:15:06,1783844106,R_75,53574.4118,-1,0.8116999999983818,BACKFILL_AUTO
2026-07-12 08:15:08,1783844108,R_75,53557.1176,-1,17.29420000000391,BACKFILL_AUTO
2026-07-12 08:15:10,1783844110,R_75,53556.3947,-1,0.7229000000006636,BACKFILL_AUTO
2026-07-12 08:15:12,1783844112,R_75,53560.7732,1,4.37850000000617,BACKFILL_AUTO
2026-07-12 08:15:14,1783844114,R_75,53572.1385,1,11.36529999999766,BACKFILL_AUTO
2026-07-12 08:15:16,1783844116,R_75,53568.0418,-1,4.096700000001874,BACKFILL_AUTO
2026-07-12 08:15:18,1783844118,R_75,53567.3447,-1,0.6970999999975902,BACKFILL_AUTO
2026-07-12 08:15:20,1783844120,R_75,53563.4201,-1,3.9245999999984633,BACKFILL_AUTO
2026-07-12 08:15:22,1783844122,R_75,53578.4041,1,14.98399999999674,BACKFILL_AUTO
2026-07-12 08:15:24,1783844124,R_75,53571.7306,-1,6.673499999997148,BACKFILL_AUTO
2026-07-12 08:15:26,1783844126,R_75,53565.0031,-1,6.727500000000873,BACKFILL_AUTO
2026-07-12 08:15:28,1783844128,R_75,53561.2369,-1,3.766199999998207,BACKFILL_AUTO
2026-07-12 08:15:30,1783844130,R_75,53585.1232,1,23.8862999999983,BACKFILL_AUTO
2026-07-12 08:15:32,1783844132,R_75,53583.3268,-1,1.7963999999992666,BACKFILL_AUTO
2026-07-12 08:15:34,1783844134,R_75,53587.4761,1,4.149299999997311,BACKFILL_AUTO
2026-07-12 08:15:36,1783844136,R_75,53582.5189,-1,4.957199999997101,BACKFILL_AUTO
2026-07-12 08:15:38,1783844138,R_75,53590.7489,1,8.229999999995925,BACKFILL_AUTO
2026-07-12 08:15:40,1783844140,R_75,53572.553,-1,18.1958999999988,BACKFILL_AUTO
2026-07-12 08:15:42,1783844142,R_75,53577.1358,1,4.582799999996496,BACKFILL_AUTO
2026-07-12 08:15:44,1783844144,R_75,53584.5282,1,7.392400000004272,BACKFILL_AUTO
2026-07-12 08:15:46,1783844146,R_75,53611.6396,1,27.111400000001595,BACKFILL_AUTO
2026-07-12 08:15:48,1783844148,R_75,53606.4603,-1,5.179300000003423,BACKFILL_AUTO
2026-07-12 08:15:50,1783844150,R_75,53604.4886,-1,1.9717000000018743,BACKFILL_AUTO
2026-07-12 08:15:52,1783844152,R_75,53613.9157,1,9.427100000000792,BACKFILL_AUTO
2026-07-12 08:15:54,1783844154,R_75,53621.522,1,7.6062999999994645,BACKFILL_AUTO
2026-07-12 08:15:56,1783844156,R_75,53623.3335,1,1.8115000000034343,BACKFILL_AUTO
2026-07-12 08:15:58,1783844158,R_75,53609.7227,-1,13.6108000000022,BACKFILL_AUTO
2026-07-12 08:16:00,1783844160,R_75,53610.6592,1,0.9365000000034343,BACKFILL_AUTO
2026-07-12 08:16:02,1783844162,R_75,53619.3251,1,8.665899999999965,BACKFILL_AUTO
2026-07-12 08:16:04,1783844164,R_75,53604.6867,-1,14.638400000003458,BACKFILL_AUTO
2026-07-12 08:16:06,1783844166,R_75,53607.6467,1,2.959999999999127,BACKFILL_AUTO
2026-07-12 08:16:08,1783844168,R_75,53604.3433,-1,3.3033999999970547,BACKFILL_AUTO
2026-07-12 08:16:10,1783844170,R_75,53580.9623,-1,23.381000000001222,BACKFILL_AUTO
2026-07-12 08:16:12,1783844172,R_75,53572.7388,-1,8.223500000000058,BACKFILL_AUTO
2026-07-12 08:16:14,1783844174,R_75,53567.7695,-1,4.96929999999702,BACKFILL_AUTO
2026-07-12 08:16:16,1783844176,R_75,53578.9013,1,11.131799999995565,BACKFILL_AUTO
2026-07-12 08:16:18,1783844178,R_75,53586.7401,1,7.838800000004994,BACKFILL_AUTO
2026-07-12 08:16:20,1783844180,R_75,53569.5958,-1,17.14429999999993,BACKFILL_AUTO
2026-07-12 08:16:22,1783844182,R_75,53577.3021,1,7.706299999998009,BACKFILL_AUTO
2026-07-12 08:16:24,1783844184,R_75,53589.7167,1,12.414599999996426,BACKFILL_AUTO
2026-07-12 08:16:26,1783844186,R_75,53566.7191,-1,22.997599999995145,BACKFILL_AUTO
2026-07-12 08:16:28,1783844188,R_75,53564.3886,-1,2.330500000003667,BACKFILL_AUTO
2026-07-12 08:16:30,1783844190,R_75,53578.1778,1,13.789199999999255,BACKFILL_AUTO
2026-07-12 08:16:32,1783844192,R_75,53571.751,-1,6.426800000001094,BACKFILL_AUTO
2026-07-12 08:16:34,1783844194,R_75,53576.102,1,4.3510000000023865,BACKFILL_AUTO
2026-07-12 08:16:36,1783844196,R_75,53580.204,1,4.101999999998952,BACKFILL_AUTO
2026-07-12 08:16:38,1783844198,R_75,53588.0245,1,7.82050000000163,BACKFILL_AUTO
2026-07-12 08:16:40,1783844200,R_75,53578.6806,-1,9.343899999999849,BACKFILL_AUTO
2026-07-12 08:16:42,1783844202,R_75,53594.2361,1,15.555500000002212,BACKFILL_AUTO
2026-07-12 08:16:44,1783844204,R_75,53582.4928,-1,11.74330000000191,BACKFILL_AUTO
2026-07-12 08:16:46,1783844206,R_75,53563.9529,-1,18.5399000000034,BACKFILL_AUTO
2026-07-12 08:16:48,1783844208,R_75,53583.2205,1,19.267600000006496,BACKFILL_AUTO
2026-07-12 08:16:50,1783844210,R_75,53584.0141,1,0.793599999997241,BACKFILL_AUTO
2026-07-12 08:16:52,1783844212,R_75,53586.3619,1,2.34780000000319,BACKFILL_AUTO
2026-07-12 08:16:54,1783844214,R_75,53579.7258,-1,6.636100000003353,BACKFILL_AUTO
2026-07-12 08:16:56,1783844216,R_75,53560.5654,-1,19.160400000000664,BACKFILL_AUTO
2026-07-12 08:16:58,1783844218,R_75,53567.0329,1,6.467499999998836,BACKFILL_AUTO
2026-07-12 08:17:00,1783844220,R_75,53556.9528,-1,10.08009999999922,BACKFILL_AUTO
2026-07-12 08:17:02,1783844222,R_75,53563.9971,1,7.044300000001385,BACKFILL_AUTO
2026-07-12 08:17:04,1783844224,R_75,53573.9212,1,9.924099999996542,BACKFILL_AUTO
2026-07-12 08:17:06,1783844226,R_75,53576.5167,1,2.595500000003085,BACKFILL_AUTO
2026-07-12 08:17:08,1783844228,R_75,53572.3326,-1,4.18409999999858,BACKFILL_AUTO
2026-07-12 08:17:10,1783844230,R_75,53553.5102,-1,18.822400000004563,BACKFILL_AUTO
2026-07-12 08:17:12,1783844232,R_75,53540.4148,-1,13.095399999998335,BACKFILL_AUTO
2026-07-12 08:17:14,1783844234,R_75,53535.5772,-1,4.837599999998929,BACKFILL_AUTO
2026-07-12 08:17:16,1783844236,R_75,53553.1236,1,17.546399999999267,BACKFILL_AUTO
2026-07-12 08:17:18,1783844238,R_75,53548.8467,-1,4.276899999997113,BACKFILL_AUTO
2026-07-12 08:17:20,1783844240,R_75,53532.7865,-1,16.060199999999895,BACKFILL_AUTO
2026-07-12 08:17:22,1783844242,R_75,53531.8422,-1,0.9443000000028405,BACKFILL_AUTO
2026-07-12 08:17:24,1783844244,R_75,53508.1528,-1,23.689399999995658,BACKFILL_AUTO
2026-07-12 08:17:26,1783844246,R_75,53487.94,-1,20.212800000001153,BACKFILL_AUTO
2026-07-12 08:17:28,1783844248,R_75,53491.5096,1,3.569599999995262,BACKFILL_AUTO
2026-07-12 08:17:30,1783844250,R_75,53487.2296,-1,4.279999999998836,BACKFILL_AUTO
2026-07-12 08:17:32,1783844252,R_75,53489.0171,1,1.7874999999985448,BACKFILL_AUTO
2026-07-12 08:17:34,1783844254,R_75,53495.8755,1,6.858400000004622,BACKFILL_AUTO
2026-07-12 08:17:36,1783844256,R_75,53486.3696,-1,9.505900000003749,BACKFILL_AUTO
2026-07-12 08:17:38,1783844258,R_75,53483.1787,-1,3.1909000000014203,BACKFILL_AUTO
2026-07-12 08:17:40,1783844260,R_75,53497.946,1,14.767300000006799,BACKFILL_AUTO
2026-07-12 08:17:42,1783844262,R_75,53499.0451,1,1.0990999999994528,BACKFILL_AUTO
2026-07-12 08:17:44,1783844264,R_75,53492.4319,-1,6.613199999999779,BACKFILL_AUTO
2026-07-12 08:17:46,1783844266,R_75,53470.7153,-1,21.716599999999744,BACKFILL_AUTO
2026-07-12 08:17:48,1783844268,R_75,53476.5538,1,5.838499999998021,BACKFILL_AUTO
2026-07-12 08:17:50,1783844270,R_75,53469.745,-1,6.808799999998882,BACKFILL_AUTO
2026-07-12 08:17:52,1783844272,R_75,53460.7947,-1,8.950300000004063,BACKFILL_AUTO
2026-07-12 08:17:54,1783844274,R_75,53445.2347,-1,15.559999999997672,BACKFILL_AUTO
2026-07-12 08:17:56,1783844276,R_75,53424.8039,-1,20.43080000000191,BACKFILL_AUTO
2026-07-12 08:17:58,1783844278,R_75,53411.0181,-1,13.785799999997835,BACKFILL_AUTO
2026-07-12 08:18:00,1783844280,R_75,53413.2992,1,2.2811000000001513,BACKFILL_AUTO
2026-07-12 08:18:02,1783844282,R_75,53413.4476,1,0.14839999999821885,BACKFILL_AUTO
2026-07-12 08:18:04,1783844284,R_75,53416.5952,1,3.1476000000038766,BACKFILL_AUTO
2026-07-12 08:18:06,1783844286,R_75,53409.5901,-1,7.00510000000213,BACKFILL_AUTO
2026-07-12 08:18:08,1783844288,R_75,53414.8102,1,5.220099999998638,BACKFILL_AUTO
2026-07-12 08:18:10,1783844290,R_75,53399.2997,-1,15.510499999996682,BACKFILL_AUTO
2026-07-12 08:18:12,1783844292,R_75,53407.0605,1,7.7607999999963795,BACKFILL_AUTO
2026-07-12 08:18:14,1783844294,R_75,53410.5555,1,3.4950000000026193,BACKFILL_AUTO
2026-07-12 08:18:16,1783844296,R_75,53417.1071,1,6.551599999998871,BACKFILL_AUTO
2026-07-12 08:18:18,1783844298,R_75,53411.3614,-1,5.745699999999488,BACKFILL_AUTO
2026-07-12 08:18:20,1783844300,R_75,53413.6093,1,2.247899999994843,BACKFILL_AUTO
2026-07-12 08:18:22,1783844302,R_75,53403.2694,-1,10.339899999999034,BACKFILL_AUTO
2026-07-12 08:18:24,1783844304,R_75,53408.5665,1,5.297100000003411,BACKFILL_AUTO
2026-07-12 08:18:26,1783844306,R_75,53408.6242,1,0.05769999999756692,BACKFILL_AUTO
2026-07-12 08:18:28,1783844308,R_75,53413.9276,1,5.303400000004331,BACKFILL_AUTO
2026-07-12 08:18:30,1783844310,R_75,53408.9722,-1,4.955400000006193,BACKFILL_AUTO
2026-07-12 08:18:32,1783844312,R_75,53419.0724,1,10.100200000000768,BACKFILL_AUTO
2026-07-12 08:18:34,1783844314,R_75,53429.5516,1,10.479200000001583,BACKFILL_AUTO
2026-07-12 08:18:36,1783844316,R_75,53416.6557,-1,12.89589999999589,BACKFILL_AUTO
2026-07-12 08:18:38,1783844318,R_75,53426.1685,1,9.512799999996787,BACKFILL_AUTO
2026-07-12 08:18:40,1783844320,R_75,53425.5561,-1,0.6123999999981606,BACKFILL_AUTO
2026-07-12 08:18:42,1783844322,R_75,53425.9205,1,0.3643999999985681,BACKFILL_AUTO
2026-07-12 08:18:44,1783844324,R_75,53441.4899,1,15.569400000000314,BACKFILL_AUTO
2026-07-12 08:18:46,1783844326,R_75,53441.7809,1,0.29099999999743886,BACKFILL_AUTO
2026-07-12 08:18:48,1783844328,R_75,53451.8435,1,10.06260000000475,BACKFILL_AUTO
2026-07-12 08:18:50,1783844330,R_75,53444.3797,-1,7.463800000004994,BACKFILL_AUTO
2026-07-12 08:18:52,1783844332,R_75,53444.8963,1,0.5166000000026543,BACKFILL_AUTO
2026-07-12 08:18:54,1783844334,R_75,53455.0367,1,10.140399999996589,BACKFILL_AUTO
2026-07-12 08:18:56,1783844336,R_75,53470.946,1,15.909300000006624,BACKFILL_AUTO
2026-07-12 08:18:58,1783844338,R_75,53460.6555,-1,10.290500000002794,BACKFILL_AUTO
2026-07-12 08:19:00,1783844340,R_75,53465.1997,1,4.544199999996636,BACKFILL_AUTO
2026-07-12 08:19:02,1783844342,R_75,53457.7811,-1,7.418599999997241,BACKFILL_AUTO
2026-07-12 08:19:04,1783844344,R_75,53455.993,-1,1.7880999999979394,BACKFILL_AUTO
2026-07-12 08:19:06,1783844346,R_75,53438.6672,-1,17.325799999998708,BACKFILL_AUTO
2026-07-12 08:19:08,1783844348,R_75,53439.5854,1,0.9182000000000698,BACKFILL_AUTO
2026-07-12 08:19:10,1783844350,R_75,53449.7702,1,10.184799999995448,BACKFILL_AUTO
2026-07-12 08:19:12,1783844352,R_75,53422.6158,-1,27.15439999999944,BACKFILL_AUTO
2026-07-12 08:19:14,1783844354,R_75,53421.0968,-1,1.5190000000002328,BACKFILL_AUTO
2026-07-12 08:19:16,1783844356,R_75,53420.1646,-1,0.932200000002922,BACKFILL_AUTO
2026-07-12 08:19:18,1783844358,R_75,53420.9504,1,0.7858000000051106,BACKFILL_AUTO
2026-07-12 08:19:20,1783844360,R_75,53413.3314,-1,7.618999999998778,BACKFILL_AUTO
2026-07-12 08:19:22,1783844362,R_75,53414.8016,1,1.4701999999961117,BACKFILL_AUTO
2026-07-12 08:19:24,1783844364,R_75,53415.5259,1,0.7243000000016764,BACKFILL_AUTO
2026-07-12 08:19:26,1783844366,R_75,53405.7897,-1,9.736199999999371,BACKFILL_AUTO
2026-07-12 08:19:28,1783844368,R_75,53405.759,-1,0.030700000002980232,BACKFILL_AUTO
2026-07-12 08:19:30,1783844370,R_75,53411.9137,1,6.1546999999991385,BACKFILL_AUTO
2026-07-12 08:19:32,1783844372,R_75,53411.936,1,0.02230000000417931,BACKFILL_AUTO
2026-07-12 08:19:34,1783844374,R_75,53394.2848,-1,17.651200000000244,BACKFILL_AUTO
2026-07-12 08:19:36,1783844376,R_75,53409.4042,1,15.119399999995949,BACKFILL_AUTO
2026-07-12 08:19:38,1783844378,R_75,53416.7383,1,7.334100000000035,BACKFILL_AUTO
2026-07-12 08:19:40,1783844380,R_75,53425.7103,1,8.972000000001572,BACKFILL_AUTO
2026-07-12 08:19:42,1783844382,R_75,53427.193,1,1.4827000000004773,BACKFILL_AUTO
2026-07-12 08:19:44,1783844384,R_75,53432.9889,1,5.795899999997346,BACKFILL_AUTO
2026-07-12 08:19:46,1783844386,R_75,53419.1248,-1,13.86409999999887,BACKFILL_AUTO
2026-07-12 08:19:48,1783844388,R_75,53408.0386,-1,11.086199999997916,BACKFILL_AUTO
2026-07-12 08:19:50,1783844390,R_75,53392.6792,-1,15.359400000001187,BACKFILL_AUTO
2026-07-12 08:19:52,1783844392,R_75,53396.9201,1,4.240900000004331,BACKFILL_AUTO
2026-07-12 08:19:54,1783844394,R_75,53401.0176,1,4.0974999999962165,BACKFILL_AUTO
2026-07-12 08:19:56,1783844396,R_75,53398.8785,-1,2.139100000000326,BACKFILL_AUTO
2026-07-12 08:19:58,1783844398,R_75,53415.0095,1,16.131000000001222,BACKFILL_AUTO
2026-07-12 08:20:00,1783844400,R_75,53427.4966,1,12.487099999998463,BACKFILL_AUTO
2026-07-12 08:20:02,1783844402,R_75,53416.0929,-1,11.403699999995297,BACKFILL_AUTO
2026-07-12 08:20:04,1783844404,R_75,53425.9809,1,9.88799999999901,BACKFILL_AUTO
2026-07-12 08:20:06,1783844406,R_75,53451.4225,1,25.44159999999829,BACKFILL_AUTO
2026-07-12 08:20:08,1783844408,R_75,53466.4882,1,15.065699999999197,BACKFILL_AUTO
2026-07-12 08:20:10,1783844410,R_75,53464.5107,-1,1.9775000000008731,BACKFILL_AUTO
2026-07-12 08:20:12,1783844412,R_75,53460.1248,-1,4.385900000001129,BACKFILL_AUTO
2026-07-12 08:20:14,1783844414,R_75,53473.009,1,12.884200000000419,BACKFILL_AUTO
2026-07-12 08:20:16,1783844416,R_75,53477.7929,1,4.783900000002177,BACKFILL_AUTO
2026-07-12 08:20:18,1783844418,R_75,53483.8408,1,6.047899999997753,BACKFILL_AUTO
2026-07-12 08:20:20,1783844420,R_75,53471.5623,-1,12.27850000000035,BACKFILL_AUTO
2026-07-12 08:20:22,1783844422,R_75,53462.2661,-1,9.296199999997043,BACKFILL_AUTO
2026-07-12 08:20:24,1783844424,R_75,53480.7142,1,18.448100000001432,BACKFILL_AUTO
2026-07-12 08:20:26,1783844426,R_75,53482.4019,1,1.6876999999949476,BACKFILL_AUTO
2026-07-12 08:20:28,1783844428,R_75,53494.5354,1,12.13350000000355,BACKFILL_AUTO
2026-07-12 08:20:30,1783844430,R_75,53495.0656,1,0.5302000000010594,BACKFILL_AUTO
2026-07-12 08:20:32,1783844432,R_75,53481.4882,-1,13.577400000001944,BACKFILL_AUTO
2026-07-12 08:20:34,1783844434,R_75,53473.7629,-1,7.725299999998242,BACKFILL_AUTO
2026-07-12 08:20:36,1783844436,R_75,53476.2208,1,2.4579000000012456,BACKFILL_AUTO
2026-07-12 08:20:38,1783844438,R_75,53462.3549,-1,13.86590000000433,BACKFILL_AUTO
2026-07-12 08:20:40,1783844440,R_75,53461.2231,-1,1.1317999999955646,BACKFILL_AUTO
2026-07-12 08:20:42,1783844442,R_75,53456.1659,-1,5.057200000002922,BACKFILL_AUTO
2026-07-12 08:20:44,1783844444,R_75,53465.5287,1,9.362800000002608,BACKFILL_AUTO
2026-07-12 08:20:46,1783844446,R_75,53475.3908,1,9.862099999998463,BACKFILL_AUTO
2026-07-12 08:20:48,1783844448,R_75,53473.3149,-1,2.0759000000034575,BACKFILL_AUTO
2026-07-12 08:20:50,1783844450,R_75,53487.1021,1,13.787199999998847,BACKFILL_AUTO
2026-07-12 08:20:52,1783844452,R_75,53474.1499,-1,12.95219999999972,BACKFILL_AUTO
2026-07-12 08:20:54,1783844454,R_75,53492.9105,1,18.760600000001432,BACKFILL_AUTO
2026-07-12 08:20:56,1783844456,R_75,53498.1256,1,5.215100000001257,BACKFILL_AUTO
2026-07-12 08:20:58,1783844458,R_75,53495.5922,-1,2.533400000000256,BACKFILL_AUTO
2026-07-12 08:21:00,1783844460,R_75,53486.3305,-1,9.261700000002747,BACKFILL_AUTO
2026-07-12 08:21:02,1783844462,R_75,53513.197,1,26.866500000003725,BACKFILL_AUTO
2026-07-12 08:21:04,1783844464,R_75,53506.8083,-1,6.388700000003155,BACKFILL_AUTO
2026-07-12 08:21:06,1783844466,R_75,53496.0819,-1,10.726399999999558,BACKFILL_AUTO
2026-07-12 08:21:08,1783844468,R_75,53504.0558,1,7.973900000004505,BACKFILL_AUTO
2026-07-12 08:21:10,1783844470,R_75,53508.1429,1,4.087099999997008,BACKFILL_AUTO
2026-07-12 08:21:12,1783844472,R_75,53509.4144,1,1.2715000000025611,BACKFILL_AUTO
2026-07-12 08:21:14,1783844474,R_75,53502.3696,-1,7.044800000003306,BACKFILL_AUTO
2026-07-12 08:21:16,1783844476,R_75,53512.1918,1,9.82220000000234,BACKFILL_AUTO
2026-07-12 08:21:18,1783844478,R_75,53511.9742,-1,0.2176000000035856,BACKFILL_AUTO
2026-07-12 08:21:20,1783844480,R_75,53507.5585,-1,4.4156999999977415,BACKFILL_AUTO
2026-07-12 08:21:22,1783844482,R_75,53507.9164,1,0.35790000000270084,BACKFILL_AUTO
2026-07-12 08:21:24,1783844484,R_75,53517.2054,1,9.288999999997031,BACKFILL_AUTO
2026-07-12 08:21:26,1783844486,R_75,53521.183,1,3.977599999998347,BACKFILL_AUTO
2026-07-12 08:21:28,1783844488,R_75,53516.9284,-1,4.2546000000002095,BACKFILL_AUTO
2026-07-12 08:21:30,1783844490,R_75,53522.3282,1,5.399800000006508,BACKFILL_AUTO
2026-07-12 08:21:32,1783844492,R_75,53526.1944,1,3.866199999996752,BACKFILL_AUTO
2026-07-12 08:21:34,1783844494,R_75,53520.0536,-1,6.140800000001036,BACKFILL_AUTO
2026-07-12 08:21:36,1783844496,R_75,53523.9877,1,3.9340999999985797,BACKFILL_AUTO
2026-07-12 08:21:38,1783844498,R_75,53513.6015,-1,10.386200000000827,BACKFILL_AUTO
2026-07-12 08:21:40,1783844500,R_75,53510.1094,-1,3.492099999995844,BACKFILL_AUTO
2026-07-12 08:21:42,1783844502,R_75,53507.5134,-1,2.59599999999773,BACKFILL_AUTO
2026-07-12 08:21:44,1783844504,R_75,53506.5863,-1,0.9271000000007916,BACKFILL_AUTO
2026-07-12 08:21:46,1783844506,R_75,53489.9366,-1,16.649700000001758,BACKFILL_AUTO
2026-07-12 08:21:48,1783844508,R_75,53488.0667,-1,1.8698999999978696,BACKFILL_AUTO
2026-07-12 08:21:50,1783844510,R_75,53483.6566,-1,4.410100000000966,BACKFILL_AUTO
2026-07-12 08:21:52,1783844512,R_75,53478.3523,-1,5.304300000003423,BACKFILL_AUTO
2026-07-12 08:21:54,1783844514,R_75,53479.2465,1,0.8942000000024564,BACKFILL_AUTO
2026-07-12 08:21:56,1783844516,R_75,53474.1866,-1,5.059900000000198,BACKFILL_AUTO
2026-07-12 08:21:58,1783844518,R_75,53472.2284,-1,1.958200000000943,BACKFILL_AUTO
2026-07-12 08:22:00,1783844520,R_75,53478.6258,1,6.397400000001653,BACKFILL_AUTO
2026-07-12 08:22:02,1783844522,R_75,53465.5471,-1,13.078699999998207,BACKFILL_AUTO
2026-07-12 08:22:04,1783844524,R_75,53459.3638,-1,6.1833000000042375,BACKFILL_AUTO
2026-07-12 08:22:06,1783844526,R_75,53457.092,-1,2.2718000000022585,BACKFILL_AUTO
2026-07-12 08:22:08,1783844528,R_75,53450.7788,-1,6.313199999996868,BACKFILL_AUTO
2026-07-12 08:22:10,1783844530,R_75,53444.5553,-1,6.223500000000058,BACKFILL_AUTO
2026-07-12 08:22:12,1783844532,R_75,53450.7411,1,6.18579999999929,BACKFILL_AUTO
2026-07-12 08:22:14,1783844534,R_75,53442.2592,-1,8.48189999999886,BACKFILL_AUTO
2026-07-12 08:22:16,1783844536,R_75,53436.0364,-1,6.22280000000319,BACKFILL_AUTO
2026-07-12 08:22:18,1783844538,R_75,53429.1401,-1,6.896300000000338,BACKFILL_AUTO
2026-07-12 08:22:20,1783844540,R_75,53423.7123,-1,5.42779999999766,BACKFILL_AUTO
2026-07-12 08:22:22,1783844542,R_75,53422.0261,-1,1.686199999996461,BACKFILL_AUTO
2026-07-12 08:22:24,1783844544,R_75,53428.2771,1,6.250999999996566,BACKFILL_AUTO
2026-07-12 08:22:26,1783844546,R_75,53429.7679,1,1.490799999999581,BACKFILL_AUTO
2026-07-12 08:22:28,1783844548,R_75,53419.3167,-1,10.451199999995879,BACKFILL_AUTO
2026-07-12 08:22:30,1783844550,R_75,53409.3562,-1,9.960500000001048,BACKFILL_AUTO
2026-07-12 08:22:32,1783844552,R_75,53402.6246,-1,6.731599999999162,BACKFILL_AUTO
2026-07-12 08:22:34,1783844554,R_75,53417.5183,1,14.893700000000536,BACKFILL_AUTO
2026-07-12 08:22:36,1783844556,R_75,53418.0645,1,0.546199999997043,BACKFILL_AUTO
2026-07-12 08:22:38,1783844558,R_75,53397.0782,-1,20.986299999996845,BACKFILL_AUTO
2026-07-12 08:22:40,1783844560,R_75,53392.1204,-1,4.957800000003772,BACKFILL_AUTO
2026-07-12 08:22:42,1783844562,R_75,53399.7925,1,7.672100000003411,BACKFILL_AUTO
2026-07-12 08:22:44,1783844564,R_75,53395.4934,-1,4.299100000003818,BACKFILL_AUTO
2026-07-12 08:22:46,1783844566,R_75,53386.251,-1,9.242400000002817,BACKFILL_AUTO
2026-07-12 08:22:48,1783844568,R_75,53390.1739,1,3.922900000005029,BACKFILL_AUTO
2026-07-12 08:22:50,1783844570,R_75,53388.2159,-1,1.9579999999987194,BACKFILL_AUTO
2026-07-12 08:22:52,1783844572,R_75,53393.8428,1,5.626899999995658,BACKFILL_AUTO
2026-07-12 08:22:54,1783844574,R_75,53388.5864,-1,5.2563999999983935,BACKFILL_AUTO
2026-07-12 08:22:56,1783844576,R_75,53384.127,-1,4.459399999999732,BACKFILL_AUTO
2026-07-12 08:22:58,1783844578,R_75,53387.9209,1,3.7938999999969383,BACKFILL_AUTO
2026-07-12 08:23:00,1783844580,R_75,53394.8028,1,6.881900000000314,BACKFILL_AUTO
2026-07-12 08:23:02,1783844582,R_75,53384.1707,-1,10.632099999995262,BACKFILL_AUTO
2026-07-12 08:23:04,1783844584,R_75,53392.4943,1,8.323599999996077,BACKFILL_AUTO
2026-07-12 08:23:06,1783844586,R_75,53374.26,-1,18.234299999996438,BACKFILL_AUTO
2026-07-12 08:23:08,1783844588,R_75,53371.5084,-1,2.7516000000032363,BACKFILL_AUTO
2026-07-12 08:23:10,1783844590,R_75,53357.3543,-1,14.154099999999744,BACKFILL_AUTO
2026-07-12 08:23:12,1783844592,R_75,53372.9012,1,15.546900000001187,BACKFILL_AUTO
2026-07-12 08:23:14,1783844594,R_75,53367.4752,-1,5.425999999999476,BACKFILL_AUTO
2026-07-12 08:23:16,1783844596,R_75,53376.9728,1,9.497600000002421,BACKFILL_AUTO
2026-07-12 08:23:18,1783844598,R_75,53374.3967,-1,2.576100000005681,BACKFILL_AUTO
2026-07-12 08:23:20,1783844600,R_75,53366.4205,-1,7.976199999997334,BACKFILL_AUTO
2026-07-12 08:23:22,1783844602,R_75,53359.0072,-1,7.413300000000163,BACKFILL_AUTO
2026-07-12 08:23:24,1783844604,R_75,53368.521,1,9.513800000000629,BACKFILL_AUTO
2026-07-12 08:23:26,1783844606,R_75,53371.1966,1,2.675600000002305,BACKFILL_AUTO
2026-07-12 08:23:28,1783844608,R_75,53357.0955,-1,14.10109999999986,BACKFILL_AUTO
2026-07-12 08:23:30,1783844610,R_75,53345.8176,-1,11.277900000000955,BACKFILL_AUTO
2026-07-12 08:23:32,1783844612,R_75,53332.286,-1,13.531600000002072,BACKFILL_AUTO
2026-07-12 08:23:34,1783844614,R_75,53316.456,-1,15.830000000001746,BACKFILL_AUTO
2026-07-12 08:23:36,1783844616,R_75,53308.6362,-1,7.819799999997485,BACKFILL_AUTO
2026-07-12 08:23:38,1783844618,R_75,53317.6368,1,9.000599999999395,BACKFILL_AUTO
2026-07-12 08:23:40,1783844620,R_75,53290.058,-1,27.578800000002957,BACKFILL_AUTO
2026-07-12 08:23:42,1783844622,R_75,53291.0532,1,0.9952000000048429,BACKFILL_AUTO
2026-07-12 08:23:44,1783844624,R_75,53285.2305,-1,5.822700000004261,BACKFILL_AUTO
2026-07-12 08:23:46,1783844626,R_75,53257.8604,-1,27.370100000000093,BACKFILL_AUTO
2026-07-12 08:23:48,1783844628,R_75,53247.1078,-1,10.752599999999802,BACKFILL_AUTO
2026-07-12 08:23:50,1783844630,R_75,53245.8637,-1,1.2440999999962514,BACKFILL_AUTO
2026-07-12 08:23:52,1783844632,R_75,53268.3965,1,22.53280000000086,BACKFILL_AUTO
2026-07-12 08:23:54,1783844634,R_75,53264.2303,-1,4.166199999999662,BACKFILL_AUTO
2026-07-12 08:23:56,1783844636,R_75,53246.5883,-1,17.641999999999825,BACKFILL_AUTO
2026-07-12 08:23:58,1783844638,R_75,53243.4186,-1,3.1697000000058324,BACKFILL_AUTO
2026-07-12 08:24:00,1783844640,R_75,53247.9219,1,4.5033000000039465,BACKFILL_AUTO
2026-07-12 08:24:02,1783844642,R_75,53252.3603,1,4.438399999999092,BACKFILL_AUTO
2026-07-12 08:24:04,1783844644,R_75,53253.6474,1,1.2871000000013737,BACKFILL_AUTO
2026-07-12 08:24:06,1783844646,R_75,53266.4142,1,12.766799999997602,BACKFILL_AUTO
2026-07-12 08:24:08,1783844648,R_75,53272.7755,1,6.361300000004121,BACKFILL_AUTO
2026-07-12 08:24:10,1783844650,R_75,53265.5106,-1,7.264900000001944,BACKFILL_AUTO
2026-07-12 08:24:12,1783844652,R_75,53251.9395,-1,13.571100000001024,BACKFILL_AUTO
2026-07-12 08:24:14,1783844654,R_75,53246.3342,-1,5.605300000002899,BACKFILL_AUTO
2026-07-12 08:24:16,1783844656,R_75,53238.539,-1,7.795200000000477,BACKFILL_AUTO
2026-07-12 08:24:18,1783844658,R_75,53238.7974,1,0.2584000000060769,BACKFILL_AUTO
2026-07-12 08:24:20,1783844660,R_75,53259.7496,1,20.95219999999972,BACKFILL_AUTO
2026-07-12 08:24:22,1783844662,R_75,53260.3708,1,0.6211999999941327,BACKFILL_AUTO
2026-07-12 08:24:24,1783844664,R_75,53245.5499,-1,14.820899999998801,BACKFILL_AUTO
2026-07-12 08:24:26,1783844666,R_75,53253.4474,1,7.897499999999127,BACKFILL_AUTO
2026-07-12 08:24:28,1783844668,R_75,53257.9653,1,4.517900000006193,BACKFILL_AUTO
2026-07-12 08:24:30,1783844670,R_75,53267.063,1,9.09769999999844,BACKFILL_AUTO
2026-07-12 08:24:32,1783844672,R_75,53294.4728,1,27.40980000000127,BACKFILL_AUTO
2026-07-12 08:24:34,1783844674,R_75,53297.0664,1,2.5936000000001513,BACKFILL_AUTO
2026-07-12 08:24:36,1783844676,R_75,53308.1881,1,11.121699999996054,BACKFILL_AUTO
2026-07-12 08:24:38,1783844678,R_75,53303.3907,-1,4.797399999995832,BACKFILL_AUTO
2026-07-12 08:24:40,1783844680,R_75,53314.1373,1,10.74659999999858,BACKFILL_AUTO
2026-07-12 08:24:42,1783844682,R_75,53297.3867,-1,16.750599999999395,BACKFILL_AUTO
2026-07-12 08:24:44,1783844684,R_75,53278.7013,-1,18.68540000000212,BACKFILL_AUTO
2026-07-12 08:24:46,1783844686,R_75,53273.9758,-1,4.725500000000466,BACKFILL_AUTO
2026-07-12 08:24:48,1783844688,R_75,53279.0015,1,5.025699999998324,BACKFILL_AUTO
2026-07-12 08:24:50,1783844690,R_75,53276.4098,-1,2.5916999999972177,BACKFILL_AUTO
2026-07-12 08:24:52,1783844692,R_75,53263.2396,-1,13.170200000000477,BACKFILL_AUTO
2026-07-12 08:24:54,1783844694,R_75,53255.9428,-1,7.296800000003714,BACKFILL_AUTO
2026-07-12 08:24:56,1783844696,R_75,53264.1224,1,8.17960000000312,BACKFILL_AUTO
2026-07-12 08:24:58,1783844698,R_75,53280.0476,1,15.925199999997858,BACKFILL_AUTO
2026-07-12 08:25:00,1783844700,R_75,53275.3205,-1,4.727099999996426,BACKFILL_AUTO
2026-07-12 08:25:02,1783844702,R_75,53276.2316,1,0.911099999997532,BACKFILL_AUTO
2026-07-12 08:25:04,1783844704,R_75,53290.5097,1,14.278100000003178,BACKFILL_AUTO
2026-07-12 08:25:06,1783844706,R_75,53281.7367,-1,8.773000000001048,BACKFILL_AUTO
2026-07-12 08:25:08,1783844708,R_75,53289.6669,1,7.930199999995239,BACKFILL_AUTO
2026-07-12 08:25:10,1783844710,R_75,53293.4929,1,3.8260000000009313,BACKFILL_AUTO
2026-07-12 08:25:12,1783844712,R_75,53301.7587,1,8.265800000001036,BACKFILL_AUTO
2026-07-12 08:25:14,1783844714,R_75,53298.1762,-1,3.5824999999967986,BACKFILL_AUTO
2026-07-12 08:25:16,1783844716,R_75,53302.429,1,4.25279999999475,BACKFILL_AUTO
2026-07-12 08:25:18,1783844718,R_75,53309.2274,1,6.79840000000695,BACKFILL_AUTO
2026-07-12 08:25:20,1783844720,R_75,53299.8755,-1,9.351900000001478,BACKFILL_AUTO
2026-07-12 08:25:22,1783844722,R_75,53265.7807,-1,34.09479999999894,BACKFILL_AUTO
2026-07-12 08:25:24,1783844724,R_75,53276.1435,1,10.362799999995332,BACKFILL_AUTO
2026-07-12 08:25:26,1783844726,R_75,53260.6919,-1,15.451600000000326,BACKFILL_AUTO
2026-07-12 08:25:28,1783844728,R_75,53263.9823,1,3.29040000000532,BACKFILL_AUTO
2026-07-12 08:25:30,1783844730,R_75,53268.7889,1,4.806599999996251,BACKFILL_AUTO
2026-07-12 08:25:32,1783844732,R_75,53262.3397,-1,6.449200000002747,BACKFILL_AUTO
2026-07-12 08:25:34,1783844734,R_75,53273.0124,1,10.672700000002806,BACKFILL_AUTO
2026-07-12 08:25:36,1783844736,R_75,53292.0015,1,18.98909999999887,BACKFILL_AUTO
2026-07-12 08:25:38,1783844738,R_75,53289.34,-1,2.661500000001979,BACKFILL_AUTO
2026-07-12 08:25:40,1783844740,R_75,53291.3244,1,1.9844000000011874,BACKFILL_AUTO
2026-07-12 08:25:42,1783844742,R_75,53301.1963,1,9.871900000005553,BACKFILL_AUTO
2026-07-12 08:25:44,1783844744,R_75,53294.5869,-1,6.609400000001187,BACKFILL_AUTO
2026-07-12 08:25:46,1783844746,R_75,53295.5643,1,0.9773999999961234,BACKFILL_AUTO
2026-07-12 08:25:48,1783844748,R_75,53292.4323,-1,3.131999999997788,BACKFILL_AUTO
2026-07-12 08:25:50,1783844750,R_75,53287.4206,-1,5.011700000002747,BACKFILL_AUTO
2026-07-12 08:25:52,1783844752,R_75,53287.7125,1,0.2919000000038068,BACKFILL_AUTO
2026-07-12 08:25:54,1783844754,R_75,53282.9091,-1,4.803400000004331,BACKFILL_AUTO
2026-07-12 08:25:56,1783844756,R_75,53292.571,1,9.661900000006426,BACKFILL_AUTO
2026-07-12 08:25:58,1783844758,R_75,53294.1201,1,1.5490999999965425,BACKFILL_AUTO
2026-07-12 08:26:00,1783844760,R_75,53311.7133,1,17.59320000000298,BACKFILL_AUTO
2026-07-12 08:26:02,1783844762,R_75,53298.2157,-1,13.497600000002421,BACKFILL_AUTO
2026-07-12 08:26:04,1783844764,R_75,53294.0555,-1,4.16019999999844,BACKFILL_AUTO
2026-07-12 08:26:06,1783844766,R_75,53287.0534,-1,7.002100000005157,BACKFILL_AUTO
2026-07-12 08:26:08,1783844768,R_75,53288.4623,1,1.408900000002177,BACKFILL_AUTO
2026-07-12 08:26:10,1783844770,R_75,53291.8632,1,3.400900000000547,BACKFILL_AUTO
2026-07-12 08:26:12,1783844772,R_75,53298.2427,1,6.379500000002736,BACKFILL_AUTO
2026-07-12 08:26:14,1783844774,R_75,53302.3972,1,4.154499999996915,BACKFILL_AUTO
2026-07-12 08:26:16,1783844776,R_75,53310.5228,1,8.125599999999395,BACKFILL_AUTO
2026-07-12 08:26:18,1783844778,R_75,53306.8146,-1,3.708200000000943,BACKFILL_AUTO
2026-07-12 08:26:20,1783844780,R_75,53311.6795,1,4.864900000000489,BACKFILL_AUTO
2026-07-12 08:26:22,1783844782,R_75,53313.297,1,1.617500000000291,BACKFILL_AUTO
2026-07-12 08:26:24,1783844784,R_75,53312.694,-1,0.602999999995518,BACKFILL_AUTO
2026-07-12 08:26:26,1783844786,R_75,53321.7061,1,9.012099999999919,BACKFILL_AUTO
2026-07-12 08:26:28,1783844788,R_75,53340.1014,1,18.395299999996496,BACKFILL_AUTO
2026-07-12 08:26:30,1783844790,R_75,53341.2673,1,1.165899999999965,BACKFILL_AUTO
2026-07-12 08:26:32,1783844792,R_75,53353.0433,1,11.775999999998021,BACKFILL_AUTO
2026-07-12 08:26:34,1783844794,R_75,53328.4312,-1,24.612099999998463,BACKFILL_AUTO
2026-07-12 08:26:36,1783844796,R_75,53332.2931,1,3.8619000000035157,BACKFILL_AUTO
2026-07-12 08:26:38,1783844798,R_75,53336.2532,1,3.9600999999966007,BACKFILL_AUTO
2026-07-12 08:26:40,1783844800,R_75,53331.1719,-1,5.081299999998009,BACKFILL_AUTO
2026-07-12 08:26:42,1783844802,R_75,53332.4541,1,1.2822000000014668,BACKFILL_AUTO
2026-07-12 08:26:44,1783844804,R_75,53339.4128,1,6.958699999995588,BACKFILL_AUTO
2026-07-12 08:26:46,1783844806,R_75,53348.507,1,9.094199999999546,BACKFILL_AUTO
2026-07-12 08:26:48,1783844808,R_75,53326.4556,-1,22.051399999996647,BACKFILL_AUTO
2026-07-12 08:26:50,1783844810,R_75,53319.9459,-1,6.50970000000234,BACKFILL_AUTO
2026-07-12 08:26:52,1783844812,R_75,53312.4553,-1,7.490599999997357,BACKFILL_AUTO
2026-07-12 08:26:54,1783844814,R_75,53315.5679,1,3.112600000000384,BACKFILL_AUTO
2026-07-12 08:26:56,1783844816,R_75,53315.1943,-1,0.3735999999989872,BACKFILL_AUTO
2026-07-12 08:26:58,1783844818,R_75,53321.3646,1,6.170299999997951,BACKFILL_AUTO
2026-07-12 08:27:00,1783844820,R_75,53322.6169,1,1.2523000000001048,BACKFILL_AUTO
2026-07-12 08:27:02,1783844822,R_75,53310.2302,-1,12.386700000002747,BACKFILL_AUTO
2026-07-12 08:27:04,1783844824,R_75,53309.0412,-1,1.1889999999984866,BACKFILL_AUTO
2026-07-12 08:27:06,1783844826,R_75,53317.6976,1,8.656399999999849,BACKFILL_AUTO
2026-07-12 08:27:08,1783844828,R_75,53312.2793,-1,5.418299999997544,BACKFILL_AUTO
2026-07-12 08:27:10,1783844830,R_75,53319.9495,1,7.670200000000477,BACKFILL_AUTO
2026-07-12 08:27:12,1783844832,R_75,53304.4927,-1,15.45679999999993,BACKFILL_AUTO
2026-07-12 08:27:14,1783844834,R_75,53320.6975,1,16.204799999999523,BACKFILL_AUTO
2026-07-12 08:27:16,1783844836,R_75,53326.8346,1,6.1370999999999185,BACKFILL_AUTO
2026-07-12 08:27:18,1783844838,R_75,53322.8916,-1,3.9429999999993015,BACKFILL_AUTO
2026-07-12 08:27:20,1783844840,R_75,53332.6257,1,9.734099999994214,BACKFILL_AUTO
2026-07-12 08:27:22,1783844842,R_75,53323.1775,-1,9.448199999998906,BACKFILL_AUTO
2026-07-12 08:27:24,1783844844,R_75,53304.4455,-1,18.731999999996333,BACKFILL_AUTO
2026-07-12 08:27:26,1783844846,R_75,53328.1825,1,23.73700000000099,BACKFILL_AUTO
2026-07-12 08:27:28,1783844848,R_75,53333.4317,1,5.249199999998382,BACKFILL_AUTO
2026-07-12 08:27:30,1783844850,R_75,53324.2694,-1,9.162300000003597,BACKFILL_AUTO
2026-07-12 08:27:32,1783844852,R_75,53302.7575,-1,21.511899999997695,BACKFILL_AUTO
2026-07-12 08:27:34,1783844854,R_75,53293.9298,-1,8.827700000001641,BACKFILL_AUTO
2026-07-12 08:27:36,1783844856,R_75,53290.176,-1,3.7537999999985914,BACKFILL_AUTO
2026-07-12 08:27:38,1783844858,R_75,53281.897,-1,8.27900000000227,BACKFILL_AUTO
2026-07-12 08:27:40,1783844860,R_75,53290.1751,1,8.278100000003178,BACKFILL_AUTO
2026-07-12 08:27:42,1783844862,R_75,53292.5486,1,2.3735000000015134,BACKFILL_AUTO
2026-07-12 08:27:44,1783844864,R_75,53292.661,1,0.11239999999816064,BACKFILL_AUTO
2026-07-12 08:27:46,1783844866,R_75,53290.7078,-1,1.9532000000035623,BACKFILL_AUTO
2026-07-12 08:27:48,1783844868,R_75,53303.7596,1,13.051800000001094,BACKFILL_AUTO
2026-07-12 08:27:50,1783844870,R_75,53309.1077,1,5.348100000002887,BACKFILL_AUTO
2026-07-12 08:27:52,1783844872,R_75,53320.3891,1,11.281399999999849,BACKFILL_AUTO
2026-07-12 08:27:54,1783844874,R_75,53317.7899,-1,2.5991999999969266,BACKFILL_AUTO
2026-07-12 08:27:56,1783844876,R_75,53321.2237,1,3.4337999999988824,BACKFILL_AUTO
2026-07-12 08:27:58,1783844878,R_75,53322.2025,1,0.9787999999971362,BACKFILL_AUTO
2026-07-12 08:28:00,1783844880,R_75,53330.555,1,8.352500000000873,BACKFILL_AUTO
2026-07-12 08:28:02,1783844882,R_75,53316.9319,-1,13.623099999997066,BACKFILL_AUTO
2026-07-12 08:28:04,1783844884,R_75,53304.346,-1,12.585900000005495,BACKFILL_AUTO
2026-07-12 08:28:06,1783844886,R_75,53302.439,-1,1.9069999999992433,BACKFILL_AUTO
2026-07-12 08:28:08,1783844888,R_75,53314.5833,1,12.14429999999993,BACKFILL_AUTO
2026-07-12 08:28:10,1783844890,R_75,53320.1542,1,5.570899999998801,BACKFILL_AUTO
2026-07-12 08:28:12,1783844892,R_75,53313.4425,-1,6.711699999999837,BACKFILL_AUTO
2026-07-12 08:28:14,1783844894,R_75,53308.0342,-1,5.408299999995506,BACKFILL_AUTO
2026-07-12 08:28:16,1783844896,R_75,53305.2807,-1,2.753499999998894,BACKFILL_AUTO
2026-07-12 08:28:18,1783844898,R_75,53299.9309,-1,5.349800000003597,BACKFILL_AUTO
2026-07-12 08:28:20,1783844900,R_75,53309.0284,1,9.097500000003492,BACKFILL_AUTO
2026-07-12 08:28:22,1783844902,R_75,53334.1019,1,25.073499999998603,BACKFILL_AUTO
2026-07-12 08:28:24,1783844904,R_75,53324.1797,-1,9.922200000000885,BACKFILL_AUTO
2026-07-12 08:28:26,1783844906,R_75,53322.8944,-1,1.2853000000031898,BACKFILL_AUTO
2026-07-12 08:28:28,1783844908,R_75,53323.5687,1,0.674300000006042,BACKFILL_AUTO
2026-07-12 08:28:30,1783844910,R_75,53324.7289,1,1.16019999999844,BACKFILL_AUTO
2026-07-12 08:28:32,1783844912,R_75,53319.1764,-1,5.552500000005239,BACKFILL_AUTO
2026-07-12 08:28:34,1783844914,R_75,53317.9042,-1,1.2721999999994296,BACKFILL_AUTO
2026-07-12 08:28:36,1783844916,R_75,53314.4425,-1,3.461699999999837,BACKFILL_AUTO
2026-07-12 08:28:38,1783844918,R_75,53299.1654,-1,15.277099999999336,BACKFILL_AUTO
2026-07-12 08:28:40,1783844920,R_75,53294.6765,-1,4.488899999996647,BACKFILL_AUTO
2026-07-12 08:28:42,1783844922,R_75,53302.4503,1,7.77379999999539,BACKFILL_AUTO
2026-07-12 08:28:44,1783844924,R_75,53304.4494,1,1.999100000000908,BACKFILL_AUTO
2026-07-12 08:28:46,1783844926,R_75,53311.5603,1,7.110899999999674,BACKFILL_AUTO
2026-07-12 08:28:48,1783844928,R_75,53315.8034,1,4.243099999999686,BACKFILL_AUTO
2026-07-12 08:28:50,1783844930,R_75,53320.37,1,4.566600000005565,BACKFILL_AUTO
2026-07-12 08:28:52,1783844932,R_75,53322.8033,1,2.4332999999969616,BACKFILL_AUTO
2026-07-12 08:28:54,1783844934,R_75,53330.5691,1,7.765800000001036,BACKFILL_AUTO
2026-07-12 08:28:56,1783844936,R_75,53329.7493,-1,0.8197999999974854,BACKFILL_AUTO
2026-07-12 08:28:58,1783844938,R_75,53337.6118,1,7.862499999995634,BACKFILL_AUTO
2026-07-12 08:29:00,1783844940,R_75,53352.9271,1,15.315300000002026,BACKFILL_AUTO
2026-07-12 08:29:02,1783844942,R_75,53359.3955,1,6.468399999997928,BACKFILL_AUTO
2026-07-12 08:29:04,1783844944,R_75,53363.8636,1,4.4680999999982305,BACKFILL_AUTO
2026-07-12 08:29:06,1783844946,R_75,53377.7238,1,13.860200000002806,BACKFILL_AUTO
2026-07-12 08:29:08,1783844948,R_75,53387.8563,1,10.132499999999709,BACKFILL_AUTO
2026-07-12 08:29:10,1783844950,R_75,53403.0633,1,15.207000000002154,BACKFILL_AUTO
2026-07-12 08:29:12,1783844952,R_75,53411.7736,1,8.710299999998824,BACKFILL_AUTO
2026-07-12 08:29:14,1783844954,R_75,53399.687,-1,12.086600000002363,BACKFILL_AUTO
2026-07-12 08:29:16,1783844956,R_75,53399.4287,-1,0.25830000000132713,BACKFILL_AUTO
2026-07-12 08:29:18,1783844958,R_75,53407.4618,1,8.033100000000559,BACKFILL_AUTO
2026-07-12 08:29:20,1783844960,R_75,53416.2788,1,8.817000000002736,BACKFILL_AUTO
2026-07-12 08:29:22,1783844962,R_75,53405.3157,-1,10.96310000000085,BACKFILL_AUTO
2026-07-12 08:29:24,1783844964,R_75,53417.8901,1,12.574399999997695,BACKFILL_AUTO
2026-07-12 08:29:26,1783844966,R_75,53419.7263,1,1.8362000000051921,BACKFILL_AUTO
2026-07-12 08:29:28,1783844968,R_75,53420.7738,1,1.047500000000582,BACKFILL_AUTO
2026-07-12 08:29:30,1783844970,R_75,53417.0289,-1,3.7449000000051456,BACKFILL_AUTO
2026-07-12 08:29:32,1783844972,R_75,53420.5201,1,3.491200000004028,BACKFILL_AUTO
2026-07-12 08:29:34,1783844974,R_75,53411.3126,-1,9.207500000004075,BACKFILL_AUTO
2026-07-12 08:29:36,1783844976,R_75,53418.3523,1,7.039700000001176,BACKFILL_AUTO
2026-07-12 08:29:38,1783844978,R_75,53413.6761,-1,4.6762000000017,BACKFILL_AUTO
2026-07-12 08:29:40,1783844980,R_75,53414.6468,1,0.9707000000053085,BACKFILL_AUTO
2026-07-12 08:29:42,1783844982,R_75,53408.6785,-1,5.968300000000454,BACKFILL_AUTO
2026-07-12 08:29:44,1783844984,R_75,53414.5855,1,5.906999999999243,BACKFILL_AUTO
2026-07-12 08:29:46,1783844986,R_75,53399.2786,-1,15.306900000003225,BACKFILL_AUTO
2026-07-12 08:29:48,1783844988,R_75,53385.1653,-1,14.113299999997253,BACKFILL_AUTO
2026-07-12 08:29:50,1783844990,R_75,53391.3451,1,6.1797999999980675,BACKFILL_AUTO
2026-07-12 08:29:52,1783844992,R_75,53395.5233,1,4.178200000002107,BACKFILL_AUTO
2026-07-12 08:29:54,1783844994,R_75,53384.705,-1,10.818299999998999,BACKFILL_AUTO
2026-07-12 08:29:56,1783844996,R_75,53394.8093,1,10.104299999999057,BACKFILL_AUTO
2026-07-12 08:29:58,1783844998,R_75,53396.0251,1,1.2157999999981257,BACKFILL_AUTO
2026-07-12 08:30:00,1783845000,R_75,53388.8304,-1,7.194700000000012,BACKFILL_AUTO
2026-07-12 08:30:02,1783845002,R_75,53382.8779,-1,5.952499999999418,BACKFILL_AUTO
2026-07-12 08:30:04,1783845004,R_75,53395.1961,1,12.318200000001525,BACKFILL_AUTO
2026-07-12 08:30:06,1783845006,R_75,53408.2733,1,13.07719999999972,BACKFILL_AUTO
2026-07-12 08:30:08,1783845008,R_75,53413.2927,1,5.019399999997404,BACKFILL_AUTO
2026-07-12 08:30:10,1783845010,R_75,53413.3475,1,0.05480000000534346,BACKFILL_AUTO
2026-07-12 08:30:12,1783845012,R_75,53415.8256,1,2.478099999992992,BACKFILL_AUTO
2026-07-12 08:30:14,1783845014,R_75,53402.4992,-1,13.326399999998102,BACKFILL_AUTO
2026-07-12 08:30:16,1783845016,R_75,53397.9117,-1,4.587500000001455,BACKFILL_AUTO
2026-07-12 08:30:18,1783845018,R_75,53405.6054,1,7.693700000003446,BACKFILL_AUTO
2026-07-12 08:30:20,1783845020,R_75,53397.0139,-1,8.59150000000227,BACKFILL_AUTO
2026-07-12 08:30:22,1783845022,R_75,53396.6672,-1,0.34669999999459833,BACKFILL_AUTO
2026-07-12 08:30:24,1783845024,R_75,53389.4096,-1,7.257600000004459,BACKFILL_AUTO
2026-07-12 08:30:26,1783845026,R_75,53395.025,1,5.61540000000241,BACKFILL_AUTO
2026-07-12 08:30:28,1783845028,R_75,53402.1334,1,7.108399999997346,BACKFILL_AUTO
2026-07-12 08:30:30,1783845030,R_75,53419.4744,1,17.34100000000035,BACKFILL_AUTO
2026-07-12 08:30:32,1783845032,R_75,53427.3742,1,7.899799999999232,BACKFILL_AUTO
2026-07-12 08:30:34,1783845034,R_75,53437.2994,1,9.925200000005134,BACKFILL_AUTO
2026-07-12 08:30:36,1783845036,R_75,53434.0227,-1,3.2767000000021653,BACKFILL_AUTO
2026-07-12 08:30:38,1783845038,R_75,53437.776,1,3.7532999999966705,BACKFILL_AUTO
2026-07-12 08:30:40,1783845040,R_75,53423.0063,-1,14.769699999997101,BACKFILL_AUTO
2026-07-12 08:30:42,1783845042,R_75,53421.0149,-1,1.9913999999989755,BACKFILL_AUTO
2026-07-12 08:30:44,1783845044,R_75,53415.2293,-1,5.785600000002887,BACKFILL_AUTO
2026-07-12 08:30:46,1783845046,R_75,53415.6648,1,0.43549999999959255,BACKFILL_AUTO
2026-07-12 08:30:48,1783845048,R_75,53418.6704,1,3.0056000000040513,BACKFILL_AUTO
2026-07-12 08:30:50,1783845050,R_75,53424.1252,1,5.454799999999523,BACKFILL_AUTO
2026-07-12 08:30:52,1783845052,R_75,53427.9392,1,3.8139999999984866,BACKFILL_AUTO
2026-07-12 08:30:54,1783845054,R_75,53420.6112,-1,7.328000000001339,BACKFILL_AUTO
2026-07-12 08:30:56,1783845056,R_75,53440.5455,1,19.934300000000803,BACKFILL_AUTO
2026-07-12 08:30:58,1783845058,R_75,53441.5624,1,1.0169000000023516,BACKFILL_AUTO
2026-07-12 08:31:00,1783845060,R_75,53433.3922,-1,8.170200000000477,BACKFILL_AUTO
2026-07-12 08:31:02,1783845062,R_75,53446.7147,1,13.322499999994761,BACKFILL_AUTO
2026-07-12 08:31:04,1783845064,R_75,53450.1151,1,3.4004000000059023,BACKFILL_AUTO
2026-07-12 08:31:06,1783845066,R_75,53455.8727,1,5.757599999997183,BACKFILL_AUTO
2026-07-12 08:31:08,1783845068,R_75,53450.1428,-1,5.729899999998452,BACKFILL_AUTO
2026-07-12 08:31:10,1783845070,R_75,53440.3526,-1,9.790200000003097,BACKFILL_AUTO
2026-07-12 08:31:12,1783845072,R_75,53450.5056,1,10.152999999998428,BACKFILL_AUTO
2026-07-12 08:31:14,1783845074,R_75,53445.5573,-1,4.9482999999963795,BACKFILL_AUTO
2026-07-12 08:31:16,1783845076,R_75,53458.9369,1,13.37960000000021,BACKFILL_AUTO
2026-07-12 08:31:18,1783845078,R_75,53448.7656,-1,10.171300000001793,BACKFILL_AUTO
2026-07-12 08:31:20,1783845080,R_75,53446.8445,-1,1.9210999999995693,BACKFILL_AUTO
2026-07-12 08:31:22,1783845082,R_75,53442.365,-1,4.479500000001281,BACKFILL_AUTO
2026-07-12 08:31:24,1783845084,R_75,53440.7066,-1,1.6584000000002561,BACKFILL_AUTO
2026-07-12 08:31:26,1783845086,R_75,53413.7669,-1,26.939699999995355,BACKFILL_AUTO
2026-07-12 08:31:28,1783845088,R_75,53419.7196,1,5.9526999999943655,BACKFILL_AUTO
2026-07-12 08:31:30,1783845090,R_75,53416.5442,-1,3.1754000000000815,BACKFILL_AUTO
2026-07-12 08:31:32,1783845092,R_75,53391.8838,-1,24.660399999993388,BACKFILL_AUTO
2026-07-12 08:31:34,1783845094,R_75,53388.4053,-1,3.478500000004715,BACKFILL_AUTO
2026-07-12 08:31:36,1783845096,R_75,53383.686,-1,4.71929999999702,BACKFILL_AUTO
2026-07-12 08:31:38,1783845098,R_75,53386.4748,1,2.788800000002084,BACKFILL_AUTO
2026-07-12 08:31:40,1783845100,R_75,53389.6219,1,3.14709999999468,BACKFILL_AUTO
2026-07-12 08:31:42,1783845102,R_75,53374.7143,-1,14.907599999998638,BACKFILL_AUTO
2026-07-12 08:31:44,1783845104,R_75,53387.4434,1,12.729099999996834,BACKFILL_AUTO
2026-07-12 08:31:46,1783845106,R_75,53413.6456,1,26.202200000006997,BACKFILL_AUTO
2026-07-12 08:31:48,1783845108,R_75,53418.021,1,4.375399999997171,BACKFILL_AUTO
2026-07-12 08:31:50,1783845110,R_75,53411.7227,-1,6.2983000000022,BACKFILL_AUTO
2026-07-12 08:31:52,1783845112,R_75,53427.4885,1,15.765800000001036,BACKFILL_AUTO
2026-07-12 08:31:54,1783845114,R_75,53437.1658,1,9.677300000003015,BACKFILL_AUTO
2026-07-12 08:31:56,1783845116,R_75,53437.8739,1,0.7080999999961932,BACKFILL_AUTO
2026-07-12 08:31:58,1783845118,R_75,53426.4508,-1,11.423099999999977,BACKFILL_AUTO
2026-07-12 08:32:00,1783845120,R_75,53435.5726,1,9.121800000000803,BACKFILL_AUTO
2026-07-12 08:32:02,1783845122,R_75,53425.2397,-1,10.332900000001246,BACKFILL_AUTO
2026-07-12 08:32:04,1783845124,R_75,53398.9505,-1,26.289199999999255,BACKFILL_AUTO
2026-07-12 08:32:06,1783845126,R_75,53407.8888,1,8.938300000001618,BACKFILL_AUTO
2026-07-12 08:32:08,1783845128,R_75,53408.9445,1,1.0556999999971595,BACKFILL_AUTO
2026-07-12 08:32:10,1783845130,R_75,53412.791,1,3.8464999999996508,BACKFILL_AUTO
2026-07-12 08:32:12,1783845132,R_75,53417.0182,1,4.227200000001176,BACKFILL_AUTO
2026-07-12 08:32:14,1783845134,R_75,53433.0197,1,16.001499999998487,BACKFILL_AUTO
2026-07-12 08:32:16,1783845136,R_75,53430.5469,-1,2.472799999995914,BACKFILL_AUTO
2026-07-12 08:32:18,1783845138,R_75,53424.5334,-1,6.013500000000931,BACKFILL_AUTO
2026-07-12 08:32:20,1783845140,R_75,53426.805,1,2.271600000000035,BACKFILL_AUTO
2026-07-12 08:32:22,1783845142,R_75,53435.0724,1,8.267399999996996,BACKFILL_AUTO
2026-07-12 08:32:24,1783845144,R_75,53458.0536,1,22.98120000000199,BACKFILL_AUTO
2026-07-12 08:32:26,1783845146,R_75,53460.4102,1,2.356599999999162,BACKFILL_AUTO
2026-07-12 08:32:28,1783845148,R_75,53451.7216,-1,8.688600000001315,BACKFILL_AUTO
2026-07-12 08:32:30,1783845150,R_75,53452.9679,1,1.2463000000061584,BACKFILL_AUTO
2026-07-12 08:32:32,1783845152,R_75,53463.2216,1,10.253699999993842,BACKFILL_AUTO
2026-07-12 08:32:34,1783845154,R_75,53473.5417,1,10.320100000004459,BACKFILL_AUTO
2026-07-12 08:32:36,1783845156,R_75,53460.8685,-1,12.673200000004726,BACKFILL_AUTO
2026-07-12 08:32:38,1783845158,R_75,53453.0756,-1,7.7929000000003725,BACKFILL_AUTO
2026-07-12 08:32:40,1783845160,R_75,53450.7428,-1,2.332799999996496,BACKFILL_AUTO
2026-07-12 08:32:42,1783845162,R_75,53458.6405,1,7.89770000000135,BACKFILL_AUTO
2026-07-12 08:32:44,1783845164,R_75,53465.4553,1,6.814800000000105,BACKFILL_AUTO
2026-07-12 08:32:46,1783845166,R_75,53460.5689,-1,4.88640000000305,BACKFILL_AUTO
2026-07-12 08:32:48,1783845168,R_75,53456.6809,-1,3.8879999999990105,BACKFILL_AUTO
2026-07-12 08:32:50,1783845170,R_75,53456.2704,-1,0.41049999999813735,BACKFILL_AUTO
2026-07-12 08:32:52,1783845172,R_75,53459.8244,1,3.5539999999964493,BACKFILL_AUTO
2026-07-12 08:32:54,1783845174,R_75,53457.2969,-1,2.5274999999965075,BACKFILL_AUTO
2026-07-12 08:32:56,1783845176,R_75,53458.1252,1,0.8283000000010361,BACKFILL_AUTO
2026-07-12 08:32:58,1783845178,R_75,53459.2439,1,1.1186999999990803,BACKFILL_AUTO
2026-07-12 08:33:00,1783845180,R_75,53459.1616,-1,0.082300000001851,BACKFILL_AUTO
2026-07-12 08:33:02,1783845182,R_75,53457.7953,-1,1.3663000000015018,BACKFILL_AUTO
2026-07-12 08:33:04,1783845184,R_75,53453.6588,-1,4.136500000000524,BACKFILL_AUTO
2026-07-12 08:33:06,1783845186,R_75,53435.8613,-1,17.797500000000582,BACKFILL_AUTO
2026-07-12 08:33:08,1783845188,R_75,53430.4972,-1,5.364099999998871,BACKFILL_AUTO
2026-07-12 08:33:10,1783845190,R_75,53443.459,1,12.961800000004587,BACKFILL_AUTO
2026-07-12 08:33:12,1783845192,R_75,53440.903,-1,2.5560000000041327,BACKFILL_AUTO
2026-07-12 08:33:14,1783845194,R_75,53455.6785,1,14.775500000003376,BACKFILL_AUTO
2026-07-12 08:33:16,1783845196,R_75,53476.7002,1,21.02169999999751,BACKFILL_AUTO
2026-07-12 08:33:18,1783845198,R_75,53484.8022,1,8.101999999998952,BACKFILL_AUTO
2026-07-12 08:33:20,1783845200,R_75,53500.1009,1,15.298699999999371,BACKFILL_AUTO
2026-07-12 08:33:22,1783845202,R_75,53489.0606,-1,11.04030000000057,BACKFILL_AUTO
2026-07-12 08:33:24,1783845204,R_75,53494.5871,1,5.526499999999942,BACKFILL_AUTO
2026-07-12 08:33:26,1783845206,R_75,53482.2196,-1,12.367500000000291,BACKFILL_AUTO
2026-07-12 08:33:28,1783845208,R_75,53481.2725,-1,0.9470999999975902,BACKFILL_AUTO
2026-07-12 08:33:30,1783845210,R_75,53480.3734,-1,0.8991000000023632,BACKFILL_AUTO
2026-07-12 08:33:32,1783845212,R_75,53463.6962,-1,16.677199999998265,BACKFILL_AUTO
2026-07-12 08:33:34,1783845214,R_75,53469.0641,1,5.367900000004738,BACKFILL_AUTO
2026-07-12 08:33:36,1783845216,R_75,53480.0134,1,10.949300000000221,BACKFILL_AUTO
2026-07-12 08:33:38,1783845218,R_75,53470.2121,-1,9.80130000000645,BACKFILL_AUTO
2026-07-12 08:33:40,1783845220,R_75,53460.0164,-1,10.195699999996577,BACKFILL_AUTO
2026-07-12 08:33:42,1783845222,R_75,53454.5619,-1,5.454499999999825,BACKFILL_AUTO
2026-07-12 08:33:44,1783845224,R_75,53450.3873,-1,4.174599999998463,BACKFILL_AUTO
2026-07-12 08:33:46,1783845226,R_75,53452.6083,1,2.22099999999773,BACKFILL_AUTO
2026-07-12 08:33:48,1783845228,R_75,53460.4973,1,7.889000000002852,BACKFILL_AUTO
2026-07-12 08:33:50,1783845230,R_75,53441.5937,-1,18.9036000000051,BACKFILL_AUTO
2026-07-12 08:33:52,1783845232,R_75,53454.7862,1,13.192500000004657,BACKFILL_AUTO
2026-07-12 08:33:54,1783845234,R_75,53449.7038,-1,5.082399999999325,BACKFILL_AUTO
2026-07-12 08:33:56,1783845236,R_75,53449.9495,1,0.24569999999948777,BACKFILL_AUTO
2026-07-12 08:33:58,1783845238,R_75,53456.3624,1,6.412899999995716,BACKFILL_AUTO
2026-07-12 08:34:00,1783845240,R_75,53456.6848,1,0.3224000000045635,BACKFILL_AUTO
2026-07-12 08:34:02,1783845242,R_75,53462.2762,1,5.59139999999752,BACKFILL_AUTO
2026-07-12 08:34:04,1783845244,R_75,53436.1906,-1,26.08559999999852,BACKFILL_AUTO
2026-07-12 08:34:06,1783845246,R_75,53430.1963,-1,5.994299999998475,BACKFILL_AUTO
2026-07-12 08:34:08,1783845248,R_75,53447.2297,1,17.033400000000256,BACKFILL_AUTO
2026-07-12 08:34:10,1783845250,R_75,53451.235,1,4.005299999997078,BACKFILL_AUTO
2026-07-12 08:34:12,1783845252,R_75,53440.0368,-1,11.198199999998906,BACKFILL_AUTO
2026-07-12 08:34:14,1783845254,R_75,53436.7834,-1,3.2534000000014203,BACKFILL_AUTO
2026-07-12 08:34:16,1783845256,R_75,53453.0999,1,16.316500000000815,BACKFILL_AUTO
2026-07-12 08:34:18,1783845258,R_75,53432.8995,-1,20.200400000001537,BACKFILL_AUTO
2026-07-12 08:34:20,1783845260,R_75,53430.5949,-1,2.30460000000312,BACKFILL_AUTO
2026-07-12 08:34:22,1783845262,R_75,53440.8111,1,10.216200000002573,BACKFILL_AUTO
2026-07-12 08:34:24,1783845264,R_75,53428.8634,-1,11.947699999996985,BACKFILL_AUTO
2026-07-12 08:34:26,1783845266,R_75,53440.9346,1,12.071199999998498,BACKFILL_AUTO
2026-07-12 08:34:28,1783845268,R_75,53422.8709,-1,18.06369999999879,BACKFILL_AUTO
2026-07-12 08:34:30,1783845270,R_75,53431.5376,1,8.666700000001583,BACKFILL_AUTO
2026-07-12 08:34:32,1783845272,R_75,53413.4322,-1,18.105400000000373,BACKFILL_AUTO
2026-07-12 08:34:34,1783845274,R_75,53416.726,1,3.2937999999994645,BACKFILL_AUTO
2026-07-12 08:34:36,1783845276,R_75,53407.2286,-1,9.497400000000198,BACKFILL_AUTO
2026-07-12 08:34:38,1783845278,R_75,53392.8955,-1,14.33310000000347,BACKFILL_AUTO
2026-07-12 08:34:40,1783845280,R_75,53398.148,1,5.252500000002328,BACKFILL_AUTO
2026-07-12 08:34:42,1783845282,R_75,53399.0558,1,0.9078000000008615,BACKFILL_AUTO
2026-07-12 08:34:44,1783845284,R_75,53416.1155,1,17.059699999997974,BACKFILL_AUTO
2026-07-12 08:34:46,1783845286,R_75,53429.7991,1,13.683599999996659,BACKFILL_AUTO
2026-07-12 08:34:48,1783845288,R_75,53426.0947,-1,3.7043999999950756,BACKFILL_AUTO
2026-07-12 08:34:50,1783845290,R_75,53406.9211,-1,19.173600000001898,BACKFILL_AUTO
2026-07-12 08:34:52,1783845292,R_75,53408.967,1,2.0458999999973457,BACKFILL_AUTO
2026-07-12 08:34:54,1783845294,R_75,53422.3353,1,13.36830000000191,BACKFILL_AUTO
2026-07-12 08:34:56,1783845296,R_75,53443.7102,1,21.374900000002526,BACKFILL_AUTO
2026-07-12 08:34:58,1783845298,R_75,53465.7473,1,22.037100000001374,BACKFILL_AUTO
2026-07-12 08:35:00,1783845300,R_75,53463.5567,-1,2.190600000001723,BACKFILL_AUTO
2026-07-12 08:35:02,1783845302,R_75,53470.5806,1,7.02390000000014,BACKFILL_AUTO
2026-07-12 08:35:04,1783845304,R_75,53481.3956,1,10.815000000002328,BACKFILL_AUTO
2026-07-12 08:35:06,1783845306,R_75,53485.7158,1,4.3201999999946565,BACKFILL_AUTO
2026-07-12 08:35:08,1783845308,R_75,53475.1306,-1,10.58520000000135,BACKFILL_AUTO
2026-07-12 08:35:10,1783845310,R_75,53475.2146,1,0.08400000000256114,BACKFILL_AUTO
2026-07-12 08:35:12,1783845312,R_75,53455.4817,-1,19.7329000000027,BACKFILL_AUTO
2026-07-12 08:35:14,1783845314,R_75,53466.293,1,10.81130000000121,BACKFILL_AUTO
2026-07-12 08:35:16,1783845316,R_75,53471.3017,1,5.008700000005774,BACKFILL_AUTO
2026-07-12 08:35:18,1783845318,R_75,53442.0705,-1,29.23120000000199,BACKFILL_AUTO
2026-07-12 08:35:20,1783845320,R_75,53428.5109,-1,13.5596000000005,BACKFILL_AUTO
2026-07-12 08:35:22,1783845322,R_75,53437.9814,1,9.470499999995809,BACKFILL_AUTO
2026-07-12 08:35:24,1783845324,R_75,53445.7193,1,7.7379000000000815,BACKFILL_AUTO
2026-07-12 08:35:26,1783845326,R_75,53451.7224,1,6.003100000001723,BACKFILL_AUTO
2026-07-12 08:35:28,1783845328,R_75,53442.9684,-1,8.754000000000815,BACKFILL_AUTO
2026-07-12 08:35:30,1783845330,R_75,53452.4793,1,9.51090000000113,BACKFILL_AUTO
2026-07-12 08:35:32,1783845332,R_75,53454.9029,1,2.4236000000018976,BACKFILL_AUTO
2026-07-12 08:35:34,1783845334,R_75,53447.3148,-1,7.58810000000085,BACKFILL_AUTO
2026-07-12 08:35:36,1783845336,R_75,53440.0992,-1,7.215600000003178,BACKFILL_AUTO
2026-07-12 08:35:38,1783845338,R_75,53456.722,1,16.622800000004645,BACKFILL_AUTO
2026-07-12 08:35:40,1783845340,R_75,53469.3442,1,12.622199999997974,BACKFILL_AUTO
2026-07-12 08:35:42,1783845342,R_75,53471.5413,1,2.19709999999759,BACKFILL_AUTO
2026-07-12 08:35:44,1783845344,R_75,53458.2432,-1,13.298099999999977,BACKFILL_AUTO
2026-07-12 08:35:46,1783845346,R_75,53451.3947,-1,6.848500000000058,BACKFILL_AUTO
2026-07-12 08:35:48,1783845348,R_75,53435.7126,-1,15.682099999998172,BACKFILL_AUTO
2026-07-12 08:35:50,1783845350,R_75,53442.409,1,6.696400000000722,BACKFILL_AUTO
2026-07-12 08:35:52,1783845352,R_75,53433.6248,-1,8.784200000001874,BACKFILL_AUTO
2026-07-12 08:35:54,1783845354,R_75,53432.5173,-1,1.1074999999982538,BACKFILL_AUTO
2026-07-12 08:35:56,1783845356,R_75,53431.3065,-1,1.210800000000745,BACKFILL_AUTO
2026-07-12 08:35:58,1783845358,R_75,53430.2689,-1,1.0375999999960186,BACKFILL_AUTO
2026-07-12 08:36:00,1783845360,R_75,53434.4605,1,4.191599999998289,BACKFILL_AUTO
2026-07-12 08:36:02,1783845362,R_75,53435.3067,1,0.8461999999999534,BACKFILL_AUTO
2026-07-12 08:36:04,1783845364,R_75,53443.2377,1,7.930999999996857,BACKFILL_AUTO
2026-07-12 08:36:06,1783845366,R_75,53441.1679,-1,2.0697999999974854,BACKFILL_AUTO
2026-07-12 08:36:08,1783845368,R_75,53444.0209,1,2.853000000002794,BACKFILL_AUTO
2026-07-12 08:36:10,1783845370,R_75,53452.7126,1,8.691699999995762,BACKFILL_AUTO
2026-07-12 08:36:12,1783845372,R_75,53462.9952,1,10.282599999998638,BACKFILL_AUTO
2026-07-12 08:36:14,1783845374,R_75,53462.5977,-1,0.3974999999991269,BACKFILL_AUTO
2026-07-12 08:36:16,1783845376,R_75,53469.2722,1,6.6745000000009895,BACKFILL_AUTO
2026-07-12 08:36:18,1783845378,R_75,53467.7423,-1,1.529900000001362,BACKFILL_AUTO
2026-07-12 08:36:20,1783845380,R_75,53466.7104,-1,1.0318999999944936,BACKFILL_AUTO
2026-07-12 08:36:22,1783845382,R_75,53472.0004,1,5.289999999993597,BACKFILL_AUTO
2026-07-12 08:36:24,1783845384,R_75,53476.5664,1,4.56600000000617,BACKFILL_AUTO
2026-07-12 08:36:26,1783845386,R_75,53486.3442,1,9.777799999996205,BACKFILL_AUTO
2026-07-12 08:36:28,1783845388,R_75,53490.0244,1,3.6802000000025146,BACKFILL_AUTO
2026-07-12 08:36:30,1783845390,R_75,53471.0826,-1,18.941800000000512,BACKFILL_AUTO
2026-07-12 08:36:32,1783845392,R_75,53468.6421,-1,2.440500000004249,BACKFILL_AUTO
2026-07-12 08:36:34,1783845394,R_75,53465.7736,-1,2.868499999996857,BACKFILL_AUTO
2026-07-12 08:36:36,1783845396,R_75,53467.9168,1,2.1431999999986147,BACKFILL_AUTO
2026-07-12 08:36:38,1783845398,R_75,53462.1534,-1,5.763399999996182,BACKFILL_AUTO
2026-07-12 08:36:40,1783845400,R_75,53459.4537,-1,2.6997000000046683,BACKFILL_AUTO
2026-07-12 08:36:42,1783845402,R_75,53450.0461,-1,9.407599999998638,BACKFILL_AUTO
2026-07-12 08:36:44,1783845404,R_75,53442.8221,-1,7.224000000001979,BACKFILL_AUTO
2026-07-12 08:36:46,1783845406,R_75,53446.4731,1,3.651000000005297,BACKFILL_AUTO
2026-07-12 08:36:48,1783845408,R_75,53447.0283,1,0.5551999999952386,BACKFILL_AUTO
2026-07-12 08:36:50,1783845410,R_75,53440.5345,-1,6.493799999996554,BACKFILL_AUTO
2026-07-12 08:36:52,1783845412,R_75,53441.5684,1,1.033899999994901,BACKFILL_AUTO
2026-07-12 08:36:54,1783845414,R_75,53454.2548,1,12.68640000000596,BACKFILL_AUTO
2026-07-12 08:36:56,1783845416,R_75,53446.4423,-1,7.8125,BACKFILL_AUTO
2026-07-12 08:36:58,1783845418,R_75,53447.9267,1,1.4844000000011874,BACKFILL_AUTO
2026-07-12 08:37:00,1783845420,R_75,53448.9729,1,1.046199999997043,BACKFILL_AUTO
2026-07-12 08:37:02,1783845422,R_75,53455.6295,1,6.656600000002072,BACKFILL_AUTO
2026-07-12 08:37:04,1783845424,R_75,53451.1176,-1,4.511900000004971,BACKFILL_AUTO
2026-07-12 08:37:06,1783845426,R_75,53441.0517,-1,10.065899999994144,BACKFILL_AUTO
2026-07-12 08:37:08,1783845428,R_75,53441.4222,1,0.37049999999726424,BACKFILL_AUTO
2026-07-12 08:37:10,1783845430,R_75,53442.8194,1,1.3971999999994296,BACKFILL_AUTO
2026-07-12 08:37:12,1783845432,R_75,53435.2702,-1,7.549200000001292,BACKFILL_AUTO
2026-07-12 08:37:14,1783845434,R_75,53430.6492,-1,4.620999999999185,BACKFILL_AUTO
2026-07-12 08:37:16,1783845436,R_75,53425.1071,-1,5.542099999998754,BACKFILL_AUTO
2026-07-12 08:37:18,1783845438,R_75,53421.3499,-1,3.7572000000000116,BACKFILL_AUTO
2026-07-12 08:37:20,1783845440,R_75,53435.7468,1,14.396899999999732,BACKFILL_AUTO
2026-07-12 08:37:22,1783845442,R_75,53430.9434,-1,4.803400000004331,BACKFILL_AUTO
2026-07-12 08:37:24,1783845444,R_75,53426.8362,-1,4.1071999999985565,BACKFILL_AUTO
2026-07-12 08:37:26,1783845446,R_75,53445.4368,1,18.600600000005215,BACKFILL_AUTO
2026-07-12 08:37:28,1783845448,R_75,53455.0338,1,9.596999999994296,BACKFILL_AUTO
2026-07-12 08:37:30,1783845450,R_75,53449.3769,-1,5.6568999999944936,BACKFILL_AUTO
2026-07-12 08:37:32,1783845452,R_75,53440.445,-1,8.931900000003225,BACKFILL_AUTO
2026-07-12 08:37:34,1783845454,R_75,53442.9263,1,2.4812999999994645,BACKFILL_AUTO
2026-07-12 08:37:36,1783845456,R_75,53469.1491,1,26.22280000000319,BACKFILL_AUTO
2026-07-12 08:37:38,1783845458,R_75,53472.0279,1,2.8787999999985914,BACKFILL_AUTO
2026-07-12 08:37:40,1783845460,R_75,53469.0516,-1,2.976300000002084,BACKFILL_AUTO
2026-07-12 08:37:42,1783845462,R_75,53471.84,1,2.7883999999976368,BACKFILL_AUTO
2026-07-12 08:37:44,1783845464,R_75,53460.2249,-1,11.615099999995437,BACKFILL_AUTO
2026-07-12 08:37:46,1783845466,R_75,53451.607,-1,8.617899999997462,BACKFILL_AUTO
2026-07-12 08:37:48,1783845468,R_75,53441.8503,-1,9.756700000005367,BACKFILL_AUTO
2026-07-12 08:37:50,1783845470,R_75,53443.1164,1,1.2661000000007334,BACKFILL_AUTO
2026-07-12 08:37:52,1783845472,R_75,53443.6796,1,0.5632000000041444,BACKFILL_AUTO
2026-07-12 08:37:54,1783845474,R_75,53457.0865,1,13.406899999994494,BACKFILL_AUTO
2026-07-12 08:37:56,1783845476,R_75,53459.0533,1,1.9668000000019674,BACKFILL_AUTO
2026-07-12 08:37:58,1783845478,R_75,53481.2118,1,22.15849999999773,BACKFILL_AUTO
2026-07-12 08:38:00,1783845480,R_75,53483.631,1,2.4192000000039116,BACKFILL_AUTO
2026-07-12 08:38:02,1783845482,R_75,53480.7561,-1,2.874900000002526,BACKFILL_AUTO
2026-07-12 08:38:04,1783845484,R_75,53486.0769,1,5.320800000001327,BACKFILL_AUTO
2026-07-12 08:38:06,1783845486,R_75,53493.9911,1,7.914199999999255,BACKFILL_AUTO
2026-07-12 08:38:08,1783845488,R_75,53498.0105,1,4.019399999997404,BACKFILL_AUTO
2026-07-12 08:38:10,1783845490,R_75,53494.8462,-1,3.1642999999967287,BACKFILL_AUTO
2026-07-12 08:38:12,1783845492,R_75,53509.7531,1,14.90690000000177,BACKFILL_AUTO
2026-07-12 08:38:14,1783845494,R_75,53519.7506,1,9.997499999997672,BACKFILL_AUTO
2026-07-12 08:38:16,1783845496,R_75,53506.4409,-1,13.309699999997974,BACKFILL_AUTO
2026-07-12 08:38:18,1783845498,R_75,53514.4912,1,8.050299999995332,BACKFILL_AUTO
2026-07-12 08:38:20,1783845500,R_75,53505.616,-1,8.875199999994948,BACKFILL_AUTO
2026-07-12 08:38:22,1783845502,R_75,53488.0368,-1,17.579200000000128,BACKFILL_AUTO
2026-07-12 08:38:24,1783845504,R_75,53491.8129,1,3.7760999999954947,BACKFILL_AUTO
2026-07-12 08:38:26,1783845506,R_75,53480.8682,-1,10.944700000000012,BACKFILL_AUTO
2026-07-12 08:38:28,1783845508,R_75,53472.2039,-1,8.664299999996729,BACKFILL_AUTO
2026-07-12 08:38:30,1783845510,R_75,53466.8671,-1,5.336799999997311,BACKFILL_AUTO
2026-07-12 08:38:32,1783845512,R_75,53469.4323,1,2.565199999997276,BACKFILL_AUTO
2026-07-12 08:38:34,1783845514,R_75,53482.1618,1,12.72950000000128,BACKFILL_AUTO
2026-07-12 08:38:36,1783845516,R_75,53501.0729,1,18.911099999997532,BACKFILL_AUTO
2026-07-12 08:38:38,1783845518,R_75,53513.2618,1,12.188900000001013,BACKFILL_AUTO
2026-07-12 08:38:40,1783845520,R_75,53510.893,-1,2.36880000000383,BACKFILL_AUTO
2026-07-12 08:38:42,1783845522,R_75,53496.8279,-1,14.065099999999802,BACKFILL_AUTO
2026-07-12 08:38:44,1783845524,R_75,53491.2479,-1,5.57999999999447,BACKFILL_AUTO
2026-07-12 08:38:46,1783845526,R_75,53501.6225,1,10.374599999995553,BACKFILL_AUTO
2026-07-12 08:38:48,1783845528,R_75,53513.3346,1,11.712100000004284,BACKFILL_AUTO
2026-07-12 08:38:50,1783845530,R_75,53509.9967,-1,3.3378999999986263,BACKFILL_AUTO
2026-07-12 08:38:52,1783845532,R_75,53528.3417,1,18.344999999993888,BACKFILL_AUTO
2026-07-12 08:38:54,1783845534,R_75,53501.4136,-1,26.928099999997357,BACKFILL_AUTO
2026-07-12 08:38:56,1783845536,R_75,53465.6911,-1,35.72250000000349,BACKFILL_AUTO
2026-07-12 08:38:58,1783845538,R_75,53471.3932,1,5.702100000002247,BACKFILL_AUTO
2026-07-12 08:39:00,1783845540,R_75,53469.3468,-1,2.0463999999992666,BACKFILL_AUTO
2026-07-12 08:39:02,1783845542,R_75,53473.0049,1,3.658100000000559,BACKFILL_AUTO
2026-07-12 08:39:04,1783845544,R_75,53481.4537,1,8.4487999999983,BACKFILL_AUTO
2026-07-12 08:39:06,1783845546,R_75,53501.9044,1,20.450700000001234,BACKFILL_AUTO
2026-07-12 08:39:08,1783845548,R_75,53521.3871,1,19.482700000000477,BACKFILL_AUTO
2026-07-12 08:39:10,1783845550,R_75,53509.4731,-1,11.913999999997031,BACKFILL_AUTO
2026-07-12 08:39:12,1783845552,R_75,53495.8661,-1,13.607000000003609,BACKFILL_AUTO
2026-07-12 08:39:14,1783845554,R_75,53525.2567,1,29.390599999998813,BACKFILL_AUTO
2026-07-12 08:39:16,1783845556,R_75,53534.8014,1,9.544699999998556,BACKFILL_AUTO
2026-07-12 08:39:18,1783845558,R_75,53540.3811,1,5.579700000002049,BACKFILL_AUTO
2026-07-12 08:39:20,1783845560,R_75,53549.5109,1,9.129800000002433,BACKFILL_AUTO
2026-07-12 08:39:22,1783845562,R_75,53551.249,1,1.738100000002305,BACKFILL_AUTO
2026-07-12 08:39:24,1783845564,R_75,53555.2264,1,3.9773999999961234,BACKFILL_AUTO
2026-07-12 08:39:26,1783845566,R_75,53571.2285,1,16.00209999999788,BACKFILL_AUTO
2026-07-12 08:39:28,1783845568,R_75,53571.3577,1,0.12920000000303844,BACKFILL_AUTO
2026-07-12 08:39:30,1783845570,R_75,53598.3189,1,26.961199999997916,BACKFILL_AUTO
2026-07-12 08:39:32,1783845572,R_75,53601.2524,1,2.933499999999185,BACKFILL_AUTO
2026-07-12 08:39:34,1783845574,R_75,53582.0446,-1,19.207799999996496,BACKFILL_AUTO
2026-07-12 08:39:36,1783845576,R_75,53596.829,1,14.784399999996822,BACKFILL_AUTO
2026-07-12 08:39:38,1783845578,R_75,53600.9933,1,4.164300000004005,BACKFILL_AUTO
2026-07-12 08:39:40,1783845580,R_75,53608.4103,1,7.417000000001281,BACKFILL_AUTO
2026-07-12 08:39:42,1783845582,R_75,53608.734,1,0.3236999999935506,BACKFILL_AUTO
2026-07-12 08:39:44,1783845584,R_75,53627.5131,1,18.779099999999744,BACKFILL_AUTO
2026-07-12 08:39:46,1783845586,R_75,53637.331,1,9.817900000001828,BACKFILL_AUTO
2026-07-12 08:39:48,1783845588,R_75,53633.7204,-1,3.6105999999999767,BACKFILL_AUTO
2026-07-12 08:39:50,1783845590,R_75,53633.8941,1,0.17369999999937136,BACKFILL_AUTO
2026-07-12 08:39:52,1783845592,R_75,53624.4611,-1,9.432999999997264,BACKFILL_AUTO
2026-07-12 08:39:54,1783845594,R_75,53628.0988,1,3.637699999999313,BACKFILL_AUTO
2026-07-12 08:39:56,1783845596,R_75,53621.964,-1,6.134799999999814,BACKFILL_AUTO
2026-07-12 08:39:58,1783845598,R_75,53613.704,-1,8.260000000002037,BACKFILL_AUTO
2026-07-12 08:40:00,1783845600,R_75,53617.119,1,3.415000000000873,BACKFILL_AUTO
2026-07-12 08:40:02,1783845602,R_75,53606.8348,-1,10.284200000001874,BACKFILL_AUTO
2026-07-12 08:40:04,1783845604,R_75,53596.1076,-1,10.7271999999939,BACKFILL_AUTO
2026-07-12 08:40:06,1783845606,R_75,53583.4354,-1,12.672200000000885,BACKFILL_AUTO
2026-07-12 08:40:08,1783845608,R_75,53572.4732,-1,10.962200000001758,BACKFILL_AUTO
2026-07-12 08:40:10,1783845610,R_75,53546.1399,-1,26.333299999998417,BACKFILL_AUTO
2026-07-12 08:40:12,1783845612,R_75,53538.7317,-1,7.4082000000053085,BACKFILL_AUTO
2026-07-12 08:40:14,1783845614,R_75,53538.2341,-1,0.4975999999951455,BACKFILL_AUTO
2026-07-12 08:40:16,1783845616,R_75,53534.3991,-1,3.834999999999127,BACKFILL_AUTO
2026-07-12 08:40:18,1783845618,R_75,53531.8293,-1,2.5698000000047614,BACKFILL_AUTO
2026-07-12 08:40:20,1783845620,R_75,53540.1864,1,8.357100000001083,BACKFILL_AUTO
2026-07-12 08:40:22,1783845622,R_75,53535.5708,-1,4.615599999997357,BACKFILL_AUTO
2026-07-12 08:40:24,1783845624,R_75,53538.0677,1,2.496899999998277,BACKFILL_AUTO
2026-07-12 08:40:26,1783845626,R_75,53542.682,1,4.614300000001094,BACKFILL_AUTO
2026-07-12 08:40:28,1783845628,R_75,53540.8666,-1,1.8153999999994994,BACKFILL_AUTO
2026-07-12 08:40:30,1783845630,R_75,53548.7962,1,7.929599999995844,BACKFILL_AUTO
2026-07-12 08:40:32,1783845632,R_75,53535.0657,-1,13.730499999997846,BACKFILL_AUTO
2026-07-12 08:40:34,1783845634,R_75,53536.021,1,0.9553000000014435,BACKFILL_AUTO
2026-07-12 08:40:36,1783845636,R_75,53536.3871,1,0.3660999999992782,BACKFILL_AUTO
2026-07-12 08:40:38,1783845638,R_75,53535.5219,-1,0.8652000000001863,BACKFILL_AUTO
2026-07-12 08:40:40,1783845640,R_75,53540.7634,1,5.241500000003725,BACKFILL_AUTO
2026-07-12 08:40:42,1783845642,R_75,53540.1273,-1,0.6361000000033528,BACKFILL_AUTO
2026-07-12 08:40:44,1783845644,R_75,53542.3617,1,2.2344000000011874,BACKFILL_AUTO
2026-07-12 08:40:46,1783845646,R_75,53520.1867,-1,22.17500000000291,BACKFILL_AUTO
2026-07-12 08:40:48,1783845648,R_75,53520.761,1,0.5743000000002212,BACKFILL_AUTO
2026-07-12 08:40:50,1783845650,R_75,53530.5615,1,9.800500000004831,BACKFILL_AUTO
2026-07-12 08:40:52,1783845652,R_75,53531.3072,1,0.7456999999994878,BACKFILL_AUTO
2026-07-12 08:40:54,1783845654,R_75,53538.8271,1,7.519899999999325,BACKFILL_AUTO
2026-07-12 08:40:56,1783845656,R_75,53554.1882,1,15.361099999994622,BACKFILL_AUTO
2026-07-12 08:40:58,1783845658,R_75,53553.8767,-1,0.3114999999961583,BACKFILL_AUTO
2026-07-12 08:41:00,1783845660,R_75,53538.5587,-1,15.317999999999302,BACKFILL_AUTO
2026-07-12 08:41:02,1783845662,R_75,53539.4943,1,0.9355999999970663,BACKFILL_AUTO
2026-07-12 08:41:04,1783845664,R_75,53521.7734,-1,17.720900000000256,BACKFILL_AUTO
2026-07-12 08:41:06,1783845666,R_75,53517.5456,-1,4.22780000000057,BACKFILL_AUTO
2026-07-12 08:41:08,1783845668,R_75,53527.3073,1,9.761700000002747,BACKFILL_AUTO
2026-07-12 08:41:10,1783845670,R_75,53525.7205,-1,1.5867999999973108,BACKFILL_AUTO
2026-07-12 08:41:12,1783845672,R_75,53536.0742,1,10.353699999999662,BACKFILL_AUTO
2026-07-12 08:41:14,1783845674,R_75,53564.3719,1,28.29769999999553,BACKFILL_AUTO
2026-07-12 08:41:16,1783845676,R_75,53559.2745,-1,5.097399999998743,BACKFILL_AUTO
2026-07-12 08:41:18,1783845678,R_75,53550.0829,-1,9.191599999998289,BACKFILL_AUTO
2026-07-12 08:41:20,1783845680,R_75,53548.3075,-1,1.7753999999986263,BACKFILL_AUTO
2026-07-12 08:41:22,1783845682,R_75,53550.0314,1,1.7238999999972293,BACKFILL_AUTO
2026-07-12 08:41:24,1783845684,R_75,53547.3607,-1,2.670700000002398,BACKFILL_AUTO
2026-07-12 08:41:26,1783845686,R_75,53521.7867,-1,25.574000000000524,BACKFILL_AUTO
2026-07-12 08:41:28,1783845688,R_75,53508.408,-1,13.378699999993842,BACKFILL_AUTO
2026-07-12 08:41:30,1783845690,R_75,53512.0023,1,3.5942999999970198,BACKFILL_AUTO
2026-07-12 08:41:32,1783845692,R_75,53507.6824,-1,4.319900000002235,BACKFILL_AUTO
2026-07-12 08:41:34,1783845694,R_75,53520.1759,1,12.493500000004133,BACKFILL_AUTO
2026-07-12 08:41:36,1783845696,R_75,53523.3475,1,3.17160000000149,BACKFILL_AUTO
2026-07-12 08:41:38,1783845698,R_75,53527.4426,1,4.095099999998638,BACKFILL_AUTO
2026-07-12 08:41:40,1783845700,R_75,53542.837,1,15.394399999997404,BACKFILL_AUTO
2026-07-12 08:41:42,1783845702,R_75,53535.6944,-1,7.14259999999922,BACKFILL_AUTO
2026-07-12 08:41:44,1783845704,R_75,53560.5319,1,24.837500000001455,BACKFILL_AUTO
2026-07-12 08:41:46,1783845706,R_75,53567.082,1,6.550100000000384,BACKFILL_AUTO
2026-07-12 08:41:48,1783845708,R_75,53563.3359,-1,3.746100000003935,BACKFILL_AUTO
2026-07-12 08:41:50,1783845710,R_75,53571.0064,1,7.670500000000175,BACKFILL_AUTO
2026-07-12 08:41:52,1783845712,R_75,53569.3159,-1,1.6904999999969732,BACKFILL_AUTO
2026-07-12 08:41:54,1783845714,R_75,53572.5107,1,3.1947999999974854,BACKFILL_AUTO
2026-07-12 08:41:56,1783845716,R_75,53576.3808,1,3.870100000000093,BACKFILL_AUTO
2026-07-12 08:41:58,1783845718,R_75,53572.5151,-1,3.865700000002107,BACKFILL_AUTO
2026-07-12 08:42:00,1783845720,R_75,53561.4092,-1,11.105899999995017,BACKFILL_AUTO
2026-07-12 08:42:02,1783845722,R_75,53573.445,1,12.035799999997835,BACKFILL_AUTO
2026-07-12 08:42:04,1783845724,R_75,53556.9572,-1,16.487800000002608,BACKFILL_AUTO
2026-07-12 08:42:06,1783845726,R_75,53555.126,-1,1.8312000000005355,BACKFILL_AUTO
2026-07-12 08:42:08,1783845728,R_75,53555.5793,1,0.4533000000010361,BACKFILL_AUTO
2026-07-12 08:42:10,1783845730,R_75,53548.3663,-1,7.2129999999961,BACKFILL_AUTO
2026-07-12 08:42:12,1783845732,R_75,53545.5077,-1,2.8585999999995693,BACKFILL_AUTO
2026-07-12 08:42:14,1783845734,R_75,53551.7332,1,6.225500000000466,BACKFILL_AUTO
2026-07-12 08:42:16,1783845736,R_75,53549.978,-1,1.7551999999996042,BACKFILL_AUTO
2026-07-12 08:42:18,1783845738,R_75,53551.7782,1,1.800199999997858,BACKFILL_AUTO
2026-07-12 08:42:20,1783845740,R_75,53566.3798,1,14.601600000001781,BACKFILL_AUTO
2026-07-12 08:42:22,1783845742,R_75,53563.0893,-1,3.290500000002794,BACKFILL_AUTO
2026-07-12 08:42:24,1783845744,R_75,53564.5324,1,1.4430999999967753,BACKFILL_AUTO
2026-07-12 08:42:26,1783845746,R_75,53577.3557,1,12.823300000003655,BACKFILL_AUTO
2026-07-12 08:42:28,1783845748,R_75,53571.0996,-1,6.256099999998696,BACKFILL_AUTO
2026-07-12 08:42:30,1783845750,R_75,53566.1235,-1,4.97609999999986,BACKFILL_AUTO
2026-07-12 08:42:32,1783845752,R_75,53565.2071,-1,0.9164000000018859,BACKFILL_AUTO
2026-07-12 08:42:34,1783845754,R_75,53564.0501,-1,1.1569999999992433,BACKFILL_AUTO
2026-07-12 08:42:36,1783845756,R_75,53564.195,1,0.1448999999993248,BACKFILL_AUTO
2026-07-12 08:42:38,1783845758,R_75,53567.3197,1,3.1247000000003027,BACKFILL_AUTO
2026-07-12 08:42:40,1783845760,R_75,53569.1038,1,1.7840999999971245,BACKFILL_AUTO
2026-07-12 08:42:42,1783845762,R_75,53556.056,-1,13.04780000000028,BACKFILL_AUTO
2026-07-12 08:42:44,1783845764,R_75,53554.3144,-1,1.7415999999939231,BACKFILL_AUTO
2026-07-12 08:42:46,1783845766,R_75,53526.5306,-1,27.783800000004703,BACKFILL_AUTO
2026-07-12 08:42:48,1783845768,R_75,53530.1509,1,3.6203000000023167,BACKFILL_AUTO
2026-07-12 08:42:50,1783845770,R_75,53537.7831,1,7.632200000000012,BACKFILL_AUTO
2026-07-12 08:42:52,1783845772,R_75,53554.725,1,16.941899999997986,BACKFILL_AUTO
2026-07-12 08:42:54,1783845774,R_75,53541.3847,-1,13.340299999996205,BACKFILL_AUTO
2026-07-12 08:42:56,1783845776,R_75,53537.4211,-1,3.9636000000027707,BACKFILL_AUTO
2026-07-12 08:42:58,1783845778,R_75,53562.4628,1,25.041700000001583,BACKFILL_AUTO
2026-07-12 08:43:00,1783845780,R_75,53576.2385,1,13.775699999998324,BACKFILL_AUTO
2026-07-12 08:43:02,1783845782,R_75,53594.564,1,18.32549999999901,BACKFILL_AUTO
2026-07-12 08:43:04,1783845784,R_75,53594.8077,1,0.24369999999908032,BACKFILL_AUTO
2026-07-12 08:43:06,1783845786,R_75,53588.7156,-1,6.092099999994389,BACKFILL_AUTO
2026-07-12 08:43:08,1783845788,R_75,53587.4787,-1,1.2369000000035157,BACKFILL_AUTO
2026-07-12 08:43:10,1783845790,R_75,53574.4607,-1,13.017999999996391,BACKFILL_AUTO
2026-07-12 08:43:12,1783845792,R_75,53578.2962,1,3.835499999993772,BACKFILL_AUTO
2026-07-12 08:43:14,1783845794,R_75,53580.6329,1,2.336699999999837,BACKFILL_AUTO
2026-07-12 08:43:16,1783845796,R_75,53579.0117,-1,1.6211999999941327,BACKFILL_AUTO
2026-07-12 08:43:18,1783845798,R_75,53584.5998,1,5.58810000000085,BACKFILL_AUTO
2026-07-12 08:43:20,1783845800,R_75,53570.842,-1,13.757800000006682,BACKFILL_AUTO
2026-07-12 08:43:22,1783845802,R_75,53564.5321,-1,6.309900000000198,BACKFILL_AUTO
2026-07-12 08:43:24,1783845804,R_75,53569.1961,1,4.664000000004307,BACKFILL_AUTO
2026-07-12 08:43:26,1783845806,R_75,53576.6628,1,7.466699999997218,BACKFILL_AUTO
2026-07-12 08:43:28,1783845808,R_75,53571.2469,-1,5.415899999999965,BACKFILL_AUTO
2026-07-12 08:43:30,1783845810,R_75,53559.4456,-1,11.801299999999173,BACKFILL_AUTO
2026-07-12 08:43:32,1783845812,R_75,53553.1713,-1,6.274299999997311,BACKFILL_AUTO
2026-07-12 08:43:34,1783845814,R_75,53545.9298,-1,7.241500000003725,BACKFILL_AUTO
2026-07-12 08:43:36,1783845816,R_75,53530.6395,-1,15.29030000000057,BACKFILL_AUTO
2026-07-12 08:43:38,1783845818,R_75,53522.8745,-1,7.764999999999418,BACKFILL_AUTO
2026-07-12 08:43:40,1783845820,R_75,53534.6841,1,11.8096000000005,BACKFILL_AUTO
2026-07-12 08:43:42,1783845822,R_75,53522.9677,-1,11.71639999999752,BACKFILL_AUTO
2026-07-12 08:43:44,1783845824,R_75,53517.5042,-1,5.463499999998021,BACKFILL_AUTO
2026-07-12 08:43:46,1783845826,R_75,53513.4695,-1,4.034700000003795,BACKFILL_AUTO
2026-07-12 08:43:48,1783845828,R_75,53535.9409,1,22.471400000002177,BACKFILL_AUTO
2026-07-12 08:43:50,1783845830,R_75,53507.734,-1,28.20690000000468,BACKFILL_AUTO
2026-07-12 08:43:52,1783845832,R_75,53490.4371,-1,17.29689999999391,BACKFILL_AUTO
2026-07-12 08:43:54,1783845834,R_75,53499.9897,1,9.552599999995437,BACKFILL_AUTO
2026-07-12 08:43:56,1783845836,R_75,53490.2953,-1,9.694400000000314,BACKFILL_AUTO
2026-07-12 08:43:58,1783845838,R_75,53480.5568,-1,9.738499999999476,BACKFILL_AUTO
2026-07-12 08:44:00,1783845840,R_75,53480.4784,-1,0.07839999999850988,BACKFILL_AUTO
2026-07-12 08:44:02,1783845842,R_75,53460.5885,-1,19.889900000001944,BACKFILL_AUTO
2026-07-12 08:44:04,1783845844,R_75,53464.5269,1,3.938399999999092,BACKFILL_AUTO
2026-07-12 08:44:06,1783845846,R_75,53448.4922,-1,16.03469999999652,BACKFILL_AUTO
2026-07-12 08:44:08,1783845848,R_75,53450.6301,1,2.1379000000015367,BACKFILL_AUTO
2026-07-12 08:44:10,1783845850,R_75,53446.3376,-1,4.292500000003201,BACKFILL_AUTO
2026-07-12 08:44:12,1783845852,R_75,53444.7533,-1,1.5843000000022585,BACKFILL_AUTO
2026-07-12 08:44:14,1783845854,R_75,53419.9466,-1,24.806699999993725,BACKFILL_AUTO
2026-07-12 08:44:16,1783845856,R_75,53435.8764,1,15.929799999998068,BACKFILL_AUTO
2026-07-12 08:44:18,1783845858,R_75,53441.1819,1,5.305500000002212,BACKFILL_AUTO
2026-07-12 08:44:20,1783845860,R_75,53438.7738,-1,2.408100000000559,BACKFILL_AUTO
2026-07-12 08:44:22,1783845862,R_75,53435.1343,-1,3.639500000004773,BACKFILL_AUTO
2026-07-12 08:44:24,1783845864,R_75,53446.8159,1,11.681600000003527,BACKFILL_AUTO
2026-07-12 08:44:26,1783845866,R_75,53452.0316,1,5.215700000000652,BACKFILL_AUTO
2026-07-12 08:44:28,1783845868,R_75,53461.0572,1,9.02560000000085,BACKFILL_AUTO
2026-07-12 08:44:30,1783845870,R_75,53446.5631,-1,14.494100000003527,BACKFILL_AUTO
2026-07-12 08:44:32,1783845872,R_75,53462.3541,1,15.790999999997439,BACKFILL_AUTO
2026-07-12 08:44:34,1783845874,R_75,53457.7454,-1,4.608699999997043,BACKFILL_AUTO
2026-07-12 08:44:36,1783845876,R_75,53471.3957,1,13.650300000001153,BACKFILL_AUTO
2026-07-12 08:44:38,1783845878,R_75,53459.6557,-1,11.739999999997963,BACKFILL_AUTO
2026-07-12 08:44:40,1783845880,R_75,53470.4435,1,10.787799999998242,BACKFILL_AUTO
2026-07-12 08:44:42,1783845882,R_75,53486.9262,1,16.482700000000477,BACKFILL_AUTO
2026-07-12 08:44:44,1783845884,R_75,53485.8146,-1,1.1116000000038184,BACKFILL_AUTO
2026-07-12 08:44:46,1783845886,R_75,53479.628,-1,6.186600000000908,BACKFILL_AUTO
2026-07-12 08:44:48,1783845888,R_75,53499.2917,1,19.66370000000461,BACKFILL_AUTO
2026-07-12 08:44:50,1783845890,R_75,53498.1921,-1,1.0996000000013737,BACKFILL_AUTO
2026-07-12 08:44:52,1783845892,R_75,53488.1525,-1,10.039600000003702,BACKFILL_AUTO
2026-07-12 08:44:54,1783845894,R_75,53486.5996,-1,1.5528999999951338,BACKFILL_AUTO
2026-07-12 08:44:56,1783845896,R_75,53489.8139,1,3.214299999999639,BACKFILL_AUTO
2026-07-12 08:44:58,1783845898,R_75,53490.6963,1,0.8824000000022352,BACKFILL_AUTO
2026-07-12 08:45:00,1783845900,R_75,53495.5865,1,4.8901999999943655,BACKFILL_AUTO
2026-07-12 08:45:02,1783845902,R_75,53491.6476,-1,3.938900000001013,BACKFILL_AUTO
2026-07-12 08:45:04,1783845904,R_75,53480.491,-1,11.156599999994796,BACKFILL_AUTO
2026-07-12 08:45:06,1783845906,R_75,53467.3953,-1,13.095700000005309,BACKFILL_AUTO
2026-07-12 08:45:08,1783845908,R_75,53464.935,-1,2.460299999998824,BACKFILL_AUTO
2026-07-12 08:45:10,1783845910,R_75,53445.1531,-1,19.781899999994494,BACKFILL_AUTO
2026-07-12 08:45:12,1783845912,R_75,53443.1946,-1,1.9585000000006403,BACKFILL_AUTO
2026-07-12 08:45:14,1783845914,R_75,53431.0057,-1,12.188900000001013,BACKFILL_AUTO
2026-07-12 08:45:16,1783845916,R_75,53425.578,-1,5.427700000000186,BACKFILL_AUTO
2026-07-12 08:45:18,1783845918,R_75,53409.8439,-1,15.73410000000149,BACKFILL_AUTO
2026-07-12 08:45:20,1783845920,R_75,53415.1111,1,5.267200000002049,BACKFILL_AUTO
2026-07-12 08:45:22,1783845922,R_75,53427.3885,1,12.277399999999034,BACKFILL_AUTO
2026-07-12 08:45:24,1783845924,R_75,53431.8586,1,4.470099999998638,BACKFILL_AUTO
2026-07-12 08:45:26,1783845926,R_75,53440.6896,1,8.830999999998312,BACKFILL_AUTO
2026-07-12 08:45:28,1783845928,R_75,53436.9995,-1,3.690099999999802,BACKFILL_AUTO
2026-07-12 08:45:30,1783845930,R_75,53430.3964,-1,6.603100000000268,BACKFILL_AUTO
2026-07-12 08:45:32,1783845932,R_75,53426.8773,-1,3.5190999999977066,BACKFILL_AUTO
2026-07-12 08:45:34,1783845934,R_75,53439.5548,1,12.677499999997963,BACKFILL_AUTO
2026-07-12 08:45:36,1783845936,R_75,53437.1934,-1,2.361400000001595,BACKFILL_AUTO
2026-07-12 08:45:38,1783845938,R_75,53448.449,1,11.255600000004051,BACKFILL_AUTO
2026-07-12 08:45:40,1783845940,R_75,53452.2638,1,3.8148000000001048,BACKFILL_AUTO
2026-07-12 08:45:42,1783845942,R_75,53465.7204,1,13.456599999997707,BACKFILL_AUTO
2026-07-12 08:45:44,1783845944,R_75,53458.5025,-1,7.217899999996007,BACKFILL_AUTO
2026-07-12 08:45:46,1783845946,R_75,53465.1191,1,6.616600000001199,BACKFILL_AUTO
2026-07-12 08:45:48,1783845948,R_75,53431.617,-1,33.50210000000516,BACKFILL_AUTO
2026-07-12 08:45:50,1783845950,R_75,53424.9265,-1,6.690499999996973,BACKFILL_AUTO
2026-07-12 08:45:52,1783845952,R_75,53433.1852,1,8.258699999998498,BACKFILL_AUTO
2026-07-12 08:45:54,1783845954,R_75,53433.0121,-1,0.17309999999997672,BACKFILL_AUTO
2026-07-12 08:45:56,1783845956,R_75,53437.7776,1,4.765500000001339,BACKFILL_AUTO
2026-07-12 08:45:58,1783845958,R_75,53434.583,-1,3.194600000002538,BACKFILL_AUTO
2026-07-12 08:46:00,1783845960,R_75,53445.0499,1,10.466899999999441,BACKFILL_AUTO
2026-07-12 08:46:02,1783845962,R_75,53443.9417,-1,1.1081999999951222,BACKFILL_AUTO
2026-07-12 08:46:04,1783845964,R_75,53431.9036,-1,12.038100000005215,BACKFILL_AUTO
2026-07-12 08:46:06,1783845966,R_75,53435.5085,1,3.6049000000057276,BACKFILL_AUTO
2026-07-12 08:46:08,1783845968,R_75,53434.1867,-1,1.3218000000051688,BACKFILL_AUTO
2026-07-12 08:46:10,1783845970,R_75,53425.0755,-1,9.111199999999371,BACKFILL_AUTO
2026-07-12 08:46:12,1783845972,R_75,53431.0473,1,5.971799999999348,BACKFILL_AUTO
2026-07-12 08:46:14,1783845974,R_75,53421.9487,-1,9.098599999997532,BACKFILL_AUTO
2026-07-12 08:46:16,1783845976,R_75,53412.534,-1,9.414700000001176,BACKFILL_AUTO
2026-07-12 08:46:18,1783845978,R_75,53422.2241,1,9.690099999999802,BACKFILL_AUTO
2026-07-12 08:46:20,1783845980,R_75,53453.5714,1,31.34730000000127,BACKFILL_AUTO
2026-07-12 08:46:22,1783845982,R_75,53449.779,-1,3.7923999999984517,BACKFILL_AUTO
2026-07-12 08:46:24,1783845984,R_75,53449.246,-1,0.533000000003085,BACKFILL_AUTO
2026-07-12 08:46:26,1783845986,R_75,53452.836,1,3.5900000000037835,BACKFILL_AUTO
2026-07-12 08:46:28,1783845988,R_75,53447.0129,-1,5.823100000001432,BACKFILL_AUTO
2026-07-12 08:46:30,1783845990,R_75,53437.4003,-1,9.612600000000384,BACKFILL_AUTO
2026-07-12 08:46:32,1783845992,R_75,53435.6669,-1,1.7334000000046217,BACKFILL_AUTO
2026-07-12 08:46:34,1783845994,R_75,53434.1872,-1,1.4796999999962281,BACKFILL_AUTO
2026-07-12 08:46:36,1783845996,R_75,53430.6285,-1,3.5587000000014086,BACKFILL_AUTO
2026-07-12 08:46:38,1783845998,R_75,53420.5565,-1,10.072000000000116,BACKFILL_AUTO
2026-07-12 08:46:40,1783846000,R_75,53413.511,-1,7.045500000000175,BACKFILL_AUTO
2026-07-12 08:46:42,1783846002,R_75,53414.9562,1,1.4452000000019325,BACKFILL_AUTO
2026-07-12 08:46:44,1783846004,R_75,53432.1315,1,17.175300000002608,BACKFILL_AUTO
2026-07-12 08:46:46,1783846006,R_75,53456.171,1,24.039499999998952,BACKFILL_AUTO
2026-07-12 08:46:48,1783846008,R_75,53439.5557,-1,16.615300000004936,BACKFILL_AUTO
2026-07-12 08:46:50,1783846010,R_75,53431.2642,-1,8.29149999999936,BACKFILL_AUTO
2026-07-12 08:46:52,1783846012,R_75,53422.6088,-1,8.655399999996007,BACKFILL_AUTO
2026-07-12 08:46:54,1783846014,R_75,53417.4754,-1,5.133399999998801,BACKFILL_AUTO
2026-07-12 08:46:56,1783846016,R_75,53424.376,1,6.900599999993574,BACKFILL_AUTO
2026-07-12 08:46:58,1783846018,R_75,53417.8988,-1,6.4771999999939,BACKFILL_AUTO
2026-07-12 08:47:00,1783846020,R_75,53422.357,1,4.458200000000943,BACKFILL_AUTO
2026-07-12 08:47:02,1783846022,R_75,53424.8517,1,2.494699999995646,BACKFILL_AUTO
2026-07-12 08:47:04,1783846024,R_75,53423.231,-1,1.6206999999994878,BACKFILL_AUTO
2026-07-12 08:47:06,1783846026,R_75,53419.0793,-1,4.151700000002165,BACKFILL_AUTO
2026-07-12 08:47:08,1783846028,R_75,53414.3714,-1,4.70789999999397,BACKFILL_AUTO
2026-07-12 08:47:10,1783846030,R_75,53421.4876,1,7.116199999996752,BACKFILL_AUTO
2026-07-12 08:47:12,1783846032,R_75,53428.7122,1,7.224600000001374,BACKFILL_AUTO
2026-07-12 08:47:14,1783846034,R_75,53456.0943,1,27.382099999995262,BACKFILL_AUTO
2026-07-12 08:47:16,1783846036,R_75,53470.0605,1,13.966200000002573,BACKFILL_AUTO
2026-07-12 08:47:18,1783846038,R_75,53478.9562,1,8.895700000000943,BACKFILL_AUTO
2026-07-12 08:47:20,1783846040,R_75,53482.3096,1,3.353399999999965,BACKFILL_AUTO
2026-07-12 08:47:22,1783846042,R_75,53497.9003,1,15.590700000000652,BACKFILL_AUTO
2026-07-12 08:47:24,1783846044,R_75,53491.6416,-1,6.258699999998498,BACKFILL_AUTO
2026-07-12 08:47:26,1783846046,R_75,53477.953,-1,13.688600000001315,BACKFILL_AUTO
2026-07-12 08:47:28,1783846048,R_75,53478.3053,1,0.3522999999986496,BACKFILL_AUTO
2026-07-12 08:47:30,1783846050,R_75,53489.3517,1,11.046399999999267,BACKFILL_AUTO
2026-07-12 08:47:32,1783846052,R_75,53480.2071,-1,9.144599999999627,BACKFILL_AUTO
2026-07-12 08:47:34,1783846054,R_75,53483.7792,1,3.57209999999759,BACKFILL_AUTO
2026-07-12 08:47:36,1783846056,R_75,53486.5519,1,2.7727000000013504,BACKFILL_AUTO
2026-07-12 08:47:38,1783846058,R_75,53485.5495,-1,1.0023999999975786,BACKFILL_AUTO
2026-07-12 08:47:40,1783846060,R_75,53477.7803,-1,7.769200000002456,BACKFILL_AUTO
2026-07-12 08:47:42,1783846062,R_75,53475.4448,-1,2.3355000000010477,BACKFILL_AUTO
2026-07-12 08:47:44,1783846064,R_75,53469.8729,-1,5.571899999995367,BACKFILL_AUTO
2026-07-12 08:47:46,1783846066,R_75,53452.7803,-1,17.092600000003586,BACKFILL_AUTO
2026-07-12 08:47:48,1783846068,R_75,53452.3835,-1,0.3967999999949825,BACKFILL_AUTO
2026-07-12 08:47:50,1783846070,R_75,53463.9601,1,11.57659999999305,BACKFILL_AUTO
2026-07-12 08:47:52,1783846072,R_75,53451.7815,-1,12.178599999999278,BACKFILL_AUTO
2026-07-12 08:47:54,1783846074,R_75,53451.35,-1,0.43149999999877764,BACKFILL_AUTO
2026-07-12 08:47:56,1783846076,R_75,53437.5266,-1,13.82340000000113,BACKFILL_AUTO
2026-07-12 08:47:58,1783846078,R_75,53454.6489,1,17.122300000002724,BACKFILL_AUTO
2026-07-12 08:48:00,1783846080,R_75,53450.7443,-1,3.9046000000016647,BACKFILL_AUTO
2026-07-12 08:48:02,1783846082,R_75,53455.2938,1,4.5495000000009895,BACKFILL_AUTO
2026-07-12 08:48:04,1783846084,R_75,53452.225,-1,3.0688000000009197,BACKFILL_AUTO
2026-07-12 08:48:06,1783846086,R_75,53449.13,-1,3.095000000001164,BACKFILL_AUTO
2026-07-12 08:48:08,1783846088,R_75,53437.695,-1,11.434999999997672,BACKFILL_AUTO
2026-07-12 08:48:10,1783846090,R_75,53437.1649,-1,0.5300999999963096,BACKFILL_AUTO
2026-07-12 08:48:12,1783846092,R_75,53437.8955,1,0.7305999999953201,BACKFILL_AUTO
2026-07-12 08:48:14,1783846094,R_75,53454.329,1,16.433499999999185,BACKFILL_AUTO
2026-07-12 08:48:16,1783846096,R_75,53435.6248,-1,18.704200000000128,BACKFILL_AUTO
2026-07-12 08:48:18,1783846098,R_75,53451.166,1,15.541199999999662,BACKFILL_AUTO
2026-07-12 08:48:20,1783846100,R_75,53470.7244,1,19.55840000000171,BACKFILL_AUTO
2026-07-12 08:48:22,1783846102,R_75,53486.1981,1,15.473700000002282,BACKFILL_AUTO
2026-07-12 08:48:24,1783846104,R_75,53490.8589,1,4.660799999997835,BACKFILL_AUTO
2026-07-12 08:48:26,1783846106,R_75,53509.7719,1,18.913000000000466,BACKFILL_AUTO
2026-07-12 08:48:28,1783846108,R_75,53514.5776,1,4.8056999999971595,BACKFILL_AUTO
2026-07-12 08:48:30,1783846110,R_75,53528.1153,1,13.537700000000768,BACKFILL_AUTO
2026-07-12 08:48:32,1783846112,R_75,53526.5756,-1,1.5397000000011758,BACKFILL_AUTO
2026-07-12 08:48:34,1783846114,R_75,53547.5187,1,20.94310000000405,BACKFILL_AUTO
2026-07-12 08:48:36,1783846116,R_75,53541.0539,-1,6.46480000000156,BACKFILL_AUTO
2026-07-12 08:48:38,1783846118,R_75,53529.4496,-1,11.604299999999057,BACKFILL_AUTO
2026-07-12 08:48:40,1783846120,R_75,53532.4914,1,3.041799999999057,BACKFILL_AUTO
2026-07-12 08:48:42,1783846122,R_75,53519.7013,-1,12.790099999998347,BACKFILL_AUTO
2026-07-12 08:48:44,1783846124,R_75,53519.9243,1,0.22299999999813735,BACKFILL_AUTO
2026-07-12 08:48:46,1783846126,R_75,53526.4178,1,6.493500000004133,BACKFILL_AUTO
2026-07-12 08:48:48,1783846128,R_75,53522.2081,-1,4.20969999999943,BACKFILL_AUTO
2026-07-12 08:48:50,1783846130,R_75,53518.8939,-1,3.31420000000071,BACKFILL_AUTO
2026-07-12 08:48:52,1783846132,R_75,53518.1911,-1,0.7028000000063912,BACKFILL_AUTO
2026-07-12 08:48:54,1783846134,R_75,53528.0505,1,9.859400000001187,BACKFILL_AUTO
2026-07-12 08:48:56,1783846136,R_75,53546.2021,1,18.15160000000469,BACKFILL_AUTO
2026-07-12 08:48:58,1783846138,R_75,53556.2462,1,10.044099999999162,BACKFILL_AUTO
2026-07-12 08:49:00,1783846140,R_75,53555.2914,-1,0.9547999999995227,BACKFILL_AUTO
2026-07-12 08:49:02,1783846142,R_75,53537.7491,-1,17.542300000000978,BACKFILL_AUTO
2026-07-12 08:49:04,1783846144,R_75,53525.095,-1,12.654099999999744,BACKFILL_AUTO
2026-07-12 08:49:06,1783846146,R_75,53526.7434,1,1.6483999999982188,BACKFILL_AUTO
2026-07-12 08:49:08,1783846148,R_75,53539.0922,1,12.348799999999756,BACKFILL_AUTO
2026-07-12 08:49:10,1783846150,R_75,53539.4722,1,0.37999999999738066,BACKFILL_AUTO
2026-07-12 08:49:12,1783846152,R_75,53534.1181,-1,5.3540999999968335,BACKFILL_AUTO
2026-07-12 08:49:14,1783846154,R_75,53534.5827,1,0.46459999999933643,BACKFILL_AUTO
2026-07-12 08:49:16,1783846156,R_75,53548.4109,1,13.828200000003562,BACKFILL_AUTO
2026-07-12 08:49:18,1783846158,R_75,53541.9715,-1,6.439400000002934,BACKFILL_AUTO
2026-07-12 08:49:20,1783846160,R_75,53544.0227,1,2.0512000000016997,BACKFILL_AUTO
2026-07-12 08:49:22,1783846162,R_75,53548.7736,1,4.750899999999092,BACKFILL_AUTO
2026-07-12 08:49:24,1783846164,R_75,53547.4782,-1,1.2954000000027008,BACKFILL_AUTO
2026-07-12 08:49:26,1783846166,R_75,53551.9747,1,4.496500000001106,BACKFILL_AUTO
2026-07-12 08:49:28,1783846168,R_75,53551.0334,-1,0.9412999999985914,BACKFILL_AUTO
2026-07-12 08:49:30,1783846170,R_75,53554.818,1,3.7845999999990454,BACKFILL_AUTO
2026-07-12 08:49:32,1783846172,R_75,53571.357,1,16.539000000004307,BACKFILL_AUTO
2026-07-12 08:49:34,1783846174,R_75,53561.5784,-1,9.778600000005099,BACKFILL_AUTO
2026-07-12 08:49:36,1783846176,R_75,53563.7542,1,2.1758000000045286,BACKFILL_AUTO
2026-07-12 08:49:38,1783846178,R_75,53559.3126,-1,4.441600000005565,BACKFILL_AUTO
2026-07-12 08:49:40,1783846180,R_75,53558.37,-1,0.9425999999948544,BACKFILL_AUTO
2026-07-12 08:49:42,1783846182,R_75,53556.6684,-1,1.701600000000326,BACKFILL_AUTO
2026-07-12 08:49:44,1783846184,R_75,53551.8011,-1,4.8673000000053435,BACKFILL_AUTO
2026-07-12 08:49:46,1783846186,R_75,53545.8746,-1,5.926499999994121,BACKFILL_AUTO
2026-07-12 08:49:48,1783846188,R_75,53558.6897,1,12.815099999999802,BACKFILL_AUTO
2026-07-12 08:49:50,1783846190,R_75,53563.1801,1,4.490399999995134,BACKFILL_AUTO
2026-07-12 08:49:52,1783846192,R_75,53561.4892,-1,1.6908999999941443,BACKFILL_AUTO
2026-07-12 08:49:54,1783846194,R_75,53561.7042,1,0.21499999999650754,BACKFILL_AUTO
2026-07-12 08:49:56,1783846196,R_75,53559.3278,-1,2.376400000001013,BACKFILL_AUTO
2026-07-12 08:49:58,1783846198,R_75,53548.0677,-1,11.260099999999511,BACKFILL_AUTO
2026-07-12 08:50:00,1783846200,R_75,53555.2833,1,7.215600000003178,BACKFILL_AUTO
2026-07-12 08:50:02,1783846202,R_75,53555.286,1,0.0026999999972758815,BACKFILL_AUTO
2026-07-12 08:50:04,1783846204,R_75,53560.2266,1,4.940600000001723,BACKFILL_AUTO
2026-07-12 08:50:06,1783846206,R_75,53561.8327,1,1.606099999997241,BACKFILL_AUTO
2026-07-12 08:50:08,1783846208,R_75,53550.3355,-1,11.497199999997974,BACKFILL_AUTO
2026-07-12 08:50:10,1783846210,R_75,53541.1586,-1,9.176899999998568,BACKFILL_AUTO
2026-07-12 08:50:12,1783846212,R_75,53540.8334,-1,0.32519999999931315,BACKFILL_AUTO
2026-07-12 08:50:14,1783846214,R_75,53562.8873,1,22.053899999998976,BACKFILL_AUTO
2026-07-12 08:50:16,1783846216,R_75,53556.186,-1,6.701300000000629,BACKFILL_AUTO
2026-07-12 08:50:18,1783846218,R_75,53547.5614,-1,8.624600000002829,BACKFILL_AUTO
2026-07-12 08:50:20,1783846220,R_75,53549.031,1,1.469600000003993,BACKFILL_AUTO
2026-07-12 08:50:22,1783846222,R_75,53534.3831,-1,14.647900000003574,BACKFILL_AUTO
2026-07-12 08:50:24,1783846224,R_75,53554.8866,1,20.503499999998894,BACKFILL_AUTO
2026-07-12 08:50:26,1783846226,R_75,53547.3711,-1,7.515500000001339,BACKFILL_AUTO
2026-07-12 08:50:28,1783846228,R_75,53554.3038,1,6.932700000004843,BACKFILL_AUTO
2026-07-12 08:50:30,1783846230,R_75,53558.1961,1,3.8922999999995227,BACKFILL_AUTO
2026-07-12 08:50:32,1783846232,R_75,53552.8898,-1,5.30630000000383,BACKFILL_AUTO
2026-07-12 08:50:34,1783846234,R_75,53552.8377,-1,0.052100000000791624,BACKFILL_AUTO
2026-07-12 08:50:36,1783846236,R_75,53564.6106,1,11.772900000003574,BACKFILL_AUTO
2026-07-12 08:50:38,1783846238,R_75,53568.7473,1,4.136700000002747,BACKFILL_AUTO
2026-07-12 08:50:40,1783846240,R_75,53580.6166,1,11.869299999998475,BACKFILL_AUTO
2026-07-12 08:50:42,1783846242,R_75,53578.259,-1,2.3576000000030035,BACKFILL_AUTO
2026-07-12 08:50:44,1783846244,R_75,53589.8691,1,11.610100000005332,BACKFILL_AUTO
2026-07-12 08:50:46,1783846246,R_75,53584.8847,-1,4.984400000001187,BACKFILL_AUTO
2026-07-12 08:50:48,1783846248,R_75,53569.9611,-1,14.923600000001898,BACKFILL_AUTO
2026-07-12 08:50:50,1783846250,R_75,53584.5244,1,14.563300000001618,BACKFILL_AUTO
2026-07-12 08:50:52,1783846252,R_75,53590.517,1,5.992599999997765,BACKFILL_AUTO
2026-07-12 08:50:54,1783846254,R_75,53579.5718,-1,10.945200000001932,BACKFILL_AUTO
2026-07-12 08:50:56,1783846256,R_75,53576.6291,-1,2.942699999999604,BACKFILL_AUTO
2026-07-12 08:50:58,1783846258,R_75,53574.5647,-1,2.0643999999956577,BACKFILL_AUTO
2026-07-12 08:51:00,1783846260,R_75,53562.0828,-1,12.481900000006135,BACKFILL_AUTO
2026-07-12 08:51:02,1783846262,R_75,53564.3823,1,2.2995000000009895,BACKFILL_AUTO
2026-07-12 08:51:04,1783846264,R_75,53558.2175,-1,6.16479999999865,BACKFILL_AUTO
2026-07-12 08:51:06,1783846266,R_75,53568.2665,1,10.048999999999069,BACKFILL_AUTO
2026-07-12 08:51:08,1783846268,R_75,53565.5861,-1,2.680399999997462,BACKFILL_AUTO
2026-07-12 08:51:10,1783846270,R_75,53563.7931,-1,1.7929999999978463,BACKFILL_AUTO
2026-07-12 08:51:12,1783846272,R_75,53570.3647,1,6.571599999995669,BACKFILL_AUTO
2026-07-12 08:51:14,1783846274,R_75,53564.4024,-1,5.962299999999232,BACKFILL_AUTO
2026-07-12 08:51:16,1783846276,R_75,53570.5013,1,6.098900000004505,BACKFILL_AUTO
2026-07-12 08:51:18,1783846278,R_75,53570.0173,-1,0.48400000000401633,BACKFILL_AUTO
2026-07-12 08:51:20,1783846280,R_75,53556.2621,-1,13.755199999999604,BACKFILL_AUTO
2026-07-12 08:51:22,1783846282,R_75,53562.0623,1,5.800199999997858,BACKFILL_AUTO
2026-07-12 08:51:24,1783846284,R_75,53550.9068,-1,11.155500000000757,BACKFILL_AUTO
2026-07-12 08:51:26,1783846286,R_75,53553.3211,1,2.4143000000040047,BACKFILL_AUTO
2026-07-12 08:51:28,1783846288,R_75,53543.5376,-1,9.78349999999773,BACKFILL_AUTO
2026-07-12 08:51:30,1783846290,R_75,53556.1577,1,12.620100000000093,BACKFILL_AUTO
2026-07-12 08:51:32,1783846292,R_75,53561.7645,1,5.606799999994109,BACKFILL_AUTO
2026-07-12 08:51:34,1783846294,R_75,53549.819,-1,11.945499999994354,BACKFILL_AUTO
2026-07-12 08:51:36,1783846296,R_75,53545.5167,-1,4.302300000003015,BACKFILL_AUTO
2026-07-12 08:51:38,1783846298,R_75,53552.8859,1,7.369200000001001,BACKFILL_AUTO
2026-07-12 08:51:40,1783846300,R_75,53540.4623,-1,12.423600000001898,BACKFILL_AUTO
2026-07-12 08:51:42,1783846302,R_75,53535.4473,-1,5.014999999999418,BACKFILL_AUTO
2026-07-12 08:51:44,1783846304,R_75,53546.7207,1,11.273399999998219,BACKFILL_AUTO
2026-07-12 08:51:46,1783846306,R_75,53537.3383,-1,9.38239999999496,BACKFILL_AUTO
2026-07-12 08:51:48,1783846308,R_75,53557.7644,1,20.42609999999695,BACKFILL_AUTO
2026-07-12 08:51:50,1783846310,R_75,53558.2551,1,0.4907000000021071,BACKFILL_AUTO
2026-07-12 08:51:52,1783846312,R_75,53548.523,-1,9.732100000001083,BACKFILL_AUTO
2026-07-12 08:51:54,1783846314,R_75,53541.9133,-1,6.609700000000885,BACKFILL_AUTO
2026-07-12 08:51:56,1783846316,R_75,53549.3165,1,7.403200000000652,BACKFILL_AUTO
2026-07-12 08:51:58,1783846318,R_75,53542.5012,-1,6.815300000002026,BACKFILL_AUTO
2026-07-12 08:52:00,1783846320,R_75,53538.0853,-1,4.415899999999965,BACKFILL_AUTO
2026-07-12 08:52:02,1783846322,R_75,53534.0447,-1,4.040600000000268,BACKFILL_AUTO
2026-07-12 08:52:04,1783846324,R_75,53539.7399,1,5.6952000000019325,BACKFILL_AUTO
2026-07-12 08:52:06,1783846326,R_75,53550.57,1,10.83009999999922,BACKFILL_AUTO
2026-07-12 08:52:08,1783846328,R_75,53563.2607,1,12.690699999999197,BACKFILL_AUTO
2026-07-12 08:52:10,1783846330,R_75,53556.7706,-1,6.4900999999954365,BACKFILL_AUTO
2026-07-12 08:52:12,1783846332,R_75,53566.4892,1,9.718600000000151,BACKFILL_AUTO
2026-07-12 08:52:14,1783846334,R_75,53560.6962,-1,5.793000000005122,BACKFILL_AUTO
2026-07-12 08:52:16,1783846336,R_75,53558.387,-1,2.3091999999960535,BACKFILL_AUTO
2026-07-12 08:52:18,1783846338,R_75,53570.8816,1,12.494599999998172,BACKFILL_AUTO
2026-07-12 08:52:20,1783846340,R_75,53584.0636,1,13.182000000000698,BACKFILL_AUTO
2026-07-12 08:52:22,1783846342,R_75,53566.5406,-1,17.523000000001048,BACKFILL_AUTO
2026-07-12 08:52:24,1783846344,R_75,53574.6601,1,8.119500000000698,BACKFILL_AUTO
2026-07-12 08:52:26,1783846346,R_75,53551.0963,-1,23.56380000000354,BACKFILL_AUTO
2026-07-12 08:52:28,1783846348,R_75,53568.654,1,17.557700000004843,BACKFILL_AUTO
2026-07-12 08:52:30,1783846350,R_75,53558.2013,-1,10.452700000001641,BACKFILL_AUTO
2026-07-12 08:52:32,1783846352,R_75,53532.9806,-1,25.220699999998033,BACKFILL_AUTO
2026-07-12 08:52:34,1783846354,R_75,53533.6904,1,0.7097999999969034,BACKFILL_AUTO
2026-07-12 08:52:36,1783846356,R_75,53538.056,1,4.365599999997357,BACKFILL_AUTO
2026-07-12 08:52:38,1783846358,R_75,53532.4583,-1,5.59769999999844,BACKFILL_AUTO
2026-07-12 08:52:40,1783846360,R_75,53534.8736,1,2.4153000000005704,BACKFILL_AUTO
2026-07-12 08:52:42,1783846362,R_75,53518.2285,-1,16.64510000000155,BACKFILL_AUTO
2026-07-12 08:52:44,1783846364,R_75,53530.4957,1,12.267200000002049,BACKFILL_AUTO
2026-07-12 08:52:46,1783846366,R_75,53524.0974,-1,6.398300000000745,BACKFILL_AUTO
2026-07-12 08:52:48,1783846368,R_75,53530.6452,1,6.547800000000279,BACKFILL_AUTO
2026-07-12 08:52:50,1783846370,R_75,53531.4104,1,0.7652000000016415,BACKFILL_AUTO
2026-07-12 08:52:52,1783846372,R_75,53530.6894,-1,0.7209999999977299,BACKFILL_AUTO
2026-07-12 08:52:54,1783846374,R_75,53530.9348,1,0.24539999999979045,BACKFILL_AUTO
2026-07-12 08:52:56,1783846376,R_75,53540.3722,1,9.43739999999525,BACKFILL_AUTO
2026-07-12 08:52:58,1783846378,R_75,53552.2602,1,11.88799999999901,BACKFILL_AUTO
2026-07-12 08:53:00,1783846380,R_75,53563.8526,1,11.592400000001362,BACKFILL_AUTO
2026-07-12 08:53:02,1783846382,R_75,53564.7885,1,0.9359000000040396,BACKFILL_AUTO
2026-07-12 08:53:04,1783846384,R_75,53585.0932,1,20.304700000000594,BACKFILL_AUTO
2026-07-12 08:53:06,1783846386,R_75,53593.9377,1,8.844499999999243,BACKFILL_AUTO
2026-07-12 08:53:08,1783846388,R_75,53603.2476,1,9.309900000000198,BACKFILL_AUTO
2026-07-12 08:53:10,1783846390,R_75,53608.7379,1,5.49029999999766,BACKFILL_AUTO
2026-07-12 08:53:12,1783846392,R_75,53612.8204,1,4.082499999996799,BACKFILL_AUTO
2026-07-12 08:53:14,1783846394,R_75,53611.1182,-1,1.7021999999997206,BACKFILL_AUTO
2026-07-12 08:53:16,1783846396,R_75,53623.8644,1,12.746200000001409,BACKFILL_AUTO
2026-07-12 08:53:18,1783846398,R_75,53615.8554,-1,8.008999999998196,BACKFILL_AUTO
2026-07-12 08:53:20,1783846400,R_75,53617.8723,1,2.0169000000023516,BACKFILL_AUTO
2026-07-12 08:53:22,1783846402,R_75,53621.5916,1,3.7192999999970198,BACKFILL_AUTO
2026-07-12 08:53:24,1783846404,R_75,53632.1122,1,10.52060000000347,BACKFILL_AUTO
2026-07-12 08:53:26,1783846406,R_75,53619.7231,-1,12.389100000000326,BACKFILL_AUTO
2026-07-12 08:53:28,1783846408,R_75,53611.946,-1,7.777099999999336,BACKFILL_AUTO
2026-07-12 08:53:30,1783846410,R_75,53602.7725,-1,9.173500000004424,BACKFILL_AUTO
2026-07-12 08:53:32,1783846412,R_75,53609.4004,1,6.627899999999499,BACKFILL_AUTO
2026-07-12 08:53:34,1783846414,R_75,53604.3782,-1,5.02219999999943,BACKFILL_AUTO
2026-07-12 08:53:36,1783846416,R_75,53602.6741,-1,1.7041000000026543,BACKFILL_AUTO
2026-07-12 08:53:38,1783846418,R_75,53591.4142,-1,11.259899999997288,BACKFILL_AUTO
2026-07-12 08:53:40,1783846420,R_75,53597.5709,1,6.156699999999546,BACKFILL_AUTO
2026-07-12 08:53:42,1783846422,R_75,53609.7861,1,12.215199999998731,BACKFILL_AUTO
2026-07-12 08:53:44,1783846424,R_75,53606.1815,-1,3.6045999999987544,BACKFILL_AUTO
2026-07-12 08:53:46,1783846426,R_75,53607.1193,1,0.9377999999996973,BACKFILL_AUTO
2026-07-12 08:53:48,1783846428,R_75,53615.4543,1,8.334999999999127,BACKFILL_AUTO
2026-07-12 08:53:50,1783846430,R_75,53616.8724,1,1.418100000002596,BACKFILL_AUTO
2026-07-12 08:53:52,1783846432,R_75,53605.6517,-1,11.220699999998033,BACKFILL_AUTO
2026-07-12 08:53:54,1783846434,R_75,53600.1361,-1,5.515599999998813,BACKFILL_AUTO
2026-07-12 08:53:56,1783846436,R_75,53589.7643,-1,10.371800000000803,BACKFILL_AUTO
2026-07-12 08:53:58,1783846438,R_75,53589.5228,-1,0.2415000000037253,BACKFILL_AUTO
2026-07-12 08:54:00,1783846440,R_75,53561.6994,-1,27.82340000000113,BACKFILL_AUTO
2026-07-12 08:54:02,1783846442,R_75,53558.3451,-1,3.354299999999057,BACKFILL_AUTO
2026-07-12 08:54:04,1783846444,R_75,53557.6042,-1,0.7408999999970547,BACKFILL_AUTO
2026-07-12 08:54:06,1783846446,R_75,53568.4231,1,10.818899999998393,BACKFILL_AUTO
2026-07-12 08:54:08,1783846448,R_75,53578.3423,1,9.919199999996636,BACKFILL_AUTO
2026-07-12 08:54:10,1783846450,R_75,53570.4439,-1,7.898399999998219,BACKFILL_AUTO
2026-07-12 08:54:12,1783846452,R_75,53589.5059,1,19.06199999999808,BACKFILL_AUTO
2026-07-12 08:54:14,1783846454,R_75,53604.2747,1,14.768800000005285,BACKFILL_AUTO
2026-07-12 08:54:16,1783846456,R_75,53611.3042,1,7.029499999996915,BACKFILL_AUTO
2026-07-12 08:54:18,1783846458,R_75,53625.1692,1,13.864999999997963,BACKFILL_AUTO
2026-07-12 08:54:20,1783846460,R_75,53625.2836,1,0.11440000000584405,BACKFILL_AUTO
2026-07-12 08:54:22,1783846462,R_75,53620.4391,-1,4.844499999999243,BACKFILL_AUTO
2026-07-12 08:54:24,1783846464,R_75,53622.0882,1,1.6490999999950873,BACKFILL_AUTO
2026-07-12 08:54:26,1783846466,R_75,53618.5754,-1,3.512799999996787,BACKFILL_AUTO
2026-07-12 08:54:28,1783846468,R_75,53630.4731,1,11.89770000000135,BACKFILL_AUTO
2026-07-12 08:54:30,1783846470,R_75,53624.1103,-1,6.362800000002608,BACKFILL_AUTO
2026-07-12 08:54:32,1783846472,R_75,53629.3457,1,5.235399999997753,BACKFILL_AUTO
2026-07-12 08:54:34,1783846474,R_75,53640.6336,1,11.287900000002992,BACKFILL_AUTO
2026-07-12 08:54:36,1783846476,R_75,53644.3001,1,3.6664999999993597,BACKFILL_AUTO
2026-07-12 08:54:38,1783846478,R_75,53644.5197,1,0.2195999999967171,BACKFILL_AUTO
2026-07-12 08:54:40,1783846480,R_75,53630.8128,-1,13.706899999997404,BACKFILL_AUTO
2026-07-12 08:54:42,1783846482,R_75,53629.9549,-1,0.8579000000027008,BACKFILL_AUTO
2026-07-12 08:54:44,1783846484,R_75,53619.7961,-1,10.158799999997427,BACKFILL_AUTO
2026-07-12 08:54:46,1783846486,R_75,53602.9986,-1,16.797500000000582,BACKFILL_AUTO
2026-07-12 08:54:48,1783846488,R_75,53599.9685,-1,3.0300999999963096,BACKFILL_AUTO
2026-07-12 08:54:50,1783846490,R_75,53590.7123,-1,9.256200000003446,BACKFILL_AUTO
2026-07-12 08:54:52,1783846492,R_75,53580.51,-1,10.202299999997194,BACKFILL_AUTO
2026-07-12 08:54:54,1783846494,R_75,53581.2092,1,0.6991999999954714,BACKFILL_AUTO
2026-07-12 08:54:56,1783846496,R_75,53567.6279,-1,13.58129999999801,BACKFILL_AUTO
2026-07-12 08:54:58,1783846498,R_75,53576.6382,1,9.010300000001735,BACKFILL_AUTO
2026-07-12 08:55:00,1783846500,R_75,53585.238,1,8.599799999996321,BACKFILL_AUTO
2026-07-12 08:55:02,1783846502,R_75,53608.1199,1,22.881900000000314,BACKFILL_AUTO
2026-07-12 08:55:04,1783846504,R_75,53609.9097,1,1.7897999999986496,BACKFILL_AUTO
2026-07-12 08:55:06,1783846506,R_75,53616.2864,1,6.37670000000071,BACKFILL_AUTO
2026-07-12 08:55:08,1783846508,R_75,53613.0166,-1,3.269799999994575,BACKFILL_AUTO
2026-07-12 08:55:10,1783846510,R_75,53605.8107,-1,7.205900000000838,BACKFILL_AUTO
2026-07-12 08:55:12,1783846512,R_75,53596.6686,-1,9.142100000004575,BACKFILL_AUTO
2026-07-12 08:55:14,1783846514,R_75,53604.6064,1,7.937799999999697,BACKFILL_AUTO
2026-07-12 08:55:16,1783846516,R_75,53597.4196,-1,7.186799999995856,BACKFILL_AUTO
2026-07-12 08:55:18,1783846518,R_75,53602.1691,1,4.749499999998079,BACKFILL_AUTO
2026-07-12 08:55:20,1783846520,R_75,53615.1483,1,12.979200000001583,BACKFILL_AUTO
2026-07-12 08:55:22,1783846522,R_75,53611.7046,-1,3.443700000003446,BACKFILL_AUTO
2026-07-12 08:55:24,1783846524,R_75,53598.8208,-1,12.883799999995972,BACKFILL_AUTO
2026-07-12 08:55:26,1783846526,R_75,53592.8062,-1,6.014600000002247,BACKFILL_AUTO
2026-07-12 08:55:28,1783846528,R_75,53611.6871,1,18.88090000000375,BACKFILL_AUTO
2026-07-12 08:55:30,1783846530,R_75,53587.5315,-1,24.155600000005506,BACKFILL_AUTO
2026-07-12 08:55:32,1783846532,R_75,53585.2832,-1,2.24829999999929,BACKFILL_AUTO
2026-07-12 08:55:34,1783846534,R_75,53592.9129,1,7.629700000004959,BACKFILL_AUTO
2026-07-12 08:55:36,1783846536,R_75,53598.4069,1,5.493999999998778,BACKFILL_AUTO
2026-07-12 08:55:38,1783846538,R_75,53615.5151,1,17.108199999995122,BACKFILL_AUTO
2026-07-12 08:55:40,1783846540,R_75,53610.2363,-1,5.278800000000047,BACKFILL_AUTO
2026-07-12 08:55:42,1783846542,R_75,53608.0943,-1,2.1419999999998254,BACKFILL_AUTO
2026-07-12 08:55:44,1783846544,R_75,53605.2812,-1,2.8130999999993946,BACKFILL_AUTO
2026-07-12 08:55:46,1783846546,R_75,53606.0139,1,0.7327000000004773,BACKFILL_AUTO
2026-07-12 08:55:48,1783846548,R_75,53617.7071,1,11.693200000001525,BACKFILL_AUTO
2026-07-12 08:55:50,1783846550,R_75,53614.9042,-1,2.80290000000241,BACKFILL_AUTO
2026-07-12 08:55:52,1783846552,R_75,53621.3511,1,6.446900000002643,BACKFILL_AUTO
2026-07-12 08:55:54,1783846554,R_75,53615.1513,-1,6.199800000002142,BACKFILL_AUTO
2026-07-12 08:55:56,1783846556,R_75,53613.8117,-1,1.3395999999993364,BACKFILL_AUTO
2026-07-12 08:55:58,1783846558,R_75,53619.1184,1,5.306700000001001,BACKFILL_AUTO
2026-07-12 08:56:00,1783846560,R_75,53640.203,1,21.084600000001956,BACKFILL_AUTO
2026-07-12 08:56:02,1783846562,R_75,53648.6175,1,8.414499999998952,BACKFILL_AUTO
2026-07-12 08:56:04,1783846564,R_75,53641.4363,-1,7.18119999999908,BACKFILL_AUTO
2026-07-12 08:56:06,1783846566,R_75,53638.6448,-1,2.7914999999993597,BACKFILL_AUTO
2026-07-12 08:56:08,1783846568,R_75,53641.9421,1,3.2972999999983585,BACKFILL_AUTO
2026-07-12 08:56:10,1783846570,R_75,53629.3863,-1,12.55580000000191,BACKFILL_AUTO
2026-07-12 08:56:12,1783846572,R_75,53614.0832,-1,15.303099999997357,BACKFILL_AUTO
2026-07-12 08:56:14,1783846574,R_75,53608.3741,-1,5.709100000000035,BACKFILL_AUTO
2026-07-12 08:56:16,1783846576,R_75,53616.0671,1,7.6929999999993015,BACKFILL_AUTO
2026-07-12 08:56:18,1783846578,R_75,53613.0361,-1,3.0310000000026776,BACKFILL_AUTO
2026-07-12 08:56:20,1783846580,R_75,53606.0042,-1,7.0318999999944936,BACKFILL_AUTO
2026-07-12 08:56:22,1783846582,R_75,53599.5994,-1,6.404800000003888,BACKFILL_AUTO
2026-07-12 08:56:24,1783846584,R_75,53588.4428,-1,11.156600000002072,BACKFILL_AUTO
2026-07-12 08:56:26,1783846586,R_75,53588.4107,-1,0.03209999999671709,BACKFILL_AUTO
2026-07-12 08:56:28,1783846588,R_75,53607.5682,1,19.157500000001164,BACKFILL_AUTO
2026-07-12 08:56:30,1783846590,R_75,53606.6617,-1,0.9065000000045984,BACKFILL_AUTO
2026-07-12 08:56:32,1783846592,R_75,53599.3439,-1,7.317799999997078,BACKFILL_AUTO
2026-07-12 08:56:34,1783846594,R_75,53590.0387,-1,9.305200000002515,BACKFILL_AUTO
2026-07-12 08:56:36,1783846596,R_75,53582.9482,-1,7.090499999998428,BACKFILL_AUTO
2026-07-12 08:56:38,1783846598,R_75,53592.8155,1,9.867299999998068,BACKFILL_AUTO
2026-07-12 08:56:40,1783846600,R_75,53588.8907,-1,3.924799999993411,BACKFILL_AUTO
2026-07-12 08:56:42,1783846602,R_75,53570.3327,-1,18.55800000000454,BACKFILL_AUTO
2026-07-12 08:56:44,1783846604,R_75,53573.0512,1,2.7185000000026776,BACKFILL_AUTO
2026-07-12 08:56:46,1783846606,R_75,53556.5822,-1,16.4690000000046,BACKFILL_AUTO
2026-07-12 08:56:48,1783846608,R_75,53555.2911,-1,1.2910999999949127,BACKFILL_AUTO
2026-07-12 08:56:50,1783846610,R_75,53548.1063,-1,7.184800000002724,BACKFILL_AUTO
2026-07-12 08:56:52,1783846612,R_75,53531.3805,-1,16.725800000000163,BACKFILL_AUTO
2026-07-12 08:56:54,1783846614,R_75,53530.6643,-1,0.7162000000025728,BACKFILL_AUTO
2026-07-12 08:56:56,1783846616,R_75,53510.9086,-1,19.75569999999425,BACKFILL_AUTO
2026-07-12 08:56:58,1783846618,R_75,53518.0266,1,7.117999999994936,BACKFILL_AUTO
2026-07-12 08:57:00,1783846620,R_75,53518.1919,1,0.16530000000057044,BACKFILL_AUTO
2026-07-12 08:57:02,1783846622,R_75,53515.516,-1,2.6758999999947264,BACKFILL_AUTO
2026-07-12 08:57:04,1783846624,R_75,53527.523,1,12.006999999997788,BACKFILL_AUTO
2026-07-12 08:57:06,1783846626,R_75,53516.9419,-1,10.581100000003062,BACKFILL_AUTO
2026-07-12 08:57:08,1783846628,R_75,53510.1683,-1,6.773600000000442,BACKFILL_AUTO
2026-07-12 08:57:10,1783846630,R_75,53505.9518,-1,4.216499999994994,BACKFILL_AUTO
2026-07-12 08:57:12,1783846632,R_75,53475.6511,-1,30.30069999999978,BACKFILL_AUTO
2026-07-12 08:57:14,1783846634,R_75,53465.0054,-1,10.645700000000943,BACKFILL_AUTO
2026-07-12 08:57:16,1783846636,R_75,53481.3603,1,16.35489999999845,BACKFILL_AUTO
2026-07-12 08:57:18,1783846638,R_75,53495.2663,1,13.906000000002678,BACKFILL_AUTO
2026-07-12 08:57:20,1783846640,R_75,53502.3336,1,7.067299999995157,BACKFILL_AUTO
2026-07-12 08:57:22,1783846642,R_75,53507.5382,1,5.204600000004575,BACKFILL_AUTO
2026-07-12 08:57:24,1783846644,R_75,53499.9364,-1,7.601800000004005,BACKFILL_AUTO
2026-07-12 08:57:26,1783846646,R_75,53499.2555,-1,0.680899999999383,BACKFILL_AUTO
2026-07-12 08:57:28,1783846648,R_75,53492.5697,-1,6.68579999999929,BACKFILL_AUTO
2026-07-12 08:57:30,1783846650,R_75,53476.7524,-1,15.817300000002433,BACKFILL_AUTO
2026-07-12 08:57:32,1783846652,R_75,53480.591,1,3.8386000000027707,BACKFILL_AUTO
2026-07-12 08:57:34,1783846654,R_75,53481.3737,1,0.7826999999961117,BACKFILL_AUTO
2026-07-12 08:57:36,1783846656,R_75,53482.9037,1,1.5300000000061118,BACKFILL_AUTO
2026-07-12 08:57:38,1783846658,R_75,53500.3602,1,17.456500000000233,BACKFILL_AUTO
2026-07-12 08:57:40,1783846660,R_75,53503.0881,1,2.7278999999980442,BACKFILL_AUTO
2026-07-12 08:57:42,1783846662,R_75,53500.6318,-1,2.4562999999980093,BACKFILL_AUTO
2026-07-12 08:57:44,1783846664,R_75,53500.2497,-1,0.38210000000253785,BACKFILL_AUTO
2026-07-12 08:57:46,1783846666,R_75,53505.7308,1,5.481099999997241,BACKFILL_AUTO
2026-07-12 08:57:48,1783846668,R_75,53500.772,-1,4.958800000000338,BACKFILL_AUTO
2026-07-12 08:57:50,1783846670,R_75,53487.9166,-1,12.855400000000373,BACKFILL_AUTO
2026-07-12 08:57:52,1783846672,R_75,53471.8459,-1,16.070699999996577,BACKFILL_AUTO
2026-07-12 08:57:54,1783846674,R_75,53470.7285,-1,1.1174000000028173,BACKFILL_AUTO
2026-07-12 08:57:56,1783846676,R_75,53477.7885,1,7.060000000004948,BACKFILL_AUTO
2026-07-12 08:57:58,1783846678,R_75,53467.0576,-1,10.730900000002293,BACKFILL_AUTO
2026-07-12 08:58:00,1783846680,R_75,53456.3431,-1,10.714500000001863,BACKFILL_AUTO
2026-07-12 08:58:02,1783846682,R_75,53456.5199,1,0.1768000000010943,BACKFILL_AUTO
2026-07-12 08:58:04,1783846684,R_75,53449.6683,-1,6.851600000001781,BACKFILL_AUTO
2026-07-12 08:58:06,1783846686,R_75,53431.4161,-1,18.252199999995355,BACKFILL_AUTO
2026-07-12 08:58:08,1783846688,R_75,53449.1022,1,17.686099999998987,BACKFILL_AUTO
2026-07-12 08:58:10,1783846690,R_75,53461.2421,1,12.139900000001944,BACKFILL_AUTO
2026-07-12 08:58:12,1783846692,R_75,53458.3021,-1,2.9400000000023283,BACKFILL_AUTO
2026-07-12 08:58:14,1783846694,R_75,53463.9005,1,5.598400000002584,BACKFILL_AUTO
2026-07-12 08:58:16,1783846696,R_75,53482.3702,1,18.46969999999419,BACKFILL_AUTO
2026-07-12 08:58:18,1783846698,R_75,53499.4314,1,17.061200000003737,BACKFILL_AUTO
2026-07-12 08:58:20,1783846700,R_75,53505.1602,1,5.728799999997136,BACKFILL_AUTO
2026-07-12 08:58:22,1783846702,R_75,53513.3215,1,8.161299999999756,BACKFILL_AUTO
2026-07-12 08:58:24,1783846704,R_75,53512.2663,-1,1.0551999999952386,BACKFILL_AUTO
2026-07-12 08:58:26,1783846706,R_75,53518.4703,1,6.2039999999979045,BACKFILL_AUTO
2026-07-12 08:58:28,1783846708,R_75,53516.7073,-1,1.7629999999990105,BACKFILL_AUTO
2026-07-12 08:58:30,1783846710,R_75,53507.3101,-1,9.39719999999943,BACKFILL_AUTO
2026-07-12 08:58:32,1783846712,R_75,53509.487,1,2.176899999998568,BACKFILL_AUTO
2026-07-12 08:58:34,1783846714,R_75,53515.251,1,5.763999999995576,BACKFILL_AUTO
2026-07-12 08:58:36,1783846716,R_75,53518.9101,1,3.6591000000044005,BACKFILL_AUTO
2026-07-12 08:58:38,1783846718,R_75,53510.6193,-1,8.290800000002491,BACKFILL_AUTO
2026-07-12 08:58:40,1783846720,R_75,53532.9665,1,22.347200000003795,BACKFILL_AUTO
2026-07-12 08:58:42,1783846722,R_75,53520.157,-1,12.809500000003027,BACKFILL_AUTO
2026-07-12 08:58:44,1783846724,R_75,53510.5964,-1,9.560599999997066,BACKFILL_AUTO
2026-07-12 08:58:46,1783846726,R_75,53517.164,1,6.567599999994854,BACKFILL_AUTO
2026-07-12 08:58:48,1783846728,R_75,53511.6014,-1,5.562599999997474,BACKFILL_AUTO
2026-07-12 08:58:50,1783846730,R_75,53502.6449,-1,8.956500000000233,BACKFILL_AUTO
2026-07-12 08:58:52,1783846732,R_75,53505.8889,1,3.2439999999987776,BACKFILL_AUTO
2026-07-12 08:58:54,1783846734,R_75,53503.9211,-1,1.9677999999985332,BACKFILL_AUTO
2026-07-12 08:58:56,1783846736,R_75,53495.5049,-1,8.416199999999662,BACKFILL_AUTO
2026-07-12 08:58:58,1783846738,R_75,53476.4629,-1,19.04200000000128,BACKFILL_AUTO
2026-07-12 08:59:00,1783846740,R_75,53477.27,1,0.8070999999981723,BACKFILL_AUTO
2026-07-12 08:59:02,1783846742,R_75,53482.4946,1,5.224600000001374,BACKFILL_AUTO
2026-07-12 08:59:04,1783846744,R_75,53495.6084,1,13.113799999999173,BACKFILL_AUTO
2026-07-12 08:59:06,1783846746,R_75,53510.5416,1,14.933199999999488,BACKFILL_AUTO
2026-07-12 08:59:08,1783846748,R_75,53506.3733,-1,4.168299999997544,BACKFILL_AUTO
2026-07-12 08:59:10,1783846750,R_75,53504.0947,-1,2.278599999997823,BACKFILL_AUTO
2026-07-12 08:59:12,1783846752,R_75,53498.9212,-1,5.173500000004424,BACKFILL_AUTO
2026-07-12 08:59:14,1783846754,R_75,53498.3236,-1,0.5975999999936903,BACKFILL_AUTO
2026-07-12 08:59:16,1783846756,R_75,53513.6025,1,15.27889999999752,BACKFILL_AUTO
2026-07-12 08:59:18,1783846758,R_75,53500.4166,-1,13.18590000000404,BACKFILL_AUTO
2026-07-12 08:59:20,1783846760,R_75,53516.4551,1,16.038500000002387,BACKFILL_AUTO
2026-07-12 08:59:22,1783846762,R_75,53508.2847,-1,8.1704000000027,BACKFILL_AUTO
2026-07-12 08:59:24,1783846764,R_75,53510.3205,1,2.0358000000051106,BACKFILL_AUTO
2026-07-12 08:59:26,1783846766,R_75,53528.6928,1,18.372299999995448,BACKFILL_AUTO
2026-07-12 08:59:28,1783846768,R_75,53529.1004,1,0.4076000000059139,BACKFILL_AUTO
2026-07-12 08:59:30,1783846770,R_75,53533.3026,1,4.202199999999721,BACKFILL_AUTO
2026-07-12 08:59:32,1783846772,R_75,53524.3058,-1,8.996800000000803,BACKFILL_AUTO
2026-07-12 08:59:34,1783846774,R_75,53532.3172,1,8.011399999995774,BACKFILL_AUTO
2026-07-12 08:59:36,1783846776,R_75,53512.9254,-1,19.391799999997602,BACKFILL_AUTO
2026-07-12 08:59:38,1783846778,R_75,53511.4199,-1,1.5054999999993015,BACKFILL_AUTO
2026-07-12 08:59:40,1783846780,R_75,53505.8036,-1,5.616300000001502,BACKFILL_AUTO
2026-07-12 08:59:42,1783846782,R_75,53515.5043,1,9.700700000001234,BACKFILL_AUTO
2026-07-12 08:59:44,1783846784,R_75,53499.7255,-1,15.778800000000047,BACKFILL_AUTO
2026-07-12 08:59:46,1783846786,R_75,53480.9657,-1,18.759799999999814,BACKFILL_AUTO
2026-07-12 08:59:48,1783846788,R_75,53479.3636,-1,1.602100000003702,BACKFILL_AUTO
2026-07-12 08:59:50,1783846790,R_75,53478.9788,-1,0.38479999999981374,BACKFILL_AUTO
2026-07-12 08:59:52,1783846792,R_75,53485.331,1,6.352200000001176,BACKFILL_AUTO
2026-07-12 08:59:54,1783846794,R_75,53468.3777,-1,16.953300000001036,BACKFILL_AUTO
2026-07-12 08:59:56,1783846796,R_75,53469.0224,1,0.6447000000043772,BACKFILL_AUTO
2026-07-12 08:59:58,1783846798,R_75,53455.2696,-1,13.752800000002026,BACKFILL_AUTO
2026-07-12 09:00:00,1783846800,R_75,53435.0158,-1,20.25379999999859,BACKFILL_AUTO
2026-07-12 09:00:02,1783846802,R_75,53437.713,1,2.69720000000234,BACKFILL_AUTO
2026-07-12 09:00:04,1783846804,R_75,53436.9658,-1,0.7472000000052503,BACKFILL_AUTO
2026-07-12 09:00:06,1783846806,R_75,53413.6268,-1,23.338999999999942,BACKFILL_AUTO
2026-07-12 09:00:08,1783846808,R_75,53416.5422,1,2.91540000000532,BACKFILL_AUTO
2026-07-12 09:00:10,1783846810,R_75,53419.4632,1,2.9209999999948195,BACKFILL_AUTO
2026-07-12 09:00:12,1783846812,R_75,53402.8271,-1,16.636099999996077,BACKFILL_AUTO
2026-07-12 09:00:14,1783846814,R_75,53404.7399,1,1.9127999999982421,BACKFILL_AUTO
2026-07-12 09:00:16,1783846816,R_75,53399.1776,-1,5.5622999999977765,BACKFILL_AUTO
2026-07-12 09:00:18,1783846818,R_75,53401.1679,1,1.99029999999766,BACKFILL_AUTO
2026-07-12 09:00:20,1783846820,R_75,53394.1007,-1,7.067199999997683,BACKFILL_AUTO
2026-07-12 09:00:22,1783846822,R_75,53423.3099,1,29.20919999999751,BACKFILL_AUTO
2026-07-12 09:00:24,1783846824,R_75,53435.1521,1,11.842199999999139,BACKFILL_AUTO
2026-07-12 09:00:26,1783846826,R_75,53439.2794,1,4.127300000000105,BACKFILL_AUTO
2026-07-12 09:00:28,1783846828,R_75,53416.7392,-1,22.54019999999582,BACKFILL_AUTO
2026-07-12 09:00:30,1783846830,R_75,53421.2004,1,4.461199999997916,BACKFILL_AUTO
2026-07-12 09:00:32,1783846832,R_75,53417.008,-1,4.192399999999907,BACKFILL_AUTO
2026-07-12 09:00:34,1783846834,R_75,53420.4219,1,3.4138999999995576,BACKFILL_AUTO
2026-07-12 09:00:36,1783846836,R_75,53428.5921,1,8.170200000000477,BACKFILL_AUTO
2026-07-12 09:00:38,1783846838,R_75,53431.1324,1,2.5403000000005704,BACKFILL_AUTO
2026-07-12 09:00:40,1783846840,R_75,53418.8543,-1,12.278100000003178,BACKFILL_AUTO
2026-07-12 09:00:42,1783846842,R_75,53415.9957,-1,2.8585999999995693,BACKFILL_AUTO
2026-07-12 09:00:44,1783846844,R_75,53437.0694,1,21.073700000000827,BACKFILL_AUTO
2026-07-12 09:00:46,1783846846,R_75,53437.407,1,0.337599999998929,BACKFILL_AUTO
2026-07-12 09:00:48,1783846848,R_75,53420.7335,-1,16.673499999997148,BACKFILL_AUTO
2026-07-12 09:00:50,1783846850,R_75,53424.4667,1,3.733199999995122,BACKFILL_AUTO
2026-07-12 09:00:52,1783846852,R_75,53444.8408,1,20.374100000000908,BACKFILL_AUTO
2026-07-12 09:00:54,1783846854,R_75,53442.5963,-1,2.2445000000006985,BACKFILL_AUTO
2026-07-12 09:00:56,1783846856,R_75,53452.2433,1,9.647000000004482,BACKFILL_AUTO
2026-07-12 09:00:58,1783846858,R_75,53466.2025,1,13.959199999997509,BACKFILL_AUTO
2026-07-12 09:01:00,1783846860,R_75,53466.8427,1,0.6402000000016415,BACKFILL_AUTO
2026-07-12 09:01:02,1783846862,R_75,53454.9515,-1,11.891199999998207,BACKFILL_AUTO
2026-07-12 09:01:04,1783846864,R_75,53469.8768,1,14.925299999995332,BACKFILL_AUTO
2026-07-12 09:01:06,1783846866,R_75,53468.5208,-1,1.3559999999997672,BACKFILL_AUTO
2026-07-12 09:01:08,1783846868,R_75,53467.3618,-1,1.1589999999996508,BACKFILL_AUTO
2026-07-12 09:01:10,1783846870,R_75,53481.7013,1,14.339500000001863,BACKFILL_AUTO
2026-07-12 09:01:12,1783846872,R_75,53490.3657,1,8.664400000001478,BACKFILL_AUTO
2026-07-12 09:01:14,1783846874,R_75,53489.984,-1,0.38170000000536675,BACKFILL_AUTO
2026-07-12 09:01:16,1783846876,R_75,53486.6395,-1,3.3444999999992433,BACKFILL_AUTO
2026-07-12 09:01:18,1783846878,R_75,53496.66,1,10.020500000005995,BACKFILL_AUTO
2026-07-12 09:01:20,1783846880,R_75,53515.2823,1,18.622299999995448,BACKFILL_AUTO
2026-07-12 09:01:22,1783846882,R_75,53526.5686,1,11.286299999999756,BACKFILL_AUTO
2026-07-12 09:01:24,1783846884,R_75,53529.7692,1,3.20060000000376,BACKFILL_AUTO
2026-07-12 09:01:26,1783846886,R_75,53530.2814,1,0.5121999999973923,BACKFILL_AUTO
2026-07-12 09:01:28,1783846888,R_75,53532.1551,1,1.873700000003737,BACKFILL_AUTO
2026-07-12 09:01:30,1783846890,R_75,53539.7621,1,7.606999999996333,BACKFILL_AUTO
2026-07-12 09:01:32,1783846892,R_75,53538.3967,-1,1.3654000000024098,BACKFILL_AUTO
2026-07-12 09:01:34,1783846894,R_75,53539.2079,1,0.8112000000037369,BACKFILL_AUTO
2026-07-12 09:01:36,1783846896,R_75,53553.0276,1,13.819700000000012,BACKFILL_AUTO
2026-07-12 09:01:38,1783846898,R_75,53557.1254,1,4.097799999995914,BACKFILL_AUTO
2026-07-12 09:01:40,1783846900,R_75,53559.8041,1,2.678700000004028,BACKFILL_AUTO
2026-07-12 09:01:42,1783846902,R_75,53561.6865,1,1.8824000000022352,BACKFILL_AUTO
2026-07-12 09:01:44,1783846904,R_75,53573.2328,1,11.546299999994517,BACKFILL_AUTO
2026-07-12 09:01:46,1783846906,R_75,53578.0593,1,4.826500000002852,BACKFILL_AUTO
2026-07-12 09:01:48,1783846908,R_75,53568.4176,-1,9.641700000000128,BACKFILL_AUTO
2026-07-12 09:01:50,1783846910,R_75,53564.4624,-1,3.9552000000039698,BACKFILL_AUTO
2026-07-12 09:01:52,1783846912,R_75,53564.4813,1,0.018900000002759043,BACKFILL_AUTO
2026-07-12 09:01:54,1783846914,R_75,53560.4059,-1,4.075400000001537,BACKFILL_AUTO
2026-07-12 09:01:56,1783846916,R_75,53553.5845,-1,6.821400000000722,BACKFILL_AUTO
2026-07-12 09:01:58,1783846918,R_75,53570.138,1,16.553500000001804,BACKFILL_AUTO
2026-07-12 09:02:00,1783846920,R_75,53559.9331,-1,10.204899999996996,BACKFILL_AUTO
2026-07-12 09:02:02,1783846922,R_75,53547.7339,-1,12.199200000002747,BACKFILL_AUTO
2026-07-12 09:02:04,1783846924,R_75,53552.1278,1,4.393900000002759,BACKFILL_AUTO
2026-07-12 09:02:06,1783846926,R_75,53558.9433,1,6.815499999996973,BACKFILL_AUTO
2026-07-12 09:02:08,1783846928,R_75,53563.1621,1,4.218800000002375,BACKFILL_AUTO
2026-07-12 09:02:10,1783846930,R_75,53538.5824,-1,24.57970000000205,BACKFILL_AUTO
2026-07-12 09:02:12,1783846932,R_75,53531.1448,-1,7.437599999997474,BACKFILL_AUTO
2026-07-12 09:02:14,1783846934,R_75,53518.9841,-1,12.16070000000036,BACKFILL_AUTO
2026-07-12 09:02:16,1783846936,R_75,53518.2976,-1,0.6865000000034343,BACKFILL_AUTO
2026-07-12 09:02:18,1783846938,R_75,53508.526,-1,9.771600000000035,BACKFILL_AUTO
2026-07-12 09:02:20,1783846940,R_75,53519.3991,1,10.873100000004342,BACKFILL_AUTO
2026-07-12 09:02:22,1783846942,R_75,53507.4291,-1,11.970000000001164,BACKFILL_AUTO
2026-07-12 09:02:24,1783846944,R_75,53527.4657,1,20.036599999999453,BACKFILL_AUTO
2026-07-12 09:02:26,1783846946,R_75,53539.5189,1,12.053200000002107,BACKFILL_AUTO
2026-07-12 09:02:28,1783846948,R_75,53541.6064,1,2.0874999999941792,BACKFILL_AUTO
2026-07-12 09:02:30,1783846950,R_75,53540.6433,-1,0.9630999999935739,BACKFILL_AUTO
2026-07-12 09:02:32,1783846952,R_75,53546.441,1,5.79769999999553,BACKFILL_AUTO
2026-07-12 09:02:34,1783846954,R_75,53535.5219,-1,10.919099999999162,BACKFILL_AUTO
2026-07-12 09:02:36,1783846956,R_75,53541.7575,1,6.235599999999977,BACKFILL_AUTO
2026-07-12 09:02:38,1783846958,R_75,53553.4212,1,11.663699999997334,BACKFILL_AUTO
2026-07-12 09:02:40,1783846960,R_75,53551.6942,-1,1.7269999999989523,BACKFILL_AUTO
2026-07-12 09:02:42,1783846962,R_75,53537.1023,-1,14.591899999999441,BACKFILL_AUTO
2026-07-12 09:02:44,1783846964,R_75,53538.5202,1,1.4179000000003725,BACKFILL_AUTO
2026-07-12 09:02:46,1783846966,R_75,53548.7827,1,10.262500000004366,BACKFILL_AUTO
2026-07-12 09:02:48,1783846968,R_75,53557.3741,1,8.59139999999752,BACKFILL_AUTO
2026-07-12 09:02:50,1783846970,R_75,53562.6974,1,5.3232999999963795,BACKFILL_AUTO
2026-07-12 09:02:52,1783846972,R_75,53579.237,1,16.539600000003702,BACKFILL_AUTO
2026-07-12 09:02:54,1783846974,R_75,53576.4079,-1,2.8291000000026543,BACKFILL_AUTO
2026-07-12 09:02:56,1783846976,R_75,53574.1012,-1,2.306700000001001,BACKFILL_AUTO
2026-07-12 09:02:58,1783846978,R_75,53589.4402,1,15.338999999999942,BACKFILL_AUTO
2026-07-12 09:03:00,1783846980,R_75,53579.1204,-1,10.319799999997485,BACKFILL_AUTO
2026-07-12 09:03:02,1783846982,R_75,53568.2629,-1,10.857499999998254,BACKFILL_AUTO
2026-07-12 09:03:04,1783846984,R_75,53574.6652,1,6.40230000000156,BACKFILL_AUTO
2026-07-12 09:03:06,1783846986,R_75,53581.282,1,6.616799999996147,BACKFILL_AUTO
2026-07-12 09:03:08,1783846988,R_75,53581.4713,1,0.18929999999818392,BACKFILL_AUTO
2026-07-12 09:03:10,1783846990,R_75,53575.4953,-1,5.975999999995111,BACKFILL_AUTO
2026-07-12 09:03:12,1783846992,R_75,53555.2938,-1,20.201500000002852,BACKFILL_AUTO
2026-07-12 09:03:14,1783846994,R_75,53545.6843,-1,9.609499999998661,BACKFILL_AUTO
2026-07-12 09:03:16,1783846996,R_75,53537.1534,-1,8.530899999997928,BACKFILL_AUTO
2026-07-12 09:03:18,1783846998,R_75,53532.2219,-1,4.931500000006054,BACKFILL_AUTO
2026-07-12 09:03:20,1783847000,R_75,53526.0161,-1,6.2057999999960884,BACKFILL_AUTO
2026-07-12 09:03:22,1783847002,R_75,53523.2246,-1,2.7914999999993597,BACKFILL_AUTO
2026-07-12 09:03:24,1783847004,R_75,53539.8293,1,16.604699999996228,BACKFILL_AUTO
2026-07-12 09:03:26,1783847006,R_75,53550.2984,1,10.469100000002072,BACKFILL_AUTO
2026-07-12 09:03:28,1783847008,R_75,53541.5698,-1,8.728600000002189,BACKFILL_AUTO
2026-07-12 09:03:30,1783847010,R_75,53528.5403,-1,13.029499999996915,BACKFILL_AUTO
2026-07-12 09:03:32,1783847012,R_75,53525.3687,-1,3.17160000000149,BACKFILL_AUTO
2026-07-12 09:03:34,1783847014,R_75,53518.9963,-1,6.372400000000198,BACKFILL_AUTO
2026-07-12 09:03:36,1783847016,R_75,53531.062,1,12.065699999999197,BACKFILL_AUTO
2026-07-12 09:03:38,1783847018,R_75,53542.4471,1,11.385099999999511,BACKFILL_AUTO
2026-07-12 09:03:40,1783847020,R_75,53546.8406,1,4.393500000005588,BACKFILL_AUTO
2026-07-12 09:03:42,1783847022,R_75,53548.6123,1,1.7716999999975087,BACKFILL_AUTO
2026-07-12 09:03:44,1783847024,R_75,53559.7762,1,11.163899999999558,BACKFILL_AUTO
2026-07-12 09:03:46,1783847026,R_75,53567.2415,1,7.465299999996205,BACKFILL_AUTO
2026-07-12 09:03:48,1783847028,R_75,53559.579,-1,7.662499999998545,BACKFILL_AUTO
2026-07-12 09:03:50,1783847030,R_75,53585.3489,1,25.769899999999325,BACKFILL_AUTO
2026-07-12 09:03:52,1783847032,R_75,53575.3908,-1,9.958099999996193,BACKFILL_AUTO
2026-07-12 09:03:54,1783847034,R_75,53576.462,1,1.0711999999984982,BACKFILL_AUTO
2026-07-12 09:03:56,1783847036,R_75,53590.9561,1,14.494100000003527,BACKFILL_AUTO
2026-07-12 09:03:58,1783847038,R_75,53606.2724,1,15.316299999998591,BACKFILL_AUTO
2026-07-12 09:04:00,1783847040,R_75,53634.3081,1,28.03570000000036,BACKFILL_AUTO
2026-07-12 09:04:02,1783847042,R_75,53653.2706,1,18.962500000001455,BACKFILL_AUTO
2026-07-12 09:04:04,1783847044,R_75,53661.4283,1,8.157699999996112,BACKFILL_AUTO
2026-07-12 09:04:06,1783847046,R_75,53667.452,1,6.023699999997916,BACKFILL_AUTO
2026-07-12 09:04:08,1783847048,R_75,53691.8009,1,24.348900000004505,BACKFILL_AUTO
2026-07-12 09:04:10,1783847050,R_75,53673.9196,-1,17.88130000000092,BACKFILL_AUTO
2026-07-12 09:04:12,1783847052,R_75,53685.121,1,11.201399999998102,BACKFILL_AUTO
2026-07-12 09:04:14,1783847054,R_75,53679.4871,-1,5.633900000000722,BACKFILL_AUTO
2026-07-12 09:04:16,1783847056,R_75,53677.9069,-1,1.5801999999966938,BACKFILL_AUTO
2026-07-12 09:04:18,1783847058,R_75,53689.199,1,11.292099999998754,BACKFILL_AUTO
2026-07-12 09:04:20,1783847060,R_75,53698.4118,1,9.212800000001153,BACKFILL_AUTO
2026-07-12 09:04:22,1783847062,R_75,53690.6694,-1,7.742400000002817,BACKFILL_AUTO
2026-07-12 09:04:24,1783847064,R_75,53703.0857,1,12.416300000004412,BACKFILL_AUTO
2026-07-12 09:04:26,1783847066,R_75,53704.0425,1,0.9567999999999302,BACKFILL_AUTO
2026-07-12 09:04:28,1783847068,R_75,53699.9563,-1,4.086200000005192,BACKFILL_AUTO
2026-07-12 09:04:30,1783847070,R_75,53701.0969,1,1.1405999999988126,BACKFILL_AUTO
2026-07-12 09:04:32,1783847072,R_75,53705.4514,1,4.354500000001281,BACKFILL_AUTO
2026-07-12 09:04:34,1783847074,R_75,53705.2234,-1,0.227999999995518,BACKFILL_AUTO
2026-07-12 09:04:36,1783847076,R_75,53707.9551,1,2.7316999999966356,BACKFILL_AUTO
2026-07-12 09:04:38,1783847078,R_75,53689.9723,-1,17.98279999999795,BACKFILL_AUTO
2026-07-12 09:04:40,1783847080,R_75,53679.7206,-1,10.25170000000071,BACKFILL_AUTO
2026-07-12 09:04:42,1783847082,R_75,53699.1595,1,19.438900000001013,BACKFILL_AUTO
2026-07-12 09:04:44,1783847084,R_75,53680.2542,-1,18.905299999998533,BACKFILL_AUTO
2026-07-12 09:04:46,1783847086,R_75,53686.1765,1,5.9222999999983585,BACKFILL_AUTO
2026-07-12 09:04:48,1783847088,R_75,53684.5975,-1,1.5789999999979045,BACKFILL_AUTO
2026-07-12 09:04:50,1783847090,R_75,53707.1534,1,22.555899999999383,BACKFILL_AUTO
2026-07-12 09:04:52,1783847092,R_75,53694.8774,-1,12.276000000005297,BACKFILL_AUTO
2026-07-12 09:04:54,1783847094,R_75,53699.4006,1,4.523200000003271,BACKFILL_AUTO
2026-07-12 09:04:56,1783847096,R_75,53713.6361,1,14.235500000002503,BACKFILL_AUTO
2026-07-12 09:04:58,1783847098,R_75,53725.1406,1,11.50449999999546,BACKFILL_AUTO
2026-07-12 09:05:00,1783847100,R_75,53720.8697,-1,4.2708999999958905,BACKFILL_AUTO
2026-07-12 09:05:02,1783847102,R_75,53721.0371,1,0.16739999999845168,BACKFILL_AUTO
2026-07-12 09:05:04,1783847104,R_75,53714.0124,-1,7.024700000001758,BACKFILL_AUTO
2026-07-12 09:05:06,1783847106,R_75,53697.1833,-1,16.829100000002654,BACKFILL_AUTO
2026-07-12 09:05:08,1783847108,R_75,53693.9927,-1,3.190599999994447,BACKFILL_AUTO
2026-07-12 09:05:10,1783847110,R_75,53702.2304,1,8.237699999997858,BACKFILL_AUTO
2026-07-12 09:05:12,1783847112,R_75,53713.1292,1,10.898800000002666,BACKFILL_AUTO
2026-07-12 09:05:14,1783847114,R_75,53722.1518,1,9.0225999999966,BACKFILL_AUTO
2026-07-12 09:05:16,1783847116,R_75,53722.5085,1,0.35670000000391155,BACKFILL_AUTO
2026-07-12 09:05:18,1783847118,R_75,53700.0169,-1,22.4916000000012,BACKFILL_AUTO
2026-07-12 09:05:20,1783847120,R_75,53706.9328,1,6.915899999999965,BACKFILL_AUTO
2026-07-12 09:05:22,1783847122,R_75,53719.3232,1,12.390399999996589,BACKFILL_AUTO
2026-07-12 09:05:24,1783847124,R_75,53714.3879,-1,4.935299999997369,BACKFILL_AUTO
2026-07-12 09:05:26,1783847126,R_75,53707.7273,-1,6.660600000002887,BACKFILL_AUTO
2026-07-12 09:05:28,1783847128,R_75,53701.722,-1,6.005299999997078,BACKFILL_AUTO
2026-07-12 09:05:30,1783847130,R_75,53694.4776,-1,7.244400000003225,BACKFILL_AUTO
2026-07-12 09:05:32,1783847132,R_75,53708.1315,1,13.653900000004796,BACKFILL_AUTO
2026-07-12 09:05:34,1783847134,R_75,53704.5425,-1,3.588999999999942,BACKFILL_AUTO
2026-07-12 09:05:36,1783847136,R_75,53702.2239,-1,2.318600000005972,BACKFILL_AUTO
2026-07-12 09:05:38,1783847138,R_75,53697.0273,-1,5.196599999995669,BACKFILL_AUTO
2026-07-12 09:05:40,1783847140,R_75,53705.1751,1,8.147799999998824,BACKFILL_AUTO
2026-07-12 09:05:42,1783847142,R_75,53703.944,-1,1.231099999997241,BACKFILL_AUTO
2026-07-12 09:05:44,1783847144,R_75,53715.3979,1,11.45390000000043,BACKFILL_AUTO
2026-07-12 09:05:46,1783847146,R_75,53710.752,-1,4.6459000000031665,BACKFILL_AUTO
2026-07-12 09:05:48,1783847148,R_75,53733.466,1,22.713999999999942,BACKFILL_AUTO
2026-07-12 09:05:50,1783847150,R_75,53731.5326,-1,1.9334000000017113,BACKFILL_AUTO
2026-07-12 09:05:52,1783847152,R_75,53747.1805,1,15.647900000003574,BACKFILL_AUTO
2026-07-12 09:05:54,1783847154,R_75,53760.2552,1,13.074699999997392,BACKFILL_AUTO
2026-07-12 09:05:56,1783847156,R_75,53761.0767,1,0.8214999999981956,BACKFILL_AUTO
2026-07-12 09:05:58,1783847158,R_75,53754.842,-1,6.234700000000885,BACKFILL_AUTO
2026-07-12 09:06:00,1783847160,R_75,53750.7825,-1,4.059499999995751,BACKFILL_AUTO
2026-07-12 09:06:02,1783847162,R_75,53754.8289,1,4.046399999999267,BACKFILL_AUTO
2026-07-12 09:06:04,1783847164,R_75,53759.0528,1,4.223899999997229,BACKFILL_AUTO
2026-07-12 09:06:06,1783847166,R_75,53765.9387,1,6.885900000001129,BACKFILL_AUTO
2026-07-12 09:06:08,1783847168,R_75,53762.3261,-1,3.612600000000384,BACKFILL_AUTO
2026-07-12 09:06:10,1783847170,R_75,53757.0467,-1,5.279399999999441,BACKFILL_AUTO
2026-07-12 09:06:12,1783847172,R_75,53774.5644,1,17.51770000000397,BACKFILL_AUTO
2026-07-12 09:06:14,1783847174,R_75,53758.4497,-1,16.11470000000554,BACKFILL_AUTO
2026-07-12 09:06:16,1783847176,R_75,53757.2283,-1,1.221399999994901,BACKFILL_AUTO
2026-07-12 09:06:18,1783847178,R_75,53765.4334,1,8.20509999999922,BACKFILL_AUTO
2026-07-12 09:06:20,1783847180,R_75,53768.0625,1,2.6290999999982887,BACKFILL_AUTO
2026-07-12 09:06:22,1783847182,R_75,53774.8562,1,6.793700000001991,BACKFILL_AUTO
2026-07-12 09:06:24,1783847184,R_75,53759.9563,-1,14.899900000003981,BACKFILL_AUTO
2026-07-12 09:06:26,1783847186,R_75,53764.0283,1,4.072000000000116,BACKFILL_AUTO
2026-07-12 09:06:28,1783847188,R_75,53751.8227,-1,12.20560000000114,BACKFILL_AUTO
2026-07-12 09:06:30,1783847190,R_75,53754.7487,1,2.925999999999476,BACKFILL_AUTO
2026-07-12 09:06:32,1783847192,R_75,53760.7007,1,5.952000000004773,BACKFILL_AUTO
2026-07-12 09:06:34,1783847194,R_75,53758.3501,-1,2.3505999999979394,BACKFILL_AUTO
2026-07-12 09:06:36,1783847196,R_75,53763.553,1,5.202899999996589,BACKFILL_AUTO
2026-07-12 09:06:38,1783847198,R_75,53763.0202,-1,0.5328000000008615,BACKFILL_AUTO
2026-07-12 09:06:40,1783847200,R_75,53776.6659,1,13.645700000000943,BACKFILL_AUTO
2026-07-12 09:06:42,1783847202,R_75,53774.0185,-1,2.647400000001653,BACKFILL_AUTO
2026-07-12 09:06:44,1783847204,R_75,53774.778,1,0.7595000000001164,BACKFILL_AUTO
2026-07-12 09:06:46,1783847206,R_75,53774.8485,1,0.07050000000162981,BACKFILL_AUTO
2026-07-12 09:06:48,1783847208,R_75,53777.927,1,3.0785000000032596,BACKFILL_AUTO
2026-07-12 09:06:50,1783847210,R_75,53773.581,-1,4.346000000005006,BACKFILL_AUTO
2026-07-12 09:06:52,1783847212,R_75,53780.704,1,7.1229999999995925,BACKFILL_AUTO
2026-07-12 09:06:54,1783847214,R_75,53792.9122,1,12.208200000000943,BACKFILL_AUTO
2026-07-12 09:06:56,1783847216,R_75,53800.9351,1,8.022900000003574,BACKFILL_AUTO
2026-07-12 09:06:58,1783847218,R_75,53813.8244,1,12.889299999995274,BACKFILL_AUTO
2026-07-12 09:07:00,1783847220,R_75,53817.2583,1,3.433900000003632,BACKFILL_AUTO
2026-07-12 09:07:02,1783847222,R_75,53831.7756,1,14.517299999999523,BACKFILL_AUTO
2026-07-12 09:07:04,1783847224,R_75,53843.004,1,11.228399999999965,BACKFILL_AUTO
2026-07-12 09:07:06,1783847226,R_75,53842.8959,-1,0.10809999999764841,BACKFILL_AUTO
2026-07-12 09:07:08,1783847228,R_75,53853.8881,1,10.992199999993318,BACKFILL_AUTO
2026-07-12 09:07:10,1783847230,R_75,53840.1458,-1,13.742299999998068,BACKFILL_AUTO
2026-07-12 09:07:12,1783847232,R_75,53834.7984,-1,5.347399999998743,BACKFILL_AUTO
2026-07-12 09:07:14,1783847234,R_75,53832.1149,-1,2.683499999999185,BACKFILL_AUTO
2026-07-12 09:07:16,1783847236,R_75,53839.3686,1,7.253700000001118,BACKFILL_AUTO
2026-07-12 09:07:18,1783847238,R_75,53843.8431,1,4.474499999996624,BACKFILL_AUTO
2026-07-12 09:07:20,1783847240,R_75,53826.3171,-1,17.52599999999802,BACKFILL_AUTO
2026-07-12 09:07:22,1783847242,R_75,53811.6836,-1,14.63350000000355,BACKFILL_AUTO
2026-07-12 09:07:24,1783847244,R_75,53816.0197,1,4.336100000000442,BACKFILL_AUTO
2026-07-12 09:07:26,1783847246,R_75,53818.7475,1,2.7278000000005704,BACKFILL_AUTO
2026-07-12 09:07:28,1783847248,R_75,53821.0082,1,2.2606999999989057,BACKFILL_AUTO
2026-07-12 09:07:30,1783847250,R_75,53819.9505,-1,1.057699999997567,BACKFILL_AUTO
2026-07-12 09:07:32,1783847252,R_75,53835.5935,1,15.643000000003667,BACKFILL_AUTO
2026-07-12 09:07:34,1783847254,R_75,53828.5847,-1,7.008800000003248,BACKFILL_AUTO
2026-07-12 09:07:36,1783847256,R_75,53822.4006,-1,6.18409999999858,BACKFILL_AUTO
2026-07-12 09:07:38,1783847258,R_75,53822.1795,-1,0.22110000000247965,BACKFILL_AUTO
2026-07-12 09:07:40,1783847260,R_75,53812.8155,-1,9.364000000001397,BACKFILL_AUTO
2026-07-12 09:07:42,1783847262,R_75,53826.0294,1,13.213900000002468,BACKFILL_AUTO
2026-07-12 09:07:44,1783847264,R_75,53832.8957,1,6.866300000001502,BACKFILL_AUTO
2026-07-12 09:07:46,1783847266,R_75,53842.1836,1,9.287899999995716,BACKFILL_AUTO
2026-07-12 09:07:48,1783847268,R_75,53835.7846,-1,6.3989999999976135,BACKFILL_AUTO
2026-07-12 09:07:50,1783847270,R_75,53835.1566,-1,0.6279999999969732,BACKFILL_AUTO
2026-07-12 09:07:52,1783847272,R_75,53838.3417,1,3.1850999999951455,BACKFILL_AUTO
2026-07-12 09:07:54,1783847274,R_75,53835.0518,-1,3.2898999999961234,BACKFILL_AUTO
2026-07-12 09:07:56,1783847276,R_75,53826.0856,-1,8.966200000002573,BACKFILL_AUTO
2026-07-12 09:07:58,1783847278,R_75,53817.9113,-1,8.174299999998766,BACKFILL_AUTO
2026-07-12 09:08:00,1783847280,R_75,53816.2415,-1,1.6698000000033062,BACKFILL_AUTO
2026-07-12 09:08:02,1783847282,R_75,53821.7344,1,5.492900000004738,BACKFILL_AUTO
2026-07-12 09:08:04,1783847284,R_75,53793.6495,-1,28.084900000001653,BACKFILL_AUTO
2026-07-12 09:08:06,1783847286,R_75,53801.8523,1,8.202799999999115,BACKFILL_AUTO
2026-07-12 09:08:08,1783847288,R_75,53822.2274,1,20.37510000000475,BACKFILL_AUTO
2026-07-12 09:08:10,1783847290,R_75,53826.3581,1,4.130699999994249,BACKFILL_AUTO
2026-07-12 09:08:12,1783847292,R_75,53842.6594,1,16.301299999999173,BACKFILL_AUTO
2026-07-12 09:08:14,1783847294,R_75,53848.569,1,5.909600000006321,BACKFILL_AUTO
2026-07-12 09:08:16,1783847296,R_75,53837.6239,-1,10.945100000004459,BACKFILL_AUTO
2026-07-12 09:08:18,1783847298,R_75,53829.639,-1,7.984899999995832,BACKFILL_AUTO
2026-07-12 09:08:20,1783847300,R_75,53825.4426,-1,4.196400000000722,BACKFILL_AUTO
2026-07-12 09:08:22,1783847302,R_75,53820.7156,-1,4.726999999998952,BACKFILL_AUTO
2026-07-12 09:08:24,1783847304,R_75,53813.7324,-1,6.983200000002398,BACKFILL_AUTO
2026-07-12 09:08:26,1783847306,R_75,53816.2924,1,2.5599999999976717,BACKFILL_AUTO
2026-07-12 09:08:28,1783847308,R_75,53805.7701,-1,10.522299999996903,BACKFILL_AUTO
2026-07-12 09:08:30,1783847310,R_75,53800.2924,-1,5.477700000003097,BACKFILL_AUTO
2026-07-12 09:08:32,1783847312,R_75,53803.2863,1,2.993900000001304,BACKFILL_AUTO
2026-07-12 09:08:34,1783847314,R_75,53798.0172,-1,5.269099999997707,BACKFILL_AUTO
2026-07-12 09:08:36,1783847316,R_75,53807.1905,1,9.173299999994924,BACKFILL_AUTO
2026-07-12 09:08:38,1783847318,R_75,53813.2243,1,6.033800000004703,BACKFILL_AUTO
2026-07-12 09:08:40,1783847320,R_75,53820.8477,1,7.623399999996764,BACKFILL_AUTO
2026-07-12 09:08:42,1783847322,R_75,53813.8274,-1,7.020299999996496,BACKFILL_AUTO
2026-07-12 09:08:44,1783847324,R_75,53809.5721,-1,4.255300000004354,BACKFILL_AUTO
2026-07-12 09:08:46,1783847326,R_75,53819.4842,1,9.912100000001374,BACKFILL_AUTO
2026-07-12 09:08:48,1783847328,R_75,53827.0278,1,7.543600000004517,BACKFILL_AUTO
2026-07-12 09:08:50,1783847330,R_75,53813.6152,-1,13.412600000003295,BACKFILL_AUTO
2026-07-12 09:08:52,1783847332,R_75,53821.0161,1,7.400900000000547,BACKFILL_AUTO
2026-07-12 09:08:54,1783847334,R_75,53829.7937,1,8.777600000001257,BACKFILL_AUTO
2026-07-12 09:08:56,1783847336,R_75,53828.8826,-1,0.911100000004808,BACKFILL_AUTO
2026-07-12 09:08:58,1783847338,R_75,53840.7546,1,11.872000000003027,BACKFILL_AUTO
2026-07-12 09:09:00,1783847340,R_75,53838.2778,-1,2.4767999999967287,BACKFILL_AUTO
2026-07-12 09:09:02,1783847342,R_75,53834.7566,-1,3.521200000002864,BACKFILL_AUTO
2026-07-12 09:09:04,1783847344,R_75,53825.905,-1,8.851600000001781,BACKFILL_AUTO
2026-07-12 09:09:06,1783847346,R_75,53810.5771,-1,15.327899999996589,BACKFILL_AUTO
2026-07-12 09:09:08,1783847348,R_75,53825.6538,1,15.0766999999978,BACKFILL_AUTO
2026-07-12 09:09:10,1783847350,R_75,53821.1884,-1,4.465400000000955,BACKFILL_AUTO
2026-07-12 09:09:12,1783847352,R_75,53809.5449,-1,11.643499999998312,BACKFILL_AUTO
2026-07-12 09:09:14,1783847354,R_75,53802.4234,-1,7.121500000001106,BACKFILL_AUTO
2026-07-12 09:09:16,1783847356,R_75,53789.7838,-1,12.639600000002247,BACKFILL_AUTO
2026-07-12 09:09:18,1783847358,R_75,53787.1325,-1,2.6512999999977183,BACKFILL_AUTO
2026-07-12 09:09:20,1783847360,R_75,53807.4786,1,20.34610000000248,BACKFILL_AUTO
2026-07-12 09:09:22,1783847362,R_75,53818.1702,1,10.691599999998289,BACKFILL_AUTO
2026-07-12 09:09:24,1783847364,R_75,53822.6206,1,4.450400000001537,BACKFILL_AUTO
2026-07-12 09:09:26,1783847366,R_75,53833.6503,1,11.029699999999139,BACKFILL_AUTO
2026-07-12 09:09:28,1783847368,R_75,53850.3085,1,16.658199999998033,BACKFILL_AUTO
2026-07-12 09:09:30,1783847370,R_75,53852.5263,1,2.217799999998533,BACKFILL_AUTO
2026-07-12 09:09:32,1783847372,R_75,53855.8362,1,3.309900000000198,BACKFILL_AUTO
2026-07-12 09:09:34,1783847374,R_75,53845.2058,-1,10.630399999994552,BACKFILL_AUTO
2026-07-12 09:09:36,1783847376,R_75,53868.1901,1,22.984299999996438,BACKFILL_AUTO
2026-07-12 09:09:38,1783847378,R_75,53862.677,-1,5.513099999996484,BACKFILL_AUTO
2026-07-12 09:09:40,1783847380,R_75,53857.8116,-1,4.86540000000241,BACKFILL_AUTO
2026-07-12 09:09:42,1783847382,R_75,53850.5791,-1,7.232499999998254,BACKFILL_AUTO
2026-07-12 09:09:44,1783847384,R_75,53855.6826,1,5.103499999997439,BACKFILL_AUTO
2026-07-12 09:09:46,1783847386,R_75,53848.1474,-1,7.53519999999844,BACKFILL_AUTO
2026-07-12 09:09:48,1783847388,R_75,53847.8263,-1,0.32110000000102445,BACKFILL_AUTO
2026-07-12 09:09:50,1783847390,R_75,53838.5668,-1,9.259500000000116,BACKFILL_AUTO
2026-07-12 09:09:52,1783847392,R_75,53826.1757,-1,12.391100000000733,BACKFILL_AUTO
2026-07-12 09:09:54,1783847394,R_75,53822.3656,-1,3.8101000000024214,BACKFILL_AUTO
2026-07-12 09:09:56,1783847396,R_75,53816.9672,-1,5.398399999998219,BACKFILL_AUTO
2026-07-12 09:09:58,1783847398,R_75,53815.2563,-1,1.7108999999982188,BACKFILL_AUTO
2026-07-12 09:10:00,1783847400,R_75,53811.2,-1,4.05630000000383,BACKFILL_AUTO
2026-07-12 09:10:02,1783847402,R_75,53818.3413,1,7.141300000002957,BACKFILL_AUTO
2026-07-12 09:10:04,1783847404,R_75,53816.0227,-1,2.318599999998696,BACKFILL_AUTO
2026-07-12 09:10:06,1783847406,R_75,53817.796,1,1.773300000000745,BACKFILL_AUTO
2026-07-12 09:10:08,1783847408,R_75,53801.3005,-1,16.49550000000454,BACKFILL_AUTO
2026-07-12 09:10:10,1783847410,R_75,53796.1247,-1,5.175799999997253,BACKFILL_AUTO
2026-07-12 09:10:12,1783847412,R_75,53809.3529,1,13.228199999997742,BACKFILL_AUTO
2026-07-12 09:10:14,1783847414,R_75,53802.2617,-1,7.091199999995297,BACKFILL_AUTO
2026-07-12 09:10:16,1783847416,R_75,53797.874,-1,4.387699999999313,BACKFILL_AUTO
2026-07-12 09:10:18,1783847418,R_75,53794.708,-1,3.166000000004715,BACKFILL_AUTO
2026-07-12 09:10:20,1783847420,R_75,53791.3288,-1,3.3791999999957625,BACKFILL_AUTO
2026-07-12 09:10:22,1783847422,R_75,53800.0968,1,8.767999999996391,BACKFILL_AUTO
2026-07-12 09:10:24,1783847424,R_75,53809.7456,1,9.648800000002666,BACKFILL_AUTO
2026-07-12 09:10:26,1783847426,R_75,53822.6086,1,12.862999999997555,BACKFILL_AUTO
2026-07-12 09:10:28,1783847428,R_75,53828.1027,1,5.494100000003527,BACKFILL_AUTO
2026-07-12 09:10:30,1783847430,R_75,53842.1,1,13.997299999995448,BACKFILL_AUTO
2026-07-12 09:10:32,1783847432,R_75,53822.2106,-1,19.889400000000023,BACKFILL_AUTO
2026-07-12 09:10:34,1783847434,R_75,53808.5975,-1,13.613099999995029,BACKFILL_AUTO
2026-07-12 09:10:36,1783847436,R_75,53819.5821,1,10.984599999996135,BACKFILL_AUTO
2026-07-12 09:10:38,1783847438,R_75,53841.8226,1,22.240499999999884,BACKFILL_AUTO
2026-07-12 09:10:40,1783847440,R_75,53855.4778,1,13.65520000000106,BACKFILL_AUTO
2026-07-12 09:10:42,1783847442,R_75,53860.143,1,4.665199999995821,BACKFILL_AUTO
2026-07-12 09:10:44,1783847444,R_75,53851.1313,-1,9.011699999995471,BACKFILL_AUTO
2026-07-12 09:10:46,1783847446,R_75,53856.7143,1,5.582999999998719,BACKFILL_AUTO
2026-07-12 09:10:48,1783847448,R_75,53857.2013,1,0.48700000000098953,BACKFILL_AUTO
2026-07-12 09:10:50,1783847450,R_75,53857.8868,1,0.6854999999995925,BACKFILL_AUTO
2026-07-12 09:10:52,1783847452,R_75,53867.3211,1,9.434300000000803,BACKFILL_AUTO
2026-07-12 09:10:54,1783847454,R_75,53848.2635,-1,19.057600000000093,BACKFILL_AUTO
2026-07-12 09:10:56,1783847456,R_75,53828.1457,-1,20.11779999999999,BACKFILL_AUTO
2026-07-12 09:10:58,1783847458,R_75,53832.7648,1,4.619099999996251,BACKFILL_AUTO
2026-07-12 09:11:00,1783847460,R_75,53808.7872,-1,23.977599999998347,BACKFILL_AUTO
2026-07-12 09:11:02,1783847462,R_75,53809.5135,1,0.7263000000020838,BACKFILL_AUTO
2026-07-12 09:11:04,1783847464,R_75,53807.8964,-1,1.61710000000312,BACKFILL_AUTO
2026-07-12 09:11:06,1783847466,R_75,53793.7538,-1,14.14259999999922,BACKFILL_AUTO
2026-07-12 09:11:08,1783847468,R_75,53801.618,1,7.8642000000036205,BACKFILL_AUTO
2026-07-12 09:11:10,1783847470,R_75,53792.5444,-1,9.073600000003353,BACKFILL_AUTO
2026-07-12 09:11:12,1783847472,R_75,53798.592,1,6.047599999998056,BACKFILL_AUTO
2026-07-12 09:11:14,1783847474,R_75,53773.5447,-1,25.04729999999836,BACKFILL_AUTO
2026-07-12 09:11:16,1783847476,R_75,53779.3895,1,5.844799999998941,BACKFILL_AUTO
2026-07-12 09:11:18,1783847478,R_75,53796.5974,1,17.207900000001246,BACKFILL_AUTO
2026-07-12 09:11:20,1783847480,R_75,53787.5899,-1,9.007499999999709,BACKFILL_AUTO
2026-07-12 09:11:22,1783847482,R_75,53764.6211,-1,22.968800000002375,BACKFILL_AUTO
2026-07-12 09:11:24,1783847484,R_75,53760.1048,-1,4.516299999995681,BACKFILL_AUTO
2026-07-12 09:11:26,1783847486,R_75,53746.4898,-1,13.614999999997963,BACKFILL_AUTO
2026-07-12 09:11:28,1783847488,R_75,53733.5432,-1,12.946600000002945,BACKFILL_AUTO
2026-07-12 09:11:30,1783847490,R_75,53726.8246,-1,6.718600000000151,BACKFILL_AUTO
2026-07-12 09:11:32,1783847492,R_75,53735.0578,1,8.233200000002398,BACKFILL_AUTO
2026-07-12 09:11:34,1783847494,R_75,53719.2474,-1,15.810400000002119,BACKFILL_AUTO
2026-07-12 09:11:36,1783847496,R_75,53719.0336,-1,0.21379999999771826,BACKFILL_AUTO
2026-07-12 09:11:38,1783847498,R_75,53700.7305,-1,18.303100000004633,BACKFILL_AUTO
2026-07-12 09:11:40,1783847500,R_75,53709.2404,1,8.509900000004563,BACKFILL_AUTO
2026-07-12 09:11:42,1783847502,R_75,53702.0462,-1,7.194200000005367,BACKFILL_AUTO
2026-07-12 09:11:44,1783847504,R_75,53713.5026,1,11.456400000002759,BACKFILL_AUTO
2026-07-12 09:11:46,1783847506,R_75,53702.8418,-1,10.660799999997835,BACKFILL_AUTO
2026-07-12 09:11:48,1783847508,R_75,53721.7982,1,18.956399999995483,BACKFILL_AUTO
2026-07-12 09:11:50,1783847510,R_75,53719.1075,-1,2.6906999999991967,BACKFILL_AUTO
2026-07-12 09:11:52,1783847512,R_75,53722.3067,1,3.1992000000027474,BACKFILL_AUTO
2026-07-12 09:11:54,1783847514,R_75,53717.1725,-1,5.134200000000419,BACKFILL_AUTO
2026-07-12 09:11:56,1783847516,R_75,53709.049,-1,8.123500000001513,BACKFILL_AUTO
2026-07-12 09:11:58,1783847518,R_75,53722.8527,1,13.803700000004028,BACKFILL_AUTO
2026-07-12 09:12:00,1783847520,R_75,53704.6857,-1,18.16700000000128,BACKFILL_AUTO
2026-07-12 09:12:02,1783847522,R_75,53689.0771,-1,15.60859999999957,BACKFILL_AUTO
2026-07-12 09:12:04,1783847524,R_75,53704.0223,1,14.945199999994657,BACKFILL_AUTO
2026-07-12 09:12:06,1783847526,R_75,53690.4748,-1,13.547499999993306,BACKFILL_AUTO
2026-07-12 09:12:08,1783847528,R_75,53688.9921,-1,1.4827000000004773,BACKFILL_AUTO
2026-07-12 09:12:10,1783847530,R_75,53693.3861,1,4.394000000000233,BACKFILL_AUTO
2026-07-12 09:12:12,1783847532,R_75,53702.6693,1,9.283199999998033,BACKFILL_AUTO
2026-07-12 09:12:14,1783847534,R_75,53713.7531,1,11.083800000000338,BACKFILL_AUTO
2026-07-12 09:12:16,1783847536,R_75,53726.3553,1,12.602200000001176,BACKFILL_AUTO
2026-07-12 09:12:18,1783847538,R_75,53726.6842,1,0.32890000000043074,BACKFILL_AUTO
2026-07-12 09:12:20,1783847540,R_75,53730.678,1,3.993799999996554,BACKFILL_AUTO
2026-07-12 09:12:22,1783847542,R_75,53742.5625,1,11.884500000000116,BACKFILL_AUTO
2026-07-12 09:12:24,1783847544,R_75,53748.4276,1,5.8651000000027125,BACKFILL_AUTO
2026-07-12 09:12:26,1783847546,R_75,53754.4915,1,6.063899999993737,BACKFILL_AUTO
2026-07-12 09:12:28,1783847548,R_75,53754.5134,1,0.021900000007008202,BACKFILL_AUTO
2026-07-12 09:12:30,1783847550,R_75,53751.8056,-1,2.707800000003772,BACKFILL_AUTO
2026-07-12 09:12:32,1783847552,R_75,53741.9431,-1,9.86250000000291,BACKFILL_AUTO
2026-07-12 09:12:34,1783847554,R_75,53743.5366,1,1.5935000000026776,BACKFILL_AUTO
2026-07-12 09:12:36,1783847556,R_75,53743.8305,1,0.2938999999969383,BACKFILL_AUTO
2026-07-12 09:12:38,1783847558,R_75,53748.1352,1,4.304700000000594,BACKFILL_AUTO
2026-07-12 09:12:40,1783847560,R_75,53756.2083,1,8.073100000001432,BACKFILL_AUTO
2026-07-12 09:12:42,1783847562,R_75,53765.4602,1,9.251900000002934,BACKFILL_AUTO
2026-07-12 09:12:44,1783847564,R_75,53755.1369,-1,10.323300000003655,BACKFILL_AUTO
2026-07-12 09:12:46,1783847566,R_75,53749.3943,-1,5.742599999997765,BACKFILL_AUTO
2026-07-12 09:12:48,1783847568,R_75,53763.0219,1,13.627599999999802,BACKFILL_AUTO
2026-07-12 09:12:50,1783847570,R_75,53776.0234,1,13.001499999998487,BACKFILL_AUTO
2026-07-12 09:12:52,1783847572,R_75,53792.4407,1,16.417300000000978,BACKFILL_AUTO
2026-07-12 09:12:54,1783847574,R_75,53791.3375,-1,1.1031999999977415,BACKFILL_AUTO
2026-07-12 09:12:56,1783847576,R_75,53809.7282,1,18.390699999996286,BACKFILL_AUTO
2026-07-12 09:12:58,1783847578,R_75,53818.5002,1,8.772000000004482,BACKFILL_AUTO
2026-07-12 09:13:00,1783847580,R_75,53810.8989,-1,7.601300000002084,BACKFILL_AUTO
2026-07-12 09:13:02,1783847582,R_75,53800.9577,-1,9.941200000001118,BACKFILL_AUTO
2026-07-12 09:13:04,1783847584,R_75,53812.3065,1,11.348799999999756,BACKFILL_AUTO
2026-07-12 09:13:06,1783847586,R_75,53806.8534,-1,5.453099999998813,BACKFILL_AUTO
2026-07-12 09:13:08,1783847588,R_75,53809.6136,1,2.760199999996985,BACKFILL_AUTO
2026-07-12 09:13:10,1783847590,R_75,53791.5671,-1,18.04649999999674,BACKFILL_AUTO
2026-07-12 09:13:12,1783847592,R_75,53805.0331,1,13.46600000000035,BACKFILL_AUTO
2026-07-12 09:13:14,1783847594,R_75,53793.0213,-1,12.011800000000221,BACKFILL_AUTO
2026-07-12 09:13:16,1783847596,R_75,53776.8811,-1,16.14020000000164,BACKFILL_AUTO
2026-07-12 09:13:18,1783847598,R_75,53787.155,1,10.27390000000014,BACKFILL_AUTO
2026-07-12 09:13:20,1783847600,R_75,53779.54,-1,7.614999999997963,BACKFILL_AUTO
2026-07-12 09:13:22,1783847602,R_75,53783.8775,1,4.337500000001455,BACKFILL_AUTO
2026-07-12 09:13:24,1783847604,R_75,53786.1851,1,2.307600000000093,BACKFILL_AUTO
2026-07-12 09:13:26,1783847606,R_75,53776.8537,-1,9.331400000002759,BACKFILL_AUTO
2026-07-12 09:13:28,1783847608,R_75,53786.808,1,9.954299999997602,BACKFILL_AUTO
2026-07-12 09:13:30,1783847610,R_75,53795.0341,1,8.22609999999986,BACKFILL_AUTO
2026-07-12 09:13:32,1783847612,R_75,53784.8977,-1,10.136399999995774,BACKFILL_AUTO
2026-07-12 09:13:34,1783847614,R_75,53797.1054,1,12.207699999999022,BACKFILL_AUTO
2026-07-12 09:13:36,1783847616,R_75,53785.8384,-1,11.266999999999825,BACKFILL_AUTO
2026-07-12 09:13:38,1783847618,R_75,53795.8253,1,9.98689999999624,BACKFILL_AUTO
2026-07-12 09:13:40,1783847620,R_75,53802.2741,1,6.448800000005576,BACKFILL_AUTO
2026-07-12 09:13:42,1783847622,R_75,53799.3468,-1,2.927300000003015,BACKFILL_AUTO
2026-07-12 09:13:44,1783847624,R_75,53796.761,-1,2.585800000000745,BACKFILL_AUTO
2026-07-12 09:13:46,1783847626,R_75,53800.9686,1,4.207600000001548,BACKFILL_AUTO
2026-07-12 09:13:48,1783847628,R_75,53799.4345,-1,1.5340999999971245,BACKFILL_AUTO
2026-07-12 09:13:50,1783847630,R_75,53789.8928,-1,9.541700000001583,BACKFILL_AUTO
2026-07-12 09:13:52,1783847632,R_75,53804.717,1,14.824199999995471,BACKFILL_AUTO
2026-07-12 09:13:54,1783847634,R_75,53806.9917,1,2.274700000001758,BACKFILL_AUTO
2026-07-12 09:13:56,1783847636,R_75,53808.685,1,1.6932999999989988,BACKFILL_AUTO
2026-07-12 09:13:58,1783847638,R_75,53816.4002,1,7.715199999998731,BACKFILL_AUTO
2026-07-12 09:14:00,1783847640,R_75,53812.2765,-1,4.123699999996461,BACKFILL_AUTO
2026-07-12 09:14:02,1783847642,R_75,53809.9609,-1,2.315600000001723,BACKFILL_AUTO
2026-07-12 09:14:04,1783847644,R_75,53816.2846,1,6.3237000000008265,BACKFILL_AUTO
2026-07-12 09:14:06,1783847646,R_75,53811.06,-1,5.224600000001374,BACKFILL_AUTO
2026-07-12 09:14:08,1783847648,R_75,53830.8811,1,19.821100000001024,BACKFILL_AUTO
2026-07-12 09:14:10,1783847650,R_75,53822.7124,-1,8.16870000000199,BACKFILL_AUTO
2026-07-12 09:14:12,1783847652,R_75,53807.0485,-1,15.663899999999558,BACKFILL_AUTO
2026-07-12 09:14:14,1783847654,R_75,53808.8242,1,1.7757000000055996,BACKFILL_AUTO
2026-07-12 09:14:16,1783847656,R_75,53803.1943,-1,5.629899999999907,BACKFILL_AUTO
2026-07-12 09:14:18,1783847658,R_75,53786.4202,-1,16.774100000002363,BACKFILL_AUTO
2026-07-12 09:14:20,1783847660,R_75,53820.4575,1,34.03729999999632,BACKFILL_AUTO
2026-07-12 09:14:22,1783847662,R_75,53828.9506,1,8.493099999999686,BACKFILL_AUTO
2026-07-12 09:14:24,1783847664,R_75,53834.0807,1,5.13010000000213,BACKFILL_AUTO
2026-07-12 09:14:26,1783847666,R_75,53824.4208,-1,9.659899999998743,BACKFILL_AUTO
2026-07-12 09:14:28,1783847668,R_75,53810.1701,-1,14.250699999996868,BACKFILL_AUTO
2026-07-12 09:14:30,1783847670,R_75,53807.111,-1,3.0591000000058557,BACKFILL_AUTO
2026-07-12 09:14:32,1783847672,R_75,53802.2501,-1,4.860899999999674,BACKFILL_AUTO
2026-07-12 09:14:34,1783847674,R_75,53792.7465,-1,9.503599999996368,BACKFILL_AUTO
2026-07-12 09:14:36,1783847676,R_75,53781.5901,-1,11.156399999999849,BACKFILL_AUTO
2026-07-12 09:14:38,1783847678,R_75,53788.3386,1,6.748500000001513,BACKFILL_AUTO
2026-07-12 09:14:40,1783847680,R_75,53791.9593,1,3.6206999999994878,BACKFILL_AUTO
2026-07-12 09:14:42,1783847682,R_75,53785.8874,-1,6.071900000002643,BACKFILL_AUTO
2026-07-12 09:14:44,1783847684,R_75,53788.8289,1,2.941500000000815,BACKFILL_AUTO
2026-07-12 09:14:46,1783847686,R_75,53794.2446,1,5.4156999999977415,BACKFILL_AUTO
2026-07-12 09:14:48,1783847688,R_75,53797.9409,1,3.696300000003248,BACKFILL_AUTO
2026-07-12 09:14:50,1783847690,R_75,53787.2625,-1,10.67840000000433,BACKFILL_AUTO
2026-07-12 09:14:52,1783847692,R_75,53775.037,-1,12.225500000000466,BACKFILL_AUTO
2026-07-12 09:14:54,1783847694,R_75,53789.7701,1,14.733100000004924,BACKFILL_AUTO
2026-07-12 09:14:56,1783847696,R_75,53789.2447,-1,0.5253999999986263,BACKFILL_AUTO
2026-07-12 09:14:58,1783847698,R_75,53788.9735,-1,0.2712000000028638,BACKFILL_AUTO
2026-07-12 09:15:00,1783847700,R_75,53792.7946,1,3.8211000000010245,BACKFILL_AUTO
2026-07-12 09:15:02,1783847702,R_75,53781.1203,-1,11.674299999998766,BACKFILL_AUTO
2026-07-12 09:15:04,1783847704,R_75,53767.6308,-1,13.489500000003318,BACKFILL_AUTO
2026-07-12 09:15:06,1783847706,R_75,53773.5643,1,5.933499999999185,BACKFILL_AUTO
2026-07-12 09:15:08,1783847708,R_75,53793.4612,1,19.896899999999732,BACKFILL_AUTO
2026-07-12 09:15:10,1783847710,R_75,53788.3254,-1,5.1357999999963795,BACKFILL_AUTO
2026-07-12 09:15:12,1783847712,R_75,53776.893,-1,11.432400000005146,BACKFILL_AUTO
2026-07-12 09:15:14,1783847714,R_75,53778.631,1,1.7380000000048312,BACKFILL_AUTO
2026-07-12 09:15:16,1783847716,R_75,53776.6717,-1,1.9593000000022585,BACKFILL_AUTO
2026-07-12 09:15:18,1783847718,R_75,53770.1662,-1,6.5054999999993015,BACKFILL_AUTO
2026-07-12 09:15:20,1783847720,R_75,53774.8852,1,4.7189999999973224,BACKFILL_AUTO
2026-07-12 09:15:22,1783847722,R_75,53789.0648,1,14.17960000000312,BACKFILL_AUTO
2026-07-12 09:15:24,1783847724,R_75,53813.729,1,24.664199999999255,BACKFILL_AUTO
2026-07-12 09:15:26,1783847726,R_75,53823.4839,1,9.754899999999907,BACKFILL_AUTO
2026-07-12 09:15:28,1783847728,R_75,53837.5986,1,14.114699999998265,BACKFILL_AUTO
2026-07-12 09:15:30,1783847730,R_75,53825.9584,-1,11.640199999994365,BACKFILL_AUTO
2026-07-12 09:15:32,1783847732,R_75,53846.3115,1,20.353100000000268,BACKFILL_AUTO
2026-07-12 09:15:34,1783847734,R_75,53834.8202,-1,11.491300000001502,BACKFILL_AUTO
2026-07-12 09:15:36,1783847736,R_75,53845.8721,1,11.051899999998568,BACKFILL_AUTO
2026-07-12 09:15:38,1783847738,R_75,53846.2663,1,0.39420000000245636,BACKFILL_AUTO
2026-07-12 09:15:40,1783847740,R_75,53860.1281,1,13.861799999998766,BACKFILL_AUTO
2026-07-12 09:15:42,1783847742,R_75,53851.7567,-1,8.371400000003632,BACKFILL_AUTO
2026-07-12 09:15:44,1783847744,R_75,53853.2428,1,1.4861000000018976,BACKFILL_AUTO
2026-07-12 09:15:46,1783847746,R_75,53857.6681,1,4.425300000002608,BACKFILL_AUTO
2026-07-12 09:15:48,1783847748,R_75,53853.5437,-1,4.124400000000605,BACKFILL_AUTO
2026-07-12 09:15:50,1783847750,R_75,53869.2159,1,15.672200000000885,BACKFILL_AUTO
2026-07-12 09:15:52,1783847752,R_75,53871.2055,1,1.9895999999935157,BACKFILL_AUTO
2026-07-12 09:15:54,1783847754,R_75,53885.0167,1,13.811200000003737,BACKFILL_AUTO
2026-07-12 09:15:56,1783847756,R_75,53889.0764,1,4.059699999997974,BACKFILL_AUTO
2026-07-12 09:15:58,1783847758,R_75,53894.02,1,4.943599999998696,BACKFILL_AUTO
2026-07-12 09:16:00,1783847760,R_75,53893.4912,-1,0.5288000000000466,BACKFILL_AUTO
2026-07-12 09:16:02,1783847762,R_75,53895.3277,1,1.8365000000048894,BACKFILL_AUTO
2026-07-12 09:16:04,1783847764,R_75,53878.1479,-1,17.179799999998068,BACKFILL_AUTO
2026-07-12 09:16:06,1783847766,R_75,53874.5131,-1,3.6348000000070897,BACKFILL_AUTO
2026-07-12 09:16:08,1783847768,R_75,53863.0441,-1,11.468999999997322,BACKFILL_AUTO
2026-07-12 09:16:10,1783847770,R_75,53852.1339,-1,10.91019999999844,BACKFILL_AUTO
2026-07-12 09:16:12,1783847772,R_75,53847.3116,-1,4.822299999999814,BACKFILL_AUTO
2026-07-12 09:16:14,1783847774,R_75,53854.8564,1,7.54479999999603,BACKFILL_AUTO
2026-07-12 09:16:16,1783847776,R_75,53845.669,-1,9.18739999999525,BACKFILL_AUTO
2026-07-12 09:16:18,1783847778,R_75,53844.9364,-1,0.7326000000030035,BACKFILL_AUTO
2026-07-12 09:16:20,1783847780,R_75,53840.4145,-1,4.521899999999732,BACKFILL_AUTO
2026-07-12 09:16:22,1783847782,R_75,53841.0785,1,0.6640000000043074,BACKFILL_AUTO
2026-07-12 09:16:24,1783847784,R_75,53835.4778,-1,5.600700000002689,BACKFILL_AUTO
2026-07-12 09:16:26,1783847786,R_75,53850.2936,1,14.81579999999667,BACKFILL_AUTO
2026-07-12 09:16:28,1783847788,R_75,53860.3726,1,10.07900000000518,BACKFILL_AUTO
2026-07-12 09:16:30,1783847790,R_75,53878.9146,1,18.541999999994005,BACKFILL_AUTO
2026-07-12 09:16:32,1783847792,R_75,53877.8866,-1,1.0279999999984284,BACKFILL_AUTO
2026-07-12 09:16:34,1783847794,R_75,53882.9379,1,5.0512999999991735,BACKFILL_AUTO
2026-07-12 09:16:36,1783847796,R_75,53875.6443,-1,7.293599999997241,BACKFILL_AUTO
2026-07-12 09:16:38,1783847798,R_75,53861.6065,-1,14.037799999998242,BACKFILL_AUTO
2026-07-12 09:16:40,1783847800,R_75,53877.6275,1,16.02100000000064,BACKFILL_AUTO
2026-07-12 09:16:42,1783847802,R_75,53863.7999,-1,13.827600000004168,BACKFILL_AUTO
2026-07-12 09:16:44,1783847804,R_75,53871.3308,1,7.530900000005204,BACKFILL_AUTO
2026-07-12 09:16:46,1783847806,R_75,53859.8811,-1,11.449700000004668,BACKFILL_AUTO
2026-07-12 09:16:48,1783847808,R_75,53854.8094,-1,5.071700000000419,BACKFILL_AUTO
2026-07-12 09:16:50,1783847810,R_75,53855.0696,1,0.2602000000042608,BACKFILL_AUTO
2026-07-12 09:16:52,1783847812,R_75,53849.6372,-1,5.432400000005146,BACKFILL_AUTO
2026-07-12 09:16:54,1783847814,R_75,53849.7973,1,0.16010000000096625,BACKFILL_AUTO
2026-07-12 09:16:56,1783847816,R_75,53857.726,1,7.928700000004028,BACKFILL_AUTO
2026-07-12 09:16:58,1783847818,R_75,53858.3818,1,0.655800000000454,BACKFILL_AUTO
2026-07-12 09:17:00,1783847820,R_75,53858.2404,-1,0.14140000000043074,BACKFILL_AUTO
2026-07-12 09:17:02,1783847822,R_75,53863.1156,1,4.875199999994948,BACKFILL_AUTO
2026-07-12 09:17:04,1783847824,R_75,53860.441,-1,2.6745999999984633,BACKFILL_AUTO
2026-07-12 09:17:06,1783847826,R_75,53860.5089,1,0.06790000000182772,BACKFILL_AUTO
2026-07-12 09:17:08,1783847828,R_75,53862.5554,1,2.0464999999967404,BACKFILL_AUTO
2026-07-12 09:17:10,1783847830,R_75,53858.1036,-1,4.4517999999952735,BACKFILL_AUTO
2026-07-12 09:17:12,1783847832,R_75,53862.1874,1,4.083800000000338,BACKFILL_AUTO
2026-07-12 09:17:14,1783847834,R_75,53873.8015,1,11.61409999999887,BACKFILL_AUTO
2026-07-12 09:17:16,1783847836,R_75,53878.4657,1,4.664199999999255,BACKFILL_AUTO
2026-07-12 09:17:18,1783847838,R_75,53872.5787,-1,5.887000000002445,BACKFILL_AUTO
2026-07-12 09:17:20,1783847840,R_75,53877.4825,1,4.903800000000047,BACKFILL_AUTO
2026-07-12 09:17:22,1783847842,R_75,53865.241,-1,12.24149999999645,BACKFILL_AUTO
2026-07-12 09:17:24,1783847844,R_75,53868.2998,1,3.0587999999988824,BACKFILL_AUTO
2026-07-12 09:17:26,1783847846,R_75,53875.4525,1,7.152699999998731,BACKFILL_AUTO
2026-07-12 09:17:28,1783847848,R_75,53870.4735,-1,4.97899999999936,BACKFILL_AUTO
2026-07-12 09:17:30,1783847850,R_75,53860.3871,-1,10.08640000000014,BACKFILL_AUTO
2026-07-12 09:17:32,1783847852,R_75,53867.3086,1,6.92149999999674,BACKFILL_AUTO
2026-07-12 09:17:34,1783847854,R_75,53873.6573,1,6.348700000002282,BACKFILL_AUTO
2026-07-12 09:17:36,1783847856,R_75,53871.7837,-1,1.8735999999989872,BACKFILL_AUTO
2026-07-12 09:17:38,1783847858,R_75,53866.7234,-1,5.060299999997369,BACKFILL_AUTO
2026-07-12 09:17:40,1783847860,R_75,53870.7947,1,4.071299999995972,BACKFILL_AUTO
2026-07-12 09:17:42,1783847862,R_75,53874.3256,1,3.530899999997928,BACKFILL_AUTO
2026-07-12 09:17:44,1783847864,R_75,53881.6534,1,7.327800000006391,BACKFILL_AUTO
2026-07-12 09:17:46,1783847866,R_75,53871.9939,-1,9.659500000001572,BACKFILL_AUTO
2026-07-12 09:17:48,1783847868,R_75,53867.5492,-1,4.444700000000012,BACKFILL_AUTO
2026-07-12 09:17:50,1783847870,R_75,53877.6285,1,10.079299999997602,BACKFILL_AUTO
2026-07-12 09:17:52,1783847872,R_75,53866.8482,-1,10.780299999998533,BACKFILL_AUTO
2026-07-12 09:17:54,1783847874,R_75,53856.4306,-1,10.417600000000675,BACKFILL_AUTO
2026-07-12 09:17:56,1783847876,R_75,53866.3119,1,9.88130000000092,BACKFILL_AUTO
2026-07-12 09:17:58,1783847878,R_75,53873.4906,1,7.178699999996752,BACKFILL_AUTO
2026-07-12 09:18:00,1783847880,R_75,53860.7772,-1,12.713400000000547,BACKFILL_AUTO
2026-07-12 09:18:02,1783847882,R_75,53871.9536,1,11.176400000003923,BACKFILL_AUTO
2026-07-12 09:18:04,1783847884,R_75,53871.2798,-1,0.6738000000041211,BACKFILL_AUTO
2026-07-12 09:18:06,1783847886,R_75,53854.1005,-1,17.179299999996147,BACKFILL_AUTO
2026-07-12 09:18:08,1783847888,R_75,53856.6283,1,2.527799999996205,BACKFILL_AUTO
2026-07-12 09:18:10,1783847890,R_75,53840.694,-1,15.934299999993527,BACKFILL_AUTO
2026-07-12 09:18:12,1783847892,R_75,53848.3206,1,7.62659999999596,BACKFILL_AUTO
2026-07-12 09:18:14,1783847894,R_75,53853.9852,1,5.664600000003702,BACKFILL_AUTO
2026-07-12 09:18:16,1783847896,R_75,53840.8588,-1,13.126400000001013,BACKFILL_AUTO
2026-07-12 09:18:18,1783847898,R_75,53854.0622,1,13.20339999999851,BACKFILL_AUTO
2026-07-12 09:18:20,1783847900,R_75,53861.3125,1,7.250299999999697,BACKFILL_AUTO
2026-07-12 09:18:22,1783847902,R_75,53874.0181,1,12.70560000000114,BACKFILL_AUTO
2026-07-12 09:18:24,1783847904,R_75,53875.2375,1,1.2194000000017695,BACKFILL_AUTO
2026-07-12 09:18:26,1783847906,R_75,53874.3017,-1,0.9357999999992899,BACKFILL_AUTO
2026-07-12 09:18:28,1783847908,R_75,53867.9182,-1,6.383500000003551,BACKFILL_AUTO
2026-07-12 09:18:30,1783847910,R_75,53877.9966,1,10.07839999999851,BACKFILL_AUTO
2026-07-12 09:18:32,1783847912,R_75,53878.0933,1,0.09670000000187429,BACKFILL_AUTO
2026-07-12 09:18:34,1783847914,R_75,53863.7765,-1,14.316800000000512,BACKFILL_AUTO
2026-07-12 09:18:36,1783847916,R_75,53861.2716,-1,2.504899999999907,BACKFILL_AUTO
2026-07-12 09:18:38,1783847918,R_75,53850.6135,-1,10.658100000000559,BACKFILL_AUTO
2026-07-12 09:18:40,1783847920,R_75,53838.9657,-1,11.647799999998824,BACKFILL_AUTO
2026-07-12 09:18:42,1783847922,R_75,53825.3371,-1,13.628600000003644,BACKFILL_AUTO
2026-07-12 09:18:44,1783847924,R_75,53843.4958,1,18.158699999999953,BACKFILL_AUTO
2026-07-12 09:18:46,1783847926,R_75,53842.5612,-1,0.9346000000005006,BACKFILL_AUTO
2026-07-12 09:18:48,1783847928,R_75,53849.3275,1,6.766300000002957,BACKFILL_AUTO
2026-07-12 09:18:50,1783847930,R_75,53828.5834,-1,20.74409999999625,BACKFILL_AUTO
2026-07-12 09:18:52,1783847932,R_75,53802.9406,-1,25.642800000001444,BACKFILL_AUTO
2026-07-12 09:18:54,1783847934,R_75,53798.4729,-1,4.467700000001059,BACKFILL_AUTO
2026-07-12 09:18:56,1783847936,R_75,53792.1776,-1,6.295299999997951,BACKFILL_AUTO
2026-07-12 09:18:58,1783847938,R_75,53779.6761,-1,12.501500000005763,BACKFILL_AUTO
2026-07-12 09:19:00,1783847940,R_75,53781.725,1,2.048900000001595,BACKFILL_AUTO
2026-07-12 09:19:02,1783847942,R_75,53784.0362,1,2.311200000003737,BACKFILL_AUTO
2026-07-12 09:19:04,1783847944,R_75,53773.7312,-1,10.305000000000291,BACKFILL_AUTO
2026-07-12 09:19:06,1783847946,R_75,53758.2145,-1,15.516700000000128,BACKFILL_AUTO
2026-07-12 09:19:08,1783847948,R_75,53740.4616,-1,17.7528999999995,BACKFILL_AUTO
2026-07-12 09:19:10,1783847950,R_75,53737.1074,-1,3.3542000000015832,BACKFILL_AUTO
2026-07-12 09:19:12,1783847952,R_75,53749.0316,1,11.924200000001292,BACKFILL_AUTO
2026-07-12 09:19:14,1783847954,R_75,53738.4896,-1,10.54200000000128,BACKFILL_AUTO
2026-07-12 09:19:16,1783847956,R_75,53736.5358,-1,1.953800000002957,BACKFILL_AUTO
2026-07-12 09:19:18,1783847958,R_75,53738.3526,1,1.8168000000005122,BACKFILL_AUTO
2026-07-12 09:19:20,1783847960,R_75,53749.9635,1,11.610899999999674,BACKFILL_AUTO
2026-07-12 09:19:22,1783847962,R_75,53765.2587,1,15.295200000000477,BACKFILL_AUTO
2026-07-12 09:19:24,1783847964,R_75,53760.1958,-1,5.062899999997171,BACKFILL_AUTO
2026-07-12 09:19:26,1783847966,R_75,53762.2192,1,2.023399999998219,BACKFILL_AUTO
2026-07-12 09:19:28,1783847968,R_75,53755.4242,-1,6.794999999998254,BACKFILL_AUTO
2026-07-12 09:19:30,1783847970,R_75,53746.6881,-1,8.736100000001898,BACKFILL_AUTO
2026-07-12 09:19:32,1783847972,R_75,53735.4205,-1,11.26759999999922,BACKFILL_AUTO
2026-07-12 09:19:34,1783847974,R_75,53726.7131,-1,8.707399999999325,BACKFILL_AUTO
2026-07-12 09:19:36,1783847976,R_75,53730.7151,1,4.0020000000004075,BACKFILL_AUTO
2026-07-12 09:19:38,1783847978,R_75,53738.8304,1,8.11529999999766,BACKFILL_AUTO
2026-07-12 09:19:40,1783847980,R_75,53749.5338,1,10.70339999999851,BACKFILL_AUTO
2026-07-12 09:19:42,1783847982,R_75,53759.378,1,9.844199999999546,BACKFILL_AUTO
2026-07-12 09:19:44,1783847984,R_75,53768.0912,1,8.7132000000056,BACKFILL_AUTO
2026-07-12 09:19:46,1783847986,R_75,53763.9578,-1,4.133400000006077,BACKFILL_AUTO
2026-07-12 09:19:48,1783847988,R_75,53775.5373,1,11.579500000007101,BACKFILL_AUTO
2026-07-12 09:19:50,1783847990,R_75,53756.849,-1,18.688300000001618,BACKFILL_AUTO
2026-07-12 09:19:52,1783847992,R_75,53740.0055,-1,16.843500000002678,BACKFILL_AUTO
2026-07-12 09:19:54,1783847994,R_75,53745.5638,1,5.5583000000042375,BACKFILL_AUTO
2026-07-12 09:19:56,1783847996,R_75,53772.0217,1,26.45789999999397,BACKFILL_AUTO
2026-07-12 09:19:58,1783847998,R_75,53761.0915,-1,10.930199999995239,BACKFILL_AUTO
2026-07-12 09:20:00,1783848000,R_75,53735.781,-1,25.310499999999593,BACKFILL_AUTO
2026-07-12 09:20:02,1783848002,R_75,53720.4885,-1,15.292500000003201,BACKFILL_AUTO
2026-07-12 09:20:04,1783848004,R_75,53717.4971,-1,2.9913999999989755,BACKFILL_AUTO
2026-07-12 09:20:06,1783848006,R_75,53723.0157,1,5.518600000003062,BACKFILL_AUTO
2026-07-12 09:20:08,1783848008,R_75,53726.9927,1,3.9769999999989523,BACKFILL_AUTO
2026-07-12 09:20:10,1783848010,R_75,53712.8902,-1,14.102500000000873,BACKFILL_AUTO
2026-07-12 09:20:12,1783848012,R_75,53717.1415,1,4.251299999996263,BACKFILL_AUTO
2026-07-12 09:20:14,1783848014,R_75,53721.8729,1,4.731400000004214,BACKFILL_AUTO
2026-07-12 09:20:16,1783848016,R_75,53727.2243,1,5.351399999999558,BACKFILL_AUTO
2026-07-12 09:20:18,1783848018,R_75,53729.3945,1,2.1702000000004773,BACKFILL_AUTO
2026-07-12 09:20:20,1783848020,R_75,53743.4446,1,14.050100000000384,BACKFILL_AUTO
2026-07-12 09:20:22,1783848022,R_75,53747.9513,1,4.506699999998091,BACKFILL_AUTO
2026-07-12 09:20:24,1783848024,R_75,53734.1358,-1,13.81550000000425,BACKFILL_AUTO
2026-07-12 09:20:26,1783848026,R_75,53729.467,-1,4.6687999999994645,BACKFILL_AUTO
2026-07-12 09:20:28,1783848028,R_75,53733.9478,1,4.48080000000482,BACKFILL_AUTO
2026-07-12 09:20:30,1783848030,R_75,53734.9792,1,1.0313999999998487,BACKFILL_AUTO
2026-07-12 09:20:32,1783848032,R_75,53737.5249,1,2.545699999995122,BACKFILL_AUTO
2026-07-12 09:20:34,1783848034,R_75,53737.7944,1,0.2695000000021537,BACKFILL_AUTO
2026-07-12 09:20:36,1783848036,R_75,53739.8516,1,2.057200000002922,BACKFILL_AUTO
2026-07-12 09:20:38,1783848038,R_75,53726.8863,-1,12.96530000000348,BACKFILL_AUTO
2026-07-12 09:20:40,1783848040,R_75,53731.0351,1,4.148800000002666,BACKFILL_AUTO
2026-07-12 09:20:42,1783848042,R_75,53728.7485,-1,2.286599999999453,BACKFILL_AUTO
2026-07-12 09:20:44,1783848044,R_75,53728.8226,1,0.07409999999799766,BACKFILL_AUTO
2026-07-12 09:20:46,1783848046,R_75,53711.5026,-1,17.31999999999971,BACKFILL_AUTO
2026-07-12 09:20:48,1783848048,R_75,53689.309,-1,22.193599999998696,BACKFILL_AUTO
2026-07-12 09:20:50,1783848050,R_75,53677.1896,-1,12.119400000003225,BACKFILL_AUTO
2026-07-12 09:20:52,1783848052,R_75,53676.1472,-1,1.0423999999984517,BACKFILL_AUTO
2026-07-12 09:20:54,1783848054,R_75,53694.5682,1,18.421000000002095,BACKFILL_AUTO
2026-07-12 09:20:56,1783848056,R_75,53694.9247,1,0.356500000001688,BACKFILL_AUTO
2026-07-12 09:20:58,1783848058,R_75,53694.1292,-1,0.7955000000001746,BACKFILL_AUTO
2026-07-12 09:21:00,1783848060,R_75,53698.9985,1,4.869299999998475,BACKFILL_AUTO
2026-07-12 09:21:02,1783848062,R_75,53716.0691,1,17.070599999999104,BACKFILL_AUTO
2026-07-12 09:21:04,1783848064,R_75,53716.1988,1,0.12969999999768334,BACKFILL_AUTO
2026-07-12 09:21:06,1783848066,R_75,53712.5674,-1,3.6313999999983935,BACKFILL_AUTO
2026-07-12 09:21:08,1783848068,R_75,53716.7156,1,4.148200000003271,BACKFILL_AUTO
2026-07-12 09:21:10,1783848070,R_75,53717.2684,1,0.55279999999766,BACKFILL_AUTO
2026-07-12 09:21:12,1783848072,R_75,53736.5113,1,19.242899999997462,BACKFILL_AUTO
2026-07-12 09:21:14,1783848074,R_75,53733.8702,-1,2.6411000000007334,BACKFILL_AUTO
2026-07-12 09:21:16,1783848076,R_75,53733.1939,-1,0.6762999999991735,BACKFILL_AUTO
2026-07-12 09:21:18,1783848078,R_75,53728.4627,-1,4.731200000001991,BACKFILL_AUTO
2026-07-12 09:21:20,1783848080,R_75,53728.8309,1,0.3682000000044354,BACKFILL_AUTO
2026-07-12 09:21:22,1783848082,R_75,53727.7484,-1,1.0825000000040745,BACKFILL_AUTO
2026-07-12 09:21:24,1783848084,R_75,53722.3031,-1,5.445299999999406,BACKFILL_AUTO
2026-07-12 09:21:26,1783848086,R_75,53723.0697,1,0.7666000000026543,BACKFILL_AUTO
2026-07-12 09:21:28,1783848088,R_75,53728.6952,1,5.625500000001921,BACKFILL_AUTO
2026-07-12 09:21:30,1783848090,R_75,53734.6041,1,5.908899999994901,BACKFILL_AUTO
2026-07-12 09:21:32,1783848092,R_75,53732.6369,-1,1.9671999999991385,BACKFILL_AUTO
2026-07-12 09:21:34,1783848094,R_75,53741.8178,1,9.180899999999383,BACKFILL_AUTO
2026-07-12 09:21:36,1783848096,R_75,53750.2865,1,8.468700000004901,BACKFILL_AUTO
2026-07-12 09:21:38,1783848098,R_75,53737.6497,-1,12.636800000000221,BACKFILL_AUTO
2026-07-12 09:21:40,1783848100,R_75,53737.6079,-1,0.041799999999057036,BACKFILL_AUTO
2026-07-12 09:21:42,1783848102,R_75,53733.6415,-1,3.9664000000047963,BACKFILL_AUTO
2026-07-12 09:21:44,1783848104,R_75,53747.7698,1,14.128300000003946,BACKFILL_AUTO
2026-07-12 09:21:46,1783848106,R_75,53737.8236,-1,9.946199999998498,BACKFILL_AUTO
2026-07-12 09:21:48,1783848108,R_75,53737.3523,-1,0.4713000000047032,BACKFILL_AUTO
2026-07-12 09:21:50,1783848110,R_75,53751.1637,1,13.811399999998685,BACKFILL_AUTO
2026-07-12 09:21:52,1783848112,R_75,53772.2599,1,21.096199999999953,BACKFILL_AUTO
2026-07-12 09:21:54,1783848114,R_75,53769.8103,-1,2.4495999999999185,BACKFILL_AUTO
2026-07-12 09:21:56,1783848116,R_75,53767.2204,-1,2.5898999999990338,BACKFILL_AUTO
2026-07-12 09:21:58,1783848118,R_75,53756.5663,-1,10.654099999999744,BACKFILL_AUTO
2026-07-12 09:22:00,1783848120,R_75,53748.2695,-1,8.296799999996438,BACKFILL_AUTO
2026-07-12 09:22:02,1783848122,R_75,53755.11,1,6.840499999998428,BACKFILL_AUTO
2026-07-12 09:22:04,1783848124,R_75,53759.7081,1,4.598100000002887,BACKFILL_AUTO
2026-07-12 09:22:06,1783848126,R_75,53761.7842,1,2.076099999998405,BACKFILL_AUTO
2026-07-12 09:22:08,1783848128,R_75,53741.3168,-1,20.467400000001362,BACKFILL_AUTO
2026-07-12 09:22:10,1783848130,R_75,53730.6866,-1,10.630199999999604,BACKFILL_AUTO
2026-07-12 09:22:12,1783848132,R_75,53719.5618,-1,11.124799999997776,BACKFILL_AUTO
2026-07-12 09:22:14,1783848134,R_75,53716.8058,-1,2.7560000000012224,BACKFILL_AUTO
2026-07-12 09:22:16,1783848136,R_75,53716.7092,-1,0.0966000000044005,BACKFILL_AUTO
2026-07-12 09:22:18,1783848138,R_75,53724.6287,1,7.919500000003609,BACKFILL_AUTO
2026-07-12 09:22:20,1783848140,R_75,53736.2527,1,11.623999999996158,BACKFILL_AUTO
2026-07-12 09:22:22,1783848142,R_75,53752.9572,1,16.704499999999825,BACKFILL_AUTO
2026-07-12 09:22:24,1783848144,R_75,53742.753,-1,10.204200000000128,BACKFILL_AUTO
2026-07-12 09:22:26,1783848146,R_75,53723.6881,-1,19.06489999999758,BACKFILL_AUTO
2026-07-12 09:22:28,1783848148,R_75,53724.82,1,1.1319000000003143,BACKFILL_AUTO
2026-07-12 09:22:30,1783848150,R_75,53751.5198,1,26.699800000002142,BACKFILL_AUTO
2026-07-12 09:22:32,1783848152,R_75,53735.2177,-1,16.30210000000079,BACKFILL_AUTO
2026-07-12 09:22:34,1783848154,R_75,53744.5509,1,9.333200000000943,BACKFILL_AUTO
2026-07-12 09:22:36,1783848156,R_75,53741.7057,-1,2.8452000000033877,BACKFILL_AUTO
2026-07-12 09:22:38,1783848158,R_75,53729.2111,-1,12.494599999998172,BACKFILL_AUTO
2026-07-12 09:22:40,1783848160,R_75,53752.5817,1,23.370600000002014,BACKFILL_AUTO
2026-07-12 09:22:42,1783848162,R_75,53750.6875,-1,1.8942000000024564,BACKFILL_AUTO
2026-07-12 09:22:44,1783848164,R_75,53740.6682,-1,10.01929999999993,BACKFILL_AUTO
2026-07-12 09:22:46,1783848166,R_75,53733.1085,-1,7.559699999997974,BACKFILL_AUTO
2026-07-12 09:22:48,1783848168,R_75,53736.2186,1,3.110099999998056,BACKFILL_AUTO
2026-07-12 09:22:50,1783848170,R_75,53731.9815,-1,4.237099999998463,BACKFILL_AUTO
2026-07-12 09:22:52,1783848172,R_75,53723.2582,-1,8.72330000000511,BACKFILL_AUTO
2026-07-12 09:22:54,1783848174,R_75,53715.363,-1,7.895199999999022,BACKFILL_AUTO
2026-07-12 09:22:56,1783848176,R_75,53712.7156,-1,2.647399999994377,BACKFILL_AUTO
2026-07-12 09:22:58,1783848178,R_75,53710.6158,-1,2.0998000000035972,BACKFILL_AUTO
2026-07-12 09:23:00,1783848180,R_75,53709.4712,-1,1.1445999999996275,BACKFILL_AUTO
2026-07-12 09:23:02,1783848182,R_75,53711.9382,1,2.466999999996915,BACKFILL_AUTO
2026-07-12 09:23:04,1783848184,R_75,53724.9266,1,12.988400000002002,BACKFILL_AUTO
2026-07-12 09:23:06,1783848186,R_75,53743.6271,1,18.70049999999901,BACKFILL_AUTO
2026-07-12 09:23:08,1783848188,R_75,53748.976,1,5.348900000004505,BACKFILL_AUTO
2026-07-12 09:23:10,1783848190,R_75,53758.3957,1,9.419699999998556,BACKFILL_AUTO
2026-07-12 09:23:12,1783848192,R_75,53759.2729,1,0.877200000002631,BACKFILL_AUTO
2026-07-12 09:23:14,1783848194,R_75,53783.7981,1,24.525199999996403,BACKFILL_AUTO
2026-07-12 09:23:16,1783848196,R_75,53771.9197,-1,11.87840000000142,BACKFILL_AUTO
2026-07-12 09:23:18,1783848198,R_75,53756.9802,-1,14.939500000000407,BACKFILL_AUTO
2026-07-12 09:23:20,1783848200,R_75,53761.378,1,4.397799999998824,BACKFILL_AUTO
2026-07-12 09:23:22,1783848202,R_75,53768.354,1,6.9760000000023865,BACKFILL_AUTO
2026-07-12 09:23:24,1783848204,R_75,53768.3556,1,0.001600000003236346,BACKFILL_AUTO
2026-07-12 09:23:26,1783848206,R_75,53764.0898,-1,4.265800000001036,BACKFILL_AUTO
2026-07-12 09:23:28,1783848208,R_75,53767.8832,1,3.7933999999950174,BACKFILL_AUTO
2026-07-12 09:23:30,1783848210,R_75,53772.6785,1,4.795300000005227,BACKFILL_AUTO
2026-07-12 09:23:32,1783848212,R_75,53774.0214,1,1.342899999996007,BACKFILL_AUTO
2026-07-12 09:23:34,1783848214,R_75,53779.9232,1,5.901799999999639,BACKFILL_AUTO
2026-07-12 09:23:36,1783848216,R_75,53776.7989,-1,3.1242999999958556,BACKFILL_AUTO
2026-07-12 09:23:38,1783848218,R_75,53773.4905,-1,3.3084000000017113,BACKFILL_AUTO
2026-07-12 09:23:40,1783848220,R_75,53784.4307,1,10.940199999997276,BACKFILL_AUTO
2026-07-12 09:23:42,1783848222,R_75,53779.9371,-1,4.493599999994331,BACKFILL_AUTO
2026-07-12 09:23:44,1783848224,R_75,53771.7871,-1,8.150000000001455,BACKFILL_AUTO
2026-07-12 09:23:46,1783848226,R_75,53768.9979,-1,2.789199999999255,BACKFILL_AUTO
2026-07-12 09:23:48,1783848228,R_75,53756.7525,-1,12.24539999999979,BACKFILL_AUTO
2026-07-12 09:23:50,1783848230,R_75,53744.1315,-1,12.620999999999185,BACKFILL_AUTO
2026-07-12 09:23:52,1783848232,R_75,53754.0735,1,9.94199999999546,BACKFILL_AUTO
2026-07-12 09:23:54,1783848234,R_75,53747.0973,-1,6.976199999997334,BACKFILL_AUTO
2026-07-12 09:23:56,1783848236,R_75,53744.5449,-1,2.552400000000489,BACKFILL_AUTO
2026-07-12 09:23:58,1783848238,R_75,53740.6021,-1,3.942800000004354,BACKFILL_AUTO
2026-07-12 09:24:00,1783848240,R_75,53747.9441,1,7.342000000004191,BACKFILL_AUTO
2026-07-12 09:24:02,1783848242,R_75,53766.1897,1,18.245600000002014,BACKFILL_AUTO
2026-07-12 09:24:04,1783848244,R_75,53787.636,1,21.446299999995972,BACKFILL_AUTO
2026-07-12 09:24:06,1783848246,R_75,53771.9875,-1,15.648499999995693,BACKFILL_AUTO
2026-07-12 09:24:08,1783848248,R_75,53773.8668,1,1.8793000000005122,BACKFILL_AUTO
2026-07-12 09:24:10,1783848250,R_75,53766.8078,-1,7.059000000001106,BACKFILL_AUTO
2026-07-12 09:24:12,1783848252,R_75,53755.4128,-1,11.395000000004075,BACKFILL_AUTO
2026-07-12 09:24:14,1783848254,R_75,53746.7276,-1,8.685199999999895,BACKFILL_AUTO
2026-07-12 09:24:16,1783848256,R_75,53753.7655,1,7.037900000002992,BACKFILL_AUTO
2026-07-12 09:24:18,1783848258,R_75,53763.6386,1,9.873099999997066,BACKFILL_AUTO
2026-07-12 09:24:20,1783848260,R_75,53779.7206,1,16.082000000002154,BACKFILL_AUTO
2026-07-12 09:24:22,1783848262,R_75,53779.4098,-1,0.31079999999928987,BACKFILL_AUTO
2026-07-12 09:24:24,1783848264,R_75,53787.2014,1,7.7915999999968335,BACKFILL_AUTO
2026-07-12 09:24:26,1783848266,R_75,53787.8882,1,0.6868000000031316,BACKFILL_AUTO
2026-07-12 09:24:28,1783848268,R_75,53805.7771,1,17.888899999998102,BACKFILL_AUTO
2026-07-12 09:24:30,1783848270,R_75,53806.0242,1,0.24710000000050059,BACKFILL_AUTO
2026-07-12 09:24:32,1783848272,R_75,53779.9772,-1,26.04699999999866,BACKFILL_AUTO
2026-07-12 09:24:34,1783848274,R_75,53786.0902,1,6.112999999997555,BACKFILL_AUTO
2026-07-12 09:24:36,1783848276,R_75,53789.8713,1,3.7811000000001513,BACKFILL_AUTO
2026-07-12 09:24:38,1783848278,R_75,53796.0626,1,6.191299999998591,BACKFILL_AUTO
2026-07-12 09:24:40,1783848280,R_75,53799.4439,1,3.3813000000009197,BACKFILL_AUTO
2026-07-12 09:24:42,1783848282,R_75,53800.5833,1,1.1394000000000233,BACKFILL_AUTO
2026-07-12 09:24:44,1783848284,R_75,53811.6097,1,11.026400000002468,BACKFILL_AUTO
2026-07-12 09:24:46,1783848286,R_75,53803.3976,-1,8.212100000004284,BACKFILL_AUTO
2026-07-12 09:24:48,1783848288,R_75,53807.3339,1,3.9363000000012107,BACKFILL_AUTO
2026-07-12 09:24:50,1783848290,R_75,53808.7987,1,1.46480000000156,BACKFILL_AUTO
2026-07-12 09:24:52,1783848292,R_75,53812.8695,1,4.070800000001327,BACKFILL_AUTO
2026-07-12 09:24:54,1783848294,R_75,53799.5454,-1,13.324099999997998,BACKFILL_AUTO
2026-07-12 09:24:56,1783848296,R_75,53791.3657,-1,8.179700000000594,BACKFILL_AUTO
2026-07-12 09:24:58,1783848298,R_75,53799.7716,1,8.405899999997928,BACKFILL_AUTO
2026-07-12 09:25:00,1783848300,R_75,53800.6977,1,0.9260999999969499,BACKFILL_AUTO
2026-07-12 09:25:02,1783848302,R_75,53817.228,1,16.53030000000581,BACKFILL_AUTO
2026-07-12 09:25:04,1783848304,R_75,53819.0103,1,1.7822999999989406,BACKFILL_AUTO
2026-07-12 09:25:06,1783848306,R_75,53810.0371,-1,8.97320000000036,BACKFILL_AUTO
2026-07-12 09:25:08,1783848308,R_75,53823.9963,1,13.959199999997509,BACKFILL_AUTO
2026-07-12 09:25:10,1783848310,R_75,53815.2117,-1,8.784599999999045,BACKFILL_AUTO
2026-07-12 09:25:12,1783848312,R_75,53812.1386,-1,3.073100000001432,BACKFILL_AUTO
2026-07-12 09:25:14,1783848314,R_75,53832.9491,1,20.810499999999593,BACKFILL_AUTO
2026-07-12 09:25:16,1783848316,R_75,53826.9344,-1,6.014699999999721,BACKFILL_AUTO
2026-07-12 09:25:18,1783848318,R_75,53835.2174,1,8.283000000003085,BACKFILL_AUTO
2026-07-12 09:25:20,1783848320,R_75,53834.0602,-1,1.1572000000014668,BACKFILL_AUTO
2026-07-12 09:25:22,1783848322,R_75,53845.0969,1,11.036699999996927,BACKFILL_AUTO
2026-07-12 09:25:24,1783848324,R_75,53847.1419,1,2.0450000000055297,BACKFILL_AUTO
2026-07-12 09:25:26,1783848326,R_75,53843.2726,-1,3.869300000005751,BACKFILL_AUTO
2026-07-12 09:25:28,1783848328,R_75,53835.7295,-1,7.54309999999532,BACKFILL_AUTO
2026-07-12 09:25:30,1783848330,R_75,53831.9379,-1,3.7916000000041095,BACKFILL_AUTO
2026-07-12 09:25:32,1783848332,R_75,53827.3595,-1,4.57839999999851,BACKFILL_AUTO
2026-07-12 09:25:34,1783848334,R_75,53833.2036,1,5.844100000002072,BACKFILL_AUTO
2026-07-12 09:25:36,1783848336,R_75,53817.2371,-1,15.96650000000227,BACKFILL_AUTO
2026-07-12 09:25:38,1783848338,R_75,53817.6101,1,0.37299999999959255,BACKFILL_AUTO
2026-07-12 09:25:40,1783848340,R_75,53810.7578,-1,6.85229999999865,BACKFILL_AUTO
2026-07-12 09:25:42,1783848342,R_75,53800.081,-1,10.676800000001094,BACKFILL_AUTO
2026-07-12 09:25:44,1783848344,R_75,53792.1413,-1,7.939699999995355,BACKFILL_AUTO
2026-07-12 09:25:46,1783848346,R_75,53784.3869,-1,7.754400000005262,BACKFILL_AUTO
2026-07-12 09:25:48,1783848348,R_75,53780.6801,-1,3.70679999999993,BACKFILL_AUTO
2026-07-12 09:25:50,1783848350,R_75,53762.6982,-1,17.98189999999886,BACKFILL_AUTO
2026-07-12 09:25:52,1783848352,R_75,53748.0386,-1,14.659599999999045,BACKFILL_AUTO
2026-07-12 09:25:54,1783848354,R_75,53767.7628,1,19.724199999996927,BACKFILL_AUTO
2026-07-12 09:25:56,1783848356,R_75,53771.0587,1,3.2959000000046217,BACKFILL_AUTO
2026-07-12 09:25:58,1783848358,R_75,53784.4632,1,13.404499999996915,BACKFILL_AUTO
2026-07-12 09:26:00,1783848360,R_75,53778.0262,-1,6.436999999998079,BACKFILL_AUTO
2026-07-12 09:26:02,1783848362,R_75,53781.1557,1,3.1295000000027358,BACKFILL_AUTO
2026-07-12 09:26:04,1783848364,R_75,53780.3731,-1,0.7826000000059139,BACKFILL_AUTO
2026-07-12 09:26:06,1783848366,R_75,53793.3163,1,12.943200000001525,BACKFILL_AUTO
2026-07-12 09:26:08,1783848368,R_75,53800.2401,1,6.923800000004121,BACKFILL_AUTO
2026-07-12 09:26:10,1783848370,R_75,53804.7634,1,4.523300000000745,BACKFILL_AUTO
2026-07-12 09:26:12,1783848372,R_75,53801.1789,-1,3.584500000004482,BACKFILL_AUTO
2026-07-12 09:26:14,1783848374,R_75,53798.8293,-1,2.3496000000013737,BACKFILL_AUTO
2026-07-12 09:26:16,1783848376,R_75,53795.8556,-1,2.973699999995006,BACKFILL_AUTO
2026-07-12 09:26:18,1783848378,R_75,53780.3277,-1,15.527900000000955,BACKFILL_AUTO
2026-07-12 09:26:20,1783848380,R_75,53786.8447,1,6.516999999999825,BACKFILL_AUTO
2026-07-12 09:26:22,1783848382,R_75,53791.2097,1,4.364999999997963,BACKFILL_AUTO
2026-07-12 09:26:24,1783848384,R_75,53816.5641,1,25.354400000003807,BACKFILL_AUTO
2026-07-12 09:26:26,1783848386,R_75,53815.8881,-1,0.6760000000067521,BACKFILL_AUTO
2026-07-12 09:26:28,1783848388,R_75,53811.937,-1,3.951099999998405,BACKFILL_AUTO
2026-07-12 09:26:30,1783848390,R_75,53813.8102,1,1.873200000001816,BACKFILL_AUTO
2026-07-12 09:26:32,1783848392,R_75,53821.283,1,7.47280000000319,BACKFILL_AUTO
2026-07-12 09:26:34,1783848394,R_75,53821.0762,-1,0.20679999999993015,BACKFILL_AUTO
2026-07-12 09:26:36,1783848396,R_75,53823.2292,1,2.1529999999984284,BACKFILL_AUTO
2026-07-12 09:26:38,1783848398,R_75,53824.6233,1,1.3940999999977066,BACKFILL_AUTO
2026-07-12 09:26:40,1783848400,R_75,53830.063,1,5.439700000002631,BACKFILL_AUTO
2026-07-12 09:26:42,1783848402,R_75,53816.276,-1,13.7870000000039,BACKFILL_AUTO
2026-07-12 09:26:44,1783848404,R_75,53819.5616,1,3.285600000002887,BACKFILL_AUTO
2026-07-12 09:26:46,1783848406,R_75,53813.9159,-1,5.645700000000943,BACKFILL_AUTO
2026-07-12 09:26:48,1783848408,R_75,53807.2138,-1,6.702100000002247,BACKFILL_AUTO
2026-07-12 09:26:50,1783848410,R_75,53812.995,1,5.781200000004901,BACKFILL_AUTO
2026-07-12 09:26:52,1783848412,R_75,53801.114,-1,11.881000000001222,BACKFILL_AUTO
2026-07-12 09:26:54,1783848414,R_75,53807.2796,1,6.165600000000268,BACKFILL_AUTO
2026-07-12 09:26:56,1783848416,R_75,53803.0613,-1,4.218300000000454,BACKFILL_AUTO
2026-07-12 09:26:58,1783848418,R_75,53811.0646,1,8.00329999999667,BACKFILL_AUTO
2026-07-12 09:27:00,1783848420,R_75,53811.4773,1,0.41270000000076834,BACKFILL_AUTO
2026-07-12 09:27:02,1783848422,R_75,53815.9472,1,4.46990000000369,BACKFILL_AUTO
2026-07-12 09:27:04,1783848424,R_75,53815.0444,-1,0.9028000000034808,BACKFILL_AUTO
2026-07-12 09:27:06,1783848426,R_75,53816.512,1,1.4676000000035856,BACKFILL_AUTO
2026-07-12 09:27:08,1783848428,R_75,53812.0122,-1,4.499800000005052,BACKFILL_AUTO
2026-07-12 09:27:10,1783848430,R_75,53821.1723,1,9.160100000000966,BACKFILL_AUTO
2026-07-12 09:27:12,1783848432,R_75,53822.4832,1,1.3109000000040396,BACKFILL_AUTO
2026-07-12 09:27:14,1783848434,R_75,53814.3223,-1,8.160900000002584,BACKFILL_AUTO
2026-07-12 09:27:16,1783848436,R_75,53816.429,1,2.1066999999966356,BACKFILL_AUTO
2026-07-12 09:27:18,1783848438,R_75,53822.8907,1,6.461700000007113,BACKFILL_AUTO
2026-07-12 09:27:20,1783848440,R_75,53835.4176,1,12.526899999997113,BACKFILL_AUTO
2026-07-12 09:27:22,1783848442,R_75,53836.2782,1,0.8605999999999767,BACKFILL_AUTO
2026-07-12 09:27:24,1783848444,R_75,53839.6202,1,3.341999999996915,BACKFILL_AUTO
2026-07-12 09:27:26,1783848446,R_75,53845.1931,1,5.572899999999208,BACKFILL_AUTO
2026-07-12 09:27:28,1783848448,R_75,53835.6211,-1,9.572000000000116,BACKFILL_AUTO
2026-07-12 09:27:30,1783848450,R_75,53828.1507,-1,7.470399999998335,BACKFILL_AUTO
2026-07-12 09:27:32,1783848452,R_75,53843.1551,1,15.004400000005262,BACKFILL_AUTO
2026-07-12 09:27:34,1783848454,R_75,53836.1598,-1,6.995300000002317,BACKFILL_AUTO
2026-07-12 09:27:36,1783848456,R_75,53831.9854,-1,4.174400000003516,BACKFILL_AUTO
2026-07-12 09:27:38,1783848458,R_75,53840.1793,1,8.19390000000567,BACKFILL_AUTO
2026-07-12 09:27:40,1783848460,R_75,53839.6571,-1,0.5222000000067055,BACKFILL_AUTO
2026-07-12 09:27:42,1783848462,R_75,53836.0364,-1,3.6206999999994878,BACKFILL_AUTO
2026-07-12 09:27:44,1783848464,R_75,53834.8458,-1,1.190599999994447,BACKFILL_AUTO
2026-07-12 09:27:46,1783848466,R_75,53837.2138,1,2.367999999994936,BACKFILL_AUTO
2026-07-12 09:27:48,1783848468,R_75,53833.496,-1,3.717799999998533,BACKFILL_AUTO
2026-07-12 09:27:50,1783848470,R_75,53845.9718,1,12.475800000000163,BACKFILL_AUTO
2026-07-12 09:27:52,1783848472,R_75,53862.3657,1,16.39390000000276,BACKFILL_AUTO
2026-07-12 09:27:54,1783848474,R_75,53854.4564,-1,7.909299999999348,BACKFILL_AUTO
2026-07-12 09:27:56,1783848476,R_75,53849.1318,-1,5.3245999999999185,BACKFILL_AUTO
2026-07-12 09:27:58,1783848478,R_75,53836.13,-1,13.00180000000546,BACKFILL_AUTO
2026-07-12 09:28:00,1783848480,R_75,53837.6112,1,1.4812000000019907,BACKFILL_AUTO
2026-07-12 09:28:02,1783848482,R_75,53842.4544,1,4.84320000000298,BACKFILL_AUTO
2026-07-12 09:28:04,1783848484,R_75,53836.8993,-1,5.555100000005041,BACKFILL_AUTO
2026-07-12 09:28:06,1783848486,R_75,53843.4679,1,6.568600000005972,BACKFILL_AUTO
2026-07-12 09:28:08,1783848488,R_75,53856.4163,1,12.948399999993853,BACKFILL_AUTO
2026-07-12 09:28:10,1783848490,R_75,53873.9375,1,17.521200000002864,BACKFILL_AUTO
2026-07-12 09:28:12,1783848492,R_75,53872.9508,-1,0.9867000000012922,BACKFILL_AUTO
2026-07-12 09:28:14,1783848494,R_75,53874.7862,1,1.835400000003574,BACKFILL_AUTO
2026-07-12 09:28:16,1783848496,R_75,53890.6418,1,15.85559999999532,BACKFILL_AUTO
2026-07-12 09:28:18,1783848498,R_75,53880.0041,-1,10.637699999999313,BACKFILL_AUTO
2026-07-12 09:28:20,1783848500,R_75,53891.7429,1,11.738799999999173,BACKFILL_AUTO
2026-07-12 09:28:22,1783848502,R_75,53894.3425,1,2.5996000000013737,BACKFILL_AUTO
2026-07-12 09:28:24,1783848504,R_75,53904.3377,1,9.995199999997567,BACKFILL_AUTO
2026-07-12 09:28:26,1783848506,R_75,53906.6904,1,2.3527000000030966,BACKFILL_AUTO
2026-07-12 09:28:28,1783848508,R_75,53909.3887,1,2.6983000000036554,BACKFILL_AUTO
2026-07-12 09:28:30,1783848510,R_75,53909.9381,1,0.5493999999962398,BACKFILL_AUTO
2026-07-12 09:28:32,1783848512,R_75,53903.7462,-1,6.191899999997986,BACKFILL_AUTO
2026-07-12 09:28:34,1783848514,R_75,53918.6065,1,14.86030000000028,BACKFILL_AUTO
2026-07-12 09:28:36,1783848516,R_75,53908.3908,-1,10.215700000000652,BACKFILL_AUTO
2026-07-12 09:28:38,1783848518,R_75,53915.7222,1,7.331399999995483,BACKFILL_AUTO
2026-07-12 09:28:40,1783848520,R_75,53907.3108,-1,8.41139999999723,BACKFILL_AUTO
2026-07-12 09:28:42,1783848522,R_75,53910.2753,1,2.9645000000018626,BACKFILL_AUTO
2026-07-12 09:28:44,1783848524,R_75,53925.9475,1,15.672200000000885,BACKFILL_AUTO
2026-07-12 09:28:46,1783848526,R_75,53911.1011,-1,14.846400000002177,BACKFILL_AUTO
2026-07-12 09:28:48,1783848528,R_75,53904.7897,-1,6.3113999999986845,BACKFILL_AUTO
2026-07-12 09:28:50,1783848530,R_75,53905.7385,1,0.9487999999983003,BACKFILL_AUTO
2026-07-12 09:28:52,1783848532,R_75,53907.8752,1,2.1367000000027474,BACKFILL_AUTO
2026-07-12 09:28:54,1783848534,R_75,53924.7542,1,16.879000000000815,BACKFILL_AUTO
2026-07-12 09:28:56,1783848536,R_75,53943.7568,1,19.002599999999802,BACKFILL_AUTO
2026-07-12 09:28:58,1783848538,R_75,53942.0393,-1,1.7175000000061118,BACKFILL_AUTO
2026-07-12 09:29:00,1783848540,R_75,53928.4923,-1,13.546999999998661,BACKFILL_AUTO
2026-07-12 09:29:02,1783848542,R_75,53930.0146,1,1.5223000000041793,BACKFILL_AUTO
2026-07-12 09:29:04,1783848544,R_75,53932.7255,1,2.710899999998219,BACKFILL_AUTO
2026-07-12 09:29:06,1783848546,R_75,53952.0622,1,19.336699999999837,BACKFILL_AUTO
2026-07-12 09:29:08,1783848548,R_75,53957.1636,1,5.101399999999558,BACKFILL_AUTO
2026-07-12 09:29:10,1783848550,R_75,53976.217,1,19.053399999997055,BACKFILL_AUTO
2026-07-12 09:29:12,1783848552,R_75,53973.3931,-1,2.823899999995774,BACKFILL_AUTO
2026-07-12 09:29:14,1783848554,R_75,53989.2482,1,15.855100000000675,BACKFILL_AUTO
2026-07-12 09:29:16,1783848556,R_75,53982.2987,-1,6.949500000002445,BACKFILL_AUTO
2026-07-12 09:29:18,1783848558,R_75,53988.0508,1,5.752099999997881,BACKFILL_AUTO
2026-07-12 09:29:20,1783848560,R_75,53990.9894,1,2.9386000000013155,BACKFILL_AUTO
2026-07-12 09:29:22,1783848562,R_75,53980.8176,-1,10.171799999996438,BACKFILL_AUTO
2026-07-12 09:29:24,1783848564,R_75,53988.0769,1,7.259299999997893,BACKFILL_AUTO
2026-07-12 09:29:26,1783848566,R_75,53982.5211,-1,5.555800000001909,BACKFILL_AUTO
2026-07-12 09:29:28,1783848568,R_75,53989.8897,1,7.3686000000016065,BACKFILL_AUTO
2026-07-12 09:29:30,1783848570,R_75,54001.9867,1,12.097000000001572,BACKFILL_AUTO
2026-07-12 09:29:32,1783848572,R_75,53996.6732,-1,5.313500000003842,BACKFILL_AUTO
2026-07-12 09:29:34,1783848574,R_75,53985.0821,-1,11.591099999997823,BACKFILL_AUTO
2026-07-12 09:29:36,1783848576,R_75,53986.2208,1,1.1387000000031549,BACKFILL_AUTO
2026-07-12 09:29:38,1783848578,R_75,53979.7843,-1,6.436500000003434,BACKFILL_AUTO
2026-07-12 09:29:40,1783848580,R_75,53998.2523,1,18.468000000000757,BACKFILL_AUTO
2026-07-12 09:29:42,1783848582,R_75,54013.7819,1,15.529600000001665,BACKFILL_AUTO
2026-07-12 09:29:44,1783848584,R_75,54025.0871,1,11.305199999995239,BACKFILL_AUTO
2026-07-12 09:29:46,1783848586,R_75,54013.5435,-1,11.543599999997241,BACKFILL_AUTO
2026-07-12 09:29:48,1783848588,R_75,54000.1674,-1,13.376100000001315,BACKFILL_AUTO
2026-07-12 09:29:50,1783848590,R_75,54011.5195,1,11.352100000003702,BACKFILL_AUTO
2026-07-12 09:29:52,1783848592,R_75,54015.283,1,3.7635000000009313,BACKFILL_AUTO
2026-07-12 09:29:54,1783848594,R_75,54007.3353,-1,7.947700000004261,BACKFILL_AUTO
2026-07-12 09:29:56,1783848596,R_75,53992.7798,-1,14.555500000002212,BACKFILL_AUTO
2026-07-12 09:29:58,1783848598,R_75,53984.3824,-1,8.397399999994377,BACKFILL_AUTO
2026-07-12 09:30:00,1783848600,R_75,53985.6732,1,1.2907999999952153,BACKFILL_AUTO
2026-07-12 09:30:02,1783848602,R_75,53993.0033,1,7.33009999999922,BACKFILL_AUTO
2026-07-12 09:30:04,1783848604,R_75,53984.3668,-1,8.636499999993248,BACKFILL_AUTO
2026-07-12 09:30:06,1783848606,R_75,53976.2054,-1,8.161400000004505,BACKFILL_AUTO
2026-07-12 09:30:08,1783848608,R_75,53975.5705,-1,0.6348999999972875,BACKFILL_AUTO
2026-07-12 09:30:10,1783848610,R_75,53971.2524,-1,4.318100000004051,BACKFILL_AUTO
2026-07-12 09:30:12,1783848612,R_75,53979.7522,1,8.499800000005052,BACKFILL_AUTO
2026-07-12 09:30:14,1783848614,R_75,53984.6235,1,4.871299999998882,BACKFILL_AUTO
2026-07-12 09:30:16,1783848616,R_75,53980.2378,-1,4.385699999998906,BACKFILL_AUTO
2026-07-12 09:30:18,1783848618,R_75,54006.949,1,26.711199999997916,BACKFILL_AUTO
2026-07-12 09:30:20,1783848620,R_75,54009.0081,1,2.0590999999985797,BACKFILL_AUTO
2026-07-12 09:30:22,1783848622,R_75,54032.2361,1,23.228000000002794,BACKFILL_AUTO
2026-07-12 09:30:24,1783848624,R_75,54028.6204,-1,3.615700000002107,BACKFILL_AUTO
2026-07-12 09:30:26,1783848626,R_75,54029.1657,1,0.5452999999979511,BACKFILL_AUTO
2026-07-12 09:30:28,1783848628,R_75,54045.2658,1,16.100100000003295,BACKFILL_AUTO
2026-07-12 09:30:30,1783848630,R_75,54053.8695,1,8.603699999999662,BACKFILL_AUTO
2026-07-12 09:30:32,1783848632,R_75,54043.373,-1,10.496500000001106,BACKFILL_AUTO
2026-07-12 09:30:34,1783848634,R_75,54037.2941,-1,6.078900000000431,BACKFILL_AUTO
2026-07-12 09:30:36,1783848636,R_75,54037.9742,1,0.6800999999977648,BACKFILL_AUTO
2026-07-12 09:30:38,1783848638,R_75,54033.973,-1,4.001199999998789,BACKFILL_AUTO
2026-07-12 09:30:40,1783848640,R_75,54028.7934,-1,5.179599999995844,BACKFILL_AUTO
2026-07-12 09:30:42,1783848642,R_75,54033.9483,1,5.154899999994086,BACKFILL_AUTO
2026-07-12 09:30:44,1783848644,R_75,54039.3255,1,5.377200000002631,BACKFILL_AUTO
2026-07-12 09:30:46,1783848646,R_75,54026.7928,-1,12.532699999996112,BACKFILL_AUTO
2026-07-12 09:30:48,1783848648,R_75,54027.9424,1,1.1495999999970081,BACKFILL_AUTO
2026-07-12 09:30:50,1783848650,R_75,54028.4725,1,0.5301000000035856,BACKFILL_AUTO
2026-07-12 09:30:52,1783848652,R_75,54035.2392,1,6.766700000000128,BACKFILL_AUTO
2026-07-12 09:30:54,1783848654,R_75,54022.3675,-1,12.87170000000333,BACKFILL_AUTO
2026-07-12 09:30:56,1783848656,R_75,54030.9568,1,8.58929999999964,BACKFILL_AUTO
2026-07-12 09:30:58,1783848658,R_75,54041.2057,1,10.248899999998685,BACKFILL_AUTO
2026-07-12 09:31:00,1783848660,R_75,54059.8218,1,18.61609999999928,BACKFILL_AUTO
2026-07-12 09:31:02,1783848662,R_75,54043.1308,-1,16.690999999998894,BACKFILL_AUTO
2026-07-12 09:31:04,1783848664,R_75,54056.8579,1,13.727100000003702,BACKFILL_AUTO
2026-07-12 09:31:06,1783848666,R_75,54040.0831,-1,16.77479999999923,BACKFILL_AUTO
2026-07-12 09:31:08,1783848668,R_75,54024.162,-1,15.921100000006845,BACKFILL_AUTO
2026-07-12 09:31:10,1783848670,R_75,54024.5008,1,0.3388000000049942,BACKFILL_AUTO
2026-07-12 09:31:12,1783848672,R_75,54039.3864,1,14.885600000001432,BACKFILL_AUTO
2026-07-12 09:31:14,1783848674,R_75,54049.5134,1,10.127000000000407,BACKFILL_AUTO
2026-07-12 09:31:16,1783848676,R_75,54065.2542,1,15.740799999999581,BACKFILL_AUTO
2026-07-12 09:31:18,1783848678,R_75,54051.0934,-1,14.16080000000511,BACKFILL_AUTO
2026-07-12 09:31:20,1783848680,R_75,54068.5806,1,17.487200000003213,BACKFILL_AUTO
2026-07-12 09:31:22,1783848682,R_75,54063.45,-1,5.130600000004051,BACKFILL_AUTO
2026-07-12 09:31:24,1783848684,R_75,54049.9253,-1,13.524699999994482,BACKFILL_AUTO
2026-07-12 09:31:26,1783848686,R_75,54047.1072,-1,2.8181000000040513,BACKFILL_AUTO
2026-07-12 09:31:28,1783848688,R_75,54039.0451,-1,8.062099999995553,BACKFILL_AUTO
2026-07-12 09:31:30,1783848690,R_75,54029.6829,-1,9.362200000003213,BACKFILL_AUTO
2026-07-12 09:31:32,1783848692,R_75,54034.8916,1,5.208700000002864,BACKFILL_AUTO
2026-07-12 09:31:34,1783848694,R_75,54040.1592,1,5.26759999999922,BACKFILL_AUTO
2026-07-12 09:31:36,1783848696,R_75,54031.2588,-1,8.900399999998626,BACKFILL_AUTO
2026-07-12 09:31:38,1783848698,R_75,54044.4832,1,13.22439999999915,BACKFILL_AUTO
2026-07-12 09:31:40,1783848700,R_75,54047.5641,1,3.080900000000838,BACKFILL_AUTO
2026-07-12 09:31:42,1783848702,R_75,54044.7271,-1,2.8370000000068103,BACKFILL_AUTO
2026-07-12 09:31:44,1783848704,R_75,54058.3494,1,13.622300000002724,BACKFILL_AUTO
2026-07-12 09:31:46,1783848706,R_75,54065.0796,1,6.730199999998149,BACKFILL_AUTO
2026-07-12 09:31:48,1783848708,R_75,54060.5172,-1,4.56239999999525,BACKFILL_AUTO
2026-07-12 09:31:50,1783848710,R_75,54058.9596,-1,1.5576000000000931,BACKFILL_AUTO
2026-07-12 09:31:52,1783848712,R_75,54067.8567,1,8.89709999999468,BACKFILL_AUTO
2026-07-12 09:31:54,1783848714,R_75,54061.358,-1,6.498699999996461,BACKFILL_AUTO
2026-07-12 09:31:56,1783848716,R_75,54048.3428,-1,13.015200000001641,BACKFILL_AUTO
2026-07-12 09:31:58,1783848718,R_75,54032.9774,-1,15.365399999995134,BACKFILL_AUTO
2026-07-12 09:32:00,1783848720,R_75,54024.1681,-1,8.809300000000803,BACKFILL_AUTO
2026-07-12 09:32:02,1783848722,R_75,54032.8408,1,8.67269999999553,BACKFILL_AUTO
2026-07-12 09:32:04,1783848724,R_75,54040.763,1,7.922200000000885,BACKFILL_AUTO
2026-07-12 09:32:06,1783848726,R_75,54047.1281,1,6.3651000000027125,BACKFILL_AUTO
2026-07-12 09:32:08,1783848728,R_75,54052.5672,1,5.43909999999596,BACKFILL_AUTO
2026-07-12 09:32:10,1783848730,R_75,54044.339,-1,8.228199999997742,BACKFILL_AUTO
2026-07-12 09:32:12,1783848732,R_75,54036.4632,-1,7.875800000001618,BACKFILL_AUTO
2026-07-12 09:32:14,1783848734,R_75,54031.6931,-1,4.770100000001548,BACKFILL_AUTO
2026-07-12 09:32:16,1783848736,R_75,54026.0686,-1,5.624499999998079,BACKFILL_AUTO
2026-07-12 09:32:18,1783848738,R_75,54025.8212,-1,0.2474000000001979,BACKFILL_AUTO
2026-07-12 09:32:20,1783848740,R_75,54034.0652,1,8.243999999998778,BACKFILL_AUTO
2026-07-12 09:32:22,1783848742,R_75,54039.5185,1,5.453300000001036,BACKFILL_AUTO
2026-07-12 09:32:24,1783848744,R_75,54038.7486,-1,0.7698999999993248,BACKFILL_AUTO
2026-07-12 09:32:26,1783848746,R_75,54030.0969,-1,8.651700000002165,BACKFILL_AUTO
2026-07-12 09:32:28,1783848748,R_75,54031.6825,1,1.5856000000057975,BACKFILL_AUTO
2026-07-12 09:32:30,1783848750,R_75,54029.8553,-1,1.8271999999997206,BACKFILL_AUTO
2026-07-12 09:32:32,1783848752,R_75,54040.8524,1,10.9971000000005,BACKFILL_AUTO
2026-07-12 09:32:34,1783848754,R_75,54051.7228,1,10.87039999999979,BACKFILL_AUTO
2026-07-12 09:32:36,1783848756,R_75,54047.1341,-1,4.5887000000002445,BACKFILL_AUTO
2026-07-12 09:32:38,1783848758,R_75,54058.7627,1,11.628599999996368,BACKFILL_AUTO
2026-07-12 09:32:40,1783848760,R_75,54053.2246,-1,5.5380999999979394,BACKFILL_AUTO
2026-07-12 09:32:42,1783848762,R_75,54067.742,1,14.517399999996996,BACKFILL_AUTO
2026-07-12 09:32:44,1783848764,R_75,54065.2363,-1,2.505700000001525,BACKFILL_AUTO
2026-07-12 09:32:46,1783848766,R_75,54071.4428,1,6.206500000000233,BACKFILL_AUTO
2026-07-12 09:32:48,1783848768,R_75,54070.6973,-1,0.7454999999972642,BACKFILL_AUTO
2026-07-12 09:32:50,1783848770,R_75,54058.1751,-1,12.52219999999943,BACKFILL_AUTO
2026-07-12 09:32:52,1783848772,R_75,54053.6839,-1,4.491199999996752,BACKFILL_AUTO
2026-07-12 09:32:54,1783848774,R_75,54033.7614,-1,19.922500000000582,BACKFILL_AUTO
2026-07-12 09:32:56,1783848776,R_75,54025.0184,-1,8.743000000002212,BACKFILL_AUTO
2026-07-12 09:32:58,1783848778,R_75,54035.3741,1,10.35570000000007,BACKFILL_AUTO
2026-07-12 09:33:00,1783848780,R_75,54037.7913,1,2.417199999996228,BACKFILL_AUTO
2026-07-12 09:33:02,1783848782,R_75,54033.5282,-1,4.263099999996484,BACKFILL_AUTO
2026-07-12 09:33:04,1783848784,R_75,54027.2778,-1,6.250399999997171,BACKFILL_AUTO
2026-07-12 09:33:06,1783848786,R_75,54012.5281,-1,14.749700000000303,BACKFILL_AUTO
2026-07-12 09:33:08,1783848788,R_75,54009.9433,-1,2.5848000000041793,BACKFILL_AUTO
2026-07-12 09:33:10,1783848790,R_75,53995.5308,-1,14.412499999998545,BACKFILL_AUTO
2026-07-12 09:33:12,1783848792,R_75,53988.5324,-1,6.99840000000404,BACKFILL_AUTO
2026-07-12 09:33:14,1783848794,R_75,53998.3976,1,9.865200000000186,BACKFILL_AUTO
2026-07-12 09:33:16,1783848796,R_75,54005.3585,1,6.960900000005495,BACKFILL_AUTO
2026-07-12 09:33:18,1783848798,R_75,54009.9533,1,4.594799999998941,BACKFILL_AUTO
2026-07-12 09:33:20,1783848800,R_75,54013.8053,1,3.8519999999989523,BACKFILL_AUTO
2026-07-12 09:33:22,1783848802,R_75,54007.7977,-1,6.007599999997183,BACKFILL_AUTO
2026-07-12 09:33:24,1783848804,R_75,54010.0527,1,2.2549999999973807,BACKFILL_AUTO
2026-07-12 09:33:26,1783848806,R_75,54003.9833,-1,6.069400000000314,BACKFILL_AUTO
2026-07-12 09:33:28,1783848808,R_75,53994.556,-1,9.427300000003015,BACKFILL_AUTO
2026-07-12 09:33:30,1783848810,R_75,53988.0073,-1,6.548699999999371,BACKFILL_AUTO
2026-07-12 09:33:32,1783848812,R_75,53977.0211,-1,10.986199999999371,BACKFILL_AUTO
2026-07-12 09:33:34,1783848814,R_75,53978.8772,1,1.856100000004517,BACKFILL_AUTO
2026-07-12 09:33:36,1783848816,R_75,53963.4283,-1,15.44890000000305,BACKFILL_AUTO
2026-07-12 09:33:38,1783848818,R_75,53974.1218,1,10.693500000001222,BACKFILL_AUTO
2026-07-12 09:33:40,1783848820,R_75,53983.5945,1,9.47269999999844,BACKFILL_AUTO
2026-07-12 09:33:42,1783848822,R_75,53976.1887,-1,7.405800000000454,BACKFILL_AUTO
2026-07-12 09:33:44,1783848824,R_75,53982.3545,1,6.165800000002491,BACKFILL_AUTO
2026-07-12 09:33:46,1783848826,R_75,53989.8008,1,7.446299999995972,BACKFILL_AUTO
2026-07-12 09:33:48,1783848828,R_75,54002.4392,1,12.638400000003458,BACKFILL_AUTO
2026-07-12 09:33:50,1783848830,R_75,54009.4244,1,6.985200000002806,BACKFILL_AUTO
2026-07-12 09:33:52,1783848832,R_75,54007.7309,-1,1.6935000000012224,BACKFILL_AUTO
2026-07-12 09:33:54,1783848834,R_75,54013.39,1,5.6590999999971245,BACKFILL_AUTO
2026-07-12 09:33:56,1783848836,R_75,54022.0346,1,8.644599999999627,BACKFILL_AUTO
2026-07-12 09:33:58,1783848838,R_75,54029.3471,1,7.3125,BACKFILL_AUTO
2026-07-12 09:34:00,1783848840,R_75,54036.6632,1,7.316100000003644,BACKFILL_AUTO
2026-07-12 09:34:02,1783848842,R_75,54027.6558,-1,9.007400000002235,BACKFILL_AUTO
2026-07-12 09:34:04,1783848844,R_75,54026.3537,-1,1.3021000000007916,BACKFILL_AUTO
2026-07-12 09:34:06,1783848846,R_75,54028.2541,1,1.9003999999986263,BACKFILL_AUTO
2026-07-12 09:34:08,1783848848,R_75,54026.4154,-1,1.8387000000002445,BACKFILL_AUTO
2026-07-12 09:34:10,1783848850,R_75,54037.3777,1,10.962299999999232,BACKFILL_AUTO
2026-07-12 09:34:12,1783848852,R_75,54041.2106,1,3.8329000000012456,BACKFILL_AUTO
2026-07-12 09:34:14,1783848854,R_75,54036.5488,-1,4.661800000001676,BACKFILL_AUTO
2026-07-12 09:34:16,1783848856,R_75,54043.4831,1,6.934300000000803,BACKFILL_AUTO
2026-07-12 09:34:18,1783848858,R_75,54026.9508,-1,16.53229999999894,BACKFILL_AUTO
2026-07-12 09:34:20,1783848860,R_75,54025.5848,-1,1.3660000000018044,BACKFILL_AUTO
2026-07-12 09:34:22,1783848862,R_75,54038.1829,1,12.598100000002887,BACKFILL_AUTO
2026-07-12 09:34:24,1783848864,R_75,54056.7103,1,18.527399999999034,BACKFILL_AUTO
2026-07-12 09:34:26,1783848866,R_75,54057.3547,1,0.6444000000046799,BACKFILL_AUTO
2026-07-12 09:34:28,1783848868,R_75,54057.4835,1,0.12879999999859137,BACKFILL_AUTO
2026-07-12 09:34:30,1783848870,R_75,54071.8104,1,14.326900000000023,BACKFILL_AUTO
2026-07-12 09:34:32,1783848872,R_75,54075.8483,1,4.037899999995716,BACKFILL_AUTO
2026-07-12 09:34:34,1783848874,R_75,54048.1366,-1,27.711699999999837,BACKFILL_AUTO
2026-07-12 09:34:36,1783848876,R_75,54069.4332,1,21.29660000000149,BACKFILL_AUTO
2026-07-12 09:34:38,1783848878,R_75,54049.378,-1,20.055200000002515,BACKFILL_AUTO
2026-07-12 09:34:40,1783848880,R_75,54056.0125,1,6.634500000000116,BACKFILL_AUTO
2026-07-12 09:34:42,1783848882,R_75,54065.3044,1,9.291900000003807,BACKFILL_AUTO
2026-07-12 09:34:44,1783848884,R_75,54052.4128,-1,12.891600000002654,BACKFILL_AUTO
2026-07-12 09:34:46,1783848886,R_75,54058.989,1,6.576200000003155,BACKFILL_AUTO
2026-07-12 09:34:48,1783848888,R_75,54044.3507,-1,14.638299999998708,BACKFILL_AUTO
2026-07-12 09:34:50,1783848890,R_75,54038.2987,-1,6.052000000003318,BACKFILL_AUTO
2026-07-12 09:34:52,1783848892,R_75,54018.1062,-1,20.19249999999738,BACKFILL_AUTO
2026-07-12 09:34:54,1783848894,R_75,54022.011,1,3.9047999999966123,BACKFILL_AUTO
2026-07-12 09:34:56,1783848896,R_75,54038.2411,1,16.230100000000675,BACKFILL_AUTO
2026-07-12 09:34:58,1783848898,R_75,54047.9634,1,9.722300000001269,BACKFILL_AUTO
2026-07-12 09:35:00,1783848900,R_75,54046.4461,-1,1.5172999999995227,BACKFILL_AUTO
2026-07-12 09:35:02,1783848902,R_75,54050.923,1,4.4769000000014785,BACKFILL_AUTO
2026-07-12 09:35:04,1783848904,R_75,54057.8079,1,6.8848999999972875,BACKFILL_AUTO
2026-07-12 09:35:06,1783848906,R_75,54078.6698,1,20.861900000003516,BACKFILL_AUTO
2026-07-12 09:35:08,1783848908,R_75,54072.941,-1,5.728800000004412,BACKFILL_AUTO
2026-07-12 09:35:10,1783848910,R_75,54081.9787,1,9.037700000000768,BACKFILL_AUTO
2026-07-12 09:35:12,1783848912,R_75,54072.7894,-1,9.189299999998184,BACKFILL_AUTO
2026-07-12 09:35:14,1783848914,R_75,54105.2969,1,32.50749999999971,BACKFILL_AUTO
2026-07-12 09:35:16,1783848916,R_75,54100.803,-1,4.493900000001304,BACKFILL_AUTO
2026-07-12 09:35:18,1783848918,R_75,54086.3663,-1,14.436699999998382,BACKFILL_AUTO
2026-07-12 09:35:20,1783848920,R_75,54084.4368,-1,1.9294999999983702,BACKFILL_AUTO
2026-07-12 09:35:22,1783848922,R_75,54095.7633,1,11.326499999995576,BACKFILL_AUTO
2026-07-12 09:35:24,1783848924,R_75,54086.7553,-1,9.00800000000163,BACKFILL_AUTO
2026-07-12 09:35:26,1783848926,R_75,54094.1397,1,7.384400000002643,BACKFILL_AUTO
2026-07-12 09:35:28,1783848928,R_75,54076.3048,-1,17.834900000001653,BACKFILL_AUTO
2026-07-12 09:35:30,1783848930,R_75,54069.8857,-1,6.419099999999162,BACKFILL_AUTO
2026-07-12 09:35:32,1783848932,R_75,54076.6295,1,6.74380000000383,BACKFILL_AUTO
2026-07-12 09:35:34,1783848934,R_75,54069.9978,-1,6.631700000005367,BACKFILL_AUTO
2026-07-12 09:35:36,1783848936,R_75,54078.1261,1,8.128300000003946,BACKFILL_AUTO
2026-07-12 09:35:38,1783848938,R_75,54091.3282,1,13.202100000002247,BACKFILL_AUTO
2026-07-12 09:35:40,1783848940,R_75,54064.6957,-1,26.632500000006985,BACKFILL_AUTO
2026-07-12 09:35:42,1783848942,R_75,54063.3542,-1,1.3414999999949941,BACKFILL_AUTO
2026-07-12 09:35:44,1783848944,R_75,54052.8429,-1,10.5112999999983,BACKFILL_AUTO
2026-07-12 09:35:46,1783848946,R_75,54066.0818,1,13.238899999996647,BACKFILL_AUTO
2026-07-12 09:35:48,1783848948,R_75,54072.4232,1,6.34139999999752,BACKFILL_AUTO
2026-07-12 09:35:50,1783848950,R_75,54063.511,-1,8.912199999998847,BACKFILL_AUTO
2026-07-12 09:35:52,1783848952,R_75,54067.5153,1,4.004300000000512,BACKFILL_AUTO
2026-07-12 09:35:54,1783848954,R_75,54059.6741,-1,7.841200000002573,BACKFILL_AUTO
2026-07-12 09:35:56,1783848956,R_75,54066.2623,1,6.5882000000056,BACKFILL_AUTO
2026-07-12 09:35:58,1783848958,R_75,54077.6198,1,11.357499999998254,BACKFILL_AUTO
2026-07-12 09:36:00,1783848960,R_75,54094.21,1,16.59019999999873,BACKFILL_AUTO
2026-07-12 09:36:02,1783848962,R_75,54100.3926,1,6.182600000000093,BACKFILL_AUTO
2026-07-12 09:36:04,1783848964,R_75,54093.8775,-1,6.515099999996892,BACKFILL_AUTO
2026-07-12 09:36:06,1783848966,R_75,54097.2276,1,3.3500999999960186,BACKFILL_AUTO
2026-07-12 09:36:08,1783848968,R_75,54081.5948,-1,15.632799999999406,BACKFILL_AUTO
2026-07-12 09:36:10,1783848970,R_75,54071.2999,-1,10.29490000000078,BACKFILL_AUTO
2026-07-12 09:36:12,1783848972,R_75,54066.5242,-1,4.775699999998324,BACKFILL_AUTO
2026-07-12 09:36:14,1783848974,R_75,54069.3453,1,2.8211000000010245,BACKFILL_AUTO
2026-07-12 09:36:16,1783848976,R_75,54065.2649,-1,4.080399999998917,BACKFILL_AUTO
2026-07-12 09:36:18,1783848978,R_75,54046.9567,-1,18.308199999999488,BACKFILL_AUTO
2026-07-12 09:36:20,1783848980,R_75,54043.5973,-1,3.3594000000011874,BACKFILL_AUTO
2026-07-12 09:36:22,1783848982,R_75,54046.5599,1,2.962599999998929,BACKFILL_AUTO
2026-07-12 09:36:24,1783848984,R_75,54048.5929,1,2.033000000003085,BACKFILL_AUTO
2026-07-12 09:36:26,1783848986,R_75,54066.1263,1,17.533400000000256,BACKFILL_AUTO
2026-07-12 09:36:28,1783848988,R_75,54058.1271,-1,7.999200000005658,BACKFILL_AUTO
2026-07-12 09:36:30,1783848990,R_75,54043.8913,-1,14.235799999994924,BACKFILL_AUTO
2026-07-12 09:36:32,1783848992,R_75,54037.1211,-1,6.770200000006298,BACKFILL_AUTO
2026-07-12 09:36:34,1783848994,R_75,54035.3411,-1,1.7799999999988358,BACKFILL_AUTO
2026-07-12 09:36:36,1783848996,R_75,54023.1861,-1,12.154999999998836,BACKFILL_AUTO
2026-07-12 09:36:38,1783848998,R_75,54009.8664,-1,13.319700000000012,BACKFILL_AUTO
2026-07-12 09:36:40,1783849000,R_75,53994.5135,-1,15.352899999998044,BACKFILL_AUTO
2026-07-12 09:36:42,1783849002,R_75,53991.5141,-1,2.9994000000006054,BACKFILL_AUTO
2026-07-12 09:36:44,1783849004,R_75,53987.7427,-1,3.7713999999978114,BACKFILL_AUTO
2026-07-12 09:36:46,1783849006,R_75,53994.7007,1,6.957999999998719,BACKFILL_AUTO
2026-07-12 09:36:48,1783849008,R_75,53992.4573,-1,2.243399999999383,BACKFILL_AUTO
2026-07-12 09:36:50,1783849010,R_75,54001.105,1,8.64770000000135,BACKFILL_AUTO
2026-07-12 09:36:52,1783849012,R_75,53987.8702,-1,13.234800000005635,BACKFILL_AUTO
2026-07-12 09:36:54,1783849014,R_75,53991.267,1,3.3968000000022585,BACKFILL_AUTO
2026-07-12 09:36:56,1783849016,R_75,53988.6522,-1,2.614800000003015,BACKFILL_AUTO
2026-07-12 09:36:58,1783849018,R_75,53979.3677,-1,9.284499999994296,BACKFILL_AUTO
2026-07-12 09:37:00,1783849020,R_75,53957.8482,-1,21.519500000002154,BACKFILL_AUTO
2026-07-12 09:37:02,1783849022,R_75,53966.5817,1,8.733500000002095,BACKFILL_AUTO
2026-07-12 09:37:04,1783849024,R_75,53978.1991,1,11.617399999995541,BACKFILL_AUTO
2026-07-12 09:37:06,1783849026,R_75,53963.6369,-1,14.562200000000303,BACKFILL_AUTO
2026-07-12 09:37:08,1783849028,R_75,53958.5109,-1,5.125999999996566,BACKFILL_AUTO
2026-07-12 09:37:10,1783849030,R_75,53959.2624,1,0.7514999999984866,BACKFILL_AUTO
2026-07-12 09:37:12,1783849032,R_75,53969.6543,1,10.391900000002352,BACKFILL_AUTO
2026-07-12 09:37:14,1783849034,R_75,53989.8049,1,20.15060000000085,BACKFILL_AUTO
2026-07-12 09:37:16,1783849036,R_75,53995.8005,1,5.995599999994738,BACKFILL_AUTO
2026-07-12 09:37:18,1783849038,R_75,54002.6598,1,6.859300000003714,BACKFILL_AUTO
2026-07-12 09:37:20,1783849040,R_75,53988.6334,-1,14.026400000002468,BACKFILL_AUTO
2026-07-12 09:37:22,1783849042,R_75,53981.1538,-1,7.479599999998754,BACKFILL_AUTO
2026-07-12 09:37:24,1783849044,R_75,53968.7411,-1,12.412700000000768,BACKFILL_AUTO
2026-07-12 09:37:26,1783849046,R_75,53968.9749,1,0.2338000000017928,BACKFILL_AUTO
2026-07-12 09:37:28,1783849048,R_75,53975.8916,1,6.916700000001583,BACKFILL_AUTO
2026-07-12 09:37:30,1783849050,R_75,53972.7727,-1,3.118900000001304,BACKFILL_AUTO
2026-07-12 09:37:32,1783849052,R_75,53978.6028,1,5.83009999999922,BACKFILL_AUTO
2026-07-12 09:37:34,1783849054,R_75,54014.0,1,35.39719999999943,BACKFILL_AUTO
2026-07-12 09:37:36,1783849056,R_75,54016.279,1,2.27900000000227,BACKFILL_AUTO
2026-07-12 09:37:38,1783849058,R_75,54013.1895,-1,3.0895000000018626,BACKFILL_AUTO
2026-07-12 09:37:40,1783849060,R_75,54014.856,1,1.6664999999993597,BACKFILL_AUTO
2026-07-12 09:37:42,1783849062,R_75,53994.8363,-1,20.0196999999971,BACKFILL_AUTO
2026-07-12 09:37:44,1783849064,R_75,53981.8774,-1,12.958900000005087,BACKFILL_AUTO
2026-07-12 09:37:46,1783849066,R_75,53993.3393,1,11.46190000000206,BACKFILL_AUTO
2026-07-12 09:37:48,1783849068,R_75,53981.4825,-1,11.856800000001385,BACKFILL_AUTO
2026-07-12 09:37:50,1783849070,R_75,53983.019,1,1.536500000001979,BACKFILL_AUTO
2026-07-12 09:37:52,1783849072,R_75,53973.3519,-1,9.667099999998754,BACKFILL_AUTO
2026-07-12 09:37:54,1783849074,R_75,53953.1327,-1,20.219199999999546,BACKFILL_AUTO
2026-07-12 09:37:56,1783849076,R_75,53947.4797,-1,5.652999999998428,BACKFILL_AUTO
2026-07-12 09:37:58,1783849078,R_75,53955.592,1,8.112299999993411,BACKFILL_AUTO
2026-07-12 09:38:00,1783849080,R_75,53969.5481,1,13.956100000003062,BACKFILL_AUTO
2026-07-12 09:38:02,1783849082,R_75,53964.9947,-1,4.553399999997055,BACKFILL_AUTO
2026-07-12 09:38:04,1783849084,R_75,53965.7559,1,0.7611999999935506,BACKFILL_AUTO
2026-07-12 09:38:06,1783849086,R_75,53960.6819,-1,5.073999999993248,BACKFILL_AUTO
2026-07-12 09:38:08,1783849088,R_75,53963.1512,1,2.4692999999970198,BACKFILL_AUTO
2026-07-12 09:38:10,1783849090,R_75,53984.894,1,21.74279999999999,BACKFILL_AUTO
2026-07-12 09:38:12,1783849092,R_75,53996.0868,1,11.192799999997078,BACKFILL_AUTO
2026-07-12 09:38:14,1783849094,R_75,54009.6632,1,13.576400000005378,BACKFILL_AUTO
2026-07-12 09:38:16,1783849096,R_75,53998.9678,-1,10.695400000004156,BACKFILL_AUTO
2026-07-12 09:38:18,1783849098,R_75,53999.455,1,0.48720000000321306,BACKFILL_AUTO
2026-07-12 09:38:20,1783849100,R_75,54002.7459,1,3.290899999999965,BACKFILL_AUTO
2026-07-12 09:38:22,1783849102,R_75,53998.7309,-1,4.014999999999418,BACKFILL_AUTO
2026-07-12 09:38:24,1783849104,R_75,53983.6203,-1,15.110599999999977,BACKFILL_AUTO
2026-07-12 09:38:26,1783849106,R_75,53981.4116,-1,2.208700000002864,BACKFILL_AUTO
2026-07-12 09:38:28,1783849108,R_75,53971.1245,-1,10.287100000001374,BACKFILL_AUTO
2026-07-12 09:38:30,1783849110,R_75,53977.4176,1,6.293100000002596,BACKFILL_AUTO
2026-07-12 09:38:32,1783849112,R_75,53990.212,1,12.79439999999886,BACKFILL_AUTO
2026-07-12 09:38:34,1783849114,R_75,53980.747,-1,9.464999999996508,BACKFILL_AUTO
2026-07-12 09:38:36,1783849116,R_75,53970.0734,-1,10.673600000001898,BACKFILL_AUTO
2026-07-12 09:38:38,1783849118,R_75,53963.5622,-1,6.5112000000008265,BACKFILL_AUTO
2026-07-12 09:38:40,1783849120,R_75,53956.303,-1,7.259200000000419,BACKFILL_AUTO
2026-07-12 09:38:42,1783849122,R_75,53963.2417,1,6.938699999998789,BACKFILL_AUTO
2026-07-12 09:38:44,1783849124,R_75,53963.0057,-1,0.23599999999714782,BACKFILL_AUTO
2026-07-12 09:38:46,1783849126,R_75,53983.5349,1,20.529199999997218,BACKFILL_AUTO
2026-07-12 09:38:48,1783849128,R_75,53959.9023,-1,23.632599999997183,BACKFILL_AUTO
2026-07-12 09:38:50,1783849130,R_75,53959.4634,-1,0.4389000000010128,BACKFILL_AUTO
2026-07-12 09:38:52,1783849132,R_75,53947.3823,-1,12.081100000003062,BACKFILL_AUTO
2026-07-12 09:38:54,1783849134,R_75,53946.0396,-1,1.3427000000010594,BACKFILL_AUTO
2026-07-12 09:38:56,1783849136,R_75,53939.0482,-1,6.9913999999989755,BACKFILL_AUTO
2026-07-12 09:38:58,1783849138,R_75,53926.0329,-1,13.015299999999115,BACKFILL_AUTO
2026-07-12 09:39:00,1783849140,R_75,53923.1076,-1,2.9252999999953317,BACKFILL_AUTO
2026-07-12 09:39:02,1783849142,R_75,53920.4023,-1,2.7053000000014435,BACKFILL_AUTO
2026-07-12 09:39:04,1783849144,R_75,53907.7024,-1,12.699899999999616,BACKFILL_AUTO
2026-07-12 09:39:06,1783849146,R_75,53902.7005,-1,5.001900000002934,BACKFILL_AUTO
2026-07-12 09:39:08,1783849148,R_75,53909.6385,1,6.938000000001921,BACKFILL_AUTO
2026-07-12 09:39:10,1783849150,R_75,53919.2711,1,9.632599999997183,BACKFILL_AUTO
2026-07-12 09:39:12,1783849152,R_75,53912.6302,-1,6.64089999999851,BACKFILL_AUTO
2026-07-12 09:39:14,1783849154,R_75,53921.3548,1,8.724600000001374,BACKFILL_AUTO
2026-07-12 09:39:16,1783849156,R_75,53924.7029,1,3.348099999995611,BACKFILL_AUTO
2026-07-12 09:39:18,1783849158,R_75,53916.7319,-1,7.97099999999773,BACKFILL_AUTO
2026-07-12 09:39:20,1783849160,R_75,53908.1159,-1,8.616000000001804,BACKFILL_AUTO
2026-07-12 09:39:22,1783849162,R_75,53943.6729,1,35.5570000000007,BACKFILL_AUTO
2026-07-12 09:39:24,1783849164,R_75,53935.4849,-1,8.187999999994645,BACKFILL_AUTO
2026-07-12 09:39:26,1783849166,R_75,53937.3808,1,1.8958999999958905,BACKFILL_AUTO
2026-07-12 09:39:28,1783849168,R_75,53956.5145,1,19.1336999999985,BACKFILL_AUTO
2026-07-12 09:39:30,1783849170,R_75,53935.2448,-1,21.2696999999971,BACKFILL_AUTO
2026-07-12 09:39:32,1783849172,R_75,53944.7561,1,9.5112999999983,BACKFILL_AUTO
2026-07-12 09:39:34,1783849174,R_75,53936.768,-1,7.988100000002305,BACKFILL_AUTO
2026-07-12 09:39:36,1783849176,R_75,53935.388,-1,1.3799999999973807,BACKFILL_AUTO
2026-07-12 09:39:38,1783849178,R_75,53940.828,1,5.440000000002328,BACKFILL_AUTO
2026-07-12 09:39:40,1783849180,R_75,53947.2622,1,6.4341999999960535,BACKFILL_AUTO
2026-07-12 09:39:42,1783849182,R_75,53929.9267,-1,17.335499999993772,BACKFILL_AUTO
2026-07-12 09:39:44,1783849184,R_75,53959.4928,1,29.566099999996368,BACKFILL_AUTO
2026-07-12 09:39:46,1783849186,R_75,53974.7721,1,15.279300000001967,BACKFILL_AUTO
2026-07-12 09:39:48,1783849188,R_75,53976.0319,1,1.2597999999998137,BACKFILL_AUTO
2026-07-12 09:39:50,1783849190,R_75,53974.5318,-1,1.5001000000047497,BACKFILL_AUTO
2026-07-12 09:39:52,1783849192,R_75,53964.0043,-1,10.527499999996508,BACKFILL_AUTO
2026-07-12 09:39:54,1783849194,R_75,53953.4675,-1,10.536800000001676,BACKFILL_AUTO
2026-07-12 09:39:56,1783849196,R_75,53972.518,1,19.050499999997555,BACKFILL_AUTO
2026-07-12 09:39:58,1783849198,R_75,53949.6045,-1,22.91349999999511,BACKFILL_AUTO
2026-07-12 09:40:00,1783849200,R_75,53960.7166,1,11.112099999998463,BACKFILL_AUTO
2026-07-12 09:40:02,1783849202,R_75,53961.9667,1,1.2500999999974738,BACKFILL_AUTO
2026-07-12 09:40:04,1783849204,R_75,53967.8229,1,5.856200000001991,BACKFILL_AUTO
2026-07-12 09:40:06,1783849206,R_75,53977.0916,1,9.268700000000536,BACKFILL_AUTO
2026-07-12 09:40:08,1783849208,R_75,53988.8455,1,11.753900000003341,BACKFILL_AUTO
2026-07-12 09:40:10,1783849210,R_75,53987.8399,-1,1.0056000000040513,BACKFILL_AUTO
2026-07-12 09:40:12,1783849212,R_75,53995.8802,1,8.04030000000057,BACKFILL_AUTO
2026-07-12 09:40:14,1783849214,R_75,54002.4999,1,6.619700000002922,BACKFILL_AUTO
2026-07-12 09:40:16,1783849216,R_75,54001.0885,-1,1.4114000000045053,BACKFILL_AUTO
2026-07-12 09:40:18,1783849218,R_75,53998.8258,-1,2.262699999999313,BACKFILL_AUTO
2026-07-12 09:40:20,1783849220,R_75,53999.6648,1,0.8389999999999418,BACKFILL_AUTO
2026-07-12 09:40:22,1783849222,R_75,53992.6568,-1,7.00800000000163,BACKFILL_AUTO
2026-07-12 09:40:24,1783849224,R_75,53995.7615,1,3.104700000003504,BACKFILL_AUTO
2026-07-12 09:40:26,1783849226,R_75,54015.8498,1,20.088300000003073,BACKFILL_AUTO
2026-07-12 09:40:28,1783849228,R_75,54041.7311,1,25.881299999993644,BACKFILL_AUTO
2026-07-12 09:40:30,1783849230,R_75,54047.5047,1,5.773600000000442,BACKFILL_AUTO
2026-07-12 09:40:32,1783849232,R_75,54047.1618,-1,0.34289999999600695,BACKFILL_AUTO
2026-07-12 09:40:34,1783849234,R_75,54051.4591,1,4.2972999999983585,BACKFILL_AUTO
2026-07-12 09:40:36,1783849236,R_75,54044.212,-1,7.247100000000501,BACKFILL_AUTO
2026-07-12 09:40:38,1783849238,R_75,54037.6393,-1,6.572699999996985,BACKFILL_AUTO
2026-07-12 09:40:40,1783849240,R_75,54033.8283,-1,3.8110000000015134,BACKFILL_AUTO
2026-07-12 09:40:42,1783849242,R_75,54022.8892,-1,10.939100000003236,BACKFILL_AUTO
2026-07-12 09:40:44,1783849244,R_75,54025.2892,1,2.400000000001455,BACKFILL_AUTO
2026-07-12 09:40:46,1783849246,R_75,54042.5084,1,17.219199999999546,BACKFILL_AUTO
2026-07-12 09:40:48,1783849248,R_75,54031.3151,-1,11.193299999998999,BACKFILL_AUTO
2026-07-12 09:40:50,1783849250,R_75,54025.6031,-1,5.711999999999534,BACKFILL_AUTO
2026-07-12 09:40:52,1783849252,R_75,54024.6075,-1,0.995600000002014,BACKFILL_AUTO
2026-07-12 09:40:54,1783849254,R_75,54023.5824,-1,1.025099999998929,BACKFILL_AUTO
2026-07-12 09:40:56,1783849256,R_75,53994.1296,-1,29.452799999999115,BACKFILL_AUTO
2026-07-12 09:40:58,1783849258,R_75,54000.8826,1,6.752999999996973,BACKFILL_AUTO
2026-07-12 09:41:00,1783849260,R_75,53987.064,-1,13.818599999998696,BACKFILL_AUTO
2026-07-12 09:41:02,1783849262,R_75,53987.6778,1,0.6137999999991735,BACKFILL_AUTO
2026-07-12 09:41:04,1783849264,R_75,53978.8429,-1,8.834899999994377,BACKFILL_AUTO
2026-07-12 09:41:06,1783849266,R_75,53974.1816,-1,4.6612999999997555,BACKFILL_AUTO
2026-07-12 09:41:08,1783849268,R_75,53968.4272,-1,5.754400000005262,BACKFILL_AUTO
2026-07-12 09:41:10,1783849270,R_75,53954.583,-1,13.844199999999546,BACKFILL_AUTO
2026-07-12 09:41:12,1783849272,R_75,53977.8074,1,23.22439999999915,BACKFILL_AUTO
2026-07-12 09:41:14,1783849274,R_75,53964.8648,-1,12.942599999994854,BACKFILL_AUTO
2026-07-12 09:41:16,1783849276,R_75,53969.192,1,4.327199999999721,BACKFILL_AUTO
2026-07-12 09:41:18,1783849278,R_75,53962.6372,-1,6.5548000000053435,BACKFILL_AUTO
2026-07-12 09:41:20,1783849280,R_75,53968.3407,1,5.70350000000326,BACKFILL_AUTO
2026-07-12 09:41:22,1783849282,R_75,53979.0073,1,10.666599999996834,BACKFILL_AUTO
2026-07-12 09:41:24,1783849284,R_75,53979.1375,1,0.1301999999996042,BACKFILL_AUTO
2026-07-12 09:41:26,1783849286,R_75,53981.0892,1,1.9517000000050757,BACKFILL_AUTO
2026-07-12 09:41:28,1783849288,R_75,53974.2739,-1,6.815300000002026,BACKFILL_AUTO
2026-07-12 09:41:30,1783849290,R_75,53978.7059,1,4.4320000000006985,BACKFILL_AUTO
2026-07-12 09:41:32,1783849292,R_75,53997.8809,1,19.174999999995634,BACKFILL_AUTO
2026-07-12 09:41:34,1783849294,R_75,53997.1587,-1,0.7221999999965192,BACKFILL_AUTO
2026-07-12 09:41:36,1783849296,R_75,54007.624,1,10.46530000000348,BACKFILL_AUTO
2026-07-12 09:41:38,1783849298,R_75,54008.6419,1,1.0178999999989173,BACKFILL_AUTO
2026-07-12 09:41:40,1783849300,R_75,54035.3421,1,26.700199999999313,BACKFILL_AUTO
2026-07-12 09:41:42,1783849302,R_75,54039.9279,1,4.585800000000745,BACKFILL_AUTO
2026-07-12 09:41:44,1783849304,R_75,54051.6247,1,11.696799999997893,BACKFILL_AUTO
2026-07-12 09:41:46,1783849306,R_75,54053.0644,1,1.439700000002631,BACKFILL_AUTO
2026-07-12 09:41:48,1783849308,R_75,54045.146,-1,7.918400000002293,BACKFILL_AUTO
2026-07-12 09:41:50,1783849310,R_75,54060.9669,1,15.820899999998801,BACKFILL_AUTO
2026-07-12 09:41:52,1783849312,R_75,54062.7877,1,1.8208000000013271,BACKFILL_AUTO
2026-07-12 09:41:54,1783849314,R_75,54071.6941,1,8.906399999999849,BACKFILL_AUTO
2026-07-12 09:41:56,1783849316,R_75,54068.0847,-1,3.6094000000011874,BACKFILL_AUTO
2026-07-12 09:41:58,1783849318,R_75,54061.0408,-1,7.043899999996938,BACKFILL_AUTO
2026-07-12 09:42:00,1783849320,R_75,54072.7009,1,11.660100000000966,BACKFILL_AUTO
2026-07-12 09:42:02,1783849322,R_75,54076.0599,1,3.3589999999967404,BACKFILL_AUTO
2026-07-12 09:42:04,1783849324,R_75,54075.7507,-1,0.3092000000033295,BACKFILL_AUTO
2026-07-12 09:42:06,1783849326,R_75,54074.7543,-1,0.9963999999963562,BACKFILL_AUTO
2026-07-12 09:42:08,1783849328,R_75,54054.0198,-1,20.73449999999866,BACKFILL_AUTO
2026-07-12 09:42:10,1783849330,R_75,54059.709,1,5.68920000000071,BACKFILL_AUTO
2026-07-12 09:42:12,1783849332,R_75,54059.9555,1,0.24649999999383,BACKFILL_AUTO
2026-07-12 09:42:14,1783849334,R_75,54072.5239,1,12.568400000003749,BACKFILL_AUTO
2026-07-12 09:42:16,1783849336,R_75,54078.2297,1,5.705800000003364,BACKFILL_AUTO
2026-07-12 09:42:18,1783849338,R_75,54072.9095,-1,5.3202000000019325,BACKFILL_AUTO
2026-07-12 09:42:20,1783849340,R_75,54075.044,1,2.1345000000001164,BACKFILL_AUTO
2026-07-12 09:42:22,1783849342,R_75,54058.4518,-1,16.59219999999914,BACKFILL_AUTO
2026-07-12 09:42:24,1783849344,R_75,54060.6632,1,2.2114000000001397,BACKFILL_AUTO
2026-07-12 09:42:26,1783849346,R_75,54062.213,1,1.5498000000006869,BACKFILL_AUTO
2026-07-12 09:42:28,1783849348,R_75,54050.6572,-1,11.55580000000191,BACKFILL_AUTO
2026-07-12 09:42:30,1783849350,R_75,54032.7087,-1,17.948499999998603,BACKFILL_AUTO
2026-07-12 09:42:32,1783849352,R_75,54043.6054,1,10.896699999997509,BACKFILL_AUTO
2026-07-12 09:42:34,1783849354,R_75,54044.1547,1,0.549299999998766,BACKFILL_AUTO
2026-07-12 09:42:36,1783849356,R_75,54042.7464,-1,1.4082999999955064,BACKFILL_AUTO
2026-07-12 09:42:38,1783849358,R_75,54037.6007,-1,5.145700000000943,BACKFILL_AUTO
2026-07-12 09:42:40,1783849360,R_75,54032.5803,-1,5.020400000001246,BACKFILL_AUTO
2026-07-12 09:42:42,1783849362,R_75,54028.989,-1,3.5913000000000466,BACKFILL_AUTO
2026-07-12 09:42:44,1783849364,R_75,54026.3582,-1,2.630799999998999,BACKFILL_AUTO
2026-07-12 09:42:46,1783849366,R_75,54020.4141,-1,5.944100000000617,BACKFILL_AUTO
2026-07-12 09:42:48,1783849368,R_75,54012.4166,-1,7.997500000004948,BACKFILL_AUTO
2026-07-12 09:42:50,1783849370,R_75,54017.9133,1,5.4967000000033295,BACKFILL_AUTO
2026-07-12 09:42:52,1783849372,R_75,54014.2526,-1,3.660700000000361,BACKFILL_AUTO
2026-07-12 09:42:54,1783849374,R_75,54028.535,1,14.28240000000369,BACKFILL_AUTO
2026-07-12 09:42:56,1783849376,R_75,54044.1089,1,15.573899999995774,BACKFILL_AUTO
2026-07-12 09:42:58,1783849378,R_75,54052.0837,1,7.974800000003597,BACKFILL_AUTO
2026-07-12 09:43:00,1783849380,R_75,54051.2482,-1,0.8355000000010477,BACKFILL_AUTO
2026-07-12 09:43:02,1783849382,R_75,54050.4849,-1,0.7632999999987078,BACKFILL_AUTO
2026-07-12 09:43:04,1783849384,R_75,54066.459,1,15.974099999999453,BACKFILL_AUTO
2026-07-12 09:43:06,1783849386,R_75,54074.2487,1,7.7896999999939,BACKFILL_AUTO
2026-07-12 09:43:08,1783849388,R_75,54073.8522,-1,0.3964999999952852,BACKFILL_AUTO
2026-07-12 09:43:10,1783849390,R_75,54059.9484,-1,13.903800000000047,BACKFILL_AUTO
2026-07-12 09:43:12,1783849392,R_75,54060.5513,1,0.6028999999980442,BACKFILL_AUTO
2026-07-12 09:43:14,1783849394,R_75,54057.8436,-1,2.707699999999022,BACKFILL_AUTO
2026-07-12 09:43:16,1783849396,R_75,54040.2884,-1,17.555200000002515,BACKFILL_AUTO
2026-07-12 09:43:18,1783849398,R_75,54050.5342,1,10.245800000004238,BACKFILL_AUTO
2026-07-12 09:43:20,1783849400,R_75,54068.8677,1,18.33350000000064,BACKFILL_AUTO
2026-07-12 09:43:22,1783849402,R_75,54069.2306,1,0.3629000000000815,BACKFILL_AUTO
2026-07-12 09:43:24,1783849404,R_75,54071.7364,1,2.505799999998999,BACKFILL_AUTO
2026-07-12 09:43:26,1783849406,R_75,54069.4485,-1,2.287900000002992,BACKFILL_AUTO
2026-07-12 09:43:28,1783849408,R_75,54077.2246,1,7.776100000002771,BACKFILL_AUTO
2026-07-12 09:43:30,1783849410,R_75,54064.3744,-1,12.850200000000768,BACKFILL_AUTO
2026-07-12 09:43:32,1783849412,R_75,54050.7592,-1,13.615200000000186,BACKFILL_AUTO
2026-07-12 09:43:34,1783849414,R_75,54050.2514,-1,0.5077999999994063,BACKFILL_AUTO
2026-07-12 09:43:36,1783849416,R_75,54057.5551,1,7.303699999996752,BACKFILL_AUTO
2026-07-12 09:43:38,1783849418,R_75,54051.1716,-1,6.383499999996275,BACKFILL_AUTO
2026-07-12 09:43:40,1783849420,R_75,54052.6127,1,1.4410999999963678,BACKFILL_AUTO
2026-07-12 09:43:42,1783849422,R_75,54051.3051,-1,1.3076000000000931,BACKFILL_AUTO
2026-07-12 09:43:44,1783849424,R_75,54058.6767,1,7.371600000005856,BACKFILL_AUTO
2026-07-12 09:43:46,1783849426,R_75,54079.4489,1,20.77219999999943,BACKFILL_AUTO
2026-07-12 09:43:48,1783849428,R_75,54089.1982,1,9.749299999995856,BACKFILL_AUTO
2026-07-12 09:43:50,1783849430,R_75,54082.9329,-1,6.265299999999115,BACKFILL_AUTO
2026-07-12 09:43:52,1783849432,R_75,54084.2107,1,1.2778000000034808,BACKFILL_AUTO
2026-07-12 09:43:54,1783849434,R_75,54082.3995,-1,1.811200000003737,BACKFILL_AUTO
2026-07-12 09:43:56,1783849436,R_75,54065.8105,-1,16.588999999999942,BACKFILL_AUTO
2026-07-12 09:43:58,1783849438,R_75,54070.7103,1,4.899799999999232,BACKFILL_AUTO
2026-07-12 09:44:00,1783849440,R_75,54061.9641,-1,8.746200000001409,BACKFILL_AUTO
2026-07-12 09:44:02,1783849442,R_75,54073.6139,1,11.649799999999232,BACKFILL_AUTO
2026-07-12 09:44:04,1783849444,R_75,54073.8454,1,0.23150000000168802,BACKFILL_AUTO
2026-07-12 09:44:06,1783849446,R_75,54078.1733,1,4.327900000003865,BACKFILL_AUTO
2026-07-12 09:44:08,1783849448,R_75,54081.9273,1,3.754000000000815,BACKFILL_AUTO
2026-07-12 09:44:10,1783849450,R_75,54074.9844,-1,6.942900000001828,BACKFILL_AUTO
2026-07-12 09:44:12,1783849452,R_75,54068.9371,-1,6.0472999999983585,BACKFILL_AUTO
2026-07-12 09:44:14,1783849454,R_75,54069.393,1,0.45589999999356223,BACKFILL_AUTO
2026-07-12 09:44:16,1783849456,R_75,54066.9806,-1,2.412399999993795,BACKFILL_AUTO
2026-07-12 09:44:18,1783849458,R_75,54070.6305,1,3.6498999999967054,BACKFILL_AUTO
2026-07-12 09:44:20,1783849460,R_75,54081.6666,1,11.036099999997532,BACKFILL_AUTO
2026-07-12 09:44:22,1783849462,R_75,54072.2277,-1,9.438899999993737,BACKFILL_AUTO
2026-07-12 09:44:24,1783849464,R_75,54081.0751,1,8.847399999998743,BACKFILL_AUTO
2026-07-12 09:44:26,1783849466,R_75,54075.5081,-1,5.567000000002736,BACKFILL_AUTO
2026-07-12 09:44:28,1783849468,R_75,54076.648,1,1.1399000000019441,BACKFILL_AUTO
2026-07-12 09:44:30,1783849470,R_75,54071.2279,-1,5.4201000000030035,BACKFILL_AUTO
2026-07-12 09:44:32,1783849472,R_75,54061.3335,-1,9.894399999997404,BACKFILL_AUTO
2026-07-12 09:44:34,1783849474,R_75,54064.6948,1,3.361299999996845,BACKFILL_AUTO
2026-07-12 09:44:36,1783849476,R_75,54056.4338,-1,8.260999999998603,BACKFILL_AUTO
2026-07-12 09:44:38,1783849478,R_75,54068.4024,1,11.968600000000151,BACKFILL_AUTO
2026-07-12 09:44:40,1783849480,R_75,54075.0888,1,6.6863999999986845,BACKFILL_AUTO
2026-07-12 09:44:42,1783849482,R_75,54095.589,1,20.500200000002224,BACKFILL_AUTO
2026-07-12 09:44:44,1783849484,R_75,54080.3485,-1,15.240499999999884,BACKFILL_AUTO
2026-07-12 09:44:46,1783849486,R_75,54069.4452,-1,10.903299999998126,BACKFILL_AUTO
2026-07-12 09:44:48,1783849488,R_75,54090.8346,1,21.389400000000023,BACKFILL_AUTO
2026-07-12 09:44:50,1783849490,R_75,54101.0785,1,10.243900000001304,BACKFILL_AUTO
2026-07-12 09:44:52,1783849492,R_75,54081.2801,-1,19.798399999999674,BACKFILL_AUTO
2026-07-12 09:44:54,1783849494,R_75,54078.1223,-1,3.1578000000008615,BACKFILL_AUTO
2026-07-12 09:44:56,1783849496,R_75,54067.9763,-1,10.14600000000064,BACKFILL_AUTO
2026-07-12 09:44:58,1783849498,R_75,54047.989,-1,19.987300000000687,BACKFILL_AUTO
2026-07-12 09:45:00,1783849500,R_75,54054.5783,1,6.589299999999639,BACKFILL_AUTO
2026-07-12 09:45:02,1783849502,R_75,54057.0489,1,2.470600000000559,BACKFILL_AUTO
2026-07-12 09:45:04,1783849504,R_75,54045.908,-1,11.14089999999851,BACKFILL_AUTO
2026-07-12 09:45:06,1783849506,R_75,54053.8362,1,7.928199999994831,BACKFILL_AUTO
2026-07-12 09:45:08,1783849508,R_75,54050.8952,-1,2.940999999998894,BACKFILL_AUTO
2026-07-12 09:45:10,1783849510,R_75,54052.0417,1,1.1465000000025611,BACKFILL_AUTO
2026-07-12 09:45:12,1783849512,R_75,54052.044,1,0.002300000000104774,BACKFILL_AUTO
2026-07-12 09:45:14,1783849514,R_75,54057.9749,1,5.930899999999383,BACKFILL_AUTO
2026-07-12 09:45:16,1783849516,R_75,54057.4505,-1,0.5244000000020606,BACKFILL_AUTO
2026-07-12 09:45:18,1783849518,R_75,54043.0561,-1,14.394399999997404,BACKFILL_AUTO
2026-07-12 09:45:20,1783849520,R_75,54052.8582,1,9.802100000000792,BACKFILL_AUTO
2026-07-12 09:45:22,1783849522,R_75,54050.7578,-1,2.100400000002992,BACKFILL_AUTO
2026-07-12 09:45:24,1783849524,R_75,54032.6258,-1,18.131999999997788,BACKFILL_AUTO
2026-07-12 09:45:26,1783849526,R_75,54037.8468,1,5.22099999999773,BACKFILL_AUTO
2026-07-12 09:45:28,1783849528,R_75,54042.3799,1,4.533100000000559,BACKFILL_AUTO
2026-07-12 09:45:30,1783849530,R_75,54044.6126,1,2.2327000000004773,BACKFILL_AUTO
2026-07-12 09:45:32,1783849532,R_75,54048.0656,1,3.4530000000013388,BACKFILL_AUTO
2026-07-12 09:45:34,1783849534,R_75,54044.5076,-1,3.55800000000454,BACKFILL_AUTO
2026-07-12 09:45:36,1783849536,R_75,54041.0731,-1,3.434499999995751,BACKFILL_AUTO
2026-07-12 09:45:38,1783849538,R_75,54032.9025,-1,8.170600000004924,BACKFILL_AUTO
2026-07-12 09:45:40,1783849540,R_75,54030.7697,-1,2.1327999999994063,BACKFILL_AUTO
2026-07-12 09:45:42,1783849542,R_75,54039.5265,1,8.75680000000284,BACKFILL_AUTO
2026-07-12 09:45:44,1783849544,R_75,54039.3211,-1,0.20539999999891734,BACKFILL_AUTO
2026-07-12 09:45:46,1783849546,R_75,54048.6426,1,9.321499999998196,BACKFILL_AUTO
2026-07-12 09:45:48,1783849548,R_75,54051.509,1,2.8663999999989755,BACKFILL_AUTO
2026-07-12 09:45:50,1783849550,R_75,54048.7148,-1,2.7941999999966356,BACKFILL_AUTO
2026-07-12 09:45:52,1783849552,R_75,54048.053,-1,0.6618000000016764,BACKFILL_AUTO
2026-07-12 09:45:54,1783849554,R_75,54048.9691,1,0.9161000000021886,BACKFILL_AUTO
2026-07-12 09:45:56,1783849556,R_75,54056.1783,1,7.209199999997509,BACKFILL_AUTO
2026-07-12 09:45:58,1783849558,R_75,54061.805,1,5.62670000000071,BACKFILL_AUTO
2026-07-12 09:46:00,1783849560,R_75,54063.6733,1,1.8683000000019092,BACKFILL_AUTO
2026-07-12 09:46:02,1783849562,R_75,54072.7764,1,9.103100000000268,BACKFILL_AUTO
2026-07-12 09:46:04,1783849564,R_75,54086.3727,1,13.596299999997427,BACKFILL_AUTO
2026-07-12 09:46:06,1783849566,R_75,54091.6207,1,5.2479999999995925,BACKFILL_AUTO
2026-07-12 09:46:08,1783849568,R_75,54097.8009,1,6.180200000002515,BACKFILL_AUTO
2026-07-12 09:46:10,1783849570,R_75,54088.1688,-1,9.632100000002538,BACKFILL_AUTO
2026-07-12 09:46:12,1783849572,R_75,54079.0788,-1,9.089999999996508,BACKFILL_AUTO
2026-07-12 09:46:14,1783849574,R_75,54072.549,-1,6.529800000003888,BACKFILL_AUTO
2026-07-12 09:46:16,1783849576,R_75,54087.2998,1,14.750800000001618,BACKFILL_AUTO
2026-07-12 09:46:18,1783849578,R_75,54085.4976,-1,1.8021999999982654,BACKFILL_AUTO
2026-07-12 09:46:20,1783849580,R_75,54083.8786,-1,1.6190000000060536,BACKFILL_AUTO
2026-07-12 09:46:22,1783849582,R_75,54064.4793,-1,19.39929999999731,BACKFILL_AUTO
2026-07-12 09:46:24,1783849584,R_75,54065.5449,1,1.065600000001723,BACKFILL_AUTO
2026-07-12 09:46:26,1783849586,R_75,54060.5937,-1,4.951200000003155,BACKFILL_AUTO
2026-07-12 09:46:28,1783849588,R_75,54058.4823,-1,2.111399999994319,BACKFILL_AUTO
2026-07-12 09:46:30,1783849590,R_75,54066.1283,1,7.645999999993364,BACKFILL_AUTO
2026-07-12 09:46:32,1783849592,R_75,54074.132,1,8.003700000001118,BACKFILL_AUTO
2026-07-12 09:46:34,1783849594,R_75,54076.5455,1,2.4135000000023865,BACKFILL_AUTO
2026-07-12 09:46:36,1783849596,R_75,54058.3958,-1,18.149700000001758,BACKFILL_AUTO
2026-07-12 09:46:38,1783849598,R_75,54061.2942,1,2.898399999998219,BACKFILL_AUTO
2026-07-12 09:46:40,1783849600,R_75,54051.8777,-1,9.41649999999936,BACKFILL_AUTO
2026-07-12 09:46:42,1783849602,R_75,54055.6641,1,3.7864000000045053,BACKFILL_AUTO
2026-07-12 09:46:44,1783849604,R_75,54085.6037,1,29.93959999999788,BACKFILL_AUTO
2026-07-12 09:46:46,1783849606,R_75,54086.2715,1,0.6678000000028987,BACKFILL_AUTO
2026-07-12 09:46:48,1783849608,R_75,54074.4124,-1,11.85910000000149,BACKFILL_AUTO
2026-07-12 09:46:50,1783849610,R_75,54089.0243,1,14.61189999999624,BACKFILL_AUTO
2026-07-12 09:46:52,1783849612,R_75,54079.042,-1,9.98229999999603,BACKFILL_AUTO
2026-07-12 09:46:54,1783849614,R_75,54072.0497,-1,6.9922999999980675,BACKFILL_AUTO
2026-07-12 09:46:56,1783849616,R_75,54070.0527,-1,1.9970000000030268,BACKFILL_AUTO
2026-07-12 09:46:58,1783849618,R_75,54089.8933,1,19.840600000003178,BACKFILL_AUTO
2026-07-12 09:47:00,1783849620,R_75,54086.1845,-1,3.7088000000003376,BACKFILL_AUTO
2026-07-12 09:47:02,1783849622,R_75,54090.7975,1,4.612999999997555,BACKFILL_AUTO
2026-07-12 09:47:04,1783849624,R_75,54098.1943,1,7.3968000000022585,BACKFILL_AUTO
2026-07-12 09:47:06,1783849626,R_75,54098.597,1,0.4026999999987311,BACKFILL_AUTO
2026-07-12 09:47:08,1783849628,R_75,54099.3889,1,0.7918999999965308,BACKFILL_AUTO
2026-07-12 09:47:10,1783849630,R_75,54111.171,1,11.782100000003993,BACKFILL_AUTO
2026-07-12 09:47:12,1783849632,R_75,54116.1278,1,4.95679999999993,BACKFILL_AUTO
2026-07-12 09:47:14,1783849634,R_75,54100.177,-1,15.950799999998708,BACKFILL_AUTO
2026-07-12 09:47:16,1783849636,R_75,54096.0994,-1,4.077600000004168,BACKFILL_AUTO
2026-07-12 09:47:18,1783849638,R_75,54105.2888,1,9.189400000002934,BACKFILL_AUTO
2026-07-12 09:47:20,1783849640,R_75,54099.8203,-1,5.4685000000026776,BACKFILL_AUTO
2026-07-12 09:47:22,1783849642,R_75,54097.4052,-1,2.415099999998347,BACKFILL_AUTO
2026-07-12 09:47:24,1783849644,R_75,54113.5857,1,16.180500000002212,BACKFILL_AUTO
2026-07-12 09:47:26,1783849646,R_75,54121.668,1,8.082299999994575,BACKFILL_AUTO
2026-07-12 09:47:28,1783849648,R_75,54127.5287,1,5.8607000000047265,BACKFILL_AUTO
2026-07-12 09:47:30,1783849650,R_75,54125.6156,-1,1.9131000000052154,BACKFILL_AUTO
2026-07-12 09:47:32,1783849652,R_75,54135.0959,1,9.480300000002899,BACKFILL_AUTO
2026-07-12 09:47:34,1783849654,R_75,54142.3468,1,7.250899999999092,BACKFILL_AUTO
2026-07-12 09:47:36,1783849656,R_75,54131.8609,-1,10.485899999999674,BACKFILL_AUTO
2026-07-12 09:47:38,1783849658,R_75,54128.4388,-1,3.422099999996135,BACKFILL_AUTO
2026-07-12 09:47:40,1783849660,R_75,54117.5426,-1,10.896200000002864,BACKFILL_AUTO
2026-07-12 09:47:42,1783849662,R_75,54115.6813,-1,1.861300000004121,BACKFILL_AUTO
2026-07-12 09:47:44,1783849664,R_75,54102.3877,-1,13.293599999997241,BACKFILL_AUTO
2026-07-12 09:47:46,1783849666,R_75,54106.8828,1,4.495100000000093,BACKFILL_AUTO
2026-07-12 09:47:48,1783849668,R_75,54104.4952,-1,2.3876000000018394,BACKFILL_AUTO
2026-07-12 09:47:50,1783849670,R_75,54089.0919,-1,15.403299999998126,BACKFILL_AUTO
2026-07-12 09:47:52,1783849672,R_75,54089.1069,1,0.014999999999417923,BACKFILL_AUTO
2026-07-12 09:47:54,1783849674,R_75,54113.1225,1,24.015599999998813,BACKFILL_AUTO
2026-07-12 09:47:56,1783849676,R_75,54116.2271,1,3.1045999999987544,BACKFILL_AUTO
2026-07-12 09:47:58,1783849678,R_75,54128.4292,1,12.202100000002247,BACKFILL_AUTO
2026-07-12 09:48:00,1783849680,R_75,54127.1064,-1,1.3228000000017346,BACKFILL_AUTO
2026-07-12 09:48:02,1783849682,R_75,54122.6803,-1,4.42609999999695,BACKFILL_AUTO
2026-07-12 09:48:04,1783849684,R_75,54107.4468,-1,15.233500000002095,BACKFILL_AUTO
2026-07-12 09:48:06,1783849686,R_75,54088.6308,-1,18.815999999998894,BACKFILL_AUTO
2026-07-12 09:48:08,1783849688,R_75,54080.2278,-1,8.402999999998428,BACKFILL_AUTO
2026-07-12 09:48:10,1783849690,R_75,54069.5645,-1,10.663300000000163,BACKFILL_AUTO
2026-07-12 09:48:12,1783849692,R_75,54085.1712,1,15.606699999996636,BACKFILL_AUTO
2026-07-12 09:48:14,1783849694,R_75,54069.9175,-1,15.253699999993842,BACKFILL_AUTO
2026-07-12 09:48:16,1783849696,R_75,54070.9054,1,0.9879000000000815,BACKFILL_AUTO
2026-07-12 09:48:18,1783849698,R_75,54073.6214,1,2.7160000000003492,BACKFILL_AUTO
2026-07-12 09:48:20,1783849700,R_75,54070.6086,-1,3.012800000004063,BACKFILL_AUTO
2026-07-12 09:48:22,1783849702,R_75,54052.3226,-1,18.286000000000058,BACKFILL_AUTO
2026-07-12 09:48:24,1783849704,R_75,54049.6615,-1,2.661099999997532,BACKFILL_AUTO
2026-07-12 09:48:26,1783849706,R_75,54037.0138,-1,12.64770000000135,BACKFILL_AUTO
2026-07-12 09:48:28,1783849708,R_75,54032.7939,-1,4.21990000000369,BACKFILL_AUTO
2026-07-12 09:48:30,1783849710,R_75,54037.9356,1,5.141700000000128,BACKFILL_AUTO
2026-07-12 09:48:32,1783849712,R_75,54042.5015,1,4.56590000000142,BACKFILL_AUTO
2026-07-12 09:48:34,1783849714,R_75,54054.458,1,11.956500000000233,BACKFILL_AUTO
2026-07-12 09:48:36,1783849716,R_75,54027.2904,-1,27.167600000000675,BACKFILL_AUTO
2026-07-12 09:48:38,1783849718,R_75,54021.0874,-1,6.203000000001339,BACKFILL_AUTO
2026-07-12 09:48:40,1783849720,R_75,54029.6026,1,8.515200000001641,BACKFILL_AUTO
2026-07-12 09:48:42,1783849722,R_75,54037.4223,1,7.819700000000012,BACKFILL_AUTO
2026-07-12 09:48:44,1783849724,R_75,54032.6222,-1,4.800100000000384,BACKFILL_AUTO
2026-07-12 09:48:46,1783849726,R_75,54030.006,-1,2.616199999996752,BACKFILL_AUTO
2026-07-12 09:48:48,1783849728,R_75,54030.4047,1,0.39869999999791617,BACKFILL_AUTO
2026-07-12 09:48:50,1783849730,R_75,54034.5659,1,4.161200000002282,BACKFILL_AUTO
2026-07-12 09:48:52,1783849732,R_75,54028.7922,-1,5.773699999997916,BACKFILL_AUTO
2026-07-12 09:48:54,1783849734,R_75,54034.5668,1,5.774599999997008,BACKFILL_AUTO
2026-07-12 09:48:56,1783849736,R_75,54031.1151,-1,3.4516999999977998,BACKFILL_AUTO
2026-07-12 09:48:58,1783849738,R_75,54035.0261,1,3.911000000000058,BACKFILL_AUTO
2026-07-12 09:49:00,1783849740,R_75,54035.3684,1,0.3422999999966123,BACKFILL_AUTO
2026-07-12 09:49:02,1783849742,R_75,54039.0486,1,3.6802000000025146,BACKFILL_AUTO
2026-07-12 09:49:04,1783849744,R_75,54042.631,1,3.582399999999325,BACKFILL_AUTO
2026-07-12 09:49:06,1783849746,R_75,54056.6943,1,14.063300000001618,BACKFILL_AUTO
2026-07-12 09:49:08,1783849748,R_75,54044.0914,-1,12.60290000000532,BACKFILL_AUTO
2026-07-12 09:49:10,1783849750,R_75,54030.0447,-1,14.046699999998964,BACKFILL_AUTO
2026-07-12 09:49:12,1783849752,R_75,54020.6851,-1,9.359599999996135,BACKFILL_AUTO
2026-07-12 09:49:14,1783849754,R_75,54027.4418,1,6.756699999998091,BACKFILL_AUTO
2026-07-12 09:49:16,1783849756,R_75,54020.2747,-1,7.167099999998754,BACKFILL_AUTO
2026-07-12 09:49:18,1783849758,R_75,54027.2213,1,6.946599999995669,BACKFILL_AUTO
2026-07-12 09:49:20,1783849760,R_75,54021.5871,-1,5.634200000000419,BACKFILL_AUTO
2026-07-12 09:49:22,1783849762,R_75,54023.8345,1,2.247400000000198,BACKFILL_AUTO
2026-07-12 09:49:24,1783849764,R_75,54039.7328,1,15.898300000000745,BACKFILL_AUTO
2026-07-12 09:49:26,1783849766,R_75,54057.6901,1,17.95730000000185,BACKFILL_AUTO
2026-07-12 09:49:28,1783849768,R_75,54040.1321,-1,17.557999999997264,BACKFILL_AUTO
2026-07-12 09:49:30,1783849770,R_75,54035.7663,-1,4.365799999999581,BACKFILL_AUTO
2026-07-12 09:49:32,1783849772,R_75,54035.5445,-1,0.22179999999934807,BACKFILL_AUTO
2026-07-12 09:49:34,1783849774,R_75,54027.3975,-1,8.147000000004482,BACKFILL_AUTO
2026-07-12 09:49:36,1783849776,R_75,54022.062,-1,5.335500000001048,BACKFILL_AUTO
2026-07-12 09:49:38,1783849778,R_75,54035.1192,1,13.057200000002922,BACKFILL_AUTO
2026-07-12 09:49:40,1783849780,R_75,54031.4119,-1,3.707300000001851,BACKFILL_AUTO
2026-07-12 09:49:42,1783849782,R_75,54039.8569,1,8.444999999999709,BACKFILL_AUTO
2026-07-12 09:49:44,1783849784,R_75,54025.7425,-1,14.114399999998568,BACKFILL_AUTO
2026-07-12 09:49:46,1783849786,R_75,54024.639,-1,1.1034999999974389,BACKFILL_AUTO
2026-07-12 09:49:48,1783849788,R_75,54027.6177,1,2.9786999999996624,BACKFILL_AUTO
2026-07-12 09:49:50,1783849790,R_75,54025.114,-1,2.5037000000011176,BACKFILL_AUTO
2026-07-12 09:49:52,1783849792,R_75,54030.2532,1,5.1391999999978,BACKFILL_AUTO
2026-07-12 09:49:54,1783849794,R_75,54042.1758,1,11.922599999998056,BACKFILL_AUTO
2026-07-12 09:49:56,1783849796,R_75,54051.9839,1,9.808100000002014,BACKFILL_AUTO
2026-07-12 09:49:58,1783849798,R_75,54053.1583,1,1.1744000000035157,BACKFILL_AUTO
2026-07-12 09:50:00,1783849800,R_75,54055.0305,1,1.8721999999979744,BACKFILL_AUTO
2026-07-12 09:50:02,1783849802,R_75,54041.3824,-1,13.648099999998522,BACKFILL_AUTO
2026-07-12 09:50:04,1783849804,R_75,54036.3208,-1,5.061600000000908,BACKFILL_AUTO
2026-07-12 09:50:06,1783849806,R_75,54036.7475,1,0.42669999999634456,BACKFILL_AUTO
2026-07-12 09:50:08,1783849808,R_75,54040.6294,1,3.8819000000003143,BACKFILL_AUTO
2026-07-12 09:50:10,1783849810,R_75,54030.239,-1,10.390399999996589,BACKFILL_AUTO
2026-07-12 09:50:12,1783849812,R_75,54018.5701,-1,11.668900000004214,BACKFILL_AUTO
2026-07-12 09:50:14,1783849814,R_75,53999.7769,-1,18.79320000000007,BACKFILL_AUTO
2026-07-12 09:50:16,1783849816,R_75,54004.451,1,4.674100000003818,BACKFILL_AUTO
2026-07-12 09:50:18,1783849818,R_75,54016.6498,1,12.1987999999983,BACKFILL_AUTO
2026-07-12 09:50:20,1783849820,R_75,54023.9662,1,7.316400000003341,BACKFILL_AUTO
2026-07-12 09:50:22,1783849822,R_75,54038.7896,1,14.823399999993853,BACKFILL_AUTO
2026-07-12 09:50:24,1783849824,R_75,54058.5693,1,19.779700000006414,BACKFILL_AUTO
2026-07-12 09:50:26,1783849826,R_75,54076.8815,1,18.312200000000303,BACKFILL_AUTO
2026-07-12 09:50:28,1783849828,R_75,54075.3076,-1,1.57390000000305,BACKFILL_AUTO
2026-07-12 09:50:30,1783849830,R_75,54072.768,-1,2.539600000003702,BACKFILL_AUTO
2026-07-12 09:50:32,1783849832,R_75,54079.4569,1,6.688900000001013,BACKFILL_AUTO
2026-07-12 09:50:34,1783849834,R_75,54075.0275,-1,4.429400000000896,BACKFILL_AUTO
2026-07-12 09:50:36,1783849836,R_75,54093.0275,1,18.0,BACKFILL_AUTO
2026-07-12 09:50:38,1783849838,R_75,54086.5665,-1,6.460999999995693,BACKFILL_AUTO
2026-07-12 09:50:40,1783849840,R_75,54084.0181,-1,2.548399999999674,BACKFILL_AUTO
2026-07-12 09:50:42,1783849842,R_75,54082.9312,-1,1.0869000000020606,BACKFILL_AUTO
2026-07-12 09:50:44,1783849844,R_75,54090.1561,1,7.224900000001071,BACKFILL_AUTO
2026-07-12 09:50:46,1783849846,R_75,54099.5767,1,9.420599999997648,BACKFILL_AUTO
2026-07-12 09:50:48,1783849848,R_75,54086.5961,-1,12.98059999999532,BACKFILL_AUTO
2026-07-12 09:50:50,1783849850,R_75,54105.6884,1,19.092299999996612,BACKFILL_AUTO
2026-07-12 09:50:52,1783849852,R_75,54107.9354,1,2.247000000003027,BACKFILL_AUTO
2026-07-12 09:50:54,1783849854,R_75,54100.7453,-1,7.190099999999802,BACKFILL_AUTO
2026-07-12 09:50:56,1783849856,R_75,54103.1604,1,2.415099999998347,BACKFILL_AUTO
2026-07-12 09:50:58,1783849858,R_75,54114.0426,1,10.882200000000012,BACKFILL_AUTO
2026-07-12 09:51:00,1783849860,R_75,54096.6531,-1,17.389499999997497,BACKFILL_AUTO
2026-07-12 09:51:02,1783849862,R_75,54092.7781,-1,3.875,BACKFILL_AUTO
2026-07-12 09:51:04,1783849864,R_75,54098.0448,1,5.266700000000128,BACKFILL_AUTO
2026-07-12 09:51:06,1783849866,R_75,54078.9684,-1,19.07640000000538,BACKFILL_AUTO
2026-07-12 09:51:08,1783849868,R_75,54085.6346,1,6.666199999999662,BACKFILL_AUTO
2026-07-12 09:51:10,1783849870,R_75,54073.1138,-1,12.520799999998417,BACKFILL_AUTO
2026-07-12 09:51:12,1783849872,R_75,54058.576,-1,14.537799999998242,BACKFILL_AUTO
2026-07-12 09:51:14,1783849874,R_75,54050.132,-1,8.444000000003143,BACKFILL_AUTO
2026-07-12 09:51:16,1783849876,R_75,54044.7552,-1,5.376799999998184,BACKFILL_AUTO
2026-07-12 09:51:18,1783849878,R_75,54042.3912,-1,2.364000000001397,BACKFILL_AUTO
2026-07-12 09:51:20,1783849880,R_75,54024.2331,-1,18.15810000000056,BACKFILL_AUTO
2026-07-12 09:51:22,1783849882,R_75,54014.7774,-1,9.455699999998615,BACKFILL_AUTO
2026-07-12 09:51:24,1783849884,R_75,54017.8353,1,3.0578999999997905,BACKFILL_AUTO
2026-07-12 09:51:26,1783849886,R_75,54023.0656,1,5.230300000002899,BACKFILL_AUTO
2026-07-12 09:51:28,1783849888,R_75,54011.4689,-1,11.596700000001874,BACKFILL_AUTO
2026-07-12 09:51:30,1783849890,R_75,54026.2228,1,14.753900000003341,BACKFILL_AUTO
2026-07-12 09:51:32,1783849892,R_75,54025.6811,-1,0.5417000000015832,BACKFILL_AUTO
2026-07-12 09:51:34,1783849894,R_75,54046.0592,1,20.378100000001723,BACKFILL_AUTO
2026-07-12 09:51:36,1783849896,R_75,54065.3931,1,19.33389999999781,BACKFILL_AUTO
2026-07-12 09:51:38,1783849898,R_75,54061.2849,-1,4.108200000002398,BACKFILL_AUTO
2026-07-12 09:51:40,1783849900,R_75,54061.4188,1,0.13390000000072177,BACKFILL_AUTO
2026-07-12 09:51:42,1783849902,R_75,54053.8255,-1,7.593300000000454,BACKFILL_AUTO
2026-07-12 09:51:44,1783849904,R_75,54051.7118,-1,2.1137000000016997,BACKFILL_AUTO
2026-07-12 09:51:46,1783849906,R_75,54035.9954,-1,15.71639999999752,BACKFILL_AUTO
2026-07-12 09:51:48,1783849908,R_75,54022.2676,-1,13.72780000000057,BACKFILL_AUTO
2026-07-12 09:51:50,1783849910,R_75,54026.6379,1,4.370300000002317,BACKFILL_AUTO
2026-07-12 09:51:52,1783849912,R_75,54014.2873,-1,12.35059999999794,BACKFILL_AUTO
2026-07-12 09:51:54,1783849914,R_75,54020.5084,1,6.221099999995204,BACKFILL_AUTO
2026-07-12 09:51:56,1783849916,R_75,54026.0927,1,5.5843000000022585,BACKFILL_AUTO
2026-07-12 09:51:58,1783849918,R_75,54034.217,1,8.124299999995856,BACKFILL_AUTO
2026-07-12 09:52:00,1783849920,R_75,54024.9432,-1,9.27379999999539,BACKFILL_AUTO
2026-07-12 09:52:02,1783849922,R_75,54014.8237,-1,10.119500000000698,BACKFILL_AUTO
2026-07-12 09:52:04,1783849924,R_75,54007.0664,-1,7.757299999997485,BACKFILL_AUTO
2026-07-12 09:52:06,1783849926,R_75,53991.2101,-1,15.85630000000674,BACKFILL_AUTO
2026-07-12 09:52:08,1783849928,R_75,54000.9649,1,9.754800000002433,BACKFILL_AUTO
2026-07-12 09:52:10,1783849930,R_75,54012.6616,1,11.696700000000419,BACKFILL_AUTO
2026-07-12 09:52:12,1783849932,R_75,54031.0614,1,18.39979999999923,BACKFILL_AUTO
2026-07-12 09:52:14,1783849934,R_75,54047.1976,1,16.136200000000827,BACKFILL_AUTO
2026-07-12 09:52:16,1783849936,R_75,54033.5461,-1,13.651499999999942,BACKFILL_AUTO
2026-07-12 09:52:18,1783849938,R_75,54013.9564,-1,19.58969999999681,BACKFILL_AUTO
2026-07-12 09:52:20,1783849940,R_75,54018.1911,1,4.234699999993609,BACKFILL_AUTO
2026-07-12 09:52:22,1783849942,R_75,54012.6523,-1,5.538799999994808,BACKFILL_AUTO
2026-07-12 09:52:24,1783849944,R_75,53988.9261,-1,23.72620000000461,BACKFILL_AUTO
2026-07-12 09:52:26,1783849946,R_75,53991.1655,1,2.239400000005844,BACKFILL_AUTO
2026-07-12 09:52:28,1783849948,R_75,53992.8319,1,1.66639999999461,BACKFILL_AUTO
2026-07-12 09:52:30,1783849950,R_75,53995.5878,1,2.7559000000037486,BACKFILL_AUTO
2026-07-12 09:52:32,1783849952,R_75,53989.5325,-1,6.055299999999988,BACKFILL_AUTO
2026-07-12 09:52:34,1783849954,R_75,53982.9837,-1,6.548800000004121,BACKFILL_AUTO
2026-07-12 09:52:36,1783849956,R_75,53987.1663,1,4.182600000000093,BACKFILL_AUTO
2026-07-12 09:52:38,1783849958,R_75,53948.7335,-1,38.43279999999504,BACKFILL_AUTO
2026-07-12 09:52:40,1783849960,R_75,53952.4143,1,3.6807999999946333,BACKFILL_AUTO
2026-07-12 09:52:42,1783849962,R_75,53944.8794,-1,7.534899999998743,BACKFILL_AUTO
2026-07-12 09:52:44,1783849964,R_75,53946.8365,1,1.9570999999996275,BACKFILL_AUTO
2026-07-12 09:52:46,1783849966,R_75,53950.1991,1,3.362600000000384,BACKFILL_AUTO
2026-07-12 09:52:48,1783849968,R_75,53950.2942,1,0.09509999999863794,BACKFILL_AUTO
2026-07-12 09:52:50,1783849970,R_75,53951.0776,1,0.7834000000002561,BACKFILL_AUTO
2026-07-12 09:52:52,1783849972,R_75,53961.7847,1,10.707099999999627,BACKFILL_AUTO
2026-07-12 09:52:54,1783849974,R_75,53959.5731,-1,2.2115999999950873,BACKFILL_AUTO
2026-07-12 09:52:56,1783849976,R_75,53973.6916,1,14.118499999996857,BACKFILL_AUTO
2026-07-12 09:52:58,1783849978,R_75,53989.3343,1,15.64270000000397,BACKFILL_AUTO
2026-07-12 09:53:00,1783849980,R_75,53986.4981,-1,2.836200000005192,BACKFILL_AUTO
2026-07-12 09:53:02,1783849982,R_75,54028.5415,1,42.04340000000229,BACKFILL_AUTO
2026-07-12 09:53:04,1783849984,R_75,54053.1437,1,24.602200000001176,BACKFILL_AUTO
2026-07-12 09:53:06,1783849986,R_75,54063.391,1,10.247300000002724,BACKFILL_AUTO
2026-07-12 09:53:08,1783849988,R_75,54048.4579,-1,14.933100000002014,BACKFILL_AUTO
2026-07-12 09:53:10,1783849990,R_75,54034.8874,-1,13.57050000000163,BACKFILL_AUTO
2026-07-12 09:53:12,1783849992,R_75,54029.318,-1,5.569400000000314,BACKFILL_AUTO
2026-07-12 09:53:14,1783849994,R_75,54038.8027,1,9.484700000000885,BACKFILL_AUTO
2026-07-12 09:53:16,1783849996,R_75,54042.0641,1,3.26140000000305,BACKFILL_AUTO
2026-07-12 09:53:18,1783849998,R_75,54047.9815,1,5.917399999998452,BACKFILL_AUTO
2026-07-12 09:53:20,1783850000,R_75,54059.832,1,11.850500000000466,BACKFILL_AUTO
2026-07-12 09:53:22,1783850002,R_75,54076.1599,1,16.32789999999659,BACKFILL_AUTO
2026-07-12 09:53:24,1783850004,R_75,54070.9927,-1,5.167199999996228,BACKFILL_AUTO
2026-07-12 09:53:26,1783850006,R_75,54075.6703,1,4.6775999999954365,BACKFILL_AUTO
2026-07-12 09:53:28,1783850008,R_75,54094.5393,1,18.868999999998778,BACKFILL_AUTO
2026-07-12 09:53:30,1783850010,R_75,54091.9305,-1,2.608799999994517,BACKFILL_AUTO
2026-07-12 09:53:32,1783850012,R_75,54095.2973,1,3.3667999999961467,BACKFILL_AUTO
2026-07-12 09:53:34,1783850014,R_75,54094.1683,-1,1.129000000000815,BACKFILL_AUTO
2026-07-12 09:53:36,1783850016,R_75,54083.8099,-1,10.358399999997346,BACKFILL_AUTO
2026-07-12 09:53:38,1783850018,R_75,54085.7589,1,1.9490000000005239,BACKFILL_AUTO
2026-07-12 09:53:40,1783850020,R_75,54089.9372,1,4.178299999999581,BACKFILL_AUTO
2026-07-12 09:53:42,1783850022,R_75,54082.5391,-1,7.3980999999985215,BACKFILL_AUTO
2026-07-12 09:53:44,1783850024,R_75,54097.3097,1,14.770599999996193,BACKFILL_AUTO
2026-07-12 09:53:46,1783850026,R_75,54088.7838,-1,8.525900000000547,BACKFILL_AUTO
2026-07-12 09:53:48,1783850028,R_75,54101.6699,1,12.886100000003353,BACKFILL_AUTO
2026-07-12 09:53:50,1783850030,R_75,54112.5912,1,10.921300000001793,BACKFILL_AUTO
2026-07-12 09:53:52,1783850032,R_75,54114.2753,1,1.6840999999985797,BACKFILL_AUTO
2026-07-12 09:53:54,1783850034,R_75,54108.2883,-1,5.9870000000009895,BACKFILL_AUTO
2026-07-12 09:53:56,1783850036,R_75,54101.2662,-1,7.022100000001956,BACKFILL_AUTO
2026-07-12 09:53:58,1783850038,R_75,54087.4794,-1,13.786800000001676,BACKFILL_AUTO
2026-07-12 09:54:00,1783850040,R_75,54081.1279,-1,6.351499999997031,BACKFILL_AUTO
2026-07-12 09:54:02,1783850042,R_75,54080.5239,-1,0.6039999999993597,BACKFILL_AUTO
2026-07-12 09:54:04,1783850044,R_75,54063.1151,-1,17.408799999997427,BACKFILL_AUTO
2026-07-12 09:54:06,1783850046,R_75,54075.7092,1,12.594099999994796,BACKFILL_AUTO
2026-07-12 09:54:08,1783850048,R_75,54048.8613,-1,26.847900000000664,BACKFILL_AUTO
2026-07-12 09:54:10,1783850050,R_75,54044.8854,-1,3.9758999999976368,BACKFILL_AUTO
2026-07-12 09:54:12,1783850052,R_75,54054.4186,1,9.533199999998033,BACKFILL_AUTO
2026-07-12 09:54:14,1783850054,R_75,54034.7112,-1,19.707399999999325,BACKFILL_AUTO
2026-07-12 09:54:16,1783850056,R_75,54027.5625,-1,7.148699999997916,BACKFILL_AUTO
2026-07-12 09:54:18,1783850058,R_75,54023.1087,-1,4.453800000002957,BACKFILL_AUTO
2026-07-12 09:54:20,1783850060,R_75,54029.7897,1,6.681000000004133,BACKFILL_AUTO
2026-07-12 09:54:22,1783850062,R_75,54041.7237,1,11.934000000001106,BACKFILL_AUTO
2026-07-12 09:54:24,1783850064,R_75,54030.2291,-1,11.494600000005448,BACKFILL_AUTO
2026-07-12 09:54:26,1783850066,R_75,54024.853,-1,5.3760999999940395,BACKFILL_AUTO
2026-07-12 09:54:28,1783850068,R_75,54020.6224,-1,4.230600000002596,BACKFILL_AUTO
2026-07-12 09:54:30,1783850070,R_75,54017.7297,-1,2.892699999996694,BACKFILL_AUTO
2026-07-12 09:54:32,1783850072,R_75,54010.6375,-1,7.0922000000064145,BACKFILL_AUTO
2026-07-12 09:54:34,1783850074,R_75,54026.7142,1,16.076700000005076,BACKFILL_AUTO
2026-07-12 09:54:36,1783850076,R_75,54037.6316,1,10.917399999998452,BACKFILL_AUTO
2026-07-12 09:54:38,1783850078,R_75,54036.6881,-1,0.9435000000012224,BACKFILL_AUTO
2026-07-12 09:54:40,1783850080,R_75,54026.8001,-1,9.88799999999901,BACKFILL_AUTO
2026-07-12 09:54:42,1783850082,R_75,54037.8465,1,11.046399999999267,BACKFILL_AUTO
2026-07-12 09:54:44,1783850084,R_75,54034.3769,-1,3.469599999996717,BACKFILL_AUTO
2026-07-12 09:54:46,1783850086,R_75,54052.2983,1,17.921399999999267,BACKFILL_AUTO
2026-07-12 09:54:48,1783850088,R_75,54053.0771,1,0.7788000000000466,BACKFILL_AUTO
2026-07-12 09:54:50,1783850090,R_75,54053.0676,-1,0.009500000000116415,BACKFILL_AUTO
2026-07-12 09:54:52,1783850092,R_75,54055.4131,1,2.345499999995809,BACKFILL_AUTO
2026-07-12 09:54:54,1783850094,R_75,54062.5649,1,7.151799999999639,BACKFILL_AUTO
2026-07-12 09:54:56,1783850096,R_75,54050.3024,-1,12.26249999999709,BACKFILL_AUTO
2026-07-12 09:54:58,1783850098,R_75,54019.0918,-1,31.21059999999852,BACKFILL_AUTO
2026-07-12 09:55:00,1783850100,R_75,54024.5337,1,5.441899999997986,BACKFILL_AUTO
2026-07-12 09:55:02,1783850102,R_75,54010.2038,-1,14.329899999996996,BACKFILL_AUTO
2026-07-12 09:55:04,1783850104,R_75,54008.707,-1,1.4968000000008033,BACKFILL_AUTO
2026-07-12 09:55:06,1783850106,R_75,54014.5324,1,5.825399999994261,BACKFILL_AUTO
2026-07-12 09:55:08,1783850108,R_75,54021.7953,1,7.262900000001537,BACKFILL_AUTO
2026-07-12 09:55:10,1783850110,R_75,54007.2066,-1,14.588700000000244,BACKFILL_AUTO
2026-07-12 09:55:12,1783850112,R_75,54016.4217,1,9.215100000001257,BACKFILL_AUTO
2026-07-12 09:55:14,1783850114,R_75,54027.9888,1,11.56710000000021,BACKFILL_AUTO
2026-07-12 09:55:16,1783850116,R_75,54046.4729,1,18.48410000000149,BACKFILL_AUTO
2026-07-12 09:55:18,1783850118,R_75,54054.2885,1,7.815600000001723,BACKFILL_AUTO
2026-07-12 09:55:20,1783850120,R_75,54052.085,-1,2.2035000000032596,BACKFILL_AUTO
2026-07-12 09:55:22,1783850122,R_75,54036.0498,-1,16.03519999999844,BACKFILL_AUTO
2026-07-12 09:55:24,1783850124,R_75,54032.0802,-1,3.969600000003993,BACKFILL_AUTO
2026-07-12 09:55:26,1783850126,R_75,54032.4242,1,0.3440000000045984,BACKFILL_AUTO
2026-07-12 09:55:28,1783850128,R_75,54023.0784,-1,9.345800000002782,BACKFILL_AUTO
2026-07-12 09:55:30,1783850130,R_75,54044.1044,1,21.02599999999802,BACKFILL_AUTO
2026-07-12 09:55:32,1783850132,R_75,54042.548,-1,1.556399999994028,BACKFILL_AUTO
2026-07-12 09:55:34,1783850134,R_75,54044.1014,1,1.5533999999970547,BACKFILL_AUTO
2026-07-12 09:55:36,1783850136,R_75,54071.2246,1,27.123200000001816,BACKFILL_AUTO
2026-07-12 09:55:38,1783850138,R_75,54073.7194,1,2.494800000000396,BACKFILL_AUTO
2026-07-12 09:55:40,1783850140,R_75,54062.633,-1,11.08640000000014,BACKFILL_AUTO
2026-07-12 09:55:42,1783850142,R_75,54053.7045,-1,8.928500000001804,BACKFILL_AUTO
2026-07-12 09:55:44,1783850144,R_75,54059.8876,1,6.183100000002014,BACKFILL_AUTO
2026-07-12 09:55:46,1783850146,R_75,54053.0366,-1,6.8510000000023865,BACKFILL_AUTO
2026-07-12 09:55:48,1783850148,R_75,54057.9324,1,4.895799999998417,BACKFILL_AUTO
2026-07-12 09:55:50,1783850150,R_75,54044.6338,-1,13.298599999994622,BACKFILL_AUTO
2026-07-12 09:55:52,1783850152,R_75,54062.8216,1,18.187799999999697,BACKFILL_AUTO
2026-07-12 09:55:54,1783850154,R_75,54052.3078,-1,10.513800000000629,BACKFILL_AUTO
2026-07-12 09:55:56,1783850156,R_75,54045.9838,-1,6.324000000000524,BACKFILL_AUTO
2026-07-12 09:55:58,1783850158,R_75,54064.4514,1,18.46759999999631,BACKFILL_AUTO
2026-07-12 09:56:00,1783850160,R_75,54065.8756,1,1.4242000000012922,BACKFILL_AUTO
2026-07-12 09:56:02,1783850162,R_75,54059.5424,-1,6.333200000000943,BACKFILL_AUTO
2026-07-12 09:56:04,1783850164,R_75,54065.4744,1,5.9320000000006985,BACKFILL_AUTO
2026-07-12 09:56:06,1783850166,R_75,54051.6191,-1,13.855299999995623,BACKFILL_AUTO
2026-07-12 09:56:08,1783850168,R_75,54048.5825,-1,3.036600000006729,BACKFILL_AUTO
2026-07-12 09:56:10,1783850170,R_75,54043.3522,-1,5.230299999995623,BACKFILL_AUTO
2026-07-12 09:56:12,1783850172,R_75,54050.2017,1,6.849499999996624,BACKFILL_AUTO
2026-07-12 09:56:14,1783850174,R_75,54043.8383,-1,6.363399999994726,BACKFILL_AUTO
2026-07-12 09:56:16,1783850176,R_75,54034.2502,-1,9.58810000000085,BACKFILL_AUTO
2026-07-12 09:56:18,1783850178,R_75,54037.3716,1,3.121399999996356,BACKFILL_AUTO
2026-07-12 09:56:20,1783850180,R_75,54043.8112,1,6.439599999997881,BACKFILL_AUTO
2026-07-12 09:56:22,1783850182,R_75,54051.6054,1,7.7942000000039116,BACKFILL_AUTO
2026-07-12 09:56:24,1783850184,R_75,54053.2562,1,1.6508000000030734,BACKFILL_AUTO
2026-07-12 09:56:26,1783850186,R_75,54054.4061,1,1.1498999999967054,BACKFILL_AUTO
2026-07-12 09:56:28,1783850188,R_75,54062.0675,1,7.661399999997229,BACKFILL_AUTO
2026-07-12 09:56:30,1783850190,R_75,54076.059,1,13.991500000003725,BACKFILL_AUTO
2026-07-12 09:56:32,1783850192,R_75,54080.8648,1,4.805800000001909,BACKFILL_AUTO
2026-07-12 09:56:34,1783850194,R_75,54075.2881,-1,5.576700000005076,BACKFILL_AUTO
2026-07-12 09:56:36,1783850196,R_75,54073.4932,-1,1.79490000000078,BACKFILL_AUTO
2026-07-12 09:56:38,1783850198,R_75,54073.5799,1,0.08669999999983702,BACKFILL_AUTO
2026-07-12 09:56:40,1783850200,R_75,54091.3638,1,17.783900000002177,BACKFILL_AUTO
2026-07-12 09:56:42,1783850202,R_75,54111.3037,1,19.93989999999758,BACKFILL_AUTO
2026-07-12 09:56:44,1783850204,R_75,54115.9531,1,4.6494000000020606,BACKFILL_AUTO
2026-07-12 09:56:46,1783850206,R_75,54091.2321,-1,24.72099999999773,BACKFILL_AUTO
2026-07-12 09:56:48,1783850208,R_75,54080.8676,-1,10.364500000003318,BACKFILL_AUTO
2026-07-12 09:56:50,1783850210,R_75,54076.2843,-1,4.583299999998417,BACKFILL_AUTO
2026-07-12 09:56:52,1783850212,R_75,54095.771,1,19.486700000001292,BACKFILL_AUTO
2026-07-12 09:56:54,1783850214,R_75,54093.626,-1,2.1450000000040745,BACKFILL_AUTO
2026-07-12 09:56:56,1783850216,R_75,54087.3391,-1,6.28689999999915,BACKFILL_AUTO
2026-07-12 09:56:58,1783850218,R_75,54089.3597,1,2.020600000003469,BACKFILL_AUTO
2026-07-12 09:57:00,1783850220,R_75,54095.2324,1,5.872699999999895,BACKFILL_AUTO
2026-07-12 09:57:02,1783850222,R_75,54098.085,1,2.852599999998347,BACKFILL_AUTO
2026-07-12 09:57:04,1783850224,R_75,54114.6202,1,16.53519999999844,BACKFILL_AUTO
2026-07-12 09:57:06,1783850226,R_75,54115.1479,1,0.527700000006007,BACKFILL_AUTO
2026-07-12 09:57:08,1783850228,R_75,54122.1612,1,7.013299999998708,BACKFILL_AUTO
2026-07-12 09:57:10,1783850230,R_75,54113.9471,-1,8.214100000004692,BACKFILL_AUTO
2026-07-12 09:57:12,1783850232,R_75,54108.2145,-1,5.732599999995728,BACKFILL_AUTO
2026-07-12 09:57:14,1783850234,R_75,54104.8052,-1,3.409299999999348,BACKFILL_AUTO
2026-07-12 09:57:16,1783850236,R_75,54109.3332,1,4.527999999998428,BACKFILL_AUTO
2026-07-12 09:57:18,1783850238,R_75,54115.3867,1,6.053500000001804,BACKFILL_AUTO
2026-07-12 09:57:20,1783850240,R_75,54113.3471,-1,2.039600000003702,BACKFILL_AUTO
2026-07-12 09:57:22,1783850242,R_75,54112.754,-1,0.5930999999982305,BACKFILL_AUTO
2026-07-12 09:57:24,1783850244,R_75,54125.3784,1,12.624400000000605,BACKFILL_AUTO
2026-07-12 09:57:26,1783850246,R_75,54116.3667,-1,9.011700000002747,BACKFILL_AUTO
2026-07-12 09:57:28,1783850248,R_75,54109.1992,-1,7.1674999999959255,BACKFILL_AUTO
2026-07-12 09:57:30,1783850250,R_75,54104.1454,-1,5.053800000001502,BACKFILL_AUTO
2026-07-12 09:57:32,1783850252,R_75,54110.4835,1,6.33810000000085,BACKFILL_AUTO
2026-07-12 09:57:34,1783850254,R_75,54116.0194,1,5.5358999999953085,BACKFILL_AUTO
2026-07-12 09:57:36,1783850256,R_75,54126.5937,1,10.574300000000221,BACKFILL_AUTO
2026-07-12 09:57:38,1783850258,R_75,54134.0825,1,7.4887999999991735,BACKFILL_AUTO
2026-07-12 09:57:40,1783850260,R_75,54137.8718,1,3.7893000000040047,BACKFILL_AUTO
2026-07-12 09:57:42,1783850262,R_75,54149.4469,1,11.57510000000184,BACKFILL_AUTO
2026-07-12 09:57:44,1783850264,R_75,54149.0501,-1,0.39680000000225846,BACKFILL_AUTO
2026-07-12 09:57:46,1783850266,R_75,54164.0443,1,14.994200000001001,BACKFILL_AUTO
2026-07-12 09:57:48,1783850268,R_75,54156.2844,-1,7.7599000000045635,BACKFILL_AUTO
2026-07-12 09:57:50,1783850270,R_75,54145.3658,-1,10.918599999997241,BACKFILL_AUTO
2026-07-12 09:57:52,1783850272,R_75,54158.2879,1,12.922100000003411,BACKFILL_AUTO
2026-07-12 09:57:54,1783850274,R_75,54148.8569,-1,9.431000000004133,BACKFILL_AUTO
2026-07-12 09:57:56,1783850276,R_75,54141.9071,-1,6.949800000002142,BACKFILL_AUTO
2026-07-12 09:57:58,1783850278,R_75,54153.9099,1,12.002800000002026,BACKFILL_AUTO
2026-07-12 09:58:00,1783850280,R_75,54143.1461,-1,10.763800000000629,BACKFILL_AUTO
2026-07-12 09:58:02,1783850282,R_75,54129.5647,-1,13.581399999995483,BACKFILL_AUTO
2026-07-12 09:58:04,1783850284,R_75,54108.0896,-1,21.475100000003295,BACKFILL_AUTO
2026-07-12 09:58:06,1783850286,R_75,54113.9786,1,5.889000000002852,BACKFILL_AUTO
2026-07-12 09:58:08,1783850288,R_75,54125.6648,1,11.686199999996461,BACKFILL_AUTO
2026-07-12 09:58:10,1783850290,R_75,54134.9499,1,9.285100000000966,BACKFILL_AUTO
2026-07-12 09:58:12,1783850292,R_75,54129.1082,-1,5.841699999997218,BACKFILL_AUTO
2026-07-12 09:58:14,1783850294,R_75,54128.0229,-1,1.0852999999988242,BACKFILL_AUTO
2026-07-12 09:58:16,1783850296,R_75,54141.6621,1,13.6391999999978,BACKFILL_AUTO
2026-07-12 09:58:18,1783850298,R_75,54150.0651,1,8.402999999998428,BACKFILL_AUTO
2026-07-12 09:58:20,1783850300,R_75,54149.4743,-1,0.5907999999981257,BACKFILL_AUTO
2026-07-12 09:58:22,1783850302,R_75,54152.9194,1,3.4450999999971827,BACKFILL_AUTO
2026-07-12 09:58:24,1783850304,R_75,54180.4413,1,27.521899999999732,BACKFILL_AUTO
2026-07-12 09:58:26,1783850306,R_75,54196.2286,1,15.787300000003597,BACKFILL_AUTO
2026-07-12 09:58:28,1783850308,R_75,54213.0733,1,16.84469999999419,BACKFILL_AUTO
2026-07-12 09:58:30,1783850310,R_75,54199.9681,-1,13.105199999998149,BACKFILL_AUTO
2026-07-12 09:58:32,1783850312,R_75,54192.2822,-1,7.685899999996764,BACKFILL_AUTO
2026-07-12 09:58:34,1783850314,R_75,54195.1546,1,2.872400000000198,BACKFILL_AUTO
2026-07-12 09:58:36,1783850316,R_75,54191.3737,-1,3.7809000000052038,BACKFILL_AUTO
2026-07-12 09:58:38,1783850318,R_75,54205.0286,1,13.654900000001362,BACKFILL_AUTO
2026-07-12 09:58:40,1783850320,R_75,54198.7712,-1,6.257399999994959,BACKFILL_AUTO
2026-07-12 09:58:42,1783850322,R_75,54212.8245,1,14.053299999999581,BACKFILL_AUTO
2026-07-12 09:58:44,1783850324,R_75,54208.5869,-1,4.237600000000384,BACKFILL_AUTO
2026-07-12 09:58:46,1783850326,R_75,54205.8362,-1,2.7507000000041444,BACKFILL_AUTO
2026-07-12 09:58:48,1783850328,R_75,54205.2326,-1,0.6035999999949127,BACKFILL_AUTO
2026-07-12 09:58:50,1783850330,R_75,54214.9181,1,9.685499999999593,BACKFILL_AUTO
2026-07-12 09:58:52,1783850332,R_75,54212.6775,-1,2.2406000000046333,BACKFILL_AUTO
2026-07-12 09:58:54,1783850334,R_75,54224.1465,1,11.469000000004598,BACKFILL_AUTO
2026-07-12 09:58:56,1783850336,R_75,54227.9685,1,3.8220000000001164,BACKFILL_AUTO
2026-07-12 09:58:58,1783850338,R_75,54223.8022,-1,4.166300000004412,BACKFILL_AUTO
2026-07-12 09:59:00,1783850340,R_75,54236.1465,1,12.344300000004296,BACKFILL_AUTO
2026-07-12 09:59:02,1783850342,R_75,54248.4485,1,12.301999999996042,BACKFILL_AUTO
2026-07-12 09:59:04,1783850344,R_75,54244.0854,-1,4.363099999995029,BACKFILL_AUTO
2026-07-12 09:59:06,1783850346,R_75,54254.2668,1,10.181399999994028,BACKFILL_AUTO
2026-07-12 09:59:08,1783850348,R_75,54241.7502,-1,12.516599999995378,BACKFILL_AUTO
2026-07-12 09:59:10,1783850350,R_75,54233.3564,-1,8.393800000005285,BACKFILL_AUTO
2026-07-12 09:59:12,1783850352,R_75,54229.9956,-1,3.3607999999949243,BACKFILL_AUTO
2026-07-12 09:59:14,1783850354,R_75,54213.3637,-1,16.631900000000314,BACKFILL_AUTO
2026-07-12 09:59:16,1783850356,R_75,54218.6043,1,5.240599999997357,BACKFILL_AUTO
2026-07-12 09:59:18,1783850358,R_75,54234.8556,1,16.25130000000354,BACKFILL_AUTO
2026-07-12 09:59:20,1783850360,R_75,54246.8379,1,11.98229999999603,BACKFILL_AUTO
2026-07-12 09:59:22,1783850362,R_75,54277.236,1,30.39809999999852,BACKFILL_AUTO
2026-07-12 09:59:24,1783850364,R_75,54279.1474,1,1.9114000000045053,BACKFILL_AUTO
2026-07-12 09:59:26,1783850366,R_75,54298.0083,1,18.860899999999674,BACKFILL_AUTO
2026-07-12 09:59:28,1783850368,R_75,54286.0868,-1,11.921500000004016,BACKFILL_AUTO
2026-07-12 09:59:30,1783850370,R_75,54280.9315,-1,5.155299999998533,BACKFILL_AUTO
2026-07-12 09:59:32,1783850372,R_75,54284.6113,1,3.6797999999980675,BACKFILL_AUTO
2026-07-12 09:59:34,1783850374,R_75,54303.5528,1,18.941500000000815,BACKFILL_AUTO
2026-07-12 09:59:36,1783850376,R_75,54309.2115,1,5.658699999999953,BACKFILL_AUTO
2026-07-12 09:59:38,1783850378,R_75,54296.7646,-1,12.446899999995367,BACKFILL_AUTO
2026-07-12 09:59:40,1783850380,R_75,54295.9983,-1,0.766300000002957,BACKFILL_AUTO
2026-07-12 09:59:42,1783850382,R_75,54292.1861,-1,3.8122000000003027,BACKFILL_AUTO
2026-07-12 09:59:44,1783850384,R_75,54285.7515,-1,6.434600000000501,BACKFILL_AUTO
2026-07-12 09:59:46,1783850386,R_75,54286.8741,1,1.1226000000024214,BACKFILL_AUTO
2026-07-12 09:59:48,1783850388,R_75,54298.6422,1,11.76810000000114,BACKFILL_AUTO
2026-07-12 09:59:50,1783850390,R_75,54270.1475,-1,28.494700000002922,BACKFILL_AUTO
2026-07-12 09:59:52,1783850392,R_75,54269.7482,-1,0.3992999999973108,BACKFILL_AUTO
2026-07-12 09:59:54,1783850394,R_75,54270.5359,1,0.7877000000007683,BACKFILL_AUTO
2026-07-12 09:59:56,1783850396,R_75,54277.292,1,6.756099999998696,BACKFILL_AUTO
2026-07-12 09:59:58,1783850398,R_75,54276.2394,-1,1.0526000000027125,BACKFILL_AUTO
2026-07-12 10:00:00,1783850400,R_75,54286.4794,1,10.239999999997963,BACKFILL_AUTO
2026-07-12 10:00:02,1783850402,R_75,54290.3838,1,3.904400000006717,BACKFILL_AUTO
2026-07-12 10:00:04,1783850404,R_75,54284.7504,-1,5.633400000006077,BACKFILL_AUTO
2026-07-12 10:00:06,1783850406,R_75,54286.2443,1,1.4939000000013039,BACKFILL_AUTO
2026-07-12 10:00:08,1783850408,R_75,54270.4183,-1,15.826000000000931,BACKFILL_AUTO
2026-07-12 10:00:10,1783850410,R_75,54276.5292,1,6.110899999999674,BACKFILL_AUTO
2026-07-12 10:00:12,1783850412,R_75,54276.1749,-1,0.35429999999905704,BACKFILL_AUTO
2026-07-12 10:00:14,1783850414,R_75,54286.6983,1,10.523399999998219,BACKFILL_AUTO
2026-07-12 10:00:16,1783850416,R_75,54281.4534,-1,5.24489999999787,BACKFILL_AUTO
2026-07-12 10:00:18,1783850418,R_75,54287.6087,1,6.155299999998533,BACKFILL_AUTO
2026-07-12 10:00:20,1783850420,R_75,54283.5121,-1,4.0965999999971245,BACKFILL_AUTO
2026-07-12 10:00:22,1783850422,R_75,54284.6534,1,1.141300000002957,BACKFILL_AUTO
2026-07-12 10:00:24,1783850424,R_75,54284.9352,1,0.28179999999701977,BACKFILL_AUTO
2026-07-12 10:00:26,1783850426,R_75,54282.0079,-1,2.927300000003015,BACKFILL_AUTO
2026-07-12 10:00:28,1783850428,R_75,54295.4174,1,13.409500000001572,BACKFILL_AUTO
2026-07-12 10:00:30,1783850430,R_75,54294.1196,-1,1.2978000000002794,BACKFILL_AUTO
2026-07-12 10:00:32,1783850432,R_75,54304.1965,1,10.076900000000023,BACKFILL_AUTO
2026-07-12 10:00:34,1783850434,R_75,54292.2819,-1,11.914599999996426,BACKFILL_AUTO
2026-07-12 10:00:36,1783850436,R_75,54300.7621,1,8.480199999998149,BACKFILL_AUTO
2026-07-12 10:00:38,1783850438,R_75,54308.0347,1,7.272599999996601,BACKFILL_AUTO
2026-07-12 10:00:40,1783850440,R_75,54300.0568,-1,7.977899999998044,BACKFILL_AUTO
2026-07-12 10:00:42,1783850442,R_75,54290.1494,-1,9.907399999996414,BACKFILL_AUTO
2026-07-12 10:00:44,1783850444,R_75,54294.2258,1,4.076399999998102,BACKFILL_AUTO
2026-07-12 10:00:46,1783850446,R_75,54295.6831,1,1.457300000001851,BACKFILL_AUTO
2026-07-12 10:00:48,1783850448,R_75,54317.5094,1,21.82630000000063,BACKFILL_AUTO
2026-07-12 10:00:50,1783850450,R_75,54306.3347,-1,11.174700000003213,BACKFILL_AUTO
2026-07-12 10:00:52,1783850452,R_75,54291.1987,-1,15.135999999998603,BACKFILL_AUTO
2026-07-12 10:00:54,1783850454,R_75,54307.8237,1,16.625,BACKFILL_AUTO
2026-07-12 10:00:56,1783850456,R_75,54317.6926,1,9.868900000001304,BACKFILL_AUTO
2026-07-12 10:00:58,1783850458,R_75,54320.213,1,2.5204000000012456,BACKFILL_AUTO
2026-07-12 10:01:00,1783850460,R_75,54313.6597,-1,6.553300000006857,BACKFILL_AUTO
2026-07-12 10:01:02,1783850462,R_75,54326.371,1,12.711300000002666,BACKFILL_AUTO
2026-07-12 10:01:04,1783850464,R_75,54329.1725,1,2.801500000001397,BACKFILL_AUTO
2026-07-12 10:01:06,1783850466,R_75,54323.635,-1,5.537499999998545,BACKFILL_AUTO
2026-07-12 10:01:08,1783850468,R_75,54348.825,1,25.189999999995052,BACKFILL_AUTO
2026-07-12 10:01:10,1783850470,R_75,54339.5079,-1,9.31710000000021,BACKFILL_AUTO
2026-07-12 10:01:12,1783850472,R_75,54333.8447,-1,5.663199999995413,BACKFILL_AUTO
2026-07-12 10:01:14,1783850474,R_75,54335.4053,1,1.5605999999970663,BACKFILL_AUTO
2026-07-12 10:01:16,1783850476,R_75,54352.816,1,17.41070000000036,BACKFILL_AUTO
2026-07-12 10:01:18,1783850478,R_75,54365.1289,1,12.312900000004447,BACKFILL_AUTO
2026-07-12 10:01:20,1783850480,R_75,54362.9304,-1,2.198500000005879,BACKFILL_AUTO
2026-07-12 10:01:22,1783850482,R_75,54361.3412,-1,1.5891999999948894,BACKFILL_AUTO
2026-07-12 10:01:24,1783850484,R_75,54352.0182,-1,9.323000000003958,BACKFILL_AUTO
2026-07-12 10:01:26,1783850486,R_75,54343.4219,-1,8.596299999997427,BACKFILL_AUTO
2026-07-12 10:01:28,1783850488,R_75,54341.0705,-1,2.3513999999995576,BACKFILL_AUTO
2026-07-12 10:01:30,1783850490,R_75,54342.6202,1,1.549699999995937,BACKFILL_AUTO
2026-07-12 10:01:32,1783850492,R_75,54326.8486,-1,15.771600000000035,BACKFILL_AUTO
2026-07-12 10:01:34,1783850494,R_75,54340.4145,1,13.56590000000142,BACKFILL_AUTO
2026-07-12 10:01:36,1783850496,R_75,54357.9869,1,17.572400000004563,BACKFILL_AUTO
2026-07-12 10:01:38,1783850498,R_75,54368.4033,1,10.41639999999461,BACKFILL_AUTO
2026-07-12 10:01:40,1783850500,R_75,54375.8895,1,7.486199999999371,BACKFILL_AUTO
2026-07-12 10:01:42,1783850502,R_75,54384.1745,1,8.285000000003492,BACKFILL_AUTO
2026-07-12 10:01:44,1783850504,R_75,54391.0565,1,6.881999999997788,BACKFILL_AUTO
2026-07-12 10:01:46,1783850506,R_75,54398.2939,1,7.237399999998161,BACKFILL_AUTO
2026-07-12 10:01:48,1783850508,R_75,54402.0272,1,3.733299999999872,BACKFILL_AUTO
2026-07-12 10:01:50,1783850510,R_75,54412.888,1,10.8608000000022,BACKFILL_AUTO
2026-07-12 10:01:52,1783850512,R_75,54420.2607,1,7.372699999999895,BACKFILL_AUTO
2026-07-12 10:01:54,1783850514,R_75,54429.8169,1,9.55619999999908,BACKFILL_AUTO
2026-07-12 10:01:56,1783850516,R_75,54409.9432,-1,19.87369999999646,BACKFILL_AUTO
2026-07-12 10:01:58,1783850518,R_75,54408.4369,-1,1.5063000000009197,BACKFILL_AUTO
2026-07-12 10:02:00,1783850520,R_75,54426.1561,1,17.719199999999546,BACKFILL_AUTO
2026-07-12 10:02:02,1783850522,R_75,54428.743,1,2.5869000000020606,BACKFILL_AUTO
2026-07-12 10:02:04,1783850524,R_75,54433.5384,1,4.795399999995425,BACKFILL_AUTO
2026-07-12 10:02:06,1783850526,R_75,54438.7534,1,5.2150000000037835,BACKFILL_AUTO
2026-07-12 10:02:08,1783850528,R_75,54415.2511,-1,23.502300000000105,BACKFILL_AUTO
2026-07-12 10:02:10,1783850530,R_75,54402.3315,-1,12.919600000001083,BACKFILL_AUTO
2026-07-12 10:02:12,1783850532,R_75,54402.8044,1,0.47290000000066357,BACKFILL_AUTO
2026-07-12 10:02:14,1783850534,R_75,54385.0477,-1,17.75669999999809,BACKFILL_AUTO
2026-07-12 10:02:16,1783850536,R_75,54379.8708,-1,5.176900000005844,BACKFILL_AUTO
2026-07-12 10:02:18,1783850538,R_75,54386.3627,1,6.491900000000896,BACKFILL_AUTO
2026-07-12 10:02:20,1783850540,R_75,54369.4093,-1,16.95339999999851,BACKFILL_AUTO
2026-07-12 10:02:22,1783850542,R_75,54374.7031,1,5.2937999999994645,BACKFILL_AUTO
2026-07-12 10:02:24,1783850544,R_75,54370.5979,-1,4.105199999998149,BACKFILL_AUTO
2026-07-12 10:02:26,1783850546,R_75,54378.1546,1,7.556700000001001,BACKFILL_AUTO
2026-07-12 10:02:28,1783850548,R_75,54402.5521,1,24.397499999999127,BACKFILL_AUTO
2026-07-12 10:02:30,1783850550,R_75,54403.6927,1,1.1405999999988126,BACKFILL_AUTO
2026-07-12 10:02:32,1783850552,R_75,54380.3681,-1,23.32459999999992,BACKFILL_AUTO
2026-07-12 10:02:34,1783850554,R_75,54381.5418,1,1.1736999999993714,BACKFILL_AUTO
2026-07-12 10:02:36,1783850556,R_75,54401.4019,1,19.860099999998056,BACKFILL_AUTO
2026-07-12 10:02:38,1783850558,R_75,54402.0943,1,0.6923999999999069,BACKFILL_AUTO
2026-07-12 10:02:40,1783850560,R_75,54402.7354,1,0.6411000000007334,BACKFILL_AUTO
2026-07-12 10:02:42,1783850562,R_75,54391.0051,-1,11.730299999995623,BACKFILL_AUTO
2026-07-12 10:02:44,1783850564,R_75,54413.4402,1,22.435099999995145,BACKFILL_AUTO
2026-07-12 10:02:46,1783850566,R_75,54417.263,1,3.8228000000017346,BACKFILL_AUTO
2026-07-12 10:02:48,1783850568,R_75,54413.9696,-1,3.2934000000022934,BACKFILL_AUTO
2026-07-12 10:02:50,1783850570,R_75,54398.268,-1,15.701600000000326,BACKFILL_AUTO
2026-07-12 10:02:52,1783850572,R_75,54389.0344,-1,9.23359999999957,BACKFILL_AUTO
2026-07-12 10:02:54,1783850574,R_75,54390.3848,1,1.3504000000029919,BACKFILL_AUTO
2026-07-12 10:02:56,1783850576,R_75,54401.7147,1,11.329899999996996,BACKFILL_AUTO
2026-07-12 10:02:58,1783850578,R_75,54406.1045,1,4.38980000000447,BACKFILL_AUTO
2026-07-12 10:03:00,1783850580,R_75,54396.391,-1,9.713499999998021,BACKFILL_AUTO
2026-07-12 10:03:02,1783850582,R_75,54403.7333,1,7.342299999996612,BACKFILL_AUTO
2026-07-12 10:03:04,1783850584,R_75,54376.6077,-1,27.125599999999395,BACKFILL_AUTO
2026-07-12 10:03:06,1783850586,R_75,54377.4309,1,0.8231999999989057,BACKFILL_AUTO
2026-07-12 10:03:08,1783850588,R_75,54371.4106,-1,6.020299999996496,BACKFILL_AUTO
2026-07-12 10:03:10,1783850590,R_75,54381.5441,1,10.133499999996275,BACKFILL_AUTO
2026-07-12 10:03:12,1783850592,R_75,54390.8717,1,9.327600000004168,BACKFILL_AUTO
2026-07-12 10:03:14,1783850594,R_75,54382.1351,-1,8.736600000003818,BACKFILL_AUTO
2026-07-12 10:03:16,1783850596,R_75,54381.2447,-1,0.890399999996589,BACKFILL_AUTO
2026-07-12 10:03:18,1783850598,R_75,54380.2223,-1,1.022400000001653,BACKFILL_AUTO
2026-07-12 10:03:20,1783850600,R_75,54379.064,-1,1.1583000000027823,BACKFILL_AUTO
2026-07-12 10:03:22,1783850602,R_75,54371.9272,-1,7.136800000000221,BACKFILL_AUTO
2026-07-12 10:03:24,1783850604,R_75,54381.6242,1,9.697000000000116,BACKFILL_AUTO
2026-07-12 10:03:26,1783850606,R_75,54399.859,1,18.23479999999836,BACKFILL_AUTO
2026-07-12 10:03:28,1783850608,R_75,54401.2275,1,1.3685000000041327,BACKFILL_AUTO
2026-07-12 10:03:30,1783850610,R_75,54396.1391,-1,5.088400000000547,BACKFILL_AUTO
2026-07-12 10:03:32,1783850612,R_75,54388.474,-1,7.665099999998347,BACKFILL_AUTO
2026-07-12 10:03:34,1783850614,R_75,54378.4731,-1,10.000899999999092,BACKFILL_AUTO
2026-07-12 10:03:36,1783850616,R_75,54390.9135,1,12.4403999999995,BACKFILL_AUTO
2026-07-12 10:03:38,1783850618,R_75,54377.2283,-1,13.685199999999895,BACKFILL_AUTO
2026-07-12 10:03:40,1783850620,R_75,54374.8826,-1,2.3457000000053085,BACKFILL_AUTO
2026-07-12 10:03:42,1783850622,R_75,54376.06,1,1.177400000000489,BACKFILL_AUTO
2026-07-12 10:03:44,1783850624,R_75,54385.3213,1,9.261300000005576,BACKFILL_AUTO
2026-07-12 10:03:46,1783850626,R_75,54372.1247,-1,13.196600000002945,BACKFILL_AUTO
2026-07-12 10:03:48,1783850628,R_75,54387.6594,1,15.53469999999652,BACKFILL_AUTO
2026-07-12 10:03:50,1783850630,R_75,54375.7094,-1,11.94999999999709,BACKFILL_AUTO
2026-07-12 10:03:52,1783850632,R_75,54379.8108,1,4.101399999999558,BACKFILL_AUTO
2026-07-12 10:03:54,1783850634,R_75,54372.3806,-1,7.430200000002515,BACKFILL_AUTO
2026-07-12 10:03:56,1783850636,R_75,54370.6542,-1,1.7263999999995576,BACKFILL_AUTO
2026-07-12 10:03:58,1783850638,R_75,54372.3918,1,1.7376000000003842,BACKFILL_AUTO
2026-07-12 10:04:00,1783850640,R_75,54374.31,1,1.9182000000000698,BACKFILL_AUTO
2026-07-12 10:04:02,1783850642,R_75,54369.2834,-1,5.026599999997416,BACKFILL_AUTO
2026-07-12 10:04:04,1783850644,R_75,54352.5475,-1,16.735899999999674,BACKFILL_AUTO
2026-07-12 10:04:06,1783850646,R_75,54340.9835,-1,11.563999999998487,BACKFILL_AUTO
2026-07-12 10:04:08,1783850648,R_75,54342.1962,1,1.2126999999964028,BACKFILL_AUTO
2026-07-12 10:04:10,1783850650,R_75,54353.2521,1,11.055899999999383,BACKFILL_AUTO
2026-07-12 10:04:12,1783850652,R_75,54330.4103,-1,22.84179999999469,BACKFILL_AUTO
2026-07-12 10:04:14,1783850654,R_75,54316.174,-1,14.236300000004121,BACKFILL_AUTO
2026-07-12 10:04:16,1783850656,R_75,54331.3452,1,15.171200000004319,BACKFILL_AUTO
2026-07-12 10:04:18,1783850658,R_75,54345.6509,1,14.30569999999716,BACKFILL_AUTO
2026-07-12 10:04:20,1783850660,R_75,54351.7898,1,6.138899999998102,BACKFILL_AUTO
2026-07-12 10:04:22,1783850662,R_75,54361.5389,1,9.749100000000908,BACKFILL_AUTO
2026-07-12 10:04:24,1783850664,R_75,54350.4121,-1,11.126799999998184,BACKFILL_AUTO
2026-07-12 10:04:26,1783850666,R_75,54351.2937,1,0.881600000000617,BACKFILL_AUTO
2026-07-12 10:04:28,1783850668,R_75,54331.9761,-1,19.31760000000213,BACKFILL_AUTO
2026-07-12 10:04:30,1783850670,R_75,54332.0831,1,0.10700000000360887,BACKFILL_AUTO
2026-07-12 10:04:32,1783850672,R_75,54320.7419,-1,11.341200000002573,BACKFILL_AUTO
2026-07-12 10:04:34,1783850674,R_75,54328.6817,1,7.939800000000105,BACKFILL_AUTO
2026-07-12 10:04:36,1783850676,R_75,54342.4208,1,13.73909999999887,BACKFILL_AUTO
2026-07-12 10:04:38,1783850678,R_75,54355.1336,1,12.712800000001153,BACKFILL_AUTO
2026-07-12 10:04:40,1783850680,R_75,54358.4369,1,3.303299999999581,BACKFILL_AUTO
2026-07-12 10:04:42,1783850682,R_75,54349.4035,-1,9.033400000000256,BACKFILL_AUTO
2026-07-12 10:04:44,1783850684,R_75,54351.1931,1,1.789599999996426,BACKFILL_AUTO
2026-07-12 10:04:46,1783850686,R_75,54354.172,1,2.978900000001886,BACKFILL_AUTO
2026-07-12 10:04:48,1783850688,R_75,54341.6752,-1,12.496800000000803,BACKFILL_AUTO
2026-07-12 10:04:50,1783850690,R_75,54360.657,1,18.981800000001385,BACKFILL_AUTO
2026-07-12 10:04:52,1783850692,R_75,54356.6746,-1,3.98240000000078,BACKFILL_AUTO
2026-07-12 10:04:54,1783850694,R_75,54365.1765,1,8.501900000002934,BACKFILL_AUTO
2026-07-12 10:04:56,1783850696,R_75,54365.9294,1,0.7528999999994994,BACKFILL_AUTO
2026-07-12 10:04:58,1783850698,R_75,54379.891,1,13.961600000002363,BACKFILL_AUTO
2026-07-12 10:05:00,1783850700,R_75,54384.7695,1,4.878499999998894,BACKFILL_AUTO
2026-07-12 10:05:02,1783850702,R_75,54380.9658,-1,3.803700000004028,BACKFILL_AUTO
2026-07-12 10:05:04,1783850704,R_75,54369.3616,-1,11.604200000001583,BACKFILL_AUTO
2026-07-12 10:05:06,1783850706,R_75,54372.465,1,3.103399999999965,BACKFILL_AUTO
2026-07-12 10:05:08,1783850708,R_75,54370.6283,-1,1.836699999999837,BACKFILL_AUTO
2026-07-12 10:05:10,1783850710,R_75,54364.3765,-1,6.251799999998184,BACKFILL_AUTO
2026-07-12 10:05:12,1783850712,R_75,54372.8991,1,8.522600000003877,BACKFILL_AUTO
2026-07-12 10:05:14,1783850714,R_75,54385.1025,1,12.20339999999851,BACKFILL_AUTO
2026-07-12 10:05:16,1783850716,R_75,54385.5394,1,0.43690000000060536,BACKFILL_AUTO
2026-07-12 10:05:18,1783850718,R_75,54384.4991,-1,1.0403000000005704,BACKFILL_AUTO
2026-07-12 10:05:20,1783850720,R_75,54378.7424,-1,5.756699999998091,BACKFILL_AUTO
2026-07-12 10:05:22,1783850722,R_75,54376.3124,-1,2.430000000000291,BACKFILL_AUTO
2026-07-12 10:05:24,1783850724,R_75,54378.8489,1,2.536499999994703,BACKFILL_AUTO
2026-07-12 10:05:26,1783850726,R_75,54358.2991,-1,20.549800000000687,BACKFILL_AUTO
2026-07-12 10:05:28,1783850728,R_75,54356.9686,-1,1.3304999999963911,BACKFILL_AUTO
2026-07-12 10:05:30,1783850730,R_75,54354.2238,-1,2.744800000000396,BACKFILL_AUTO
2026-07-12 10:05:32,1783850732,R_75,54360.473,1,6.249199999998382,BACKFILL_AUTO
2026-07-12 10:05:34,1783850734,R_75,54347.285,-1,13.187999999994645,BACKFILL_AUTO
2026-07-12 10:05:36,1783850736,R_75,54351.6198,1,4.334799999996903,BACKFILL_AUTO
2026-07-12 10:05:38,1783850738,R_75,54354.3393,1,2.7194999999992433,BACKFILL_AUTO
2026-07-12 10:05:40,1783850740,R_75,54369.4267,1,15.087400000003981,BACKFILL_AUTO
2026-07-12 10:05:42,1783850742,R_75,54388.5434,1,19.116699999998673,BACKFILL_AUTO
2026-07-12 10:05:44,1783850744,R_75,54378.7558,-1,9.787600000003295,BACKFILL_AUTO
2026-07-12 10:05:46,1783850746,R_75,54371.4485,-1,7.307300000000396,BACKFILL_AUTO
2026-07-12 10:05:48,1783850748,R_75,54379.0033,1,7.5547999999980675,BACKFILL_AUTO
2026-07-12 10:05:50,1783850750,R_75,54370.7737,-1,8.229599999998754,BACKFILL_AUTO
2026-07-12 10:05:52,1783850752,R_75,54355.0957,-1,15.677999999999884,BACKFILL_AUTO
2026-07-12 10:05:54,1783850754,R_75,54346.2328,-1,8.862900000000081,BACKFILL_AUTO
2026-07-12 10:05:56,1783850756,R_75,54329.563,-1,16.66979999999603,BACKFILL_AUTO
2026-07-12 10:05:58,1783850758,R_75,54330.9254,1,1.3623999999981606,BACKFILL_AUTO
2026-07-12 10:06:00,1783850760,R_75,54326.0589,-1,4.866499999996449,BACKFILL_AUTO
2026-07-12 10:06:02,1783850762,R_75,54333.4037,1,7.344799999998941,BACKFILL_AUTO
2026-07-12 10:06:04,1783850764,R_75,54338.7498,1,5.346099999995204,BACKFILL_AUTO
2026-07-12 10:06:06,1783850766,R_75,54350.5767,1,11.826900000000023,BACKFILL_AUTO
2026-07-12 10:06:08,1783850768,R_75,54358.1853,1,7.608599999999569,BACKFILL_AUTO
2026-07-12 10:06:10,1783850770,R_75,54345.6898,-1,12.495499999997264,BACKFILL_AUTO
2026-07-12 10:06:12,1783850772,R_75,54352.1827,1,6.492899999997462,BACKFILL_AUTO
2026-07-12 10:06:14,1783850774,R_75,54355.3614,1,3.178700000004028,BACKFILL_AUTO
2026-07-12 10:06:16,1783850776,R_75,54340.8611,-1,14.500299999999697,BACKFILL_AUTO
2026-07-12 10:06:18,1783850778,R_75,54324.8366,-1,16.024499999999534,BACKFILL_AUTO
2026-07-12 10:06:20,1783850780,R_75,54337.9187,1,13.082099999999627,BACKFILL_AUTO
2026-07-12 10:06:22,1783850782,R_75,54340.3096,1,2.39089999999851,BACKFILL_AUTO
2026-07-12 10:06:24,1783850784,R_75,54327.3753,-1,12.934300000000803,BACKFILL_AUTO
2026-07-12 10:06:26,1783850786,R_75,54321.1203,-1,6.254999999997381,BACKFILL_AUTO
2026-07-12 10:06:28,1783850788,R_75,54326.5395,1,5.419199999996636,BACKFILL_AUTO
2026-07-12 10:06:30,1783850790,R_75,54329.8952,1,3.35570000000007,BACKFILL_AUTO
2026-07-12 10:06:32,1783850792,R_75,54324.1515,-1,5.74369999999908,BACKFILL_AUTO
2026-07-12 10:06:34,1783850794,R_75,54326.8174,1,2.665899999999965,BACKFILL_AUTO
2026-07-12 10:06:36,1783850796,R_75,54323.9862,-1,2.8312000000005355,BACKFILL_AUTO
2026-07-12 10:06:38,1783850798,R_75,54328.6284,1,4.642200000002049,BACKFILL_AUTO
2026-07-12 10:06:40,1783850800,R_75,54333.8142,1,5.18579999999929,BACKFILL_AUTO
2026-07-12 10:06:42,1783850802,R_75,54340.9525,1,7.138299999998708,BACKFILL_AUTO
2026-07-12 10:06:44,1783850804,R_75,54341.7884,1,0.8358999999982188,BACKFILL_AUTO
2026-07-12 10:06:46,1783850806,R_75,54325.2295,-1,16.558899999996356,BACKFILL_AUTO
2026-07-12 10:06:48,1783850808,R_75,54325.5896,1,0.36009999999805586,BACKFILL_AUTO
2026-07-12 10:06:50,1783850810,R_75,54340.2179,1,14.628300000003946,BACKFILL_AUTO
2026-07-12 10:06:52,1783850812,R_75,54352.3399,1,12.12199999999575,BACKFILL_AUTO
2026-07-12 10:06:54,1783850814,R_75,54340.8023,-1,11.537599999996019,BACKFILL_AUTO
2026-07-12 10:06:56,1783850816,R_75,54345.5701,1,4.767799999994168,BACKFILL_AUTO
2026-07-12 10:06:58,1783850818,R_75,54346.3281,1,0.7580000000016298,BACKFILL_AUTO
2026-07-12 10:07:00,1783850820,R_75,54352.0019,1,5.673800000004121,BACKFILL_AUTO
2026-07-12 10:07:02,1783850822,R_75,54344.873,-1,7.128900000003341,BACKFILL_AUTO
2026-07-12 10:07:04,1783850824,R_75,54334.8292,-1,10.043799999999464,BACKFILL_AUTO
2026-07-12 10:07:06,1783850826,R_75,54341.4248,1,6.595600000000559,BACKFILL_AUTO
2026-07-12 10:07:08,1783850828,R_75,54337.399,-1,4.025800000003073,BACKFILL_AUTO
2026-07-12 10:07:10,1783850830,R_75,54331.5477,-1,5.851299999994808,BACKFILL_AUTO
2026-07-12 10:07:12,1783850832,R_75,54329.6407,-1,1.9069999999992433,BACKFILL_AUTO
2026-07-12 10:07:14,1783850834,R_75,54330.3173,1,0.6765999999988708,BACKFILL_AUTO
2026-07-12 10:07:16,1783850836,R_75,54346.4723,1,16.154999999998836,BACKFILL_AUTO
2026-07-12 10:07:18,1783850838,R_75,54351.9043,1,5.4320000000006985,BACKFILL_AUTO
2026-07-12 10:07:20,1783850840,R_75,54358.1486,1,6.244299999998475,BACKFILL_AUTO
2026-07-12 10:07:22,1783850842,R_75,54356.4988,-1,1.6497999999992317,BACKFILL_AUTO
2026-07-12 10:07:24,1783850844,R_75,54370.5208,1,14.021999999997206,BACKFILL_AUTO
2026-07-12 10:07:26,1783850846,R_75,54362.3121,-1,8.208699999995588,BACKFILL_AUTO
2026-07-12 10:07:28,1783850848,R_75,54373.9025,1,11.590399999993679,BACKFILL_AUTO
2026-07-12 10:07:30,1783850850,R_75,54374.5463,1,0.6438000000052853,BACKFILL_AUTO
2026-07-12 10:07:32,1783850852,R_75,54366.9883,-1,7.55800000000454,BACKFILL_AUTO
2026-07-12 10:07:34,1783850854,R_75,54366.9089,-1,0.07939999999507563,BACKFILL_AUTO
2026-07-12 10:07:36,1783850856,R_75,54363.0234,-1,3.885500000003958,BACKFILL_AUTO
2026-07-12 10:07:38,1783850858,R_75,54364.7399,1,1.71650000000227,BACKFILL_AUTO
2026-07-12 10:07:40,1783850860,R_75,54358.8837,-1,5.856200000001991,BACKFILL_AUTO
2026-07-12 10:07:42,1783850862,R_75,54353.8357,-1,5.047999999995227,BACKFILL_AUTO
2026-07-12 10:07:44,1783850864,R_75,54356.3838,1,2.5480999999999767,BACKFILL_AUTO
2026-07-12 10:07:46,1783850866,R_75,54354.2753,-1,2.1085000000020955,BACKFILL_AUTO
2026-07-12 10:07:48,1783850868,R_75,54363.7627,1,9.48739999999816,BACKFILL_AUTO
2026-07-12 10:07:50,1783850870,R_75,54372.6468,1,8.884100000002945,BACKFILL_AUTO
2026-07-12 10:07:52,1783850872,R_75,54364.6534,-1,7.993399999999383,BACKFILL_AUTO
2026-07-12 10:07:54,1783850874,R_75,54344.9159,-1,19.73750000000291,BACKFILL_AUTO
2026-07-12 10:07:56,1783850876,R_75,54349.7476,1,4.831700000002456,BACKFILL_AUTO
2026-07-12 10:07:58,1783850878,R_75,54333.0952,-1,16.652399999999034,BACKFILL_AUTO
2026-07-12 10:08:00,1783850880,R_75,54335.5159,1,2.420699999995122,BACKFILL_AUTO
2026-07-12 10:08:02,1783850882,R_75,54348.5635,1,13.047599999998056,BACKFILL_AUTO
2026-07-12 10:08:04,1783850884,R_75,54331.2184,-1,17.345099999998638,BACKFILL_AUTO
2026-07-12 10:08:06,1783850886,R_75,54320.137,-1,11.081399999995483,BACKFILL_AUTO
2026-07-12 10:08:08,1783850888,R_75,54327.3565,1,7.219499999999243,BACKFILL_AUTO
2026-07-12 10:08:10,1783850890,R_75,54338.2336,1,10.877099999997881,BACKFILL_AUTO
2026-07-12 10:08:12,1783850892,R_75,54332.6928,-1,5.540800000002491,BACKFILL_AUTO
2026-07-12 10:08:14,1783850894,R_75,54345.8615,1,13.16870000000199,BACKFILL_AUTO
2026-07-12 10:08:16,1783850896,R_75,54336.5147,-1,9.346799999999348,BACKFILL_AUTO
2026-07-12 10:08:18,1783850898,R_75,54353.7507,1,17.235999999997148,BACKFILL_AUTO
2026-07-12 10:08:20,1783850900,R_75,54344.6457,-1,9.104999999995925,BACKFILL_AUTO
2026-07-12 10:08:22,1783850902,R_75,54339.1217,-1,5.5239999999976135,BACKFILL_AUTO
2026-07-12 10:08:24,1783850904,R_75,54337.8154,-1,1.30630000000383,BACKFILL_AUTO
2026-07-12 10:08:26,1783850906,R_75,54328.9893,-1,8.826099999998405,BACKFILL_AUTO
2026-07-12 10:08:28,1783850908,R_75,54348.6895,1,19.700199999999313,BACKFILL_AUTO
2026-07-12 10:08:30,1783850910,R_75,54340.0104,-1,8.679100000001199,BACKFILL_AUTO
2026-07-12 10:08:32,1783850912,R_75,54340.1655,1,0.1551000000035856,BACKFILL_AUTO
2026-07-12 10:08:34,1783850914,R_75,54337.696,-1,2.4694999999992433,BACKFILL_AUTO
2026-07-12 10:08:36,1783850916,R_75,54329.3952,-1,8.300800000004529,BACKFILL_AUTO
2026-07-12 10:08:38,1783850918,R_75,54341.9161,1,12.520900000003166,BACKFILL_AUTO
2026-07-12 10:08:40,1783850920,R_75,54345.25,1,3.3338999999978114,BACKFILL_AUTO
2026-07-12 10:08:42,1783850922,R_75,54334.1596,-1,11.090400000000955,BACKFILL_AUTO
2026-07-12 10:08:44,1783850924,R_75,54319.5292,-1,14.630400000001828,BACKFILL_AUTO
2026-07-12 10:08:46,1783850926,R_75,54314.7513,-1,4.777899999993679,BACKFILL_AUTO
2026-07-12 10:08:48,1783850928,R_75,54306.6572,-1,8.094100000002072,BACKFILL_AUTO
2026-07-12 10:08:50,1783850930,R_75,54303.7405,-1,2.9167000000015832,BACKFILL_AUTO
2026-07-12 10:08:52,1783850932,R_75,54325.8301,1,22.089599999999336,BACKFILL_AUTO
2026-07-12 10:08:54,1783850934,R_75,54331.7282,1,5.8980999999985215,BACKFILL_AUTO
2026-07-12 10:08:56,1783850936,R_75,54339.2043,1,7.47609999999986,BACKFILL_AUTO
2026-07-12 10:08:58,1783850938,R_75,54345.3109,1,6.106599999999162,BACKFILL_AUTO
2026-07-12 10:09:00,1783850940,R_75,54343.3318,-1,1.9790999999968335,BACKFILL_AUTO
2026-07-12 10:09:02,1783850942,R_75,54338.0367,-1,5.2951000000030035,BACKFILL_AUTO
2026-07-12 10:09:04,1783850944,R_75,54327.5489,-1,10.487799999995332,BACKFILL_AUTO
2026-07-12 10:09:06,1783850946,R_75,54342.7817,1,15.232799999997951,BACKFILL_AUTO
2026-07-12 10:09:08,1783850948,R_75,54332.9107,-1,9.870999999999185,BACKFILL_AUTO
2026-07-12 10:09:10,1783850950,R_75,54333.6345,1,0.7237999999997555,BACKFILL_AUTO
2026-07-12 10:09:12,1783850952,R_75,54322.4907,-1,11.14379999999801,BACKFILL_AUTO
2026-07-12 10:09:14,1783850954,R_75,54333.3846,1,10.893899999995483,BACKFILL_AUTO
2026-07-12 10:09:16,1783850956,R_75,54329.9459,-1,3.4386999999987893,BACKFILL_AUTO
2026-07-12 10:09:18,1783850958,R_75,54312.6514,-1,17.294499999996333,BACKFILL_AUTO
2026-07-12 10:09:20,1783850960,R_75,54309.9946,-1,2.6568000000042957,BACKFILL_AUTO
2026-07-12 10:09:22,1783850962,R_75,54297.4274,-1,12.567199999997683,BACKFILL_AUTO
2026-07-12 10:09:24,1783850964,R_75,54283.9383,-1,13.48909999999887,BACKFILL_AUTO
2026-07-12 10:09:26,1783850966,R_75,54283.0139,-1,0.9244000000035157,BACKFILL_AUTO
2026-07-12 10:09:28,1783850968,R_75,54297.8053,1,14.791400000001886,BACKFILL_AUTO
2026-07-12 10:09:30,1783850970,R_75,54308.9525,1,11.14719999999943,BACKFILL_AUTO
2026-07-12 10:09:32,1783850972,R_75,54324.276,1,15.323499999998603,BACKFILL_AUTO
2026-07-12 10:09:34,1783850974,R_75,54333.1141,1,8.83810000000085,BACKFILL_AUTO
2026-07-12 10:09:36,1783850976,R_75,54313.6298,-1,19.484299999996438,BACKFILL_AUTO
2026-07-12 10:09:38,1783850978,R_75,54319.389,1,5.759200000000419,BACKFILL_AUTO
2026-07-12 10:09:40,1783850980,R_75,54320.0384,1,0.6493999999947846,BACKFILL_AUTO
2026-07-12 10:09:42,1783850982,R_75,54314.2452,-1,5.79320000000007,BACKFILL_AUTO
2026-07-12 10:09:44,1783850984,R_75,54301.3392,-1,12.905999999995402,BACKFILL_AUTO
2026-07-12 10:09:46,1783850986,R_75,54328.4276,1,27.088400000000547,BACKFILL_AUTO
2026-07-12 10:09:48,1783850988,R_75,54327.0114,-1,1.4161999999996624,BACKFILL_AUTO
2026-07-12 10:09:50,1783850990,R_75,54327.0053,-1,0.006100000005972106,BACKFILL_AUTO
2026-07-12 10:09:52,1783850992,R_75,54332.5987,1,5.593400000005204,BACKFILL_AUTO
2026-07-12 10:09:54,1783850994,R_75,54347.6102,1,15.011500000000524,BACKFILL_AUTO
2026-07-12 10:09:56,1783850996,R_75,54338.8715,-1,8.7387000000017,BACKFILL_AUTO
2026-07-12 10:09:58,1783850998,R_75,54348.1292,1,9.257700000001932,BACKFILL_AUTO
2026-07-12 10:10:00,1783851000,R_75,54352.6955,1,4.566299999998591,BACKFILL_AUTO
2026-07-12 10:10:02,1783851002,R_75,54354.9492,1,2.2537000000011176,BACKFILL_AUTO
2026-07-12 10:10:04,1783851004,R_75,54368.2628,1,13.31359999999404,BACKFILL_AUTO
2026-07-12 10:10:06,1783851006,R_75,54381.8353,1,13.572500000002037,BACKFILL_AUTO
2026-07-12 10:10:08,1783851008,R_75,54364.1656,-1,17.669699999998556,BACKFILL_AUTO
2026-07-12 10:10:10,1783851010,R_75,54371.6396,1,7.474000000001979,BACKFILL_AUTO
2026-07-12 10:10:12,1783851012,R_75,54368.4927,-1,3.1468999999997322,BACKFILL_AUTO
2026-07-12 10:10:14,1783851014,R_75,54374.0104,1,5.517699999996694,BACKFILL_AUTO
2026-07-12 10:10:16,1783851016,R_75,54387.9822,1,13.971799999999348,BACKFILL_AUTO
2026-07-12 10:10:18,1783851018,R_75,54383.0385,-1,4.94369999999617,BACKFILL_AUTO
2026-07-12 10:10:20,1783851020,R_75,54398.1368,1,15.098299999997835,BACKFILL_AUTO
2026-07-12 10:10:22,1783851022,R_75,54400.2663,1,2.1295000000027358,BACKFILL_AUTO
2026-07-12 10:10:24,1783851024,R_75,54411.7683,1,11.502000000000407,BACKFILL_AUTO
2026-07-12 10:10:26,1783851026,R_75,54409.6981,-1,2.0702000000019325,BACKFILL_AUTO
2026-07-12 10:10:28,1783851028,R_75,54395.508,-1,14.190099999999802,BACKFILL_AUTO
2026-07-12 10:10:30,1783851030,R_75,54411.4547,1,15.946700000000419,BACKFILL_AUTO
2026-07-12 10:10:32,1783851032,R_75,54415.2501,1,3.795399999995425,BACKFILL_AUTO
2026-07-12 10:10:34,1783851034,R_75,54410.4132,-1,4.836899999994785,BACKFILL_AUTO
2026-07-12 10:10:36,1783851036,R_75,54408.1209,-1,2.292300000000978,BACKFILL_AUTO
2026-07-12 10:10:38,1783851038,R_75,54418.9958,1,10.87489999999525,BACKFILL_AUTO
2026-07-12 10:10:40,1783851040,R_75,54419.0544,1,0.05860000000393484,BACKFILL_AUTO
2026-07-12 10:10:42,1783851042,R_75,54416.9101,-1,2.14429999999993,BACKFILL_AUTO
2026-07-12 10:10:44,1783851044,R_75,54422.2811,1,5.370999999999185,BACKFILL_AUTO
2026-07-12 10:10:46,1783851046,R_75,54416.0541,-1,6.226999999998952,BACKFILL_AUTO
2026-07-12 10:10:48,1783851048,R_75,54424.384,1,8.329899999996996,BACKFILL_AUTO
2026-07-12 10:10:50,1783851050,R_75,54426.5131,1,2.1290999999982887,BACKFILL_AUTO
2026-07-12 10:10:52,1783851052,R_75,54430.073,1,3.559900000000198,BACKFILL_AUTO
2026-07-12 10:10:54,1783851054,R_75,54435.9039,1,5.830900000000838,BACKFILL_AUTO
2026-07-12 10:10:56,1783851056,R_75,54448.2829,1,12.379000000000815,BACKFILL_AUTO
2026-07-12 10:10:58,1783851058,R_75,54434.3465,-1,13.936399999998685,BACKFILL_AUTO
2026-07-12 10:11:00,1783851060,R_75,54418.1602,-1,16.18630000000121,BACKFILL_AUTO
2026-07-12 10:11:02,1783851062,R_75,54409.0911,-1,9.069100000000617,BACKFILL_AUTO
2026-07-12 10:11:04,1783851064,R_75,54381.3777,-1,27.713400000000547,BACKFILL_AUTO
2026-07-12 10:11:06,1783851066,R_75,54390.3701,1,8.992400000002817,BACKFILL_AUTO
2026-07-12 10:11:08,1783851068,R_75,54400.4277,1,10.057600000000093,BACKFILL_AUTO
2026-07-12 10:11:10,1783851070,R_75,54398.7117,-1,1.7160000000003492,BACKFILL_AUTO
2026-07-12 10:11:12,1783851072,R_75,54377.1901,-1,21.521600000000035,BACKFILL_AUTO
2026-07-12 10:11:14,1783851074,R_75,54364.0104,-1,13.179700000000594,BACKFILL_AUTO
2026-07-12 10:11:16,1783851076,R_75,54374.4054,1,10.395000000004075,BACKFILL_AUTO
2026-07-12 10:11:18,1783851078,R_75,54381.6515,1,7.246099999996659,BACKFILL_AUTO
2026-07-12 10:11:20,1783851080,R_75,54380.6121,-1,1.0394000000014785,BACKFILL_AUTO
2026-07-12 10:11:22,1783851082,R_75,54377.4027,-1,3.2093999999997322,BACKFILL_AUTO
2026-07-12 10:11:24,1783851084,R_75,54379.1008,1,1.698100000001432,BACKFILL_AUTO
2026-07-12 10:11:26,1783851086,R_75,54389.0944,1,9.993600000001607,BACKFILL_AUTO
2026-07-12 10:11:28,1783851088,R_75,54407.802,1,18.70760000000155,BACKFILL_AUTO
2026-07-12 10:11:30,1783851090,R_75,54419.0523,1,11.250299999999697,BACKFILL_AUTO
2026-07-12 10:11:32,1783851092,R_75,54420.2676,1,1.2152999999962049,BACKFILL_AUTO
2026-07-12 10:11:34,1783851094,R_75,54429.5977,1,9.33009999999922,BACKFILL_AUTO
2026-07-12 10:11:36,1783851096,R_75,54439.2926,1,9.694900000002235,BACKFILL_AUTO
2026-07-12 10:11:38,1783851098,R_75,54446.5667,1,7.274100000002363,BACKFILL_AUTO
2026-07-12 10:11:40,1783851100,R_75,54446.6724,1,0.10570000000006985,BACKFILL_AUTO
2026-07-12 10:11:42,1783851102,R_75,54441.6979,-1,4.9745000000039,BACKFILL_AUTO
2026-07-12 10:11:44,1783851104,R_75,54451.4869,1,9.789000000004307,BACKFILL_AUTO
2026-07-12 10:11:46,1783851106,R_75,54448.5366,-1,2.950300000004063,BACKFILL_AUTO
2026-07-12 10:11:48,1783851108,R_75,54440.955,-1,7.581599999997707,BACKFILL_AUTO
2026-07-12 10:11:50,1783851110,R_75,54464.7285,1,23.773499999995693,BACKFILL_AUTO
2026-07-12 10:11:52,1783851112,R_75,54470.6119,1,5.883400000006077,BACKFILL_AUTO
2026-07-12 10:11:54,1783851114,R_75,54459.7869,-1,10.825000000004366,BACKFILL_AUTO
2026-07-12 10:11:56,1783851116,R_75,54467.7198,1,7.9328999999997905,BACKFILL_AUTO
2026-07-12 10:11:58,1783851118,R_75,54467.4417,-1,0.2780999999959022,BACKFILL_AUTO
2026-07-12 10:12:00,1783851120,R_75,54469.7281,1,2.2863999999972293,BACKFILL_AUTO
2026-07-12 10:12:02,1783851122,R_75,54483.8704,1,14.142299999999523,BACKFILL_AUTO
2026-07-12 10:12:04,1783851124,R_75,54471.5959,-1,12.274499999999534,BACKFILL_AUTO
2026-07-12 10:12:06,1783851126,R_75,54481.6301,1,10.034200000001874,BACKFILL_AUTO
2026-07-12 10:12:08,1783851128,R_75,54483.6627,1,2.032599999998638,BACKFILL_AUTO
2026-07-12 10:12:10,1783851130,R_75,54494.8742,1,11.211499999997613,BACKFILL_AUTO
2026-07-12 10:12:12,1783851132,R_75,54496.7195,1,1.8453000000008615,BACKFILL_AUTO
2026-07-12 10:12:14,1783851134,R_75,54517.006,1,20.28650000000198,BACKFILL_AUTO
2026-07-12 10:12:16,1783851136,R_75,54501.1238,-1,15.882200000000012,BACKFILL_AUTO
2026-07-12 10:12:18,1783851138,R_75,54506.4259,1,5.302100000000792,BACKFILL_AUTO
2026-07-12 10:12:20,1783851140,R_75,54512.4046,1,5.978699999999662,BACKFILL_AUTO
2026-07-12 10:12:22,1783851142,R_75,54497.256,-1,15.148600000000442,BACKFILL_AUTO
2026-07-12 10:12:24,1783851144,R_75,54503.1382,1,5.882200000000012,BACKFILL_AUTO
2026-07-12 10:12:26,1783851146,R_75,54509.0439,1,5.905699999995704,BACKFILL_AUTO
2026-07-12 10:12:28,1783851148,R_75,54513.1162,1,4.072299999999814,BACKFILL_AUTO
2026-07-12 10:12:30,1783851150,R_75,54516.9105,1,3.7943000000013853,BACKFILL_AUTO
2026-07-12 10:12:32,1783851152,R_75,54500.0744,-1,16.836100000000442,BACKFILL_AUTO
2026-07-12 10:12:34,1783851154,R_75,54482.6973,-1,17.37709999999788,BACKFILL_AUTO
2026-07-12 10:12:36,1783851156,R_75,54491.0835,1,8.386200000000827,BACKFILL_AUTO
2026-07-12 10:12:38,1783851158,R_75,54495.8714,1,4.787900000002992,BACKFILL_AUTO
2026-07-12 10:12:40,1783851160,R_75,54483.0207,-1,12.85070000000269,BACKFILL_AUTO
2026-07-12 10:12:42,1783851162,R_75,54464.695,-1,18.325700000001234,BACKFILL_AUTO
2026-07-12 10:12:44,1783851164,R_75,54457.6282,-1,7.066800000000512,BACKFILL_AUTO
2026-07-12 10:12:46,1783851166,R_75,54446.4081,-1,11.220099999998638,BACKFILL_AUTO
2026-07-12 10:12:48,1783851168,R_75,54450.3946,1,3.9864999999990687,BACKFILL_AUTO
2026-07-12 10:12:50,1783851170,R_75,54439.024,-1,11.370600000002014,BACKFILL_AUTO
2026-07-12 10:12:52,1783851172,R_75,54437.8284,-1,1.1955999999991036,BACKFILL_AUTO
2026-07-12 10:12:54,1783851174,R_75,54435.7427,-1,2.0856999999959953,BACKFILL_AUTO
2026-07-12 10:12:56,1783851176,R_75,54442.1334,1,6.390699999996286,BACKFILL_AUTO
2026-07-12 10:12:58,1783851178,R_75,54447.852,1,5.718600000000151,BACKFILL_AUTO
2026-07-12 10:13:00,1783851180,R_75,54455.2977,1,7.445700000003853,BACKFILL_AUTO
2026-07-12 10:13:02,1783851182,R_75,54465.0642,1,9.766499999997905,BACKFILL_AUTO
2026-07-12 10:13:04,1783851184,R_75,54451.7049,-1,13.359300000003714,BACKFILL_AUTO
2026-07-12 10:13:06,1783851186,R_75,54455.4008,1,3.695900000006077,BACKFILL_AUTO
2026-07-12 10:13:08,1783851188,R_75,54451.1882,-1,4.212600000006205,BACKFILL_AUTO
2026-07-12 10:13:10,1783851190,R_75,54437.3517,-1,13.836499999997613,BACKFILL_AUTO
2026-07-12 10:13:12,1783851192,R_75,54432.7344,-1,4.6172999999980675,BACKFILL_AUTO
2026-07-12 10:13:14,1783851194,R_75,54440.5524,1,7.8179999999993015,BACKFILL_AUTO
2026-07-12 10:13:16,1783851196,R_75,54438.5293,-1,2.0230999999985215,BACKFILL_AUTO
2026-07-12 10:13:18,1783851198,R_75,54450.3122,1,11.782899999998335,BACKFILL_AUTO
2026-07-12 10:13:20,1783851200,R_75,54471.7906,1,21.478399999999965,BACKFILL_AUTO
2026-07-12 10:13:22,1783851202,R_75,54453.815,-1,17.97559999999794,BACKFILL_AUTO
2026-07-12 10:13:24,1783851204,R_75,54460.9052,1,7.090199999998731,BACKFILL_AUTO
2026-07-12 10:13:26,1783851206,R_75,54476.7149,1,15.809699999997974,BACKFILL_AUTO
2026-07-12 10:13:28,1783851208,R_75,54472.2696,-1,4.445299999999406,BACKFILL_AUTO
2026-07-12 10:13:30,1783851210,R_75,54455.876,-1,16.39360000000306,BACKFILL_AUTO
2026-07-12 10:13:32,1783851212,R_75,54453.4932,-1,2.3827999999994063,BACKFILL_AUTO
2026-07-12 10:13:34,1783851214,R_75,54457.0871,1,3.5938999999998487,BACKFILL_AUTO
2026-07-12 10:13:36,1783851216,R_75,54477.0955,1,20.008400000006077,BACKFILL_AUTO
2026-07-12 10:13:38,1783851218,R_75,54489.1311,1,12.035599999995611,BACKFILL_AUTO
2026-07-12 10:13:40,1783851220,R_75,54502.7941,1,13.663000000000466,BACKFILL_AUTO
2026-07-12 10:13:42,1783851222,R_75,54511.6031,1,8.809000000001106,BACKFILL_AUTO
2026-07-12 10:13:44,1783851224,R_75,54516.5161,1,4.913000000000466,BACKFILL_AUTO
2026-07-12 10:13:46,1783851226,R_75,54495.77,-1,20.746100000003935,BACKFILL_AUTO
2026-07-12 10:13:48,1783851228,R_75,54496.9968,1,1.2268000000040047,BACKFILL_AUTO
2026-07-12 10:13:50,1783851230,R_75,54488.4219,-1,8.574899999999616,BACKFILL_AUTO
2026-07-12 10:13:52,1783851232,R_75,54494.293,1,5.871099999996659,BACKFILL_AUTO
2026-07-12 10:13:54,1783851234,R_75,54492.9291,-1,1.3638999999966472,BACKFILL_AUTO
2026-07-12 10:13:56,1783851236,R_75,54509.2332,1,16.3041000000012,BACKFILL_AUTO
2026-07-12 10:13:58,1783851238,R_75,54490.1028,-1,19.130400000001828,BACKFILL_AUTO
2026-07-12 10:14:00,1783851240,R_75,54474.9999,-1,15.102899999998044,BACKFILL_AUTO
2026-07-12 10:14:02,1783851242,R_75,54472.4446,-1,2.5552999999999884,BACKFILL_AUTO
2026-07-12 10:14:04,1783851244,R_75,54469.6731,-1,2.771500000002561,BACKFILL_AUTO
2026-07-12 10:14:06,1783851246,R_75,54465.9376,-1,3.735500000002503,BACKFILL_AUTO
2026-07-12 10:14:08,1783851248,R_75,54462.8048,-1,3.1327999999994063,BACKFILL_AUTO
2026-07-12 10:14:10,1783851250,R_75,54445.7009,-1,17.10389999999461,BACKFILL_AUTO
2026-07-12 10:14:12,1783851252,R_75,54438.6795,-1,7.021400000005087,BACKFILL_AUTO
2026-07-12 10:14:14,1783851254,R_75,54434.8558,-1,3.8237000000008265,BACKFILL_AUTO
2026-07-12 10:14:16,1783851256,R_75,54450.5309,1,15.675100000000384,BACKFILL_AUTO
2026-07-12 10:14:18,1783851258,R_75,54447.1618,-1,3.3690999999962514,BACKFILL_AUTO
2026-07-12 10:14:20,1783851260,R_75,54456.6684,1,9.506600000000617,BACKFILL_AUTO
2026-07-12 10:14:22,1783851262,R_75,54471.4897,1,14.821299999995972,BACKFILL_AUTO
2026-07-12 10:14:24,1783851264,R_75,54460.1102,-1,11.37949999999546,BACKFILL_AUTO
2026-07-12 10:14:26,1783851266,R_75,54450.953,-1,9.157200000001467,BACKFILL_AUTO
2026-07-12 10:14:28,1783851268,R_75,54451.6035,1,0.6504999999961001,BACKFILL_AUTO
2026-07-12 10:14:30,1783851270,R_75,54461.123,1,9.519500000002154,BACKFILL_AUTO
2026-07-12 10:14:32,1783851272,R_75,54437.8634,-1,23.25959999999759,BACKFILL_AUTO
2026-07-12 10:14:34,1783851274,R_75,54422.7048,-1,15.15860000000248,BACKFILL_AUTO
2026-07-12 10:14:36,1783851276,R_75,54416.5518,-1,6.152999999998428,BACKFILL_AUTO
2026-07-12 10:14:38,1783851278,R_75,54416.9546,1,0.40279999999620486,BACKFILL_AUTO
2026-07-12 10:14:40,1783851280,R_75,54422.2084,1,5.253800000005867,BACKFILL_AUTO
2026-07-12 10:14:42,1783851282,R_75,54419.7802,-1,2.428200000002107,BACKFILL_AUTO
2026-07-12 10:14:44,1783851284,R_75,54423.6777,1,3.897499999999127,BACKFILL_AUTO
2026-07-12 10:14:46,1783851286,R_75,54409.059,-1,14.61869999999908,BACKFILL_AUTO
2026-07-12 10:14:48,1783851288,R_75,54377.7182,-1,31.340799999998126,BACKFILL_AUTO
2026-07-12 10:14:50,1783851290,R_75,54387.231,1,9.512799999996787,BACKFILL_AUTO
2026-07-12 10:14:52,1783851292,R_75,54379.4613,-1,7.769699999997101,BACKFILL_AUTO
2026-07-12 10:14:54,1783851294,R_75,54378.3719,-1,1.0894000000043889,BACKFILL_AUTO
2026-07-12 10:14:56,1783851296,R_75,54359.7101,-1,18.661800000001676,BACKFILL_AUTO
2026-07-12 10:14:58,1783851298,R_75,54358.744,-1,0.966099999997823,BACKFILL_AUTO
2026-07-12 10:15:00,1783851300,R_75,54358.551,-1,0.1929999999993015,BACKFILL_AUTO
2026-07-12 10:15:02,1783851302,R_75,54341.7753,-1,16.775699999998324,BACKFILL_AUTO
2026-07-12 10:15:04,1783851304,R_75,54332.5614,-1,9.213900000002468,BACKFILL_AUTO
2026-07-12 10:15:06,1783851306,R_75,54351.8594,1,19.298000000002503,BACKFILL_AUTO
2026-07-12 10:15:08,1783851308,R_75,54344.6131,-1,7.246299999998882,BACKFILL_AUTO
2026-07-12 10:15:10,1783851310,R_75,54346.5156,1,1.9024999999965075,BACKFILL_AUTO
2026-07-12 10:15:12,1783851312,R_75,54335.6516,-1,10.864000000001397,BACKFILL_AUTO
2026-07-12 10:15:14,1783851314,R_75,54326.0071,-1,9.644499999994878,BACKFILL_AUTO
2026-07-12 10:15:16,1783851316,R_75,54331.8748,1,5.867699999995239,BACKFILL_AUTO
2026-07-12 10:15:18,1783851318,R_75,54314.0327,-1,17.84209999999439,BACKFILL_AUTO
2026-07-12 10:15:20,1783851320,R_75,54329.7057,1,15.672999999995227,BACKFILL_AUTO
2026-07-12 10:15:22,1783851322,R_75,54343.5141,1,13.808400000001711,BACKFILL_AUTO
2026-07-12 10:15:24,1783851324,R_75,54340.3188,-1,3.1952999999994063,BACKFILL_AUTO
2026-07-12 10:15:26,1783851326,R_75,54332.4441,-1,7.874700000000303,BACKFILL_AUTO
2026-07-12 10:15:28,1783851328,R_75,54333.2896,1,0.845499999995809,BACKFILL_AUTO
2026-07-12 10:15:30,1783851330,R_75,54335.8338,1,2.5442000000039116,BACKFILL_AUTO
2026-07-12 10:15:32,1783851332,R_75,54344.1825,1,8.348700000002282,BACKFILL_AUTO
2026-07-12 10:15:34,1783851334,R_75,54337.2833,-1,6.899199999999837,BACKFILL_AUTO
2026-07-12 10:15:36,1783851336,R_75,54349.2813,1,11.997999999999593,BACKFILL_AUTO
2026-07-12 10:15:38,1783851338,R_75,54334.2046,-1,15.076700000005076,BACKFILL_AUTO
2026-07-12 10:15:40,1783851340,R_75,54338.4279,1,4.223300000005111,BACKFILL_AUTO
2026-07-12 10:15:42,1783851342,R_75,54342.1842,1,3.7563000000009197,BACKFILL_AUTO
2026-07-12 10:15:44,1783851344,R_75,54363.4344,1,21.250199999994948,BACKFILL_AUTO
2026-07-12 10:15:46,1783851346,R_75,54373.2106,1,9.776200000000244,BACKFILL_AUTO
2026-07-12 10:15:48,1783851348,R_75,54369.8699,-1,3.340700000000652,BACKFILL_AUTO
2026-07-12 10:15:50,1783851350,R_75,54366.5254,-1,3.3444999999992433,BACKFILL_AUTO
2026-07-12 10:15:52,1783851352,R_75,54384.209,1,17.683600000003935,BACKFILL_AUTO
2026-07-12 10:15:54,1783851354,R_75,54376.6652,-1,7.5437999999994645,BACKFILL_AUTO
2026-07-12 10:15:56,1783851356,R_75,54377.8863,1,1.2210999999952037,BACKFILL_AUTO
2026-07-12 10:15:58,1783851358,R_75,54371.5368,-1,6.349499999996624,BACKFILL_AUTO
2026-07-12 10:16:00,1783851360,R_75,54374.3645,1,2.8277000000016415,BACKFILL_AUTO
2026-07-12 10:16:02,1783851362,R_75,54365.7904,-1,8.574100000005274,BACKFILL_AUTO
2026-07-12 10:16:04,1783851364,R_75,54368.2357,1,2.4452999999994063,BACKFILL_AUTO
2026-07-12 10:16:06,1783851366,R_75,54359.1817,-1,9.05399999999645,BACKFILL_AUTO
2026-07-12 10:16:08,1783851368,R_75,54373.8378,1,14.656100000000151,BACKFILL_AUTO
2026-07-12 10:16:10,1783851370,R_75,54384.3179,1,10.480100000000675,BACKFILL_AUTO
2026-07-12 10:16:12,1783851372,R_75,54381.9395,-1,2.3784000000014203,BACKFILL_AUTO
2026-07-12 10:16:14,1783851374,R_75,54371.7797,-1,10.159800000001269,BACKFILL_AUTO
2026-07-12 10:16:16,1783851376,R_75,54385.7268,1,13.94709999999759,BACKFILL_AUTO
2026-07-12 10:16:18,1783851378,R_75,54385.2306,-1,0.49619999999413267,BACKFILL_AUTO
2026-07-12 10:16:20,1783851380,R_75,54373.5787,-1,11.651900000004389,BACKFILL_AUTO
2026-07-12 10:16:22,1783851382,R_75,54371.4857,-1,2.0930000000007567,BACKFILL_AUTO
2026-07-12 10:16:24,1783851384,R_75,54371.5535,1,0.06780000000435393,BACKFILL_AUTO
2026-07-12 10:16:26,1783851386,R_75,54368.8494,-1,2.7041000000026543,BACKFILL_AUTO
2026-07-12 10:16:28,1783851388,R_75,54360.6815,-1,8.167900000000373,BACKFILL_AUTO
2026-07-12 10:16:30,1783851390,R_75,54360.0695,-1,0.6120000000009895,BACKFILL_AUTO
2026-07-12 10:16:32,1783851392,R_75,54362.4441,1,2.374600000002829,BACKFILL_AUTO
2026-07-12 10:16:34,1783851394,R_75,54351.5022,-1,10.941899999997986,BACKFILL_AUTO
2026-07-12 10:16:36,1783851396,R_75,54359.1994,1,7.697199999995064,BACKFILL_AUTO
2026-07-12 10:16:38,1783851398,R_75,54352.5348,-1,6.664599999996426,BACKFILL_AUTO
2026-07-12 10:16:40,1783851400,R_75,54345.4294,-1,7.1054000000003725,BACKFILL_AUTO
2026-07-12 10:16:42,1783851402,R_75,54371.5187,1,26.08929999999964,BACKFILL_AUTO
2026-07-12 10:16:44,1783851404,R_75,54388.5771,1,17.05840000000171,BACKFILL_AUTO
2026-07-12 10:16:46,1783851406,R_75,54374.1993,-1,14.377800000002026,BACKFILL_AUTO
2026-07-12 10:16:48,1783851408,R_75,54377.8529,1,3.653599999997823,BACKFILL_AUTO
2026-07-12 10:16:50,1783851410,R_75,54358.7883,-1,19.06459999999788,BACKFILL_AUTO
2026-07-12 10:16:52,1783851412,R_75,54349.5844,-1,9.20390000000043,BACKFILL_AUTO
2026-07-12 10:16:54,1783851414,R_75,54354.3516,1,4.767200000002049,BACKFILL_AUTO
2026-07-12 10:16:56,1783851416,R_75,54367.0056,1,12.653999999994994,BACKFILL_AUTO
2026-07-12 10:16:58,1783851418,R_75,54378.3201,1,11.314500000000407,BACKFILL_AUTO
2026-07-12 10:17:00,1783851420,R_75,54395.9369,1,17.616800000003423,BACKFILL_AUTO
2026-07-12 10:17:02,1783851422,R_75,54411.7259,1,15.788999999997031,BACKFILL_AUTO
2026-07-12 10:17:04,1783851424,R_75,54396.335,-1,15.39089999999851,BACKFILL_AUTO
2026-07-12 10:17:06,1783851426,R_75,54398.8139,1,2.478900000001886,BACKFILL_AUTO
2026-07-12 10:17:08,1783851428,R_75,54394.5319,-1,4.281999999999243,BACKFILL_AUTO
2026-07-12 10:17:10,1783851430,R_75,54397.5685,1,3.036599999999453,BACKFILL_AUTO
2026-07-12 10:17:12,1783851432,R_75,54390.9211,-1,6.647400000001653,BACKFILL_AUTO
2026-07-12 10:17:14,1783851434,R_75,54389.4519,-1,1.469199999999546,BACKFILL_AUTO
2026-07-12 10:17:16,1783851436,R_75,54381.2034,-1,8.248500000001513,BACKFILL_AUTO
2026-07-12 10:17:18,1783851438,R_75,54374.4419,-1,6.761500000000524,BACKFILL_AUTO
2026-07-12 10:17:20,1783851440,R_75,54374.1304,-1,0.3114999999961583,BACKFILL_AUTO
2026-07-12 10:17:22,1783851442,R_75,54374.7701,1,0.6396999999997206,BACKFILL_AUTO
2026-07-12 10:17:24,1783851444,R_75,54368.757,-1,6.01310000000376,BACKFILL_AUTO
2026-07-12 10:17:26,1783851446,R_75,54356.8477,-1,11.909299999999348,BACKFILL_AUTO
2026-07-12 10:17:28,1783851448,R_75,54370.8354,1,13.987700000005134,BACKFILL_AUTO
2026-07-12 10:17:30,1783851450,R_75,54377.0565,1,6.221099999995204,BACKFILL_AUTO
2026-07-12 10:17:32,1783851452,R_75,54374.8435,-1,2.2129999999961,BACKFILL_AUTO
2026-07-12 10:17:34,1783851454,R_75,54375.3445,1,0.5009999999965657,BACKFILL_AUTO
2026-07-12 10:17:36,1783851456,R_75,54369.5628,-1,5.781699999999546,BACKFILL_AUTO
2026-07-12 10:17:38,1783851458,R_75,54365.8897,-1,3.6730999999999767,BACKFILL_AUTO
2026-07-12 10:17:40,1783851460,R_75,54359.7382,-1,6.151499999999942,BACKFILL_AUTO
2026-07-12 10:17:42,1783851462,R_75,54348.6373,-1,11.100899999997637,BACKFILL_AUTO
2026-07-12 10:17:44,1783851464,R_75,54362.9587,1,14.321400000000722,BACKFILL_AUTO
2026-07-12 10:17:46,1783851466,R_75,54366.9876,1,4.02889999999752,BACKFILL_AUTO
2026-07-12 10:17:48,1783851468,R_75,54369.457,1,2.4694000000017695,BACKFILL_AUTO
2026-07-12 10:17:50,1783851470,R_75,54364.6354,-1,4.821600000002945,BACKFILL_AUTO
2026-07-12 10:17:52,1783851472,R_75,54368.6119,1,3.9765000000043074,BACKFILL_AUTO
2026-07-12 10:17:54,1783851474,R_75,54359.7668,-1,8.845100000005914,BACKFILL_AUTO
2026-07-12 10:17:56,1783851476,R_75,54353.7517,-1,6.015099999996892,BACKFILL_AUTO
2026-07-12 10:17:58,1783851478,R_75,54375.4122,1,21.660499999998137,BACKFILL_AUTO
2026-07-12 10:18:00,1783851480,R_75,54390.894,1,15.481800000001385,BACKFILL_AUTO
2026-07-12 10:18:02,1783851482,R_75,54380.3414,-1,10.552600000002712,BACKFILL_AUTO
2026-07-12 10:18:04,1783851484,R_75,54373.643,-1,6.698400000001129,BACKFILL_AUTO
2026-07-12 10:18:06,1783851486,R_75,54370.711,-1,2.9319999999934225,BACKFILL_AUTO
2026-07-12 10:18:08,1783851488,R_75,54374.2914,1,3.5803999999989173,BACKFILL_AUTO
2026-07-12 10:18:10,1783851490,R_75,54374.6915,1,0.400099999998929,BACKFILL_AUTO
2026-07-12 10:18:12,1783851492,R_75,54368.6202,-1,6.071300000003248,BACKFILL_AUTO
2026-07-12 10:18:14,1783851494,R_75,54357.9141,-1,10.706099999995786,BACKFILL_AUTO
2026-07-12 10:18:16,1783851496,R_75,54346.4647,-1,11.449400000004971,BACKFILL_AUTO
2026-07-12 10:18:18,1783851498,R_75,54347.2887,1,0.8240000000005239,BACKFILL_AUTO
2026-07-12 10:18:20,1783851500,R_75,54332.7315,-1,14.557199999995646,BACKFILL_AUTO
2026-07-12 10:18:22,1783851502,R_75,54344.3444,1,11.612900000000081,BACKFILL_AUTO
2026-07-12 10:18:24,1783851504,R_75,54324.2963,-1,20.048099999999977,BACKFILL_AUTO
2026-07-12 10:18:26,1783851506,R_75,54317.7339,-1,6.562400000002526,BACKFILL_AUTO
2026-07-12 10:18:28,1783851508,R_75,54328.3088,1,10.574899999999616,BACKFILL_AUTO
2026-07-12 10:18:30,1783851510,R_75,54324.258,-1,4.050799999997253,BACKFILL_AUTO
2026-07-12 10:18:32,1783851512,R_75,54313.0423,-1,11.215700000000652,BACKFILL_AUTO
2026-07-12 10:18:34,1783851514,R_75,54323.1096,1,10.067300000002433,BACKFILL_AUTO
2026-07-12 10:18:36,1783851516,R_75,54336.9606,1,13.85099999999511,BACKFILL_AUTO
2026-07-12 10:18:38,1783851518,R_75,54334.8954,-1,2.065199999997276,BACKFILL_AUTO
2026-07-12 10:18:40,1783851520,R_75,54350.6763,1,15.780899999997928,BACKFILL_AUTO
2026-07-12 10:18:42,1783851522,R_75,54352.9232,1,2.246899999998277,BACKFILL_AUTO
2026-07-12 10:18:44,1783851524,R_75,54325.9445,-1,26.978699999999662,BACKFILL_AUTO
2026-07-12 10:18:46,1783851526,R_75,54340.7881,1,14.843600000000151,BACKFILL_AUTO
2026-07-12 10:18:48,1783851528,R_75,54340.8003,1,0.012200000004668254,BACKFILL_AUTO
2026-07-12 10:18:50,1783851530,R_75,54332.3485,-1,8.45180000000255,BACKFILL_AUTO
2026-07-12 10:18:52,1783851532,R_75,54331.7804,-1,0.5680999999967753,BACKFILL_AUTO
2026-07-12 10:18:54,1783851534,R_75,54324.2254,-1,7.555000000000291,BACKFILL_AUTO
2026-07-12 10:18:56,1783851536,R_75,54349.5404,1,25.314999999995052,BACKFILL_AUTO
2026-07-12 10:18:58,1783851538,R_75,54336.9717,-1,12.56869999999617,BACKFILL_AUTO
2026-07-12 10:19:00,1783851540,R_75,54338.2744,1,1.3027000000001863,BACKFILL_AUTO
2026-07-12 10:19:02,1783851542,R_75,54360.6341,1,22.359700000000885,BACKFILL_AUTO
2026-07-12 10:19:04,1783851544,R_75,54353.926,-1,6.708100000003469,BACKFILL_AUTO
2026-07-12 10:19:06,1783851546,R_75,54364.2986,1,10.372600000002421,BACKFILL_AUTO
2026-07-12 10:19:08,1783851548,R_75,54362.7629,-1,1.5357000000003609,BACKFILL_AUTO
2026-07-12 10:19:10,1783851550,R_75,54361.3533,-1,1.4095999999990454,BACKFILL_AUTO
2026-07-12 10:19:12,1783851552,R_75,54347.8992,-1,13.454100000002654,BACKFILL_AUTO
2026-07-12 10:19:14,1783851554,R_75,54347.1388,-1,0.7603999999992084,BACKFILL_AUTO
2026-07-12 10:19:16,1783851556,R_75,54350.5331,1,3.39429999999993,BACKFILL_AUTO
2026-07-12 10:19:18,1783851558,R_75,54357.2333,1,6.700199999999313,BACKFILL_AUTO
2026-07-12 10:19:20,1783851560,R_75,54347.1272,-1,10.106099999997241,BACKFILL_AUTO
2026-07-12 10:19:22,1783851562,R_75,54347.9787,1,0.8514999999970314,BACKFILL_AUTO
2026-07-12 10:19:24,1783851564,R_75,54357.6624,1,9.683700000001409,BACKFILL_AUTO
2026-07-12 10:19:26,1783851566,R_75,54351.3403,-1,6.32209999999759,BACKFILL_AUTO
2026-07-12 10:19:28,1783851568,R_75,54355.7485,1,4.408199999998033,BACKFILL_AUTO
2026-07-12 10:19:30,1783851570,R_75,54350.5021,-1,5.246400000003632,BACKFILL_AUTO
2026-07-12 10:19:32,1783851572,R_75,54328.6172,-1,21.884899999997288,BACKFILL_AUTO
2026-07-12 10:19:34,1783851574,R_75,54335.1548,1,6.537599999996019,BACKFILL_AUTO
2026-07-12 10:19:36,1783851576,R_75,54330.0966,-1,5.058199999999488,BACKFILL_AUTO
2026-07-12 10:19:38,1783851578,R_75,54352.5521,1,22.455500000003667,BACKFILL_AUTO
2026-07-12 10:19:40,1783851580,R_75,54345.7528,-1,6.799299999998766,BACKFILL_AUTO
2026-07-12 10:19:42,1783851582,R_75,54345.8197,1,0.06689999999798601,BACKFILL_AUTO
2026-07-12 10:19:44,1783851584,R_75,54348.8731,1,3.0533999999970547,BACKFILL_AUTO
2026-07-12 10:19:46,1783851586,R_75,54348.9553,1,0.08220000000437722,BACKFILL_AUTO
2026-07-12 10:19:48,1783851588,R_75,54353.239,1,4.283699999999953,BACKFILL_AUTO
2026-07-12 10:19:50,1783851590,R_75,54370.007,1,16.76799999999639,BACKFILL_AUTO
2026-07-12 10:19:52,1783851592,R_75,54378.449,1,8.442000000002736,BACKFILL_AUTO
2026-07-12 10:19:54,1783851594,R_75,54375.5255,-1,2.923499999997148,BACKFILL_AUTO
2026-07-12 10:19:56,1783851596,R_75,54382.0855,1,6.559999999997672,BACKFILL_AUTO
2026-07-12 10:19:58,1783851598,R_75,54387.5914,1,5.505899999996473,BACKFILL_AUTO
2026-07-12 10:20:00,1783851600,R_75,54383.1047,-1,4.486699999994016,BACKFILL_AUTO
2026-07-12 10:20:02,1783851602,R_75,54394.9924,1,11.887699999999313,BACKFILL_AUTO
2026-07-12 10:20:04,1783851604,R_75,54407.1922,1,12.199799999994866,BACKFILL_AUTO
2026-07-12 10:20:06,1783851606,R_75,54410.7762,1,3.584000000002561,BACKFILL_AUTO
2026-07-12 10:20:08,1783851608,R_75,54397.4991,-1,13.277099999999336,BACKFILL_AUTO
2026-07-12 10:20:10,1783851610,R_75,54407.1592,1,9.660100000000966,BACKFILL_AUTO
2026-07-12 10:20:12,1783851612,R_75,54388.4587,-1,18.70049999999901,BACKFILL_AUTO
2026-07-12 10:20:14,1783851614,R_75,54377.99,-1,10.468700000004901,BACKFILL_AUTO
2026-07-12 10:20:16,1783851616,R_75,54388.657,1,10.66700000000128,BACKFILL_AUTO
2026-07-12 10:20:18,1783851618,R_75,54384.0238,-1,4.633199999996577,BACKFILL_AUTO
2026-07-12 10:20:20,1783851620,R_75,54389.0647,1,5.040899999999965,BACKFILL_AUTO
2026-07-12 10:20:22,1783851622,R_75,54410.8578,1,21.79309999999532,BACKFILL_AUTO
2026-07-12 10:20:24,1783851624,R_75,54426.8065,1,15.948700000000827,BACKFILL_AUTO
2026-07-12 10:20:26,1783851626,R_75,54405.4849,-1,21.32159999999567,BACKFILL_AUTO
2026-07-12 10:20:28,1783851628,R_75,54410.2766,1,4.791699999994307,BACKFILL_AUTO
2026-07-12 10:20:30,1783851630,R_75,54417.3971,1,7.12050000000454,BACKFILL_AUTO
2026-07-12 10:20:32,1783851632,R_75,54426.032,1,8.634899999997288,BACKFILL_AUTO
2026-07-12 10:20:34,1783851634,R_75,54403.1072,-1,22.924800000000687,BACKFILL_AUTO
2026-07-12 10:20:36,1783851636,R_75,54404.2625,1,1.1552999999985332,BACKFILL_AUTO
2026-07-12 10:20:38,1783851638,R_75,54417.5268,1,13.26430000000255,BACKFILL_AUTO
2026-07-12 10:20:40,1783851640,R_75,54405.8665,-1,11.66030000000319,BACKFILL_AUTO
2026-07-12 10:20:42,1783851642,R_75,54415.2914,1,9.424900000005437,BACKFILL_AUTO
2026-07-12 10:20:44,1783851644,R_75,54415.915,1,0.6235999999989872,BACKFILL_AUTO
2026-07-12 10:20:46,1783851646,R_75,54422.0216,1,6.106599999999162,BACKFILL_AUTO
2026-07-12 10:20:48,1783851648,R_75,54410.333,-1,11.688600000001315,BACKFILL_AUTO
2026-07-12 10:20:50,1783851650,R_75,54423.3306,1,12.997600000002421,BACKFILL_AUTO
2026-07-12 10:20:52,1783851652,R_75,54429.7234,1,6.3928000000014435,BACKFILL_AUTO
2026-07-12 10:20:54,1783851654,R_75,54431.9005,1,2.1771000000007916,BACKFILL_AUTO
2026-07-12 10:20:56,1783851656,R_75,54440.3163,1,8.415799999995215,BACKFILL_AUTO
2026-07-12 10:20:58,1783851658,R_75,54451.086,1,10.769700000004377,BACKFILL_AUTO
2026-07-12 10:21:00,1783851660,R_75,54445.7981,-1,5.287900000002992,BACKFILL_AUTO
2026-07-12 10:21:02,1783851662,R_75,54440.6336,-1,5.164499999998952,BACKFILL_AUTO
2026-07-12 10:21:04,1783851664,R_75,54437.8871,-1,2.746500000001106,BACKFILL_AUTO
2026-07-12 10:21:06,1783851666,R_75,54445.7476,1,7.860500000002503,BACKFILL_AUTO
2026-07-12 10:21:08,1783851668,R_75,54456.0668,1,10.31919999999809,BACKFILL_AUTO
2026-07-12 10:21:10,1783851670,R_75,54454.3636,-1,1.7032000000035623,BACKFILL_AUTO
2026-07-12 10:21:12,1783851672,R_75,54462.8598,1,8.496200000001409,BACKFILL_AUTO
2026-07-12 10:21:14,1783851674,R_75,54465.2389,1,2.3790999999982887,BACKFILL_AUTO
2026-07-12 10:21:16,1783851676,R_75,54482.3812,1,17.1423000000068,BACKFILL_AUTO
2026-07-12 10:21:18,1783851678,R_75,54483.7618,1,1.3805999999967753,BACKFILL_AUTO
2026-07-12 10:21:20,1783851680,R_75,54489.5749,1,5.813099999999395,BACKFILL_AUTO
2026-07-12 10:21:22,1783851682,R_75,54467.0177,-1,22.557200000002922,BACKFILL_AUTO
2026-07-12 10:21:24,1783851684,R_75,54489.3549,1,22.337200000001758,BACKFILL_AUTO
2026-07-12 10:21:26,1783851686,R_75,54486.9453,-1,2.4095999999990454,BACKFILL_AUTO
2026-07-12 10:21:28,1783851688,R_75,54501.7106,1,14.765299999999115,BACKFILL_AUTO
2026-07-12 10:21:30,1783851690,R_75,54506.6299,1,4.919300000001385,BACKFILL_AUTO
2026-07-12 10:21:32,1783851692,R_75,54517.8056,1,11.175699999999779,BACKFILL_AUTO
2026-07-12 10:21:34,1783851694,R_75,54512.8207,-1,4.984900000003108,BACKFILL_AUTO
2026-07-12 10:21:36,1783851696,R_75,54520.2649,1,7.444200000005367,BACKFILL_AUTO
2026-07-12 10:21:38,1783851698,R_75,54511.0325,-1,9.23240000000078,BACKFILL_AUTO
2026-07-12 10:21:40,1783851700,R_75,54510.7112,-1,0.321300000003248,BACKFILL_AUTO
2026-07-12 10:21:42,1783851702,R_75,54502.3349,-1,8.376299999996263,BACKFILL_AUTO
2026-07-12 10:21:44,1783851704,R_75,54500.1555,-1,2.1794000000008964,BACKFILL_AUTO
2026-07-12 10:21:46,1783851706,R_75,54505.478,1,5.322500000002037,BACKFILL_AUTO
2026-07-12 10:21:48,1783851708,R_75,54511.0263,1,5.548299999994924,BACKFILL_AUTO
2026-07-12 10:21:50,1783851710,R_75,54509.7363,-1,1.2900000000008731,BACKFILL_AUTO
2026-07-12 10:21:52,1783851712,R_75,54519.1353,1,9.39900000000489,BACKFILL_AUTO
2026-07-12 10:21:54,1783851714,R_75,54520.5171,1,1.3817999999955646,BACKFILL_AUTO
2026-07-12 10:21:56,1783851716,R_75,54515.0679,-1,5.449199999995471,BACKFILL_AUTO
2026-07-12 10:21:58,1783851718,R_75,54514.8565,-1,0.2114000000001397,BACKFILL_AUTO
2026-07-12 10:22:00,1783851720,R_75,54522.4506,1,7.594099999994796,BACKFILL_AUTO
2026-07-12 10:22:02,1783851722,R_75,54516.525,-1,5.925599999995029,BACKFILL_AUTO
2026-07-12 10:22:04,1783851724,R_75,54515.8911,-1,0.6339000000007218,BACKFILL_AUTO
2026-07-12 10:22:06,1783851726,R_75,54517.1166,1,1.2255000000004657,BACKFILL_AUTO
2026-07-12 10:22:08,1783851728,R_75,54508.5112,-1,8.605400000000373,BACKFILL_AUTO
2026-07-12 10:22:10,1783851730,R_75,54511.8811,1,3.3698999999978696,BACKFILL_AUTO
2026-07-12 10:22:12,1783851732,R_75,54521.0193,1,9.138200000001234,BACKFILL_AUTO
2026-07-12 10:22:14,1783851734,R_75,54529.2203,1,8.201000000000931,BACKFILL_AUTO
2026-07-12 10:22:16,1783851736,R_75,54539.1661,1,9.945800000001327,BACKFILL_AUTO
2026-07-12 10:22:18,1783851738,R_75,54528.8521,-1,10.314000000005763,BACKFILL_AUTO
2026-07-12 10:22:20,1783851740,R_75,54528.5441,-1,0.30799999999726424,BACKFILL_AUTO
2026-07-12 10:22:22,1783851742,R_75,54538.7785,1,10.234400000001187,BACKFILL_AUTO
2026-07-12 10:22:24,1783851744,R_75,54548.1457,1,9.367200000000594,BACKFILL_AUTO
2026-07-12 10:22:26,1783851746,R_75,54550.0708,1,1.9251000000003842,BACKFILL_AUTO
2026-07-12 10:22:28,1783851748,R_75,54550.6611,1,0.5902999999962049,BACKFILL_AUTO
2026-07-12 10:22:30,1783851750,R_75,54535.0589,-1,15.6021999999939,BACKFILL_AUTO
2026-07-12 10:22:32,1783851752,R_75,54546.3079,1,11.248999999996158,BACKFILL_AUTO
2026-07-12 10:22:34,1783851754,R_75,54540.0852,-1,6.22269999999844,BACKFILL_AUTO
2026-07-12 10:22:36,1783851756,R_75,54552.9361,1,12.850899999997637,BACKFILL_AUTO
2026-07-12 10:22:38,1783851758,R_75,54544.1299,-1,8.80619999999908,BACKFILL_AUTO
2026-07-12 10:22:40,1783851760,R_75,54537.6151,-1,6.514799999997194,BACKFILL_AUTO
2026-07-12 10:22:42,1783851762,R_75,54531.2668,-1,6.348300000005111,BACKFILL_AUTO
2026-07-12 10:22:44,1783851764,R_75,54539.4546,1,8.187799999999697,BACKFILL_AUTO
2026-07-12 10:22:46,1783851766,R_75,54529.0428,-1,10.4117999999944,BACKFILL_AUTO
2026-07-12 10:22:48,1783851768,R_75,54527.735,-1,1.3078000000023167,BACKFILL_AUTO
2026-07-12 10:22:50,1783851770,R_75,54519.9362,-1,7.798800000004121,BACKFILL_AUTO
2026-07-12 10:22:52,1783851772,R_75,54505.8543,-1,14.081899999997404,BACKFILL_AUTO
2026-07-12 10:22:54,1783851774,R_75,54499.6134,-1,6.240899999997055,BACKFILL_AUTO
2026-07-12 10:22:56,1783851776,R_75,54498.7329,-1,0.8804999999993015,BACKFILL_AUTO
2026-07-12 10:22:58,1783851778,R_75,54499.5431,1,0.8101999999998952,BACKFILL_AUTO
2026-07-12 10:23:00,1783851780,R_75,54482.2522,-1,17.290899999999965,BACKFILL_AUTO
2026-07-12 10:23:02,1783851782,R_75,54478.8437,-1,3.408500000005006,BACKFILL_AUTO
2026-07-12 10:23:04,1783851784,R_75,54476.6059,-1,2.2377999999953317,BACKFILL_AUTO
2026-07-12 10:23:06,1783851786,R_75,54461.4421,-1,15.163800000002084,BACKFILL_AUTO
2026-07-12 10:23:08,1783851788,R_75,54458.9744,-1,2.4677000000010594,BACKFILL_AUTO
2026-07-12 10:23:10,1783851790,R_75,54443.9795,-1,14.99489999999787,BACKFILL_AUTO
2026-07-12 10:23:12,1783851792,R_75,54457.1305,1,13.150999999998021,BACKFILL_AUTO
2026-07-12 10:23:14,1783851794,R_75,54471.7455,1,14.614999999997963,BACKFILL_AUTO
2026-07-12 10:23:16,1783851796,R_75,54499.5584,1,27.812900000004447,BACKFILL_AUTO
2026-07-12 10:23:18,1783851798,R_75,54476.5466,-1,23.01180000000022,BACKFILL_AUTO
2026-07-12 10:23:20,1783851800,R_75,54461.5761,-1,14.970500000003085,BACKFILL_AUTO
2026-07-12 10:23:22,1783851802,R_75,54447.7252,-1,13.850899999997637,BACKFILL_AUTO
2026-07-12 10:23:24,1783851804,R_75,54435.4606,-1,12.264600000002247,BACKFILL_AUTO
2026-07-12 10:23:26,1783851806,R_75,54445.8474,1,10.386800000000221,BACKFILL_AUTO
2026-07-12 10:23:28,1783851808,R_75,54458.9657,1,13.11830000000191,BACKFILL_AUTO
2026-07-12 10:23:30,1783851810,R_75,54472.3228,1,13.357100000001083,BACKFILL_AUTO
2026-07-12 10:23:32,1783851812,R_75,54470.9548,-1,1.368000000002212,BACKFILL_AUTO
2026-07-12 10:23:34,1783851814,R_75,54467.7136,-1,3.241199999996752,BACKFILL_AUTO
2026-07-12 10:23:36,1783851816,R_75,54458.0241,-1,9.689500000000407,BACKFILL_AUTO
2026-07-12 10:23:38,1783851818,R_75,54461.7382,1,3.7140999999974156,BACKFILL_AUTO
2026-07-12 10:23:40,1783851820,R_75,54444.8317,-1,16.906499999997322,BACKFILL_AUTO
2026-07-12 10:23:42,1783851822,R_75,54460.2779,1,15.446199999998498,BACKFILL_AUTO
2026-07-12 10:23:44,1783851824,R_75,54471.9679,1,11.690000000002328,BACKFILL_AUTO
2026-07-12 10:23:46,1783851826,R_75,54468.389,-1,3.5789000000004307,BACKFILL_AUTO
2026-07-12 10:23:48,1783851828,R_75,54462.6578,-1,5.731200000001991,BACKFILL_AUTO
2026-07-12 10:23:50,1783851830,R_75,54457.6421,-1,5.015700000003562,BACKFILL_AUTO
2026-07-12 10:23:52,1783851832,R_75,54445.2408,-1,12.401299999997718,BACKFILL_AUTO
2026-07-12 10:23:54,1783851834,R_75,54453.4289,1,8.188099999999395,BACKFILL_AUTO
2026-07-12 10:23:56,1783851836,R_75,54454.7626,1,1.3337000000028638,BACKFILL_AUTO
2026-07-12 10:23:58,1783851838,R_75,54456.1577,1,1.3951000000015483,BACKFILL_AUTO
2026-07-12 10:24:00,1783851840,R_75,54431.8751,-1,24.282600000005914,BACKFILL_AUTO
2026-07-12 10:24:02,1783851842,R_75,54454.2978,1,22.422700000002806,BACKFILL_AUTO
2026-07-12 10:24:04,1783851844,R_75,54462.7554,1,8.457600000001548,BACKFILL_AUTO
2026-07-12 10:24:06,1783851846,R_75,54453.0399,-1,9.715499999998428,BACKFILL_AUTO
2026-07-12 10:24:08,1783851848,R_75,54460.7962,1,7.756299999993644,BACKFILL_AUTO
2026-07-12 10:24:10,1783851850,R_75,54454.0153,-1,6.780899999997928,BACKFILL_AUTO
2026-07-12 10:24:12,1783851852,R_75,54454.6038,1,0.5884999999980209,BACKFILL_AUTO
2026-07-12 10:24:14,1783851854,R_75,54452.0439,-1,2.559900000000198,BACKFILL_AUTO
2026-07-12 10:24:16,1783851856,R_75,54446.8442,-1,5.199699999997392,BACKFILL_AUTO
2026-07-12 10:24:18,1783851858,R_75,54438.2252,-1,8.618999999998778,BACKFILL_AUTO
2026-07-12 10:24:20,1783851860,R_75,54427.6772,-1,10.548000000002503,BACKFILL_AUTO
2026-07-12 10:24:22,1783851862,R_75,54425.9402,-1,1.7370000000009895,BACKFILL_AUTO
2026-07-12 10:24:24,1783851864,R_75,54404.9239,-1,21.01629999999568,BACKFILL_AUTO
2026-07-12 10:24:26,1783851866,R_75,54410.5473,1,5.623399999996764,BACKFILL_AUTO
2026-07-12 10:24:28,1783851868,R_75,54423.7633,1,13.21600000000035,BACKFILL_AUTO
2026-07-12 10:24:30,1783851870,R_75,54427.1799,1,3.4166000000041095,BACKFILL_AUTO
2026-07-12 10:24:32,1783851872,R_75,54438.2086,1,11.028699999995297,BACKFILL_AUTO
2026-07-12 10:24:34,1783851874,R_75,54436.2535,-1,1.95509999999922,BACKFILL_AUTO
2026-07-12 10:24:36,1783851876,R_75,54446.9118,1,10.658300000002782,BACKFILL_AUTO
2026-07-12 10:24:38,1783851878,R_75,54459.0616,1,12.149799999999232,BACKFILL_AUTO
2026-07-12 10:24:40,1783851880,R_75,54454.1721,-1,4.889499999997497,BACKFILL_AUTO
2026-07-12 10:24:42,1783851882,R_75,54439.9117,-1,14.260400000006484,BACKFILL_AUTO
2026-07-12 10:24:44,1783851884,R_75,54439.1455,-1,0.7661999999982072,BACKFILL_AUTO
2026-07-12 10:24:46,1783851886,R_75,54420.9988,-1,18.14669999999751,BACKFILL_AUTO
2026-07-12 10:24:48,1783851888,R_75,54422.2092,1,1.210399999996298,BACKFILL_AUTO
2026-07-12 10:24:50,1783851890,R_75,54421.57,-1,0.6391999999977998,BACKFILL_AUTO
2026-07-12 10:24:52,1783851892,R_75,54412.3039,-1,9.266100000000733,BACKFILL_AUTO
2026-07-12 10:24:54,1783851894,R_75,54422.4008,1,10.096900000004098,BACKFILL_AUTO
2026-07-12 10:24:56,1783851896,R_75,54409.171,-1,13.229800000000978,BACKFILL_AUTO
2026-07-12 10:24:58,1783851898,R_75,54413.3374,1,4.16639999999461,BACKFILL_AUTO
2026-07-12 10:25:00,1783851900,R_75,54408.9452,-1,4.392199999994773,BACKFILL_AUTO
2026-07-12 10:25:02,1783851902,R_75,54409.6598,1,0.7145999999993364,BACKFILL_AUTO
2026-07-12 10:25:04,1783851904,R_75,54400.1993,-1,9.460500000001048,BACKFILL_AUTO
2026-07-12 10:25:06,1783851906,R_75,54404.3042,1,4.104899999998452,BACKFILL_AUTO
2026-07-12 10:25:08,1783851908,R_75,54407.04,1,2.7358000000022002,BACKFILL_AUTO
2026-07-12 10:25:10,1783851910,R_75,54425.5401,1,18.500099999997474,BACKFILL_AUTO
2026-07-12 10:25:12,1783851912,R_75,54444.0026,1,18.462500000001455,BACKFILL_AUTO
2026-07-12 10:25:14,1783851914,R_75,54447.8285,1,3.8259000000034575,BACKFILL_AUTO
2026-07-12 10:25:16,1783851916,R_75,54465.6575,1,17.828999999997905,BACKFILL_AUTO
2026-07-12 10:25:18,1783851918,R_75,54456.5818,-1,9.075700000001234,BACKFILL_AUTO
2026-07-12 10:25:20,1783851920,R_75,54443.7764,-1,12.805399999997462,BACKFILL_AUTO
2026-07-12 10:25:22,1783851922,R_75,54466.4539,1,22.677499999997963,BACKFILL_AUTO
2026-07-12 10:25:24,1783851924,R_75,54454.209,-1,12.24489999999787,BACKFILL_AUTO
2026-07-12 10:25:26,1783851926,R_75,54452.6005,-1,1.6085000000020955,BACKFILL_AUTO
2026-07-12 10:25:28,1783851928,R_75,54466.0695,1,13.468999999997322,BACKFILL_AUTO
2026-07-12 10:25:30,1783851930,R_75,54460.7517,-1,5.317799999997078,BACKFILL_AUTO
2026-07-12 10:25:32,1783851932,R_75,54469.9185,1,9.166799999999057,BACKFILL_AUTO
2026-07-12 10:25:34,1783851934,R_75,54479.5798,1,9.661299999999756,BACKFILL_AUTO
2026-07-12 10:25:36,1783851936,R_75,54465.8442,-1,13.735599999999977,BACKFILL_AUTO
2026-07-12 10:25:38,1783851938,R_75,54453.0928,-1,12.751400000001013,BACKFILL_AUTO
2026-07-12 10:25:40,1783851940,R_75,54452.5085,-1,0.5842999999949825,BACKFILL_AUTO
2026-07-12 10:25:42,1783851942,R_75,54460.596,1,8.08749999999418,BACKFILL_AUTO
2026-07-12 10:25:44,1783851944,R_75,54469.0403,1,8.44430000000284,BACKFILL_AUTO
2026-07-12 10:25:46,1783851946,R_75,54477.873,1,8.832699999999022,BACKFILL_AUTO
2026-07-12 10:25:48,1783851948,R_75,54469.4333,-1,8.439700000002631,BACKFILL_AUTO
2026-07-12 10:25:50,1783851950,R_75,54481.9602,1,12.526900000004389,BACKFILL_AUTO
2026-07-12 10:25:52,1783851952,R_75,54489.7605,1,7.800299999995332,BACKFILL_AUTO
2026-07-12 10:25:54,1783851954,R_75,54484.0715,-1,5.688999999998487,BACKFILL_AUTO
2026-07-12 10:25:56,1783851956,R_75,54497.4328,1,13.361300000004121,BACKFILL_AUTO
2026-07-12 10:25:58,1783851958,R_75,54498.3725,1,0.939699999995355,BACKFILL_AUTO
2026-07-12 10:26:00,1783851960,R_75,54498.2105,-1,0.16199999999662396,BACKFILL_AUTO
2026-07-12 10:26:02,1783851962,R_75,54488.4652,-1,9.745300000002317,BACKFILL_AUTO
2026-07-12 10:26:04,1783851964,R_75,54488.8735,1,0.4083000000027823,BACKFILL_AUTO
2026-07-12 10:26:06,1783851966,R_75,54481.267,-1,7.606500000001688,BACKFILL_AUTO
2026-07-12 10:26:08,1783851968,R_75,54464.5864,-1,16.680599999999686,BACKFILL_AUTO
2026-07-12 10:26:10,1783851970,R_75,54456.5296,-1,8.056799999998475,BACKFILL_AUTO
2026-07-12 10:26:12,1783851972,R_75,54459.8241,1,3.294499999996333,BACKFILL_AUTO
2026-07-12 10:26:14,1783851974,R_75,54453.8238,-1,6.000299999999697,BACKFILL_AUTO
2026-07-12 10:26:16,1783851976,R_75,54458.2852,1,4.46140000000014,BACKFILL_AUTO
2026-07-12 10:26:18,1783851978,R_75,54478.8054,1,20.520199999999022,BACKFILL_AUTO
2026-07-12 10:26:20,1783851980,R_75,54487.2847,1,8.479299999999057,BACKFILL_AUTO
2026-07-12 10:26:22,1783851982,R_75,54487.9543,1,0.6696000000010827,BACKFILL_AUTO
2026-07-12 10:26:24,1783851984,R_75,54481.3999,-1,6.554400000000896,BACKFILL_AUTO
2026-07-12 10:26:26,1783851986,R_75,54456.3186,-1,25.08129999999801,BACKFILL_AUTO
2026-07-12 10:26:28,1783851988,R_75,54451.8097,-1,4.508900000000722,BACKFILL_AUTO
2026-07-12 10:26:30,1783851990,R_75,54441.6571,-1,10.152600000001257,BACKFILL_AUTO
2026-07-12 10:26:32,1783851992,R_75,54433.4374,-1,8.21969999999419,BACKFILL_AUTO
2026-07-12 10:26:34,1783851994,R_75,54444.1111,1,10.673699999999371,BACKFILL_AUTO
2026-07-12 10:26:36,1783851996,R_75,54452.6942,1,8.583099999996193,BACKFILL_AUTO
2026-07-12 10:26:38,1783851998,R_75,54455.788,1,3.093800000002375,BACKFILL_AUTO
2026-07-12 10:26:40,1783852000,R_75,54452.7522,-1,3.0357999999978347,BACKFILL_AUTO
2026-07-12 10:26:42,1783852002,R_75,54439.4176,-1,13.334600000001956,BACKFILL_AUTO
2026-07-12 10:26:44,1783852004,R_75,54443.6983,1,4.280699999995704,BACKFILL_AUTO
2026-07-12 10:26:46,1783852006,R_75,54452.5667,1,8.868400000006659,BACKFILL_AUTO
2026-07-12 10:26:48,1783852008,R_75,54462.0171,1,9.45039999999426,BACKFILL_AUTO
2026-07-12 10:26:50,1783852010,R_75,54467.566,1,5.548900000001595,BACKFILL_AUTO
2026-07-12 10:26:52,1783852012,R_75,54487.8781,1,20.31210000000283,BACKFILL_AUTO
2026-07-12 10:26:54,1783852014,R_75,54481.1605,-1,6.717600000003586,BACKFILL_AUTO
2026-07-12 10:26:56,1783852016,R_75,54481.1072,-1,0.053299999999580905,BACKFILL_AUTO
2026-07-12 10:26:58,1783852018,R_75,54480.1743,-1,0.9328999999997905,BACKFILL_AUTO
2026-07-12 10:27:00,1783852020,R_75,54479.527,-1,0.6472999999969034,BACKFILL_AUTO
2026-07-12 10:27:02,1783852022,R_75,54471.0117,-1,8.515299999999115,BACKFILL_AUTO
2026-07-12 10:27:04,1783852024,R_75,54457.8175,-1,13.194200000005367,BACKFILL_AUTO
2026-07-12 10:27:06,1783852026,R_75,54461.5243,1,3.70679999999993,BACKFILL_AUTO
2026-07-12 10:27:08,1783852028,R_75,54454.7182,-1,6.806099999994331,BACKFILL_AUTO
2026-07-12 10:27:10,1783852030,R_75,54440.1337,-1,14.584500000004482,BACKFILL_AUTO
2026-07-12 10:27:12,1783852032,R_75,54431.5031,-1,8.630599999996775,BACKFILL_AUTO
2026-07-12 10:27:14,1783852034,R_75,54434.66,1,3.1569000000017695,BACKFILL_AUTO
2026-07-12 10:27:16,1783852036,R_75,54437.1987,1,2.538699999997334,BACKFILL_AUTO
2026-07-12 10:27:18,1783852038,R_75,54444.326,1,7.127300000000105,BACKFILL_AUTO
2026-07-12 10:27:20,1783852040,R_75,54430.9134,-1,13.412600000003295,BACKFILL_AUTO
2026-07-12 10:27:22,1783852042,R_75,54421.5125,-1,9.400900000000547,BACKFILL_AUTO
2026-07-12 10:27:24,1783852044,R_75,54427.8727,1,6.360200000002806,BACKFILL_AUTO
2026-07-12 10:27:26,1783852046,R_75,54422.417,-1,5.455699999998615,BACKFILL_AUTO
2026-07-12 10:27:28,1783852048,R_75,54426.6469,1,4.229899999998452,BACKFILL_AUTO
2026-07-12 10:27:30,1783852050,R_75,54439.8841,1,13.237200000003213,BACKFILL_AUTO
2026-07-12 10:27:32,1783852052,R_75,54444.5053,1,4.621199999994133,BACKFILL_AUTO
2026-07-12 10:27:34,1783852054,R_75,54442.8431,-1,1.6621999999988475,BACKFILL_AUTO
2026-07-12 10:27:36,1783852056,R_75,54447.3145,1,4.471400000002177,BACKFILL_AUTO
2026-07-12 10:27:38,1783852058,R_75,54456.7151,1,9.40060000000085,BACKFILL_AUTO
2026-07-12 10:27:40,1783852060,R_75,54453.3209,-1,3.3942000000024564,BACKFILL_AUTO
2026-07-12 10:27:42,1783852062,R_75,54459.9114,1,6.590499999998428,BACKFILL_AUTO
2026-07-12 10:27:44,1783852064,R_75,54474.6768,1,14.765400000003865,BACKFILL_AUTO
2026-07-12 10:27:46,1783852066,R_75,54479.5911,1,4.914299999996729,BACKFILL_AUTO
2026-07-12 10:27:48,1783852068,R_75,54461.7231,-1,17.867999999994936,BACKFILL_AUTO
2026-07-12 10:27:50,1783852070,R_75,54461.3946,-1,0.32850000000325963,BACKFILL_AUTO
2026-07-12 10:27:52,1783852072,R_75,54463.1568,1,1.7621999999973923,BACKFILL_AUTO
2026-07-12 10:27:54,1783852074,R_75,54462.6384,-1,0.5183999999935622,BACKFILL_AUTO
2026-07-12 10:27:56,1783852076,R_75,54481.7449,1,19.106499999994412,BACKFILL_AUTO
2026-07-12 10:27:58,1783852078,R_75,54478.4966,-1,3.24829999999929,BACKFILL_AUTO
2026-07-12 10:28:00,1783852080,R_75,54476.6196,-1,1.8770000000004075,BACKFILL_AUTO
2026-07-12 10:28:02,1783852082,R_75,54471.9704,-1,4.649199999999837,BACKFILL_AUTO
2026-07-12 10:28:04,1783852084,R_75,54476.9246,1,4.954200000000128,BACKFILL_AUTO
2026-07-12 10:28:06,1783852086,R_75,54470.9082,-1,6.016400000000431,BACKFILL_AUTO
2026-07-12 10:28:08,1783852088,R_75,54483.9771,1,13.068899999998393,BACKFILL_AUTO
2026-07-12 10:28:10,1783852090,R_75,54486.5422,1,2.565100000007078,BACKFILL_AUTO
2026-07-12 10:28:12,1783852092,R_75,54488.8732,1,2.330999999998312,BACKFILL_AUTO
2026-07-12 10:28:14,1783852094,R_75,54494.5128,1,5.639599999994971,BACKFILL_AUTO
2026-07-12 10:28:16,1783852096,R_75,54503.8317,1,9.31890000000567,BACKFILL_AUTO
2026-07-12 10:28:18,1783852098,R_75,54500.0306,-1,3.801100000004226,BACKFILL_AUTO
2026-07-12 10:28:20,1783852100,R_75,54506.8608,1,6.83020000000397,BACKFILL_AUTO
2026-07-12 10:28:22,1783852102,R_75,54527.9387,1,21.07789999999659,BACKFILL_AUTO
2026-07-12 10:28:24,1783852104,R_75,54541.5578,1,13.619100000003527,BACKFILL_AUTO
2026-07-12 10:28:26,1783852106,R_75,54541.4891,-1,0.0687000000034459,BACKFILL_AUTO
2026-07-12 10:28:28,1783852108,R_75,54543.8525,1,2.3634000000020023,BACKFILL_AUTO
2026-07-12 10:28:30,1783852110,R_75,54536.6099,-1,7.242599999997765,BACKFILL_AUTO
2026-07-12 10:28:32,1783852112,R_75,54531.2311,-1,5.378800000005867,BACKFILL_AUTO
2026-07-12 10:28:34,1783852114,R_75,54527.7375,-1,3.4935999999943306,BACKFILL_AUTO
2026-07-12 10:28:36,1783852116,R_75,54515.6894,-1,12.048099999999977,BACKFILL_AUTO
2026-07-12 10:28:38,1783852118,R_75,54523.0413,1,7.3518999999942025,BACKFILL_AUTO
2026-07-12 10:28:40,1783852120,R_75,54535.5691,1,12.52780000000348,BACKFILL_AUTO
2026-07-12 10:28:42,1783852122,R_75,54525.7037,-1,9.86540000000241,BACKFILL_AUTO
2026-07-12 10:28:44,1783852124,R_75,54528.5669,1,2.863199999999779,BACKFILL_AUTO
2026-07-12 10:28:46,1783852126,R_75,54531.1372,1,2.5702999999994063,BACKFILL_AUTO
2026-07-12 10:28:48,1783852128,R_75,54556.2202,1,25.083000000005995,BACKFILL_AUTO
2026-07-12 10:28:50,1783852130,R_75,54544.1768,-1,12.043400000002293,BACKFILL_AUTO
2026-07-12 10:28:52,1783852132,R_75,54547.4923,1,3.315499999996973,BACKFILL_AUTO
2026-07-12 10:28:54,1783852134,R_75,54558.7888,1,11.296500000004016,BACKFILL_AUTO
2026-07-12 10:28:56,1783852136,R_75,54550.9582,-1,7.830600000001141,BACKFILL_AUTO
2026-07-12 10:28:58,1783852138,R_75,54561.1049,1,10.146699999997509,BACKFILL_AUTO
2026-07-12 10:29:00,1783852140,R_75,54574.8565,1,13.751600000003236,BACKFILL_AUTO
2026-07-12 10:29:02,1783852142,R_75,54570.145,-1,4.711500000004889,BACKFILL_AUTO
2026-07-12 10:29:04,1783852144,R_75,54580.5362,1,10.391200000005483,BACKFILL_AUTO
2026-07-12 10:29:06,1783852146,R_75,54574.1769,-1,6.359300000003714,BACKFILL_AUTO
2026-07-12 10:29:08,1783852148,R_75,54568.1154,-1,6.061499999996158,BACKFILL_AUTO
2026-07-12 10:29:10,1783852150,R_75,54574.0798,1,5.964399999997113,BACKFILL_AUTO
2026-07-12 10:29:12,1783852152,R_75,54568.0891,-1,5.990700000002107,BACKFILL_AUTO
2026-07-12 10:29:14,1783852154,R_75,54563.6077,-1,4.481399999996938,BACKFILL_AUTO
2026-07-12 10:29:16,1783852156,R_75,54563.4587,-1,0.14899999999761349,BACKFILL_AUTO
2026-07-12 10:29:18,1783852158,R_75,54574.0084,1,10.549699999995937,BACKFILL_AUTO
2026-07-12 10:29:20,1783852160,R_75,54571.332,-1,2.6763999999966472,BACKFILL_AUTO
2026-07-12 10:29:22,1783852162,R_75,54572.4276,1,1.0956000000005588,BACKFILL_AUTO
2026-07-12 10:29:24,1783852164,R_75,54568.5684,-1,3.85920000000624,BACKFILL_AUTO
2026-07-12 10:29:26,1783852166,R_75,54567.1858,-1,1.3825999999971827,BACKFILL_AUTO
2026-07-12 10:29:28,1783852168,R_75,54576.052,1,8.866200000004028,BACKFILL_AUTO
2026-07-12 10:29:30,1783852170,R_75,54576.6483,1,0.5962999999974272,BACKFILL_AUTO
2026-07-12 10:29:32,1783852172,R_75,54571.291,-1,5.357300000003306,BACKFILL_AUTO
2026-07-12 10:29:34,1783852174,R_75,54567.6424,-1,3.6486000000004424,BACKFILL_AUTO
2026-07-12 10:29:36,1783852176,R_75,54562.0012,-1,5.641199999998207,BACKFILL_AUTO
2026-07-12 10:29:38,1783852178,R_75,54575.1388,1,13.13760000000184,BACKFILL_AUTO
2026-07-12 10:29:40,1783852180,R_75,54573.7237,-1,1.415099999998347,BACKFILL_AUTO
2026-07-12 10:29:42,1783852182,R_75,54564.2403,-1,9.483400000004622,BACKFILL_AUTO
2026-07-12 10:29:44,1783852184,R_75,54555.7512,-1,8.48909999999887,BACKFILL_AUTO
2026-07-12 10:29:46,1783852186,R_75,54544.6785,-1,11.072699999996985,BACKFILL_AUTO
2026-07-12 10:29:48,1783852188,R_75,54556.5246,1,11.846099999995204,BACKFILL_AUTO
2026-07-12 10:29:50,1783852190,R_75,54549.0663,-1,7.458299999998417,BACKFILL_AUTO
2026-07-12 10:29:52,1783852192,R_75,54553.2767,1,4.210400000003574,BACKFILL_AUTO
2026-07-12 10:29:54,1783852194,R_75,54548.0456,-1,5.231100000004517,BACKFILL_AUTO
2026-07-12 10:29:56,1783852196,R_75,54541.2563,-1,6.789299999996729,BACKFILL_AUTO
2026-07-12 10:29:58,1783852198,R_75,54538.1385,-1,3.1177999999999884,BACKFILL_AUTO
2026-07-12 10:30:00,1783852200,R_75,54547.3815,1,9.243000000002212,BACKFILL_AUTO
2026-07-12 10:30:02,1783852202,R_75,54561.6647,1,14.283199999998033,BACKFILL_AUTO
2026-07-12 10:30:04,1783852204,R_75,54558.3509,-1,3.313800000003539,BACKFILL_AUTO
2026-07-12 10:30:06,1783852206,R_75,54558.2282,-1,0.12269999999989523,BACKFILL_AUTO
2026-07-12 10:30:08,1783852208,R_75,54556.5092,-1,1.7189999999973224,BACKFILL_AUTO
2026-07-12 10:30:10,1783852210,R_75,54544.3387,-1,12.170500000000175,BACKFILL_AUTO
2026-07-12 10:30:12,1783852212,R_75,54555.3482,1,11.009500000000116,BACKFILL_AUTO
2026-07-12 10:30:14,1783852214,R_75,54570.4449,1,15.096700000001874,BACKFILL_AUTO
2026-07-12 10:30:16,1783852216,R_75,54560.0802,-1,10.364700000005541,BACKFILL_AUTO
2026-07-12 10:30:18,1783852218,R_75,54569.7648,1,9.6846000000005,BACKFILL_AUTO
2026-07-12 10:30:20,1783852220,R_75,54585.1861,1,15.421300000001793,BACKFILL_AUTO
2026-07-12 10:30:22,1783852222,R_75,54598.8957,1,13.709600000001956,BACKFILL_AUTO
2026-07-12 10:30:24,1783852224,R_75,54593.8429,-1,5.05279999999766,BACKFILL_AUTO
2026-07-12 10:30:26,1783852226,R_75,54600.5438,1,6.700899999996182,BACKFILL_AUTO
2026-07-12 10:30:28,1783852228,R_75,54599.4917,-1,1.0521000000007916,BACKFILL_AUTO
2026-07-12 10:30:30,1783852230,R_75,54576.7122,-1,22.779499999996915,BACKFILL_AUTO
2026-07-12 10:30:32,1783852232,R_75,54560.3247,-1,16.387500000004366,BACKFILL_AUTO
2026-07-12 10:30:34,1783852234,R_75,54558.1272,-1,2.1974999999947613,BACKFILL_AUTO
2026-07-12 10:30:36,1783852236,R_75,54549.4242,-1,8.703000000001339,BACKFILL_AUTO
2026-07-12 10:30:38,1783852238,R_75,54532.3918,-1,17.03240000000369,BACKFILL_AUTO
2026-07-12 10:30:40,1783852240,R_75,54537.7527,1,5.360899999999674,BACKFILL_AUTO
2026-07-12 10:30:42,1783852242,R_75,54539.7279,1,1.9752000000007683,BACKFILL_AUTO
2026-07-12 10:30:44,1783852244,R_75,54555.8448,1,16.116900000000896,BACKFILL_AUTO
2026-07-12 10:30:46,1783852246,R_75,54558.0522,1,2.207399999999325,BACKFILL_AUTO
2026-07-12 10:30:48,1783852248,R_75,54564.7503,1,6.698100000001432,BACKFILL_AUTO
2026-07-12 10:30:50,1783852250,R_75,54570.8927,1,6.1423999999969965,BACKFILL_AUTO
2026-07-12 10:30:52,1783852252,R_75,54560.8182,-1,10.074499999995169,BACKFILL_AUTO
2026-07-12 10:30:54,1783852254,R_75,54541.7245,-1,19.0937000000049,BACKFILL_AUTO
2026-07-12 10:30:56,1783852256,R_75,54531.5601,-1,10.164399999994203,BACKFILL_AUTO
2026-07-12 10:30:58,1783852258,R_75,54525.1883,-1,6.371800000000803,BACKFILL_AUTO
2026-07-12 10:31:00,1783852260,R_75,54525.3344,1,0.14609999999811407,BACKFILL_AUTO
2026-07-12 10:31:02,1783852262,R_75,54516.1803,-1,9.154099999999744,BACKFILL_AUTO
2026-07-12 10:31:04,1783852264,R_75,54520.1357,1,3.9553999999989173,BACKFILL_AUTO
2026-07-12 10:31:06,1783852266,R_75,54518.8653,-1,1.2704000000012456,BACKFILL_AUTO
2026-07-12 10:31:08,1783852268,R_75,54526.4724,1,7.607100000001083,BACKFILL_AUTO
2026-07-12 10:31:10,1783852270,R_75,54530.0308,1,3.5584000000017113,BACKFILL_AUTO
2026-07-12 10:31:12,1783852272,R_75,54523.2287,-1,6.802100000000792,BACKFILL_AUTO
2026-07-12 10:31:14,1783852274,R_75,54526.2945,1,3.0658000000039465,BACKFILL_AUTO
2026-07-12 10:31:16,1783852276,R_75,54521.7708,-1,4.523700000005192,BACKFILL_AUTO
2026-07-12 10:31:18,1783852278,R_75,54517.4287,-1,4.342100000001665,BACKFILL_AUTO
2026-07-12 10:31:20,1783852280,R_75,54515.229,-1,2.1996999999973923,BACKFILL_AUTO
2026-07-12 10:31:22,1783852282,R_75,54508.9167,-1,6.3122999999977765,BACKFILL_AUTO
2026-07-12 10:31:24,1783852284,R_75,54531.1285,1,22.21179999999731,BACKFILL_AUTO
2026-07-12 10:31:26,1783852286,R_75,54531.0896,-1,0.03889999999955762,BACKFILL_AUTO
2026-07-12 10:31:28,1783852288,R_75,54538.4593,1,7.369700000002922,BACKFILL_AUTO
2026-07-12 10:31:30,1783852290,R_75,54520.0684,-1,18.390900000005786,BACKFILL_AUTO
2026-07-12 10:31:32,1783852292,R_75,54521.6878,1,1.6194000000032247,BACKFILL_AUTO
2026-07-12 10:31:34,1783852294,R_75,54519.5431,-1,2.1446999999971013,BACKFILL_AUTO
2026-07-12 10:31:36,1783852296,R_75,54495.0238,-1,24.51929999999993,BACKFILL_AUTO
2026-07-12 10:31:38,1783852298,R_75,54498.6406,1,3.6167999999961467,BACKFILL_AUTO
2026-07-12 10:31:40,1783852300,R_75,54492.1724,-1,6.468199999995704,BACKFILL_AUTO
2026-07-12 10:31:42,1783852302,R_75,54480.486,-1,11.68640000000596,BACKFILL_AUTO
2026-07-12 10:31:44,1783852304,R_75,54502.4704,1,21.984400000001187,BACKFILL_AUTO
2026-07-12 10:31:46,1783852306,R_75,54515.5718,1,13.101399999999558,BACKFILL_AUTO
2026-07-12 10:31:48,1783852308,R_75,54500.5349,-1,15.03689999999915,BACKFILL_AUTO
2026-07-12 10:31:50,1783852310,R_75,54504.0026,1,3.4677000000010594,BACKFILL_AUTO
2026-07-12 10:31:52,1783852312,R_75,54488.7367,-1,15.26589999999851,BACKFILL_AUTO
2026-07-12 10:31:54,1783852314,R_75,54478.3872,-1,10.3495000000039,BACKFILL_AUTO
2026-07-12 10:31:56,1783852316,R_75,54494.9602,1,16.573000000003958,BACKFILL_AUTO
2026-07-12 10:31:58,1783852318,R_75,54477.293,-1,17.667200000003504,BACKFILL_AUTO
2026-07-12 10:32:00,1783852320,R_75,54485.1171,1,7.824100000005274,BACKFILL_AUTO
2026-07-12 10:32:02,1783852322,R_75,54481.6369,-1,3.480200000005425,BACKFILL_AUTO
2026-07-12 10:32:04,1783852324,R_75,54479.9413,-1,1.6955999999991036,BACKFILL_AUTO
2026-07-12 10:32:06,1783852326,R_75,54465.005,-1,14.93630000000121,BACKFILL_AUTO
2026-07-12 10:32:08,1783852328,R_75,54482.6177,1,17.612700000005134,BACKFILL_AUTO
2026-07-12 10:32:10,1783852330,R_75,54475.4435,-1,7.174200000001292,BACKFILL_AUTO
2026-07-12 10:32:12,1783852332,R_75,54485.6584,1,10.214899999999034,BACKFILL_AUTO
2026-07-12 10:32:14,1783852334,R_75,54476.2242,-1,9.43420000000333,BACKFILL_AUTO
2026-07-12 10:32:16,1783852336,R_75,54505.0203,1,28.79609999999957,BACKFILL_AUTO
2026-07-12 10:32:18,1783852338,R_75,54519.6157,1,14.595400000005611,BACKFILL_AUTO
2026-07-12 10:32:20,1783852340,R_75,54512.5205,-1,7.095200000003388,BACKFILL_AUTO
2026-07-12 10:32:22,1783852342,R_75,54519.9349,1,7.4144000000014785,BACKFILL_AUTO
2026-07-12 10:32:24,1783852344,R_75,54531.4702,1,11.53530000000319,BACKFILL_AUTO
2026-07-12 10:32:26,1783852346,R_75,54549.1545,1,17.684299999993527,BACKFILL_AUTO
2026-07-12 10:32:28,1783852348,R_75,54540.7443,-1,8.41019999999844,BACKFILL_AUTO
2026-07-12 10:32:30,1783852350,R_75,54531.2181,-1,9.526200000000244,BACKFILL_AUTO
2026-07-12 10:32:32,1783852352,R_75,54537.0577,1,5.839599999999336,BACKFILL_AUTO
2026-07-12 10:32:34,1783852354,R_75,54542.6653,1,5.6076000000030035,BACKFILL_AUTO
2026-07-12 10:32:36,1783852356,R_75,54549.6431,1,6.97780000000057,BACKFILL_AUTO
2026-07-12 10:32:38,1783852358,R_75,54535.3019,-1,14.341200000002573,BACKFILL_AUTO
2026-07-12 10:32:40,1783852360,R_75,54538.7805,1,3.4786000000021886,BACKFILL_AUTO
2026-07-12 10:32:42,1783852362,R_75,54529.4591,-1,9.321400000000722,BACKFILL_AUTO
2026-07-12 10:32:44,1783852364,R_75,54530.1833,1,0.7241999999969266,BACKFILL_AUTO
2026-07-12 10:32:46,1783852366,R_75,54534.2943,1,4.111000000004424,BACKFILL_AUTO
2026-07-12 10:32:48,1783852368,R_75,54518.95,-1,15.344300000004296,BACKFILL_AUTO
2026-07-12 10:32:50,1783852370,R_75,54522.5032,1,3.553200000002107,BACKFILL_AUTO
2026-07-12 10:32:52,1783852372,R_75,54535.7027,1,13.199500000002445,BACKFILL_AUTO
2026-07-12 10:32:54,1783852374,R_75,54518.6984,-1,17.004300000000512,BACKFILL_AUTO
2026-07-12 10:32:56,1783852376,R_75,54507.5285,-1,11.16990000000078,BACKFILL_AUTO
2026-07-12 10:32:58,1783852378,R_75,54506.5255,-1,1.0029999999969732,BACKFILL_AUTO
2026-07-12 10:33:00,1783852380,R_75,54514.365,1,7.839499999994587,BACKFILL_AUTO
2026-07-12 10:33:02,1783852382,R_75,54524.082,1,9.717000000004191,BACKFILL_AUTO
2026-07-12 10:33:04,1783852384,R_75,54521.7315,-1,2.3505000000004657,BACKFILL_AUTO
2026-07-12 10:33:06,1783852386,R_75,54521.0218,-1,0.7096999999994296,BACKFILL_AUTO
2026-07-12 10:33:08,1783852388,R_75,54512.1218,-1,8.900000000001455,BACKFILL_AUTO
2026-07-12 10:33:10,1783852390,R_75,54500.9866,-1,11.13520000000426,BACKFILL_AUTO
2026-07-12 10:33:12,1783852392,R_75,54496.6127,-1,4.3738999999986845,BACKFILL_AUTO
2026-07-12 10:33:14,1783852394,R_75,54488.3439,-1,8.26879999999801,BACKFILL_AUTO
2026-07-12 10:33:16,1783852396,R_75,54485.0981,-1,3.2457999999969616,BACKFILL_AUTO
2026-07-12 10:33:18,1783852398,R_75,54477.7362,-1,7.361900000003516,BACKFILL_AUTO
2026-07-12 10:33:20,1783852400,R_75,54478.6525,1,0.9162999999971362,BACKFILL_AUTO
2026-07-12 10:33:22,1783852402,R_75,54476.5368,-1,2.115699999994831,BACKFILL_AUTO
2026-07-12 10:33:24,1783852404,R_75,54473.7044,-1,2.832399999999325,BACKFILL_AUTO
2026-07-12 10:33:26,1783852406,R_75,54484.431,1,10.726599999994505,BACKFILL_AUTO
2026-07-12 10:33:28,1783852408,R_75,54491.0035,1,6.572500000002037,BACKFILL_AUTO
2026-07-12 10:33:30,1783852410,R_75,54499.8605,1,8.857000000003609,BACKFILL_AUTO
2026-07-12 10:33:32,1783852412,R_75,54481.7339,-1,18.126600000003236,BACKFILL_AUTO
2026-07-12 10:33:34,1783852414,R_75,54501.4673,1,19.733399999997346,BACKFILL_AUTO
2026-07-12 10:33:36,1783852416,R_75,54526.2013,1,24.734000000004016,BACKFILL_AUTO
2026-07-12 10:33:38,1783852418,R_75,54538.9253,1,12.724000000001979,BACKFILL_AUTO
2026-07-12 10:33:40,1783852420,R_75,54531.9904,-1,6.934900000000198,BACKFILL_AUTO
2026-07-12 10:33:42,1783852422,R_75,54539.036,1,7.045599999997648,BACKFILL_AUTO
2026-07-12 10:33:44,1783852424,R_75,54560.8899,1,21.853900000001886,BACKFILL_AUTO
2026-07-12 10:33:46,1783852426,R_75,54567.7818,1,6.891899999995076,BACKFILL_AUTO
2026-07-12 10:33:48,1783852428,R_75,54564.2131,-1,3.56869999999617,BACKFILL_AUTO
2026-07-12 10:33:50,1783852430,R_75,54574.4014,1,10.188300000001618,BACKFILL_AUTO
2026-07-12 10:33:52,1783852432,R_75,54564.4835,-1,9.917900000000373,BACKFILL_AUTO
2026-07-12 10:33:54,1783852434,R_75,54556.4742,-1,8.009300000005169,BACKFILL_AUTO
2026-07-12 10:33:56,1783852436,R_75,54536.0254,-1,20.4487999999983,BACKFILL_AUTO
2026-07-12 10:33:58,1783852438,R_75,54525.4892,-1,10.536199999995006,BACKFILL_AUTO
2026-07-12 10:34:00,1783852440,R_75,54515.2814,-1,10.207800000003772,BACKFILL_AUTO
2026-07-12 10:34:02,1783852442,R_75,54519.2334,1,3.951999999997497,BACKFILL_AUTO
2026-07-12 10:34:04,1783852444,R_75,54520.6277,1,1.3942999999999302,BACKFILL_AUTO
2026-07-12 10:34:06,1783852446,R_75,54514.0555,-1,6.572199999995064,BACKFILL_AUTO
2026-07-12 10:34:08,1783852448,R_75,54518.4018,1,4.346299999997427,BACKFILL_AUTO
2026-07-12 10:34:10,1783852450,R_75,54510.7536,-1,7.648200000003271,BACKFILL_AUTO
2026-07-12 10:34:12,1783852452,R_75,54515.7223,1,4.968700000004901,BACKFILL_AUTO
2026-07-12 10:34:14,1783852454,R_75,54516.0025,1,0.2802000000010594,BACKFILL_AUTO
2026-07-12 10:34:16,1783852456,R_75,54534.077,1,18.07449999999517,BACKFILL_AUTO
2026-07-12 10:34:18,1783852458,R_75,54538.0875,1,4.010500000003958,BACKFILL_AUTO
2026-07-12 10:34:20,1783852460,R_75,54531.1409,-1,6.946600000002945,BACKFILL_AUTO
2026-07-12 10:34:22,1783852462,R_75,54528.6323,-1,2.5086000000010245,BACKFILL_AUTO
2026-07-12 10:34:24,1783852464,R_75,54527.5914,-1,1.040899999999965,BACKFILL_AUTO
2026-07-12 10:34:26,1783852466,R_75,54525.4429,-1,2.1484999999956926,BACKFILL_AUTO
2026-07-12 10:34:28,1783852468,R_75,54523.9397,-1,1.5031999999991967,BACKFILL_AUTO
2026-07-12 10:34:30,1783852470,R_75,54514.2482,-1,9.691500000000815,BACKFILL_AUTO
2026-07-12 10:34:32,1783852472,R_75,54494.7983,-1,19.449899999999616,BACKFILL_AUTO
2026-07-12 10:34:34,1783852474,R_75,54494.9623,1,0.1639999999970314,BACKFILL_AUTO
2026-07-12 10:34:36,1783852476,R_75,54487.5416,-1,7.420700000002398,BACKFILL_AUTO
2026-07-12 10:34:38,1783852478,R_75,54480.6437,-1,6.897899999996298,BACKFILL_AUTO
2026-07-12 10:34:40,1783852480,R_75,54474.3315,-1,6.312200000000303,BACKFILL_AUTO
2026-07-12 10:34:42,1783852482,R_75,54475.6377,1,1.3061999999990803,BACKFILL_AUTO
2026-07-12 10:34:44,1783852484,R_75,54465.1923,-1,10.44539999999688,BACKFILL_AUTO
2026-07-12 10:34:46,1783852486,R_75,54454.5236,-1,10.66870000000199,BACKFILL_AUTO
2026-07-12 10:34:48,1783852488,R_75,54473.524,1,19.00039999999717,BACKFILL_AUTO
2026-07-12 10:34:50,1783852490,R_75,54501.0784,1,27.554400000000896,BACKFILL_AUTO
2026-07-12 10:34:52,1783852492,R_75,54504.8504,1,3.772000000004482,BACKFILL_AUTO
2026-07-12 10:34:54,1783852494,R_75,54517.7046,1,12.854199999994307,BACKFILL_AUTO
2026-07-12 10:34:56,1783852496,R_75,54513.8259,-1,3.8786999999938416,BACKFILL_AUTO
2026-07-12 10:34:58,1783852498,R_75,54500.8521,-1,12.973800000007031,BACKFILL_AUTO
2026-07-12 10:35:00,1783852500,R_75,54501.1077,1,0.25560000000405125,BACKFILL_AUTO
2026-07-12 10:35:02,1783852502,R_75,54480.3605,-1,20.747199999997974,BACKFILL_AUTO
2026-07-12 10:35:04,1783852504,R_75,54461.3906,-1,18.96990000000369,BACKFILL_AUTO
2026-07-12 10:35:06,1783852506,R_75,54441.1575,-1,20.23309999999765,BACKFILL_AUTO
2026-07-12 10:35:08,1783852508,R_75,54453.7693,1,12.611799999998766,BACKFILL_AUTO
2026-07-12 10:35:10,1783852510,R_75,54444.2794,-1,9.489900000000489,BACKFILL_AUTO
2026-07-12 10:35:12,1783852512,R_75,54445.0036,1,0.7241999999969266,BACKFILL_AUTO
2026-07-12 10:35:14,1783852514,R_75,54442.0713,-1,2.93229999999312,BACKFILL_AUTO
2026-07-12 10:35:16,1783852516,R_75,54451.4859,1,9.414599999996426,BACKFILL_AUTO
2026-07-12 10:35:18,1783852518,R_75,54446.7665,-1,4.7194000000017695,BACKFILL_AUTO
2026-07-12 10:35:20,1783852520,R_75,54452.4344,1,5.6679000000003725,BACKFILL_AUTO
2026-07-12 10:35:22,1783852522,R_75,54440.7986,-1,11.63579999999638,BACKFILL_AUTO
2026-07-12 10:35:24,1783852524,R_75,54434.3947,-1,6.403900000004796,BACKFILL_AUTO
2026-07-12 10:35:26,1783852526,R_75,54429.1683,-1,5.226399999999558,BACKFILL_AUTO
2026-07-12 10:35:28,1783852528,R_75,54426.3418,-1,2.826499999995576,BACKFILL_AUTO
2026-07-12 10:35:30,1783852530,R_75,54433.0661,1,6.7242999999944,BACKFILL_AUTO
2026-07-12 10:35:32,1783852532,R_75,54414.0972,-1,18.96889999999985,BACKFILL_AUTO
2026-07-12 10:35:34,1783852534,R_75,54419.007,1,4.909800000001269,BACKFILL_AUTO
2026-07-12 10:35:36,1783852536,R_75,54405.3679,-1,13.639100000000326,BACKFILL_AUTO
2026-07-12 10:35:38,1783852538,R_75,54386.2799,-1,19.0879999999961,BACKFILL_AUTO
2026-07-12 10:35:40,1783852540,R_75,54384.0325,-1,2.247400000000198,BACKFILL_AUTO
2026-07-12 10:35:42,1783852542,R_75,54389.2384,1,5.205900000000838,BACKFILL_AUTO
2026-07-12 10:35:44,1783852544,R_75,54380.8351,-1,8.403300000005402,BACKFILL_AUTO
2026-07-12 10:35:46,1783852546,R_75,54389.7408,1,8.90570000000298,BACKFILL_AUTO
2026-07-12 10:35:48,1783852548,R_75,54391.232,1,1.491200000004028,BACKFILL_AUTO
2026-07-12 10:35:50,1783852550,R_75,54402.6778,1,11.445799999994051,BACKFILL_AUTO
2026-07-12 10:35:52,1783852552,R_75,54421.3605,1,18.682700000004843,BACKFILL_AUTO
2026-07-12 10:35:54,1783852554,R_75,54434.3417,1,12.981199999994715,BACKFILL_AUTO
2026-07-12 10:35:56,1783852556,R_75,54439.3683,1,5.0266000000046915,BACKFILL_AUTO
2026-07-12 10:35:58,1783852558,R_75,54435.888,-1,3.4803000000028987,BACKFILL_AUTO
2026-07-12 10:36:00,1783852560,R_75,54444.7478,1,8.859799999998359,BACKFILL_AUTO
2026-07-12 10:36:02,1783852562,R_75,54436.9148,-1,7.832999999998719,BACKFILL_AUTO
2026-07-12 10:36:04,1783852564,R_75,54446.4803,1,9.56550000000425,BACKFILL_AUTO
2026-07-12 10:36:06,1783852566,R_75,54460.1354,1,13.65509999999631,BACKFILL_AUTO
2026-07-12 10:36:08,1783852568,R_75,54444.3599,-1,15.7754999999961,BACKFILL_AUTO
2026-07-12 10:36:10,1783852570,R_75,54446.0057,1,1.6457999999984168,BACKFILL_AUTO
2026-07-12 10:36:12,1783852572,R_75,54446.7416,1,0.735899999999674,BACKFILL_AUTO
2026-07-12 10:36:14,1783852574,R_75,54444.765,-1,1.9766000000017812,BACKFILL_AUTO
2026-07-12 10:36:16,1783852576,R_75,54430.4998,-1,14.265200000001641,BACKFILL_AUTO
2026-07-12 10:36:18,1783852578,R_75,54447.5437,1,17.043900000004214,BACKFILL_AUTO
2026-07-12 10:36:20,1783852580,R_75,54434.1427,-1,13.401000000005297,BACKFILL_AUTO
2026-07-12 10:36:22,1783852582,R_75,54437.7654,1,3.6226999999998952,BACKFILL_AUTO
2026-07-12 10:36:24,1783852584,R_75,54417.5277,-1,20.237699999997858,BACKFILL_AUTO
2026-07-12 10:36:26,1783852586,R_75,54412.2424,-1,5.285299999995914,BACKFILL_AUTO
2026-07-12 10:36:28,1783852588,R_75,54401.221,-1,11.021400000005087,BACKFILL_AUTO
2026-07-12 10:36:30,1783852590,R_75,54393.138,-1,8.08299999999872,BACKFILL_AUTO
2026-07-12 10:36:32,1783852592,R_75,54393.3704,1,0.23240000000077998,BACKFILL_AUTO
2026-07-12 10:36:34,1783852594,R_75,54390.2881,-1,3.082300000001851,BACKFILL_AUTO
2026-07-12 10:36:36,1783852596,R_75,54397.732,1,7.443900000005669,BACKFILL_AUTO
2026-07-12 10:36:38,1783852598,R_75,54397.078,-1,0.6540000000022701,BACKFILL_AUTO
2026-07-12 10:36:40,1783852600,R_75,54403.3669,1,6.288899999999558,BACKFILL_AUTO
2026-07-12 10:36:42,1783852602,R_75,54397.5511,-1,5.8158000000039465,BACKFILL_AUTO
2026-07-12 10:36:44,1783852604,R_75,54404.2645,1,6.713400000000547,BACKFILL_AUTO
2026-07-12 10:36:46,1783852606,R_75,54405.0757,1,0.8112000000037369,BACKFILL_AUTO
2026-07-12 10:36:48,1783852608,R_75,54410.5732,1,5.497499999997672,BACKFILL_AUTO
2026-07-12 10:36:50,1783852610,R_75,54413.559,1,2.9858000000022002,BACKFILL_AUTO
2026-07-12 10:36:52,1783852612,R_75,54410.0047,-1,3.5543000000034226,BACKFILL_AUTO
2026-07-12 10:36:54,1783852614,R_75,54408.4952,-1,1.5095000000001164,BACKFILL_AUTO
2026-07-12 10:36:56,1783852616,R_75,54426.3822,1,17.887000000002445,BACKFILL_AUTO
2026-07-12 10:36:58,1783852618,R_75,54408.4909,-1,17.891300000002957,BACKFILL_AUTO
2026-07-12 10:37:00,1783852620,R_75,54398.1845,-1,10.306399999994028,BACKFILL_AUTO
2026-07-12 10:37:02,1783852622,R_75,54401.4813,1,3.2967999999964377,BACKFILL_AUTO
2026-07-12 10:37:04,1783852624,R_75,54391.9236,-1,9.557699999997567,BACKFILL_AUTO
2026-07-12 10:37:06,1783852626,R_75,54382.7209,-1,9.202700000001641,BACKFILL_AUTO
2026-07-12 10:37:08,1783852628,R_75,54381.9532,-1,0.7676999999966938,BACKFILL_AUTO
2026-07-12 10:37:10,1783852630,R_75,54382.777,1,0.8237999999983003,BACKFILL_AUTO
2026-07-12 10:37:12,1783852632,R_75,54389.8714,1,7.0944000000017695,BACKFILL_AUTO
2026-07-12 10:37:14,1783852634,R_75,54381.2982,-1,8.573200000006182,BACKFILL_AUTO
2026-07-12 10:37:16,1783852636,R_75,54354.2048,-1,27.093399999997928,BACKFILL_AUTO
2026-07-12 10:37:18,1783852638,R_75,54351.729,-1,2.475800000000163,BACKFILL_AUTO
2026-07-12 10:37:20,1783852640,R_75,54341.4709,-1,10.258099999999104,BACKFILL_AUTO
2026-07-12 10:37:22,1783852642,R_75,54345.104,1,3.6330999999991036,BACKFILL_AUTO
2026-07-12 10:37:24,1783852644,R_75,54330.2835,-1,14.82050000000163,BACKFILL_AUTO
2026-07-12 10:37:26,1783852646,R_75,54318.1829,-1,12.10059999999794,BACKFILL_AUTO
2026-07-12 10:37:28,1783852648,R_75,54315.8945,-1,2.2883999999976368,BACKFILL_AUTO
2026-07-12 10:37:30,1783852650,R_75,54328.3951,1,12.500599999999395,BACKFILL_AUTO
2026-07-12 10:37:32,1783852652,R_75,54335.9273,1,7.532200000001467,BACKFILL_AUTO
2026-07-12 10:37:34,1783852654,R_75,54328.6494,-1,7.277900000000955,BACKFILL_AUTO
2026-07-12 10:37:36,1783852656,R_75,54306.3869,-1,22.262500000004366,BACKFILL_AUTO
2026-07-12 10:37:38,1783852658,R_75,54298.0056,-1,8.38130000000092,BACKFILL_AUTO
2026-07-12 10:37:40,1783852660,R_75,54300.9928,1,2.987200000003213,BACKFILL_AUTO
2026-07-12 10:37:42,1783852662,R_75,54293.6256,-1,7.367200000000594,BACKFILL_AUTO
2026-07-12 10:37:44,1783852664,R_75,54292.6709,-1,0.9547000000020489,BACKFILL_AUTO
2026-07-12 10:37:46,1783852666,R_75,54289.1047,-1,3.5661999999938416,BACKFILL_AUTO
2026-07-12 10:37:48,1783852668,R_75,54313.6735,1,24.568799999993644,BACKFILL_AUTO
2026-07-12 10:37:50,1783852670,R_75,54287.1668,-1,26.50669999999809,BACKFILL_AUTO
2026-07-12 10:37:52,1783852672,R_75,54293.2406,1,6.0737999999983,BACKFILL_AUTO
2026-07-12 10:37:54,1783852674,R_75,54288.1221,-1,5.118499999996857,BACKFILL_AUTO
2026-07-12 10:37:56,1783852676,R_75,54296.1362,1,8.014100000000326,BACKFILL_AUTO
2026-07-12 10:37:58,1783852678,R_75,54297.9314,1,1.7952000000004773,BACKFILL_AUTO
2026-07-12 10:38:00,1783852680,R_75,54305.9657,1,8.034299999999348,BACKFILL_AUTO
2026-07-12 10:38:02,1783852682,R_75,54312.1051,1,6.139400000000023,BACKFILL_AUTO
2026-07-12 10:38:04,1783852684,R_75,54315.5165,1,3.4113999999972293,BACKFILL_AUTO
2026-07-12 10:38:06,1783852686,R_75,54318.3477,1,2.8312000000005355,BACKFILL_AUTO
2026-07-12 10:38:08,1783852688,R_75,54291.5179,-1,26.829799999999523,BACKFILL_AUTO
2026-07-12 10:38:10,1783852690,R_75,54282.6314,-1,8.886500000000524,BACKFILL_AUTO
2026-07-12 10:38:12,1783852692,R_75,54285.5098,1,2.8784000000014203,BACKFILL_AUTO
2026-07-12 10:38:14,1783852694,R_75,54280.0306,-1,5.479200000001583,BACKFILL_AUTO
2026-07-12 10:38:16,1783852696,R_75,54277.6625,-1,2.3680999999996857,BACKFILL_AUTO
2026-07-12 10:38:18,1783852698,R_75,54279.1541,1,1.491600000001199,BACKFILL_AUTO
2026-07-12 10:38:20,1783852700,R_75,54266.3074,-1,12.846700000001874,BACKFILL_AUTO
2026-07-12 10:38:22,1783852702,R_75,54276.7774,1,10.470000000001164,BACKFILL_AUTO
2026-07-12 10:38:24,1783852704,R_75,54286.0557,1,9.278299999998126,BACKFILL_AUTO
2026-07-12 10:38:26,1783852706,R_75,54285.343,-1,0.7126999999964028,BACKFILL_AUTO
2026-07-12 10:38:28,1783852708,R_75,54294.9935,1,9.6504999999961,BACKFILL_AUTO
2026-07-12 10:38:30,1783852710,R_75,54287.5182,-1,7.475299999998242,BACKFILL_AUTO
2026-07-12 10:38:32,1783852712,R_75,54291.8492,1,4.330999999998312,BACKFILL_AUTO
2026-07-12 10:38:34,1783852714,R_75,54284.6583,-1,7.190899999994144,BACKFILL_AUTO
2026-07-12 10:38:36,1783852716,R_75,54296.5273,1,11.868999999998778,BACKFILL_AUTO
2026-07-12 10:38:38,1783852718,R_75,54291.5284,-1,4.9988999999986845,BACKFILL_AUTO
2026-07-12 10:38:40,1783852720,R_75,54286.9332,-1,4.595200000003388,BACKFILL_AUTO
2026-07-12 10:38:42,1783852722,R_75,54280.305,-1,6.628199999999197,BACKFILL_AUTO
2026-07-12 10:38:44,1783852724,R_75,54277.4127,-1,2.8922999999995227,BACKFILL_AUTO
2026-07-12 10:38:46,1783852726,R_75,54259.1899,-1,18.22280000000319,BACKFILL_AUTO
2026-07-12 10:38:48,1783852728,R_75,54272.5902,1,13.400300000001153,BACKFILL_AUTO
2026-07-12 10:38:50,1783852730,R_75,54272.5301,-1,0.06009999999514548,BACKFILL_AUTO
2026-07-12 10:38:52,1783852732,R_75,54273.212,1,0.6818999999959487,BACKFILL_AUTO
2026-07-12 10:38:54,1783852734,R_75,54275.0057,1,1.7937000000019907,BACKFILL_AUTO
2026-07-12 10:38:56,1783852736,R_75,54268.9059,-1,6.099800000003597,BACKFILL_AUTO
2026-07-12 10:38:58,1783852738,R_75,54247.7028,-1,21.203099999998813,BACKFILL_AUTO
2026-07-12 10:39:00,1783852740,R_75,54245.3946,-1,2.3081999999994878,BACKFILL_AUTO
2026-07-12 10:39:02,1783852742,R_75,54232.3794,-1,13.015200000001641,BACKFILL_AUTO
2026-07-12 10:39:04,1783852744,R_75,54223.6287,-1,8.750699999996868,BACKFILL_AUTO
2026-07-12 10:39:06,1783852746,R_75,54221.6372,-1,1.9915000000037253,BACKFILL_AUTO
2026-07-12 10:39:08,1783852748,R_75,54222.9711,1,1.3339000000050873,BACKFILL_AUTO
2026-07-12 10:39:10,1783852750,R_75,54246.9326,1,23.961499999997613,BACKFILL_AUTO
2026-07-12 10:39:12,1783852752,R_75,54247.1167,1,0.18409999999857973,BACKFILL_AUTO
2026-07-12 10:39:14,1783852754,R_75,54238.0756,-1,9.041100000002189,BACKFILL_AUTO
2026-07-12 10:39:16,1783852756,R_75,54233.8319,-1,4.24369999999908,BACKFILL_AUTO
2026-07-12 10:39:18,1783852758,R_75,54237.5082,1,3.6762999999991735,BACKFILL_AUTO
2026-07-12 10:39:20,1783852760,R_75,54234.6731,-1,2.8350999999966007,BACKFILL_AUTO
2026-07-12 10:39:22,1783852762,R_75,54235.3279,1,0.6547999999966123,BACKFILL_AUTO
2026-07-12 10:39:24,1783852764,R_75,54233.2007,-1,2.127199999995355,BACKFILL_AUTO
2026-07-12 10:39:26,1783852766,R_75,54224.6963,-1,8.504399999997986,BACKFILL_AUTO
2026-07-12 10:39:28,1783852768,R_75,54218.7071,-1,5.9892000000036205,BACKFILL_AUTO
2026-07-12 10:39:30,1783852770,R_75,54227.5068,1,8.799700000003213,BACKFILL_AUTO
2026-07-12 10:39:32,1783852772,R_75,54223.7676,-1,3.7392000000036205,BACKFILL_AUTO
2026-07-12 10:39:34,1783852774,R_75,54235.8974,1,12.129800000002433,BACKFILL_AUTO
2026-07-12 10:39:36,1783852776,R_75,54240.058,1,4.160599999995611,BACKFILL_AUTO
2026-07-12 10:39:38,1783852778,R_75,54232.2607,-1,7.7972999999983585,BACKFILL_AUTO
2026-07-12 10:39:40,1783852780,R_75,54233.8597,1,1.599000000001979,BACKFILL_AUTO
2026-07-12 10:39:42,1783852782,R_75,54230.68,-1,3.1797000000005937,BACKFILL_AUTO
2026-07-12 10:39:44,1783852784,R_75,54225.0083,-1,5.671699999998964,BACKFILL_AUTO
2026-07-12 10:39:46,1783852786,R_75,54229.11,1,4.101699999999255,BACKFILL_AUTO
2026-07-12 10:39:48,1783852788,R_75,54228.1639,-1,0.9461000000010245,BACKFILL_AUTO
2026-07-12 10:39:50,1783852790,R_75,54220.6305,-1,7.533400000000256,BACKFILL_AUTO
2026-07-12 10:39:52,1783852792,R_75,54217.2759,-1,3.3545999999987544,BACKFILL_AUTO
2026-07-12 10:39:54,1783852794,R_75,54208.5041,-1,8.771800000002258,BACKFILL_AUTO
2026-07-12 10:39:56,1783852796,R_75,54224.4299,1,15.925800000004529,BACKFILL_AUTO
2026-07-12 10:39:58,1783852798,R_75,54242.6971,1,18.267199999994773,BACKFILL_AUTO
2026-07-12 10:40:00,1783852800,R_75,54239.2571,-1,3.4399999999950523,BACKFILL_AUTO
2026-07-12 10:40:02,1783852802,R_75,54238.6429,-1,0.6142000000036205,BACKFILL_AUTO
2026-07-12 10:40:04,1783852804,R_75,54244.9124,1,6.269500000002154,BACKFILL_AUTO
2026-07-12 10:40:06,1783852806,R_75,54252.8739,1,7.9614999999976135,BACKFILL_AUTO
2026-07-12 10:40:08,1783852808,R_75,54256.5476,1,3.6736999999993714,BACKFILL_AUTO
2026-07-12 10:40:10,1783852810,R_75,54249.4802,-1,7.067399999999907,BACKFILL_AUTO
2026-07-12 10:40:12,1783852812,R_75,54228.0619,-1,21.418299999997544,BACKFILL_AUTO
2026-07-12 10:40:14,1783852814,R_75,54221.4935,-1,6.568400000003749,BACKFILL_AUTO
2026-07-12 10:40:16,1783852816,R_75,54213.4061,-1,8.087399999996705,BACKFILL_AUTO
2026-07-12 10:40:18,1783852818,R_75,54222.6451,1,9.239000000001397,BACKFILL_AUTO
2026-07-12 10:40:20,1783852820,R_75,54230.338,1,7.692900000001828,BACKFILL_AUTO
2026-07-12 10:40:22,1783852822,R_75,54240.123,1,9.784999999996217,BACKFILL_AUTO
2026-07-12 10:40:24,1783852824,R_75,54223.7738,-1,16.349199999996927,BACKFILL_AUTO
2026-07-12 10:40:26,1783852826,R_75,54239.5544,1,15.78059999999823,BACKFILL_AUTO
2026-07-12 10:40:28,1783852828,R_75,54242.925,1,3.370600000002014,BACKFILL_AUTO
2026-07-12 10:40:30,1783852830,R_75,54248.1096,1,5.184600000000501,BACKFILL_AUTO
2026-07-12 10:40:32,1783852832,R_75,54239.2117,-1,8.897900000003574,BACKFILL_AUTO
2026-07-12 10:40:34,1783852834,R_75,54250.3144,1,11.102700000003097,BACKFILL_AUTO
2026-07-12 10:40:36,1783852836,R_75,54250.7396,1,0.42519999999785796,BACKFILL_AUTO
2026-07-12 10:40:38,1783852838,R_75,54250.0726,-1,0.6670000000012806,BACKFILL_AUTO
2026-07-12 10:40:40,1783852840,R_75,54251.9557,1,1.8830999999991036,BACKFILL_AUTO
2026-07-12 10:40:42,1783852842,R_75,54243.0918,-1,8.863899999996647,BACKFILL_AUTO
2026-07-12 10:40:44,1783852844,R_75,54243.7531,1,0.6612999999997555,BACKFILL_AUTO
2026-07-12 10:40:46,1783852846,R_75,54224.5715,-1,19.181600000003527,BACKFILL_AUTO
2026-07-12 10:40:48,1783852848,R_75,54211.7815,-1,12.790000000000873,BACKFILL_AUTO
2026-07-12 10:40:50,1783852850,R_75,54211.0203,-1,0.7612000000008265,BACKFILL_AUTO
2026-07-12 10:40:52,1783852852,R_75,54198.2075,-1,12.812799999999697,BACKFILL_AUTO
2026-07-12 10:40:54,1783852854,R_75,54183.1015,-1,15.105999999999767,BACKFILL_AUTO
2026-07-12 10:40:56,1783852856,R_75,54182.4046,-1,0.6968999999953667,BACKFILL_AUTO
2026-07-12 10:40:58,1783852858,R_75,54199.1846,1,16.779999999998836,BACKFILL_AUTO
2026-07-12 10:41:00,1783852860,R_75,54201.2602,1,2.0755999999964843,BACKFILL_AUTO
2026-07-12 10:41:02,1783852862,R_75,54207.2397,1,5.979500000001281,BACKFILL_AUTO
2026-07-12 10:41:04,1783852864,R_75,54197.7104,-1,9.529299999994691,BACKFILL_AUTO
2026-07-12 10:41:06,1783852866,R_75,54192.2603,-1,5.450100000001839,BACKFILL_AUTO
2026-07-12 10:41:08,1783852868,R_75,54195.96,1,3.6996999999973923,BACKFILL_AUTO
2026-07-12 10:41:10,1783852870,R_75,54196.8258,1,0.8657999999995809,BACKFILL_AUTO
2026-07-12 10:41:12,1783852872,R_75,54189.0138,-1,7.811999999998079,BACKFILL_AUTO
2026-07-12 10:41:14,1783852874,R_75,54193.4571,1,4.443299999998999,BACKFILL_AUTO
2026-07-12 10:41:16,1783852876,R_75,54194.9093,1,1.4521999999997206,BACKFILL_AUTO
2026-07-12 10:41:18,1783852878,R_75,54201.0876,1,6.178299999999581,BACKFILL_AUTO
2026-07-12 10:41:20,1783852880,R_75,54198.5541,-1,2.53349999999773,BACKFILL_AUTO
2026-07-12 10:41:22,1783852882,R_75,54202.0907,1,3.536599999999453,BACKFILL_AUTO
2026-07-12 10:41:24,1783852884,R_75,54212.0659,1,9.975200000000768,BACKFILL_AUTO
2026-07-12 10:41:26,1783852886,R_75,54209.2197,-1,2.8461999999999534,BACKFILL_AUTO
2026-07-12 10:41:28,1783852888,R_75,54237.1418,1,27.922099999996135,BACKFILL_AUTO
2026-07-12 10:41:30,1783852890,R_75,54246.734,1,9.592199999999139,BACKFILL_AUTO
2026-07-12 10:41:32,1783852892,R_75,54238.9486,-1,7.785399999993388,BACKFILL_AUTO
2026-07-12 10:41:34,1783852894,R_75,54237.4687,-1,1.4799000000057276,BACKFILL_AUTO
2026-07-12 10:41:36,1783852896,R_75,54216.5119,-1,20.95679999999993,BACKFILL_AUTO
2026-07-12 10:41:38,1783852898,R_75,54205.3636,-1,11.148300000000745,BACKFILL_AUTO
2026-07-12 10:41:40,1783852900,R_75,54208.6781,1,3.3145000000004075,BACKFILL_AUTO
2026-07-12 10:41:42,1783852902,R_75,54200.148,-1,8.53009999999631,BACKFILL_AUTO
2026-07-12 10:41:44,1783852904,R_75,54191.4345,-1,8.713499999998021,BACKFILL_AUTO
2026-07-12 10:41:46,1783852906,R_75,54194.2454,1,2.8108999999967637,BACKFILL_AUTO
2026-07-12 10:41:48,1783852908,R_75,54182.9168,-1,11.328600000000733,BACKFILL_AUTO
2026-07-12 10:41:50,1783852910,R_75,54185.492,1,2.575199999999313,BACKFILL_AUTO
2026-07-12 10:41:52,1783852912,R_75,54176.7976,-1,8.694400000000314,BACKFILL_AUTO
2026-07-12 10:41:54,1783852914,R_75,54181.5548,1,4.757200000000012,BACKFILL_AUTO
2026-07-12 10:41:56,1783852916,R_75,54192.4295,1,10.874700000000303,BACKFILL_AUTO
2026-07-12 10:41:58,1783852918,R_75,54193.5719,1,1.1424000000042724,BACKFILL_AUTO
2026-07-12 10:42:00,1783852920,R_75,54183.0217,-1,10.550200000005134,BACKFILL_AUTO
2026-07-12 10:42:02,1783852922,R_75,54182.9077,-1,0.11399999999412103,BACKFILL_AUTO
2026-07-12 10:42:04,1783852924,R_75,54177.7232,-1,5.184500000003027,BACKFILL_AUTO
2026-07-12 10:42:06,1783852926,R_75,54166.4362,-1,11.2870000000039,BACKFILL_AUTO
2026-07-12 10:42:08,1783852928,R_75,54172.3166,1,5.880400000001828,BACKFILL_AUTO
2026-07-12 10:42:10,1783852930,R_75,54171.1648,-1,1.1517999999996391,BACKFILL_AUTO
2026-07-12 10:42:12,1783852932,R_75,54176.0563,1,4.8914999999979045,BACKFILL_AUTO
2026-07-12 10:42:14,1783852934,R_75,54177.1502,1,1.0938999999998487,BACKFILL_AUTO
2026-07-12 10:42:16,1783852936,R_75,54188.6446,1,11.494400000003225,BACKFILL_AUTO
2026-07-12 10:42:18,1783852938,R_75,54197.1817,1,8.537100000001374,BACKFILL_AUTO
2026-07-12 10:42:20,1783852940,R_75,54197.1374,-1,0.04430000000138534,BACKFILL_AUTO
2026-07-12 10:42:22,1783852942,R_75,54212.7505,1,15.613100000002305,BACKFILL_AUTO
2026-07-12 10:42:24,1783852944,R_75,54201.0312,-1,11.719300000004296,BACKFILL_AUTO
2026-07-12 10:42:26,1783852946,R_75,54194.5251,-1,6.506099999998696,BACKFILL_AUTO
2026-07-12 10:42:28,1783852948,R_75,54199.4207,1,4.895600000003469,BACKFILL_AUTO
2026-07-12 10:42:30,1783852950,R_75,54205.2234,1,5.802700000000186,BACKFILL_AUTO
2026-07-12 10:42:32,1783852952,R_75,54198.0302,-1,7.193200000001525,BACKFILL_AUTO
2026-07-12 10:42:34,1783852954,R_75,54190.4447,-1,7.585500000001048,BACKFILL_AUTO
2026-07-12 10:42:36,1783852956,R_75,54188.4165,-1,2.028200000000652,BACKFILL_AUTO
2026-07-12 10:42:38,1783852958,R_75,54199.3112,1,10.894699999997101,BACKFILL_AUTO
2026-07-12 10:42:40,1783852960,R_75,54192.8666,-1,6.444599999995262,BACKFILL_AUTO
2026-07-12 10:42:42,1783852962,R_75,54186.5438,-1,6.322800000001735,BACKFILL_AUTO
2026-07-12 10:42:44,1783852964,R_75,54193.8539,1,7.310100000002421,BACKFILL_AUTO
2026-07-12 10:42:46,1783852966,R_75,54193.7188,-1,0.13509999999951106,BACKFILL_AUTO
2026-07-12 10:42:48,1783852968,R_75,54183.5918,-1,10.127000000000407,BACKFILL_AUTO
2026-07-12 10:42:50,1783852970,R_75,54197.61,1,14.018199999998615,BACKFILL_AUTO
2026-07-12 10:42:52,1783852972,R_75,54184.2159,-1,13.394099999997707,BACKFILL_AUTO
2026-07-12 10:42:54,1783852974,R_75,54183.2681,-1,0.9478000000017346,BACKFILL_AUTO
2026-07-12 10:42:56,1783852976,R_75,54200.2033,1,16.935199999999895,BACKFILL_AUTO
2026-07-12 10:42:58,1783852978,R_75,54186.8684,-1,13.334900000001653,BACKFILL_AUTO
2026-07-12 10:43:00,1783852980,R_75,54194.3988,1,7.530400000003283,BACKFILL_AUTO
2026-07-12 10:43:02,1783852982,R_75,54187.5879,-1,6.81090000000404,BACKFILL_AUTO
2026-07-12 10:43:04,1783852984,R_75,54192.2084,1,4.62050000000454,BACKFILL_AUTO
2026-07-12 10:43:06,1783852986,R_75,54180.3688,-1,11.839600000006612,BACKFILL_AUTO
2026-07-12 10:43:08,1783852988,R_75,54162.4363,-1,17.932499999995343,BACKFILL_AUTO
2026-07-12 10:43:10,1783852990,R_75,54155.2304,-1,7.205900000000838,BACKFILL_AUTO
2026-07-12 10:43:12,1783852992,R_75,54146.3286,-1,8.90179999999964,BACKFILL_AUTO
2026-07-12 10:43:14,1783852994,R_75,54140.578,-1,5.750599999999395,BACKFILL_AUTO
2026-07-12 10:43:16,1783852996,R_75,54143.1035,1,2.5254999999961,BACKFILL_AUTO
2026-07-12 10:43:18,1783852998,R_75,54133.2292,-1,9.874299999995856,BACKFILL_AUTO
2026-07-12 10:43:20,1783853000,R_75,54127.6034,-1,5.625800000001618,BACKFILL_AUTO
2026-07-12 10:43:22,1783853002,R_75,54143.4368,1,15.833400000003166,BACKFILL_AUTO
2026-07-12 10:43:24,1783853004,R_75,54138.01,-1,5.426800000001094,BACKFILL_AUTO
2026-07-12 10:43:26,1783853006,R_75,54151.393,1,13.382999999994354,BACKFILL_AUTO
2026-07-12 10:43:28,1783853008,R_75,54144.4519,-1,6.941099999996368,BACKFILL_AUTO
2026-07-12 10:43:30,1783853010,R_75,54147.5387,1,3.086799999997311,BACKFILL_AUTO
2026-07-12 10:43:32,1783853012,R_75,54154.8177,1,7.27900000000227,BACKFILL_AUTO
2026-07-12 10:43:34,1783853014,R_75,54147.052,-1,7.765699999996286,BACKFILL_AUTO
2026-07-12 10:43:36,1783853016,R_75,54147.0008,-1,0.051200000001699664,BACKFILL_AUTO
2026-07-12 10:43:38,1783853018,R_75,54156.7227,1,9.721899999996822,BACKFILL_AUTO
2026-07-12 10:43:40,1783853020,R_75,54157.3201,1,0.5973999999987427,BACKFILL_AUTO
2026-07-12 10:43:42,1783853022,R_75,54157.36,1,0.03990000000339933,BACKFILL_AUTO
2026-07-12 10:43:44,1783853024,R_75,54163.6081,1,6.248099999997066,BACKFILL_AUTO
2026-07-12 10:43:46,1783853026,R_75,54178.881,1,15.272900000003574,BACKFILL_AUTO
2026-07-12 10:43:48,1783853028,R_75,54186.6415,1,7.760499999996682,BACKFILL_AUTO
2026-07-12 10:43:50,1783853030,R_75,54193.0937,1,6.452199999999721,BACKFILL_AUTO
2026-07-12 10:43:52,1783853032,R_75,54200.2401,1,7.146400000005087,BACKFILL_AUTO
2026-07-12 10:43:54,1783853034,R_75,54196.8475,-1,3.39259999999922,BACKFILL_AUTO
2026-07-12 10:43:56,1783853036,R_75,54189.6032,-1,7.244300000005751,BACKFILL_AUTO
2026-07-12 10:43:58,1783853038,R_75,54180.4252,-1,9.177999999999884,BACKFILL_AUTO
2026-07-12 10:44:00,1783853040,R_75,54174.9056,-1,5.5195999999996275,BACKFILL_AUTO
2026-07-12 10:44:02,1783853042,R_75,54187.4682,1,12.56260000000475,BACKFILL_AUTO
2026-07-12 10:44:04,1783853044,R_75,54188.4169,1,0.9486999999935506,BACKFILL_AUTO
2026-07-12 10:44:06,1783853046,R_75,54204.7744,1,16.35750000000553,BACKFILL_AUTO
2026-07-12 10:44:08,1783853048,R_75,54217.3815,1,12.607100000001083,BACKFILL_AUTO
2026-07-12 10:44:10,1783853050,R_75,54227.1697,1,9.788199999995413,BACKFILL_AUTO
2026-07-12 10:44:12,1783853052,R_75,54212.4337,-1,14.735999999997148,BACKFILL_AUTO
2026-07-12 10:44:14,1783853054,R_75,54215.6452,1,3.2114999999976135,BACKFILL_AUTO
2026-07-12 10:44:16,1783853056,R_75,54200.2167,-1,15.428500000001804,BACKFILL_AUTO
2026-07-12 10:44:18,1783853058,R_75,54217.9392,1,17.722500000003492,BACKFILL_AUTO
2026-07-12 10:44:20,1783853060,R_75,54225.7513,1,7.812100000002829,BACKFILL_AUTO
2026-07-12 10:44:22,1783853062,R_75,54236.424,1,10.67269999999553,BACKFILL_AUTO
2026-07-12 10:44:24,1783853064,R_75,54227.0014,-1,9.422599999998056,BACKFILL_AUTO
2026-07-12 10:44:26,1783853066,R_75,54225.4338,-1,1.5676000000021304,BACKFILL_AUTO
2026-07-12 10:44:28,1783853068,R_75,54223.6368,-1,1.7969999999986612,BACKFILL_AUTO
2026-07-12 10:44:30,1783853070,R_75,54247.9974,1,24.360599999999977,BACKFILL_AUTO
2026-07-12 10:44:32,1783853072,R_75,54259.5163,1,11.518900000002759,BACKFILL_AUTO
2026-07-12 10:44:34,1783853074,R_75,54256.0642,-1,3.452100000002247,BACKFILL_AUTO
2026-07-12 10:44:36,1783853076,R_75,54247.3236,-1,8.740599999997357,BACKFILL_AUTO
2026-07-12 10:44:38,1783853078,R_75,54230.7876,-1,16.536000000000058,BACKFILL_AUTO
2026-07-12 10:44:40,1783853080,R_75,54235.0851,1,4.297499999993306,BACKFILL_AUTO
2026-07-12 10:44:42,1783853082,R_75,54232.8054,-1,2.2796999999991385,BACKFILL_AUTO
2026-07-12 10:44:44,1783853084,R_75,54239.1682,1,6.362800000002608,BACKFILL_AUTO
2026-07-12 10:44:46,1783853086,R_75,54244.915,1,5.746800000000803,BACKFILL_AUTO
2026-07-12 10:44:48,1783853088,R_75,54244.5968,-1,0.31820000000152504,BACKFILL_AUTO
2026-07-12 10:44:50,1783853090,R_75,54259.4683,1,14.871500000001106,BACKFILL_AUTO
2026-07-12 10:44:52,1783853092,R_75,54259.8079,1,0.33959999999933643,BACKFILL_AUTO
2026-07-12 10:44:54,1783853094,R_75,54250.5759,-1,9.231999999996333,BACKFILL_AUTO
2026-07-12 10:44:56,1783853096,R_75,54268.7254,1,18.149499999999534,BACKFILL_AUTO
2026-07-12 10:44:58,1783853098,R_75,54262.4923,-1,6.233100000004924,BACKFILL_AUTO
2026-07-12 10:45:00,1783853100,R_75,54249.741,-1,12.751299999996263,BACKFILL_AUTO
2026-07-12 10:45:02,1783853102,R_75,54234.8736,-1,14.867400000002817,BACKFILL_AUTO
2026-07-12 10:45:04,1783853104,R_75,54227.7338,-1,7.139799999997194,BACKFILL_AUTO
2026-07-12 10:45:06,1783853106,R_75,54230.2007,1,2.466899999999441,BACKFILL_AUTO
2026-07-12 10:45:08,1783853108,R_75,54211.5093,-1,18.69140000000334,BACKFILL_AUTO
2026-07-12 10:45:10,1783853110,R_75,54201.0666,-1,10.442699999999604,BACKFILL_AUTO
2026-07-12 10:45:12,1783853112,R_75,54202.9007,1,1.834100000000035,BACKFILL_AUTO
2026-07-12 10:45:14,1783853114,R_75,54194.5849,-1,8.31579999999667,BACKFILL_AUTO
2026-07-12 10:45:16,1783853116,R_75,54188.9318,-1,5.653100000003178,BACKFILL_AUTO
2026-07-12 10:45:18,1783853118,R_75,54177.238,-1,11.69380000000092,BACKFILL_AUTO
2026-07-12 10:45:20,1783853120,R_75,54179.6805,1,2.4425000000046566,BACKFILL_AUTO
2026-07-12 10:45:22,1783853122,R_75,54168.0926,-1,11.587899999998626,BACKFILL_AUTO
2026-07-12 10:45:24,1783853124,R_75,54162.0936,-1,5.999000000003434,BACKFILL_AUTO
2026-07-12 10:45:26,1783853126,R_75,54159.2304,-1,2.863199999999779,BACKFILL_AUTO
2026-07-12 10:45:28,1783853128,R_75,54148.6391,-1,10.591300000000047,BACKFILL_AUTO
2026-07-12 10:45:30,1783853130,R_75,54149.3342,1,0.6950999999971827,BACKFILL_AUTO
2026-07-12 10:45:32,1783853132,R_75,54140.4287,-1,8.905500000000757,BACKFILL_AUTO
2026-07-12 10:45:34,1783853134,R_75,54136.7952,-1,3.6334999999962747,BACKFILL_AUTO
2026-07-12 10:45:36,1783853136,R_75,54146.0422,1,9.247000000003027,BACKFILL_AUTO
2026-07-12 10:45:38,1783853138,R_75,54143.0897,-1,2.952500000006694,BACKFILL_AUTO
2026-07-12 10:45:40,1783853140,R_75,54133.5724,-1,9.517299999999523,BACKFILL_AUTO
2026-07-12 10:45:42,1783853142,R_75,54135.7633,1,2.1909000000014203,BACKFILL_AUTO
2026-07-12 10:45:44,1783853144,R_75,54150.7557,1,14.992400000002817,BACKFILL_AUTO
2026-07-12 10:45:46,1783853146,R_75,54137.8498,-1,12.905899999997928,BACKFILL_AUTO
2026-07-12 10:45:48,1783853148,R_75,54139.3239,1,1.4740999999994528,BACKFILL_AUTO
2026-07-12 10:45:50,1783853150,R_75,54138.4429,-1,0.8810000000012224,BACKFILL_AUTO
2026-07-12 10:45:52,1783853152,R_75,54137.0424,-1,1.400500000003376,BACKFILL_AUTO
2026-07-12 10:45:54,1783853154,R_75,54148.3644,1,11.322000000000116,BACKFILL_AUTO
2026-07-12 10:45:56,1783853156,R_75,54148.3814,1,0.016999999999825377,BACKFILL_AUTO
2026-07-12 10:45:58,1783853158,R_75,54147.0649,-1,1.316500000000815,BACKFILL_AUTO
2026-07-12 10:46:00,1783853160,R_75,54149.4503,1,2.3853999999992084,BACKFILL_AUTO
2026-07-12 10:46:02,1783853162,R_75,54139.4063,-1,10.043999999994412,BACKFILL_AUTO
2026-07-12 10:46:04,1783853164,R_75,54139.0217,-1,0.38460000000486616,BACKFILL_AUTO
2026-07-12 10:46:06,1783853166,R_75,54130.9603,-1,8.061399999998685,BACKFILL_AUTO
2026-07-12 10:46:08,1783853168,R_75,54134.957,1,3.9967000000033295,BACKFILL_AUTO
2026-07-12 10:46:10,1783853170,R_75,54138.0789,1,3.121899999998277,BACKFILL_AUTO
2026-07-12 10:46:12,1783853172,R_75,54125.6877,-1,12.391199999998207,BACKFILL_AUTO
2026-07-12 10:46:14,1783853174,R_75,54117.2867,-1,8.401000000005297,BACKFILL_AUTO
2026-07-12 10:46:16,1783853176,R_75,54107.4724,-1,9.814299999998184,BACKFILL_AUTO
2026-07-12 10:46:18,1783853178,R_75,54097.6699,-1,9.802499999997963,BACKFILL_AUTO
2026-07-12 10:46:20,1783853180,R_75,54093.0973,-1,4.572599999999511,BACKFILL_AUTO
2026-07-12 10:46:22,1783853182,R_75,54096.0967,1,2.9994000000006054,BACKFILL_AUTO
2026-07-12 10:46:24,1783853184,R_75,54088.3445,-1,7.752200000002631,BACKFILL_AUTO
2026-07-12 10:46:26,1783853186,R_75,54068.0512,-1,20.293299999997544,BACKFILL_AUTO
2026-07-12 10:46:28,1783853188,R_75,54067.328,-1,0.7232000000003609,BACKFILL_AUTO
2026-07-12 10:46:30,1783853190,R_75,54071.4365,1,4.1085000000020955,BACKFILL_AUTO
2026-07-12 10:46:32,1783853192,R_75,54073.8411,1,2.404599999994389,BACKFILL_AUTO
2026-07-12 10:46:34,1783853194,R_75,54088.7176,1,14.876500000005763,BACKFILL_AUTO
2026-07-12 10:46:36,1783853196,R_75,54098.9492,1,10.231599999999162,BACKFILL_AUTO
2026-07-12 10:46:38,1783853198,R_75,54084.1108,-1,14.838400000000547,BACKFILL_AUTO
2026-07-12 10:46:40,1783853200,R_75,54083.9991,-1,0.11170000000129221,BACKFILL_AUTO
2026-07-12 10:46:42,1783853202,R_75,54079.1154,-1,4.883699999998498,BACKFILL_AUTO
2026-07-12 10:46:44,1783853204,R_75,54076.3718,-1,2.7436000000016065,BACKFILL_AUTO
2026-07-12 10:46:46,1783853206,R_75,54101.1988,1,24.826999999997497,BACKFILL_AUTO
2026-07-12 10:46:48,1783853208,R_75,54092.9681,-1,8.23070000000007,BACKFILL_AUTO
2026-07-12 10:46:50,1783853210,R_75,54098.5888,1,5.620699999999488,BACKFILL_AUTO
2026-07-12 10:46:52,1783853212,R_75,54090.5854,-1,8.003399999994144,BACKFILL_AUTO
2026-07-12 10:46:54,1783853214,R_75,54083.0137,-1,7.571700000000419,BACKFILL_AUTO
2026-07-12 10:46:56,1783853216,R_75,54085.7435,1,2.729799999993702,BACKFILL_AUTO
2026-07-12 10:46:58,1783853218,R_75,54090.9732,1,5.229700000003504,BACKFILL_AUTO
2026-07-12 10:47:00,1783853220,R_75,54081.8348,-1,9.138400000003458,BACKFILL_AUTO
2026-07-12 10:47:02,1783853222,R_75,54059.1528,-1,22.681999999993423,BACKFILL_AUTO
2026-07-12 10:47:04,1783853224,R_75,54045.8516,-1,13.3012000000017,BACKFILL_AUTO
2026-07-12 10:47:06,1783853226,R_75,54039.4287,-1,6.422900000005029,BACKFILL_AUTO
2026-07-12 10:47:08,1783853228,R_75,54055.7347,1,16.306000000004133,BACKFILL_AUTO
2026-07-12 10:47:10,1783853230,R_75,54060.5151,1,4.780399999996007,BACKFILL_AUTO
2026-07-12 10:47:12,1783853232,R_75,54047.4926,-1,13.022499999999127,BACKFILL_AUTO
2026-07-12 10:47:14,1783853234,R_75,54040.0528,-1,7.439800000000105,BACKFILL_AUTO
2026-07-12 10:47:16,1783853236,R_75,54014.645,-1,25.40780000000086,BACKFILL_AUTO
2026-07-12 10:47:18,1783853238,R_75,54007.1501,-1,7.49489999999787,BACKFILL_AUTO
2026-07-12 10:47:20,1783853240,R_75,53998.2412,-1,8.908900000002177,BACKFILL_AUTO
2026-07-12 10:47:22,1783853242,R_75,54012.4081,1,14.166900000003807,BACKFILL_AUTO
2026-07-12 10:47:24,1783853244,R_75,54022.3958,1,9.987699999997858,BACKFILL_AUTO
2026-07-12 10:47:26,1783853246,R_75,54021.5484,-1,0.8473999999987427,BACKFILL_AUTO
2026-07-12 10:47:28,1783853248,R_75,54024.4675,1,2.919099999999162,BACKFILL_AUTO
2026-07-12 10:47:30,1783853250,R_75,54026.4421,1,1.9746000000013737,BACKFILL_AUTO
2026-07-12 10:47:32,1783853252,R_75,54038.5664,1,12.124300000003132,BACKFILL_AUTO
2026-07-12 10:47:34,1783853254,R_75,54026.0636,-1,12.502800000002026,BACKFILL_AUTO
2026-07-12 10:47:36,1783853256,R_75,54001.3985,-1,24.665099999998347,BACKFILL_AUTO
2026-07-12 10:47:38,1783853258,R_75,53981.2346,-1,20.163899999999558,BACKFILL_AUTO
2026-07-12 10:47:40,1783853260,R_75,53955.0494,-1,26.185199999999895,BACKFILL_AUTO
2026-07-12 10:47:42,1783853262,R_75,53940.8629,-1,14.186500000003434,BACKFILL_AUTO
2026-07-12 10:47:44,1783853264,R_75,53924.051,-1,16.811900000000605,BACKFILL_AUTO
2026-07-12 10:47:46,1783853266,R_75,53920.1338,-1,3.917199999996228,BACKFILL_AUTO
2026-07-12 10:47:48,1783853268,R_75,53935.6581,1,15.52429999999731,BACKFILL_AUTO
2026-07-12 10:47:50,1783853270,R_75,53920.6981,-1,14.959999999999127,BACKFILL_AUTO
2026-07-12 10:47:52,1783853272,R_75,53921.9932,1,1.2950999999957276,BACKFILL_AUTO
2026-07-12 10:47:54,1783853274,R_75,53933.5728,1,11.579600000004575,BACKFILL_AUTO
2026-07-12 10:47:56,1783853276,R_75,53959.4336,1,25.860799999994924,BACKFILL_AUTO
2026-07-12 10:47:58,1783853278,R_75,53944.0709,-1,15.362699999997858,BACKFILL_AUTO
2026-07-12 10:48:00,1783853280,R_75,53932.1127,-1,11.958200000000943,BACKFILL_AUTO
2026-07-12 10:48:02,1783853282,R_75,53927.3445,-1,4.768199999998615,BACKFILL_AUTO
2026-07-12 10:48:04,1783853284,R_75,53928.7229,1,1.3784000000014203,BACKFILL_AUTO
2026-07-12 10:48:06,1783853286,R_75,53924.5659,-1,4.156999999999243,BACKFILL_AUTO
2026-07-12 10:48:08,1783853288,R_75,53920.8002,-1,3.7657000000035623,BACKFILL_AUTO
2026-07-12 10:48:10,1783853290,R_75,53934.3556,1,13.555400000004738,BACKFILL_AUTO
2026-07-12 10:48:12,1783853292,R_75,53926.8357,-1,7.519899999999325,BACKFILL_AUTO
2026-07-12 10:48:14,1783853294,R_75,53935.8651,1,9.029399999999441,BACKFILL_AUTO
2026-07-12 10:48:16,1783853296,R_75,53949.5819,1,13.716799999994691,BACKFILL_AUTO
2026-07-12 10:48:18,1783853298,R_75,53950.2596,1,0.6777000000001863,BACKFILL_AUTO
2026-07-12 10:48:20,1783853300,R_75,53943.9278,-1,6.33179999999993,BACKFILL_AUTO
2026-07-12 10:48:22,1783853302,R_75,53953.1557,1,9.22790000000532,BACKFILL_AUTO
2026-07-12 10:48:24,1783853304,R_75,53945.9451,-1,7.2106000000057975,BACKFILL_AUTO
2026-07-12 10:48:26,1783853306,R_75,53963.1506,1,17.205500000003667,BACKFILL_AUTO
2026-07-12 10:48:28,1783853308,R_75,53975.1458,1,11.995199999997567,BACKFILL_AUTO
2026-07-12 10:48:30,1783853310,R_75,53972.8993,-1,2.246500000001106,BACKFILL_AUTO
2026-07-12 10:48:32,1783853312,R_75,53966.2631,-1,6.6362000000008265,BACKFILL_AUTO
2026-07-12 10:48:34,1783853314,R_75,53967.302,1,1.0389000000068336,BACKFILL_AUTO
2026-07-12 10:48:36,1783853316,R_75,53957.1882,-1,10.11380000000645,BACKFILL_AUTO
2026-07-12 10:48:38,1783853318,R_75,53965.0631,1,7.874900000002526,BACKFILL_AUTO
2026-07-12 10:48:40,1783853320,R_75,53967.4745,1,2.4113999999972293,BACKFILL_AUTO
2026-07-12 10:48:42,1783853322,R_75,53968.1154,1,0.6409000000057858,BACKFILL_AUTO
2026-07-12 10:48:44,1783853324,R_75,53978.706,1,10.590599999995902,BACKFILL_AUTO
2026-07-12 10:48:46,1783853326,R_75,53974.88,-1,3.8260000000009313,BACKFILL_AUTO
2026-07-12 10:48:48,1783853328,R_75,53970.4966,-1,4.383399999998801,BACKFILL_AUTO
2026-07-12 10:48:50,1783853330,R_75,53960.2135,-1,10.283100000000559,BACKFILL_AUTO
2026-07-12 10:48:52,1783853332,R_75,53967.2152,1,7.00170000000071,BACKFILL_AUTO
2026-07-12 10:48:54,1783853334,R_75,53963.2759,-1,3.939299999998184,BACKFILL_AUTO
2026-07-12 10:48:56,1783853336,R_75,53965.7666,1,2.490700000002107,BACKFILL_AUTO
2026-07-12 10:48:58,1783853338,R_75,53968.8643,1,3.09769999999844,BACKFILL_AUTO
2026-07-12 10:49:00,1783853340,R_75,53983.1512,1,14.28689999999915,BACKFILL_AUTO
2026-07-12 10:49:02,1783853342,R_75,53983.784,1,0.6327999999994063,BACKFILL_AUTO
2026-07-12 10:49:04,1783853344,R_75,53973.6265,-1,10.157500000001164,BACKFILL_AUTO
2026-07-12 10:49:06,1783853346,R_75,53968.911,-1,4.715499999998428,BACKFILL_AUTO
2026-07-12 10:49:08,1783853348,R_75,53967.9533,-1,0.9576999999990221,BACKFILL_AUTO
2026-07-12 10:49:10,1783853350,R_75,53960.3924,-1,7.56090000000404,BACKFILL_AUTO
2026-07-12 10:49:12,1783853352,R_75,53965.3161,1,4.923699999999371,BACKFILL_AUTO
2026-07-12 10:49:14,1783853354,R_75,53985.1213,1,19.805200000002515,BACKFILL_AUTO
2026-07-12 10:49:16,1783853356,R_75,53963.6797,-1,21.44159999999829,BACKFILL_AUTO
2026-07-12 10:49:18,1783853358,R_75,53970.7205,1,7.040800000002491,BACKFILL_AUTO
2026-07-12 10:49:20,1783853360,R_75,53984.6912,1,13.970699999998033,BACKFILL_AUTO
2026-07-12 10:49:22,1783853362,R_75,53962.9371,-1,21.75409999999829,BACKFILL_AUTO
2026-07-12 10:49:24,1783853364,R_75,53952.4247,-1,10.512399999999616,BACKFILL_AUTO
2026-07-12 10:49:26,1783853366,R_75,53955.3203,1,2.895599999996193,BACKFILL_AUTO
2026-07-12 10:49:28,1783853368,R_75,53972.2406,1,16.92029999999795,BACKFILL_AUTO
2026-07-12 10:49:30,1783853370,R_75,53982.1309,1,9.890299999999115,BACKFILL_AUTO
2026-07-12 10:49:32,1783853372,R_75,53983.8796,1,1.748700000003737,BACKFILL_AUTO
2026-07-12 10:49:34,1783853374,R_75,53983.0748,-1,0.8047999999980675,BACKFILL_AUTO
2026-07-12 10:49:36,1783853376,R_75,53986.2371,1,3.1622999999963213,BACKFILL_AUTO
2026-07-12 10:49:38,1783853378,R_75,53991.455,1,5.217900000003283,BACKFILL_AUTO
2026-07-12 10:49:40,1783853380,R_75,53967.6564,-1,23.798600000001898,BACKFILL_AUTO
2026-07-12 10:49:42,1783853382,R_75,53960.3678,-1,7.28859999999986,BACKFILL_AUTO
2026-07-12 10:49:44,1783853384,R_75,53983.1802,1,22.812400000002526,BACKFILL_AUTO
2026-07-12 10:49:46,1783853386,R_75,53995.3036,1,12.123399999996764,BACKFILL_AUTO
2026-07-12 10:49:48,1783853388,R_75,53995.9792,1,0.675600000002305,BACKFILL_AUTO
2026-07-12 10:49:50,1783853390,R_75,54012.9409,1,16.961699999999837,BACKFILL_AUTO
2026-07-12 10:49:52,1783853392,R_75,54010.1937,-1,2.7471999999979744,BACKFILL_AUTO
2026-07-12 10:49:54,1783853394,R_75,54009.7865,-1,0.40720000000146683,BACKFILL_AUTO
2026-07-12 10:49:56,1783853396,R_75,54008.1905,-1,1.5960000000050059,BACKFILL_AUTO
2026-07-12 10:49:58,1783853398,R_75,54014.5142,1,6.3237000000008265,BACKFILL_AUTO
2026-07-12 10:50:00,1783853400,R_75,54026.1343,1,11.620100000000093,BACKFILL_AUTO
2026-07-12 10:50:02,1783853402,R_75,54024.9437,-1,1.190599999994447,BACKFILL_AUTO
2026-07-12 10:50:04,1783853404,R_75,54042.3235,1,17.379799999995157,BACKFILL_AUTO
2026-07-12 10:50:06,1783853406,R_75,54045.6186,1,3.2951000000030035,BACKFILL_AUTO
2026-07-12 10:50:08,1783853408,R_75,54032.2086,-1,13.410000000003492,BACKFILL_AUTO
2026-07-12 10:50:10,1783853410,R_75,54009.7233,-1,22.48530000000028,BACKFILL_AUTO
2026-07-12 10:50:12,1783853412,R_75,54004.4248,-1,5.298499999997148,BACKFILL_AUTO
2026-07-12 10:50:14,1783853414,R_75,53991.0747,-1,13.350100000003295,BACKFILL_AUTO
2026-07-12 10:50:16,1783853416,R_75,53997.0931,1,6.018400000000838,BACKFILL_AUTO
2026-07-12 10:50:18,1783853418,R_75,53997.81,1,0.7168999999994412,BACKFILL_AUTO
2026-07-12 10:50:20,1783853420,R_75,54000.1059,1,2.2959000000046217,BACKFILL_AUTO
2026-07-12 10:50:22,1783853422,R_75,53990.2943,-1,9.811600000000908,BACKFILL_AUTO
2026-07-12 10:50:24,1783853424,R_75,53992.1739,1,1.8796000000002095,BACKFILL_AUTO
2026-07-12 10:50:26,1783853426,R_75,53986.7105,-1,5.463400000000547,BACKFILL_AUTO
2026-07-12 10:50:28,1783853428,R_75,53984.627,-1,2.0835000000006403,BACKFILL_AUTO
2026-07-12 10:50:30,1783853430,R_75,53982.874,-1,1.7529999999969732,BACKFILL_AUTO
2026-07-12 10:50:32,1783853432,R_75,53979.3907,-1,3.483299999999872,BACKFILL_AUTO
2026-07-12 10:50:34,1783853434,R_75,54003.9102,1,24.519499999994878,BACKFILL_AUTO
2026-07-12 10:50:36,1783853436,R_75,53992.6455,-1,11.26469999999972,BACKFILL_AUTO
2026-07-12 10:50:38,1783853438,R_75,53985.262,-1,7.383499999996275,BACKFILL_AUTO
2026-07-12 10:50:40,1783853440,R_75,53971.1978,-1,14.06420000000071,BACKFILL_AUTO
2026-07-12 10:50:42,1783853442,R_75,53976.0891,1,4.891299999995681,BACKFILL_AUTO
2026-07-12 10:50:44,1783853444,R_75,53992.6573,1,16.568200000001525,BACKFILL_AUTO
2026-07-12 10:50:46,1783853446,R_75,53990.081,-1,2.5763000000006286,BACKFILL_AUTO
2026-07-12 10:50:48,1783853448,R_75,53975.5962,-1,14.484799999998359,BACKFILL_AUTO
2026-07-12 10:50:50,1783853450,R_75,53991.0412,1,15.444999999999709,BACKFILL_AUTO
2026-07-12 10:50:52,1783853452,R_75,53995.3732,1,4.332000000002154,BACKFILL_AUTO
2026-07-12 10:50:54,1783853454,R_75,53987.6777,-1,7.69550000000163,BACKFILL_AUTO
2026-07-12 10:50:56,1783853456,R_75,53977.0582,-1,10.619500000000698,BACKFILL_AUTO
2026-07-12 10:50:58,1783853458,R_75,53967.6683,-1,9.389900000001944,BACKFILL_AUTO
2026-07-12 10:51:00,1783853460,R_75,53951.5045,-1,16.163799999994808,BACKFILL_AUTO
2026-07-12 10:51:02,1783853462,R_75,53936.4646,-1,15.0399000000034,BACKFILL_AUTO
2026-07-12 10:51:04,1783853464,R_75,53956.2395,1,19.77490000000398,BACKFILL_AUTO
2026-07-12 10:51:06,1783853466,R_75,53949.004,-1,7.235500000002503,BACKFILL_AUTO
2026-07-12 10:51:08,1783853468,R_75,53961.6126,1,12.60859999999957,BACKFILL_AUTO
2026-07-12 10:51:10,1783853470,R_75,53966.1815,1,4.5688999999983935,BACKFILL_AUTO
2026-07-12 10:51:12,1783853472,R_75,53964.9345,-1,1.2469999999957508,BACKFILL_AUTO
2026-07-12 10:51:14,1783853474,R_75,53941.6627,-1,23.27180000000226,BACKFILL_AUTO
2026-07-12 10:51:16,1783853476,R_75,53940.5839,-1,1.078800000002957,BACKFILL_AUTO
2026-07-12 10:51:18,1783853478,R_75,53954.772,1,14.188099999999395,BACKFILL_AUTO
2026-07-12 10:51:20,1783853480,R_75,53958.5527,1,3.7807000000029802,BACKFILL_AUTO
2026-07-12 10:51:22,1783853482,R_75,53973.9426,1,15.389900000001944,BACKFILL_AUTO
2026-07-12 10:51:24,1783853484,R_75,53971.4651,-1,2.477500000000873,BACKFILL_AUTO
2026-07-12 10:51:26,1783853486,R_75,53982.604,1,11.138899999998102,BACKFILL_AUTO
2026-07-12 10:51:28,1783853488,R_75,53991.96,1,9.355999999999767,BACKFILL_AUTO
2026-07-12 10:51:30,1783853490,R_75,53985.3509,-1,6.60910000000149,BACKFILL_AUTO
2026-07-12 10:51:32,1783853492,R_75,53983.9855,-1,1.3653999999951338,BACKFILL_AUTO
2026-07-12 10:51:34,1783853494,R_75,53992.8188,1,8.833299999998417,BACKFILL_AUTO
2026-07-12 10:51:36,1783853496,R_75,53991.04,-1,1.7788000000000466,BACKFILL_AUTO
2026-07-12 10:51:38,1783853498,R_75,53993.6969,1,2.6569000000017695,BACKFILL_AUTO
2026-07-12 10:51:40,1783853500,R_75,53991.4826,-1,2.214299999999639,BACKFILL_AUTO
2026-07-12 10:51:42,1783853502,R_75,53991.5814,1,0.09879999999975553,BACKFILL_AUTO
2026-07-12 10:51:44,1783853504,R_75,53984.6128,-1,6.968600000000151,BACKFILL_AUTO
2026-07-12 10:51:46,1783853506,R_75,53976.5912,-1,8.021600000000035,BACKFILL_AUTO
2026-07-12 10:51:48,1783853508,R_75,53979.1478,1,2.5565999999962514,BACKFILL_AUTO
2026-07-12 10:51:50,1783853510,R_75,53971.2331,-1,7.914700000001176,BACKFILL_AUTO
2026-07-12 10:51:52,1783853512,R_75,53979.954,1,8.720900000000256,BACKFILL_AUTO
2026-07-12 10:51:54,1783853514,R_75,53980.6556,1,0.701600000000326,BACKFILL_AUTO
2026-07-12 10:51:56,1783853516,R_75,53971.3271,-1,9.328499999995984,BACKFILL_AUTO
2026-07-12 10:51:58,1783853518,R_75,53958.233,-1,13.094100000002072,BACKFILL_AUTO
2026-07-12 10:52:00,1783853520,R_75,53948.3371,-1,9.895900000003166,BACKFILL_AUTO
2026-07-12 10:52:02,1783853522,R_75,53961.9218,1,13.58469999999943,BACKFILL_AUTO
2026-07-12 10:52:04,1783853524,R_75,53963.8451,1,1.9233000000022002,BACKFILL_AUTO
2026-07-12 10:52:06,1783853526,R_75,53954.0577,-1,9.787400000001071,BACKFILL_AUTO
2026-07-12 10:52:08,1783853528,R_75,53945.3829,-1,8.674800000000687,BACKFILL_AUTO
2026-07-12 10:52:10,1783853530,R_75,53935.6197,-1,9.763199999993958,BACKFILL_AUTO
2026-07-12 10:52:12,1783853532,R_75,53931.3995,-1,4.220200000003388,BACKFILL_AUTO
2026-07-12 10:52:14,1783853534,R_75,53929.5352,-1,1.8643000000010943,BACKFILL_AUTO
2026-07-12 10:52:16,1783853536,R_75,53929.6067,1,0.07149999999819556,BACKFILL_AUTO
2026-07-12 10:52:18,1783853538,R_75,53932.5087,1,2.9020000000018626,BACKFILL_AUTO
2026-07-12 10:52:20,1783853540,R_75,53933.5586,1,1.0498999999981606,BACKFILL_AUTO
2026-07-12 10:52:22,1783853542,R_75,53937.313,1,3.754400000005262,BACKFILL_AUTO
2026-07-12 10:52:24,1783853544,R_75,53922.6823,-1,14.630700000001525,BACKFILL_AUTO
2026-07-12 10:52:26,1783853546,R_75,53901.8302,-1,20.852100000003702,BACKFILL_AUTO
2026-07-12 10:52:28,1783853548,R_75,53905.9255,1,4.0953000000008615,BACKFILL_AUTO
2026-07-12 10:52:30,1783853550,R_75,53898.9457,-1,6.979800000000978,BACKFILL_AUTO
2026-07-12 10:52:32,1783853552,R_75,53905.6564,1,6.710700000003271,BACKFILL_AUTO
2026-07-12 10:52:34,1783853554,R_75,53899.406,-1,6.250399999997171,BACKFILL_AUTO
2026-07-12 10:52:36,1783853556,R_75,53906.1647,1,6.758699999998498,BACKFILL_AUTO
2026-07-12 10:52:38,1783853558,R_75,53896.8501,-1,9.314599999997881,BACKFILL_AUTO
2026-07-12 10:52:40,1783853560,R_75,53899.8622,1,3.0120999999999185,BACKFILL_AUTO
2026-07-12 10:52:42,1783853562,R_75,53898.3138,-1,1.548399999999674,BACKFILL_AUTO
2026-07-12 10:52:44,1783853564,R_75,53901.7755,1,3.461699999999837,BACKFILL_AUTO
2026-07-12 10:52:46,1783853566,R_75,53912.9031,1,11.127599999999802,BACKFILL_AUTO
2026-07-12 10:52:48,1783853568,R_75,53909.6312,-1,3.2718999999997322,BACKFILL_AUTO
2026-07-12 10:52:50,1783853570,R_75,53908.6052,-1,1.026000000005297,BACKFILL_AUTO
2026-07-12 10:52:52,1783853572,R_75,53912.2663,1,3.661100000004808,BACKFILL_AUTO
2026-07-12 10:52:54,1783853574,R_75,53927.5931,1,15.326799999995274,BACKFILL_AUTO
2026-07-12 10:52:56,1783853576,R_75,53900.5107,-1,27.082399999999325,BACKFILL_AUTO
2026-07-12 10:52:58,1783853578,R_75,53896.4304,-1,4.0803000000014435,BACKFILL_AUTO
2026-07-12 10:53:00,1783853580,R_75,53878.4084,-1,18.021999999997206,BACKFILL_AUTO
2026-07-12 10:53:02,1783853582,R_75,53880.9619,1,2.5535000000018044,BACKFILL_AUTO
2026-07-12 10:53:04,1783853584,R_75,53879.1904,-1,1.7715000000025611,BACKFILL_AUTO
2026-07-12 10:53:06,1783853586,R_75,53884.439,1,5.248599999998987,BACKFILL_AUTO
2026-07-12 10:53:08,1783853588,R_75,53885.6812,1,1.2422000000005937,BACKFILL_AUTO
2026-07-12 10:53:10,1783853590,R_75,53874.6213,-1,11.059900000000198,BACKFILL_AUTO
2026-07-12 10:53:12,1783853592,R_75,53873.1814,-1,1.4398999999975786,BACKFILL_AUTO
2026-07-12 10:53:14,1783853594,R_75,53878.9487,1,5.767299999999523,BACKFILL_AUTO
2026-07-12 10:53:16,1783853596,R_75,53879.9699,1,1.0211999999955879,BACKFILL_AUTO
2026-07-12 10:53:18,1783853598,R_75,53888.6863,1,8.716400000004796,BACKFILL_AUTO
2026-07-12 10:53:20,1783853600,R_75,53872.363,-1,16.323300000003655,BACKFILL_AUTO
2026-07-12 10:53:22,1783853602,R_75,53869.3252,-1,3.037799999998242,BACKFILL_AUTO
2026-07-12 10:53:24,1783853604,R_75,53861.3758,-1,7.949399999997695,BACKFILL_AUTO
2026-07-12 10:53:26,1783853606,R_75,53856.4411,-1,4.93470000000525,BACKFILL_AUTO
2026-07-12 10:53:28,1783853608,R_75,53848.8539,-1,7.587199999994482,BACKFILL_AUTO
2026-07-12 10:53:30,1783853610,R_75,53840.0368,-1,8.81710000000021,BACKFILL_AUTO
2026-07-12 10:53:32,1783853612,R_75,53856.0515,1,16.01469999999972,BACKFILL_AUTO
2026-07-12 10:53:34,1783853614,R_75,53849.2565,-1,6.794999999998254,BACKFILL_AUTO
2026-07-12 10:53:36,1783853616,R_75,53857.1574,1,7.900899999993271,BACKFILL_AUTO
2026-07-12 10:53:38,1783853618,R_75,53855.849,-1,1.3083999999944353,BACKFILL_AUTO
2026-07-12 10:53:40,1783853620,R_75,53861.7945,1,5.94550000000163,BACKFILL_AUTO
2026-07-12 10:53:42,1783853622,R_75,53849.6007,-1,12.19380000000092,BACKFILL_AUTO
2026-07-12 10:53:44,1783853624,R_75,53847.6757,-1,1.9250000000029104,BACKFILL_AUTO
2026-07-12 10:53:46,1783853626,R_75,53851.1039,1,3.428200000002107,BACKFILL_AUTO
2026-07-12 10:53:48,1783853628,R_75,53837.5154,-1,13.588500000005297,BACKFILL_AUTO
2026-07-12 10:53:50,1783853630,R_75,53823.204,-1,14.311399999998685,BACKFILL_AUTO
2026-07-12 10:53:52,1783853632,R_75,53831.7992,1,8.595200000003388,BACKFILL_AUTO
2026-07-12 10:53:54,1783853634,R_75,53819.5331,-1,12.266100000000733,BACKFILL_AUTO
2026-07-12 10:53:56,1783853636,R_75,53831.4231,1,11.889999999999418,BACKFILL_AUTO
2026-07-12 10:53:58,1783853638,R_75,53846.7428,1,15.319700000000012,BACKFILL_AUTO
2026-07-12 10:54:00,1783853640,R_75,53839.1647,-1,7.578099999998813,BACKFILL_AUTO
2026-07-12 10:54:02,1783853642,R_75,53842.0936,1,2.9288999999989755,BACKFILL_AUTO
2026-07-12 10:54:04,1783853644,R_75,53853.2803,1,11.186699999998382,BACKFILL_AUTO
2026-07-12 10:54:06,1783853646,R_75,53863.5295,1,10.249199999998382,BACKFILL_AUTO
2026-07-12 10:54:08,1783853648,R_75,53849.3975,-1,14.131999999997788,BACKFILL_AUTO
2026-07-12 10:54:10,1783853650,R_75,53851.5044,1,2.106899999998859,BACKFILL_AUTO
2026-07-12 10:54:12,1783853652,R_75,53843.3547,-1,8.149699999994482,BACKFILL_AUTO
2026-07-12 10:54:14,1783853654,R_75,53830.2632,-1,13.09150000000227,BACKFILL_AUTO
2026-07-12 10:54:16,1783853656,R_75,53840.9015,1,10.638299999998708,BACKFILL_AUTO
2026-07-12 10:54:18,1783853658,R_75,53839.1199,-1,1.7816000000020722,BACKFILL_AUTO
2026-07-12 10:54:20,1783853660,R_75,53841.7556,1,2.6356999999989057,BACKFILL_AUTO
2026-07-12 10:54:22,1783853662,R_75,53844.9414,1,3.185800000006566,BACKFILL_AUTO
2026-07-12 10:54:24,1783853664,R_75,53833.221,-1,11.720400000005611,BACKFILL_AUTO
2026-07-12 10:54:26,1783853666,R_75,53831.8351,-1,1.3859000000011292,BACKFILL_AUTO
2026-07-12 10:54:28,1783853668,R_75,53828.8504,-1,2.984699999993609,BACKFILL_AUTO
2026-07-12 10:54:30,1783853670,R_75,53840.9873,1,12.136899999997695,BACKFILL_AUTO
2026-07-12 10:54:32,1783853672,R_75,53826.6633,-1,14.324000000000524,BACKFILL_AUTO
2026-07-12 10:54:34,1783853674,R_75,53834.1353,1,7.472000000001572,BACKFILL_AUTO
2026-07-12 10:54:36,1783853676,R_75,53839.0677,1,4.93239999999787,BACKFILL_AUTO
2026-07-12 10:54:38,1783853678,R_75,53840.9013,1,1.833599999998114,BACKFILL_AUTO
2026-07-12 10:54:40,1783853680,R_75,53845.4811,1,4.579799999999523,BACKFILL_AUTO
2026-07-12 10:54:42,1783853682,R_75,53831.2666,-1,14.214499999994587,BACKFILL_AUTO
2026-07-12 10:54:44,1783853684,R_75,53833.825,1,2.5583999999944353,BACKFILL_AUTO
2026-07-12 10:54:46,1783853686,R_75,53826.6462,-1,7.178799999994226,BACKFILL_AUTO
2026-07-12 10:54:48,1783853688,R_75,53818.0997,-1,8.546500000004016,BACKFILL_AUTO
2026-07-12 10:54:50,1783853690,R_75,53831.8135,1,13.713799999997718,BACKFILL_AUTO
2026-07-12 10:54:52,1783853692,R_75,53829.3471,-1,2.4663999999975204,BACKFILL_AUTO
2026-07-12 10:54:54,1783853694,R_75,53824.29,-1,5.057099999998172,BACKFILL_AUTO
2026-07-12 10:54:56,1783853696,R_75,53817.5197,-1,6.770300000003772,BACKFILL_AUTO
2026-07-12 10:54:58,1783853698,R_75,53819.7031,1,2.1834000000017113,BACKFILL_AUTO
2026-07-12 10:55:00,1783853700,R_75,53824.5674,1,4.864300000001094,BACKFILL_AUTO
2026-07-12 10:55:02,1783853702,R_75,53824.409,-1,0.1584000000002561,BACKFILL_AUTO
2026-07-12 10:55:04,1783853704,R_75,53811.9682,-1,12.44079999999667,BACKFILL_AUTO
2026-07-12 10:55:06,1783853706,R_75,53822.5191,1,10.550899999994726,BACKFILL_AUTO
2026-07-12 10:55:08,1783853708,R_75,53821.246,-1,1.2730999999985215,BACKFILL_AUTO
2026-07-12 10:55:10,1783853710,R_75,53824.3176,1,3.0716000000029453,BACKFILL_AUTO
2026-07-12 10:55:12,1783853712,R_75,53828.0822,1,3.764599999994971,BACKFILL_AUTO
2026-07-12 10:55:14,1783853714,R_75,53831.9764,1,3.8942000000024564,BACKFILL_AUTO
2026-07-12 10:55:16,1783853716,R_75,53819.1978,-1,12.778599999997823,BACKFILL_AUTO
2026-07-12 10:55:18,1783853718,R_75,53787.6736,-1,31.524199999999837,BACKFILL_AUTO
2026-07-12 10:55:20,1783853720,R_75,53795.5328,1,7.859199999998964,BACKFILL_AUTO
2026-07-12 10:55:22,1783853722,R_75,53804.5242,1,8.991399999998976,BACKFILL_AUTO
2026-07-12 10:55:24,1783853724,R_75,53815.4326,1,10.908400000000256,BACKFILL_AUTO
2026-07-12 10:55:26,1783853726,R_75,53823.2542,1,7.821600000002945,BACKFILL_AUTO
2026-07-12 10:55:28,1783853728,R_75,53803.9145,-1,19.339700000004086,BACKFILL_AUTO
2026-07-12 10:55:30,1783853730,R_75,53814.6549,1,10.74040000000241,BACKFILL_AUTO
2026-07-12 10:55:32,1783853732,R_75,53821.1092,1,6.454299999997602,BACKFILL_AUTO
2026-07-12 10:55:34,1783853734,R_75,53812.2143,-1,8.894899999999325,BACKFILL_AUTO
2026-07-12 10:55:36,1783853736,R_75,53804.3381,-1,7.876199999998789,BACKFILL_AUTO
2026-07-12 10:55:38,1783853738,R_75,53814.2025,1,9.864399999998568,BACKFILL_AUTO
2026-07-12 10:55:40,1783853740,R_75,53819.6601,1,5.457600000001548,BACKFILL_AUTO
2026-07-12 10:55:42,1783853742,R_75,53810.5036,-1,9.156500000004598,BACKFILL_AUTO
2026-07-12 10:55:44,1783853744,R_75,53816.824,1,6.320400000004156,BACKFILL_AUTO
2026-07-12 10:55:46,1783853746,R_75,53825.4537,1,8.629699999997683,BACKFILL_AUTO
2026-07-12 10:55:48,1783853748,R_75,53812.9357,-1,12.517999999996391,BACKFILL_AUTO
2026-07-12 10:55:50,1783853750,R_75,53819.3144,1,6.378700000001118,BACKFILL_AUTO
2026-07-12 10:55:52,1783853752,R_75,53812.9713,-1,6.3431000000055064,BACKFILL_AUTO
2026-07-12 10:55:54,1783853754,R_75,53802.506,-1,10.465299999996205,BACKFILL_AUTO
2026-07-12 10:55:56,1783853756,R_75,53797.1321,-1,5.3738999999986845,BACKFILL_AUTO
2026-07-12 10:55:58,1783853758,R_75,53782.362,-1,14.770100000001548,BACKFILL_AUTO
2026-07-12 10:56:00,1783853760,R_75,53790.999,1,8.637000000002445,BACKFILL_AUTO
2026-07-12 10:56:02,1783853762,R_75,53797.9123,1,6.913300000000163,BACKFILL_AUTO
2026-07-12 10:56:04,1783853764,R_75,53797.3414,-1,0.5709000000060769,BACKFILL_AUTO
2026-07-12 10:56:06,1783853766,R_75,53798.6585,1,1.3171000000002095,BACKFILL_AUTO
2026-07-12 10:56:08,1783853768,R_75,53799.2439,1,0.585400000003574,BACKFILL_AUTO
2026-07-12 10:56:10,1783853770,R_75,53781.414,-1,17.829900000004272,BACKFILL_AUTO
2026-07-12 10:56:12,1783853772,R_75,53775.4158,-1,5.99819999999454,BACKFILL_AUTO
2026-07-12 10:56:14,1783853774,R_75,53769.7098,-1,5.706000000005588,BACKFILL_AUTO
2026-07-12 10:56:16,1783853776,R_75,53793.4423,1,23.73250000000553,BACKFILL_AUTO
2026-07-12 10:56:18,1783853778,R_75,53769.7121,-1,23.730200000005425,BACKFILL_AUTO
2026-07-12 10:56:20,1783853780,R_75,53769.3371,-1,0.375,BACKFILL_AUTO
2026-07-12 10:56:22,1783853782,R_75,53784.1353,1,14.798200000004726,BACKFILL_AUTO
2026-07-12 10:56:24,1783853784,R_75,53797.8611,1,13.725800000000163,BACKFILL_AUTO
2026-07-12 10:56:26,1783853786,R_75,53804.5719,1,6.710800000000745,BACKFILL_AUTO
2026-07-12 10:56:28,1783853788,R_75,53804.7501,1,0.17819999999483116,BACKFILL_AUTO
2026-07-12 10:56:30,1783853790,R_75,53817.5359,1,12.78580000000511,BACKFILL_AUTO
2026-07-12 10:56:32,1783853792,R_75,53808.8968,-1,8.639100000000326,BACKFILL_AUTO
2026-07-12 10:56:34,1783853794,R_75,53821.4636,1,12.566800000000512,BACKFILL_AUTO
2026-07-12 10:56:36,1783853796,R_75,53815.3549,-1,6.108700000004319,BACKFILL_AUTO
2026-07-12 10:56:38,1783853798,R_75,53815.5638,1,0.20890000000508735,BACKFILL_AUTO
2026-07-12 10:56:40,1783853800,R_75,53814.2923,-1,1.2715000000025611,BACKFILL_AUTO
2026-07-12 10:56:42,1783853802,R_75,53805.0299,-1,9.262399999999616,BACKFILL_AUTO
2026-07-12 10:56:44,1783853804,R_75,53817.5143,1,12.484400000001187,BACKFILL_AUTO
2026-07-12 10:56:46,1783853806,R_75,53815.278,-1,2.236300000004121,BACKFILL_AUTO
2026-07-12 10:56:48,1783853808,R_75,53814.8404,-1,0.4375999999974738,BACKFILL_AUTO
2026-07-12 10:56:50,1783853810,R_75,53811.9847,-1,2.85570000000007,BACKFILL_AUTO
2026-07-12 10:56:52,1783853812,R_75,53811.3183,-1,0.6664000000018859,BACKFILL_AUTO
2026-07-12 10:56:54,1783853814,R_75,53796.7358,-1,14.582499999996799,BACKFILL_AUTO
2026-07-12 10:56:56,1783853816,R_75,53803.7348,1,6.998999999996158,BACKFILL_AUTO
2026-07-12 10:56:58,1783853818,R_75,53811.5336,1,7.798800000004121,BACKFILL_AUTO
2026-07-12 10:57:00,1783853820,R_75,53813.897,1,2.3633999999947264,BACKFILL_AUTO
2026-07-12 10:57:02,1783853822,R_75,53796.8541,-1,17.042900000000373,BACKFILL_AUTO
2026-07-12 10:57:04,1783853824,R_75,53786.8025,-1,10.05159999999887,BACKFILL_AUTO
2026-07-12 10:57:06,1783853826,R_75,53788.1453,1,1.3427999999985332,BACKFILL_AUTO
2026-07-12 10:57:08,1783853828,R_75,53787.3903,-1,0.7549999999973807,BACKFILL_AUTO
2026-07-12 10:57:10,1783853830,R_75,53783.2686,-1,4.1216999999960535,BACKFILL_AUTO
2026-07-12 10:57:12,1783853832,R_75,53778.4408,-1,4.827800000006391,BACKFILL_AUTO
2026-07-12 10:57:14,1783853834,R_75,53782.5819,1,4.141100000000733,BACKFILL_AUTO
2026-07-12 10:57:16,1783853836,R_75,53806.1909,1,23.609000000004016,BACKFILL_AUTO
2026-07-12 10:57:18,1783853838,R_75,53819.5367,1,13.345799999995506,BACKFILL_AUTO
2026-07-12 10:57:20,1783853840,R_75,53828.9979,1,9.461200000005192,BACKFILL_AUTO
2026-07-12 10:57:22,1783853842,R_75,53850.52,1,21.52209999999468,BACKFILL_AUTO
2026-07-12 10:57:24,1783853844,R_75,53840.9614,-1,9.558599999996659,BACKFILL_AUTO
2026-07-12 10:57:26,1783853846,R_75,53842.2384,1,1.2770000000018626,BACKFILL_AUTO
2026-07-12 10:57:28,1783853848,R_75,53835.2929,-1,6.94550000000163,BACKFILL_AUTO
2026-07-12 10:57:30,1783853850,R_75,53832.2553,-1,3.0376000000032946,BACKFILL_AUTO
2026-07-12 10:57:32,1783853852,R_75,53821.9761,-1,10.279199999997218,BACKFILL_AUTO
2026-07-12 10:57:34,1783853854,R_75,53835.4622,1,13.486100000001898,BACKFILL_AUTO
2026-07-12 10:57:36,1783853856,R_75,53865.0617,1,29.599499999996624,BACKFILL_AUTO
2026-07-12 10:57:38,1783853858,R_75,53881.4752,1,16.413500000002387,BACKFILL_AUTO
2026-07-12 10:57:40,1783853860,R_75,53887.4013,1,5.92609999999695,BACKFILL_AUTO
2026-07-12 10:57:42,1783853862,R_75,53893.0497,1,5.648400000005495,BACKFILL_AUTO
2026-07-12 10:57:44,1783853864,R_75,53896.4987,1,3.448999999993248,BACKFILL_AUTO
2026-07-12 10:57:46,1783853866,R_75,53896.9826,1,0.48390000000654254,BACKFILL_AUTO
2026-07-12 10:57:48,1783853868,R_75,53909.3637,1,12.381099999998696,BACKFILL_AUTO
2026-07-12 10:57:50,1783853870,R_75,53916.2618,1,6.8980999999985215,BACKFILL_AUTO
2026-07-12 10:57:52,1783853872,R_75,53914.8215,-1,1.4403000000020256,BACKFILL_AUTO
2026-07-12 10:57:54,1783853874,R_75,53900.3375,-1,14.48399999999674,BACKFILL_AUTO
2026-07-12 10:57:56,1783853876,R_75,53896.0818,-1,4.255700000001525,BACKFILL_AUTO
2026-07-12 10:57:58,1783853878,R_75,53890.0715,-1,6.010300000001735,BACKFILL_AUTO
2026-07-12 10:58:00,1783853880,R_75,53889.8686,-1,0.20289999999658903,BACKFILL_AUTO
2026-07-12 10:58:02,1783853882,R_75,53888.2327,-1,1.6359000000011292,BACKFILL_AUTO
2026-07-12 10:58:04,1783853884,R_75,53899.9612,1,11.728499999997439,BACKFILL_AUTO
2026-07-12 10:58:06,1783853886,R_75,53893.464,-1,6.497199999997974,BACKFILL_AUTO
2026-07-12 10:58:08,1783853888,R_75,53870.4516,-1,23.012399999999616,BACKFILL_AUTO
2026-07-12 10:58:10,1783853890,R_75,53864.8111,-1,5.640500000001339,BACKFILL_AUTO
2026-07-12 10:58:12,1783853892,R_75,53869.9157,1,5.104599999998754,BACKFILL_AUTO
2026-07-12 10:58:14,1783853894,R_75,53876.7521,1,6.83640000000014,BACKFILL_AUTO
2026-07-12 10:58:16,1783853896,R_75,53842.377,-1,34.375099999997474,BACKFILL_AUTO
2026-07-12 10:58:18,1783853898,R_75,53837.2007,-1,5.1762999999991735,BACKFILL_AUTO
2026-07-12 10:58:20,1783853900,R_75,53829.7302,-1,7.470500000003085,BACKFILL_AUTO
2026-07-12 10:58:22,1783853902,R_75,53834.6587,1,4.928500000001804,BACKFILL_AUTO
2026-07-12 10:58:24,1783853904,R_75,53837.2346,1,2.5759000000034575,BACKFILL_AUTO
2026-07-12 10:58:26,1783853906,R_75,53831.8038,-1,5.430800000001909,BACKFILL_AUTO
2026-07-12 10:58:28,1783853908,R_75,53834.5184,1,2.7145999999993364,BACKFILL_AUTO
2026-07-12 10:58:30,1783853910,R_75,53839.8784,1,5.360000000000582,BACKFILL_AUTO
2026-07-12 10:58:32,1783853912,R_75,53839.0699,-1,0.8084999999991851,BACKFILL_AUTO
2026-07-12 10:58:34,1783853914,R_75,53835.4391,-1,3.630799999998999,BACKFILL_AUTO
2026-07-12 10:58:36,1783853916,R_75,53839.7749,1,4.335799999993469,BACKFILL_AUTO
2026-07-12 10:58:38,1783853918,R_75,53836.6485,-1,3.126399999993737,BACKFILL_AUTO
2026-07-12 10:58:40,1783853920,R_75,53834.251,-1,2.397500000006403,BACKFILL_AUTO
2026-07-12 10:58:42,1783853922,R_75,53847.3007,1,13.049700000003213,BACKFILL_AUTO
2026-07-12 10:58:44,1783853924,R_75,53835.9566,-1,11.344100000002072,BACKFILL_AUTO
2026-07-12 10:58:46,1783853926,R_75,53823.3684,-1,12.588199999998324,BACKFILL_AUTO
2026-07-12 10:58:48,1783853928,R_75,53816.4395,-1,6.9288999999989755,BACKFILL_AUTO
2026-07-12 10:58:50,1783853930,R_75,53826.7333,1,10.293799999999464,BACKFILL_AUTO
2026-07-12 10:58:52,1783853932,R_75,53819.3333,-1,7.400000000001455,BACKFILL_AUTO
2026-07-12 10:58:54,1783853934,R_75,53805.6878,-1,13.64549999999872,BACKFILL_AUTO
2026-07-12 10:58:56,1783853936,R_75,53791.0571,-1,14.630700000001525,BACKFILL_AUTO
2026-07-12 10:58:58,1783853938,R_75,53785.8866,-1,5.170500000000175,BACKFILL_AUTO
2026-07-12 10:59:00,1783853940,R_75,53787.0403,1,1.1537000000025728,BACKFILL_AUTO
2026-07-12 10:59:02,1783853942,R_75,53771.7582,-1,15.282100000003993,BACKFILL_AUTO
2026-07-12 10:59:04,1783853944,R_75,53788.5635,1,16.80529999999999,BACKFILL_AUTO
2026-07-12 10:59:06,1783853946,R_75,53791.0465,1,2.4830000000001746,BACKFILL_AUTO
2026-07-12 10:59:08,1783853948,R_75,53793.8916,1,2.845100000005914,BACKFILL_AUTO
2026-07-12 10:59:10,1783853950,R_75,53802.5864,1,8.694799999997485,BACKFILL_AUTO
2026-07-12 10:59:12,1783853952,R_75,53805.6611,1,3.0746999999973923,BACKFILL_AUTO
2026-07-12 10:59:14,1783853954,R_75,53791.4157,-1,14.24539999999979,BACKFILL_AUTO
2026-07-12 10:59:16,1783853956,R_75,53797.5725,1,6.156800000004296,BACKFILL_AUTO
2026-07-12 10:59:18,1783853958,R_75,53814.8371,1,17.26459999999497,BACKFILL_AUTO
2026-07-12 10:59:20,1783853960,R_75,53822.6532,1,7.816100000003644,BACKFILL_AUTO
2026-07-12 10:59:22,1783853962,R_75,53817.913,-1,4.740200000000186,BACKFILL_AUTO
2026-07-12 10:59:24,1783853964,R_75,53826.5906,1,8.677600000002712,BACKFILL_AUTO
2026-07-12 10:59:26,1783853966,R_75,53832.1904,1,5.599799999996321,BACKFILL_AUTO
2026-07-12 10:59:28,1783853968,R_75,53841.6451,1,9.454700000002049,BACKFILL_AUTO
2026-07-12 10:59:30,1783853970,R_75,53839.5743,-1,2.070800000001327,BACKFILL_AUTO
2026-07-12 10:59:32,1783853972,R_75,53843.0435,1,3.469199999999546,BACKFILL_AUTO
2026-07-12 10:59:34,1783853974,R_75,53833.0041,-1,10.039400000001478,BACKFILL_AUTO
2026-07-12 10:59:36,1783853976,R_75,53845.4184,1,12.414300000004005,BACKFILL_AUTO
2026-07-12 10:59:38,1783853978,R_75,53838.488,-1,6.930400000004738,BACKFILL_AUTO
2026-07-12 10:59:40,1783853980,R_75,53835.0303,-1,3.457699999999022,BACKFILL_AUTO
2026-07-12 10:59:42,1783853982,R_75,53819.8984,-1,15.131900000000314,BACKFILL_AUTO
2026-07-12 10:59:44,1783853984,R_75,53827.7575,1,7.85910000000149,BACKFILL_AUTO
2026-07-12 10:59:46,1783853986,R_75,53849.0854,1,21.327900000003865,BACKFILL_AUTO
2026-07-12 10:59:48,1783853988,R_75,53850.4046,1,1.3191999999980908,BACKFILL_AUTO
2026-07-12 10:59:50,1783853990,R_75,53833.4501,-1,16.954499999999825,BACKFILL_AUTO
2026-07-12 10:59:52,1783853992,R_75,53829.1931,-1,4.257000000005064,BACKFILL_AUTO
2026-07-12 10:59:54,1783853994,R_75,53822.229,-1,6.964099999997416,BACKFILL_AUTO
2026-07-12 10:59:56,1783853996,R_75,53812.9125,-1,9.316500000000815,BACKFILL_AUTO
2026-07-12 10:59:58,1783853998,R_75,53811.0636,-1,1.8488999999972293,BACKFILL_AUTO
2026-07-12 11:00:00,1783854000,R_75,53807.7991,-1,3.264500000004773,BACKFILL_AUTO
2026-07-12 11:00:02,1783854002,R_75,53808.8253,1,1.0262000000002445,BACKFILL_AUTO
2026-07-12 11:00:04,1783854004,R_75,53826.5614,1,17.736100000001898,BACKFILL_AUTO
2026-07-12 11:00:06,1783854006,R_75,53814.9111,-1,11.650300000001153,BACKFILL_AUTO
2026-07-12 11:00:08,1783854008,R_75,53818.5067,1,3.595600000000559,BACKFILL_AUTO
2026-07-12 11:00:10,1783854010,R_75,53800.9495,-1,17.557199999995646,BACKFILL_AUTO
2026-07-12 11:00:12,1783854012,R_75,53782.2704,-1,18.6791000000012,BACKFILL_AUTO
2026-07-12 11:00:14,1783854014,R_75,53773.0952,-1,9.175199999997858,BACKFILL_AUTO
2026-07-12 11:00:16,1783854016,R_75,53786.795,1,13.699799999994866,BACKFILL_AUTO
2026-07-12 11:00:18,1783854018,R_75,53790.0038,1,3.2088000000003376,BACKFILL_AUTO
2026-07-12 11:00:20,1783854020,R_75,53805.3891,1,15.385300000001735,BACKFILL_AUTO
2026-07-12 11:00:22,1783854022,R_75,53812.9877,1,7.598599999997532,BACKFILL_AUTO
2026-07-12 11:00:24,1783854024,R_75,53824.3707,1,11.38300000000163,BACKFILL_AUTO
2026-07-12 11:00:26,1783854026,R_75,53818.8628,-1,5.50789999999688,BACKFILL_AUTO
2026-07-12 11:00:28,1783854028,R_75,53828.7669,1,9.904099999999744,BACKFILL_AUTO
2026-07-12 11:00:30,1783854030,R_75,53850.4558,1,21.688900000001013,BACKFILL_AUTO
2026-07-12 11:00:32,1783854032,R_75,53859.1703,1,8.714499999994587,BACKFILL_AUTO
2026-07-12 11:00:34,1783854034,R_75,53846.9196,-1,12.250699999996868,BACKFILL_AUTO
2026-07-12 11:00:36,1783854036,R_75,53812.3284,-1,34.59120000000257,BACKFILL_AUTO
2026-07-12 11:00:38,1783854038,R_75,53821.865,1,9.536599999999453,BACKFILL_AUTO
2026-07-12 11:00:40,1783854040,R_75,53825.5485,1,3.683499999999185,BACKFILL_AUTO
2026-07-12 11:00:42,1783854042,R_75,53813.8395,-1,11.708999999995285,BACKFILL_AUTO
2026-07-12 11:00:44,1783854044,R_75,53811.1593,-1,2.6802000000025146,BACKFILL_AUTO
2026-07-12 11:00:46,1783854046,R_75,53830.6871,1,19.52780000000348,BACKFILL_AUTO
2026-07-12 11:00:48,1783854048,R_75,53836.0716,1,5.384500000000116,BACKFILL_AUTO
2026-07-12 11:00:50,1783854050,R_75,53829.0488,-1,7.0228000000061,BACKFILL_AUTO
2026-07-12 11:00:52,1783854052,R_75,53838.7718,1,9.723000000005413,BACKFILL_AUTO
2026-07-12 11:00:54,1783854054,R_75,53843.1944,1,4.422599999998056,BACKFILL_AUTO
2026-07-12 11:00:56,1783854056,R_75,53831.4034,-1,11.790999999997439,BACKFILL_AUTO
2026-07-12 11:00:58,1783854058,R_75,53826.864,-1,4.5394000000014785,BACKFILL_AUTO
2026-07-12 11:01:00,1783854060,R_75,53830.9378,1,4.0737999999983,BACKFILL_AUTO
2026-07-12 11:01:02,1783854062,R_75,53838.9328,1,7.995000000002619,BACKFILL_AUTO
2026-07-12 11:01:04,1783854064,R_75,53845.9943,1,7.061499999996158,BACKFILL_AUTO
2026-07-12 11:01:06,1783854066,R_75,53834.5332,-1,11.461100000000442,BACKFILL_AUTO
2026-07-12 11:01:08,1783854068,R_75,53831.2408,-1,3.2923999999984517,BACKFILL_AUTO
2026-07-12 11:01:10,1783854070,R_75,53833.4658,1,2.224999999998545,BACKFILL_AUTO
2026-07-12 11:01:12,1783854072,R_75,53843.2761,1,9.810300000004645,BACKFILL_AUTO
2026-07-12 11:01:14,1783854074,R_75,53870.7472,1,27.471099999995204,BACKFILL_AUTO
2026-07-12 11:01:16,1783854076,R_75,53863.8025,-1,6.944700000000012,BACKFILL_AUTO
2026-07-12 11:01:18,1783854078,R_75,53850.1191,-1,13.683399999994435,BACKFILL_AUTO
2026-07-12 11:01:20,1783854080,R_75,53844.2722,-1,5.846900000004098,BACKFILL_AUTO
2026-07-12 11:01:22,1783854082,R_75,53851.9722,1,7.69999999999709,BACKFILL_AUTO
2026-07-12 11:01:24,1783854084,R_75,53851.986,1,0.013800000000628643,BACKFILL_AUTO
2026-07-12 11:01:26,1783854086,R_75,53844.5667,-1,7.419299999994109,BACKFILL_AUTO
2026-07-12 11:01:28,1783854088,R_75,53837.3418,-1,7.224900000001071,BACKFILL_AUTO
2026-07-12 11:01:30,1783854090,R_75,53842.0592,1,4.717400000001362,BACKFILL_AUTO
2026-07-12 11:01:32,1783854092,R_75,53848.0698,1,6.010599999994156,BACKFILL_AUTO
2026-07-12 11:01:34,1783854094,R_75,53831.1064,-1,16.963400000000547,BACKFILL_AUTO
2026-07-12 11:01:36,1783854096,R_75,53835.4361,1,4.329700000002049,BACKFILL_AUTO
2026-07-12 11:01:38,1783854098,R_75,53847.5453,1,12.109199999998964,BACKFILL_AUTO
2026-07-12 11:01:40,1783854100,R_75,53851.7104,1,4.165100000005623,BACKFILL_AUTO
2026-07-12 11:01:42,1783854102,R_75,53856.1056,1,4.395199999999022,BACKFILL_AUTO
2026-07-12 11:01:44,1783854104,R_75,53840.0645,-1,16.04110000000219,BACKFILL_AUTO
2026-07-12 11:01:46,1783854106,R_75,53857.1685,1,17.10399999999936,BACKFILL_AUTO
2026-07-12 11:01:48,1783854108,R_75,53870.5287,1,13.360200000002806,BACKFILL_AUTO
2026-07-12 11:01:50,1783854110,R_75,53872.574,1,2.045299999997951,BACKFILL_AUTO
2026-07-12 11:01:52,1783854112,R_75,53871.4759,-1,1.098100000002887,BACKFILL_AUTO
2026-07-12 11:01:54,1783854114,R_75,53871.1037,-1,0.3721999999979744,BACKFILL_AUTO
2026-07-12 11:01:56,1783854116,R_75,53872.4324,1,1.3286999999982072,BACKFILL_AUTO
2026-07-12 11:01:58,1783854118,R_75,53879.5215,1,7.0891000000046915,BACKFILL_AUTO
2026-07-12 11:02:00,1783854120,R_75,53886.5928,1,7.071299999995972,BACKFILL_AUTO
2026-07-12 11:02:02,1783854122,R_75,53879.1372,-1,7.455600000001141,BACKFILL_AUTO
2026-07-12 11:02:04,1783854124,R_75,53870.1383,-1,8.998899999998685,BACKFILL_AUTO
2026-07-12 11:02:06,1783854126,R_75,53855.6236,-1,14.51469999999972,BACKFILL_AUTO
2026-07-12 11:02:08,1783854128,R_75,53854.7704,-1,0.8531999999977415,BACKFILL_AUTO
2026-07-12 11:02:10,1783854130,R_75,53857.8118,1,3.041400000001886,BACKFILL_AUTO
2026-07-12 11:02:12,1783854132,R_75,53870.0823,1,12.27049999999872,BACKFILL_AUTO
2026-07-12 11:02:14,1783854134,R_75,53882.1962,1,12.113899999996647,BACKFILL_AUTO
2026-07-12 11:02:16,1783854136,R_75,53871.7919,-1,10.404300000001967,BACKFILL_AUTO
2026-07-12 11:02:18,1783854138,R_75,53866.8722,-1,4.9196999999985565,BACKFILL_AUTO
2026-07-12 11:02:20,1783854140,R_75,53869.3272,1,2.4550000000017462,BACKFILL_AUTO
2026-07-12 11:02:22,1783854142,R_75,53873.2446,1,3.9173999999984517,BACKFILL_AUTO
2026-07-12 11:02:24,1783854144,R_75,53863.5534,-1,9.691200000001118,BACKFILL_AUTO
2026-07-12 11:02:26,1783854146,R_75,53893.3612,1,29.807800000002317,BACKFILL_AUTO
2026-07-12 11:02:28,1783854148,R_75,53885.989,-1,7.372199999997974,BACKFILL_AUTO
2026-07-12 11:02:30,1783854150,R_75,53878.3893,-1,7.5996999999988475,BACKFILL_AUTO
2026-07-12 11:02:32,1783854152,R_75,53872.3248,-1,6.0645000000004075,BACKFILL_AUTO
2026-07-12 11:02:34,1783854154,R_75,53883.1064,1,10.781599999994796,BACKFILL_AUTO
2026-07-12 11:02:36,1783854156,R_75,53887.546,1,4.439600000005157,BACKFILL_AUTO
2026-07-12 11:02:38,1783854158,R_75,53889.2945,1,1.7485000000015134,BACKFILL_AUTO
2026-07-12 11:02:40,1783854160,R_75,53905.8438,1,16.549299999998766,BACKFILL_AUTO
2026-07-12 11:02:42,1783854162,R_75,53915.3073,1,9.463499999998021,BACKFILL_AUTO
2026-07-12 11:02:44,1783854164,R_75,53922.7692,1,7.4619000000020606,BACKFILL_AUTO
2026-07-12 11:02:46,1783854166,R_75,53919.5327,-1,3.2364999999990687,BACKFILL_AUTO
2026-07-12 11:02:48,1783854168,R_75,53939.5458,1,20.013099999996484,BACKFILL_AUTO
2026-07-12 11:02:50,1783854170,R_75,53934.3794,-1,5.166400000001886,BACKFILL_AUTO
2026-07-12 11:02:52,1783854172,R_75,53926.6503,-1,7.7290999999968335,BACKFILL_AUTO
2026-07-12 11:02:54,1783854174,R_75,53916.3294,-1,10.320899999998801,BACKFILL_AUTO
2026-07-12 11:02:56,1783854176,R_75,53917.3584,1,1.0289999999949941,BACKFILL_AUTO
2026-07-12 11:02:58,1783854178,R_75,53916.0462,-1,1.3122000000003027,BACKFILL_AUTO
2026-07-12 11:03:00,1783854180,R_75,53907.2296,-1,8.816599999998289,BACKFILL_AUTO
2026-07-12 11:03:02,1783854182,R_75,53895.8617,-1,11.367899999997462,BACKFILL_AUTO
2026-07-12 11:03:04,1783854184,R_75,53881.9513,-1,13.910400000000664,BACKFILL_AUTO
2026-07-12 11:03:06,1783854186,R_75,53879.5545,-1,2.3968000000022585,BACKFILL_AUTO
2026-07-12 11:03:08,1783854188,R_75,53881.7308,1,2.1762999999991735,BACKFILL_AUTO
2026-07-12 11:03:10,1783854190,R_75,53884.9685,1,3.237700000005134,BACKFILL_AUTO
2026-07-12 11:03:12,1783854192,R_75,53882.6372,-1,2.3313000000052853,BACKFILL_AUTO
2026-07-12 11:03:14,1783854194,R_75,53875.7589,-1,6.8782999999966705,BACKFILL_AUTO
2026-07-12 11:03:16,1783854196,R_75,53871.5321,-1,4.226800000004005,BACKFILL_AUTO
2026-07-12 11:03:18,1783854198,R_75,53872.0134,1,0.48130000000674045,BACKFILL_AUTO
2026-07-12 11:03:20,1783854200,R_75,53873.1406,1,1.127199999995355,BACKFILL_AUTO
2026-07-12 11:03:22,1783854202,R_75,53871.9693,-1,1.1713000000017928,BACKFILL_AUTO
2026-07-12 11:03:24,1783854204,R_75,53870.0954,-1,1.8738999999986845,BACKFILL_AUTO
2026-07-12 11:03:26,1783854206,R_75,53873.6385,1,3.543100000002596,BACKFILL_AUTO
2026-07-12 11:03:28,1783854208,R_75,53879.2187,1,5.580199999996694,BACKFILL_AUTO
2026-07-12 11:03:30,1783854210,R_75,53868.7619,-1,10.45679999999993,BACKFILL_AUTO
2026-07-12 11:03:32,1783854212,R_75,53871.8975,1,3.135600000001432,BACKFILL_AUTO
2026-07-12 11:03:34,1783854214,R_75,53870.3435,-1,1.5539999999964493,BACKFILL_AUTO
2026-07-12 11:03:36,1783854216,R_75,53864.3922,-1,5.951300000000629,BACKFILL_AUTO
2026-07-12 11:03:38,1783854218,R_75,53861.5638,-1,2.82839999999851,BACKFILL_AUTO
2026-07-12 11:03:40,1783854220,R_75,53876.027,1,14.463199999998324,BACKFILL_AUTO
2026-07-12 11:03:42,1783854222,R_75,53864.2112,-1,11.815800000003946,BACKFILL_AUTO
2026-07-12 11:03:44,1783854224,R_75,53869.0358,1,4.8245999999999185,BACKFILL_AUTO
2026-07-12 11:03:46,1783854226,R_75,53885.5472,1,16.51140000000305,BACKFILL_AUTO
2026-07-12 11:03:48,1783854228,R_75,53861.1963,-1,24.350899999997637,BACKFILL_AUTO
2026-07-12 11:03:50,1783854230,R_75,53869.2796,1,8.083299999998417,BACKFILL_AUTO
2026-07-12 11:03:52,1783854232,R_75,53874.3388,1,5.0591999999960535,BACKFILL_AUTO
2026-07-12 11:03:54,1783854234,R_75,53878.6756,1,4.336800000004587,BACKFILL_AUTO
2026-07-12 11:03:56,1783854236,R_75,53862.7296,-1,15.94600000000355,BACKFILL_AUTO
2026-07-12 11:03:58,1783854238,R_75,53857.414,-1,5.315600000001723,BACKFILL_AUTO
2026-07-12 11:04:00,1783854240,R_75,53858.233,1,0.8190000000031432,BACKFILL_AUTO
2026-07-12 11:04:02,1783854242,R_75,53868.8785,1,10.64549999999872,BACKFILL_AUTO
2026-07-12 11:04:04,1783854244,R_75,53864.5585,-1,4.319999999999709,BACKFILL_AUTO
2026-07-12 11:04:06,1783854246,R_75,53859.486,-1,5.072500000002037,BACKFILL_AUTO
2026-07-12 11:04:08,1783854248,R_75,53851.8565,-1,7.62949999999546,BACKFILL_AUTO
2026-07-12 11:04:10,1783854250,R_75,53853.199,1,1.3424999999988358,BACKFILL_AUTO
2026-07-12 11:04:12,1783854252,R_75,53848.8567,-1,4.342300000003888,BACKFILL_AUTO
2026-07-12 11:04:14,1783854254,R_75,53858.7421,1,9.885400000006484,BACKFILL_AUTO
2026-07-12 11:04:16,1783854256,R_75,53864.7139,1,5.971799999999348,BACKFILL_AUTO
2026-07-12 11:04:18,1783854258,R_75,53864.6645,-1,0.04940000000351574,BACKFILL_AUTO
2026-07-12 11:04:20,1783854260,R_75,53850.5871,-1,14.077400000001944,BACKFILL_AUTO
2026-07-12 11:04:22,1783854262,R_75,53851.3895,1,0.8024000000004889,BACKFILL_AUTO
2026-07-12 11:04:24,1783854264,R_75,53865.332,1,13.942500000004657,BACKFILL_AUTO
2026-07-12 11:04:26,1783854266,R_75,53867.5465,1,2.2144999999945867,BACKFILL_AUTO
2026-07-12 11:04:28,1783854268,R_75,53876.354,1,8.80750000000262,BACKFILL_AUTO
2026-07-12 11:04:30,1783854270,R_75,53895.6381,1,19.284099999997125,BACKFILL_AUTO
2026-07-12 11:04:32,1783854272,R_75,53897.6321,1,1.9940000000060536,BACKFILL_AUTO
2026-07-12 11:04:34,1783854274,R_75,53894.8138,-1,2.818299999998999,BACKFILL_AUTO
2026-07-12 11:04:36,1783854276,R_75,53890.7948,-1,4.019000000000233,BACKFILL_AUTO
2026-07-12 11:04:38,1783854278,R_75,53892.0019,1,1.2070999999996275,BACKFILL_AUTO
2026-07-12 11:04:40,1783854280,R_75,53899.8844,1,7.882499999999709,BACKFILL_AUTO
2026-07-12 11:04:42,1783854282,R_75,53909.4594,1,9.57499999999709,BACKFILL_AUTO
2026-07-12 11:04:44,1783854284,R_75,53937.2884,1,27.828999999997905,BACKFILL_AUTO
2026-07-12 11:04:46,1783854286,R_75,53935.6236,-1,1.6647999999986496,BACKFILL_AUTO
2026-07-12 11:04:48,1783854288,R_75,53949.7994,1,14.175800000004529,BACKFILL_AUTO
2026-07-12 11:04:50,1783854290,R_75,53940.0806,-1,9.718800000002375,BACKFILL_AUTO
2026-07-12 11:04:52,1783854292,R_75,53952.1327,1,12.052100000000792,BACKFILL_AUTO
2026-07-12 11:04:54,1783854294,R_75,53941.2813,-1,10.851399999999558,BACKFILL_AUTO
2026-07-12 11:04:56,1783854296,R_75,53948.6992,1,7.4179000000003725,BACKFILL_AUTO
2026-07-12 11:04:58,1783854298,R_75,53947.4534,-1,1.2458000000042375,BACKFILL_AUTO
2026-07-12 11:05:00,1783854300,R_75,53966.363,1,18.909599999999045,BACKFILL_AUTO
2026-07-12 11:05:02,1783854302,R_75,53959.6968,-1,6.666199999999662,BACKFILL_AUTO
2026-07-12 11:05:04,1783854304,R_75,53964.4778,1,4.7810000000026776,BACKFILL_AUTO
2026-07-12 11:05:06,1783854306,R_75,53975.1217,1,10.643900000002759,BACKFILL_AUTO
2026-07-12 11:05:08,1783854308,R_75,53951.9606,-1,23.161100000004808,BACKFILL_AUTO
2026-07-12 11:05:10,1783854310,R_75,53952.3021,1,0.3415000000022701,BACKFILL_AUTO
2026-07-12 11:05:12,1783854312,R_75,53943.5585,-1,8.743600000001607,BACKFILL_AUTO
2026-07-12 11:05:14,1783854314,R_75,53937.5982,-1,5.960299999998824,BACKFILL_AUTO
2026-07-12 11:05:16,1783854316,R_75,53951.3417,1,13.743499999996857,BACKFILL_AUTO
2026-07-12 11:05:18,1783854318,R_75,53951.3921,1,0.05040000000008149,BACKFILL_AUTO
2026-07-12 11:05:20,1783854320,R_75,53958.8485,1,7.456400000002759,BACKFILL_AUTO
2026-07-12 11:05:22,1783854322,R_75,53964.9105,1,6.061999999998079,BACKFILL_AUTO
2026-07-12 11:05:24,1783854324,R_75,53970.2075,1,5.296999999998661,BACKFILL_AUTO
2026-07-12 11:05:26,1783854326,R_75,53974.0144,1,3.8069000000032247,BACKFILL_AUTO
2026-07-12 11:05:28,1783854328,R_75,53954.3651,-1,19.64929999999731,BACKFILL_AUTO
2026-07-12 11:05:30,1783854330,R_75,53954.6294,1,0.26429999999527354,BACKFILL_AUTO
2026-07-12 11:05:32,1783854332,R_75,53951.2166,-1,3.412799999998242,BACKFILL_AUTO
2026-07-12 11:05:34,1783854334,R_75,53960.3623,1,9.145700000000943,BACKFILL_AUTO
2026-07-12 11:05:36,1783854336,R_75,53956.6989,-1,3.6633999999976368,BACKFILL_AUTO
2026-07-12 11:05:38,1783854338,R_75,53954.1832,-1,2.5157000000035623,BACKFILL_AUTO
2026-07-12 11:05:40,1783854340,R_75,53955.8988,1,1.7156000000031781,BACKFILL_AUTO
2026-07-12 11:05:42,1783854342,R_75,53971.0668,1,15.167999999997846,BACKFILL_AUTO
2026-07-12 11:05:44,1783854344,R_75,53982.9239,1,11.857100000001083,BACKFILL_AUTO
2026-07-12 11:05:46,1783854346,R_75,53993.2694,1,10.345499999995809,BACKFILL_AUTO
2026-07-12 11:05:48,1783854348,R_75,53992.1194,-1,1.1499999999941792,BACKFILL_AUTO
2026-07-12 11:05:50,1783854350,R_75,53992.2544,1,0.1349999999947613,BACKFILL_AUTO
2026-07-12 11:05:52,1783854352,R_75,53974.4525,-1,17.801899999998568,BACKFILL_AUTO
2026-07-12 11:05:54,1783854354,R_75,53977.1739,1,2.721400000002177,BACKFILL_AUTO
2026-07-12 11:05:56,1783854356,R_75,53969.8777,-1,7.296200000004319,BACKFILL_AUTO
2026-07-12 11:05:58,1783854358,R_75,53951.2186,-1,18.659099999997125,BACKFILL_AUTO
2026-07-12 11:06:00,1783854360,R_75,53946.7952,-1,4.423399999999674,BACKFILL_AUTO
2026-07-12 11:06:02,1783854362,R_75,53943.532,-1,3.263200000001234,BACKFILL_AUTO
2026-07-12 11:06:04,1783854364,R_75,53938.8805,-1,4.651499999999942,BACKFILL_AUTO
2026-07-12 11:06:06,1783854366,R_75,53924.3193,-1,14.561199999996461,BACKFILL_AUTO
2026-07-12 11:06:08,1783854368,R_75,53932.7325,1,8.413199999995413,BACKFILL_AUTO
2026-07-12 11:06:10,1783854370,R_75,53941.4218,1,8.689299999998184,BACKFILL_AUTO
2026-07-12 11:06:12,1783854372,R_75,53946.9585,1,5.536700000004203,BACKFILL_AUTO
2026-07-12 11:06:14,1783854374,R_75,53954.5626,1,7.6040999999968335,BACKFILL_AUTO
2026-07-12 11:06:16,1783854376,R_75,53953.4042,-1,1.1584000000002561,BACKFILL_AUTO
2026-07-12 11:06:18,1783854378,R_75,53945.1918,-1,8.212399999996705,BACKFILL_AUTO
2026-07-12 11:06:20,1783854380,R_75,53938.4784,-1,6.713400000000547,BACKFILL_AUTO
2026-07-12 11:06:22,1783854382,R_75,53922.0143,-1,16.464099999997416,BACKFILL_AUTO
2026-07-12 11:06:24,1783854384,R_75,53942.9648,1,20.95049999999901,BACKFILL_AUTO
2026-07-12 11:06:26,1783854386,R_75,53944.1418,1,1.1769999999960419,BACKFILL_AUTO
2026-07-12 11:06:28,1783854388,R_75,53947.1431,1,3.001300000003539,BACKFILL_AUTO
2026-07-12 11:06:30,1783854390,R_75,53942.6612,-1,4.481899999998859,BACKFILL_AUTO
2026-07-12 11:06:32,1783854392,R_75,53926.0419,-1,16.61930000000575,BACKFILL_AUTO
2026-07-12 11:06:34,1783854394,R_75,53942.0648,1,16.022900000003574,BACKFILL_AUTO
2026-07-12 11:06:36,1783854396,R_75,53937.2308,-1,4.834000000002561,BACKFILL_AUTO
2026-07-12 11:06:38,1783854398,R_75,53942.0477,1,4.816900000005262,BACKFILL_AUTO
2026-07-12 11:06:40,1783854400,R_75,53941.6005,-1,0.44720000000233995,BACKFILL_AUTO
2026-07-12 11:06:42,1783854402,R_75,53933.8781,-1,7.722399999998743,BACKFILL_AUTO
2026-07-12 11:06:44,1783854404,R_75,53934.9116,1,1.03349999999773,BACKFILL_AUTO
2026-07-12 11:06:46,1783854406,R_75,53943.2185,1,8.306900000003225,BACKFILL_AUTO
2026-07-12 11:06:48,1783854408,R_75,53949.9773,1,6.758799999995972,BACKFILL_AUTO
2026-07-12 11:06:50,1783854410,R_75,53961.7495,1,11.77219999999943,BACKFILL_AUTO
2026-07-12 11:06:52,1783854412,R_75,53966.7732,1,5.023700000005192,BACKFILL_AUTO
2026-07-12 11:06:54,1783854414,R_75,53952.1937,-1,14.579499999999825,BACKFILL_AUTO
2026-07-12 11:06:56,1783854416,R_75,53952.07,-1,0.12370000000373693,BACKFILL_AUTO
2026-07-12 11:06:58,1783854418,R_75,53955.78,1,3.709999999999127,BACKFILL_AUTO
2026-07-12 11:07:00,1783854420,R_75,53956.3965,1,0.6165000000037253,BACKFILL_AUTO
2026-07-12 11:07:02,1783854422,R_75,53958.7666,1,2.370100000000093,BACKFILL_AUTO
2026-07-12 11:07:04,1783854424,R_75,53943.58,-1,15.186600000000908,BACKFILL_AUTO
2026-07-12 11:07:06,1783854426,R_75,53959.7481,1,16.16809999999532,BACKFILL_AUTO
2026-07-12 11:07:08,1783854428,R_75,53961.9189,1,2.170799999999872,BACKFILL_AUTO
2026-07-12 11:07:10,1783854430,R_75,53950.5227,-1,11.396199999995588,BACKFILL_AUTO
2026-07-12 11:07:12,1783854432,R_75,53939.868,-1,10.654699999999139,BACKFILL_AUTO
2026-07-12 11:07:14,1783854434,R_75,53921.6687,-1,18.19930000000022,BACKFILL_AUTO
2026-07-12 11:07:16,1783854436,R_75,53912.4925,-1,9.1762000000017,BACKFILL_AUTO
2026-07-12 11:07:18,1783854438,R_75,53921.2011,1,8.708599999998114,BACKFILL_AUTO
2026-07-12 11:07:20,1783854440,R_75,53907.3686,-1,13.832499999996799,BACKFILL_AUTO
2026-07-12 11:07:22,1783854442,R_75,53895.4181,-1,11.95049999999901,BACKFILL_AUTO
2026-07-12 11:07:24,1783854444,R_75,53883.0679,-1,12.350200000000768,BACKFILL_AUTO
2026-07-12 11:07:26,1783854446,R_75,53878.4036,-1,4.664300000004005,BACKFILL_AUTO
2026-07-12 11:07:28,1783854448,R_75,53883.1314,1,4.72780000000057,BACKFILL_AUTO
2026-07-12 11:07:30,1783854450,R_75,53879.8697,-1,3.2616999999954714,BACKFILL_AUTO
2026-07-12 11:07:32,1783854452,R_75,53882.9248,1,3.055099999997765,BACKFILL_AUTO
2026-07-12 11:07:34,1783854454,R_75,53877.2024,-1,5.722399999998743,BACKFILL_AUTO
2026-07-12 11:07:36,1783854456,R_75,53875.545,-1,1.6574000000036904,BACKFILL_AUTO
2026-07-12 11:07:38,1783854458,R_75,53871.5124,-1,4.032599999998638,BACKFILL_AUTO
2026-07-12 11:07:40,1783854460,R_75,53859.0873,-1,12.425100000000384,BACKFILL_AUTO
2026-07-12 11:07:42,1783854462,R_75,53862.4412,1,3.353900000001886,BACKFILL_AUTO
2026-07-12 11:07:44,1783854464,R_75,53867.0114,1,4.5702000000019325,BACKFILL_AUTO
2026-07-12 11:07:46,1783854466,R_75,53871.3568,1,4.345399999998335,BACKFILL_AUTO
2026-07-12 11:07:48,1783854468,R_75,53843.655,-1,27.70180000000255,BACKFILL_AUTO
2026-07-12 11:07:50,1783854470,R_75,53835.5171,-1,8.137900000001537,BACKFILL_AUTO
2026-07-12 11:07:52,1783854472,R_75,53846.1251,1,10.608000000000175,BACKFILL_AUTO
2026-07-12 11:07:54,1783854474,R_75,53843.809,-1,2.316099999996368,BACKFILL_AUTO
2026-07-12 11:07:56,1783854476,R_75,53833.3002,-1,10.508800000003248,BACKFILL_AUTO
2026-07-12 11:07:58,1783854478,R_75,53836.6052,1,3.305000000000291,BACKFILL_AUTO
2026-07-12 11:08:00,1783854480,R_75,53823.3788,-1,13.226399999999558,BACKFILL_AUTO
2026-07-12 11:08:02,1783854482,R_75,53829.0443,1,5.665500000002794,BACKFILL_AUTO
2026-07-12 11:08:04,1783854484,R_75,53837.0647,1,8.020400000001246,BACKFILL_AUTO
2026-07-12 11:08:06,1783854486,R_75,53835.2519,-1,1.8127999999996973,BACKFILL_AUTO
2026-07-12 11:08:08,1783854488,R_75,53848.3576,1,13.10570000000007,BACKFILL_AUTO
2026-07-12 11:08:10,1783854490,R_75,53831.1465,-1,17.211100000000442,BACKFILL_AUTO
2026-07-12 11:08:12,1783854492,R_75,53834.2427,1,3.0961999999999534,BACKFILL_AUTO
2026-07-12 11:08:14,1783854494,R_75,53829.1199,-1,5.122800000004645,BACKFILL_AUTO
2026-07-12 11:08:16,1783854496,R_75,53845.4711,1,16.35120000000461,BACKFILL_AUTO
2026-07-12 11:08:18,1783854498,R_75,53849.8395,1,4.368399999999383,BACKFILL_AUTO
2026-07-12 11:08:20,1783854500,R_75,53858.9487,1,9.109199999998964,BACKFILL_AUTO
2026-07-12 11:08:22,1783854502,R_75,53843.7333,-1,15.215400000000955,BACKFILL_AUTO
2026-07-12 11:08:24,1783854504,R_75,53845.1195,1,1.3862000000008265,BACKFILL_AUTO
2026-07-12 11:08:26,1783854506,R_75,53828.3236,-1,16.795899999997346,BACKFILL_AUTO
2026-07-12 11:08:28,1783854508,R_75,53849.621,1,21.297399999995832,BACKFILL_AUTO
2026-07-12 11:08:30,1783854510,R_75,53848.0773,-1,1.5437000000019907,BACKFILL_AUTO
2026-07-12 11:08:32,1783854512,R_75,53852.8096,1,4.732300000003306,BACKFILL_AUTO
2026-07-12 11:08:34,1783854514,R_75,53876.5633,1,23.753700000001118,BACKFILL_AUTO
2026-07-12 11:08:36,1783854516,R_75,53872.0152,-1,4.548099999999977,BACKFILL_AUTO
2026-07-12 11:08:38,1783854518,R_75,53870.3891,-1,1.6261000000013155,BACKFILL_AUTO
2026-07-12 11:08:40,1783854520,R_75,53879.7297,1,9.340600000003178,BACKFILL_AUTO
2026-07-12 11:08:42,1783854522,R_75,53886.0906,1,6.360899999999674,BACKFILL_AUTO
2026-07-12 11:08:44,1783854524,R_75,53889.1189,1,3.0282999999981257,BACKFILL_AUTO
2026-07-12 11:08:46,1783854526,R_75,53891.3496,1,2.23070000000007,BACKFILL_AUTO
2026-07-12 11:08:48,1783854528,R_75,53895.5129,1,4.163300000000163,BACKFILL_AUTO
2026-07-12 11:08:50,1783854530,R_75,53894.3686,-1,1.1442999999999302,BACKFILL_AUTO
2026-07-12 11:08:52,1783854532,R_75,53897.9906,1,3.621999999995751,BACKFILL_AUTO
2026-07-12 11:08:54,1783854534,R_75,53910.8247,1,12.834100000000035,BACKFILL_AUTO
2026-07-12 11:08:56,1783854536,R_75,53907.0516,-1,3.7730999999985215,BACKFILL_AUTO
2026-07-12 11:08:58,1783854538,R_75,53900.2203,-1,6.831299999998009,BACKFILL_AUTO
2026-07-12 11:09:00,1783854540,R_75,53882.9816,-1,17.2387000000017,BACKFILL_AUTO
2026-07-12 11:09:02,1783854542,R_75,53885.4054,1,2.423800000004121,BACKFILL_AUTO
2026-07-12 11:09:04,1783854544,R_75,53878.006,-1,7.3994000000020606,BACKFILL_AUTO
2026-07-12 11:09:06,1783854546,R_75,53884.9733,1,6.967299999996612,BACKFILL_AUTO
2026-07-12 11:09:08,1783854548,R_75,53893.0956,1,8.122300000002724,BACKFILL_AUTO
2026-07-12 11:09:10,1783854550,R_75,53891.2211,-1,1.8744999999980791,BACKFILL_AUTO
2026-07-12 11:09:12,1783854552,R_75,53885.0984,-1,6.122699999999895,BACKFILL_AUTO
2026-07-12 11:09:14,1783854554,R_75,53891.5599,1,6.4614999999976135,BACKFILL_AUTO
2026-07-12 11:09:16,1783854556,R_75,53908.3153,1,16.755400000001828,BACKFILL_AUTO
2026-07-12 11:09:18,1783854558,R_75,53918.9585,1,10.643199999998615,BACKFILL_AUTO
2026-07-12 11:09:20,1783854560,R_75,53919.6579,1,0.699399999997695,BACKFILL_AUTO
2026-07-12 11:09:22,1783854562,R_75,53913.1943,-1,6.463599999995495,BACKFILL_AUTO
2026-07-12 11:09:24,1783854564,R_75,53901.4664,-1,11.72790000000532,BACKFILL_AUTO
2026-07-12 11:09:26,1783854566,R_75,53877.0615,-1,24.404899999994086,BACKFILL_AUTO
2026-07-12 11:09:28,1783854568,R_75,53873.2496,-1,3.8119000000006054,BACKFILL_AUTO
2026-07-12 11:09:30,1783854570,R_75,53897.6732,1,24.42359999999462,BACKFILL_AUTO
2026-07-12 11:09:32,1783854572,R_75,53895.8668,-1,1.806399999994028,BACKFILL_AUTO
2026-07-12 11:09:34,1783854574,R_75,53907.1508,1,11.28399999999965,BACKFILL_AUTO
2026-07-12 11:09:36,1783854576,R_75,53909.6271,1,2.476299999994808,BACKFILL_AUTO
2026-07-12 11:09:38,1783854578,R_75,53910.2707,1,0.6436000000030617,BACKFILL_AUTO
2026-07-12 11:09:40,1783854580,R_75,53912.5183,1,2.2476000000024214,BACKFILL_AUTO
2026-07-12 11:09:42,1783854582,R_75,53894.2752,-1,18.24310000000696,BACKFILL_AUTO
2026-07-12 11:09:44,1783854584,R_75,53888.9432,-1,5.331999999994878,BACKFILL_AUTO
2026-07-12 11:09:46,1783854586,R_75,53900.3165,1,11.37329999999929,BACKFILL_AUTO
2026-07-12 11:09:48,1783854588,R_75,53906.3552,1,6.038699999997334,BACKFILL_AUTO
2026-07-12 11:09:50,1783854590,R_75,53914.8214,1,8.466200000002573,BACKFILL_AUTO
2026-07-12 11:09:52,1783854592,R_75,53905.3934,-1,9.427999999999884,BACKFILL_AUTO
2026-07-12 11:09:54,1783854594,R_75,53906.3062,1,0.9127999999982421,BACKFILL_AUTO
2026-07-12 11:09:56,1783854596,R_75,53907.6451,1,1.338900000002468,BACKFILL_AUTO
2026-07-12 11:09:58,1783854598,R_75,53908.2781,1,0.6330000000016298,BACKFILL_AUTO
2026-07-12 11:10:00,1783854600,R_75,53889.474,-1,18.8041000000012,BACKFILL_AUTO
2026-07-12 11:10:02,1783854602,R_75,53885.6104,-1,3.863600000004226,BACKFILL_AUTO
2026-07-12 11:10:04,1783854604,R_75,53883.0848,-1,2.52560000000085,BACKFILL_AUTO
2026-07-12 11:10:06,1783854606,R_75,53877.7658,-1,5.318999999995867,BACKFILL_AUTO
2026-07-12 11:10:08,1783854608,R_75,53880.1259,1,2.360099999998056,BACKFILL_AUTO
2026-07-12 11:10:10,1783854610,R_75,53885.9891,1,5.863199999999779,BACKFILL_AUTO
2026-07-12 11:10:12,1783854612,R_75,53881.548,-1,4.441099999996368,BACKFILL_AUTO
2026-07-12 11:10:14,1783854614,R_75,53871.6471,-1,9.900900000000547,BACKFILL_AUTO
2026-07-12 11:10:16,1783854616,R_75,53885.0383,1,13.391199999998207,BACKFILL_AUTO
2026-07-12 11:10:18,1783854618,R_75,53879.765,-1,5.273300000000745,BACKFILL_AUTO
2026-07-12 11:10:20,1783854620,R_75,53862.5367,-1,17.22830000000249,BACKFILL_AUTO
2026-07-12 11:10:22,1783854622,R_75,53865.2241,1,2.687400000002526,BACKFILL_AUTO
2026-07-12 11:10:24,1783854624,R_75,53872.8614,1,7.637300000002142,BACKFILL_AUTO
2026-07-12 11:10:26,1783854626,R_75,53863.3676,-1,9.49380000000383,BACKFILL_AUTO
2026-07-12 11:10:28,1783854628,R_75,53871.3276,1,7.959999999999127,BACKFILL_AUTO
2026-07-12 11:10:30,1783854630,R_75,53872.7319,1,1.4043000000019674,BACKFILL_AUTO
2026-07-12 11:10:32,1783854632,R_75,53881.5415,1,8.8096000000005,BACKFILL_AUTO
2026-07-12 11:10:34,1783854634,R_75,53886.1891,1,4.647600000003877,BACKFILL_AUTO
2026-07-12 11:10:36,1783854636,R_75,53890.2705,1,4.081399999995483,BACKFILL_AUTO
2026-07-12 11:10:38,1783854638,R_75,53893.188,1,2.9175000000032014,BACKFILL_AUTO
2026-07-12 11:10:40,1783854640,R_75,53883.1691,-1,10.018900000002759,BACKFILL_AUTO
2026-07-12 11:10:42,1783854642,R_75,53889.8556,1,6.686500000003434,BACKFILL_AUTO
2026-07-12 11:10:44,1783854644,R_75,53892.7779,1,2.9222999999983585,BACKFILL_AUTO
2026-07-12 11:10:46,1783854646,R_75,53897.9856,1,5.207699999999022,BACKFILL_AUTO
2026-07-12 11:10:48,1783854648,R_75,53906.8984,1,8.912799999998242,BACKFILL_AUTO
2026-07-12 11:10:50,1783854650,R_75,53914.8349,1,7.936500000003434,BACKFILL_AUTO
2026-07-12 11:10:52,1783854652,R_75,53922.6056,1,7.770700000000943,BACKFILL_AUTO
2026-07-12 11:10:54,1783854654,R_75,53911.3864,-1,11.219199999999546,BACKFILL_AUTO
2026-07-12 11:10:56,1783854656,R_75,53907.9844,-1,3.4020000000018626,BACKFILL_AUTO
2026-07-12 11:10:58,1783854658,R_75,53924.6252,1,16.640800000001036,BACKFILL_AUTO
2026-07-12 11:11:00,1783854660,R_75,53924.943,1,0.317799999997078,BACKFILL_AUTO
2026-07-12 11:11:02,1783854662,R_75,53916.7559,-1,8.187100000002829,BACKFILL_AUTO
2026-07-12 11:11:04,1783854664,R_75,53928.6353,1,11.879400000005262,BACKFILL_AUTO
2026-07-12 11:11:06,1783854666,R_75,53928.3945,-1,0.2407999999995809,BACKFILL_AUTO
2026-07-12 11:11:08,1783854668,R_75,53927.1063,-1,1.2882000000026892,BACKFILL_AUTO
2026-07-12 11:11:10,1783854670,R_75,53937.4943,1,10.38799999999901,BACKFILL_AUTO
2026-07-12 11:11:12,1783854672,R_75,53931.5237,-1,5.970600000000559,BACKFILL_AUTO
2026-07-12 11:11:14,1783854674,R_75,53936.2194,1,4.695700000003853,BACKFILL_AUTO
2026-07-12 11:11:16,1783854676,R_75,53934.6965,-1,1.522900000003574,BACKFILL_AUTO
2026-07-12 11:11:18,1783854678,R_75,53948.0665,1,13.37000000000262,BACKFILL_AUTO
2026-07-12 11:11:20,1783854680,R_75,53934.4683,-1,13.59820000000036,BACKFILL_AUTO
2026-07-12 11:11:22,1783854682,R_75,53945.8955,1,11.427199999998265,BACKFILL_AUTO
2026-07-12 11:11:24,1783854684,R_75,53952.8445,1,6.949000000000524,BACKFILL_AUTO
2026-07-12 11:11:26,1783854686,R_75,53951.6322,-1,1.2122999999992317,BACKFILL_AUTO
2026-07-12 11:11:28,1783854688,R_75,53941.8173,-1,9.814899999997579,BACKFILL_AUTO
2026-07-12 11:11:30,1783854690,R_75,53944.2132,1,2.3958999999958905,BACKFILL_AUTO
2026-07-12 11:11:32,1783854692,R_75,53964.336,1,20.122800000004645,BACKFILL_AUTO
2026-07-12 11:11:34,1783854694,R_75,53953.5031,-1,10.832900000001246,BACKFILL_AUTO
2026-07-12 11:11:36,1783854696,R_75,53966.267,1,12.763899999998102,BACKFILL_AUTO
2026-07-12 11:11:38,1783854698,R_75,53956.8847,-1,9.382299999997485,BACKFILL_AUTO
2026-07-12 11:11:40,1783854700,R_75,53953.3195,-1,3.565200000004552,BACKFILL_AUTO
2026-07-12 11:11:42,1783854702,R_75,53957.3727,1,4.053200000002107,BACKFILL_AUTO
2026-07-12 11:11:44,1783854704,R_75,53960.6459,1,3.2732000000032713,BACKFILL_AUTO
2026-07-12 11:11:46,1783854706,R_75,53955.4539,-1,5.192000000002736,BACKFILL_AUTO
2026-07-12 11:11:48,1783854708,R_75,53948.4434,-1,7.010500000003958,BACKFILL_AUTO
2026-07-12 11:11:50,1783854710,R_75,53937.1058,-1,11.337599999998929,BACKFILL_AUTO
2026-07-12 11:11:52,1783854712,R_75,53926.8317,-1,10.274099999995087,BACKFILL_AUTO
2026-07-12 11:11:54,1783854714,R_75,53946.2977,1,19.46600000000035,BACKFILL_AUTO
2026-07-12 11:11:56,1783854716,R_75,53949.8489,1,3.5511999999944237,BACKFILL_AUTO
2026-07-12 11:11:58,1783854718,R_75,53964.707,1,14.858100000004924,BACKFILL_AUTO
2026-07-12 11:12:00,1783854720,R_75,53956.1342,-1,8.572800000001735,BACKFILL_AUTO
2026-07-12 11:12:02,1783854722,R_75,53966.1306,1,9.996399999996356,BACKFILL_AUTO
2026-07-12 11:12:04,1783854724,R_75,53968.4965,1,2.3659000000043306,BACKFILL_AUTO
2026-07-12 11:12:06,1783854726,R_75,53973.4802,1,4.983699999997043,BACKFILL_AUTO
2026-07-12 11:12:08,1783854728,R_75,53982.3373,1,8.857100000001083,BACKFILL_AUTO
2026-07-12 11:12:10,1783854730,R_75,53993.6801,1,11.342799999998533,BACKFILL_AUTO
2026-07-12 11:12:12,1783854732,R_75,54006.7788,1,13.098700000002282,BACKFILL_AUTO
2026-07-12 11:12:14,1783854734,R_75,54015.7683,1,8.989500000003318,BACKFILL_AUTO
2026-07-12 11:12:16,1783854736,R_75,54001.7136,-1,14.054700000000594,BACKFILL_AUTO
2026-07-12 11:12:18,1783854738,R_75,53982.8656,-1,18.848000000005413,BACKFILL_AUTO
2026-07-12 11:12:20,1783854740,R_75,53986.0323,1,3.1667000000015832,BACKFILL_AUTO
2026-07-12 11:12:22,1783854742,R_75,53968.7126,-1,17.31970000000001,BACKFILL_AUTO
2026-07-12 11:12:24,1783854744,R_75,53959.335,-1,9.377599999999802,BACKFILL_AUTO
2026-07-12 11:12:26,1783854746,R_75,53951.5074,-1,7.827599999996892,BACKFILL_AUTO
2026-07-12 11:12:28,1783854748,R_75,53941.5395,-1,9.967900000003283,BACKFILL_AUTO
2026-07-12 11:12:30,1783854750,R_75,53953.4203,1,11.880799999998999,BACKFILL_AUTO
2026-07-12 11:12:32,1783854752,R_75,53943.6829,-1,9.73739999999816,BACKFILL_AUTO
2026-07-12 11:12:34,1783854754,R_75,53956.8721,1,13.18920000000071,BACKFILL_AUTO
2026-07-12 11:12:36,1783854756,R_75,53942.7635,-1,14.10859999999957,BACKFILL_AUTO
2026-07-12 11:12:38,1783854758,R_75,53939.4828,-1,3.2807000000029802,BACKFILL_AUTO
2026-07-12 11:12:40,1783854760,R_75,53933.8213,-1,5.661499999994703,BACKFILL_AUTO
2026-07-12 11:12:42,1783854762,R_75,53928.7103,-1,5.111000000004424,BACKFILL_AUTO
2026-07-12 11:12:44,1783854764,R_75,53923.933,-1,4.77730000000156,BACKFILL_AUTO
2026-07-12 11:12:46,1783854766,R_75,53929.3126,1,5.3796000000002095,BACKFILL_AUTO
2026-07-12 11:12:48,1783854768,R_75,53914.5695,-1,14.743099999999686,BACKFILL_AUTO
2026-07-12 11:12:50,1783854770,R_75,53919.2424,1,4.672900000005029,BACKFILL_AUTO
2026-07-12 11:12:52,1783854772,R_75,53915.3941,-1,3.8483000000051106,BACKFILL_AUTO
2026-07-12 11:12:54,1783854774,R_75,53929.7467,1,14.352600000005623,BACKFILL_AUTO
2026-07-12 11:12:56,1783854776,R_75,53925.1019,-1,4.644800000001851,BACKFILL_AUTO
2026-07-12 11:12:58,1783854778,R_75,53916.9085,-1,8.193400000003749,BACKFILL_AUTO
2026-07-12 11:13:00,1783854780,R_75,53907.4378,-1,9.470699999998033,BACKFILL_AUTO
2026-07-12 11:13:02,1783854782,R_75,53902.7293,-1,4.70850000000064,BACKFILL_AUTO
2026-07-12 11:13:04,1783854784,R_75,53897.2312,-1,5.498099999997066,BACKFILL_AUTO
2026-07-12 11:13:06,1783854786,R_75,53909.5605,1,12.329299999997602,BACKFILL_AUTO
2026-07-12 11:13:08,1783854788,R_75,53908.8701,-1,0.6903999999994994,BACKFILL_AUTO
2026-07-12 11:13:10,1783854790,R_75,53916.3319,1,7.461799999997311,BACKFILL_AUTO
2026-07-12 11:13:12,1783854792,R_75,53934.4576,1,18.125700000004144,BACKFILL_AUTO
2026-07-12 11:13:14,1783854794,R_75,53929.1185,-1,5.3391000000046915,BACKFILL_AUTO
2026-07-12 11:13:16,1783854796,R_75,53916.0396,-1,13.07890000000043,BACKFILL_AUTO
2026-07-12 11:13:18,1783854798,R_75,53917.3031,1,1.2635000000009313,BACKFILL_AUTO
2026-07-12 11:13:20,1783854800,R_75,53906.4636,-1,10.839499999994587,BACKFILL_AUTO
2026-07-12 11:13:22,1783854802,R_75,53889.4103,-1,17.05329999999958,BACKFILL_AUTO
2026-07-12 11:13:24,1783854804,R_75,53897.5572,1,8.146899999999732,BACKFILL_AUTO
2026-07-12 11:13:26,1783854806,R_75,53875.4649,-1,22.09230000000389,BACKFILL_AUTO
2026-07-12 11:13:28,1783854808,R_75,53868.8509,-1,6.614000000001397,BACKFILL_AUTO
2026-07-12 11:13:30,1783854810,R_75,53889.4216,1,20.570700000003853,BACKFILL_AUTO
2026-07-12 11:13:32,1783854812,R_75,53886.53,-1,2.8916000000026543,BACKFILL_AUTO
2026-07-12 11:13:34,1783854814,R_75,53886.8129,1,0.28289999999833526,BACKFILL_AUTO
2026-07-12 11:13:36,1783854816,R_75,53895.6357,1,8.822800000001735,BACKFILL_AUTO
2026-07-12 11:13:38,1783854818,R_75,53895.1846,-1,0.4510999999984051,BACKFILL_AUTO
2026-07-12 11:13:40,1783854820,R_75,53911.1742,1,15.989600000000792,BACKFILL_AUTO
2026-07-12 11:13:42,1783854822,R_75,53912.4656,1,1.291400000001886,BACKFILL_AUTO
2026-07-12 11:13:44,1783854824,R_75,53910.23,-1,2.2355999999999767,BACKFILL_AUTO
2026-07-12 11:13:46,1783854826,R_75,53910.7141,1,0.48409999999421416,BACKFILL_AUTO
2026-07-12 11:13:48,1783854828,R_75,53908.105,-1,2.609099999994214,BACKFILL_AUTO
2026-07-12 11:13:50,1783854830,R_75,53895.1421,-1,12.962900000005902,BACKFILL_AUTO
2026-07-12 11:13:52,1783854832,R_75,53886.7773,-1,8.36479999999574,BACKFILL_AUTO
2026-07-12 11:13:54,1783854834,R_75,53877.1939,-1,9.583400000003166,BACKFILL_AUTO
2026-07-12 11:13:56,1783854836,R_75,53848.1813,-1,29.01260000000184,BACKFILL_AUTO
2026-07-12 11:13:58,1783854838,R_75,53846.8355,-1,1.3457999999955064,BACKFILL_AUTO
2026-07-12 11:14:00,1783854840,R_75,53862.1001,1,15.264600000002247,BACKFILL_AUTO
2026-07-12 11:14:02,1783854842,R_75,53858.8448,-1,3.255300000004354,BACKFILL_AUTO
2026-07-12 11:14:04,1783854844,R_75,53843.8974,-1,14.947399999997288,BACKFILL_AUTO
2026-07-12 11:14:06,1783854846,R_75,53837.9186,-1,5.978800000004412,BACKFILL_AUTO
2026-07-12 11:14:08,1783854848,R_75,53823.4686,-1,14.44999999999709,BACKFILL_AUTO
2026-07-12 11:14:10,1783854850,R_75,53816.4441,-1,7.024499999999534,BACKFILL_AUTO
2026-07-12 11:14:12,1783854852,R_75,53811.1699,-1,5.274199999999837,BACKFILL_AUTO
2026-07-12 11:14:14,1783854854,R_75,53803.3269,-1,7.843000000000757,BACKFILL_AUTO
2026-07-12 11:14:16,1783854856,R_75,53803.541,1,0.21409999999741558,BACKFILL_AUTO
2026-07-12 11:14:18,1783854858,R_75,53803.1989,-1,0.3420999999943888,BACKFILL_AUTO
2026-07-12 11:14:20,1783854860,R_75,53809.0381,1,5.839199999994889,BACKFILL_AUTO
2026-07-12 11:14:22,1783854862,R_75,53817.5987,1,8.560600000004342,BACKFILL_AUTO
2026-07-12 11:14:24,1783854864,R_75,53813.9293,-1,3.669399999998859,BACKFILL_AUTO
2026-07-12 11:14:26,1783854866,R_75,53820.126,1,6.196699999993143,BACKFILL_AUTO
2026-07-12 11:14:28,1783854868,R_75,53827.7583,1,7.632300000004761,BACKFILL_AUTO
2026-07-12 11:14:30,1783854870,R_75,53836.8689,1,9.110599999999977,BACKFILL_AUTO
2026-07-12 11:14:32,1783854872,R_75,53852.8906,1,16.02169999999751,BACKFILL_AUTO
2026-07-12 11:14:34,1783854874,R_75,53855.4334,1,2.5428000000028987,BACKFILL_AUTO
2026-07-12 11:14:36,1783854876,R_75,53853.6739,-1,1.7595000000001164,BACKFILL_AUTO
2026-07-12 11:14:38,1783854878,R_75,53865.632,1,11.958099999996193,BACKFILL_AUTO
2026-07-12 11:14:40,1783854880,R_75,53863.468,-1,2.1639999999970314,BACKFILL_AUTO
2026-07-12 11:14:42,1783854882,R_75,53878.477,1,15.008999999998196,BACKFILL_AUTO
2026-07-12 11:14:44,1783854884,R_75,53879.6492,1,1.1722000000008848,BACKFILL_AUTO
2026-07-12 11:14:46,1783854886,R_75,53864.6634,-1,14.9858000000022,BACKFILL_AUTO
2026-07-12 11:14:48,1783854888,R_75,53850.4377,-1,14.225699999995413,BACKFILL_AUTO
2026-07-12 11:14:50,1783854890,R_75,53836.1504,-1,14.287300000003597,BACKFILL_AUTO
2026-07-12 11:14:52,1783854892,R_75,53837.2505,1,1.1001000000032946,BACKFILL_AUTO
2026-07-12 11:14:54,1783854894,R_75,53831.6856,-1,5.5649000000048545,BACKFILL_AUTO
2026-07-12 11:14:56,1783854896,R_75,53793.8689,-1,37.81669999999576,BACKFILL_AUTO
2026-07-12 11:14:58,1783854898,R_75,53791.8552,-1,2.013700000003155,BACKFILL_AUTO
2026-07-12 11:15:00,1783854900,R_75,53788.7911,-1,3.0640999999959604,BACKFILL_AUTO
2026-07-12 11:15:02,1783854902,R_75,53792.3918,1,3.6006999999954132,BACKFILL_AUTO
2026-07-12 11:15:04,1783854904,R_75,53796.4856,1,4.093800000002375,BACKFILL_AUTO
2026-07-12 11:15:06,1783854906,R_75,53811.7728,1,15.287199999998847,BACKFILL_AUTO
2026-07-12 11:15:08,1783854908,R_75,53811.6561,-1,0.11669999999867287,BACKFILL_AUTO
2026-07-12 11:15:10,1783854910,R_75,53806.5713,-1,5.084799999996903,BACKFILL_AUTO
2026-07-12 11:15:12,1783854912,R_75,53805.7952,-1,0.7761000000027707,BACKFILL_AUTO
2026-07-12 11:15:14,1783854914,R_75,53814.7597,1,8.964500000001863,BACKFILL_AUTO
2026-07-12 11:15:16,1783854916,R_75,53817.5115,1,2.751799999998184,BACKFILL_AUTO
2026-07-12 11:15:18,1783854918,R_75,53820.9359,1,3.42439999999624,BACKFILL_AUTO
2026-07-12 11:15:20,1783854920,R_75,53831.6574,1,10.72149999999965,BACKFILL_AUTO
2026-07-12 11:15:22,1783854922,R_75,53839.3357,1,7.678300000006857,BACKFILL_AUTO
2026-07-12 11:15:24,1783854924,R_75,53843.1521,1,3.816399999996065,BACKFILL_AUTO
2026-07-12 11:15:26,1783854926,R_75,53825.167,-1,17.985099999998056,BACKFILL_AUTO
2026-07-12 11:15:28,1783854928,R_75,53811.0015,-1,14.165500000002794,BACKFILL_AUTO
2026-07-12 11:15:30,1783854930,R_75,53815.9782,1,4.976699999999255,BACKFILL_AUTO
2026-07-12 11:15:32,1783854932,R_75,53808.9928,-1,6.985399999997753,BACKFILL_AUTO
2026-07-12 11:15:34,1783854934,R_75,53829.5862,1,20.593399999997928,BACKFILL_AUTO
2026-07-12 11:15:36,1783854936,R_75,53826.1071,-1,3.4790999999968335,BACKFILL_AUTO
2026-07-12 11:15:38,1783854938,R_75,53824.3429,-1,1.7641999999977998,BACKFILL_AUTO
2026-07-12 11:15:40,1783854940,R_75,53842.4079,1,18.064999999995052,BACKFILL_AUTO
2026-07-12 11:15:42,1783854942,R_75,53829.139,-1,13.268899999995483,BACKFILL_AUTO
2026-07-12 11:15:44,1783854944,R_75,53817.5902,-1,11.548800000004121,BACKFILL_AUTO
2026-07-12 11:15:46,1783854946,R_75,53820.0115,1,2.421300000001793,BACKFILL_AUTO
2026-07-12 11:15:48,1783854948,R_75,53805.7828,-1,14.228699999999662,BACKFILL_AUTO
2026-07-12 11:15:50,1783854950,R_75,53800.461,-1,5.321799999997893,BACKFILL_AUTO
2026-07-12 11:15:52,1783854952,R_75,53794.5224,-1,5.9386000000013155,BACKFILL_AUTO
2026-07-12 11:15:54,1783854954,R_75,53791.7428,-1,2.7796000000016647,BACKFILL_AUTO
2026-07-12 11:15:56,1783854956,R_75,53802.4794,1,10.736599999996542,BACKFILL_AUTO
2026-07-12 11:15:58,1783854958,R_75,53817.9527,1,15.47330000000511,BACKFILL_AUTO
2026-07-12 11:16:00,1783854960,R_75,53813.6576,-1,4.2951000000030035,BACKFILL_AUTO
2026-07-12 11:16:02,1783854962,R_75,53823.8795,1,10.221900000004098,BACKFILL_AUTO
2026-07-12 11:16:04,1783854964,R_75,53812.0662,-1,11.813300000001618,BACKFILL_AUTO
2026-07-12 11:16:06,1783854966,R_75,53807.6669,-1,4.399300000004587,BACKFILL_AUTO
2026-07-12 11:16:08,1783854968,R_75,53824.4104,1,16.743500000004133,BACKFILL_AUTO
2026-07-12 11:16:10,1783854970,R_75,53835.1288,1,10.718399999997928,BACKFILL_AUTO
2026-07-12 11:16:12,1783854972,R_75,53838.2481,1,3.119299999998475,BACKFILL_AUTO
2026-07-12 11:16:14,1783854974,R_75,53849.8748,1,11.62670000000071,BACKFILL_AUTO
2026-07-12 11:16:16,1783854976,R_75,53864.599,1,14.724200000004203,BACKFILL_AUTO
2026-07-12 11:16:18,1783854978,R_75,53865.2063,1,0.6072999999960302,BACKFILL_AUTO
2026-07-12 11:16:20,1783854980,R_75,53865.259,1,0.052700000000186265,BACKFILL_AUTO
2026-07-12 11:16:22,1783854982,R_75,53851.7013,-1,13.557699999997567,BACKFILL_AUTO
2026-07-12 11:16:24,1783854984,R_75,53861.5139,1,9.812599999997474,BACKFILL_AUTO
2026-07-12 11:16:26,1783854986,R_75,53862.8704,1,1.356500000001688,BACKFILL_AUTO
2026-07-12 11:16:28,1783854988,R_75,53854.47,-1,8.400399999998626,BACKFILL_AUTO
2026-07-12 11:16:30,1783854990,R_75,53850.3892,-1,4.080800000003364,BACKFILL_AUTO
2026-07-12 11:16:32,1783854992,R_75,53868.1439,1,17.75470000000496,BACKFILL_AUTO
2026-07-12 11:16:34,1783854994,R_75,53858.535,-1,9.608899999999267,BACKFILL_AUTO
2026-07-12 11:16:36,1783854996,R_75,53853.7396,-1,4.795400000002701,BACKFILL_AUTO
2026-07-12 11:16:38,1783854998,R_75,53859.7962,1,6.056599999996251,BACKFILL_AUTO
2026-07-12 11:16:40,1783855000,R_75,53849.3172,-1,10.47899999999936,BACKFILL_AUTO
2026-07-12 11:16:42,1783855002,R_75,53853.6762,1,4.359000000004016,BACKFILL_AUTO
2026-07-12 11:16:44,1783855004,R_75,53850.5274,-1,3.148800000002666,BACKFILL_AUTO
2026-07-12 11:16:46,1783855006,R_75,53865.0247,1,14.497300000002724,BACKFILL_AUTO
2026-07-12 11:16:48,1783855008,R_75,53881.3654,1,16.340700000000652,BACKFILL_AUTO
2026-07-12 11:16:50,1783855010,R_75,53888.9965,1,7.631099999998696,BACKFILL_AUTO
2026-07-12 11:16:52,1783855012,R_75,53885.2072,-1,3.7893000000040047,BACKFILL_AUTO
2026-07-12 11:16:54,1783855014,R_75,53879.2282,-1,5.97899999999936,BACKFILL_AUTO
2026-07-12 11:16:56,1783855016,R_75,53866.9121,-1,12.316099999996368,BACKFILL_AUTO
2026-07-12 11:16:58,1783855018,R_75,53844.829,-1,22.08310000000347,BACKFILL_AUTO
2026-07-12 11:17:00,1783855020,R_75,53839.6203,-1,5.208699999995588,BACKFILL_AUTO
2026-07-12 11:17:02,1783855022,R_75,53846.4499,1,6.829599999997299,BACKFILL_AUTO
2026-07-12 11:17:04,1783855024,R_75,53851.0276,1,4.5777000000016415,BACKFILL_AUTO
2026-07-12 11:17:06,1783855026,R_75,53836.6544,-1,14.373200000001816,BACKFILL_AUTO
2026-07-12 11:17:08,1783855028,R_75,53827.9564,-1,8.697999999996682,BACKFILL_AUTO
2026-07-12 11:17:10,1783855030,R_75,53820.3189,-1,7.637500000004366,BACKFILL_AUTO
2026-07-12 11:17:12,1783855032,R_75,53823.586,1,3.267100000004575,BACKFILL_AUTO
2026-07-12 11:17:14,1783855034,R_75,53835.8022,1,12.216199999995297,BACKFILL_AUTO
2026-07-12 11:17:16,1783855036,R_75,53844.0219,1,8.219700000001467,BACKFILL_AUTO
2026-07-12 11:17:18,1783855038,R_75,53839.7939,-1,4.228000000002794,BACKFILL_AUTO
2026-07-12 11:17:20,1783855040,R_75,53837.5896,-1,2.204299999997602,BACKFILL_AUTO
2026-07-12 11:17:22,1783855042,R_75,53841.4674,1,3.8778000000020256,BACKFILL_AUTO
2026-07-12 11:17:24,1783855044,R_75,53839.4165,-1,2.0509000000020023,BACKFILL_AUTO
2026-07-12 11:17:26,1783855046,R_75,53840.8155,1,1.3989999999976135,BACKFILL_AUTO
2026-07-12 11:17:28,1783855048,R_75,53830.5049,-1,10.310599999997066,BACKFILL_AUTO
2026-07-12 11:17:30,1783855050,R_75,53815.5452,-1,14.95969999999943,BACKFILL_AUTO
2026-07-12 11:17:32,1783855052,R_75,53810.4013,-1,5.143900000002759,BACKFILL_AUTO
2026-07-12 11:17:34,1783855054,R_75,53818.895,1,8.49369999999908,BACKFILL_AUTO
2026-07-12 11:17:36,1783855056,R_75,53838.7557,1,19.860700000004726,BACKFILL_AUTO
2026-07-12 11:17:38,1783855058,R_75,53839.8325,1,1.0767999999952735,BACKFILL_AUTO
2026-07-12 11:17:40,1783855060,R_75,53842.2422,1,2.409700000003795,BACKFILL_AUTO
2026-07-12 11:17:42,1783855062,R_75,53853.8662,1,11.623999999996158,BACKFILL_AUTO
2026-07-12 11:17:44,1783855064,R_75,53846.3591,-1,7.507099999995262,BACKFILL_AUTO
2026-07-12 11:17:46,1783855066,R_75,53852.5789,1,6.219799999998941,BACKFILL_AUTO
2026-07-12 11:17:48,1783855068,R_75,53860.7891,1,8.21020000000135,BACKFILL_AUTO
2026-07-12 11:17:50,1783855070,R_75,53856.4829,-1,4.30619999999908,BACKFILL_AUTO
2026-07-12 11:17:52,1783855072,R_75,53867.476,1,10.993099999999686,BACKFILL_AUTO
2026-07-12 11:17:54,1783855074,R_75,53876.8181,1,9.342099999994389,BACKFILL_AUTO
2026-07-12 11:17:56,1783855076,R_75,53882.7816,1,5.963500000005297,BACKFILL_AUTO
2026-07-12 11:17:58,1783855078,R_75,53891.4756,1,8.693999999995867,BACKFILL_AUTO
2026-07-12 11:18:00,1783855080,R_75,53878.6164,-1,12.859199999998964,BACKFILL_AUTO
2026-07-12 11:18:02,1783855082,R_75,53879.1548,1,0.5383999999976368,BACKFILL_AUTO
2026-07-12 11:18:04,1783855084,R_75,53860.4432,-1,18.711599999995087,BACKFILL_AUTO
2026-07-12 11:18:06,1783855086,R_75,53861.7046,1,1.2613999999957741,BACKFILL_AUTO
2026-07-12 11:18:08,1783855088,R_75,53854.4648,-1,7.239799999995739,BACKFILL_AUTO
2026-07-12 11:18:10,1783855090,R_75,53845.916,-1,8.548800000004121,BACKFILL_AUTO
2026-07-12 11:18:12,1783855092,R_75,53836.0441,-1,9.871899999998277,BACKFILL_AUTO
2026-07-12 11:18:14,1783855094,R_75,53832.4763,-1,3.567799999997078,BACKFILL_AUTO
2026-07-12 11:18:16,1783855096,R_75,53817.0168,-1,15.459500000004482,BACKFILL_AUTO
2026-07-12 11:18:18,1783855098,R_75,53834.3207,1,17.303899999998976,BACKFILL_AUTO
2026-07-12 11:18:20,1783855100,R_75,53820.1201,-1,14.200599999996484,BACKFILL_AUTO
2026-07-12 11:18:22,1783855102,R_75,53800.8302,-1,19.2899000000034,BACKFILL_AUTO
2026-07-12 11:18:24,1783855104,R_75,53779.917,-1,20.913199999995413,BACKFILL_AUTO
2026-07-12 11:18:26,1783855106,R_75,53785.7395,1,5.822500000002037,BACKFILL_AUTO
2026-07-12 11:18:28,1783855108,R_75,53798.9228,1,13.183299999996962,BACKFILL_AUTO
2026-07-12 11:18:30,1783855110,R_75,53794.1771,-1,4.745699999999488,BACKFILL_AUTO
2026-07-12 11:18:32,1783855112,R_75,53782.1518,-1,12.025300000001153,BACKFILL_AUTO
2026-07-12 11:18:34,1783855114,R_75,53802.6411,1,20.489300000001094,BACKFILL_AUTO
2026-07-12 11:18:36,1783855116,R_75,53784.4169,-1,18.224200000004203,BACKFILL_AUTO
2026-07-12 11:18:38,1783855118,R_75,53783.8325,-1,0.5843999999997322,BACKFILL_AUTO
2026-07-12 11:18:40,1783855120,R_75,53781.97,-1,1.8624999999956344,BACKFILL_AUTO
2026-07-12 11:18:42,1783855122,R_75,53784.3105,1,2.3404999999984284,BACKFILL_AUTO
2026-07-12 11:18:44,1783855124,R_75,53763.4136,-1,20.896899999999732,BACKFILL_AUTO
2026-07-12 11:18:46,1783855126,R_75,53750.2908,-1,13.122799999997369,BACKFILL_AUTO
2026-07-12 11:18:48,1783855128,R_75,53752.3603,1,2.069499999997788,BACKFILL_AUTO
2026-07-12 11:18:50,1783855130,R_75,53753.4907,1,1.1304000000018277,BACKFILL_AUTO
2026-07-12 11:18:52,1783855132,R_75,53743.3792,-1,10.111499999999069,BACKFILL_AUTO
2026-07-12 11:18:54,1783855134,R_75,53743.0496,-1,0.3296000000045751,BACKFILL_AUTO
2026-07-12 11:18:56,1783855136,R_75,53759.9935,1,16.943899999998393,BACKFILL_AUTO
2026-07-12 11:18:58,1783855138,R_75,53757.0019,-1,2.991599999993923,BACKFILL_AUTO
2026-07-12 11:19:00,1783855140,R_75,53752.844,-1,4.157900000005611,BACKFILL_AUTO
2026-07-12 11:19:02,1783855142,R_75,53752.8487,1,0.004700000004959293,BACKFILL_AUTO
2026-07-12 11:19:04,1783855144,R_75,53749.369,-1,3.479700000003504,BACKFILL_AUTO
2026-07-12 11:19:06,1783855146,R_75,53747.2397,-1,2.1293000000005122,BACKFILL_AUTO
2026-07-12 11:19:08,1783855148,R_75,53721.2976,-1,25.94210000000021,BACKFILL_AUTO
2026-07-12 11:19:10,1783855150,R_75,53721.4513,1,0.15370000000257278,BACKFILL_AUTO
2026-07-12 11:19:12,1783855152,R_75,53697.2886,-1,24.16270000000077,BACKFILL_AUTO
2026-07-12 11:19:14,1783855154,R_75,53720.0694,1,22.780800000000454,BACKFILL_AUTO
2026-07-12 11:19:16,1783855156,R_75,53727.6228,1,7.553399999997055,BACKFILL_AUTO
2026-07-12 11:19:18,1783855158,R_75,53728.1409,1,0.5181000000011409,BACKFILL_AUTO
2026-07-12 11:19:20,1783855160,R_75,53744.4907,1,16.349800000003597,BACKFILL_AUTO
2026-07-12 11:19:22,1783855162,R_75,53747.5355,1,3.0447999999960302,BACKFILL_AUTO
2026-07-12 11:19:24,1783855164,R_75,53746.9045,-1,0.6310000000012224,BACKFILL_AUTO
2026-07-12 11:19:26,1783855166,R_75,53749.3938,1,2.4893000000010943,BACKFILL_AUTO
2026-07-12 11:19:28,1783855168,R_75,53757.1849,1,7.791100000002189,BACKFILL_AUTO
2026-07-12 11:19:30,1783855170,R_75,53739.4929,-1,17.692000000002736,BACKFILL_AUTO
2026-07-12 11:19:32,1783855172,R_75,53746.8175,1,7.3245999999999185,BACKFILL_AUTO
2026-07-12 11:19:34,1783855174,R_75,53734.5724,-1,12.245100000000093,BACKFILL_AUTO
2026-07-12 11:19:36,1783855176,R_75,53758.744,1,24.17160000000149,BACKFILL_AUTO
2026-07-12 11:19:38,1783855178,R_75,53767.8824,1,9.138400000003458,BACKFILL_AUTO
2026-07-12 11:19:40,1783855180,R_75,53772.2347,1,4.35229999999865,BACKFILL_AUTO
2026-07-12 11:19:42,1783855182,R_75,53772.218,-1,0.016700000000128057,BACKFILL_AUTO
2026-07-12 11:19:44,1783855184,R_75,53786.27,1,14.051999999996042,BACKFILL_AUTO
2026-07-12 11:19:46,1783855186,R_75,53782.2425,-1,4.0274999999965075,BACKFILL_AUTO
2026-07-12 11:19:48,1783855188,R_75,53794.7262,1,12.483699999997043,BACKFILL_AUTO
2026-07-12 11:19:50,1783855190,R_75,53804.6096,1,9.883400000006077,BACKFILL_AUTO
2026-07-12 11:19:52,1783855192,R_75,53809.313,1,4.70339999999851,BACKFILL_AUTO
2026-07-12 11:19:54,1783855194,R_75,53816.0797,1,6.766700000000128,BACKFILL_AUTO
2026-07-12 11:19:56,1783855196,R_75,53815.3217,-1,0.7580000000016298,BACKFILL_AUTO
2026-07-12 11:19:58,1783855198,R_75,53821.2975,1,5.975800000000163,BACKFILL_AUTO
2026-07-12 11:20:00,1783855200,R_75,53808.0772,-1,13.220300000000861,BACKFILL_AUTO
2026-07-12 11:20:02,1783855202,R_75,53808.3461,1,0.26890000000275904,BACKFILL_AUTO
2026-07-12 11:20:04,1783855204,R_75,53802.2259,-1,6.120200000004843,BACKFILL_AUTO
2026-07-12 11:20:06,1783855206,R_75,53803.7897,1,1.563800000003539,BACKFILL_AUTO
2026-07-12 11:20:08,1783855208,R_75,53798.5984,-1,5.191299999998591,BACKFILL_AUTO
2026-07-12 11:20:10,1783855210,R_75,53794.8925,-1,3.705900000000838,BACKFILL_AUTO
2026-07-12 11:20:12,1783855212,R_75,53779.4672,-1,15.425300000002608,BACKFILL_AUTO
2026-07-12 11:20:14,1783855214,R_75,53787.6959,1,8.228699999999662,BACKFILL_AUTO
2026-07-12 11:20:16,1783855216,R_75,53788.811,1,1.1151000000027125,BACKFILL_AUTO
2026-07-12 11:20:18,1783855218,R_75,53794.4897,1,5.678699999996752,BACKFILL_AUTO
2026-07-12 11:20:20,1783855220,R_75,53794.5458,1,0.05610000000160653,BACKFILL_AUTO
2026-07-12 11:20:22,1783855222,R_75,53793.2377,-1,1.308100000002014,BACKFILL_AUTO
2026-07-12 11:20:24,1783855224,R_75,53774.3797,-1,18.858000000000175,BACKFILL_AUTO
2026-07-12 11:20:26,1783855226,R_75,53761.1369,-1,13.242799999999988,BACKFILL_AUTO
2026-07-12 11:20:28,1783855228,R_75,53762.9383,1,1.8014000000039232,BACKFILL_AUTO
2026-07-12 11:20:30,1783855230,R_75,53757.1767,-1,5.761599999997998,BACKFILL_AUTO
2026-07-12 11:20:32,1783855232,R_75,53759.6825,1,2.505799999998999,BACKFILL_AUTO
2026-07-12 11:20:34,1783855234,R_75,53761.0602,1,1.3776999999972759,BACKFILL_AUTO
2026-07-12 11:20:36,1783855236,R_75,53759.5186,-1,1.5415999999968335,BACKFILL_AUTO
2026-07-12 11:20:38,1783855238,R_75,53775.3878,1,15.869199999993725,BACKFILL_AUTO
2026-07-12 11:20:40,1783855240,R_75,53773.368,-1,2.019799999994575,BACKFILL_AUTO
2026-07-12 11:20:42,1783855242,R_75,53774.3851,1,1.0170999999972992,BACKFILL_AUTO
2026-07-12 11:20:44,1783855244,R_75,53769.844,-1,4.541100000002189,BACKFILL_AUTO
2026-07-12 11:20:46,1783855246,R_75,53762.697,-1,7.146999999997206,BACKFILL_AUTO
2026-07-12 11:20:48,1783855248,R_75,53751.2252,-1,11.471799999999348,BACKFILL_AUTO
2026-07-12 11:20:50,1783855250,R_75,53736.1884,-1,15.036800000001676,BACKFILL_AUTO
2026-07-12 11:20:52,1783855252,R_75,53726.6402,-1,9.54819999999745,BACKFILL_AUTO
2026-07-12 11:20:54,1783855254,R_75,53723.4882,-1,3.1520000000018626,BACKFILL_AUTO
2026-07-12 11:20:56,1783855256,R_75,53735.6324,1,12.144200000002456,BACKFILL_AUTO
2026-07-12 11:20:58,1783855258,R_75,53727.7072,-1,7.925200000005134,BACKFILL_AUTO
2026-07-12 11:21:00,1783855260,R_75,53723.9198,-1,3.787399999993795,BACKFILL_AUTO
2026-07-12 11:21:02,1783855262,R_75,53727.3327,1,3.412899999995716,BACKFILL_AUTO
2026-07-12 11:21:04,1783855264,R_75,53716.3705,-1,10.962200000001758,BACKFILL_AUTO
2026-07-12 11:21:06,1783855266,R_75,53716.8671,1,0.4966000000058557,BACKFILL_AUTO
2026-07-12 11:21:08,1783855268,R_75,53721.6104,1,4.743299999994633,BACKFILL_AUTO
2026-07-12 11:21:10,1783855270,R_75,53723.473,1,1.8626000000003842,BACKFILL_AUTO
2026-07-12 11:21:12,1783855272,R_75,53720.6491,-1,2.823899999995774,BACKFILL_AUTO
2026-07-12 11:21:14,1783855274,R_75,53729.4376,1,8.78849999999511,BACKFILL_AUTO
2026-07-12 11:21:16,1783855276,R_75,53719.2903,-1,10.147299999996903,BACKFILL_AUTO
2026-07-12 11:21:18,1783855278,R_75,53736.9933,1,17.70300000000134,BACKFILL_AUTO
2026-07-12 11:21:20,1783855280,R_75,53733.9441,-1,3.049200000001292,BACKFILL_AUTO
2026-07-12 11:21:22,1783855282,R_75,53733.3633,-1,0.5808000000033644,BACKFILL_AUTO
2026-07-12 11:21:24,1783855284,R_75,53728.3453,-1,5.017999999996391,BACKFILL_AUTO
2026-07-12 11:21:26,1783855286,R_75,53727.3672,-1,0.9781000000002678,BACKFILL_AUTO
2026-07-12 11:21:28,1783855288,R_75,53751.2103,1,23.84309999999823,BACKFILL_AUTO
2026-07-12 11:21:30,1783855290,R_75,53746.3871,-1,4.823199999998906,BACKFILL_AUTO
2026-07-12 11:21:32,1783855292,R_75,53745.1054,-1,1.281699999999546,BACKFILL_AUTO
2026-07-12 11:21:34,1783855294,R_75,53754.3075,1,9.202100000002247,BACKFILL_AUTO
2026-07-12 11:21:36,1783855296,R_75,53736.52,-1,17.78750000000582,BACKFILL_AUTO
2026-07-12 11:21:38,1783855298,R_75,53725.7481,-1,10.771899999999732,BACKFILL_AUTO
2026-07-12 11:21:40,1783855300,R_75,53729.752,1,4.003900000003341,BACKFILL_AUTO
2026-07-12 11:21:42,1783855302,R_75,53723.827,-1,5.92500000000291,BACKFILL_AUTO
2026-07-12 11:21:44,1783855304,R_75,53715.2399,-1,8.587099999997008,BACKFILL_AUTO
2026-07-12 11:21:46,1783855306,R_75,53702.1179,-1,13.122000000003027,BACKFILL_AUTO
2026-07-12 11:21:48,1783855308,R_75,53702.6642,1,0.5463000000017928,BACKFILL_AUTO
2026-07-12 11:21:50,1783855310,R_75,53699.5218,-1,3.1423999999969965,BACKFILL_AUTO
2026-07-12 11:21:52,1783855312,R_75,53698.8452,-1,0.6765999999988708,BACKFILL_AUTO
2026-07-12 11:21:54,1783855314,R_75,53683.0625,-1,15.782700000003388,BACKFILL_AUTO
2026-07-12 11:21:56,1783855316,R_75,53690.561,1,7.498500000001513,BACKFILL_AUTO
2026-07-12 11:21:58,1783855318,R_75,53689.7003,-1,0.8607000000047265,BACKFILL_AUTO
2026-07-12 11:22:00,1783855320,R_75,53710.0976,1,20.39730000000418,BACKFILL_AUTO
2026-07-12 11:22:02,1783855322,R_75,53690.0104,-1,20.087200000001758,BACKFILL_AUTO
2026-07-12 11:22:04,1783855324,R_75,53688.8389,-1,1.1714999999967404,BACKFILL_AUTO
2026-07-12 11:22:06,1783855326,R_75,53673.9862,-1,14.852700000003097,BACKFILL_AUTO
2026-07-12 11:22:08,1783855328,R_75,53673.7142,-1,0.27199999999720603,BACKFILL_AUTO
2026-07-12 11:22:10,1783855330,R_75,53676.2369,1,2.5227000000013504,BACKFILL_AUTO
2026-07-12 11:22:12,1783855332,R_75,53680.4538,1,4.216899999999441,BACKFILL_AUTO
2026-07-12 11:22:14,1783855334,R_75,53685.2452,1,4.79139999999461,BACKFILL_AUTO
2026-07-12 11:22:16,1783855336,R_75,53699.3132,1,14.067999999999302,BACKFILL_AUTO
2026-07-12 11:22:18,1783855338,R_75,53710.6985,1,11.385300000001735,BACKFILL_AUTO
2026-07-12 11:22:20,1783855340,R_75,53718.2623,1,7.563800000003539,BACKFILL_AUTO
2026-07-12 11:22:22,1783855342,R_75,53723.4672,1,5.2048999999969965,BACKFILL_AUTO
2026-07-12 11:22:24,1783855344,R_75,53738.5712,1,15.10399999999936,BACKFILL_AUTO
2026-07-12 11:22:26,1783855346,R_75,53732.7017,-1,5.8695000000006985,BACKFILL_AUTO
2026-07-12 11:22:28,1783855348,R_75,53723.3617,-1,9.339999999996508,BACKFILL_AUTO
2026-07-12 11:22:30,1783855350,R_75,53722.8365,-1,0.5252000000036787,BACKFILL_AUTO
2026-07-12 11:22:32,1783855352,R_75,53753.2802,1,30.443700000003446,BACKFILL_AUTO
2026-07-12 11:22:34,1783855354,R_75,53766.3156,1,13.035400000000664,BACKFILL_AUTO
2026-07-12 11:22:36,1783855356,R_75,53754.636,-1,11.67960000000312,BACKFILL_AUTO
2026-07-12 11:22:38,1783855358,R_75,53758.3589,1,3.7229000000006636,BACKFILL_AUTO
2026-07-12 11:22:40,1783855360,R_75,53773.8135,1,15.4545999999973,BACKFILL_AUTO
2026-07-12 11:22:42,1783855362,R_75,53777.5445,1,3.731000000007043,BACKFILL_AUTO
2026-07-12 11:22:44,1783855364,R_75,53770.5364,-1,7.00810000000638,BACKFILL_AUTO
2026-07-12 11:22:46,1783855366,R_75,53779.8777,1,9.341300000000047,BACKFILL_AUTO
2026-07-12 11:22:48,1783855368,R_75,53771.3057,-1,8.572000000000116,BACKFILL_AUTO
2026-07-12 11:22:50,1783855370,R_75,53764.3834,-1,6.9222999999983585,BACKFILL_AUTO
2026-07-12 11:22:52,1783855372,R_75,53763.4661,-1,0.9173000000009779,BACKFILL_AUTO
2026-07-12 11:22:54,1783855374,R_75,53770.3527,1,6.886600000005274,BACKFILL_AUTO
2026-07-12 11:22:56,1783855376,R_75,53743.8613,-1,26.49140000000625,BACKFILL_AUTO
2026-07-12 11:22:58,1783855378,R_75,53737.9967,-1,5.864599999993516,BACKFILL_AUTO
2026-07-12 11:23:00,1783855380,R_75,53738.0141,1,0.017399999996996485,BACKFILL_AUTO
2026-07-12 11:23:02,1783855382,R_75,53742.0338,1,4.019699999997101,BACKFILL_AUTO
2026-07-12 11:23:04,1783855384,R_75,53738.7262,-1,3.307600000000093,BACKFILL_AUTO
2026-07-12 11:23:06,1783855386,R_75,53739.3498,1,0.6236000000062631,BACKFILL_AUTO
2026-07-12 11:23:08,1783855388,R_75,53724.9626,-1,14.387200000004668,BACKFILL_AUTO
2026-07-12 11:23:10,1783855390,R_75,53733.1524,1,8.189800000000105,BACKFILL_AUTO
2026-07-12 11:23:12,1783855392,R_75,53728.0727,-1,5.079700000002049,BACKFILL_AUTO
2026-07-12 11:23:14,1783855394,R_75,53730.2857,1,2.213000000003376,BACKFILL_AUTO
2026-07-12 11:23:16,1783855396,R_75,53728.4229,-1,1.8628000000026077,BACKFILL_AUTO
2026-07-12 11:23:18,1783855398,R_75,53729.486,1,1.0630999999993946,BACKFILL_AUTO
2026-07-12 11:23:20,1783855400,R_75,53727.3986,-1,2.0873999999967054,BACKFILL_AUTO
2026-07-12 11:23:22,1783855402,R_75,53731.0883,1,3.689700000002631,BACKFILL_AUTO
2026-07-12 11:23:24,1783855404,R_75,53722.0605,-1,9.02780000000348,BACKFILL_AUTO
2026-07-12 11:23:26,1783855406,R_75,53738.8407,1,16.78020000000106,BACKFILL_AUTO
2026-07-12 11:23:28,1783855408,R_75,53732.4823,-1,6.358399999997346,BACKFILL_AUTO
2026-07-12 11:23:30,1783855410,R_75,53734.1867,1,1.7043999999950756,BACKFILL_AUTO
2026-07-12 11:23:32,1783855412,R_75,53747.6461,1,13.459399999999732,BACKFILL_AUTO
2026-07-12 11:23:34,1783855414,R_75,53769.5691,1,21.923000000002503,BACKFILL_AUTO
2026-07-12 11:23:36,1783855416,R_75,53777.6798,1,8.11069999999745,BACKFILL_AUTO
